46_Jockey_Jockey_46_308
40
182 143 60 66 0.9993351 
704 57 60 67 0.99845576 
402 182 48 59 0.76488936 
924 549 32 35 0.5815018 
499 215 50 59 0.35008138 
217 264 25 39 0.2825545 
172 406 37 38 0.2145226 
539 272 48 57 0.08997765 
406 205 46 63 0.07961314 
411 241 34 42 0.07514384 
464 317 34 43 0.07332559 
191 331 42 53 0.054209877 
469 298 29 36 0.050347317 
420 311 29 39 0.046729926 
882 611 29 31 0.04531938 
513 224 55 70 0.044221643 
138 329 43 55 0.03916346 
1 155 38 59 0.033699933 
100 286 18 23 0.033686385 
111 275 25 30 0.033594385 
755 514 44 58 0.03246304 
205 273 29 35 0.03186453 
652 284 39 57 0.031694513 
409 257 45 57 0.03058557 
208 315 42 58 0.028937522 
918 541 27 35 0.028107218 
154 238 26 38 0.027748026 
479 200 354 439 0.027125632 
-6 385 53 95 0.02658685 
648 439 135 160 0.025826208 
195 279 42 50 0.025295436 
347 297 43 53 0.024510726 
440 311 47 59 0.023927854 
249 82 390 486 0.023689372 
11 331 33 49 0.023668129 
608 343 217 245 0.023253066 
224 254 31 42 0.022130929 
126 204 26 33 0.02128635 
215 247 30 40 0.02035314 
93 287 28 39 0.020328386 
