46_Jockey_Jockey_46_202
24
484 77 58 63 0.99242836 
887 118 22 32 0.121168725 
419 119 48 57 0.11189056 
377 143 402 466 0.09644999 
575 539 14 18 0.09523498 
703 463 30 36 0.08242938 
123 676 40 37 0.07557804 
789 168 53 66 0.06637476 
625 567 28 33 0.059095204 
815 157 120 166 0.057022944 
414 109 38 48 0.0419479 
508 73 47 49 0.032902855 
33 717 12 15 0.031794544 
558 212 29 34 0.026799673 
119 590 9 12 0.026282001 
786 146 110 129 0.02570214 
99 588 10 14 0.025228538 
92 682 27 34 0.024890823 
0 652 10 17 0.022519013 
122 352 209 266 0.021218812 
101 614 10 12 0.021075552 
721 471 19 23 0.02010324 
122 637 10 13 0.020078529 
572 213 29 34 0.020048512 
