46_Jockey_Jockey_46_923
28
641 498 58 81 0.92878944 
229 556 30 51 0.29740623 
526 1047 10 13 0.0990426 
464 163 31 37 0.08667803 
543 1047 10 13 0.08595873 
520 1048 10 13 0.071875356 
548 1058 23 31 0.06779262 
448 180 16 21 0.05622178 
246 326 22 32 0.049008947 
416 1057 32 32 0.043348793 
467 164 19 23 0.04208543 
412 1059 460 497 0.035100266 
698 310 34 36 0.035080083 
615 462 100 116 0.03425769 
535 1046 10 13 0.033477258 
521 252 95 111 0.03311645 
513 1048 9 12 0.03171232 
449 1063 10 13 0.02979324 
744 522 30 38 0.029098004 
458 176 31 36 0.025752045 
466 165 49 55 0.025729856 
436 199 16 18 0.024871605 
692 525 10 14 0.02385333 
467 1220 73 57 0.022998855 
687 497 61 70 0.022344725 
481 1045 8 12 0.021207893 
453 1067 13 16 0.020818405 
460 1070 15 19 0.020526744 
