39_Ice_Skating_Ice_Skating_39_661
393
808 360 14 19 0.95063967 
196 259 11 15 0.8922208 
471 301 10 13 0.8718611 
222 267 10 13 0.8182108 
92 324 14 17 0.81356746 
3 372 12 18 0.76278824 
409 423 27 25 0.642892 
439 312 10 12 0.57589144 
75 234 12 15 0.57252204 
161 294 11 14 0.47642055 
716 271 11 12 0.4659311 
162 298 13 17 0.44542733 
542 261 8 11 0.42238677 
343 191 9 12 0.41931453 
250 252 7 9 0.39484322 
510 255 9 11 0.33045948 
768 332 11 13 0.3095436 
107 246 14 16 0.28549987 
48 257 14 17 0.22701974 
616 179 8 11 0.22511849 
446 182 8 10 0.20832092 
416 388 13 17 0.2063469 
531 275 13 16 0.1994393 
533 268 12 17 0.17678553 
973 299 14 17 0.16297793 
789 222 9 12 0.15951815 
29 293 10 14 0.15727627 
286 195 10 13 0.15722868 
465 185 7 9 0.14948945 
479 375 10 13 0.14909227 
393 200 7 10 0.13813664 
446 317 9 13 0.1338785 
0 262 8 14 0.1311458 
591 224 7 9 0.12333466 
27 258 12 16 0.120951176 
248 347 13 15 0.12092497 
486 190 8 10 0.10720391 
865 227 108 116 0.10216904 
990 503 7 10 0.10104721 
452 505 16 20 0.10090899 
6 297 12 16 0.100382306 
717 228 8 11 0.09918234 
161 305 13 17 0.09873706 
383 181 7 9 0.098735675 
470 184 8 9 0.09632864 
945 523 8 12 0.09568545 
702 224 8 11 0.093874544 
253 253 8 10 0.09188021 
440 191 7 9 0.091667436 
11 292 15 19 0.090776704 
800 216 8 10 0.08951987 
617 168 8 10 0.088249646 
448 323 9 12 0.08540203 
757 252 15 20 0.0845894 
214 109 9 11 0.08387626 
651 133 8 11 0.083699286 
649 197 8 10 0.08335686 
0 45 16 22 0.07991339 
376 182 7 9 0.078909695 
566 243 10 13 0.07869523 
369 200 9 11 0.07845351 
22 293 12 17 0.07798495 
150 380 13 17 0.07772174 
917 294 12 13 0.07669302 
809 70 40 55 0.075042434 
687 338 12 15 0.07434125 
445 508 16 18 0.07347706 
133 106 11 14 0.073231146 
713 224 10 12 0.07208995 
886 550 10 12 0.06995515 
0 353 9 14 0.06953259 
338 195 9 12 0.06940138 
930 517 12 15 0.06804236 
627 222 7 10 0.067567185 
350 370 11 13 0.06662729 
568 226 9 12 0.06614597 
818 434 21 27 0.064979024 
231 207 8 10 0.06485045 
351 239 7 9 0.064169355 
345 186 8 10 0.06226594 
1012 476 10 14 0.06146014 
12 341 14 17 0.060893245 
172 298 12 14 0.06089046 
360 197 9 10 0.06019449 
280 192 9 12 0.059259914 
648 193 8 9 0.057383876 
502 483 14 16 0.05684435 
232 118 9 12 0.056812458 
188 436 11 13 0.055426177 
729 203 10 12 0.054855034 
540 265 11 14 0.054786578 
218 265 10 11 0.053631853 
434 311 10 13 0.053386215 
372 203 8 11 0.053300306 
376 215 9 11 0.053076085 
743 253 8 12 0.053069957 
254 197 10 12 0.05238724 
199 429 11 14 0.052378528 
378 177 7 10 0.052296706 
620 132 10 11 0.05208854 
378 219 9 12 0.052011155 
360 190 9 11 0.05199256 
20 348 10 13 0.05053683 
609 191 8 10 0.050242845 
573 135 9 10 0.05008646 
560 264 9 10 0.04932838 
978 495 7 9 0.049259942 
878 536 9 11 0.04853828 
199 81 13 18 0.048227653 
424 225 7 9 0.04810465 
950 183 12 14 0.04776987 
480 182 7 9 0.047589634 
505 259 10 13 0.0474488 
614 230 8 10 0.046940327 
232 256 8 10 0.046861738 
934 512 9 10 0.046654306 
83 352 26 33 0.045782592 
586 224 8 10 0.045759697 
109 256 12 16 0.0456568 
598 223 7 10 0.04530174 
394 268 9 13 0.045277305 
488 185 7 9 0.045110166 
430 327 10 13 0.045013238 
13 335 10 12 0.044865504 
382 215 8 11 0.044768076 
650 185 7 9 0.04461052 
368 184 7 10 0.04445946 
210 424 14 19 0.04397604 
620 173 8 12 0.043948736 
1008 503 9 11 0.04377984 
409 406 27 29 0.043583564 
650 141 9 11 0.04345977 
598 147 10 12 0.04307567 
5 348 13 16 0.042877402 
982 288 11 13 0.0427925 
479 177 7 8 0.042054135 
348 189 9 12 0.04200498 
422 191 8 9 0.041949745 
974 313 12 14 0.04182737 
230 261 9 12 0.041696228 
790 216 9 11 0.04134233 
418 192 8 10 0.040973257 
792 206 7 8 0.040910758 
409 351 8 11 0.04070798 
811 428 17 19 0.040648934 
107 237 16 18 0.040517543 
469 188 8 10 0.040273517 
327 198 9 10 0.040045217 
598 133 10 10 0.039508443 
104 279 9 12 0.039214853 
218 310 9 10 0.03921263 
854 374 11 15 0.038882766 
761 206 8 10 0.038661353 
841 231 9 11 0.038504727 
468 297 17 22 0.03848447 
206 364 14 18 0.038297497 
223 193 6 9 0.03807484 
1007 509 8 10 0.03791697 
361 184 8 10 0.037779488 
776 199 9 10 0.037600387 
9 333 9 11 0.036954816 
871 241 15 18 0.036868233 
139 387 16 19 0.03686084 
358 206 10 13 0.036781307 
96 328 14 18 0.036540437 
226 268 10 13 0.036440857 
273 191 8 10 0.036425676 
261 196 9 11 0.03610736 
513 208 6 9 0.035881452 
253 203 10 14 0.035791725 
756 181 10 12 0.035401564 
980 293 13 16 0.034851607 
951 251 12 14 0.034803245 
572 142 10 12 0.03479187 
781 200 8 10 0.034540407 
356 211 10 14 0.034452535 
116 245 12 15 0.034247175 
546 407 7 10 0.033958353 
350 196 8 11 0.03384634 
573 148 9 12 0.03373077 
263 193 7 9 0.033680484 
413 382 14 18 0.0333334 
252 344 12 15 0.033314735 
505 342 8 11 0.033265535 
38 309 9 11 0.03317161 
474 373 11 14 0.032969847 
212 361 16 18 0.03288374 
753 139 9 13 0.032825086 
591 181 8 10 0.03265207 
584 143 8 11 0.03250606 
156 386 11 16 0.032386623 
654 184 8 9 0.03218051 
808 266 9 13 0.031821314 
818 133 9 11 0.03161678 
990 306 14 17 0.031537253 
577 174 8 12 0.03149507 
317 87 8 10 0.03147396 
263 404 11 14 0.03129103 
520 340 12 16 0.031257305 
520 304 9 12 0.031098798 
711 266 19 24 0.030954523 
561 180 8 10 0.030897863 
410 230 7 10 0.030729555 
358 229 8 10 0.030685177 
895 548 8 12 0.030594973 
452 318 9 13 0.030551655 
653 198 8 10 0.030488998 
627 215 7 10 0.030437665 
392 530 13 18 0.030410973 
133 394 16 20 0.030370835 
585 180 7 11 0.0302556 
926 417 9 11 0.030202363 
28 71 15 19 0.03018856 
752 257 12 18 0.030184563 
799 269 9 11 0.030140975 
215 275 9 12 0.030045355 
784 216 9 11 0.029923005 
218 263 18 22 0.02968122 
408 357 11 13 0.02961924 
566 181 7 9 0.029465482 
366 189 8 9 0.029456414 
327 212 12 15 0.029266134 
869 397 9 12 0.029200304 
503 105 186 214 0.029194722 
519 308 11 14 0.029152794 
423 197 8 9 0.028705975 
592 148 9 12 0.028693035 
28 246 12 16 0.02862362 
437 307 17 22 0.028549507 
431 197 8 10 0.028511208 
104 75 10 12 0.02839392 
326 206 10 13 0.028306099 
229 123 10 14 0.028258558 
1013 501 8 11 0.028242582 
615 238 8 10 0.028172588 
943 535 9 11 0.028165516 
990 294 13 16 0.02812093 
417 196 9 10 0.028105082 
40 351 9 11 0.027984235 
344 210 11 14 0.02792894 
369 264 10 12 0.027816962 
304 198 9 10 0.027513603 
412 389 22 25 0.027443672 
806 417 23 25 0.027406432 
951 438 8 11 0.027373977 
828 223 9 11 0.027355116 
126 244 10 14 0.02728574 
528 281 13 15 0.027278451 
785 227 11 14 0.027259888 
904 550 11 13 0.027210696 
300 96 8 10 0.02717914 
372 94 10 13 0.027060878 
597 182 8 10 0.026603146 
398 199 7 10 0.02659781 
482 373 12 14 0.026485771 
487 196 9 11 0.026314871 
520 315 10 12 0.026234359 
413 351 9 11 0.02617276 
459 501 13 19 0.02615546 
878 413 11 15 0.026151989 
3 259 11 16 0.025915567 
568 207 8 12 0.025821801 
698 228 9 11 0.02578545 
649 129 9 11 0.0257778 
974 283 12 14 0.025729798 
949 518 10 12 0.025729332 
538 257 9 12 0.025703395 
815 127 10 13 0.02564546 
774 191 8 10 0.025613239 
357 221 9 12 0.025367167 
6 287 15 18 0.02527182 
764 328 19 23 0.025208207 
397 205 8 10 0.025162779 
753 176 8 12 0.025040068 
205 222 8 10 0.025017763 
800 264 9 11 0.024993412 
4 384 12 17 0.02490226 
82 194 10 14 0.024886183 
736 254 8 11 0.0248389 
578 180 8 11 0.024761885 
388 293 10 14 0.024756633 
358 269 8 12 0.024699548 
719 189 8 10 0.024698699 
1008 446 10 12 0.024675244 
574 212 7 10 0.024616715 
829 229 9 11 0.02454634 
629 228 9 11 0.024525225 
392 191 7 9 0.024505697 
928 513 9 11 0.024464637 
510 341 10 12 0.024419773 
34 254 19 24 0.024409913 
460 492 12 15 0.02440914 
9 370 13 19 0.024359457 
205 207 8 10 0.02421623 
979 307 13 17 0.02417669 
773 91 9 12 0.024154166 
82 235 12 14 0.024111068 
209 107 10 13 0.023939617 
349 211 13 15 0.023880236 
415 229 8 10 0.02372768 
718 234 10 14 0.023711473 
397 264 10 14 0.023698911 
507 478 13 16 0.023692042 
992 297 17 20 0.023487696 
548 341 11 13 0.023380676 
147 390 15 21 0.023318527 
967 519 8 10 0.02313236 
296 176 8 10 0.023127973 
640 197 9 10 0.022997633 
985 502 10 11 0.022952303 
711 262 13 18 0.02295008 
935 533 10 12 0.02294169 
466 228 9 12 0.022898652 
151 111 8 11 0.022884477 
252 354 11 13 0.022766368 
109 363 11 16 0.022718681 
512 213 8 9 0.022691041 
180 294 9 13 0.022653114 
715 278 16 18 0.022620639 
572 224 9 11 0.022605874 
614 224 8 10 0.022566415 
381 238 9 11 0.022475997 
641 192 8 9 0.022471052 
142 127 9 11 0.022398477 
465 297 12 14 0.022329647 
95 74 11 13 0.022328267 
137 135 8 10 0.022313328 
193 264 11 15 0.022303574 
455 198 8 10 0.022299677 
217 192 7 10 0.022270989 
49 185 198 233 0.022173177 
510 301 9 12 0.022169245 
744 350 8 10 0.02210866 
50 251 21 28 0.022099763 
989 287 12 15 0.022047147 
350 185 8 10 0.021846106 
145 205 8 10 0.021825869 
238 261 8 12 0.021815881 
212 433 13 14 0.021798948 
990 508 8 10 0.02171872 
431 216 112 137 0.02169513 
191 431 12 14 0.021678818 
465 304 12 16 0.021670269 
260 349 10 13 0.021585373 
976 500 8 10 0.02157468 
796 352 21 24 0.021568151 
849 374 11 16 0.021464538 
679 199 8 9 0.021451753 
609 196 9 12 0.021432564 
727 246 9 11 0.021405846 
115 237 13 16 0.021356726 
655 149 7 10 0.02130913 
694 174 9 11 0.021287961 
856 366 9 12 0.021261368 
295 98 11 13 0.021152008 
654 190 7 10 0.021138636 
352 230 9 11 0.021127408 
593 133 9 10 0.021084882 
439 197 8 10 0.021055678 
384 189 8 11 0.02095861 
536 256 18 23 0.02094665 
256 403 13 16 0.020917315 
917 285 14 15 0.020869303 
334 211 9 13 0.020839442 
934 293 14 17 0.020832524 
21 357 10 13 0.020709261 
471 239 10 12 0.020705951 
567 177 8 10 0.020704305 
576 259 10 12 0.020700103 
293 373 9 10 0.020653592 
319 239 9 10 0.020644784 
148 434 17 19 0.020609654 
682 329 21 25 0.02048158 
761 244 16 19 0.02047917 
687 176 7 9 0.020468123 
189 138 14 16 0.02038915 
407 370 13 16 0.020363474 
351 288 8 12 0.02033054 
784 235 9 13 0.02030255 
238 319 8 11 0.020295894 
922 293 13 15 0.020269282 
287 201 9 13 0.020243453 
766 214 9 11 0.020197572 
413 372 13 17 0.020195728 
409 224 8 11 0.020191224 
1003 510 8 10 0.020173686 
919 526 9 11 0.020146156 
206 103 10 12 0.020144694 
24 287 19 24 0.020118834 
196 89 14 18 0.02009007 
727 251 10 13 0.020079048 
984 306 23 27 0.020073647 
743 260 11 15 0.020015622 
