39_Ice_Skating_iceskiing_39_908
31
973 8 15 21 0.25590172 
436 461 8 12 0.21175933 
406 160 80 74 0.20619346 
974 244 27 38 0.114652775 
402 122 116 134 0.10484109 
980 27 32 40 0.090164125 
399 185 63 61 0.081264734 
974 4 24 29 0.08071343 
403 203 43 34 0.07374228 
488 456 9 11 0.06442988 
983 35 43 62 0.05416991 
150 549 7 10 0.05265758 
976 5 37 46 0.04930729 
146 551 8 10 0.04697628 
998 0 19 16 0.04496306 
350 429 45 64 0.044510495 
762 3 16 17 0.038313184 
996 57 27 52 0.035898432 
358 119 228 211 0.034934327 
30 459 12 13 0.034523427 
421 135 9 11 0.03238909 
992 4 30 36 0.03217485 
418 479 9 11 0.028401801 
395 189 44 38 0.026646674 
223 471 52 58 0.026258232 
428 487 10 12 0.02351336 
723 406 35 37 0.022974629 
437 466 9 12 0.022955451 
769 58 15 20 0.02229887 
341 85 45 47 0.020489473 
432 465 10 13 0.020445824 
