39_Ice_Skating_iceskiing_39_855
23
412 388 31 37 0.25395074 
402 478 47 59 0.2015861 
540 326 43 54 0.16235176 
486 422 52 76 0.117196426 
396 382 40 56 0.10343524 
617 387 11 14 0.048019715 
508 295 32 38 0.04738881 
620 379 16 19 0.04004196 
593 426 16 17 0.039824642 
383 247 401 497 0.038926538 
585 130 43 52 0.033533257 
426 398 18 23 0.032177564 
411 278 13 15 0.029333118 
395 407 27 36 0.028278878 
418 390 50 64 0.02806723 
378 397 41 54 0.026470851 
284 701 29 36 0.025385287 
410 397 20 24 0.025189882 
400 441 61 79 0.024425112 
394 488 32 44 0.023987 
285 325 10 13 0.023971638 
393 258 16 20 0.022114139 
518 287 51 53 0.022089276 
