39_Ice_Skating_iceskiing_39_81
18
495 141 29 37 0.976549 
31 125 53 65 0.9250792 
475 247 39 40 0.28632733 
374 202 9 13 0.085734874 
103 177 48 56 0.06668797 
559 259 11 17 0.058944028 
347 449 75 60 0.05715704 
455 225 62 59 0.056318663 
385 227 106 106 0.05599258 
333 57 377 473 0.05582479 
382 203 11 12 0.051481377 
458 263 43 42 0.051391 
29 106 46 50 0.048324093 
281 430 139 109 0.04022769 
387 202 12 14 0.029606096 
423 248 80 60 0.022801472 
343 343 11 12 0.021807954 
357 231 13 18 0.020653646 
