39_Ice_Skating_Ice_Skating_39_252
93
717 181 30 35 0.9973912 
185 183 42 47 0.9894028 
514 176 23 28 0.9820774 
819 163 26 29 0.9785517 
474 184 23 28 0.9747848 
375 180 23 30 0.9589364 
322 176 23 29 0.94838077 
625 193 20 24 0.9468208 
413 168 21 26 0.8595478 
333 175 21 29 0.23937248 
898 136 17 22 0.19856457 
309 158 16 21 0.17834279 
523 181 24 30 0.15285468 
267 175 14 20 0.14965236 
301 213 22 28 0.13832645 
301 183 23 29 0.13713317 
546 163 16 19 0.11297062 
401 159 23 28 0.10890911 
394 158 17 22 0.104894236 
265 192 21 28 0.104618855 
346 178 15 23 0.10287255 
540 191 17 23 0.10147292 
584 346 11 13 0.09498451 
536 141 13 15 0.09150989 
267 186 16 22 0.088339515 
794 200 25 29 0.08733421 
423 170 16 23 0.086231686 
894 143 16 21 0.074135765 
519 150 10 13 0.07285623 
826 205 23 30 0.07112209 
295 162 14 19 0.06739566 
366 142 13 16 0.063659795 
304 164 21 27 0.061799828 
276 201 16 20 0.05451483 
315 169 21 29 0.052657258 
388 149 16 19 0.051526267 
437 170 14 20 0.050572336 
306 178 15 21 0.047462136 
853 174 12 17 0.046794906 
391 331 24 28 0.046635993 
593 301 11 14 0.044040635 
404 119 15 19 0.041066885 
533 135 21 25 0.040923577 
390 146 25 30 0.036950074 
444 166 14 18 0.03451945 
633 115 12 15 0.034422964 
546 140 11 14 0.033831846 
294 165 22 27 0.032906324 
301 196 17 21 0.032848272 
682 230 17 22 0.031396072 
609 183 16 21 0.031355485 
394 118 21 28 0.031298768 
322 229 22 26 0.030900164 
662 269 21 31 0.030054579 
386 179 20 28 0.029646706 
370 145 15 19 0.029250067 
615 187 23 29 0.028310683 
334 260 12 17 0.027739136 
477 159 12 14 0.027054148 
125 220 11 15 0.02703199 
592 294 11 14 0.026834778 
934 195 15 19 0.026794592 
586 127 9 10 0.026618212 
382 147 13 18 0.026476966 
329 263 27 38 0.025870439 
471 161 15 18 0.025833312 
526 345 9 10 0.025667043 
759 86 12 14 0.025493646 
300 446 16 19 0.024827791 
721 515 27 31 0.02473975 
400 113 9 12 0.024576152 
476 172 16 18 0.024275148 
300 157 18 20 0.024239369 
312 218 22 28 0.024063999 
692 227 17 23 0.02403815 
694 100 11 15 0.02375662 
388 134 23 27 0.023448596 
544 158 13 16 0.023258086 
365 152 18 20 0.022895131 
280 207 15 19 0.022675853 
962 75 21 28 0.022657195 
502 149 12 13 0.022633018 
647 179 14 17 0.022325415 
131 216 16 19 0.022243867 
807 165 26 31 0.022173278 
579 217 17 23 0.021959247 
550 150 11 15 0.021559255 
398 116 13 17 0.020769654 
904 133 15 20 0.020527845 
342 171 15 23 0.020476501 
2 250 9 16 0.02046711 
404 172 26 33 0.02020896 
273 177 15 20 0.020024396 
