39_Ice_Skating_Ice_Skating_39_176
23
693 367 61 114 0.96962065 
421 359 53 89 0.9410734 
316 190 17 19 0.42267337 
165 855 505 451 0.06948844 
324 655 13 17 0.06794143 
352 678 11 13 0.064023785 
687 177 14 18 0.05361856 
350 684 14 17 0.036196444 
407 626 13 15 0.035898533 
389 700 12 16 0.032055978 
339 669 12 14 0.031628303 
373 715 11 12 0.031056039 
394 356 61 83 0.026434451 
359 669 10 12 0.02607486 
335 674 12 15 0.02426396 
316 672 11 12 0.023489045 
375 686 10 13 0.023301525 
341 661 11 13 0.02230685 
381 667 13 15 0.022202983 
461 629 10 11 0.022170993 
367 714 13 14 0.021599542 
342 686 12 14 0.021196462 
397 645 11 13 0.020195901 
