39_Ice_Skating_iceskiing_39_348
34
967 631 12 16 0.79969776 
906 631 10 13 0.6055131 
602 301 22 33 0.6026022 
1005 641 13 18 0.11446767 
250 43 27 32 0.09184834 
589 305 28 30 0.073094875 
141 492 172 238 0.06898064 
723 319 15 18 0.06741059 
750 302 171 113 0.06504616 
322 49 37 43 0.06265116 
288 479 181 265 0.058589306 
81 436 15 19 0.049452003 
883 834 40 51 0.04588619 
91 997 13 14 0.042291824 
53 990 10 13 0.040544152 
902 644 10 11 0.04014143 
693 640 42 56 0.037286814 
755 192 222 229 0.032541204 
198 293 358 418 0.032301936 
597 309 32 46 0.031641077 
49 919 10 12 0.029113242 
54 941 9 12 0.027458886 
52 923 10 13 0.02631857 
945 646 9 11 0.025541043 
199 562 12 14 0.02553967 
904 625 10 13 0.0248372 
918 646 9 11 0.024541147 
308 426 13 16 0.024346177 
981 628 10 13 0.023493297 
953 661 8 11 0.022737669 
956 -4 53 47 0.022205392 
587 322 41 58 0.021594761 
911 645 10 11 0.021157412 
961 632 14 17 0.02109125 
