39_Ice_Skating_Ice_Skating_39_1029
202
926 214 12 15 0.836138 
207 252 9 11 0.71951425 
753 225 15 19 0.6095679 
525 240 9 12 0.5999853 
269 254 10 13 0.5878369 
653 231 11 14 0.57856566 
739 223 10 14 0.5501984 
817 245 10 13 0.54991156 
297 252 10 13 0.47202486 
358 61 11 13 0.35487777 
351 255 8 10 0.33354864 
558 250 10 13 0.31096944 
394 257 8 11 0.24308816 
110 248 9 11 0.22447108 
464 254 8 11 0.1961678 
239 273 9 11 0.1907328 
325 260 9 12 0.15969379 
418 269 8 11 0.15495978 
662 236 9 13 0.1525157 
176 251 8 11 0.14659667 
711 230 9 12 0.13533548 
534 256 9 12 0.12857693 
326 255 8 11 0.12412251 
690 278 9 12 0.12338798 
159 264 8 10 0.121695474 
754 48 9 12 0.11394111 
421 253 9 12 0.11373777 
791 254 10 12 0.10911623 
717 230 10 12 0.101976745 
922 30 9 12 0.09875793 
343 263 7 10 0.097715154 
417 263 9 12 0.08741005 
327 248 8 10 0.0854545 
492 245 10 13 0.08478033 
597 255 10 13 0.077909626 
285 264 9 11 0.07460959 
21 128 31 36 0.07459625 
694 238 11 14 0.0728896 
599 203 10 13 0.07271135 
281 270 8 10 0.07101414 
789 35 12 14 0.068543494 
382 270 7 9 0.06577935 
527 260 9 11 0.06573178 
554 252 9 12 0.06569529 
336 263 9 11 0.06564092 
245 270 10 12 0.06491396 
398 261 8 11 0.062120985 
214 246 11 13 0.06183066 
202 246 9 12 0.061804965 
738 270 9 11 0.058923624 
220 246 9 12 0.05853936 
644 54 10 12 0.056157894 
441 271 9 11 0.055845074 
798 54 9 12 0.055278268 
797 252 9 12 0.05479399 
298 280 7 10 0.05141651 
624 255 9 12 0.051083155 
465 248 9 11 0.05057094 
154 264 7 9 0.05008284 
310 268 10 11 0.047540512 
209 284 9 11 0.04624486 
819 239 11 15 0.045032058 
423 249 8 10 0.045012046 
159 268 8 10 0.04459351 
785 254 10 13 0.04443398 
705 231 10 12 0.044185326 
640 254 8 11 0.04368139 
446 262 10 11 0.043487042 
672 254 9 12 0.04327516 
702 236 11 13 0.04264064 
617 51 9 11 0.04261849 
400 269 9 11 0.04243803 
606 254 10 13 0.041726094 
726 271 9 12 0.041611735 
780 46 10 13 0.041391227 
238 68 12 13 0.041299317 
234 271 7 10 0.041257802 
249 264 9 11 0.04020698 
604 230 11 13 0.038837794 
190 264 8 10 0.038322624 
520 255 8 10 0.03793799 
212 251 10 12 0.037778884 
169 253 7 10 0.03726327 
200 287 7 9 0.037087522 
375 264 8 9 0.03662386 
593 260 10 11 0.036439642 
504 262 8 10 0.03610743 
430 246 8 10 0.036084924 
676 255 10 12 0.035275 
793 249 9 12 0.03489471 
606 237 11 14 0.03444123 
792 57 10 12 0.03420022 
521 261 8 10 0.03378555 
336 61 8 11 0.03344983 
432 261 9 12 0.033435155 
820 252 10 12 0.032885894 
712 253 10 14 0.032550514 
216 263 10 11 0.032462284 
407 263 7 10 0.032099582 
630 260 8 10 0.0320706 
622 52 9 11 0.031808745 
95 260 7 11 0.03161135 
756 63 12 15 0.031059498 
772 0 15 13 0.03104748 
575 232 13 16 0.031033892 
780 52 11 13 0.030971335 
613 243 10 12 0.030931951 
928 24 8 12 0.030518344 
359 262 8 10 0.03040379 
470 261 10 13 0.030045496 
217 267 11 13 0.029989226 
191 269 7 10 0.029480718 
166 264 7 9 0.029265948 
406 245 9 11 0.029111048 
181 253 8 10 0.029058546 
439 262 10 13 0.02893413 
559 240 9 11 0.028881056 
700 243 12 15 0.028877124 
774 247 9 12 0.028857527 
351 56 12 15 0.028769806 
181 248 8 10 0.028703056 
137 247 8 10 0.028665908 
606 221 10 12 0.028660871 
742 236 11 14 0.028584635 
446 271 8 11 0.028502444 
275 253 11 13 0.027930195 
815 230 12 14 0.027660092 
390 63 9 11 0.027618065 
343 60 9 12 0.027426444 
544 271 9 11 0.027423276 
489 241 9 11 0.027421737 
598 219 12 14 0.027093666 
179 84 8 12 0.027054876 
606 48 9 12 0.02682643 
244 70 10 10 0.026574401 
721 276 10 12 0.02615424 
534 247 9 11 0.025247062 
576 244 11 13 0.025230953 
213 283 9 11 0.025071232 
598 211 13 16 0.024946546 
464 239 8 11 0.024907215 
468 253 9 11 0.024755633 
800 0 10 10 0.024645185 
142 253 7 9 0.024619855 
230 63 13 15 0.02461469 
105 252 9 11 0.024559101 
385 60 9 11 0.024558244 
263 270 8 10 0.024535263 
542 255 8 11 0.024367265 
522 234 17 23 0.024246218 
737 263 8 11 0.024245055 
327 61 9 12 0.02416623 
766 0 14 12 0.02415298 
677 260 10 12 0.024112279 
96 257 7 10 0.023732504 
663 262 8 11 0.02368823 
761 227 13 16 0.023688016 
754 51 12 14 0.023636824 
192 278 7 10 0.023465848 
728 287 8 10 0.023298899 
377 268 8 10 0.023160076 
695 3 11 12 0.023159098 
405 270 8 10 0.023137277 
806 0 12 11 0.023005536 
368 264 8 10 0.02299403 
200 240 8 11 0.022890879 
655 68 12 15 0.022871431 
645 48 10 11 0.022830779 
420 261 10 13 0.022824334 
477 263 8 11 0.02278902 
529 256 9 11 0.02276971 
784 37 11 13 0.022740081 
577 252 10 13 0.022632992 
855 31 10 12 0.022611214 
153 269 7 10 0.022514977 
313 69 10 12 0.022239579 
831 237 11 14 0.022207664 
160 256 8 9 0.022098117 
689 236 11 15 0.022061484 
301 259 11 14 0.022023102 
233 276 8 10 0.02199703 
364 114 11 14 0.021850523 
800 48 9 12 0.021842254 
326 267 9 11 0.021767939 
853 0 13 12 0.021649424 
664 254 8 11 0.02162791 
347 256 8 10 0.021432636 
796 227 11 14 0.021413747 
629 52 10 13 0.021304045 
640 231 8 12 0.021270424 
221 264 10 12 0.021160731 
813 0 13 11 0.021132233 
669 245 11 13 0.021107914 
780 0 12 12 0.020822875 
458 255 9 11 0.02073465 
433 267 9 12 0.02060827 
198 69 9 10 0.02049669 
525 269 10 13 0.02048282 
920 216 13 17 0.020432396 
213 78 10 13 0.020362105 
492 36 17 19 0.02028259 
545 262 7 9 0.02006909 
