39_Ice_Skating_Ice_Skating_39_362
48
240 484 69 110 0.99188554 
732 560 71 114 0.9899859 
407 642 46 55 0.51866966 
741 149 29 34 0.13758679 
917 15 22 25 0.107593 
997 77 23 28 0.08925714 
992 148 23 29 0.066569135 
607 151 28 36 0.06262012 
964 15 19 22 0.056142073 
663 149 27 31 0.054776784 
1 171 23 30 0.05207187 
918 111 25 30 0.051393725 
159 1080 462 529 0.046220914 
570 41 24 31 0.044568837 
618 33 24 30 0.043741696 
634 120 17 22 0.038859893 
903 78 23 28 0.03814866 
671 112 26 31 0.036885694 
688 46 27 34 0.03531879 
622 40 29 35 0.03507887 
988 780 16 19 0.034549214 
936 151 28 33 0.03045968 
928 45 23 29 0.029271888 
825 15 18 20 0.028230837 
595 1087 143 157 0.027822489 
946 77 27 30 0.027284814 
852 77 26 31 0.02607182 
921 25 25 34 0.025228418 
677 40 23 30 0.02503775 
861 15 23 26 0.024133438 
1010 12 13 21 0.024071697 
676 126 17 21 0.023871413 
624 52 32 38 0.023726288 
466 686 24 27 0.023111042 
68 127 25 30 0.022957228 
233 79 411 487 0.022666162 
664 132 41 50 0.02247891 
1002 181 20 34 0.022009417 
615 165 29 37 0.021650156 
936 72 27 30 0.021626348 
759 208 40 54 0.021600291 
173 152 29 34 0.021057853 
561 48 39 48 0.020958949 
388 624 79 93 0.020783463 
970 33 28 33 0.020638634 
783 39 26 30 0.02055547 
21 6 31 29 0.020152936 
875 56 18 21 0.020140782 
