39_Ice_Skating_iceskiing_39_817
70
401 368 72 91 0.99825567 
519 328 49 79 0.25778168 
124 551 32 34 0.24564667 
643 102 63 84 0.19201593 
142 545 25 31 0.10133075 
427 256 30 43 0.07708767 
155 550 15 21 0.07141057 
635 71 62 70 0.07075261 
443 246 39 53 0.07046744 
918 513 27 35 0.06959968 
-3 621 105 148 0.06865254 
697 0 22 19 0.06827386 
85 409 15 17 0.06826154 
222 776 23 31 0.06394228 
205 591 17 24 0.05847495 
849 48 31 38 0.05026568 
2 379 25 44 0.044336822 
276 709 16 22 0.043989465 
660 278 44 67 0.043647975 
660 126 37 54 0.043029595 
107 530 46 51 0.041132957 
158 609 16 18 0.039982956 
833 309 91 131 0.038973317 
519 359 32 54 0.0382392 
172 662 44 57 0.036902763 
579 121 50 59 0.036662787 
663 48 59 75 0.036084868 
275 717 26 35 0.03284424 
238 758 27 35 0.032371998 
459 245 43 59 0.031822003 
972 -4 48 57 0.029888537 
901 466 25 32 0.029871296 
654 4 14 15 0.029850777 
938 87 42 45 0.02949671 
95 710 111 152 0.029176012 
442 317 48 56 0.028240193 
929 392 32 39 0.02805808 
198 492 11 13 0.02782536 
188 677 18 24 0.027677499 
291 636 32 38 0.027407322 
673 489 110 195 0.026604451 
250 678 29 38 0.026360173 
112 518 32 36 0.026054986 
216 767 42 55 0.025207225 
96 511 32 36 0.025194483 
827 395 26 30 0.02510285 
586 127 28 39 0.024940649 
251 762 13 18 0.02485763 
191 562 15 18 0.02485668 
692 155 12 15 0.024639277 
427 276 18 24 0.024033997 
130 528 36 44 0.023898706 
188 553 25 30 0.023406198 
119 450 31 32 0.02312766 
626 47 59 65 0.022609651 
685 29 54 77 0.02221063 
790 275 108 155 0.021691307 
204 723 14 19 0.02154394 
458 271 28 38 0.02150776 
909 89 48 57 0.021349318 
243 635 15 19 0.021313975 
518 245 54 72 0.021021126 
275 728 45 57 0.020877255 
233 772 26 36 0.020845298 
35 633 52 69 0.020680273 
148 673 47 64 0.02060969 
149 660 14 17 0.020607255 
267 698 22 32 0.02053285 
613 114 71 73 0.020461708 
97 551 34 39 0.020291155 
