39_Ice_Skating_Ice_Skating_39_875
18
702 195 57 65 0.9917476 
768 293 73 85 0.98840904 
463 307 70 62 0.14594075 
218 2 18 20 0.06573062 
910 32 14 17 0.05515526 
699 37 25 30 0.053864505 
476 318 41 33 0.044397537 
940 0 36 33 0.038056124 
557 42 25 30 0.035410907 
884 596 11 13 0.03267757 
327 -1 21 18 0.028366307 
450 237 37 38 0.028122814 
26 0 18 21 0.02505039 
493 304 69 66 0.024882268 
482 401 15 19 0.023781622 
427 290 35 36 0.022492224 
202 -2 26 26 0.021949057 
681 145 84 110 0.020684544 
