39_Ice_Skating_iceskiing_39_495
21
456 65 57 68 0.98556256 
472 82 72 78 0.14366381 
611 157 31 40 0.13485564 
511 68 57 61 0.12844893 
676 50 112 131 0.052635476 
583 203 59 61 0.043805264 
622 120 31 33 0.03839166 
661 72 60 68 0.026541555 
451 63 37 52 0.025860168 
720 78 64 84 0.02490395 
550 206 60 58 0.024843495 
622 96 36 36 0.02383059 
779 52 40 45 0.023676759 
540 174 53 56 0.022971204 
595 240 43 41 0.022966037 
607 138 34 41 0.02275965 
715 493 32 35 0.022296095 
614 86 35 36 0.021999924 
870 247 50 73 0.021565985 
642 41 103 113 0.020511447 
604 102 34 35 0.020042127 
