39_Ice_Skating_iceskiing_39_138
90
25 120 36 40 0.9564577 
295 210 60 55 0.84773755 
40 114 29 42 0.63016963 
577 170 94 123 0.51862854 
389 338 28 33 0.37072828 
349 399 29 37 0.29351196 
696 106 93 131 0.27081826 
553 103 103 107 0.21156555 
0 316 25 38 0.18798724 
817 198 51 80 0.15511438 
31 267 29 36 0.14615305 
251 238 25 30 0.11568245 
622 112 100 147 0.108713984 
274 219 60 67 0.101278745 
621 762 97 113 0.089922145 
0 127 8 14 0.08528596 
333 403 32 40 0.08043872 
319 405 29 36 0.0711561 
19 101 31 36 0.070668206 
274 250 26 41 0.06958943 
52 112 27 36 0.06856829 
252 241 57 55 0.06723672 
501 438 65 64 0.0582398 
365 738 44 46 0.05402196 
41 452 13 15 0.052006125 
811 220 32 52 0.05065012 
0 262 21 35 0.047751065 
65 452 13 17 0.047102354 
806 337 80 80 0.04631576 
50 799 43 57 0.04612399 
670 118 81 139 0.04531085 
725 446 226 285 0.044569507 
23 278 28 34 0.04452116 
406 91 204 198 0.04225736 
19 92 27 28 0.04154665 
605 280 355 434 0.041329175 
65 122 14 20 0.040165763 
791 390 41 45 0.039934754 
254 239 14 19 0.039437186 
429 432 122 121 0.037165362 
231 237 55 51 0.035933103 
784 153 81 128 0.0348282 
28 274 19 21 0.03477281 
47 165 44 58 0.03379489 
388 464 30 31 0.033254374 
631 177 65 90 0.033046227 
218 279 402 506 0.03250611 
36 437 12 14 0.031923953 
411 424 32 34 0.03160606 
762 280 36 40 0.031324778 
461 394 108 114 0.03076746 
288 206 41 45 0.030699018 
379 852 47 59 0.030121733 
211 225 25 30 0.02948224 
225 284 32 32 0.029079042 
93 319 43 47 0.029055404 
74 166 31 48 0.028996415 
316 193 62 71 0.02891416 
220 222 15 18 0.027390199 
836 709 25 32 0.02728179 
294 185 104 115 0.026922045 
24 271 42 54 0.026666475 
476 403 11 13 0.026189758 
397 455 109 125 0.026174482 
15 434 10 13 0.025661003 
233 240 30 33 0.025530206 
5 271 25 36 0.025442533 
230 306 50 53 0.025226463 
265 243 15 19 0.024933008 
405 404 47 49 0.024634205 
102 241 17 21 0.024158869 
11 282 39 55 0.024143513 
307 408 29 36 0.023600932 
0 521 40 60 0.023466492 
810 295 123 143 0.02344254 
11 260 28 36 0.023180347 
207 227 50 51 0.023052014 
44 132 30 35 0.022891942 
77 453 10 13 0.022645079 
363 137 17 18 0.022472026 
237 244 15 17 0.022190321 
32 450 13 17 0.02211436 
286 226 36 43 0.022066763 
29 229 25 32 0.021662626 
246 242 16 19 0.021286847 
353 735 35 46 0.021136595 
799 231 32 47 0.020789802 
203 245 14 17 0.020655977 
200 231 26 33 0.020459777 
420 548 13 17 0.020403044 
