39_Ice_Skating_Ice_Skating_39_487
33
504 253 57 75 0.999405 
887 46 50 60 0.23963681 
461 6 16 21 0.085382275 
451 3 21 27 0.059799362 
919 271 17 23 0.05783012 
51 83 24 36 0.046861824 
998 25 28 37 0.04375621 
447 10 14 18 0.041823424 
21 127 29 38 0.040028647 
1011 327 12 24 0.037405692 
902 246 14 18 0.037401117 
782 355 13 16 0.031427715 
886 7 63 68 0.030027142 
420 0 14 13 0.029840082 
48 243 54 75 0.029075582 
863 208 14 20 0.028913155 
535 927 47 48 0.028680291 
0 525 8 13 0.02742651 
76 353 409 452 0.025570618 
159 423 11 13 0.025498528 
812 270 9 13 0.02489224 
18 106 34 40 0.024846837 
832 12 31 35 0.023385724 
879 39 32 44 0.023377782 
25 89 26 33 0.022801287 
176 393 13 15 0.02186982 
808 314 31 45 0.021375023 
934 6 37 37 0.021178778 
395 17 13 17 0.021156572 
581 435 452 467 0.021029111 
104 477 9 12 0.020454334 
872 28 29 42 0.020359578 
986 67 42 78 0.020302722 
