36_Football_Football_36_202
23
629 180 58 64 0.9961629 
768 143 52 60 0.99333847 
471 189 58 63 0.9643966 
715 198 38 43 0.82366955 
325 186 56 71 0.7108833 
564 309 66 68 0.19282359 
572 325 39 41 0.1342572 
780 225 75 80 0.09590664 
287 233 59 76 0.0869818 
348 196 38 48 0.06189452 
482 362 420 435 0.042706784 
457 164 54 62 0.03517135 
590 290 65 63 0.031303544 
484 206 57 72 0.030455103 
280 265 54 69 0.029398017 
321 192 38 45 0.02899119 
445 177 36 46 0.028468134 
322 294 33 44 0.02791168 
453 204 59 78 0.023564005 
460 316 34 36 0.023076188 
403 345 36 35 0.022678696 
353 216 38 43 0.021885794 
358 259 14 17 0.020355793 
