36_Football_Football_36_108
107
531 67 16 20 0.97493035 
134 123 13 17 0.9736311 
274 121 12 16 0.83407134 
11 46 25 27 0.75286317 
222 103 11 13 0.5792001 
205 133 10 12 0.2686779 
175 117 11 14 0.24772805 
200 109 12 16 0.23215203 
168 86 9 11 0.16608766 
227 141 11 15 0.1432515 
254 106 11 15 0.13372117 
305 142 14 18 0.121921465 
237 93 10 13 0.11640793 
184 86 11 14 0.10389723 
351 129 14 19 0.08897451 
245 115 10 15 0.073996134 
240 124 10 14 0.07040717 
259 108 11 15 0.0687417 
233 176 10 12 0.06763477 
184 72 9 11 0.06482945 
963 43 48 63 0.06475147 
182 134 9 12 0.06428934 
250 108 10 15 0.06379519 
328 117 16 21 0.0626931 
292 130 11 13 0.060929433 
226 108 10 13 0.058950808 
261 115 11 14 0.057234284 
190 103 11 14 0.05559319 
2 216 15 23 0.05499597 
237 88 9 12 0.05451673 
181 76 11 12 0.054221176 
230 180 10 13 0.053710923 
222 113 12 15 0.053675354 
321 166 11 13 0.04881144 
255 113 11 15 0.048006266 
245 95 8 11 0.046468828 
247 102 9 11 0.04548934 
203 103 13 15 0.045261312 
168 91 10 14 0.04454799 
176 79 9 12 0.044370636 
237 155 10 13 0.04343505 
234 89 8 11 0.04106496 
143 31 8 10 0.040347673 
53 86 11 14 0.039909415 
256 84 10 12 0.039794613 
227 102 10 13 0.039595462 
329 95 9 12 0.0389758 
174 54 8 10 0.038888253 
47 3 11 12 0.038517654 
7 47 17 22 0.037343152 
239 99 11 12 0.036593642 
127 75 12 15 0.035725728 
1006 3 15 19 0.03561841 
213 95 10 12 0.034981146 
194 117 10 13 0.034908917 
148 84 10 11 0.033220597 
333 100 14 17 0.033089593 
208 93 11 13 0.033036526 
161 48 7 9 0.03277607 
256 79 9 11 0.031850472 
263 81 10 11 0.031606544 
55 91 11 15 0.030641953 
99 77 13 15 0.030386228 
200 68 9 12 0.030182354 
233 76 9 11 0.030114708 
225 137 9 11 0.029874053 
198 86 9 12 0.029860513 
224 64 8 11 0.029801661 
239 75 9 12 0.028509555 
23 44 18 21 0.027891302 
216 69 9 10 0.027812572 
265 61 10 13 0.027489256 
332 94 14 15 0.027358072 
181 111 10 12 0.02718547 
206 86 10 12 0.02688575 
189 70 9 12 0.026725788 
303 122 11 16 0.026704635 
214 78 9 11 0.026641835 
200 124 10 13 0.026640054 
308 123 12 15 0.026102878 
246 72 9 11 0.02581594 
275 111 14 17 0.025728574 
265 48 8 9 0.025046574 
328 105 21 28 0.024933796 
199 64 9 11 0.024817731 
277 100 12 14 0.024528245 
223 69 8 11 0.024295386 
980 18 29 35 0.024115896 
173 99 10 11 0.023037983 
132 71 11 14 0.022965664 
220 167 10 11 0.022681156 
342 91 13 17 0.021987235 
140 100 11 13 0.021939667 
192 39 7 10 0.021728925 
270 103 10 12 0.021571128 
232 71 9 12 0.021485088 
86 114 11 14 0.021227065 
191 63 9 10 0.02118407 
185 64 8 10 0.021166405 
175 48 8 11 0.021005435 
339 110 17 22 0.020973284 
181 139 10 13 0.020920549 
223 86 9 11 0.020642625 
117 39 9 12 0.020639056 
166 29 9 10 0.020502828 
12 65 24 28 0.020430243 
287 126 9 12 0.020385364 
