36_Football_americanfootball_ball_36_510
33
573 142 68 77 0.99500054 
161 33 65 81 0.36359012 
968 74 42 58 0.3154743 
390 86 42 55 0.2984337 
564 28 48 65 0.26225448 
495 29 43 53 0.13897623 
104 39 105 100 0.098788805 
240 345 51 63 0.0843024 
203 13 35 45 0.08182751 
879 9 54 77 0.081635885 
391 110 44 55 0.07813303 
857 113 50 58 0.07378105 
954 86 40 52 0.064962186 
284 76 40 55 0.06413818 
1 0 37 47 0.054505724 
178 12 61 72 0.05419152 
908 44 53 74 0.050606214 
925 86 40 55 0.04137514 
710 0 27 21 0.03692305 
571 17 36 45 0.036114447 
862 572 15 19 0.03576922 
467 230 86 100 0.03474238 
351 86 47 59 0.032382265 
81 -4 159 186 0.030983288 
900 0 82 102 0.029717771 
970 32 49 81 0.0279032 
870 32 38 56 0.026065163 
187 56 59 75 0.02409784 
-97 325 393 433 0.023566697 
639 170 13 17 0.023037257 
245 56 16 22 0.020800984 
781 1 31 35 0.020747043 
634 497 31 32 0.020059384 
