36_Football_americanfootball_ball_36_126
76
52 132 42 56 0.6336305 
780 95 38 42 0.40745538 
691 93 42 50 0.37328672 
925 57 29 51 0.25942063 
332 161 48 74 0.25717455 
792 87 33 37 0.21387956 
780 116 32 39 0.21319672 
331 319 19 21 0.15190929 
664 211 29 34 0.14541341 
1010 505 13 19 0.13702796 
963 58 43 59 0.11932793 
690 78 35 44 0.11576252 
203 171 65 64 0.08720659 
946 31 29 31 0.07321725 
674 74 30 39 0.0726561 
506 289 38 40 0.0721386 
340 149 34 50 0.06932845 
705 77 19 23 0.065303996 
123 191 26 30 0.061129283 
785 130 19 23 0.053192277 
646 218 33 39 0.052900985 
670 218 41 49 0.049252048 
709 102 33 44 0.04808089 
203 149 52 58 0.04213212 
926 162 35 36 0.04144643 
612 279 57 55 0.03744894 
131 188 16 20 0.037390646 
974 55 28 40 0.03698085 
920 134 14 18 0.036814876 
808 95 17 22 0.03490777 
694 68 28 35 0.034472525 
38 117 26 34 0.034077395 
11 264 15 25 0.03343044 
645 227 13 15 0.033196554 
595 261 60 59 0.03254508 
329 305 30 38 0.032542754 
725 108 32 43 0.0320731 
111 191 43 51 0.029777832 
543 213 206 246 0.0296887 
34 190 25 31 0.029644858 
917 133 23 32 0.029580476 
710 126 35 40 0.02957308 
201 133 44 50 0.029313589 
950 36 15 18 0.029273393 
526 312 39 41 0.029253947 
678 87 38 46 0.028781053 
268 123 12 15 0.027629612 
326 191 42 52 0.026925193 
464 496 28 30 0.025911355 
772 101 25 34 0.025548872 
518 290 49 50 0.025292031 
571 247 59 54 0.025234664 
937 143 36 47 0.024791064 
932 55 48 67 0.024660543 
980 111 43 68 0.024660297 
22 199 27 29 0.023757061 
536 285 56 56 0.023674225 
966 88 49 67 0.023605095 
789 127 30 38 0.02338203 
635 216 30 34 0.023365106 
76 292 32 53 0.023140019 
10 172 42 49 0.022912482 
742 105 25 36 0.022558922 
38 115 73 94 0.022497421 
564 279 63 58 0.022423413 
0 406 21 47 0.022279123 
686 244 34 37 0.022041228 
41 124 36 48 0.02193099 
767 107 12 19 0.021480879 
714 76 15 21 0.02141043 
748 115 14 20 0.021271659 
7 231 12 16 0.020989336 
67 146 37 46 0.02097331 
320 163 39 50 0.020694204 
694 115 33 45 0.02013732 
946 119 45 64 0.020049676 
