36_Football_Football_36_80
38
750 295 32 36 0.9965264 
192 231 26 31 0.9950889 
599 176 20 28 0.981649 
845 193 27 49 0.9637188 
790 323 37 43 0.81377286 
92 221 23 32 0.2959508 
149 231 16 23 0.0828731 
768 261 14 17 0.07906622 
929 239 17 21 0.07285578 
673 383 14 17 0.06023869 
123 226 22 31 0.051888026 
141 222 20 34 0.037386805 
881 189 20 33 0.033892725 
64 253 10 13 0.031925637 
302 351 29 28 0.031912655 
844 190 18 35 0.029772377 
469 215 8 9 0.02894631 
63 196 10 12 0.028607681 
8 152 8 10 0.027137225 
466 215 7 8 0.026513496 
386 279 8 11 0.0264128 
98 235 28 29 0.025804238 
684 114 13 16 0.025314672 
408 263 9 11 0.025040915 
112 238 26 29 0.024156885 
423 281 9 11 0.022691222 
47 182 8 10 0.022581052 
40 184 7 9 0.021538414 
40 189 7 10 0.02125621 
622 262 12 14 0.021170901 
1 173 7 11 0.021080894 
926 226 23 30 0.02106122 
729 160 9 11 0.021014284 
340 270 9 11 0.020748684 
341 261 9 11 0.02059711 
110 221 28 32 0.020555481 
822 314 15 17 0.020445319 
712 157 8 10 0.020096188 
