36_Football_Football_36_157
634
739 218 31 34 0.99767536 
607 240 27 32 0.9954591 
48 128 23 29 0.99474573 
869 85 20 26 0.99251634 
606 141 24 29 0.99233186 
755 118 18 22 0.9909031 
163 201 21 27 0.9881462 
964 138 17 22 0.9874391 
876 171 20 26 0.98647654 
285 133 17 23 0.98494256 
95 238 24 27 0.98398525 
91 107 15 18 0.98107177 
564 104 21 26 0.9807725 
498 246 24 30 0.98042876 
662 252 21 26 0.980045 
786 56 19 24 0.9749052 
41 256 22 26 0.9719269 
508 175 20 25 0.9712777 
581 185 23 28 0.9710949 
978 198 16 24 0.96853226 
74 195 21 27 0.9684286 
541 26 21 27 0.9666853 
144 96 18 22 0.96575856 
846 50 19 23 0.96381783 
546 192 17 22 0.9635776 
344 133 20 26 0.96334946 
493 6 19 24 0.9628303 
178 93 18 23 0.96174574 
150 150 21 25 0.96150684 
233 77 19 22 0.9607584 
339 103 19 23 0.9604026 
614 75 21 25 0.958288 
392 82 20 23 0.9571589 
479 120 21 24 0.95475864 
907 217 22 28 0.95425665 
907 168 19 22 0.953584 
425 261 21 27 0.94999 
115 200 18 22 0.9479446 
855 0 20 22 0.9451892 
461 33 21 26 0.9441469 
535 74 21 27 0.9416647 
579 6 21 23 0.9400334 
0 181 20 28 0.9398786 
898 24 19 26 0.9395425 
544 107 19 24 0.93870777 
119 110 19 23 0.9365817 
184 183 22 26 0.93509644 
984 247 22 26 0.93472385 
229 173 19 23 0.9320215 
431 345 27 38 0.93061876 
579 84 18 23 0.92964894 
248 117 17 23 0.92923 
303 159 19 23 0.92661583 
157 176 20 25 0.92584854 
361 114 17 22 0.92556727 
970 24 17 22 0.9208072 
411 140 18 22 0.9190466 
144 270 17 24 0.91606814 
632 188 24 28 0.915665 
113 134 19 26 0.9131434 
334 179 20 25 0.9119435 
666 31 21 26 0.9052486 
390 196 34 34 0.8979389 
903 103 18 24 0.8951458 
890 131 16 19 0.8888576 
432 217 20 26 0.88822985 
898 83 22 27 0.88013047 
897 192 17 21 0.878994 
814 109 15 19 0.8721885 
234 247 29 33 0.86947215 
565 133 18 23 0.8656565 
833 108 16 20 0.8442972 
246 196 18 19 0.8442702 
336 43 19 23 0.8413267 
348 5 17 19 0.83804613 
197 0 19 20 0.8276281 
515 51 19 24 0.82606536 
516 145 19 22 0.8231643 
230 235 28 34 0.82303864 
415 7 23 27 0.81790423 
787 172 24 30 0.817562 
293 92 19 22 0.8168644 
273 42 18 21 0.8154065 
424 98 19 21 0.80489933 
382 128 17 21 0.79681367 
299 219 20 23 0.79616517 
614 41 21 23 0.78833175 
413 53 16 19 0.78655785 
552 103 22 29 0.7836463 
44 186 19 22 0.7648972 
524 110 20 23 0.758215 
15 117 20 25 0.74960417 
407 120 17 20 0.74178576 
642 -1 19 18 0.7377692 
942 95 14 19 0.72836506 
356 175 19 22 0.7188894 
489 88 16 20 0.7116204 
229 128 16 18 0.70027286 
87 132 21 27 0.698743 
873 215 23 32 0.69844824 
79 153 18 23 0.6854876 
102 169 20 23 0.6589233 
455 104 15 18 0.6508145 
319 78 22 25 0.64670193 
853 187 15 19 0.6227795 
851 165 16 22 0.6179484 
781 110 18 22 0.6167907 
483 358 17 21 0.5910375 
0 144 14 20 0.5884264 
585 159 18 22 0.56938475 
441 165 19 22 0.555025 
819 18 14 17 0.5336397 
932 173 20 26 0.49317035 
149 49 16 18 0.49074715 
249 153 17 19 0.43731323 
216 158 17 20 0.43550473 
966 98 12 16 0.38851756 
142 198 20 26 0.3873096 
81 141 20 27 0.3750437 
300 120 20 24 0.3679787 
667 172 15 20 0.3627131 
265 26 16 19 0.35869956 
412 64 17 21 0.35475355 
954 193 15 19 0.34157673 
841 188 17 21 0.3356549 
485 203 16 19 0.33072725 
271 163 15 19 0.3302183 
474 64 16 19 0.31961 
750 186 23 28 0.31372747 
25 47 25 30 0.27702424 
23 167 20 26 0.2744648 
957 233 21 26 0.27015388 
418 0 20 21 0.2656604 
353 70 18 20 0.24784926 
363 97 16 18 0.23855002 
271 203 15 20 0.23080994 
153 19 14 17 0.22795439 
786 234 29 35 0.22640231 
926 6 11 13 0.22385688 
203 99 15 19 0.22121166 
186 146 17 20 0.22068766 
763 206 27 37 0.21804848 
276 184 17 20 0.21292949 
494 356 26 32 0.21050996 
583 245 20 25 0.20796879 
98 4 16 19 0.20709524 
186 171 22 26 0.1998193 
1 232 16 22 0.19893624 
329 152 19 21 0.1972516 
733 123 17 21 0.19246382 
293 63 14 18 0.18931895 
385 112 17 21 0.18916258 
635 168 22 27 0.1863073 
242 149 18 20 0.1860986 
45 193 22 28 0.18508987 
477 99 15 19 0.18184109 
33 175 23 27 0.17984764 
186 155 22 25 0.17862034 
15 106 16 19 0.17548598 
32 153 17 19 0.17547756 
935 165 15 18 0.17386125 
947 101 16 20 0.17256111 
766 149 16 19 0.16915254 
860 132 21 25 0.16838735 
1006 94 12 16 0.1668338 
306 258 20 22 0.15928829 
695 20 21 28 0.15874757 
952 20 11 15 0.15713985 
749 0 15 18 0.15332823 
267 35 19 22 0.15332425 
154 305 16 20 0.14725882 
980 159 13 18 0.14326099 
41 18 17 20 0.14289694 
814 13 15 18 0.14227371 
779 119 18 23 0.14038174 
957 199 16 20 0.13724776 
679 29 21 27 0.13722806 
638 163 16 20 0.13661064 
321 69 18 22 0.1365413 
284 181 16 20 0.13515386 
484 94 19 23 0.13294049 
204 92 14 16 0.13160585 
804 229 31 38 0.12987167 
956 99 14 19 0.12920637 
165 131 15 18 0.12870759 
728 47 22 25 0.1260965 
28 125 16 21 0.12592997 
631 318 29 36 0.12581757 
900 198 22 27 0.12575695 
427 108 17 22 0.12552626 
1008 75 14 17 0.12509415 
754 -1 15 14 0.12480745 
166 65 15 18 0.12414883 
590 138 17 20 0.12389837 
850 177 18 23 0.12333489 
215 265 17 22 0.12014492 
398 118 21 26 0.119737774 
587 144 20 25 0.119729616 
685 126 23 27 0.11927597 
972 242 22 28 0.11846079 
483 215 16 21 0.1168137 
632 125 21 25 0.11559549 
925 14 16 20 0.11526951 
632 438 30 38 0.11490198 
65 0 18 19 0.11420811 
325 134 17 20 0.11338635 
964 237 21 27 0.10852518 
1004 198 14 18 0.107468754 
786 241 19 21 0.10617648 
273 214 20 25 0.10575179 
798 0 11 12 0.10501435 
223 167 20 24 0.10491445 
348 16 17 19 0.10470536 
389 124 22 26 0.103740655 
416 108 20 26 0.102074265 
113 298 24 31 0.10112582 
742 195 30 39 0.09978057 
31 122 23 30 0.09801027 
941 6 13 15 0.09678451 
999 137 12 15 0.095451936 
483 223 18 26 0.09543703 
578 339 15 19 0.09543158 
282 1 18 19 0.092383005 
957 209 17 21 0.09201933 
409 128 17 22 0.09174417 
223 256 24 29 0.09155174 
190 130 14 17 0.09135055 
501 125 13 17 0.09122516 
1012 109 11 17 0.085952036 
270 187 15 18 0.08472181 
826 188 23 25 0.08292195 
133 239 21 27 0.08264046 
0 63 11 21 0.08226483 
332 159 22 27 0.08100934 
208 1 15 18 0.07779759 
452 59 15 20 0.077626534 
327 122 14 19 0.07735828 
731 34 22 24 0.07565805 
988 217 17 21 0.0749232 
112 171 16 19 0.07466941 
131 196 20 27 0.07453091 
962 195 15 19 0.0742118 
931 5 14 16 0.074154496 
674 10 17 20 0.07378476 
258 171 14 19 0.073259264 
564 -2 13 12 0.072627746 
773 206 14 19 0.07221628 
964 198 19 25 0.07212053 
299 39 16 20 0.071861476 
949 216 16 21 0.07116822 
590 237 25 33 0.07101287 
303 211 18 22 0.07042294 
0 51 10 17 0.06880702 
321 91 17 21 0.0686563 
335 37 16 20 0.06740556 
163 91 13 16 0.06587653 
869 49 13 18 0.065659516 
877 27 14 18 0.06394913 
233 229 19 22 0.0639119 
1010 97 13 17 0.06356946 
276 196 23 28 0.063115515 
480 61 18 21 0.062713794 
657 0 17 19 0.06261258 
505 364 18 23 0.062469553 
952 0 11 13 0.061943777 
371 94 14 18 0.061725542 
28 159 22 25 0.061192967 
163 180 22 28 0.060755294 
708 142 16 20 0.060512673 
710 162 21 27 0.06027712 
252 177 17 20 0.05983578 
965 179 14 18 0.05982034 
924 61 16 21 0.058140498 
467 69 18 21 0.0581386 
152 33 17 19 0.057956055 
271 224 16 22 0.0565943 
903 178 20 26 0.055553425 
502 347 32 42 0.055539697 
603 110 21 24 0.054814134 
884 65 16 19 0.054797173 
784 101 21 25 0.054725584 
700 0 17 18 0.0546138 
290 122 23 26 0.054283146 
362 72 15 18 0.053847436 
183 50 15 17 0.053614147 
570 329 25 31 0.053269897 
669 18 22 27 0.052999325 
925 119 14 18 0.052631993 
971 96 11 15 0.052555487 
765 1 14 18 0.052477885 
725 392 52 65 0.05215992 
53 195 23 29 0.051765688 
767 7 23 27 0.051027384 
317 429 42 50 0.050616737 
230 163 21 23 0.050610047 
819 191 18 20 0.050422106 
917 15 14 20 0.05041932 
973 14 13 16 0.05033421 
434 204 23 28 0.050245278 
179 107 16 21 0.050070968 
553 170 21 24 0.049860977 
346 172 21 26 0.04983135 
332 129 21 26 0.049743135 
336 325 32 38 0.049516752 
451 -1 16 14 0.049361616 
470 175 14 19 0.048862096 
438 145 16 19 0.04817804 
19 215 22 28 0.048159737 
595 295 32 40 0.04750075 
699 12 16 19 0.04747825 
646 1 23 25 0.046864275 
391 211 29 32 0.046741985 
881 21 22 28 0.046335563 
287 185 22 28 0.046204887 
400 73 20 24 0.04579982 
308 197 12 15 0.045247383 
424 327 38 48 0.04505621 
514 154 24 26 0.04457097 
68 179 17 20 0.044367254 
261 80 17 22 0.044347886 
723 458 51 67 0.04430055 
132 185 17 21 0.044143505 
295 101 21 23 0.044101074 
746 68 24 28 0.04350949 
76 284 16 22 0.042832714 
752 213 30 37 0.042809535 
705 -1 16 14 0.042204365 
974 168 15 20 0.0420961 
891 64 16 18 0.041820563 
75 212 16 22 0.04144348 
148 -1 13 12 0.04127008 
478 132 17 21 0.04121493 
215 271 23 29 0.041145984 
1006 132 11 16 0.04097469 
270 123 14 18 0.04046726 
509 9 13 17 0.040407024 
708 29 15 22 0.040261965 
184 102 15 20 0.04025952 
268 194 15 21 0.03990124 
9 213 21 28 0.039820913 
906 78 21 27 0.039440896 
921 5 12 15 0.03937061 
828 12 13 17 0.03916366 
237 114 19 25 0.03912264 
307 202 15 21 0.039004017 
594 10 15 19 0.038825832 
921 166 20 26 0.038610853 
456 110 19 22 0.038246658 
793 247 16 21 0.038189404 
938 215 20 26 0.0381753 
692 505 15 20 0.038128737 
5 285 14 18 0.038069878 
483 363 29 35 0.03798624 
565 312 28 35 0.037954096 
623 35 18 23 0.0379439 
654 242 35 45 0.03793584 
2 216 16 21 0.037883215 
400 240 24 31 0.03771483 
156 107 12 17 0.037266113 
53 182 21 27 0.037166394 
1005 171 16 18 0.03703244 
486 230 21 27 0.03688168 
243 352 47 63 0.0366411 
0 133 12 19 0.03658734 
965 275 24 29 0.036542714 
955 0 14 17 0.0362311 
279 1 13 13 0.03622555 
575 130 21 25 0.03621874 
920 147 13 16 0.036138132 
227 117 16 20 0.036127005 
57 250 20 28 0.03607693 
527 0 11 11 0.036013506 
1001 99 11 15 0.036012843 
595 142 19 23 0.035650212 
237 259 31 36 0.03564182 
641 255 21 27 0.035565164 
949 112 15 18 0.03536725 
533 0 11 10 0.035216805 
453 87 21 25 0.0351861 
473 449 23 22 0.035089184 
485 311 28 35 0.035024136 
934 9 20 24 0.034929223 
185 139 14 19 0.034918483 
174 194 21 27 0.034861643 
850 33 20 25 0.03475568 
317 4 12 14 0.034747418 
609 216 26 30 0.03457844 
11 44 22 30 0.034225814 
156 84 15 18 0.034169048 
343 22 21 26 0.034086984 
951 233 17 22 0.03393656 
837 27 15 18 0.0339153 
626 131 22 26 0.03386516 
54 119 14 16 0.033830058 
519 125 22 27 0.03382349 
858 32 17 21 0.0337482 
380 396 38 39 0.033427756 
514 10 14 17 0.033395283 
803 4 15 18 0.033344463 
337 29 21 25 0.033268027 
34 23 26 33 0.03324967 
198 103 14 19 0.03317489 
295 254 25 29 0.033076126 
352 1 17 17 0.03299068 
319 21 13 16 0.032842487 
807 9 15 21 0.03277604 
529 145 15 20 0.03275008 
798 236 45 52 0.032742593 
628 296 35 43 0.03271031 
36 247 35 44 0.032705378 
587 126 23 27 0.032680042 
953 121 14 17 0.032593768 
843 112 15 20 0.032506157 
342 72 15 19 0.032417014 
815 23 16 20 0.032347966 
223 124 16 20 0.03230181 
643 251 15 20 0.03229701 
989 168 15 21 0.03227832 
162 51 13 15 0.03225406 
254 49 13 17 0.032042075 
793 99 15 18 0.0319341 
615 52 21 25 0.031794447 
941 41 13 16 0.031750314 
690 28 18 24 0.031735152 
10 288 14 19 0.03170884 
484 345 28 35 0.031615425 
970 186 15 20 0.031568743 
456 78 23 25 0.031418163 
459 64 20 24 0.031332895 
235 137 16 18 0.0310917 
642 172 24 30 0.031072902 
612 321 29 36 0.031006841 
478 160 15 19 0.030968508 
611 348 15 18 0.030689172 
989 0 14 12 0.03066906 
517 224 17 21 0.030496394 
223 115 14 18 0.030462569 
699 133 20 27 0.030461354 
843 178 18 24 0.030449977 
931 21 15 19 0.030380528 
448 64 15 19 0.029999712 
327 198 24 31 0.029990284 
446 155 20 26 0.029863847 
293 191 23 29 0.029699175 
894 109 21 26 0.029641185 
307 268 18 21 0.029640563 
248 260 19 22 0.029604686 
308 0 12 12 0.029534848 
912 13 12 17 0.02946908 
812 6 15 18 0.02944424 
994 212 16 19 0.029271143 
458 148 15 19 0.029146133 
281 209 15 20 0.02904172 
164 96 14 18 0.029023588 
407 50 16 20 0.028748143 
539 61 15 18 0.028692085 
989 44 12 15 0.028668385 
948 13 14 18 0.028659206 
0 46 17 30 0.028517442 
9 128 23 29 0.028430158 
959 183 20 25 0.028366389 
195 285 13 16 0.028251467 
489 103 18 22 0.028147494 
264 44 22 27 0.02801013 
194 138 14 19 0.02792007 
307 110 15 19 0.02790637 
417 347 31 42 0.02780377 
853 107 13 18 0.027696755 
259 164 14 18 0.027684778 
409 249 25 32 0.027634764 
987 116 13 17 0.027598139 
408 206 18 22 0.027463252 
5 96 19 28 0.0274483 
951 14 19 25 0.027349452 
277 6 17 19 0.02734841 
479 70 21 23 0.02730827 
313 126 20 25 0.027261563 
667 -1 14 14 0.027185865 
744 3 15 18 0.027070595 
965 4 11 14 0.02706266 
313 255 22 28 0.02702903 
303 26 15 19 0.02695997 
271 27 17 20 0.026912946 
506 129 15 18 0.026906498 
456 162 15 21 0.026890168 
986 237 17 21 0.026793148 
255 196 19 24 0.02679088 
996 245 20 28 0.02674667 
976 31 14 18 0.026692579 
667 174 22 31 0.02668952 
66 255 17 22 0.026674384 
574 147 21 25 0.02658464 
325 0 12 11 0.026540065 
571 320 17 20 0.026459841 
437 154 19 24 0.026433965 
140 138 16 19 0.026406793 
360 256 32 37 0.026353206 
84 296 16 19 0.026336592 
214 27 14 17 0.02624361 
868 32 15 19 0.02624361 
517 330 32 46 0.026219426 
192 299 18 19 0.0261694 
194 125 15 18 0.026164137 
937 183 22 28 0.026076498 
995 168 23 26 0.025807943 
603 332 26 33 0.025716987 
617 141 25 28 0.025633985 
806 215 32 37 0.025236877 
497 90 14 18 0.025181089 
454 153 14 20 0.025153456 
246 29 12 16 0.025111549 
918 35 13 16 0.02498993 
973 116 12 16 0.024779346 
917 67 20 26 0.024750073 
374 372 45 52 0.02474585 
502 508 14 19 0.024742119 
817 235 18 23 0.024691433 
907 250 16 19 0.02465689 
372 210 14 18 0.02463238 
228 246 19 25 0.024600098 
128 133 21 26 0.02450057 
741 9 16 20 0.02436815 
129 315 17 22 0.024366202 
83 2 15 17 0.02435178 
907 21 20 27 0.0243508 
256 386 36 52 0.024301557 
158 129 14 18 0.024298051 
220 151 16 19 0.024242047 
738 388 33 42 0.02416698 
428 317 29 31 0.024048718 
650 242 17 22 0.023971014 
969 13 10 14 0.023952603 
147 140 16 20 0.0239278 
860 216 39 47 0.023859305 
291 275 25 31 0.023842564 
920 216 17 23 0.023823738 
156 75 16 18 0.023700338 
506 441 14 19 0.023549788 
1 129 21 30 0.023536632 
240 199 16 19 0.023530161 
334 29 14 19 0.0235179 
728 419 56 75 0.023460304 
665 2 21 22 0.023367148 
900 253 23 28 0.023329703 
363 137 15 19 0.02330412 
145 107 17 22 0.023293866 
0 100 11 18 0.023280906 
1003 208 16 18 0.023261514 
322 24 14 19 0.023224967 
352 183 24 30 0.02319229 
464 102 20 25 0.02319026 
489 115 18 22 0.023119545 
610 295 36 43 0.023066035 
810 194 30 33 0.023041924 
307 20 15 19 0.02297126 
876 154 15 18 0.022960672 
450 172 15 20 0.022918558 
530 129 16 21 0.022915926 
933 1 12 12 0.02291453 
252 0 12 12 0.022897627 
217 2 15 16 0.022896972 
572 303 29 34 0.022834757 
428 84 14 18 0.02277307 
104 10 13 17 0.022755846 
535 326 26 41 0.022696145 
495 539 35 30 0.022674447 
391 226 28 36 0.022650171 
139 179 14 20 0.022598505 
380 4 16 19 0.02259213 
549 178 17 20 0.022585098 
312 199 22 29 0.022562118 
602 11 14 19 0.022537604 
291 2 27 29 0.022484336 
573 158 16 20 0.022464968 
733 13 21 26 0.022422722 
85 158 20 25 0.022410864 
167 117 21 26 0.022386553 
155 55 15 18 0.022370646 
49 0 24 25 0.022361321 
981 214 17 23 0.022347009 
603 306 33 43 0.022250267 
607 40 16 19 0.0222457 
545 279 16 19 0.022229247 
957 86 13 16 0.022128148 
983 5 11 13 0.022073647 
326 158 17 22 0.022043468 
10 170 20 28 0.021936093 
197 85 15 18 0.021851122 
333 -1 13 11 0.02183586 
477 229 18 24 0.021823494 
452 71 17 20 0.021741865 
934 211 14 22 0.021715064 
817 103 15 19 0.021660699 
204 223 22 26 0.021659566 
295 112 21 25 0.021606935 
513 246 22 28 0.021520743 
517 0 13 11 0.021389505 
532 208 14 20 0.021255653 
236 92 15 20 0.021233965 
1008 112 11 16 0.021170717 
132 168 16 20 0.021154786 
443 140 16 19 0.021148141 
517 435 16 20 0.021118116 
1004 188 14 16 0.021101857 
844 100 13 18 0.021077953 
888 221 17 24 0.0210567 
195 74 15 19 0.021025704 
791 254 14 19 0.020944657 
237 176 19 23 0.020920083 
957 178 16 21 0.02086428 
222 154 21 23 0.020756766 
178 129 21 25 0.020744272 
835 194 20 24 0.020690046 
621 29 16 18 0.020670494 
926 184 15 22 0.020626724 
81 282 25 30 0.020543428 
776 214 17 23 0.020494921 
244 340 33 50 0.020493437 
142 0 16 17 0.020411199 
612 339 14 18 0.020391058 
255 255 17 22 0.020356314 
559 -10 25 24 0.020341674 
220 363 49 63 0.020319832 
730 27 19 21 0.020253025 
292 133 20 25 0.020239206 
340 236 16 20 0.020237269 
0 208 13 20 0.020235179 
631 170 16 19 0.020174924 
584 253 26 30 0.020166846 
572 342 27 35 0.020166451 
810 253 48 54 0.020121258 
915 154 17 21 0.020069716 
830 5 14 17 0.020061165 
950 137 15 22 0.020005506 
