36_Football_americanfootball_ball_36_38
38
369 18 64 77 0.9958813 
720 74 58 75 0.9908364 
523 57 53 59 0.9795394 
921 114 24 33 0.68084145 
961 101 21 28 0.3948994 
532 315 43 59 0.17194347 
749 98 52 63 0.1579199 
877 138 29 36 0.12671304 
153 108 26 30 0.12339253 
442 10 17 20 0.10631305 
929 108 20 25 0.09945625 
530 280 54 66 0.08794453 
435 4 26 35 0.071065955 
585 197 52 60 0.06749692 
327 14 22 32 0.058868136 
906 116 27 36 0.05668119 
385 252 56 43 0.05198098 
561 198 44 57 0.04351591 
775 107 33 47 0.04015668 
541 197 41 59 0.039106146 
463 287 43 49 0.031787954 
151 157 12 15 0.031572197 
696 55 58 76 0.030906167 
532 235 52 71 0.030140009 
146 89 41 50 0.029942764 
102 542 34 35 0.028538281 
961 91 19 22 0.0273331 
215 145 21 29 0.02474222 
594 221 52 62 0.024324572 
605 191 61 64 0.02395055 
194 174 39 50 0.023941044 
515 222 18 24 0.023839455 
431 8 42 51 0.023761228 
622 61 41 56 0.023723707 
941 105 27 33 0.022447297 
514 212 28 39 0.021358889 
554 230 49 68 0.021349572 
505 319 54 60 0.02119051 
