36_Football_americanfootball_ball_36_6
191
938 153 14 17 0.9915324 
406 156 16 20 0.9865176 
610 251 16 21 0.9809651 
613 161 13 17 0.9703884 
652 160 14 19 0.9680017 
355 169 13 17 0.9623461 
300 173 14 17 0.96046895 
353 270 14 19 0.9581798 
596 216 13 17 0.95766664 
565 124 14 17 0.9405863 
251 171 14 16 0.92546326 
398 194 14 17 0.91835576 
377 217 14 18 0.91245675 
443 196 22 27 0.89061147 
492 168 15 20 0.8386193 
573 271 15 17 0.8266127 
24 152 15 18 0.78187996 
646 230 13 16 0.78088915 
969 259 13 16 0.7512617 
479 242 37 40 0.7216716 
548 221 12 15 0.535969 
801 119 40 57 0.5296754 
994 154 13 17 0.52603287 
166 155 30 32 0.39178318 
988 222 12 16 0.38603225 
121 101 41 54 0.37382063 
451 174 11 15 0.35083863 
318 202 11 15 0.26554555 
576 198 12 16 0.25733596 
764 135 45 55 0.22871678 
250 271 15 18 0.2185057 
1014 211 9 14 0.21618725 
643 279 28 33 0.2159996 
19 188 23 28 0.17465137 
949 245 11 15 0.15166466 
287 205 10 12 0.14549372 
295 224 10 12 0.14457044 
418 312 50 61 0.13653593 
544 226 16 18 0.12745272 
990 264 9 12 0.12301817 
493 194 15 18 0.12248471 
3 317 27 29 0.122245446 
157 161 30 41 0.10973895 
1001 251 9 13 0.10621163 
957 211 12 17 0.10459534 
637 321 22 31 0.10287081 
962 203 14 18 0.09485005 
267 231 10 14 0.09190428 
647 289 16 19 0.0866364 
974 221 11 14 0.0794695 
300 244 15 18 0.07635242 
824 126 35 43 0.072725825 
602 300 17 18 0.07231724 
344 212 11 14 0.06724368 
544 215 13 16 0.066673085 
558 294 15 18 0.063025676 
546 250 13 18 0.062365826 
957 219 11 14 0.059981067 
637 257 41 48 0.05829548 
0 206 9 16 0.05469479 
777 191 56 60 0.054472268 
721 184 29 38 0.053976312 
366 201 15 20 0.05366054 
926 212 10 14 0.053507052 
324 137 12 15 0.05125825 
507 268 13 17 0.049746256 
759 169 59 66 0.04885787 
790 126 31 49 0.04821726 
574 236 11 16 0.047548357 
73 192 30 34 0.04702454 
591 164 12 17 0.046629325 
983 261 10 13 0.04535776 
746 150 51 54 0.045294482 
14 192 16 19 0.04502042 
985 244 10 14 0.044945944 
959 326 11 15 0.04484915 
714 173 28 37 0.044679932 
996 143 12 15 0.0431602 
507 202 13 17 0.043079987 
534 192 13 17 0.04281649 
229 167 11 13 0.041984215 
911 231 24 27 0.040807605 
50 284 36 42 0.04060665 
499 200 16 18 0.040463 
840 132 26 34 0.04034343 
562 249 15 16 0.039727535 
44 189 13 17 0.03952596 
448 169 10 12 0.038859107 
989 251 10 13 0.038691316 
709 173 52 61 0.038089335 
142 170 44 60 0.0375332 
498 173 16 21 0.0374616 
677 180 10 13 0.036533624 
956 244 12 16 0.036437538 
23 198 28 31 0.036024135 
321 139 10 13 0.035876192 
260 309 12 15 0.03587611 
868 154 25 29 0.03529852 
679 175 10 13 0.0349507 
0 237 10 16 0.034918536 
317 150 10 12 0.034897666 
4 191 23 31 0.034196787 
995 191 14 18 0.034018565 
19 320 14 17 0.033308316 
723 137 13 15 0.03329422 
554 219 12 15 0.033018984 
70 165 45 53 0.032798227 
1006 258 12 15 0.032520615 
1 367 10 16 0.03244766 
415 188 12 15 0.031785958 
959 199 13 16 0.030992825 
599 276 12 14 0.03087421 
613 343 14 17 0.030730342 
938 293 10 13 0.03058656 
0 238 21 31 0.029850286 
27 318 12 14 0.029676827 
304 178 13 16 0.029610276 
1013 259 12 16 0.02918421 
76 200 17 22 0.029173361 
409 285 46 55 0.02885555 
713 171 18 21 0.028831426 
6 195 12 16 0.028335664 
490 254 32 39 0.027857373 
628 323 15 20 0.027846051 
566 219 11 14 0.027818736 
995 167 13 17 0.027618699 
144 200 35 51 0.027269581 
982 215 13 18 0.027167678 
675 189 87 102 0.026947504 
353 463 11 13 0.026879393 
272 213 10 13 0.026653571 
919 211 13 16 0.026090002 
966 217 13 16 0.025756946 
658 289 16 19 0.025395805 
548 257 13 19 0.025291389 
565 152 16 19 0.024880825 
545 215 21 25 0.024732137 
558 119 12 14 0.024635673 
420 193 13 16 0.024327384 
771 137 20 25 0.02426048 
410 218 14 18 0.024188785 
597 269 12 16 0.02411268 
2 203 14 18 0.023873784 
983 253 10 13 0.023741439 
723 157 46 57 0.023566194 
247 230 10 14 0.023337593 
673 183 11 12 0.02329111 
143 126 43 58 0.0231875 
973 212 11 16 0.023092858 
279 175 11 13 0.023091001 
899 229 26 31 0.02307926 
883 153 15 20 0.023076016 
549 267 13 20 0.022917805 
624 143 10 13 0.02267798 
505 169 14 20 0.022664705 
877 219 14 18 0.022590727 
893 153 14 20 0.022416282 
325 158 12 15 0.022399882 
710 204 28 39 0.022284456 
542 163 14 17 0.022168553 
35 186 16 20 0.022141106 
997 261 11 14 0.022079153 
268 153 13 16 0.021935554 
984 237 11 14 0.021830704 
284 180 11 14 0.021651573 
548 228 23 27 0.021640204 
296 168 11 14 0.021511938 
542 238 21 26 0.021268802 
443 187 18 21 0.021266798 
136 123 31 39 0.0212659 
626 309 13 14 0.021264516 
110 103 32 38 0.021262871 
529 196 22 30 0.021137467 
855 127 41 56 0.02109774 
355 315 24 32 0.021011014 
79 188 12 16 0.020883713 
611 318 38 46 0.020697162 
350 325 11 13 0.020694248 
873 210 27 32 0.020678379 
925 275 10 14 0.020438336 
893 243 26 34 0.020364556 
345 317 8 12 0.020317717 
318 162 12 15 0.020242352 
955 324 22 28 0.02024085 
596 260 13 17 0.020183297 
297 251 20 27 0.020172605 
591 265 13 16 0.020143954 
754 114 80 97 0.020120526 
391 189 14 19 0.020117488 
313 150 9 12 0.020102782 
299 227 11 12 0.020058021 
