36_Football_americanfootball_ball_36_27
42
656 44 66 84 0.9766669 
189 207 55 70 0.30355313 
149 190 57 73 0.19924593 
384 284 47 66 0.16808784 
981 84 27 35 0.083691254 
336 289 26 38 0.076928325 
222 -19 382 522 0.07517389 
312 306 44 68 0.07128024 
400 -1 18 18 0.064078294 
373 124 26 33 0.04981659 
398 266 50 69 0.048753515 
401 198 41 59 0.046746243 
13 12 53 62 0.043376602 
504 96 69 79 0.038249563 
371 253 79 113 0.037843104 
916 380 25 30 0.037342053 
510 0 34 27 0.036503755 
835 190 42 60 0.036481522 
563 293 97 115 0.03385478 
632 145 31 34 0.032961376 
-2 509 48 73 0.031878393 
802 56 36 45 0.029091107 
161 125 25 34 0.02868224 
392 188 80 110 0.026852965 
981 130 42 75 0.026758527 
170 4 35 36 0.02554837 
326 296 48 70 0.024862308 
689 303 93 147 0.024517588 
432 0 21 20 0.024063125 
-11 118 344 421 0.02343124 
433 221 53 72 0.023294335 
300 286 78 111 0.023249317 
984 612 36 54 0.023002967 
864 -2 21 19 0.02262261 
171 214 43 47 0.022159236 
616 60 88 108 0.021320345 
519 49 66 77 0.02100022 
394 232 54 76 0.020868583 
0 -3 29 35 0.020481499 
472 -2 23 19 0.02045549 
798 235 25 30 0.020144388 
358 74 31 36 0.020071903 
