36_Football_americanfootball_ball_36_279
34
539 304 115 128 0.7990737 
80 92 121 174 0.18272723 
496 304 64 85 0.15721361 
-1 569 83 134 0.121259764 
601 308 102 128 0.11396523 
732 711 109 105 0.11129866 
369 670 188 179 0.07832064 
531 499 377 462 0.07557034 
446 174 67 84 0.07498663 
909 -2 41 29 0.07261039 
483 609 70 82 0.06545142 
372 152 48 71 0.06376086 
498 290 109 124 0.05803059 
126 102 71 99 0.05457883 
714 413 76 81 0.043300603 
339 132 92 124 0.036332857 
394 149 47 70 0.03554518 
677 606 203 247 0.03516442 
381 721 199 279 0.034045577 
727 460 39 53 0.033284906 
133 330 57 78 0.031835288 
417 141 84 106 0.028980073 
352 692 81 77 0.02857706 
458 262 112 132 0.027288675 
584 294 169 198 0.02721379 
394 874 131 168 0.025961515 
353 892 35 37 0.023462009 
246 66 193 245 0.022633206 
926 878 65 67 0.021659488 
574 347 39 39 0.021530787 
753 687 69 89 0.021483308 
327 637 167 175 0.020605344 
781 514 108 116 0.02054156 
488 343 59 71 0.020096669 
