36_Football_americanfootball_ball_36_487
2141
167 237 14 17 0.9766534 
801 331 27 29 0.9764639 
276 198 12 16 0.96314955 
46 253 13 16 0.95890254 
55 303 14 21 0.9523392 
204 231 12 16 0.938841 
222 251 13 17 0.89563453 
380 67 11 14 0.8847838 
513 196 12 16 0.87956506 
284 79 10 13 0.87745595 
63 221 12 16 0.8682766 
291 258 13 16 0.8632129 
608 242 12 15 0.8601175 
89 220 12 17 0.85877144 
168 117 11 13 0.8584141 
374 251 12 16 0.85725886 
114 52 10 12 0.84273976 
296 183 12 14 0.83931184 
860 148 10 14 0.83571166 
916 164 11 15 0.8307347 
144 166 12 15 0.82843006 
112 88 11 14 0.82386374 
6 216 11 14 0.81447977 
101 155 11 14 0.8105671 
657 182 9 12 0.8092512 
13 143 11 14 0.8050164 
129 140 10 12 0.8047191 
871 230 12 15 0.7958245 
27 234 12 17 0.7954734 
905 189 10 13 0.7950028 
380 44 10 14 0.7925967 
823 207 12 14 0.79190093 
960 174 10 14 0.79155093 
231 232 14 16 0.7801613 
887 199 10 13 0.7682471 
292 159 11 13 0.76717556 
585 221 11 14 0.76399785 
884 19 12 15 0.7544974 
371 96 12 16 0.75160754 
950 119 10 12 0.74832654 
526 245 11 16 0.7454844 
396 250 12 15 0.74141395 
908 121 11 15 0.7368681 
195 174 11 14 0.72783166 
103 175 12 16 0.7210392 
885 163 11 15 0.71741503 
896 225 12 16 0.7165534 
628 228 11 14 0.7158357 
900 271 14 17 0.714633 
921 180 10 14 0.7051732 
359 273 13 17 0.70483327 
885 43 11 13 0.70154816 
339 85 12 15 0.6934914 
59 157 10 13 0.69207776 
413 232 11 14 0.68657875 
839 42 10 14 0.683651 
774 244 11 14 0.6747086 
919 210 12 15 0.6746142 
70 196 12 14 0.6710909 
625 6 11 13 0.66313195 
767 111 9 11 0.6599907 
799 222 9 11 0.6558358 
197 6 8 10 0.64982593 
719 231 10 12 0.63073146 
16 93 9 11 0.6295735 
880 126 10 13 0.6288706 
83 257 12 15 0.6251626 
606 44 9 11 0.6197374 
319 186 11 14 0.6114378 
184 16 9 13 0.60989493 
318 52 9 13 0.5979949 
86 108 11 14 0.5967331 
437 29 8 11 0.59648585 
670 78 8 10 0.595683 
622 185 9 11 0.59310025 
973 7 11 13 0.58971643 
417 253 13 15 0.58592325 
942 143 10 13 0.5852525 
844 211 10 13 0.5836057 
99 244 12 16 0.5795154 
674 238 9 12 0.5784979 
95 92 9 12 0.57757866 
392 54 8 12 0.57417357 
977 102 9 12 0.57177687 
85 34 11 14 0.5689144 
164 15 10 14 0.5667223 
312 275 16 20 0.5651104 
13 66 10 13 0.5634253 
174 99 11 13 0.56334275 
927 119 8 11 0.5623033 
797 50 11 14 0.5606068 
826 168 9 11 0.55981797 
321 255 10 13 0.5588927 
716 126 8 12 0.5587248 
77 135 10 14 0.55530614 
872 180 11 13 0.55488217 
544 197 11 13 0.55367035 
843 174 9 13 0.55267054 
328 36 10 13 0.55166113 
392 86 10 13 0.5455582 
625 73 10 13 0.5444106 
1001 171 10 13 0.5418375 
451 37 8 11 0.541019 
264 35 9 12 0.5410041 
235 23 10 12 0.54007363 
32 103 10 13 0.5387582 
844 2 11 14 0.53756845 
913 55 11 13 0.53596336 
365 238 11 13 0.5352244 
697 118 10 12 0.53475744 
562 11 9 12 0.5273741 
701 246 12 15 0.5231307 
304 92 10 12 0.51775664 
659 207 11 13 0.51479423 
459 284 21 26 0.5133645 
59 53 10 12 0.5119729 
41 59 9 12 0.51001984 
60 142 9 11 0.5083977 
768 195 9 11 0.508058 
727 199 11 13 0.5076261 
8 108 9 11 0.5076089 
790 172 10 13 0.49853605 
941 103 10 12 0.49659744 
357 181 10 14 0.49489775 
770 31 10 12 0.49363774 
986 226 13 15 0.4883384 
228 77 9 11 0.48749676 
940 173 11 13 0.4845258 
253 158 10 12 0.475998 
630 204 11 14 0.47585338 
130 47 10 13 0.4700439 
10 36 10 12 0.46942496 
398 133 11 14 0.46899688 
285 5 9 12 0.46499723 
336 278 11 14 0.46289074 
398 93 10 14 0.4610072 
65 180 10 12 0.45491466 
432 189 8 11 0.45357102 
40 135 10 12 0.45232365 
749 247 11 14 0.45057946 
703 78 10 12 0.44847983 
913 232 11 14 0.44811925 
943 87 11 12 0.447605 
81 68 10 12 0.44667882 
64 92 9 12 0.446359 
181 68 10 12 0.44486064 
454 57 9 12 0.44474608 
971 253 16 19 0.44364446 
704 208 9 12 0.44296497 
865 39 11 13 0.44251072 
506 71 9 12 0.44227824 
25 173 9 12 0.4396143 
257 76 9 12 0.43498573 
533 83 9 13 0.43046638 
480 36 8 11 0.42499048 
325 107 9 12 0.4238614 
30 20 9 12 0.4234408 
143 102 10 13 0.41973284 
941 226 11 13 0.41832015 
1010 147 10 14 0.41799867 
46 69 10 14 0.41660726 
533 197 11 14 0.41618818 
864 314 24 30 0.41524857 
201 69 10 13 0.4137883 
309 13 8 11 0.41218787 
554 222 9 13 0.40799445 
709 14 8 11 0.40784734 
900 88 9 13 0.40587178 
793 326 24 28 0.40549374 
462 182 10 13 0.404818 
486 202 13 15 0.40370977 
598 134 10 13 0.39859015 
278 163 9 12 0.3934232 
661 30 9 11 0.39322877 
977 176 8 10 0.38434196 
736 71 9 12 0.38255277 
272 104 10 13 0.38112503 
537 110 10 12 0.3801103 
975 124 9 11 0.3785966 
924 272 15 17 0.37750527 
419 106 11 14 0.37364855 
796 93 8 10 0.36989874 
976 144 10 12 0.36972833 
136 29 10 12 0.36953425 
349 129 14 17 0.36500472 
285 231 9 12 0.36475834 
320 72 9 10 0.36391494 
328 12 10 13 0.35897383 
946 38 9 11 0.35020855 
764 143 11 13 0.34975666 
790 200 10 12 0.34919494 
20 308 13 20 0.34788483 
528 24 8 10 0.34653816 
789 32 10 14 0.3454331 
823 132 12 15 0.34411073 
126 32 8 11 0.34344047 
191 85 9 12 0.34150058 
575 39 9 12 0.3412528 
940 256 16 20 0.34056816 
494 127 10 12 0.33849767 
58 102 8 11 0.33739036 
483 308 24 30 0.3353932 
6 304 17 21 0.33233783 
504 99 10 12 0.33141252 
383 283 13 16 0.33054897 
930 14 9 12 0.32992938 
205 77 8 10 0.32928807 
40 93 10 12 0.32760718 
1004 101 9 11 0.32671016 
388 231 12 15 0.32661554 
81 16 11 12 0.3212836 
103 35 10 12 0.3192774 
817 236 10 12 0.31730142 
777 302 17 19 0.31677446 
457 330 24 31 0.31648833 
219 219 12 15 0.31550616 
190 31 10 12 0.31484598 
641 46 8 11 0.31387192 
706 94 9 12 0.3125376 
462 84 10 12 0.31228203 
601 87 9 13 0.30972582 
230 151 9 11 0.3071993 
950 21 9 11 0.30719388 
449 133 11 13 0.30595025 
589 31 9 12 0.3049711 
350 48 8 11 0.30377764 
863 104 10 13 0.30113924 
231 156 9 12 0.30044466 
725 31 9 12 0.29805648 
688 184 8 11 0.29630467 
248 104 10 13 0.29251918 
257 117 11 14 0.29213166 
1 123 9 13 0.29168025 
42 126 8 10 0.28952965 
298 55 9 11 0.2892066 
62 38 10 11 0.28919038 
426 141 11 14 0.28824586 
98 141 9 12 0.28807154 
228 134 10 12 0.2871718 
917 171 12 16 0.28638238 
393 13 8 11 0.2856892 
141 250 12 15 0.2843105 
678 96 8 10 0.28375617 
885 79 10 13 0.28253865 
909 14 10 13 0.28143907 
117 255 11 14 0.28016663 
424 65 10 14 0.28009042 
758 175 9 13 0.2785167 
300 103 10 12 0.27752155 
6 258 10 13 0.27645355 
913 76 9 12 0.27638894 
861 77 10 13 0.2706045 
813 54 8 11 0.27052975 
805 277 13 15 0.27001098 
458 184 9 11 0.268972 
223 2 10 11 0.26813364 
808 38 9 12 0.2676337 
86 181 9 12 0.2655065 
733 247 9 12 0.26544827 
1012 244 10 16 0.26492292 
175 46 9 12 0.26381811 
24 77 10 12 0.26257232 
551 38 10 12 0.26152158 
159 62 9 11 0.26138353 
466 133 8 12 0.26126042 
767 166 9 11 0.2594106 
847 256 11 13 0.25888646 
199 64 11 12 0.25855273 
752 259 12 15 0.25742844 
444 190 11 13 0.2560126 
85 14 9 11 0.25552925 
1013 21 8 11 0.2553796 
105 8 9 12 0.25458384 
454 112 11 13 0.25168657 
495 39 10 12 0.25152567 
488 104 9 12 0.2511712 
773 0 9 11 0.25017124 
285 286 15 19 0.24890386 
422 284 13 17 0.24858625 
924 96 9 13 0.24813165 
605 87 9 11 0.24791662 
231 92 9 11 0.2476595 
875 314 21 26 0.24727134 
652 78 8 10 0.24621502 
334 62 10 12 0.24473608 
662 112 7 10 0.24446276 
871 204 8 11 0.24421926 
100 202 10 13 0.23960598 
695 28 9 12 0.23737802 
678 11 10 12 0.23721403 
646 87 9 12 0.23590437 
634 134 8 11 0.23538323 
310 167 11 13 0.23476031 
90 340 15 18 0.2329032 
919 23 8 10 0.23223642 
567 222 8 11 0.2319426 
119 107 9 12 0.23083545 
828 181 11 14 0.2289669 
684 277 13 16 0.22830354 
620 283 12 14 0.22453311 
575 192 9 13 0.22419515 
185 33 9 11 0.22369358 
264 294 10 14 0.22230254 
341 180 11 13 0.2221409 
18 124 9 11 0.21931149 
334 249 11 15 0.21839486 
582 104 9 11 0.21711549 
523 278 15 20 0.2167889 
151 124 9 12 0.21667536 
389 178 10 12 0.21632443 
63 116 9 11 0.21581276 
538 341 18 25 0.21398008 
991 104 9 11 0.21368065 
806 46 11 13 0.21365027 
1002 30 8 10 0.21307382 
1 218 9 14 0.21294078 
40 164 10 12 0.2119474 
862 70 11 13 0.21092016 
728 6 9 11 0.20867486 
60 150 10 14 0.20753337 
360 19 10 13 0.20737073 
488 238 18 23 0.20648243 
673 59 9 11 0.20647393 
508 95 9 12 0.20646903 
362 4 9 10 0.20589283 
535 260 13 16 0.20558944 
104 267 13 18 0.20536616 
288 213 10 12 0.20523845 
629 97 8 11 0.20404314 
327 135 11 15 0.20350836 
335 181 10 13 0.20119858 
299 288 14 21 0.2000617 
223 93 8 11 0.19761941 
598 4 8 10 0.19610162 
543 290 17 22 0.19492508 
616 143 10 11 0.19486454 
783 13 10 13 0.19480053 
436 94 11 12 0.19426449 
262 248 12 16 0.19404429 
745 231 8 11 0.19382411 
957 54 8 10 0.19123146 
496 14 9 11 0.19103342 
326 183 10 14 0.19069052 
238 220 10 12 0.19014892 
368 250 12 16 0.18754144 
946 22 8 11 0.18717055 
966 39 8 11 0.18572558 
844 87 9 12 0.18499514 
688 74 10 12 0.1846927 
347 297 13 17 0.18372156 
479 213 14 17 0.18367034 
317 27 9 12 0.18308417 
46 119 8 11 0.18188603 
932 237 15 16 0.18136722 
438 46 8 10 0.18072212 
76 321 14 17 0.18057759 
681 109 9 12 0.1785116 
29 150 9 12 0.17534262 
109 11 9 12 0.17503142 
828 91 10 13 0.17494804 
171 343 12 15 0.17343438 
177 70 10 12 0.1727507 
521 62 10 11 0.17227748 
563 309 16 21 0.17206526 
740 275 14 19 0.17151332 
424 29 7 11 0.17132553 
85 152 9 11 0.17126015 
645 198 8 10 0.17103389 
82 30 10 13 0.17014404 
146 64 8 10 0.16972713 
820 115 11 12 0.16955556 
814 160 9 12 0.16881151 
922 38 8 11 0.16825366 
0 72 7 11 0.16820091 
574 0 8 9 0.16795291 
365 243 12 16 0.16745068 
505 2 8 9 0.16723663 
385 216 9 12 0.16715762 
592 5 9 11 0.16704129 
721 86 9 11 0.16681117 
56 11 11 13 0.1662218 
157 71 10 13 0.16584219 
246 84 9 11 0.16218965 
566 126 8 10 0.16211128 
968 223 10 12 0.16179222 
230 4 10 13 0.16173568 
140 24 11 12 0.16154929 
573 275 12 14 0.16088304 
25 314 13 17 0.16059552 
23 169 9 12 0.16051021 
567 145 8 11 0.16017656 
718 192 9 11 0.159801 
482 134 9 11 0.15857087 
366 313 17 20 0.15815423 
56 111 9 11 0.15768142 
262 123 10 15 0.15732928 
298 107 11 13 0.15687965 
510 3 7 10 0.15658702 
277 317 15 18 0.15654364 
582 36 10 12 0.15638998 
503 280 13 17 0.1558713 
577 111 9 11 0.15562974 
85 64 8 11 0.154802 
982 240 13 17 0.15458827 
1004 96 10 11 0.15386635 
342 224 10 12 0.15342069 
344 52 9 11 0.1530739 
553 31 8 11 0.1525793 
245 275 10 13 0.15221633 
13 242 14 16 0.15195149 
221 358 10 13 0.15098767 
645 16 9 11 0.1500887 
519 40 8 11 0.14980535 
49 150 7 10 0.14960553 
624 99 9 12 0.14903878 
617 317 17 21 0.14822471 
704 85 9 11 0.14782554 
353 77 9 12 0.14635502 
296 60 10 13 0.1456371 
234 47 9 12 0.1455273 
475 316 24 32 0.14531721 
672 10 11 14 0.14433692 
994 1 9 11 0.14428101 
445 78 8 11 0.1442618 
700 184 9 12 0.14418936 
999 14 8 10 0.14324367 
46 282 14 19 0.14311573 
36 100 11 13 0.14308627 
886 276 10 13 0.1426191 
907 289 11 13 0.1422839 
154 78 9 12 0.14200059 
367 187 8 11 0.14192209 
695 184 11 13 0.14130372 
161 36 10 12 0.14116962 
951 134 11 14 0.140097 
287 1 9 11 0.14003755 
0 54 8 12 0.13976778 
891 197 11 13 0.13934675 
708 289 13 16 0.13915673 
230 118 7 10 0.13814159 
95 316 12 17 0.13804261 
766 171 10 13 0.13803324 
232 51 9 12 0.13778669 
23 70 9 12 0.1376525 
934 7 10 11 0.13742988 
154 320 14 18 0.13696697 
254 109 9 12 0.13640457 
463 0 11 11 0.13638726 
812 47 9 12 0.13563243 
6 244 10 14 0.13530345 
241 292 13 16 0.1349551 
896 106 11 15 0.1349432 
882 307 15 20 0.13390432 
693 25 8 10 0.13326012 
700 289 15 18 0.13305938 
263 353 13 16 0.1328777 
711 21 8 11 0.13277052 
781 76 9 13 0.1325034 
167 46 8 11 0.13243204 
587 268 15 20 0.13216645 
780 276 11 13 0.13178593 
344 292 13 16 0.13112122 
237 6 9 11 0.13086031 
784 158 9 12 0.13065635 
679 101 9 11 0.13019401 
707 245 11 15 0.12982659 
943 65 9 11 0.12960769 
709 77 9 11 0.12887506 
592 75 9 12 0.12861522 
685 7 9 11 0.12833773 
646 46 9 12 0.1274549 
926 124 9 12 0.12726566 
542 13 8 11 0.12649138 
710 98 10 12 0.12648983 
413 315 16 20 0.12602893 
70 313 15 20 0.12587221 
198 2 9 10 0.1258453 
48 74 9 12 0.12581491 
733 275 15 19 0.124819204 
910 316 21 26 0.12450035 
485 218 14 16 0.12444031 
279 142 10 12 0.12423879 
726 115 10 12 0.12289131 
213 63 8 11 0.122768834 
865 62 10 13 0.1224947 
427 282 13 16 0.1222914 
695 76 9 11 0.12194754 
125 110 8 11 0.12132613 
721 196 9 13 0.12049393 
797 244 11 12 0.1202625 
948 227 10 12 0.12017194 
647 111 8 11 0.119887166 
153 84 9 11 0.118513435 
612 120 9 11 0.1178854 
169 285 11 15 0.11775381 
344 8 9 11 0.1174885 
502 16 8 10 0.117188334 
737 123 10 13 0.11697551 
210 118 8 11 0.115869276 
252 307 13 17 0.11586729 
837 269 13 15 0.11562157 
761 292 11 14 0.115582585 
253 231 10 13 0.11520205 
1008 239 12 13 0.11520168 
705 47 8 12 0.11475937 
618 137 8 9 0.11475155 
653 72 8 10 0.11429919 
817 205 9 12 0.113960005 
951 31 8 11 0.11350606 
869 290 12 16 0.11281186 
64 30 9 11 0.11265644 
883 14 10 13 0.112528324 
598 78 8 10 0.11238133 
1003 39 10 12 0.11192298 
39 289 13 17 0.11136242 
246 182 8 11 0.11099194 
30 8 8 10 0.11088878 
98 150 10 12 0.110541515 
777 227 9 13 0.110427566 
416 182 10 12 0.11007373 
407 336 13 18 0.109947994 
1014 180 9 13 0.10974859 
502 40 9 11 0.109706804 
529 81 10 11 0.108615756 
327 344 15 18 0.10841955 
775 61 9 12 0.10773492 
948 140 12 14 0.10730154 
273 163 9 12 0.1070719 
581 272 14 18 0.107053615 
198 46 9 11 0.10688954 
64 24 10 11 0.1068704 
22 86 10 13 0.10678919 
557 28 10 12 0.10647499 
57 48 10 13 0.10623325 
782 183 9 12 0.105213955 
172 122 10 13 0.10485968 
231 173 9 11 0.10453945 
157 87 11 12 0.10450262 
786 141 8 11 0.104465865 
21 120 9 12 0.10436858 
296 70 10 12 0.10425481 
268 36 10 11 0.10395727 
879 214 10 12 0.10383925 
884 132 9 13 0.103097044 
913 159 11 15 0.10306363 
582 262 13 15 0.10289017 
809 59 11 13 0.10269063 
197 38 8 10 0.10247981 
260 71 9 12 0.10241849 
508 321 23 28 0.10238939 
29 37 8 11 0.10232848 
38 182 9 10 0.10208458 
518 15 8 11 0.101889744 
94 6 9 11 0.1017603 
199 21 10 11 0.10168689 
436 110 10 11 0.101243965 
836 30 10 13 0.10087056 
734 13 10 12 0.10000528 
671 220 9 11 0.09996429 
127 246 11 14 0.09965312 
32 190 10 13 0.09888107 
703 226 9 12 0.09873406 
335 164 12 15 0.09872555 
864 83 9 12 0.09817073 
94 24 8 10 0.09816102 
942 167 11 14 0.098125055 
877 174 10 14 0.0980986 
278 193 11 14 0.098005526 
832 79 8 10 0.097938664 
333 119 11 13 0.09770065 
477 287 15 19 0.097624585 
640 110 8 12 0.09752694 
357 95 10 13 0.097323395 
852 130 10 14 0.09717375 
743 208 9 11 0.09717357 
584 72 8 11 0.09704743 
390 204 9 12 0.09675087 
334 270 13 17 0.09672359 
549 94 10 13 0.09650536 
271 147 8 12 0.0962125 
616 102 9 11 0.09601005 
150 235 11 13 0.095903106 
777 16 9 11 0.0949572 
665 307 14 17 0.09444809 
449 59 10 13 0.094284356 
270 128 10 12 0.0942699 
879 137 11 14 0.09413154 
662 252 14 19 0.094100766 
229 141 9 13 0.09377408 
937 179 12 13 0.09358158 
957 22 9 12 0.09344124 
708 207 8 11 0.09335786 
648 116 8 11 0.09327305 
336 172 11 14 0.09307729 
876 222 10 13 0.092814736 
531 252 13 15 0.092507586 
373 165 9 12 0.09247547 
840 235 11 13 0.091458276 
773 190 10 13 0.09133537 
507 274 19 24 0.09119065 
936 109 9 12 0.091092624 
311 22 11 13 0.09104876 
68 176 10 12 0.09081772 
786 204 9 12 0.09075044 
599 110 8 10 0.090642214 
825 87 10 12 0.09063752 
88 9 9 11 0.09063617 
567 252 11 13 0.09055279 
672 29 9 11 0.09006177 
834 37 10 14 0.089698225 
711 9 8 11 0.08932886 
720 36 9 11 0.089095674 
340 246 11 15 0.088991754 
809 275 15 16 0.08870104 
223 228 13 17 0.088554755 
950 112 9 12 0.088314 
383 49 10 13 0.08811502 
24 266 10 14 0.087800145 
253 13 9 12 0.087705895 
818 110 10 13 0.08749666 
353 100 11 13 0.087469235 
217 86 8 10 0.08733919 
905 17 10 14 0.08711358 
950 47 9 12 0.087070145 
516 192 11 14 0.08706773 
649 52 9 11 0.08660538 
301 78 8 10 0.086554095 
380 73 12 15 0.08644378 
196 29 10 13 0.08641213 
23 148 9 12 0.086397186 
133 246 13 15 0.086386696 
333 6 9 11 0.08623958 
15 55 9 12 0.085935764 
741 174 10 13 0.0858177 
193 168 9 12 0.08581467 
565 101 8 11 0.08565197 
1013 70 9 12 0.085597284 
458 78 9 11 0.085470356 
249 443 9 12 0.08544148 
608 126 8 10 0.08527737 
422 47 8 12 0.08516543 
720 4 9 12 0.08499282 
491 220 12 15 0.08463345 
278 59 10 13 0.08453013 
486 132 10 12 0.08427472 
857 72 9 13 0.08370756 
57 96 9 11 0.08314707 
948 84 9 12 0.08308189 
352 317 12 16 0.083027706 
520 22 9 12 0.082955435 
774 20 10 12 0.08277048 
550 1 8 9 0.08262906 
917 71 8 11 0.08236895 
622 134 8 10 0.08234133 
845 299 16 20 0.08219699 
968 103 8 10 0.08196511 
602 182 7 11 0.08178348 
727 324 11 15 0.08154457 
482 284 14 18 0.081512585 
452 31 9 12 0.0809308 
583 129 7 9 0.080759645 
674 0 7 7 0.080674045 
218 1 9 10 0.08052913 
582 133 8 10 0.07999675 
110 29 9 13 0.079882085 
852 5 10 13 0.07967471 
55 115 9 11 0.079595655 
755 246 11 13 0.07887824 
588 309 13 18 0.078759104 
288 150 9 11 0.07859631 
132 195 12 15 0.078399315 
901 215 10 12 0.07818254 
613 126 8 10 0.07808496 
360 250 13 15 0.07787104 
182 46 8 11 0.07762628 
981 182 10 13 0.07747072 
457 84 11 13 0.07717754 
1000 23 9 11 0.07654716 
791 178 10 13 0.07647303 
653 144 10 12 0.076433055 
294 0 8 9 0.07632426 
132 316 14 16 0.076208346 
736 357 9 12 0.07569548 
927 110 10 13 0.07569119 
814 335 18 23 0.075558215 
432 226 11 15 0.07553663 
3 254 10 14 0.07545168 
32 155 9 12 0.075350955 
774 271 12 14 0.07512518 
45 298 15 20 0.07481492 
728 276 12 15 0.07472114 
296 77 9 12 0.07472035 
876 298 18 21 0.0745361 
703 72 9 12 0.074383825 
511 313 15 19 0.07433794 
680 315 15 19 0.074298345 
100 282 13 18 0.07428552 
303 124 9 10 0.07416587 
206 63 9 11 0.07406292 
542 55 8 12 0.073502205 
1009 22 8 10 0.07335974 
420 204 11 13 0.07327033 
223 85 9 12 0.073270164 
226 125 9 10 0.07326353 
641 198 8 10 0.07310166 
695 37 9 12 0.07309608 
225 73 10 12 0.07303383 
96 1 8 9 0.07301188 
732 205 10 12 0.07265279 
494 55 9 12 0.07249364 
631 283 12 15 0.07247543 
855 312 22 30 0.07246341 
656 128 9 10 0.072231546 
838 25 9 10 0.07205976 
701 112 10 12 0.07172284 
327 364 10 14 0.07159038 
193 2 10 10 0.0715274 
944 46 10 13 0.07126954 
249 13 9 11 0.07119218 
820 232 11 13 0.07119193 
188 14 10 13 0.07118044 
190 79 9 11 0.07105834 
715 318 13 18 0.07073009 
586 5 9 11 0.07065744 
388 218 12 14 0.070605576 
450 110 10 13 0.070215106 
61 7 11 13 0.070210114 
453 128 9 11 0.070049115 
168 141 10 12 0.069989495 
463 71 9 10 0.069806986 
1006 107 8 11 0.06976092 
798 101 10 13 0.06964755 
53 77 8 11 0.06958864 
678 0 8 9 0.06949089 
97 249 11 15 0.069213435 
753 179 10 13 0.06906318 
550 5 9 10 0.068832844 
385 84 10 13 0.06869837 
839 168 12 15 0.06863759 
822 302 12 15 0.06862315 
107 156 10 12 0.06857941 
522 28 8 11 0.06849147 
213 159 7 10 0.06838906 
791 213 8 10 0.06806195 
126 116 9 11 0.06794757 
946 32 9 11 0.06792392 
101 161 12 16 0.06777919 
793 47 11 14 0.067742385 
970 11 9 12 0.06752492 
112 103 11 13 0.06732936 
599 129 9 11 0.067189634 
4 117 10 14 0.06716085 
402 93 12 16 0.06714273 
151 63 8 11 0.067035615 
928 240 13 16 0.06678489 
942 51 9 12 0.06674684 
824 187 11 13 0.066709064 
227 243 14 19 0.06665183 
927 18 10 13 0.06659902 
622 266 12 14 0.06644942 
767 86 11 13 0.06629623 
233 38 10 12 0.066238895 
313 48 10 13 0.06603792 
939 233 14 17 0.065941654 
981 166 9 12 0.06578842 
404 289 12 15 0.06577475 
330 408 9 12 0.065703034 
340 62 10 12 0.06565216 
843 266 15 19 0.06544241 
351 117 14 15 0.06540738 
162 44 9 12 0.06539659 
392 30 10 11 0.06534467 
568 276 11 14 0.0647532 
420 246 13 16 0.064629324 
750 325 11 16 0.06446315 
691 268 13 15 0.06442824 
537 54 8 12 0.06440603 
132 204 12 15 0.06422116 
186 331 10 13 0.06418349 
333 1 9 9 0.06400516 
481 93 8 11 0.06379311 
932 116 9 12 0.06372496 
789 21 11 12 0.06371961 
681 282 10 14 0.0633117 
805 125 10 14 0.06316998 
192 91 9 12 0.06303891 
365 15 9 12 0.06280309 
215 4 10 12 0.0627649 
140 259 13 16 0.06268272 
766 78 9 11 0.062677965 
848 127 11 15 0.062261958 
298 15 8 10 0.062146354 
131 135 10 13 0.062118042 
714 229 10 12 0.062111188 
247 7 9 10 0.06209237 
240 276 11 14 0.062087346 
734 213 9 11 0.062024206 
924 188 10 12 0.062012047 
776 55 8 11 0.061908226 
340 237 10 13 0.061603542 
261 61 9 11 0.061459623 
150 274 13 16 0.061163463 
853 267 12 16 0.06115041 
418 234 13 17 0.061122607 
789 143 9 12 0.06084381 
62 135 9 12 0.060787283 
945 158 9 11 0.060651403 
172 109 11 14 0.060643893 
647 40 8 10 0.060523782 
554 23 8 10 0.060391787 
156 310 12 13 0.06037861 
545 1 8 9 0.06034814 
829 136 12 14 0.060343917 
313 253 10 13 0.060337145 
727 92 9 12 0.06027625 
503 119 8 10 0.06023502 
911 8 10 12 0.060096134 
873 186 9 13 0.059992857 
679 70 8 10 0.05979403 
52 276 11 15 0.05965601 
794 221 8 12 0.059619777 
844 275 15 17 0.059582707 
246 62 8 11 0.059504364 
879 96 10 12 0.059478886 
968 119 9 12 0.059469182 
784 134 9 13 0.059205066 
741 76 11 13 0.05920122 
57 38 10 12 0.059176683 
636 281 14 19 0.059156246 
172 289 15 18 0.059076227 
37 189 9 11 0.059046574 
262 56 8 11 0.05899634 
354 293 15 17 0.05897937 
1015 119 9 12 0.05893847 
109 261 11 14 0.058844943 
961 38 8 11 0.058785662 
278 134 8 10 0.058626503 
45 56 8 11 0.058620505 
479 8 10 11 0.05861682 
900 427 12 13 0.05859767 
465 38 9 11 0.05843831 
374 160 8 12 0.058369793 
997 5 9 11 0.05807113 
182 142 9 12 0.058019962 
732 312 11 15 0.057869606 
530 274 14 19 0.057640437 
951 80 9 11 0.05762401 
725 330 12 16 0.057546478 
264 163 9 12 0.05738983 
543 7 9 10 0.05730694 
242 298 15 18 0.057260584 
969 122 10 14 0.057226136 
543 29 8 11 0.05718963 
608 111 8 10 0.057175286 
233 375 9 10 0.057117093 
958 275 12 16 0.056889758 
14 100 10 13 0.056745768 
254 267 12 15 0.056690183 
759 85 10 13 0.056684364 
308 88 9 12 0.056644298 
122 36 9 11 0.056583382 
93 37 10 12 0.056532264 
514 111 7 11 0.05640631 
526 68 8 11 0.056255106 
110 134 10 13 0.05612262 
656 283 9 14 0.05611145 
159 56 9 11 0.05608936 
661 230 10 13 0.05604172 
985 71 8 10 0.056041595 
136 102 8 11 0.05597501 
318 469 9 11 0.05591724 
165 32 9 11 0.05586587 
326 70 8 10 0.055864207 
519 183 8 10 0.05567984 
239 371 9 12 0.05552224 
892 39 10 13 0.055434886 
919 117 9 12 0.0553639 
8 294 11 15 0.055258192 
198 13 9 12 0.055202078 
373 182 10 13 0.05518249 
485 297 17 20 0.05511606 
232 214 11 13 0.05499399 
446 85 9 11 0.0549838 
1000 42 10 13 0.054866463 
351 95 11 13 0.05486607 
920 29 9 11 0.054862015 
149 217 13 16 0.054707773 
657 111 8 11 0.054693993 
960 0 9 9 0.054557625 
437 117 9 12 0.054190442 
787 108 12 16 0.0541669 
533 289 14 19 0.054134868 
231 165 9 12 0.054121003 
432 100 10 13 0.05401689 
9 135 9 11 0.05401528 
1006 86 10 12 0.05400298 
994 13 9 10 0.053950496 
862 283 13 18 0.053878404 
453 92 11 14 0.05382494 
398 221 9 12 0.053727575 
503 20 8 11 0.05363262 
464 129 8 11 0.053611267 
985 233 14 18 0.05360769 
104 103 9 11 0.053431157 
728 316 12 16 0.053142723 
371 237 11 14 0.053091813 
852 259 11 15 0.052962113 
983 107 8 11 0.052932676 
863 174 12 14 0.0529028 
88 55 8 10 0.052868813 
688 40 10 12 0.05273543 
29 27 10 13 0.052714378 
0 286 8 14 0.052639678 
62 330 14 18 0.052585147 
328 117 11 14 0.052446432 
957 30 9 11 0.05230389 
109 141 10 11 0.05219487 
574 56 9 11 0.05217447 
487 0 8 8 0.052154973 
880 276 12 14 0.052074213 
207 7 9 10 0.052071627 
447 450 14 16 0.05206227 
811 204 9 11 0.05200718 
74 308 18 22 0.051968403 
479 13 9 11 0.051936302 
551 89 9 11 0.05183485 
1000 199 12 15 0.05178807 
640 191 8 10 0.051773928 
882 204 11 14 0.051621325 
974 61 8 10 0.05158557 
790 100 11 14 0.051569883 
396 230 9 13 0.051563926 
397 6 9 12 0.051418398 
976 97 9 11 0.051355753 
920 43 9 12 0.051348828 
9 88 9 12 0.05128963 
813 31 10 12 0.05120742 
983 39 8 10 0.05113255 
656 178 8 11 0.051124856 
641 20 11 13 0.050958678 
142 268 11 13 0.0509001 
285 144 8 11 0.0507769 
440 14 10 11 0.05070328 
231 61 10 12 0.050646503 
68 28 9 12 0.050596386 
616 279 12 15 0.050454147 
727 24 9 10 0.050232608 
879 60 8 12 0.050216623 
438 39 8 11 0.050181933 
789 261 12 14 0.050066397 
84 21 10 11 0.050011076 
206 309 11 13 0.0500075 
217 134 9 12 0.049973033 
297 47 9 12 0.049966518 
7 172 8 11 0.04992495 
563 299 15 18 0.049882486 
388 288 13 15 0.049834162 
814 262 13 15 0.049816743 
153 70 10 13 0.049554065 
891 165 10 13 0.049491324 
336 81 9 11 0.04948081 
86 186 10 14 0.04947857 
301 61 9 12 0.04943443 
901 103 10 13 0.0493889 
456 6 10 11 0.049360283 
877 188 9 12 0.049321134 
147 244 13 16 0.049309775 
519 84 10 11 0.049196657 
800 281 13 16 0.049141295 
934 20 9 12 0.049109675 
171 278 11 15 0.049101233 
390 37 10 13 0.04908187 
881 82 11 12 0.048988458 
946 123 11 13 0.0489239 
16 166 9 12 0.048915092 
421 183 9 11 0.048900455 
20 240 14 18 0.04888737 
886 9 8 11 0.048871793 
686 102 9 11 0.048771515 
729 10 10 12 0.04875619 
305 9 9 12 0.04872696 
772 88 10 12 0.04851821 
917 7 9 11 0.04846255 
422 221 11 13 0.048457995 
840 178 10 13 0.048268992 
791 148 8 11 0.048253443 
527 54 8 11 0.048238076 
70 24 9 11 0.04819903 
1009 15 8 10 0.048058655 
534 24 9 11 0.04797359 
490 228 15 17 0.047940645 
85 335 14 18 0.04787306 
1008 76 9 12 0.047872745 
8 166 7 11 0.04777026 
289 287 20 24 0.047758523 
135 0 9 9 0.047616195 
446 93 11 14 0.047583044 
512 22 7 11 0.047563314 
64 126 9 11 0.04754933 
103 137 9 12 0.047543447 
133 292 13 17 0.047518026 
663 116 8 10 0.04746117 
663 221 8 12 0.047442768 
538 13 8 11 0.04729159 
844 232 10 12 0.04725897 
763 340 11 14 0.04722572 
511 39 8 11 0.047101192 
718 93 10 13 0.04700471 
207 83 8 12 0.046916146 
748 229 10 13 0.046814676 
1006 179 11 14 0.046804283 
536 7 8 10 0.046726752 
178 40 8 10 0.046695124 
423 76 10 14 0.046657387 
799 217 8 11 0.046504945 
722 110 9 11 0.046431754 
259 305 13 18 0.046396367 
238 40 9 11 0.046385888 
785 115 11 13 0.046362463 
15 46 9 11 0.046232738 
334 300 11 16 0.046227675 
624 375 8 11 0.046227675 
864 55 11 12 0.046008576 
93 309 12 18 0.0459939 
585 24 8 10 0.0459869 
236 14 10 12 0.04587268 
335 55 10 12 0.04574939 
249 229 10 14 0.04572394 
1017 37 8 11 0.045681536 
206 301 11 13 0.045663618 
887 72 9 11 0.04565084 
81 339 12 16 0.045579504 
317 174 9 12 0.04557515 
725 237 9 11 0.045538846 
979 173 10 12 0.045460947 
263 15 11 14 0.04545608 
335 46 9 12 0.04538863 
535 1 8 8 0.045356236 
704 8 10 12 0.04533967 
54 1 9 9 0.045278728 
577 70 9 12 0.045276336 
852 275 12 18 0.045249764 
448 282 12 17 0.045131143 
13 137 10 11 0.04510198 
976 256 16 20 0.0450783 
688 237 10 12 0.045020808 
0 148 7 12 0.04489484 
918 259 11 15 0.044739097 
3 246 8 12 0.044658013 
78 329 14 17 0.04462699 
881 159 12 14 0.04459562 
644 283 13 18 0.044510566 
639 69 8 11 0.044498168 
937 92 10 12 0.044402786 
526 192 10 12 0.044335708 
281 1 10 10 0.04413946 
958 169 11 14 0.04405133 
2 313 22 30 0.044049583 
701 32 8 11 0.043961756 
765 136 11 13 0.043935146 
929 8 10 12 0.043887883 
870 54 10 13 0.043833777 
385 175 10 13 0.043788828 
198 93 8 11 0.04369431 
365 78 9 12 0.043667924 
285 220 9 12 0.043622915 
417 381 12 15 0.043622218 
46 87 8 11 0.04358708 
21 143 9 13 0.043536678 
699 435 15 20 0.043504447 
135 266 13 16 0.0434534 
742 258 12 16 0.043427087 
817 150 9 11 0.043419804 
925 130 11 14 0.04332354 
1 59 9 14 0.043280266 
82 155 9 12 0.043252207 
417 52 9 12 0.043214545 
760 7 10 11 0.04320697 
170 373 12 13 0.04313949 
73 139 10 12 0.04302451 
471 53 8 10 0.043016918 
264 102 9 11 0.04298508 
379 245 13 17 0.042973414 
736 19 9 13 0.042906765 
834 131 13 16 0.042903446 
72 63 8 11 0.04283024 
831 24 9 11 0.042792067 
432 435 12 16 0.04271165 
141 36 8 11 0.042612135 
827 340 13 19 0.0425082 
49 6 9 11 0.042389486 
941 6 9 10 0.042317517 
182 118 9 12 0.042224385 
938 53 8 10 0.042179752 
501 214 10 13 0.042127866 
761 70 8 10 0.042018786 
440 193 12 15 0.04194738 
313 182 10 14 0.041933995 
593 88 8 10 0.041922156 
1007 248 15 18 0.041895166 
694 101 8 10 0.041870628 
451 139 11 14 0.04185321 
396 284 15 18 0.041822076 
542 103 9 12 0.04171636 
632 45 10 12 0.041641768 
967 237 13 15 0.041628733 
325 146 11 15 0.041628506 
671 233 10 13 0.04160254 
27 14 10 13 0.041543044 
326 301 11 14 0.0415222 
264 219 10 12 0.041522007 
241 385 9 12 0.04142077 
255 82 9 13 0.0413746 
438 88 11 11 0.041317463 
767 212 9 12 0.041293018 
740 119 11 14 0.041251265 
506 195 10 14 0.04123613 
912 112 9 12 0.041193623 
270 0 9 9 0.04117185 
552 216 9 12 0.04111441 
320 158 9 12 0.040991414 
776 184 9 11 0.04095796 
453 283 18 21 0.040956605 
872 119 10 12 0.040953603 
301 48 9 12 0.040825564 
896 191 10 12 0.04082515 
607 6 9 10 0.040820587 
458 268 14 16 0.0407651 
511 116 9 11 0.040608417 
592 92 8 11 0.040601153 
479 276 13 16 0.040589735 
940 188 10 13 0.04055675 
880 38 12 15 0.04043104 
745 223 9 12 0.040388495 
431 195 11 15 0.040308494 
425 188 9 12 0.04029656 
88 42 10 13 0.040295824 
3 195 11 15 0.040271543 
282 74 17 22 0.040245607 
437 98 12 15 0.040244516 
707 320 22 28 0.04021633 
661 279 10 13 0.04019392 
277 326 17 22 0.04017437 
622 1 18 22 0.040087905 
845 217 11 13 0.040059317 
741 291 13 14 0.040038634 
99 320 14 17 0.040037043 
810 162 9 12 0.04002178 
775 68 11 14 0.039932158 
70 8 9 11 0.039926007 
735 258 11 14 0.039918084 
697 113 9 11 0.039897718 
431 203 10 12 0.03987122 
489 14 7 11 0.03984724 
295 176 10 12 0.039842963 
587 281 13 16 0.039806265 
912 444 11 12 0.039773423 
741 15 11 13 0.03977107 
655 229 13 16 0.039741013 
388 185 12 18 0.03971525 
244 333 11 14 0.039664254 
701 38 8 10 0.039646417 
463 31 10 12 0.03964088 
480 128 10 12 0.039623067 
439 54 9 11 0.039598007 
192 62 8 11 0.039567515 
239 2 8 10 0.039520603 
214 191 9 11 0.03951824 
128 102 9 12 0.039456036 
49 112 8 10 0.03945573 
173 142 11 13 0.039377015 
1000 177 12 15 0.0393405 
795 198 9 12 0.039311893 
260 467 10 13 0.039270982 
238 158 9 12 0.03918138 
239 428 9 11 0.039164655 
779 61 10 13 0.039146375 
198 291 11 15 0.03911016 
191 292 11 14 0.039099656 
858 100 11 14 0.039054774 
602 244 11 15 0.03900549 
656 202 17 22 0.038948607 
184 265 12 16 0.03892263 
919 109 10 13 0.038901296 
821 160 11 12 0.038887504 
164 63 9 10 0.038854904 
865 205 9 11 0.03883962 
702 277 12 15 0.038829204 
458 277 18 20 0.038789604 
827 118 12 14 0.038762767 
445 100 12 13 0.038655225 
785 212 9 11 0.038639963 
636 229 10 13 0.038596172 
55 151 17 22 0.038586758 
900 233 12 16 0.03858465 
198 53 10 12 0.038565945 
65 187 11 14 0.038459174 
247 29 9 12 0.03845004 
597 72 8 11 0.038442165 
148 268 12 16 0.03837962 
696 229 8 11 0.038379584 
377 20 10 13 0.038375873 
57 86 8 11 0.038319875 
869 85 9 11 0.0383071 
182 75 10 12 0.038287494 
560 69 9 11 0.038268205 
822 162 18 22 0.03825618 
417 283 11 17 0.03814573 
787 7 12 14 0.03814397 
454 152 11 13 0.0380944 
701 257 14 16 0.038077 
205 22 10 11 0.03794646 
462 16 9 10 0.03790742 
4 190 10 12 0.037868448 
826 126 14 18 0.037850123 
62 59 8 11 0.037813224 
912 85 9 12 0.037802827 
461 110 10 13 0.03777028 
767 2 11 13 0.037768573 
79 86 9 11 0.037751824 
87 198 9 11 0.03774596 
957 169 18 23 0.03771162 
737 47 9 13 0.037564326 
348 307 13 15 0.037483554 
912 305 22 26 0.037438452 
528 5 10 11 0.03743135 
247 162 10 13 0.037426118 
350 284 13 16 0.03732939 
480 23 9 11 0.037250586 
192 47 9 12 0.037235677 
382 15 10 12 0.037221823 
352 109 13 15 0.03719347 
101 304 14 20 0.037175767 
268 384 10 13 0.037159797 
867 107 10 14 0.037152015 
470 275 13 19 0.037123855 
342 68 9 11 0.03710373 
111 24 9 11 0.03704129 
19 249 13 17 0.03703408 
110 151 9 12 0.037026342 
635 205 11 14 0.037024245 
646 30 9 11 0.037012856 
974 273 15 20 0.036992814 
374 171 10 13 0.03698455 
256 214 9 12 0.03695131 
5 183 9 11 0.036920372 
640 184 8 11 0.036917508 
323 156 13 16 0.036892816 
891 203 11 13 0.03688847 
799 108 11 14 0.03682762 
126 195 12 16 0.036818888 
326 56 9 11 0.03679455 
707 269 13 15 0.036729444 
768 270 11 14 0.03671624 
821 243 11 12 0.036714096 
30 166 9 13 0.036693696 
350 203 12 14 0.036658354 
179 64 9 11 0.03664145 
798 270 12 15 0.036556087 
139 290 16 18 0.036516786 
144 117 9 13 0.03649474 
683 183 9 11 0.03647549 
494 102 9 12 0.03643508 
269 220 10 12 0.036430743 
70 111 8 11 0.03640986 
297 20 8 10 0.036363564 
643 269 11 14 0.03629141 
377 39 11 15 0.036228072 
789 275 13 16 0.036162887 
83 313 14 19 0.036133748 
388 47 10 13 0.036128897 
560 269 12 14 0.036125902 
698 427 16 18 0.03603117 
302 118 9 12 0.03597846 
326 356 13 17 0.035931617 
389 195 11 16 0.03591178 
304 174 10 12 0.0358583 
350 39 9 11 0.03585377 
868 102 11 14 0.035845414 
492 214 11 14 0.03581339 
98 151 19 22 0.035706155 
86 77 9 11 0.035662163 
285 205 11 14 0.035654668 
538 60 10 12 0.035650115 
709 47 10 12 0.03564636 
588 217 10 12 0.03564626 
191 149 8 11 0.03563964 
31 179 9 12 0.035628382 
568 271 21 25 0.035612036 
286 55 10 12 0.035599492 
804 221 9 13 0.03559797 
142 229 13 15 0.035561744 
870 295 15 21 0.035518643 
568 121 8 10 0.03547905 
447 71 9 12 0.035422407 
702 267 12 15 0.03541757 
570 191 10 13 0.035325747 
629 2 9 10 0.03531596 
279 171 9 12 0.03530438 
656 103 8 11 0.035297967 
918 16 8 11 0.03528482 
90 93 9 11 0.035244253 
785 148 9 12 0.0352186 
874 123 10 13 0.035159435 
287 72 10 13 0.035125773 
712 28 9 11 0.035111744 
358 52 9 13 0.035050713 
937 167 10 13 0.034993082 
215 46 9 11 0.034898035 
480 118 9 11 0.034896534 
227 156 9 12 0.03487795 
215 68 9 12 0.034850914 
229 219 14 17 0.03477497 
6 209 12 15 0.034773685 
881 8 9 12 0.034708526 
144 97 8 10 0.03469516 
134 180 10 13 0.034688354 
1006 7 8 11 0.034686536 
216 197 9 12 0.03456869 
575 228 9 13 0.034494914 
975 22 8 10 0.034491368 
823 80 9 11 0.03444729 
837 79 9 11 0.034433592 
245 221 10 13 0.034431778 
688 230 10 12 0.03441084 
167 114 17 21 0.03437124 
969 61 9 10 0.03436144 
486 270 13 15 0.034347203 
627 279 20 25 0.03430305 
407 270 11 15 0.034299728 
615 6 8 11 0.03425305 
31 144 8 10 0.034240272 
490 54 8 11 0.034203324 
29 261 10 13 0.034138296 
246 38 9 11 0.034132544 
548 192 9 12 0.034003887 
445 22 10 14 0.03396175 
594 273 12 16 0.03392466 
456 72 8 11 0.033901483 
415 277 11 15 0.033885118 
930 267 13 17 0.03383866 
883 211 11 15 0.033833094 
798 30 10 12 0.033800516 
938 241 16 20 0.033761077 
584 1 9 10 0.033744935 
325 307 11 14 0.033742882 
327 18 11 13 0.033705223 
976 29 8 10 0.03369984 
565 258 12 16 0.033696674 
830 262 14 17 0.033691365 
873 213 10 12 0.03368955 
68 116 9 12 0.033688366 
327 432 9 11 0.033634327 
392 19 9 12 0.033585005 
480 43 9 11 0.03358483 
815 111 20 24 0.033574905 
654 177 17 23 0.033570986 
463 22 8 10 0.033566482 
634 109 8 11 0.03350811 
808 200 10 12 0.033489514 
907 194 11 13 0.033443443 
606 49 10 13 0.033354685 
704 133 9 10 0.033233736 
512 434 11 14 0.03318271 
333 31 9 12 0.03305216 
339 284 13 16 0.03302894 
181 96 9 11 0.03299736 
652 85 9 12 0.032956377 
225 438 10 11 0.032911953 
385 207 9 11 0.03291098 
647 104 8 11 0.03287733 
832 273 13 16 0.032865055 
895 170 11 15 0.032767955 
614 37 9 11 0.032677535 
529 1 8 8 0.032656755 
26 30 9 12 0.032630228 
944 16 9 11 0.03253752 
545 44 9 12 0.032506984 
319 59 10 12 0.03247925 
375 292 13 16 0.032476734 
1007 137 18 25 0.03244711 
1013 154 9 13 0.03240989 
703 63 9 11 0.032397516 
289 60 8 12 0.03238412 
654 116 10 11 0.03231328 
79 191 10 13 0.032310534 
755 252 11 14 0.03230204 
102 212 10 14 0.032294188 
855 205 9 12 0.032287866 
1015 27 9 13 0.03227049 
785 311 24 31 0.03225214 
688 149 9 11 0.03219233 
559 4 17 22 0.032083716 
269 21 10 11 0.032073043 
240 164 9 13 0.03207291 
496 33 8 10 0.0320689 
350 175 13 16 0.03206412 
176 208 10 12 0.032009736 
742 198 9 11 0.03200923 
343 305 12 14 0.032003306 
869 77 11 14 0.03198609 
497 1 9 9 0.03197431 
246 176 9 11 0.03191918 
436 223 11 14 0.031881012 
822 200 12 14 0.031875115 
629 188 9 12 0.03187047 
262 109 9 12 0.031827353 
499 124 10 13 0.031825457 
197 86 9 12 0.031814553 
896 216 12 14 0.03179574 
304 166 9 12 0.03177786 
905 8 9 12 0.031758904 
795 116 14 17 0.031742387 
373 298 14 16 0.031709813 
133 221 12 15 0.031668603 
948 147 11 13 0.031616885 
281 222 10 12 0.031610474 
718 24 9 11 0.03160999 
961 102 9 12 0.031577718 
570 43 10 12 0.03156816 
319 195 10 13 0.03156769 
697 14 9 10 0.03156581 
156 220 11 15 0.031554867 
498 312 17 21 0.03154707 
102 0 8 9 0.031529505 
887 49 10 13 0.031506244 
404 251 11 15 0.03148916 
63 70 9 10 0.031476077 
7 158 8 11 0.03146336 
642 91 9 12 0.03146196 
263 215 9 12 0.03146088 
675 98 9 12 0.031458817 
887 93 10 12 0.03145744 
560 274 13 16 0.031455435 
2 327 17 22 0.031449687 
762 114 9 12 0.031429593 
208 191 10 11 0.031413414 
830 333 13 18 0.03135315 
867 68 11 13 0.0311473 
487 96 8 10 0.031136394 
350 14 10 11 0.031116292 
107 299 15 21 0.031053104 
782 83 9 13 0.031052079 
536 266 14 16 0.030965012 
207 1 9 9 0.030889856 
541 23 9 11 0.030881604 
289 452 10 12 0.030849682 
57 180 9 12 0.030746976 
220 338 12 15 0.030741503 
165 88 9 11 0.030710103 
784 330 14 20 0.030709906 
470 48 8 10 0.03070169 
471 5 8 10 0.03060186 
215 375 8 11 0.030557135 
818 84 9 12 0.030539727 
566 270 12 15 0.030498765 
550 50 10 13 0.030498244 
883 460 11 15 0.030486463 
572 397 12 16 0.030480852 
283 276 15 18 0.030478992 
316 164 11 14 0.03047168 
640 252 8 11 0.030466864 
860 261 12 16 0.030462865 
427 470 9 12 0.03045939 
551 218 18 21 0.030423826 
222 38 10 11 0.030389588 
386 277 14 17 0.030372571 
166 53 9 11 0.030354679 
623 68 17 22 0.030339677 
1 111 8 11 0.030325187 
153 328 13 16 0.030322816 
173 485 11 12 0.030317858 
719 80 8 10 0.030313186 
868 306 18 23 0.030302798 
337 227 11 15 0.03028698 
874 292 16 18 0.030183997 
126 136 18 22 0.030126642 
232 17 17 22 0.030125907 
762 165 8 12 0.030115131 
582 234 12 14 0.030104404 
643 276 13 17 0.0300502 
909 183 10 13 0.03004512 
694 7 10 11 0.03000034 
18 351 14 21 0.029934363 
971 231 21 25 0.029897355 
638 6 9 11 0.02989416 
855 118 10 13 0.029887175 
844 39 11 14 0.029883493 
118 62 9 10 0.029874476 
638 64 8 11 0.029849276 
980 124 10 13 0.029814955 
695 296 13 16 0.029814817 
768 24 10 13 0.029785741 
223 111 10 12 0.029609056 
66 214 13 16 0.029605638 
29 85 8 12 0.02951703 
517 117 8 11 0.029506063 
890 21 10 13 0.029504264 
971 227 13 16 0.029481184 
796 216 18 23 0.029443782 
597 447 10 13 0.0294354 
748 21 12 15 0.029397989 
746 282 12 14 0.029378172 
955 140 10 14 0.029359218 
498 8 8 11 0.02935627 
863 31 9 12 0.02933556 
119 245 12 16 0.029332684 
624 198 10 13 0.029314592 
731 321 12 16 0.029282674 
919 124 10 13 0.029226145 
893 70 10 12 0.02920041 
561 120 7 10 0.029195452 
183 319 10 13 0.029189134 
670 233 17 23 0.029171875 
37 108 9 12 0.029145082 
798 260 10 13 0.029142642 
641 28 10 13 0.02906781 
242 181 9 12 0.029011777 
160 9 9 11 0.02900642 
148 282 14 17 0.029002948 
246 214 11 13 0.028993418 
431 306 15 17 0.028860547 
199 64 17 23 0.028841548 
682 187 9 12 0.028841376 
966 107 9 12 0.028822897 
694 240 9 11 0.02878924 
38 174 10 12 0.028752211 
253 7 9 11 0.028715923 
241 85 8 12 0.028698716 
496 121 10 11 0.028668469 
645 454 11 14 0.028663898 
862 93 9 12 0.028655192 
717 284 11 16 0.028652139 
775 271 20 24 0.028627533 
648 72 10 11 0.028609768 
917 86 10 12 0.028598968 
465 46 9 11 0.028597547 
88 87 9 10 0.028582996 
738 181 9 11 0.028576737 
789 114 13 17 0.028574508 
711 120 10 12 0.028529886 
673 414 10 12 0.028502597 
374 230 11 14 0.02847673 
214 54 8 11 0.028458938 
697 224 8 11 0.02843316 
341 158 10 14 0.028409462 
992 31 8 10 0.02840727 
693 283 13 17 0.028406337 
65 203 11 14 0.028377645 
943 136 11 13 0.028369546 
761 78 9 12 0.02836447 
983 44 7 10 0.028363915 
768 239 12 15 0.02835552 
921 132 10 13 0.028344445 
168 93 10 14 0.028341748 
871 325 25 32 0.028304506 
941 138 17 22 0.028297486 
680 133 8 10 0.028272297 
364 52 11 14 0.02822251 
94 30 9 11 0.028202046 
855 167 10 12 0.028167946 
135 78 8 11 0.028152322 
670 126 9 11 0.028151408 
94 239 14 16 0.028109694 
756 264 11 14 0.028107697 
646 204 10 13 0.028059501 
817 139 12 14 0.02804071 
415 176 10 14 0.028033456 
519 0 9 9 0.02801098 
910 150 10 12 0.028004138 
355 341 12 17 0.027989736 
926 291 13 16 0.02793938 
239 348 14 17 0.027937092 
918 1 9 9 0.027926618 
829 236 11 13 0.02792446 
153 13 9 12 0.02791826 
791 122 12 15 0.027906861 
237 67 10 13 0.027899021 
434 37 8 10 0.027843487 
542 128 9 11 0.027812934 
747 317 13 17 0.027789077 
781 1 11 11 0.027783385 
791 190 10 12 0.027775 
926 31 8 11 0.02772809 
1000 107 9 10 0.02769 
28 70 9 12 0.027679842 
151 8 9 11 0.027673695 
397 78 10 13 0.027651541 
715 381 12 17 0.027622739 
518 287 16 20 0.027611848 
804 103 10 13 0.027607277 
892 30 10 12 0.027573388 
461 176 17 23 0.02755849 
88 1 9 9 0.027553884 
502 56 8 11 0.027548889 
257 55 9 12 0.0275123 
711 224 9 12 0.027487494 
663 24 9 12 0.0274333 
93 45 9 11 0.02741416 
591 12 9 12 0.027383728 
824 22 10 12 0.027329197 
707 275 14 17 0.0273201 
661 104 8 10 0.027276997 
351 61 10 12 0.027263012 
559 331 11 15 0.027228061 
335 399 8 10 0.027225506 
521 67 10 12 0.027196633 
167 134 10 12 0.02719136 
767 25 16 21 0.027180267 
838 59 11 13 0.027174398 
433 25 10 12 0.027149705 
81 8 9 11 0.027114978 
107 283 12 17 0.027077153 
94 272 14 19 0.02706934 
796 205 9 11 0.02705637 
695 112 18 24 0.027026422 
46 142 7 11 0.027020745 
346 115 22 25 0.027018776 
66 196 10 14 0.026976865 
715 291 11 15 0.026974099 
288 265 14 16 0.026935278 
471 36 10 12 0.026914215 
703 0 9 10 0.026906274 
582 117 8 10 0.026883116 
185 86 9 11 0.026880508 
717 100 8 11 0.026872596 
879 0 9 10 0.0268536 
168 366 11 14 0.02683984 
671 83 9 10 0.0268327 
422 213 11 13 0.02682725 
191 101 10 11 0.026816983 
178 59 18 23 0.026788728 
472 415 12 15 0.02675747 
457 -1 12 11 0.026754513 
469 129 9 11 0.026719555 
325 162 13 17 0.026713585 
820 53 9 12 0.026701933 
593 126 8 10 0.026691098 
1004 259 13 17 0.026679443 
108 37 10 11 0.02662884 
589 292 10 13 0.026613913 
861 167 10 12 0.026605139 
160 118 9 11 0.026604682 
1015 101 8 11 0.026597576 
239 174 9 12 0.026535144 
895 264 12 13 0.026495496 
145 124 9 12 0.026483212 
665 72 9 11 0.026479248 
734 191 10 11 0.026459204 
177 292 15 19 0.026453823 
440 71 8 12 0.02641882 
341 97 13 15 0.026406914 
555 43 10 13 0.026388546 
990 86 10 12 0.02638583 
846 9 11 14 0.026377913 
733 92 10 13 0.026377179 
241 103 9 12 0.026374117 
462 53 9 12 0.026370248 
154 56 8 11 0.026351765 
819 268 12 16 0.026347704 
268 14 11 13 0.02630975 
699 212 10 13 0.026307696 
167 439 7 9 0.02630306 
143 84 9 11 0.026297295 
492 108 10 12 0.026279913 
239 62 10 13 0.026265895 
128 285 12 15 0.026251692 
489 280 19 25 0.026249425 
839 49 12 14 0.026246998 
585 14 9 11 0.02622079 
529 76 18 22 0.026192797 
560 77 10 11 0.026163636 
397 59 9 12 0.026134785 
733 29 9 12 0.02612857 
260 236 13 17 0.026119374 
967 190 11 13 0.026107263 
49 1 8 9 0.026095647 
717 225 10 13 0.026090305 
766 187 17 22 0.026076805 
354 275 11 15 0.02607563 
246 45 9 12 0.026068797 
263 287 11 15 0.026059084 
388 330 14 19 0.026050556 
204 291 13 17 0.026035178 
193 0 18 22 0.026033958 
133 285 14 16 0.026018998 
88 205 9 11 0.025983652 
78 277 12 14 0.025961325 
759 159 9 11 0.02594705 
257 463 9 12 0.025932327 
80 75 9 13 0.02591022 
510 212 11 14 0.025910199 
312 161 9 11 0.025897324 
286 11 8 11 0.025891937 
304 19 9 12 0.025869511 
556 292 14 18 0.025859911 
884 195 17 22 0.025855929 
254 220 10 13 0.025850901 
244 312 13 15 0.025842985 
221 204 11 13 0.025819542 
662 35 8 11 0.02581927 
244 125 9 12 0.025779892 
479 55 8 10 0.025745783 
949 166 10 13 0.025733491 
457 12 8 11 0.025706893 
860 276 12 17 0.02567395 
110 80 10 13 0.025667308 
184 175 9 12 0.025639253 
49 12 10 12 0.025576487 
292 207 11 13 0.025541598 
193 373 9 10 0.025538614 
1 174 8 11 0.02552978 
133 16 10 11 0.025517488 
134 71 8 9 0.025513567 
503 66 16 23 0.025506765 
379 99 11 15 0.025499927 
21 63 9 12 0.025479885 
749 223 9 12 0.025478985 
142 193 13 17 0.02545515 
92 214 12 16 0.025453584 
661 429 13 17 0.025433157 
205 28 10 12 0.025425026 
591 45 9 12 0.025418308 
1007 153 11 14 0.025401678 
364 279 12 16 0.025308989 
762 285 12 15 0.025295582 
761 28 9 13 0.025265398 
301 88 18 22 0.02525105 
92 13 10 11 0.025248855 
311 248 10 13 0.02523215 
619 180 17 21 0.025193762 
689 243 11 14 0.025119925 
945 81 10 12 0.025102586 
39 149 8 12 0.025083603 
653 47 8 11 0.025054751 
432 88 9 10 0.02505135 
989 71 8 9 0.025012529 
207 14 10 12 0.025005488 
976 86 10 12 0.0249973 
376 285 11 14 0.024981253 
511 30 7 10 0.02495372 
590 24 8 10 0.024916308 
802 41 19 23 0.02488269 
313 47 19 23 0.02488013 
406 223 9 11 0.024876846 
348 245 12 14 0.024870137 
176 182 8 10 0.024870124 
171 334 12 14 0.024857115 
845 304 22 31 0.02481829 
676 55 9 12 0.024799969 
959 15 9 11 0.024747508 
599 22 9 12 0.024741525 
396 331 13 18 0.02471298 
788 267 14 16 0.024707224 
252 230 19 25 0.024652362 
119 68 10 12 0.024649527 
131 147 11 13 0.024618983 
924 218 11 14 0.024612652 
857 95 9 12 0.02459522 
317 183 18 22 0.024569772 
955 203 16 18 0.02456466 
637 150 9 11 0.024539892 
719 118 9 12 0.024530843 
971 3 18 22 0.024524925 
786 27 17 22 0.024508096 
16 75 10 12 0.024494963 
513 184 9 11 0.024491748 
183 441 8 10 0.024430031 
321 35 9 13 0.024418734 
464 138 10 13 0.024418274 
1014 134 10 13 0.024406385 
781 252 11 14 0.024402523 
30 46 9 11 0.024400875 
467 85 9 12 0.024370957 
640 104 8 11 0.02436162 
741 352 10 12 0.024351751 
467 184 13 17 0.024349412 
245 371 9 12 0.024349237 
351 331 12 16 0.024348626 
181 206 9 12 0.024299407 
57 135 9 12 0.024277091 
68 38 9 11 0.024271898 
701 143 9 11 0.024270263 
22 132 9 11 0.024262276 
383 6 8 10 0.024258543 
159 230 11 14 0.024213534 
74 131 18 21 0.024190046 
83 264 15 17 0.024186265 
857 82 10 13 0.024173852 
927 1 9 9 0.024132516 
34 234 12 17 0.02411161 
999 87 11 12 0.024090175 
215 39 9 11 0.024075162 
215 124 7 10 0.024061266 
104 78 8 11 0.024034543 
684 12 9 11 0.02400426 
10 218 13 15 0.02398484 
767 205 10 12 0.023984568 
67 337 13 17 0.023973905 
55 126 9 12 0.023971537 
199 100 9 11 0.02396199 
887 221 11 14 0.023951342 
937 98 19 22 0.023935134 
720 319 20 25 0.023932189 
109 291 12 17 0.02392426 
903 130 10 14 0.02391197 
280 0 18 22 0.023894679 
102 4 18 22 0.02389101 
24 189 10 14 0.023880124 
256 456 8 10 0.023877144 
927 197 11 13 0.02387218 
486 8 8 10 0.023866963 
608 13 10 12 0.0238144 
798 57 10 13 0.023782397 
278 48 10 12 0.02377536 
55 136 19 23 0.023771241 
959 47 8 12 0.023755362 
98 173 10 14 0.023749916 
592 109 8 10 0.023747856 
238 51 8 11 0.023747578 
141 46 8 10 0.023736665 
273 190 11 13 0.023719532 
479 88 9 12 0.023689052 
1005 235 19 24 0.02367937 
793 46 18 23 0.023679335 
597 29 10 12 0.023665266 
565 133 8 10 0.023658779 
199 375 8 10 0.02364084 
772 195 10 13 0.023630079 
61 323 13 18 0.023615457 
630 129 9 10 0.023600543 
627 200 19 23 0.023596125 
679 38 9 11 0.023567673 
127 69 9 12 0.023565976 
976 131 10 13 0.023530545 
936 2 8 10 0.023513464 
358 83 11 14 0.023512354 
279 95 9 11 0.02350478 
310 322 12 16 0.02348592 
224 30 10 11 0.023484375 
256 243 14 19 0.023479253 
415 77 11 15 0.023472028 
512 15 8 11 0.023447616 
664 235 10 13 0.023443872 
523 295 15 17 0.023428826 
560 261 13 15 0.02341657 
326 77 9 11 0.023406249 
966 0 9 10 0.023369035 
687 118 9 11 0.023364758 
574 260 13 17 0.023358067 
733 130 12 15 0.023314456 
561 251 11 15 0.0233083 
893 78 9 12 0.0233059 
208 55 7 10 0.023294961 
356 308 13 16 0.023289906 
82 103 9 12 0.023265515 
433 21 18 24 0.023249982 
13 258 11 15 0.023230335 
160 111 9 12 0.023202859 
45 226 11 15 0.02319405 
271 4 9 11 0.02318635 
879 54 9 12 0.02316843 
533 89 10 13 0.023161901 
503 88 10 12 0.023158416 
653 94 8 10 0.0231568 
667 265 14 18 0.023155462 
686 289 12 15 0.023061197 
222 99 10 12 0.02303368 
430 184 19 24 0.023017256 
492 265 13 16 0.023000838 
589 302 13 16 0.022987392 
656 134 9 11 0.022976613 
359 374 11 13 0.022973232 
335 288 13 18 0.022960607 
417 28 10 13 0.022947129 
350 464 9 12 0.022926116 
719 276 11 14 0.02292079 
7 42 11 14 0.022916779 
590 104 8 10 0.022907797 
871 93 10 13 0.02290406 
189 340 10 13 0.022891654 
166 70 10 12 0.022848083 
210 234 12 16 0.022840941 
744 299 12 15 0.022705426 
306 447 9 12 0.022702454 
110 47 16 22 0.02266153 
951 172 9 13 0.022644375 
128 191 20 25 0.022630285 
118 202 11 15 0.022619236 
271 86 9 11 0.02256426 
333 203 11 14 0.022563789 
823 28 10 13 0.022558764 
999 167 16 22 0.02254771 
528 201 11 14 0.022543436 
846 200 9 12 0.022540864 
214 164 8 11 0.022538794 
535 183 8 10 0.022491736 
127 211 12 15 0.022482645 
712 1 9 10 0.022469042 
815 68 9 11 0.022463094 
417 61 9 12 0.022461766 
693 259 15 17 0.022451404 
756 288 19 23 0.02242472 
30 284 14 19 0.022411563 
896 135 9 12 0.022410112 
57 31 9 11 0.022402957 
135 36 9 12 0.022387212 
498 302 39 48 0.022362255 
280 445 9 12 0.022359211 
672 111 9 11 0.022340216 
963 178 11 13 0.022312762 
497 68 8 12 0.02230029 
569 108 9 11 0.022294436 
161 236 12 16 0.022288948 
342 21 10 12 0.022288812 
216 362 9 12 0.022262737 
707 211 10 13 0.022260858 
745 285 21 25 0.02225497 
761 191 8 11 0.022250542 
908 308 15 18 0.022222433 
623 37 8 10 0.022220492 
363 233 18 23 0.02220244 
806 319 24 30 0.022189712 
247 1 9 10 0.022186523 
882 39 18 22 0.022185503 
9 61 18 23 0.022183597 
622 381 9 12 0.022171116 
343 124 14 18 0.022150792 
247 152 9 11 0.022145666 
918 301 14 16 0.022130892 
884 138 11 13 0.022129536 
365 85 11 14 0.022109363 
224 71 17 22 0.02210887 
976 156 10 13 0.02208393 
820 151 11 12 0.022081628 
309 452 9 11 0.022067858 
600 117 8 10 0.022046622 
601 39 9 12 0.02204367 
156 282 12 17 0.022033878 
960 6 9 11 0.022029938 
53 7 19 22 0.022027444 
231 179 9 11 0.02202383 
798 190 8 10 0.022016222 
318 255 17 21 0.02200453 
912 211 11 15 0.021992223 
548 202 10 14 0.02197972 
729 242 19 24 0.021957992 
292 153 10 12 0.02195235 
319 300 12 15 0.021945238 
822 101 12 15 0.021932568 
946 234 12 15 0.02191908 
1009 13 17 26 0.021903751 
160 441 6 8 0.021900045 
334 21 9 12 0.021880493 
6 55 9 12 0.021878567 
855 29 10 12 0.021874974 
662 127 8 10 0.02182445 
847 277 19 25 0.021823848 
329 119 20 24 0.021822875 
467 107 11 14 0.02181507 
771 240 18 23 0.02181489 
947 115 18 22 0.021801185 
685 96 9 11 0.021778265 
72 69 9 11 0.021771146 
79 164 10 12 0.02176756 
215 79 9 11 0.021763857 
546 38 9 12 0.021762395 
558 86 9 10 0.021748785 
224 173 9 11 0.021722667 
767 70 10 13 0.021720642 
814 222 10 13 0.0217044 
495 86 10 12 0.021687442 
317 325 10 14 0.021678638 
1000 188 10 12 0.021674937 
247 95 9 11 0.021662548 
778 293 16 18 0.02166177 
609 105 7 10 0.021653373 
22 221 10 13 0.021637127 
396 171 11 14 0.021633808 
216 204 9 13 0.021622246 
321 151 10 12 0.021600677 
327 203 11 13 0.02158786 
22 53 9 11 0.021575773 
216 333 12 15 0.021564858 
1015 111 8 11 0.021557283 
863 213 9 11 0.021505818 
797 251 12 15 0.02149547 
623 210 12 15 0.021483308 
624 129 9 10 0.02143912 
347 252 11 14 0.021426449 
342 2 10 10 0.02142531 
557 216 11 14 0.021418644 
247 21 10 12 0.021397656 
180 284 12 17 0.021376284 
959 109 10 12 0.021367097 
80 0 9 9 0.02136401 
456 261 12 14 0.021358544 
352 185 12 14 0.021345956 
183 136 9 11 0.021336595 
768 -8 21 23 0.021325614 
190 109 11 13 0.021318758 
671 285 10 14 0.021313965 
614 261 13 16 0.021310393 
713 174 9 12 0.021299962 
785 103 10 13 0.021299623 
127 77 9 11 0.021281721 
9 0 8 8 0.021281283 
487 39 8 10 0.021269895 
783 261 12 14 0.021269884 
105 70 8 12 0.02124402 
452 100 12 16 0.021242542 
622 46 10 11 0.02123268 
911 252 12 14 0.021230172 
878 147 11 14 0.021223508 
468 177 10 12 0.021222763 
137 172 11 13 0.021219015 
696 143 9 12 0.021205295 
845 29 10 13 0.021204703 
199 300 11 13 0.021196662 
815 201 9 12 0.021195667 
666 12 10 13 0.021181263 
975 3 9 10 0.021180205 
582 256 11 13 0.021174712 
231 113 8 11 0.021148367 
246 469 9 12 0.021114279 
774 166 9 12 0.021092992 
797 23 10 12 0.021091014 
156 211 12 17 0.021072887 
485 182 12 14 0.021071421 
606 425 12 16 0.021056829 
616 96 8 10 0.021054402 
887 193 11 13 0.021047179 
86 275 12 15 0.021042926 
173 134 10 11 0.021040184 
128 96 8 11 0.021023624 
880 70 8 11 0.021010917 
222 128 19 23 0.021009445 
277 127 9 11 0.021007778 
493 33 19 24 0.021004437 
1 165 8 12 0.02099677 
308 101 10 12 0.020993905 
141 97 18 23 0.020991525 
824 70 7 10 0.020979995 
989 181 10 13 0.020976488 
964 282 12 16 0.020972542 
242 283 14 18 0.020955054 
215 174 9 11 0.020951228 
611 425 14 17 0.020928167 
381 30 11 12 0.020904118 
490 46 7 10 0.020894915 
254 20 9 13 0.020881334 
641 116 9 11 0.020878183 
39 295 15 21 0.020878153 
245 98 18 23 0.020876579 
759 63 8 11 0.020846028 
412 265 14 17 0.020839585 
118 7 9 10 0.020836597 
207 38 9 10 0.02082366 
1016 63 8 12 0.020801304 
166 244 15 20 0.020797113 
696 62 9 11 0.020785348 
1 306 14 19 0.020782596 
869 11 11 14 0.020768713 
921 319 14 18 0.020768201 
327 172 9 13 0.020763706 
238 151 8 11 0.020761916 
166 9 9 11 0.02075621 
951 61 9 12 0.020738605 
364 478 11 12 0.020720825 
957 303 23 32 0.020718155 
52 71 9 12 0.020717563 
1014 186 11 14 0.020708239 
795 317 18 22 0.02070255 
877 121 17 22 0.020688653 
7 77 9 12 0.020686725 
799 289 15 18 0.020686552 
263 95 8 11 0.020680215 
322 363 10 14 0.020673634 
607 31 9 10 0.020670993 
958 60 8 11 0.020657321 
980 6 10 12 0.020635454 
957 148 9 12 0.020622922 
516 212 12 15 0.020587208 
23 46 9 11 0.020581042 
38 56 17 22 0.02055758 
348 82 11 14 0.020549353 
851 291 15 20 0.020534087 
303 0 9 10 0.020530254 
119 213 9 13 0.020518303 
526 183 8 10 0.020500712 
128 42 16 22 0.020495147 
751 158 11 13 0.020458477 
356 312 18 23 0.020432279 
844 257 19 21 0.020417385 
281 225 18 22 0.020413036 
264 129 10 13 0.0203886 
93 53 9 11 0.020378318 
71 54 9 12 0.02037171 
270 99 17 22 0.020370979 
276 310 15 17 0.020368624 
108 244 12 15 0.020360362 
347 226 12 15 0.020359118 
103 23 9 11 0.02033734 
592 119 8 10 0.02032987 
700 203 18 23 0.020319242 
449 42 10 12 0.020318253 
356 71 10 12 0.020296287 
615 0 9 9 0.020279337 
481 0 9 9 0.020248849 
894 1 10 10 0.020228704 
559 96 10 13 0.020219132 
731 110 11 13 0.020216184 
974 138 17 23 0.020215567 
636 140 9 12 0.020204911 
511 124 8 11 0.02020378 
108 125 12 14 0.020191591 
248 117 10 13 0.020164939 
540 114 9 12 0.02014708 
406 310 15 18 0.02012222 
137 108 9 12 0.020113906 
349 7 9 11 0.020104999 
712 148 9 11 0.02010202 
77 202 10 14 0.020100676 
395 36 11 13 0.02009435 
171 232 12 16 0.020091202 
142 1 9 9 0.020090353 
358 260 14 16 0.020089772 
55 47 18 23 0.020073889 
313 71 9 11 0.02007336 
716 226 18 22 0.020060752 
729 132 9 13 0.020044936 
422 354 12 16 0.020043254 
375 1 9 9 0.02004195 
7 328 25 33 0.020036478 
983 119 8 12 0.020029806 
534 70 10 11 0.02002638 
711 122 17 22 0.020026173 
36 20 9 12 0.02002187 
694 147 11 13 0.020018827 
838 126 12 15 0.02001497 
886 60 9 12 0.020010173 
