21_Festival_Festival_21_210
48
755 187 81 108 0.99597317 
13 369 24 33 0.99587005 
121 378 23 27 0.98856366 
391 162 67 116 0.9818081 
228 390 22 27 0.83952224 
68 395 19 24 0.69743997 
181 388 13 18 0.39930403 
240 391 15 22 0.24531054 
180 163 22 28 0.24262848 
858 386 61 84 0.20075063 
331 259 13 18 0.19084941 
221 397 20 24 0.12131906 
272 278 31 38 0.10975923 
604 292 30 36 0.1085817 
128 164 28 32 0.09613349 
278 263 28 38 0.089769684 
115 139 27 30 0.07606851 
219 320 15 20 0.07165918 
288 259 18 22 0.07152667 
157 413 16 22 0.039513562 
148 395 17 21 0.03913639 
156 368 17 23 0.0390892 
683 268 11 13 0.035509232 
141 401 16 18 0.034774248 
211 162 15 23 0.034346316 
82 394 15 21 0.034151483 
65 367 16 20 0.033771638 
119 152 32 35 0.033320826 
700 259 11 12 0.030408759 
387 530 15 17 0.029864319 
496 397 34 44 0.029158875 
986 316 37 58 0.02896048 
77 443 46 53 0.026908033 
180 396 16 21 0.026802646 
105 436 47 52 0.025345739 
694 259 12 13 0.024986558 
1 616 14 20 0.024581056 
89 393 18 21 0.023033146 
1000 407 10 13 0.022552844 
287 255 13 15 0.022041112 
148 409 17 21 0.021991368 
762 40 25 30 0.021378193 
342 542 9 11 0.021376219 
297 -48 535 395 0.021308886 
424 522 13 16 0.020695554 
1 125 9 14 0.020530542 
168 163 26 35 0.020289818 
433 547 16 19 0.020039402 
