21_Festival_Festival_21_275
267
999 346 14 19 0.9832592 
966 330 16 20 0.963365 
258 267 28 53 0.8894955 
564 338 28 29 0.8365821 
-7 196 48 81 0.78563267 
686 231 9 12 0.6537033 
619 335 23 25 0.64696443 
919 347 10 12 0.607381 
236 271 33 46 0.4521171 
350 296 24 41 0.41635397 
742 334 12 15 0.36378756 
903 348 9 11 0.34767115 
661 419 13 15 0.2947071 
882 342 8 11 0.29239723 
139 216 18 24 0.2824786 
995 405 13 15 0.27265793 
863 344 8 11 0.26314127 
446 505 14 19 0.24325529 
873 333 7 10 0.20993528 
633 336 15 19 0.17672706 
753 229 9 11 0.17087139 
737 338 10 13 0.15498967 
229 227 16 21 0.13529336 
926 371 12 15 0.1332268 
537 303 28 35 0.13260949 
915 403 10 13 0.12521389 
625 289 16 19 0.123646766 
961 392 8 10 0.12052107 
924 348 9 11 0.1179339 
31 197 53 75 0.11632005 
472 482 14 16 0.1160965 
310 332 36 44 0.1141749 
877 335 9 10 0.111260526 
788 95 10 12 0.10450042 
901 388 9 11 0.10388791 
958 425 8 11 0.0969992 
943 405 9 13 0.0932543 
944 349 9 11 0.09207586 
703 452 12 16 0.09065849 
687 105 10 12 0.08884262 
401 137 9 11 0.08873886 
679 236 9 11 0.08585467 
314 310 49 62 0.08341339 
375 299 32 39 0.083211824 
971 356 12 14 0.08213534 
747 334 11 13 0.08186934 
644 108 10 14 0.077538975 
896 342 8 11 0.07573264 
668 315 10 14 0.075004406 
351 388 52 70 0.069648385 
721 429 11 15 0.06760969 
1012 405 9 13 0.06478842 
313 339 19 22 0.06306071 
948 348 10 12 0.06015609 
936 399 8 12 0.059582006 
847 349 7 9 0.059242852 
833 351 9 11 0.05893162 
806 95 11 13 0.05875745 
766 442 17 19 0.058748707 
354 297 40 50 0.057889167 
937 405 8 11 0.0574339 
869 348 8 10 0.057160992 
120 209 27 36 0.05695452 
847 93 8 11 0.054934274 
515 324 17 23 0.054526564 
540 309 16 19 0.05425784 
730 308 9 12 0.053864636 
706 238 9 12 0.053399038 
683 271 11 14 0.053293806 
515 297 17 20 0.052724734 
663 43 46 50 0.052326504 
753 431 10 13 0.05222859 
822 340 8 11 0.05124146 
733 93 12 15 0.050325412 
196 449 32 37 0.05016457 
712 300 11 12 0.04998923 
716 334 11 14 0.049788963 
146 278 14 16 0.04959101 
643 339 13 17 0.049498152 
333 300 42 55 0.04947346 
1007 406 10 12 0.049181677 
471 408 36 49 0.049134575 
762 401 8 12 0.048292484 
588 451 14 18 0.048214685 
47 216 55 71 0.048092153 
1001 337 10 12 0.047918476 
234 228 24 30 0.047672186 
766 308 10 13 0.04736237 
722 255 8 10 0.047108497 
444 309 25 32 0.046786405 
682 230 9 13 0.046596695 
859 343 7 10 0.046358477 
952 424 9 12 0.045785815 
683 332 14 17 0.045775313 
980 422 10 14 0.045701057 
557 322 31 40 0.04563358 
265 264 18 33 0.045549344 
785 261 10 12 0.045281257 
438 278 10 13 0.044652626 
677 333 14 18 0.044596996 
818 341 8 10 0.043174915 
870 424 7 9 0.043011416 
470 345 12 16 0.04294112 
532 329 15 19 0.04280287 
913 348 9 12 0.042679843 
940 399 10 12 0.042564888 
684 421 13 16 0.04248379 
62 136 35 45 0.042048078 
-17 324 159 229 0.04182671 
815 375 8 12 0.041604646 
899 348 8 11 0.041482884 
735 436 8 11 0.040525217 
871 359 7 9 0.040299457 
1008 455 9 13 0.04021423 
993 398 12 14 0.03931451 
598 504 13 18 0.039071333 
459 272 16 25 0.038945965 
508 475 17 18 0.03808198 
674 237 9 11 0.03789531 
749 340 11 13 0.037687127 
727 434 10 13 0.03737661 
1004 260 9 13 0.037185375 
768 14 49 58 0.036879856 
1006 462 12 18 0.03681921 
845 375 7 10 0.03681214 
671 312 9 13 0.03660894 
719 397 13 16 0.036326844 
189 435 51 61 0.036137696 
142 282 15 22 0.035694763 
712 337 12 15 0.035661332 
697 302 9 11 0.035298944 
937 392 9 11 0.035263754 
709 363 13 16 0.03503045 
206 272 24 41 0.03482792 
745 451 10 12 0.034541517 
748 446 10 13 0.034038566 
619 395 27 36 0.033604994 
898 385 8 11 0.033310637 
775 317 11 13 0.033090733 
517 303 38 50 0.03283393 
725 254 10 12 0.032815717 
980 428 11 14 0.032753512 
762 254 9 11 0.032689113 
581 441 24 28 0.032593317 
936 341 9 13 0.03217711 
509 299 25 33 0.031931695 
720 247 10 12 0.03192169 
716 364 10 15 0.03182918 
541 302 44 53 0.031791396 
660 322 13 17 0.031563815 
705 403 15 19 0.03153242 
936 350 9 11 0.031470735 
55 148 53 66 0.030938681 
690 195 13 15 0.030851116 
896 407 8 11 0.030844174 
948 406 10 13 0.030483263 
1012 411 10 14 0.030441407 
966 402 11 14 0.030350875 
841 93 10 12 0.030244457 
974 362 11 13 0.03022441 
523 326 16 21 0.030121101 
445 253 44 53 0.029923787 
885 382 9 11 0.029712567 
759 343 9 11 0.02965388 
787 285 10 13 0.02964012 
615 284 11 15 0.029523341 
832 344 8 10 0.029481156 
612 279 22 28 0.029137284 
963 397 11 13 0.028968822 
733 304 9 11 0.028957933 
993 347 13 17 0.028934708 
766 343 9 12 0.028781613 
830 397 10 13 0.028311294 
936 357 10 12 0.0282504 
723 261 8 9 0.027939392 
761 308 10 13 0.027905375 
787 292 10 14 0.027736938 
694 288 8 10 0.027610088 
1016 380 9 13 0.027566442 
604 297 13 16 0.02734796 
780 316 11 13 0.02732846 
615 299 12 14 0.027255386 
984 347 12 15 0.027086338 
837 350 8 10 0.026719846 
725 332 11 14 0.026612788 
744 270 9 12 0.026352568 
788 300 9 12 0.026314454 
782 312 10 11 0.026306296 
709 110 11 14 0.02606663 
602 288 15 17 0.026056442 
831 392 9 11 0.02600226 
887 398 9 11 0.025965527 
503 315 26 35 0.025706224 
604 309 11 13 0.025182031 
462 347 14 17 0.025032455 
704 255 8 10 0.024930457 
888 390 8 11 0.024825018 
999 269 8 11 0.024751697 
635 291 12 16 0.024617948 
544 536 15 20 0.024438046 
641 254 9 11 0.02443726 
709 92 9 12 0.024414564 
950 412 8 11 0.024306303 
77 225 56 69 0.024294155 
623 303 13 16 0.024121435 
775 383 9 12 0.024058757 
952 398 9 11 0.023780935 
584 344 18 21 0.023725208 
516 285 12 13 0.02369333 
846 383 8 10 0.023359569 
1005 235 10 13 0.02323161 
878 358 8 10 0.023196936 
559 339 44 47 0.02298108 
652 310 13 15 0.022919802 
574 621 28 33 0.022890877 
1013 342 11 16 0.022785885 
662 311 19 24 0.022780478 
665 209 194 230 0.022772253 
926 357 10 12 0.022713626 
646 314 13 17 0.022705443 
960 384 8 10 0.022584822 
628 403 14 18 0.022559596 
69 394 108 146 0.022346605 
999 461 19 34 0.022136264 
892 336 10 12 0.022118935 
773 310 11 12 0.022072492 
626 411 15 18 0.02204087 
855 389 7 9 0.021986308 
679 61 195 282 0.021964045 
710 54 11 13 0.021962179 
701 318 11 15 0.021928597 
801 100 13 16 0.021846646 
741 436 9 11 0.021829417 
816 401 8 11 0.021669976 
301 301 13 16 0.021668768 
930 398 8 12 0.021626994 
676 310 11 14 0.021603318 
426 289 473 425 0.021602884 
823 124 10 12 0.021595484 
885 347 8 11 0.021585051 
519 276 10 14 0.02147718 
383 134 9 11 0.021369187 
620 276 24 29 0.021339307 
428 507 12 15 0.021328097 
914 343 20 23 0.02130586 
735 254 9 12 0.021249177 
806 89 10 12 0.021062462 
674 457 13 19 0.020991879 
725 236 14 16 0.020889463 
706 422 12 15 0.020855632 
927 310 8 10 0.020819483 
931 405 8 10 0.020633496 
532 278 33 40 0.020605197 
869 371 9 12 0.02058747 
622 295 22 26 0.020577192 
998 373 10 14 0.020568084 
982 341 10 14 0.020527922 
717 296 8 11 0.020461714 
941 354 10 13 0.020460268 
902 408 8 11 0.020433756 
495 291 43 55 0.020332353 
864 118 7 9 0.02029649 
903 354 10 12 0.0202689 
730 87 20 26 0.020194313 
802 107 10 12 0.020182975 
974 320 10 12 0.020039747 
841 382 8 11 0.020016173 
