21_Festival_Festival_21_943
254
738 191 9 10 0.8234239 
112 194 12 16 0.70358366 
807 190 9 12 0.6256062 
888 180 10 14 0.6213443 
293 187 15 17 0.5724464 
353 179 9 13 0.51646155 
761 184 8 12 0.47532016 
69 195 11 13 0.46640804 
492 190 8 11 0.42734808 
831 196 9 11 0.40012944 
134 195 9 12 0.35384682 
153 196 9 11 0.3071441 
938 199 8 9 0.29558337 
544 187 10 12 0.26777434 
711 192 12 14 0.25300926 
548 183 12 14 0.24543907 
256 189 8 12 0.22644435 
191 196 9 11 0.20959932 
104 180 10 15 0.19246544 
260 188 12 16 0.18769205 
214 189 8 11 0.16784273 
169 192 9 10 0.16618401 
855 197 8 10 0.1645396 
811 190 10 12 0.16024357 
157 198 9 11 0.15753226 
398 188 13 14 0.1274449 
129 191 11 12 0.12710242 
400 216 9 13 0.12439751 
592 437 13 15 0.12403153 
85 189 11 13 0.11796134 
186 190 8 12 0.113146655 
640 197 9 12 0.108453184 
597 430 13 15 0.1079233 
693 219 12 15 0.106486306 
167 196 9 11 0.1061048 
765 187 9 12 0.10406297 
325 191 9 12 0.10368489 
319 190 11 14 0.10179973 
385 185 8 11 0.101631425 
687 220 13 16 0.09975757 
648 197 9 11 0.09891505 
519 184 8 11 0.09873475 
239 168 9 12 0.09625398 
231 185 7 10 0.09489946 
109 231 14 16 0.09142263 
800 195 11 13 0.08660227 
1005 222 9 11 0.08422556 
911 278 27 28 0.08336025 
882 179 9 14 0.08309011 
173 191 9 10 0.0828167 
253 184 10 13 0.082302086 
741 193 9 13 0.08217079 
569 192 9 10 0.077873856 
814 196 8 10 0.076299585 
337 188 9 12 0.0756086 
118 231 9 12 0.07515897 
617 228 10 14 0.07229479 
997 199 9 11 0.07177667 
168 223 9 12 0.07038813 
976 207 9 12 0.07035794 
276 184 12 17 0.07012644 
250 184 8 11 0.06824587 
514 183 7 10 0.06650599 
224 185 8 10 0.06561481 
257 194 9 12 0.065410405 
637 222 13 18 0.064589486 
270 185 13 17 0.06421327 
238 198 9 12 0.06397397 
304 173 9 12 0.06337795 
399 195 12 15 0.063154384 
93 189 11 14 0.06252537 
64 190 12 15 0.062458966 
827 198 9 11 0.061753977 
508 197 10 13 0.061058246 
943 223 7 9 0.06000026 
214 185 10 11 0.05997263 
898 337 17 20 0.058498878 
619 223 10 13 0.057834785 
513 189 9 11 0.05755811 
835 196 9 11 0.057538774 
662 442 15 16 0.05742914 
155 192 11 12 0.057415783 
81 191 8 12 0.0567278 
868 301 30 31 0.055619217 
622 442 15 17 0.055021584 
558 183 8 11 0.054891434 
214 214 9 12 0.05483599 
567 217 10 12 0.053723864 
525 190 9 11 0.053261563 
701 207 11 14 0.05261767 
236 189 10 11 0.05183234 
420 187 12 17 0.05157512 
352 185 9 12 0.051434197 
391 188 9 12 0.051200096 
997 204 9 11 0.05063001 
209 196 10 11 0.049799256 
945 230 7 10 0.04876038 
1014 214 8 11 0.048356887 
505 182 8 10 0.047430445 
193 202 9 12 0.047301274 
798 205 10 12 0.04696274 
602 425 12 15 0.04658225 
300 181 12 17 0.046268392 
169 213 9 12 0.044665486 
893 185 9 13 0.044514835 
109 253 14 17 0.04411578 
311 187 10 14 0.043126483 
239 219 10 14 0.04284635 
664 227 12 15 0.04165802 
100 203 13 17 0.041257765 
873 191 9 12 0.040533792 
189 186 10 12 0.040300414 
1000 215 8 10 0.040278487 
935 215 8 11 0.040053055 
344 182 10 12 0.03988126 
98 210 13 16 0.039516777 
745 224 10 13 0.039197173 
1008 203 11 13 0.039193965 
792 238 8 10 0.03759232 
334 238 9 13 0.037294105 
86 183 11 14 0.03652459 
647 201 11 14 0.036404964 
341 187 9 12 0.03599286 
851 197 8 10 0.035974324 
652 192 9 11 0.035970945 
700 240 16 17 0.03596143 
54 181 8 12 0.035944734 
753 183 9 11 0.035862 
285 182 15 19 0.03575937 
184 185 9 11 0.035492208 
525 182 9 12 0.035388343 
679 217 23 26 0.03476645 
699 219 12 14 0.034515683 
209 184 9 12 0.034265406 
774 183 9 11 0.034246925 
630 219 25 30 0.034222577 
642 236 14 20 0.033538956 
238 184 9 10 0.033157904 
104 174 20 25 0.033081844 
583 414 10 13 0.032658502 
870 294 15 18 0.032616887 
676 440 16 18 0.03254086 
727 196 10 12 0.032247834 
239 202 9 13 0.03223804 
175 185 9 10 0.03165849 
393 218 11 15 0.031636875 
492 194 10 13 0.031229464 
223 228 9 12 0.031116003 
158 203 11 13 0.031085238 
521 198 8 10 0.0309177 
166 205 10 14 0.030857217 
538 189 9 11 0.030506056 
793 223 7 10 0.030091735 
772 320 16 22 0.030010164 
638 203 10 13 0.029778427 
358 187 9 12 0.029624332 
88 189 22 28 0.02948836 
482 189 9 12 0.029374303 
197 191 8 11 0.029335631 
422 156 10 12 0.029277315 
509 204 9 11 0.0292741 
848 191 9 11 0.029059818 
208 204 10 12 0.028712595 
649 438 22 26 0.02860733 
668 439 16 19 0.028216481 
213 205 9 12 0.02818173 
885 176 17 23 0.028031804 
278 62 452 429 0.028027 
84 234 12 18 0.028015453 
1000 227 9 11 0.027864333 
478 155 10 13 0.027488086 
299 193 13 15 0.027419627 
215 219 10 13 0.02720097 
638 215 9 12 0.027196633 
572 196 8 10 0.02710399 
172 195 11 13 0.026999962 
196 198 8 10 0.026905501 
830 202 9 12 0.026649848 
686 205 11 12 0.02655352 
773 188 9 11 0.026523627 
81 184 20 25 0.026510691 
1013 204 9 14 0.026329566 
877 188 10 13 0.026314681 
576 222 10 12 0.026276546 
398 201 10 14 0.025813976 
798 211 9 12 0.025679577 
825 203 9 11 0.02545948 
172 263 12 14 0.025272382 
781 358 12 14 0.025091933 
734 185 17 22 0.025085323 
559 187 9 11 0.024870202 
729 191 8 10 0.024802174 
943 239 9 11 0.024644416 
367 190 11 14 0.02447511 
634 198 10 13 0.02433138 
69 232 16 20 0.024142154 
222 223 9 12 0.024124824 
693 243 14 16 0.024002908 
616 218 20 25 0.023917044 
917 214 7 10 0.02385797 
501 259 11 12 0.023771252 
179 288 17 20 0.023735901 
691 214 21 25 0.023709472 
392 203 11 13 0.023664255 
929 254 8 10 0.023597887 
582 222 9 12 0.023590468 
272 178 19 26 0.023487275 
950 232 8 10 0.023456924 
394 183 21 24 0.023437107 
674 261 14 16 0.023434345 
668 221 24 26 0.023358067 
767 207 9 12 0.023291772 
913 231 8 9 0.023287803 
77 194 11 14 0.023282358 
741 185 10 13 0.023262154 
485 155 11 11 0.023149654 
715 378 17 18 0.023139093 
703 307 13 14 0.023006622 
230 245 8 11 0.022915248 
732 386 16 17 0.02263395 
588 415 10 13 0.022590473 
628 448 14 17 0.022573793 
95 216 11 16 0.022566902 
487 185 11 14 0.022540119 
862 198 7 9 0.022510141 
247 174 10 11 0.022322409 
800 185 9 11 0.022302622 
70 200 11 14 0.022236679 
0 218 17 32 0.022176875 
367 218 11 15 0.022118216 
197 205 9 11 0.022063324 
116 201 10 14 0.022055618 
504 190 9 10 0.021956787 
865 208 7 9 0.021856595 
244 167 11 13 0.021694632 
96 183 10 13 0.02162266 
142 197 8 11 0.02157299 
663 197 12 13 0.02152222 
938 221 7 9 0.02142935 
526 197 8 10 0.021392886 
168 185 9 11 0.021358142 
802 185 18 23 0.021285605 
870 215 8 10 0.021279953 
937 194 9 11 0.021278812 
621 198 9 12 0.021269973 
912 222 7 9 0.021097433 
543 194 10 12 0.020947954 
233 168 8 12 0.020800577 
62 235 12 17 0.020601232 
764 315 26 35 0.020484546 
893 227 10 13 0.020413006 
60 471 16 19 0.020373112 
793 189 8 11 0.020043287 
92 229 13 16 0.020020649 
