21_Festival_Festival_21_219
415
560 278 84 114 0.99159664 
769 363 11 14 0.43297416 
718 344 8 10 0.3125794 
788 359 11 13 0.25719064 
794 335 8 10 0.24855876 
839 350 10 12 0.20862617 
868 406 15 19 0.20235217 
807 359 10 12 0.19967023 
711 381 9 10 0.18477206 
807 334 9 10 0.17669268 
768 340 11 14 0.1754873 
276 548 10 13 0.17220165 
12 559 9 10 0.16327283 
847 326 9 10 0.15153205 
838 242 11 14 0.14796858 
702 352 8 10 0.13417263 
832 351 10 12 0.13229926 
906 375 9 11 0.13140936 
718 348 9 11 0.1295999 
783 320 7 9 0.12784815 
294 563 10 13 0.12049467 
825 325 8 11 0.11975674 
317 540 8 10 0.1192428 
230 542 7 10 0.1097451 
706 380 8 11 0.10905128 
752 372 9 11 0.1089127 
822 302 8 10 0.1062153 
784 364 13 14 0.10239398 
774 182 8 10 0.10106653 
259 555 11 14 0.092722945 
831 320 7 9 0.09118852 
837 372 10 12 0.09115458 
800 169 12 15 0.09107497 
830 286 8 10 0.0909349 
797 335 9 11 0.090711854 
807 329 9 10 0.08910256 
753 342 10 11 0.088988654 
751 356 11 13 0.08855174 
806 342 11 13 0.0882949 
783 325 8 10 0.08795555 
812 349 11 13 0.0850496 
1012 316 10 14 0.08426817 
830 325 8 10 0.082114264 
806 349 12 14 0.081926174 
328 518 9 11 0.08006461 
734 166 10 13 0.08005347 
1014 278 8 11 0.079582766 
47 520 7 9 0.07566048 
841 296 7 10 0.0748102 
735 352 10 12 0.07468482 
982 271 9 10 0.07443952 
780 409 15 18 0.07431481 
807 318 8 9 0.074276045 
825 334 8 11 0.074211255 
272 544 9 12 0.07303265 
26 562 8 10 0.072862044 
798 403 13 17 0.07200958 
753 349 10 13 0.07188686 
145 544 8 11 0.0717262 
46 470 8 11 0.06954037 
792 328 8 10 0.06859289 
16 536 8 10 0.06831321 
785 371 11 12 0.06761502 
772 347 11 13 0.067507766 
334 524 8 10 0.06744327 
762 327 8 10 0.06733568 
823 349 9 12 0.066661745 
30 561 8 10 0.0660072 
765 326 9 9 0.06568918 
840 344 10 12 0.06557782 
703 357 8 10 0.0648151 
889 279 8 9 0.06304327 
0 524 8 10 0.06288244 
788 409 14 17 0.06229957 
842 326 8 10 0.062165212 
777 318 8 10 0.061721798 
128 542 8 10 0.061711006 
698 350 9 11 0.061680075 
824 342 9 11 0.061206978 
792 319 8 10 0.06116485 
314 537 9 10 0.060752824 
848 367 9 12 0.060618665 
31 527 8 9 0.060471132 
759 335 9 12 0.060415655 
182 536 7 9 0.059468426 
309 565 9 12 0.05931754 
177 534 8 10 0.059262093 
921 297 9 12 0.0591252 
840 300 9 11 0.05807301 
918 335 12 13 0.057413567 
746 327 8 10 0.05730407 
990 246 9 11 0.05694638 
757 340 9 13 0.05680648 
729 332 9 11 0.0561327 
801 348 10 12 0.05581035 
302 561 9 11 0.055577654 
726 351 10 12 0.054874424 
863 365 10 13 0.054814316 
848 332 9 11 0.054803126 
799 341 9 12 0.054504815 
208 549 7 9 0.05367051 
830 334 8 10 0.052937433 
865 335 8 11 0.05175958 
89 549 9 11 0.051420044 
811 355 11 13 0.050935194 
226 543 8 11 0.05090489 
712 349 9 10 0.050338574 
782 351 10 12 0.050293006 
94 548 8 11 0.049587976 
729 327 7 10 0.04905994 
799 362 11 13 0.048916157 
41 519 7 9 0.048913892 
722 356 9 11 0.04890613 
17 519 7 8 0.048725285 
878 336 9 11 0.048252437 
820 373 12 14 0.048212294 
1008 145 12 16 0.048156917 
239 559 10 11 0.047959387 
829 343 9 11 0.047928154 
832 239 9 12 0.04757169 
775 312 8 10 0.04726444 
87 567 10 12 0.04723381 
992 287 8 11 0.046885192 
600 220 482 562 0.046569727 
709 329 8 10 0.046500742 
740 351 11 12 0.046325494 
832 371 10 13 0.04631734 
844 350 9 11 0.0462397 
800 313 8 11 0.046090495 
466 460 17 20 0.045563936 
922 280 9 11 0.045271844 
918 380 11 12 0.045035787 
834 264 7 9 0.044644907 
7 520 7 9 0.04443109 
804 182 10 12 0.04425945 
831 311 8 11 0.04423415 
778 324 9 10 0.044131517 
1008 247 8 9 0.044120193 
976 144 9 11 0.044106163 
800 229 8 12 0.04354131 
745 333 9 11 0.0435241 
247 550 8 10 0.043523427 
193 533 8 10 0.043307737 
831 281 8 10 0.04308479 
751 335 10 12 0.042975463 
738 372 9 12 0.042812932 
94 568 9 12 0.042767815 
792 312 9 11 0.04274079 
121 374 10 13 0.04246951 
752 182 9 12 0.042406287 
925 299 9 11 0.042292077 
758 357 9 13 0.041741673 
841 320 8 10 0.041585423 
826 240 8 10 0.04153695 
301 627 14 13 0.04139945 
289 559 9 11 0.04100036 
767 320 8 9 0.040781934 
769 175 9 12 0.040671665 
69 399 9 11 0.040093064 
825 280 9 11 0.03983314 
302 536 8 9 0.03982948 
6 422 7 11 0.039735578 
906 310 8 11 0.0395549 
845 301 9 11 0.03936482 
89 544 8 11 0.038748115 
25 462 9 10 0.03856592 
815 312 8 10 0.03818526 
183 541 8 10 0.037612867 
868 270 10 12 0.037549637 
789 350 11 14 0.037539687 
1 429 8 12 0.037026115 
767 354 19 23 0.036707252 
13 553 8 10 0.036086466 
246 543 9 11 0.035895925 
773 337 11 12 0.03587804 
277 575 10 12 0.035807494 
768 200 9 12 0.03578429 
855 366 9 12 0.035521142 
263 542 10 12 0.035439584 
956 268 12 13 0.035190474 
721 320 8 9 0.035186265 
62 431 9 10 0.03512594 
713 390 10 12 0.035123788 
703 365 8 9 0.035123315 
903 303 7 9 0.03511761 
48 524 7 10 0.035076126 
983 264 8 10 0.03489012 
145 560 9 11 0.034627214 
873 340 10 12 0.034539405 
23 519 7 9 0.034513935 
1008 277 9 11 0.03442153 
311 560 9 11 0.03441206 
309 520 8 10 0.03439885 
935 405 12 15 0.034353912 
824 355 10 13 0.034324657 
838 199 7 9 0.034168575 
508 45 12 13 0.0339032 
128 537 7 10 0.03381525 
785 292 8 11 0.03358103 
435 438 18 19 0.033323027 
885 397 11 13 0.0331518 
73 377 7 9 0.032982275 
1000 261 8 11 0.03287914 
742 367 11 14 0.032870326 
200 545 7 9 0.032836974 
759 382 9 12 0.032765128 
781 340 10 12 0.032729626 
838 286 8 10 0.032684766 
709 184 14 16 0.03223762 
1009 270 9 11 0.032230046 
790 184 8 10 0.03220701 
845 342 9 11 0.03215318 
801 189 9 11 0.032128617 
17 440 8 11 0.032085277 
993 293 8 10 0.032070335 
1000 256 9 10 0.03171662 
815 318 7 9 0.03168819 
918 349 10 11 0.031602718 
71 567 8 10 0.031564035 
831 293 7 9 0.03156351 
40 463 8 10 0.031485554 
14 443 8 11 0.03139043 
698 356 9 12 0.031146793 
807 278 7 9 0.031018324 
830 303 8 10 0.030786246 
862 359 10 12 0.030671101 
902 398 8 11 0.03051461 
921 310 10 12 0.030493487 
517 451 11 14 0.030346943 
191 543 8 10 0.030297719 
985 311 9 11 0.03019196 
903 357 10 12 0.030162401 
784 286 8 11 0.030145 
914 334 10 12 0.030137515 
352 527 7 10 0.030108731 
751 320 8 9 0.030088617 
65 552 7 9 0.029801661 
823 296 9 10 0.029778648 
706 333 8 10 0.029580891 
816 378 12 14 0.029478207 
872 335 9 11 0.02941167 
57 405 8 11 0.0291634 
87 513 7 9 0.029161155 
718 337 8 9 0.029139422 
838 262 8 10 0.02910854 
832 270 8 9 0.029043844 
742 180 10 13 0.029025888 
839 281 8 10 0.028976062 
208 528 9 10 0.02892505 
856 358 8 11 0.028906291 
72 521 7 9 0.028629586 
54 558 8 10 0.02835702 
23 431 7 9 0.02835547 
392 527 8 10 0.028311398 
813 342 11 13 0.028157488 
26 367 8 10 0.028152011 
783 183 8 11 0.028136712 
81 513 7 9 0.027912606 
709 357 8 10 0.027900929 
758 365 10 12 0.027897792 
744 342 10 11 0.027842356 
31 463 8 10 0.027827293 
1001 390 8 10 0.027803872 
13 563 10 11 0.027743908 
836 236 20 26 0.027728887 
910 351 10 11 0.027674653 
334 568 10 11 0.02764718 
789 244 8 12 0.027515184 
25 422 8 10 0.02744343 
217 551 7 9 0.027389709 
310 526 8 10 0.027352452 
79 537 8 10 0.027313394 
130 550 7 9 0.027126897 
817 394 11 13 0.027086439 
9 536 8 10 0.026944878 
1014 252 8 12 0.02691082 
97 439 8 10 0.026860373 
904 367 9 13 0.026812598 
481 427 12 15 0.026646849 
40 486 8 10 0.026564682 
118 520 8 10 0.02650305 
313 549 9 12 0.02645801 
710 333 8 10 0.026348978 
893 279 7 9 0.026175216 
326 511 9 12 0.02613674 
864 328 8 9 0.026119852 
945 240 8 11 0.026026614 
863 389 12 14 0.025970057 
88 495 9 12 0.025892396 
716 208 13 15 0.025818327 
908 318 9 10 0.025734147 
560 447 6 9 0.025688203 
703 422 9 11 0.025587164 
105 367 7 10 0.025585998 
1013 248 8 11 0.025473148 
63 377 8 10 0.025461901 
276 553 11 15 0.025435917 
772 370 12 13 0.025410831 
24 456 9 11 0.02538933 
24 542 10 12 0.025270209 
824 307 8 11 0.025178755 
897 295 8 10 0.025159527 
1007 263 10 11 0.025148196 
320 528 8 10 0.02511523 
209 532 9 11 0.025099471 
0 502 7 11 0.024988595 
784 334 9 11 0.024977027 
223 550 9 11 0.02497432 
80 541 7 10 0.024817586 
758 166 8 11 0.024806546 
785 254 9 13 0.024735069 
569 456 7 8 0.02472375 
713 396 10 12 0.024708556 
241 543 8 10 0.02446483 
961 406 10 12 0.024456162 
791 302 8 11 0.024437467 
74 542 7 10 0.024432704 
760 320 8 9 0.024420546 
840 166 8 10 0.024359766 
38 559 8 10 0.024251385 
702 344 9 10 0.024177914 
839 310 8 10 0.02415983 
32 521 8 9 0.024125865 
151 559 8 11 0.02405417 
906 150 8 11 0.024024243 
197 528 9 11 0.023875201 
528 437 8 9 0.02385483 
903 288 7 9 0.023832954 
945 142 9 12 0.023798995 
41 567 8 11 0.023798987 
775 303 8 10 0.023771767 
5 470 8 11 0.023760824 
1000 279 8 10 0.023701208 
1015 283 9 13 0.023628566 
733 328 8 9 0.023545658 
41 432 8 10 0.023391733 
757 183 9 11 0.02339149 
512 462 11 14 0.023260301 
263 564 10 12 0.023250835 
798 222 9 13 0.02322857 
517 398 10 12 0.023214923 
881 285 8 9 0.023161532 
902 350 10 12 0.022946935 
114 519 8 10 0.022913719 
81 569 8 11 0.022890363 
878 271 10 12 0.02272411 
822 367 12 13 0.022662329 
776 187 8 10 0.022641934 
533 437 8 9 0.022600837 
8 511 7 10 0.022594782 
193 527 9 11 0.022573683 
686 183 11 13 0.02254603 
899 341 10 11 0.02250046 
806 272 7 10 0.022483531 
38 367 8 10 0.022403743 
847 356 9 12 0.022397496 
990 189 9 11 0.022386117 
853 319 9 10 0.022318447 
135 544 8 10 0.022254482 
46 433 8 9 0.022165643 
787 382 12 12 0.022141926 
881 278 8 10 0.02213861 
97 365 7 10 0.022121236 
40 512 7 9 0.022120323 
998 134 9 12 0.022102062 
319 565 9 11 0.021996396 
897 287 7 9 0.021980695 
242 551 8 10 0.021895751 
816 295 10 12 0.021864595 
143 521 7 9 0.02181028 
807 380 11 14 0.021778276 
79 475 11 13 0.021762546 
454 458 24 27 0.021754079 
848 310 8 10 0.021702789 
902 295 7 10 0.021682458 
310 471 7 9 0.021656197 
88 476 8 11 0.021647343 
577 448 7 9 0.021620698 
766 336 18 23 0.021616079 
544 446 8 9 0.021603506 
824 129 7 8 0.021468462 
825 244 8 11 0.0214125 
782 354 20 23 0.021354176 
824 270 8 10 0.021294044 
330 438 9 10 0.021274213 
798 391 12 15 0.021215253 
949 346 14 15 0.021172881 
967 381 8 11 0.02116143 
98 399 7 8 0.021131512 
813 335 9 10 0.021032654 
82 550 7 11 0.021031583 
694 375 8 11 0.020984268 
687 211 13 16 0.020929847 
6 525 7 9 0.020869266 
47 438 7 9 0.020813564 
696 343 9 12 0.020783016 
770 311 8 11 0.020779684 
22 438 7 10 0.020729186 
923 327 15 15 0.020697799 
87 556 9 11 0.020656934 
329 567 9 11 0.020616036 
168 533 8 10 0.020609764 
545 442 8 8 0.020534243 
872 143 8 11 0.020461576 
271 566 10 13 0.020421743 
864 311 10 12 0.020409934 
976 319 11 12 0.020346861 
994 128 8 9 0.020328583 
232 520 9 10 0.020281563 
55 553 8 9 0.02026068 
112 479 7 10 0.020254983 
435 177 32 39 0.020173643 
801 395 14 18 0.020085044 
977 359 9 11 0.02003398 
984 398 8 11 0.02000453 
