21_Festival_Festival_21_414
200
282 348 28 39 0.72246313 
146 342 22 29 0.62899745 
662 366 122 156 0.45604196 
909 372 25 41 0.38442856 
587 366 61 86 0.33133063 
130 285 16 22 0.30247596 
167 319 24 30 0.2077776 
732 383 53 66 0.20180723 
106 281 16 23 0.17474149 
626 359 107 126 0.1495795 
8 337 16 21 0.14956078 
885 274 50 82 0.13604772 
983 616 36 46 0.13210523 
172 316 16 19 0.1302148 
201 300 27 40 0.12506309 
37 305 16 20 0.12339257 
511 96 47 53 0.11906144 
417 582 80 85 0.11858051 
798 343 9 12 0.117659695 
803 334 8 10 0.11534267 
227 439 40 49 0.110371456 
550 394 38 52 0.10834271 
244 88 47 66 0.1031173 
148 235 17 20 0.102535814 
792 348 9 11 0.09509271 
363 566 103 95 0.091455325 
596 336 60 78 0.08773967 
830 274 49 83 0.08382035 
831 334 9 12 0.08164758 
26 367 14 18 0.08020319 
660 227 57 77 0.07964323 
182 540 112 100 0.07671084 
948 375 52 67 0.07642731 
495 380 26 43 0.0755803 
136 283 18 21 0.073440626 
762 344 8 10 0.07286207 
784 343 8 10 0.07079438 
996 378 13 20 0.06883027 
507 359 49 65 0.0659855 
785 350 9 11 0.06486746 
810 269 79 135 0.06113972 
557 316 103 119 0.060597334 
983 375 22 29 0.05948651 
805 318 8 11 0.058727928 
22 308 15 19 0.058328748 
267 281 53 50 0.057810284 
545 364 59 79 0.05636538 
785 336 8 10 0.055569697 
816 355 12 19 0.05524476 
171 309 14 18 0.054734327 
784 316 10 12 0.054541316 
148 308 17 21 0.05359125 
347 582 67 73 0.052917376 
478 382 9 13 0.052276477 
768 309 9 11 0.051997617 
928 351 83 109 0.050404724 
456 374 9 13 0.049160026 
209 129 11 15 0.04861408 
801 326 10 13 0.04851477 
816 334 9 11 0.04833017 
549 359 31 46 0.045888815 
26 303 21 26 0.04535549 
822 340 9 11 0.045173332 
902 354 42 65 0.044218834 
789 335 8 10 0.043618064 
261 495 90 121 0.042934746 
957 396 14 19 0.042858515 
792 405 11 13 0.04250721 
956 394 56 75 0.042383965 
139 274 18 22 0.041020483 
13 312 15 18 0.041017227 
766 341 9 12 0.04084422 
712 363 83 109 0.040329807 
591 168 127 142 0.039991762 
222 79 82 108 0.038401783 
140 349 25 35 0.03786299 
85 218 16 18 0.03781693 
973 379 15 18 0.037805125 
447 390 9 11 0.037068315 
124 267 24 32 0.036458746 
823 335 9 12 0.03625219 
171 266 16 24 0.035886303 
134 261 25 31 0.03563114 
922 167 19 22 0.03543786 
802 571 113 125 0.03539542 
139 361 16 22 0.034525186 
538 301 22 28 0.034507155 
813 328 10 11 0.03408334 
817 341 10 11 0.03406352 
235 463 83 104 0.03379492 
119 247 25 34 0.033558246 
42 302 21 27 0.033413585 
164 231 13 16 0.033174917 
962 420 30 38 0.032758307 
530 309 16 21 0.032749902 
126 291 17 24 0.032689363 
23 290 10 13 0.03238383 
987 363 11 14 0.031813864 
322 40 26 27 0.03181024 
970 372 28 36 0.031080067 
487 393 12 18 0.031000806 
311 548 96 118 0.030956455 
130 314 15 20 0.030910408 
649 245 45 66 0.030781481 
140 337 19 26 0.030669536 
102 254 27 37 0.03035386 
109 257 15 19 0.03028561 
704 411 95 138 0.030256443 
176 343 24 32 0.029802056 
165 333 16 23 0.029734757 
836 277 28 49 0.029356759 
168 182 10 12 0.0292935 
792 381 10 13 0.029218934 
225 118 10 15 0.029197006 
387 249 27 37 0.029166488 
167 337 25 33 0.029103527 
768 337 9 11 0.029057108 
133 291 21 28 0.028880334 
6 317 12 15 0.028874837 
85 338 15 21 0.028832447 
230 318 14 17 0.028655576 
423 363 11 15 0.028590428 
156 230 16 21 0.028414425 
116 249 15 21 0.02832891 
564 339 13 15 0.02821777 
115 280 20 28 0.027926179 
483 383 26 35 0.0278703 
887 264 88 135 0.027788708 
527 56 11 14 0.027777063 
178 281 15 21 0.027709035 
177 390 44 59 0.027610093 
961 376 26 36 0.027446687 
596 340 97 127 0.02680793 
20 319 17 20 0.026802806 
789 317 9 11 0.026752254 
132 7 381 457 0.026562303 
821 613 75 74 0.026524663 
856 290 61 88 0.026338302 
542 373 34 59 0.02618406 
37 295 13 16 0.026109517 
774 341 9 11 0.025894433 
130 265 15 20 0.025568316 
300 347 25 38 0.02551012 
428 356 10 14 0.025465967 
3 282 14 19 0.025400959 
804 342 8 11 0.025398495 
795 522 51 60 0.025319519 
780 535 105 122 0.024789777 
896 279 30 53 0.024767684 
211 222 16 20 0.024720062 
292 54 15 16 0.024606735 
760 347 9 13 0.02454976 
104 401 49 59 0.024270969 
166 300 13 16 0.024007555 
128 422 25 38 0.023653038 
775 329 8 10 0.023635201 
219 315 14 19 0.023530655 
790 326 10 12 0.023489926 
133 214 12 14 0.023234056 
470 389 13 17 0.023157122 
154 343 25 34 0.022772307 
124 198 10 13 0.0227361 
4 297 15 18 0.022691553 
31 301 13 17 0.022522671 
946 290 14 17 0.022504816 
927 365 50 66 0.022497788 
56 204 28 28 0.022460718 
799 357 9 12 0.02243089 
625 318 182 271 0.022201115 
188 337 24 32 0.021928148 
881 343 47 69 0.021770323 
156 317 25 30 0.02173508 
438 404 11 16 0.02165709 
774 366 9 11 0.02163657 
522 59 11 14 0.02161374 
944 286 11 16 0.021587538 
169 394 30 48 0.02156305 
807 357 10 13 0.021465858 
471 382 21 30 0.021402718 
774 304 8 10 0.021365693 
411 316 25 38 0.02130457 
947 385 26 38 0.02126001 
819 359 13 20 0.021223187 
193 402 54 55 0.021196246 
139 302 20 28 0.021148693 
236 436 64 70 0.021106545 
878 159 15 18 0.021065678 
90 344 15 20 0.020966144 
493 360 30 46 0.020603672 
212 310 28 34 0.020571865 
67 198 14 14 0.02055145 
557 293 12 15 0.020542111 
971 413 32 36 0.020532269 
550 300 52 63 0.02045419 
557 334 29 36 0.020418135 
232 423 33 39 0.020321192 
91 266 28 35 0.02024907 
485 401 12 19 0.020236049 
206 353 14 17 0.020233722 
237 105 34 41 0.020014074 
