21_Festival_Festival_21_604
1985
10 544 17 21 0.9823232 
925 534 14 15 0.9700276 
686 501 13 17 0.9642436 
164 629 18 22 0.94596535 
205 625 22 26 0.9447072 
72 590 17 23 0.92773044 
294 494 10 13 0.9213448 
762 554 16 22 0.910378 
731 585 15 20 0.883688 
8 476 11 15 0.8349822 
412 462 14 16 0.8163485 
99 539 13 16 0.8137454 
861 512 11 13 0.79242545 
199 496 13 16 0.7789878 
694 575 16 20 0.7730652 
56 561 16 19 0.7612163 
61 504 12 16 0.7263669 
256 485 11 13 0.7234242 
896 460 9 11 0.71607953 
27 495 12 16 0.7094077 
759 517 13 15 0.6973243 
946 463 12 14 0.6807961 
216 478 9 12 0.65086526 
289 564 13 16 0.64561814 
709 553 14 16 0.6188083 
219 454 9 11 0.60682493 
660 494 12 16 0.6012967 
967 483 10 14 0.57837796 
41 478 11 13 0.57535815 
248 463 9 12 0.5663063 
973 467 11 15 0.55545884 
138 472 9 12 0.55491734 
239 447 9 11 0.55470747 
739 502 13 16 0.55110025 
823 445 7 11 0.550959 
87 556 12 15 0.5485753 
848 483 9 11 0.53103924 
950 514 12 15 0.5051798 
966 527 12 15 0.49084854 
207 596 14 18 0.4852672 
429 415 8 10 0.46757138 
874 461 9 12 0.4610954 
715 582 14 17 0.46091327 
901 438 10 12 0.45308128 
1013 539 10 16 0.44672605 
61 431 9 10 0.43837327 
910 462 9 11 0.4339137 
870 480 11 13 0.42575082 
662 455 11 13 0.42181623 
508 438 10 12 0.42102152 
222 509 10 13 0.41852465 
275 626 14 19 0.417232 
98 446 10 12 0.41057807 
131 585 16 20 0.4063339 
147 598 14 18 0.40366834 
374 446 8 10 0.40027934 
684 459 10 12 0.39908227 
313 446 9 11 0.3990273 
392 429 8 11 0.39664194 
134 549 11 16 0.39451614 
425 415 8 10 0.39418682 
893 486 9 12 0.38955763 
304 479 9 12 0.3892281 
892 659 20 19 0.38593063 
628 443 11 13 0.38407502 
749 538 13 16 0.37979576 
804 516 10 13 0.37761292 
207 436 8 10 0.37224185 
946 417 7 9 0.36542356 
397 478 12 14 0.36500803 
141 453 9 12 0.3630588 
101 439 9 11 0.35539103 
805 552 14 18 0.34842715 
158 555 13 17 0.34700754 
703 550 13 16 0.34286466 
768 469 10 12 0.3425453 
439 447 9 10 0.33915517 
957 440 9 12 0.3322287 
79 470 11 12 0.33164573 
55 508 11 15 0.33135465 
703 475 9 13 0.32481626 
830 535 11 14 0.31652623 
342 469 9 12 0.31287888 
285 597 16 19 0.31164777 
974 502 10 13 0.31112653 
824 524 10 12 0.30816123 
158 478 8 11 0.30798957 
863 495 9 11 0.30704573 
882 416 8 10 0.3066044 
295 530 11 14 0.30595565 
271 511 11 14 0.30319455 
736 422 8 9 0.30107695 
263 541 14 16 0.3006479 
64 477 9 11 0.29341722 
375 469 11 12 0.293049 
992 401 8 10 0.2928849 
287 437 7 10 0.2921933 
861 592 15 19 0.2915798 
201 540 13 16 0.2914964 
809 538 13 15 0.29081592 
367 480 10 13 0.28831425 
309 477 11 13 0.28522998 
46 470 10 11 0.28423217 
885 430 9 11 0.28093082 
294 471 8 11 0.27874148 
20 627 16 21 0.27743033 
721 448 8 10 0.27665353 
238 484 10 13 0.2718906 
80 413 8 10 0.2700956 
644 477 10 12 0.26984552 
719 478 10 12 0.2691017 
909 455 9 11 0.26879567 
72 415 8 9 0.26572052 
340 553 13 15 0.26481584 
359 453 9 10 0.2632724 
913 423 9 11 0.26154006 
192 399 7 9 0.2612954 
750 446 10 12 0.26107892 
240 431 8 10 0.259175 
699 469 8 12 0.25878546 
206 572 15 17 0.25411382 
908 492 9 10 0.2521016 
810 613 15 19 0.24917372 
232 534 12 15 0.24914055 
997 401 8 9 0.24685584 
808 414 8 10 0.24654187 
457 425 9 10 0.24082956 
621 444 12 14 0.23654193 
314 452 9 11 0.23429964 
174 492 12 13 0.23408465 
663 431 8 11 0.23388664 
192 445 8 10 0.23387815 
1006 479 10 14 0.23094165 
166 398 7 10 0.2297465 
724 452 10 12 0.22937661 
748 451 11 13 0.22314607 
3 408 8 12 0.2223416 
990 473 8 10 0.22227724 
223 424 8 10 0.22203566 
1003 454 9 12 0.2215399 
778 502 9 12 0.22142775 
238 478 9 13 0.22085628 
884 541 10 13 0.22059087 
967 445 8 11 0.22009113 
884 437 10 13 0.21985841 
247 599 13 18 0.21733688 
94 408 8 9 0.21732397 
178 421 8 10 0.21713309 
112 470 10 13 0.21527407 
854 446 8 11 0.2139213 
990 383 7 9 0.21248314 
881 509 10 13 0.21020539 
37 446 8 10 0.21017382 
261 490 11 13 0.210154 
402 408 8 9 0.20818664 
351 448 8 10 0.20724979 
278 478 9 10 0.20698145 
45 381 8 10 0.20659772 
264 407 8 10 0.20577694 
8 634 14 16 0.20551856 
918 422 8 11 0.20506243 
141 493 12 15 0.20483851 
341 492 9 11 0.20477009 
900 391 8 10 0.20244552 
241 425 8 9 0.20198411 
335 487 11 13 0.19915871 
29 468 11 13 0.19880778 
926 470 11 13 0.1980955 
176 416 8 10 0.19712697 
93 525 11 15 0.19638403 
463 448 10 12 0.19638315 
983 416 8 9 0.1962832 
920 416 8 9 0.19474609 
679 405 8 10 0.19212928 
289 501 10 12 0.19206595 
113 383 8 9 0.18969892 
37 510 10 13 0.18916523 
631 457 12 15 0.18898456 
1006 430 9 11 0.18843657 
787 491 12 14 0.18721524 
766 415 9 10 0.18714733 
832 417 7 10 0.18657567 
192 441 7 10 0.18609034 
694 424 7 9 0.18435074 
656 472 11 14 0.18340877 
680 455 11 13 0.1826213 
665 423 8 11 0.1816353 
885 423 9 11 0.18116936 
799 430 10 13 0.18105635 
352 453 8 10 0.18019861 
178 453 8 11 0.17865579 
807 479 10 13 0.17855693 
206 563 13 16 0.17698105 
966 409 8 9 0.17693922 
214 482 10 13 0.17558376 
798 453 8 11 0.17550954 
818 448 8 10 0.1754784 
863 424 9 10 0.17499767 
808 375 8 10 0.17497154 
319 533 9 13 0.1745857 
950 400 7 9 0.17429489 
790 447 8 10 0.17407085 
353 422 8 10 0.17350604 
254 512 11 14 0.17079376 
785 441 7 10 0.16996004 
959 389 7 9 0.16952467 
711 390 7 9 0.16935617 
111 410 7 9 0.16929847 
711 440 8 10 0.16917285 
223 495 8 11 0.16900882 
241 439 9 11 0.16788493 
287 454 9 11 0.16727448 
39 538 13 18 0.1672151 
383 508 13 16 0.16707237 
54 416 8 9 0.16568083 
324 562 12 15 0.164202 
863 559 11 14 0.16384195 
399 446 7 9 0.16372651 
824 441 8 11 0.16302142 
766 445 8 10 0.16291565 
888 527 11 13 0.16220912 
705 415 8 10 0.16211516 
327 428 8 10 0.16197659 
326 480 11 13 0.16195282 
342 476 10 13 0.16125986 
1015 438 8 12 0.16072173 
988 533 11 14 0.16053376 
189 512 10 13 0.16050369 
110 478 9 13 0.15971012 
1007 388 8 10 0.15948915 
830 493 9 11 0.1583698 
769 557 14 17 0.15803048 
441 398 8 10 0.15765986 
414 376 8 10 0.15588734 
54 469 10 11 0.15583435 
295 489 10 12 0.15577841 
677 535 10 13 0.15526628 
156 561 15 21 0.15505159 
984 447 9 10 0.1549822 
28 431 9 11 0.15476803 
886 532 11 14 0.15456675 
173 483 14 16 0.15451267 
123 616 12 18 0.15378805 
903 455 9 12 0.15353173 
342 464 9 11 0.1535118 
372 529 14 16 0.15344019 
944 399 8 9 0.1533891 
919 447 9 12 0.1528042 
145 431 8 10 0.15234661 
281 438 9 11 0.1523136 
922 408 6 8 0.15187244 
168 469 9 12 0.15043212 
62 436 8 11 0.1504158 
71 392 8 10 0.15040565 
662 399 7 9 0.15037012 
767 422 10 11 0.14978883 
40 421 8 11 0.14875185 
392 617 13 18 0.14872372 
48 447 8 11 0.1485299 
969 368 6 8 0.14841369 
47 414 9 11 0.14836368 
440 431 8 9 0.1482161 
804 523 11 14 0.14818282 
726 528 12 14 0.14778155 
374 475 11 14 0.14772324 
265 423 8 10 0.14763495 
786 445 8 11 0.14736937 
672 515 12 17 0.14719513 
214 514 12 14 0.14696547 
955 642 15 21 0.14604126 
398 439 8 10 0.14603856 
992 431 8 10 0.14592582 
888 406 7 9 0.14511944 
773 432 9 11 0.14415957 
759 484 10 12 0.14391056 
104 558 11 14 0.14390413 
832 462 8 10 0.1437482 
728 430 8 10 0.14364219 
76 524 12 15 0.14364174 
364 538 13 16 0.14275724 
149 431 9 11 0.14222562 
216 448 9 11 0.14153083 
337 438 8 10 0.14149381 
829 517 9 13 0.14091532 
89 423 8 11 0.14035764 
646 471 9 13 0.14032398 
847 453 8 10 0.13971485 
832 369 7 7 0.13881877 
366 464 9 10 0.13875099 
431 366 7 9 0.13834634 
277 470 9 12 0.13784099 
263 383 8 10 0.13753335 
817 468 9 11 0.13749272 
663 436 8 11 0.13742593 
246 510 11 14 0.13714817 
152 453 9 11 0.13678254 
869 429 8 10 0.13637409 
903 518 9 13 0.1353878 
856 440 9 11 0.13500367 
208 399 8 10 0.1347268 
361 503 8 11 0.13353537 
647 423 9 11 0.13344331 
401 392 8 9 0.13338543 
294 376 7 8 0.13289353 
271 430 8 10 0.13286962 
319 479 8 11 0.13259 
948 474 12 15 0.13248844 
88 408 8 10 0.13116713 
912 508 10 14 0.13093486 
950 416 9 11 0.13050593 
791 575 13 15 0.13046956 
1008 384 8 10 0.13022824 
15 375 8 9 0.12872376 
311 501 8 10 0.12865832 
248 424 7 10 0.12687907 
927 407 8 10 0.1263679 
312 360 7 9 0.12620844 
870 408 7 9 0.12601718 
333 424 8 9 0.12596312 
1005 461 9 11 0.12581125 
896 491 9 12 0.12555282 
958 537 13 17 0.12538463 
25 405 8 11 0.12528399 
848 543 11 14 0.12522973 
669 457 9 11 0.12492552 
716 508 9 11 0.12482336 
660 468 11 14 0.12440273 
418 359 7 9 0.124240085 
191 461 10 12 0.12411888 
387 383 7 9 0.12378557 
172 538 13 16 0.12339601 
836 540 11 14 0.12294453 
743 493 13 15 0.12273196 
800 399 7 10 0.12268019 
281 641 16 21 0.1222577 
271 453 9 11 0.121910885 
805 432 10 11 0.12182354 
882 391 7 9 0.12163355 
262 440 9 9 0.1211746 
746 485 10 12 0.120803736 
991 453 9 12 0.12077506 
862 428 10 12 0.12072871 
289 376 6 8 0.12065619 
839 389 8 10 0.12037364 
992 485 11 13 0.12033729 
732 533 11 13 0.12008943 
144 375 8 9 0.11927447 
857 407 7 10 0.119229615 
802 511 10 13 0.11884018 
256 446 9 10 0.1187907 
1000 431 8 11 0.11861641 
336 520 8 10 0.1184037 
462 399 8 11 0.1179603 
157 455 8 10 0.11760635 
415 445 8 10 0.11745894 
48 509 11 14 0.11734483 
870 561 11 14 0.11711836 
960 413 8 11 0.11710452 
761 444 9 11 0.11696024 
151 423 8 9 0.11646869 
825 399 7 10 0.11611113 
741 612 12 14 0.116073556 
1012 429 8 12 0.11601362 
911 467 8 11 0.11586942 
954 385 6 8 0.11578508 
69 508 11 15 0.11564514 
396 429 8 11 0.11540956 
62 472 9 11 0.11509072 
350 555 12 16 0.114966586 
816 451 9 12 0.11494058 
359 439 7 9 0.11491484 
710 471 8 11 0.11490956 
726 582 13 18 0.114676446 
951 368 7 9 0.11455392 
678 423 8 9 0.11398901 
193 405 7 9 0.113976255 
857 494 10 12 0.113557406 
984 422 7 10 0.11344553 
848 447 9 11 0.11317463 
359 508 10 12 0.113172255 
319 383 7 9 0.11303223 
93 485 11 15 0.112900555 
383 416 7 9 0.11244187 
271 423 8 10 0.11193991 
118 475 11 13 0.111937195 
794 453 8 11 0.11181919 
9 399 8 10 0.110726215 
86 413 7 10 0.11063203 
879 457 8 11 0.11051706 
840 431 9 10 0.10998473 
742 539 14 17 0.10988691 
72 445 9 12 0.10902975 
981 469 10 13 0.10869487 
799 423 8 10 0.108345434 
136 392 8 9 0.1082155 
424 453 9 12 0.10807309 
751 594 12 17 0.107945964 
782 542 11 14 0.10773779 
243 188 16 19 0.107519485 
896 587 12 15 0.10737649 
839 504 10 12 0.10694331 
694 428 8 11 0.10678398 
126 548 13 17 0.106068976 
885 547 9 12 0.1059137 
866 392 7 9 0.10578705 
855 632 15 21 0.10575223 
192 431 7 9 0.10564955 
680 401 8 9 0.10556205 
257 440 8 9 0.10538216 
358 430 8 10 0.10528645 
710 400 7 9 0.10524294 
941 439 9 11 0.104743846 
231 416 7 9 0.10469019 
928 423 8 10 0.10414135 
901 549 13 17 0.10399545 
199 473 8 10 0.10391212 
357 423 8 10 0.10375059 
478 463 9 10 0.10364173 
223 429 8 10 0.10360966 
710 421 7 10 0.10343809 
745 478 9 12 0.10305651 
16 452 10 12 0.10289971 
144 449 8 10 0.10287277 
879 502 10 13 0.10199657 
839 448 9 11 0.10150391 
680 445 11 12 0.10106979 
369 446 8 10 0.10099295 
293 631 15 21 0.100270644 
288 400 7 10 0.10000945 
840 453 9 11 0.10000176 
464 474 10 13 0.0999362 
61 463 8 11 0.099923156 
99 509 12 13 0.09957814 
943 483 9 12 0.09933417 
903 415 7 9 0.099185154 
864 408 8 9 0.09911651 
383 504 11 13 0.09899989 
437 357 8 10 0.09885599 
184 516 10 13 0.0986243 
904 488 10 13 0.09856149 
24 400 8 11 0.09818808 
728 399 7 9 0.09795845 
896 399 8 9 0.097378284 
46 377 8 9 0.09666715 
175 501 10 13 0.096551664 
321 423 8 10 0.09621264 
456 375 7 8 0.09587621 
94 532 13 18 0.09586325 
16 391 7 10 0.095819004 
997 486 10 13 0.09557757 
831 511 9 11 0.0954689 
118 554 14 16 0.095456064 
958 471 9 12 0.09508036 
476 562 22 27 0.09444128 
117 381 8 10 0.09418868 
359 448 8 10 0.093986 
826 532 11 14 0.09374911 
81 382 7 9 0.09357337 
249 580 14 18 0.093521684 
950 534 10 15 0.09346786 
393 482 10 13 0.09336976 
961 409 8 9 0.09328259 
879 496 9 10 0.093232125 
73 369 7 8 0.09303056 
447 431 8 11 0.093029596 
191 470 11 13 0.09281536 
933 424 8 9 0.09273557 
954 391 6 8 0.092707306 
705 440 9 11 0.0923688 
865 485 9 11 0.09230311 
775 507 10 14 0.09210645 
287 433 8 10 0.092030995 
23 391 7 9 0.09192377 
256 409 7 9 0.091841295 
12 470 10 14 0.09164257 
118 377 7 9 0.091602854 
413 166 14 17 0.09156732 
799 650 19 19 0.09148544 
888 400 7 9 0.09113556 
242 462 10 12 0.091132246 
392 406 7 9 0.09110311 
949 504 11 13 0.091056414 
384 439 7 9 0.09096501 
55 422 9 10 0.090832256 
750 463 10 12 0.09078871 
72 493 11 14 0.09015935 
152 449 8 10 0.09010761 
1013 468 9 14 0.09009616 
279 432 8 10 0.09009272 
254 425 8 9 0.089938045 
38 493 10 13 0.08983155 
927 446 9 12 0.08977298 
997 436 9 11 0.08969299 
238 490 11 14 0.08968387 
839 385 7 9 0.08955352 
505 443 9 11 0.08952512 
277 464 8 10 0.08936938 
410 374 7 10 0.08932556 
287 405 8 9 0.08926184 
280 486 10 13 0.08924318 
15 398 7 10 0.08917684 
220 542 12 14 0.088908784 
831 488 8 10 0.088880785 
8 390 8 10 0.08885527 
806 447 8 10 0.08870406 
751 468 10 12 0.088598 
320 407 7 8 0.08857654 
983 430 10 11 0.088553645 
984 452 10 12 0.08817776 
29 437 9 11 0.08816973 
742 421 7 10 0.08790566 
270 367 7 9 0.0878588 
918 365 8 9 0.08779487 
834 471 8 11 0.08769426 
271 390 8 9 0.08751514 
772 515 9 13 0.087487064 
71 421 8 10 0.08745508 
184 392 7 9 0.08742332 
886 392 7 9 0.0870791 
925 491 9 12 0.08690589 
911 428 9 11 0.08690022 
296 477 10 12 0.08668968 
137 357 7 9 0.086608455 
42 377 7 8 0.086487055 
671 417 8 10 0.08648665 
975 366 6 9 0.086478904 
979 578 15 18 0.08627501 
25 468 10 12 0.08626103 
157 448 8 10 0.08611118 
305 400 7 8 0.08610473 
973 446 9 10 0.08596588 
719 415 7 9 0.085947655 
264 415 8 9 0.085770205 
251 570 12 16 0.08561736 
96 517 11 14 0.08560355 
945 537 10 13 0.08557224 
783 399 7 10 0.08539841 
102 390 7 10 0.08533457 
975 439 9 11 0.08523187 
409 429 9 10 0.085223906 
836 535 10 12 0.08492694 
341 501 9 12 0.08482939 
890 369 7 9 0.08482401 
56 464 9 12 0.084625565 
310 472 10 12 0.084485926 
9 453 9 12 0.08431462 
54 448 7 10 0.08430814 
1013 408 8 10 0.083976425 
445 391 8 11 0.083825216 
895 481 9 12 0.08373845 
911 447 8 10 0.08372417 
104 366 7 9 0.08346145 
397 424 9 11 0.08335963 
1014 463 9 12 0.083333865 
831 446 8 10 0.083285995 
215 439 7 9 0.083268866 
152 554 13 18 0.08298746 
384 399 7 9 0.08292793 
800 449 9 11 0.08288648 
351 417 8 9 0.08282892 
872 456 10 12 0.08278287 
933 429 8 10 0.08274254 
433 360 8 10 0.082198374 
460 428 9 12 0.0821952 
1004 448 10 11 0.08156835 
74 350 7 10 0.08147635 
680 468 12 14 0.081388265 
296 446 9 11 0.08137687 
1015 443 9 12 0.08126901 
72 409 9 10 0.0812216 
264 389 8 10 0.08078647 
151 399 7 9 0.08078364 
160 360 7 9 0.08057972 
784 416 9 10 0.080561385 
295 399 7 10 0.08016769 
936 383 7 9 0.08005406 
968 399 7 9 0.079772145 
134 415 8 9 0.07976532 
903 408 7 9 0.0796709 
249 414 7 9 0.079530604 
730 425 7 9 0.07939467 
888 456 8 10 0.07931333 
342 433 9 10 0.07931021 
953 510 13 15 0.07898406 
344 520 9 11 0.07894198 
181 415 8 11 0.078757614 
892 525 10 12 0.078686446 
809 410 8 9 0.07857462 
851 479 10 13 0.07855938 
967 374 7 9 0.07837062 
580 397 11 14 0.07836651 
304 416 7 10 0.07828456 
169 375 7 8 0.07826733 
318 562 13 19 0.078263946 
1008 533 14 18 0.078079425 
374 546 12 15 0.07797608 
690 582 17 22 0.07786744 
369 406 7 9 0.07776616 
821 384 7 9 0.077744216 
865 399 7 9 0.0776965 
239 471 10 11 0.07765797 
15 447 10 12 0.07750697 
897 416 7 9 0.077438824 
337 471 9 11 0.07735977 
41 415 8 12 0.07729851 
735 539 12 16 0.07725051 
777 401 7 9 0.07711768 
346 448 8 10 0.07707393 
999 366 7 9 0.076926135 
54 452 8 11 0.07671514 
263 471 9 10 0.07662471 
223 502 10 14 0.07649337 
942 457 9 11 0.07647924 
336 431 8 9 0.07643928 
882 399 8 9 0.07642039 
418 416 8 10 0.07635558 
853 470 9 11 0.076146774 
767 475 11 13 0.0758721 
135 407 8 10 0.0758557 
215 401 7 9 0.07578998 
727 495 10 13 0.07571928 
822 469 8 10 0.075367056 
917 381 8 11 0.07469004 
851 485 10 12 0.07456087 
880 384 7 9 0.07446224 
983 538 11 14 0.07432288 
799 471 9 11 0.07424099 
262 446 9 11 0.0741254 
997 501 11 16 0.07412275 
355 377 6 8 0.073912375 
974 391 8 9 0.07383873 
936 453 8 11 0.07370007 
345 416 8 9 0.073658936 
772 422 9 11 0.07363975 
351 393 8 9 0.07360114 
105 540 14 17 0.07355022 
349 477 9 13 0.073540576 
282 399 8 10 0.07350629 
799 553 12 17 0.073482595 
997 492 11 14 0.07335884 
102 453 10 12 0.07334205 
929 464 8 11 0.07318296 
146 500 13 16 0.073143065 
303 462 8 10 0.07311639 
336 408 7 9 0.073099546 
192 476 10 12 0.073098846 
129 415 7 9 0.07305499 
169 369 7 9 0.073024735 
163 563 14 18 0.07280446 
401 413 8 9 0.07276729 
876 563 10 13 0.07268469 
784 391 6 9 0.072658345 
710 461 8 11 0.07253598 
935 405 7 9 0.07246156 
712 503 11 13 0.07235292 
239 558 12 16 0.0722935 
711 416 7 9 0.071961835 
221 459 10 11 0.071956374 
32 453 9 11 0.07184726 
360 479 10 13 0.07173937 
769 399 7 9 0.0717116 
937 391 6 8 0.07170481 
929 428 8 11 0.071571544 
528 373 9 10 0.07155089 
814 376 6 9 0.071507655 
822 452 9 12 0.07145743 
311 566 12 19 0.07136628 
672 445 9 11 0.07120919 
247 587 14 19 0.07116195 
936 400 7 9 0.07113846 
695 439 7 10 0.071109176 
968 392 8 9 0.071084 
96 412 7 9 0.07099428 
729 393 7 8 0.07096797 
277 510 11 15 0.07094027 
375 441 8 10 0.07088655 
840 478 9 11 0.07057817 
1007 501 11 16 0.07050423 
866 480 10 12 0.07042571 
639 469 12 15 0.07032864 
326 541 9 12 0.07021726 
768 501 10 12 0.070194 
670 421 8 11 0.070151426 
200 377 7 8 0.07009648 
789 549 11 13 0.07004239 
765 512 13 15 0.07000185 
81 375 7 10 0.06986185 
116 497 12 16 0.06973918 
799 477 11 14 0.069734424 
255 538 13 16 0.06968121 
896 519 10 12 0.06965972 
813 479 11 13 0.0696508 
301 594 12 19 0.06965028 
812 556 13 16 0.06953747 
880 534 12 16 0.06943195 
722 401 7 8 0.06942139 
990 389 7 9 0.06935174 
659 502 14 18 0.06931498 
167 464 9 10 0.06923353 
655 489 12 14 0.06898796 
342 437 8 10 0.06897006 
104 414 8 9 0.06896857 
201 432 8 10 0.06895396 
863 446 8 10 0.06875717 
385 431 8 10 0.068646096 
197 557 12 17 0.06855667 
895 423 8 10 0.068413615 
145 400 6 9 0.068410814 
46 423 9 10 0.06837477 
63 424 8 9 0.06834657 
15 383 8 9 0.068300456 
334 414 8 10 0.06824793 
219 424 7 10 0.06823377 
177 524 12 14 0.06804753 
422 359 7 10 0.067569524 
136 398 7 8 0.06748945 
287 476 9 11 0.06744648 
721 461 9 11 0.06742171 
192 547 12 17 0.06737188 
766 439 9 10 0.06719817 
952 406 8 9 0.06715124 
743 417 8 10 0.067151204 
197 454 9 11 0.066952705 
991 375 8 9 0.0669331 
57 359 6 9 0.0668665 
694 400 7 9 0.066697925 
817 391 8 10 0.06664523 
756 596 13 18 0.06662643 
376 415 8 9 0.06651082 
178 409 7 9 0.066477634 
300 526 11 15 0.06622961 
17 462 9 11 0.06620979 
848 439 8 10 0.066167794 
278 423 8 10 0.06590415 
987 603 19 22 0.065708674 
856 369 8 9 0.065660514 
43 635 45 44 0.06553727 
320 400 7 9 0.065292805 
254 430 7 9 0.06524695 
814 408 7 10 0.065181814 
175 382 9 10 0.06517085 
207 366 6 8 0.06511929 
151 461 9 11 0.06506722 
817 382 8 9 0.06499853 
391 401 7 9 0.064874895 
430 420 9 11 0.064840816 
919 428 8 10 0.06482151 
166 393 7 9 0.064787954 
415 423 8 9 0.06454034 
383 422 8 11 0.06452601 
173 470 9 11 0.06446066 
312 392 6 9 0.06441143 
86 383 7 9 0.06439704 
113 390 8 10 0.06438704 
502 352 9 12 0.06433972 
917 503 10 13 0.064091735 
868 525 10 12 0.06407086 
959 526 10 14 0.064063385 
431 455 8 12 0.063930556 
671 480 9 12 0.06380739 
919 400 7 9 0.06372876 
197 447 9 10 0.06368279 
138 547 13 17 0.06345592 
743 527 10 12 0.06322798 
804 603 15 20 0.06321521 
100 523 13 17 0.0631065 
463 415 8 10 0.06304797 
311 441 9 11 0.06302743 
31 475 12 13 0.06299746 
209 485 10 12 0.062954806 
102 482 12 16 0.06292501 
665 416 8 10 0.06285181 
747 612 11 15 0.06279777 
767 496 9 10 0.062784865 
98 391 7 9 0.06262779 
62 592 16 21 0.06255877 
105 410 7 9 0.06253012 
216 431 7 10 0.06251796 
849 367 7 9 0.06245798 
824 486 8 10 0.06244941 
887 443 9 11 0.06238994 
31 422 9 10 0.06222298 
103 385 7 8 0.062101707 
830 401 7 8 0.062075105 
149 517 11 14 0.062027413 
807 495 8 12 0.061864994 
1000 422 8 10 0.061810583 
368 469 10 11 0.061739873 
337 524 9 11 0.06165765 
152 470 10 12 0.061508518 
564 405 10 13 0.061487734 
769 430 9 12 0.061212435 
868 516 9 12 0.0609863 
367 400 7 9 0.060976 
190 393 8 10 0.060732074 
870 392 7 9 0.06072867 
832 455 8 11 0.060688425 
848 392 7 10 0.060688045 
191 563 11 14 0.060687765 
382 446 8 10 0.06066602 
929 400 7 9 0.06061079 
864 414 8 9 0.060569886 
660 532 11 14 0.060551412 
0 438 7 11 0.060530737 
406 414 7 9 0.0604126 
264 452 9 12 0.060152043 
811 591 16 22 0.060149696 
751 416 7 8 0.060006477 
725 479 10 13 0.05996956 
665 498 13 16 0.05991801 
94 424 8 10 0.059808295 
279 446 9 10 0.059606094 
674 540 11 13 0.05947772 
903 511 9 12 0.059447475 
423 447 8 10 0.059421554 
936 478 9 12 0.059401136 
752 406 7 9 0.059233014 
592 383 8 10 0.05922523 
825 405 8 10 0.059212733 
52 568 22 27 0.059175037 
977 432 9 10 0.059154306 
945 502 10 12 0.059082936 
248 430 8 10 0.059036747 
848 415 8 9 0.05899771 
985 407 7 8 0.05874829 
306 393 7 8 0.058713116 
786 369 7 9 0.05858507 
849 408 8 9 0.058405496 
322 429 7 10 0.058289137 
898 431 9 11 0.05812149 
401 398 8 10 0.058111105 
300 494 9 12 0.058026157 
781 508 10 12 0.057912547 
855 533 10 13 0.05788574 
266 430 8 10 0.057639483 
856 400 7 8 0.057540454 
32 360 7 9 0.05750838 
838 416 8 10 0.057440322 
321 416 7 9 0.057419997 
48 465 9 11 0.05739859 
136 496 11 15 0.057319555 
143 406 8 9 0.05714951 
447 417 7 9 0.05707934 
85 476 10 12 0.057075504 
77 351 8 10 0.056953758 
406 392 7 10 0.05692662 
926 414 8 11 0.05690975 
824 494 10 11 0.05690171 
944 515 13 15 0.056804985 
54 407 8 10 0.056778595 
223 407 7 8 0.056674127 
183 430 8 10 0.056639656 
860 438 10 12 0.056598857 
88 369 7 8 0.05645774 
191 415 8 9 0.056434005 
232 399 7 9 0.056397907 
36 572 12 17 0.056367353 
413 473 12 15 0.056337483 
647 427 10 13 0.056325905 
217 384 7 9 0.056184363 
137 459 10 12 0.056128334 
772 478 10 13 0.055792723 
991 424 8 10 0.055790137 
268 492 10 13 0.055756956 
958 559 13 17 0.05553695 
831 503 9 12 0.055492714 
162 399 7 10 0.05535276 
58 436 8 10 0.055350807 
335 509 10 12 0.05534269 
670 441 8 10 0.055214893 
15 440 8 10 0.055096176 
847 463 8 10 0.055072393 
103 433 8 10 0.055016816 
319 518 8 11 0.054866996 
311 398 7 9 0.054796044 
240 367 7 8 0.05465877 
856 586 12 18 0.054566123 
829 439 8 10 0.05452513 
849 398 7 9 0.054427974 
457 382 8 11 0.054037604 
230 349 8 9 0.05402954 
54 494 11 14 0.054013416 
145 424 7 9 0.05396145 
721 406 7 8 0.053947218 
753 516 13 15 0.053888783 
929 392 7 8 0.05381528 
178 390 8 9 0.053752035 
273 463 9 10 0.053563688 
249 408 8 10 0.053498164 
288 460 9 10 0.053469032 
103 460 10 13 0.053380337 
693 516 11 14 0.05335693 
1000 417 8 9 0.05331894 
710 455 8 11 0.05328711 
266 368 8 9 0.053270306 
751 441 9 10 0.053243566 
738 590 15 19 0.053212117 
806 397 8 10 0.053136542 
174 508 9 13 0.053103153 
378 392 6 8 0.053024612 
447 370 8 10 0.053012118 
847 469 9 10 0.053004783 
425 366 8 9 0.052943263 
621 451 12 15 0.052920796 
766 383 7 8 0.05291837 
839 421 8 10 0.052871086 
246 484 9 12 0.05284664 
431 408 8 10 0.052842367 
1000 391 8 9 0.052818805 
303 440 9 11 0.0528124 
697 445 8 11 0.05270162 
297 422 8 9 0.05269744 
16 370 7 8 0.052679695 
414 429 8 10 0.052667964 
304 446 8 11 0.0525768 
334 455 9 11 0.05256597 
263 511 11 14 0.052506123 
104 422 8 10 0.05243288 
357 415 8 10 0.05232441 
856 413 8 10 0.052235406 
304 455 8 10 0.052195344 
822 500 11 13 0.05213423 
223 438 8 10 0.052051984 
208 406 7 9 0.05204747 
40 367 7 9 0.052039564 
707 390 7 9 0.051992934 
992 506 13 15 0.051807363 
277 209 13 16 0.051791042 
929 375 8 9 0.051771495 
132 594 22 26 0.051765874 
382 105 44 54 0.051747717 
733 527 10 13 0.051717144 
231 581 13 16 0.051690035 
718 440 7 9 0.051671732 
837 549 11 13 0.05164879 
786 374 7 8 0.051607944 
161 405 8 10 0.051557887 
895 501 10 12 0.051543757 
150 548 13 17 0.051494773 
914 360 8 10 0.051485278 
288 448 7 9 0.051417846 
948 483 10 12 0.051416557 
935 446 9 13 0.051343 
319 440 8 10 0.05132535 
710 475 10 13 0.05127102 
946 368 8 10 0.051207926 
358 550 11 14 0.051088862 
121 583 20 26 0.051015854 
77 446 9 11 0.050989307 
27 360 6 9 0.05088824 
211 591 14 18 0.050831243 
863 368 7 10 0.050826643 
969 463 9 13 0.050789118 
936 439 10 12 0.050760064 
750 524 12 15 0.050694827 
47 439 8 10 0.05068071 
126 421 9 11 0.050582215 
680 429 8 10 0.05053891 
760 491 10 12 0.050503757 
177 448 8 12 0.050488424 
679 476 11 13 0.050444115 
295 463 9 10 0.050399825 
245 454 10 11 0.05027225 
130 408 8 10 0.05019173 
711 385 8 10 0.05009061 
369 441 8 10 0.05003059 
639 416 8 9 0.049998507 
900 594 14 18 0.04997473 
698 555 12 14 0.049871642 
176 353 7 9 0.04983187 
928 452 9 11 0.049801372 
388 100 30 38 0.049768467 
327 455 10 12 0.049686436 
90 400 7 9 0.049547207 
209 516 11 14 0.049524322 
272 416 7 9 0.04946126 
181 502 11 14 0.049433894 
871 448 7 9 0.049401805 
438 440 10 12 0.04935166 
432 384 8 9 0.04928342 
50 451 9 11 0.049085382 
266 400 7 9 0.04894063 
36 499 12 15 0.04889078 
56 475 10 12 0.04877287 
978 499 12 14 0.04874069 
756 536 12 15 0.048702206 
404 485 12 16 0.048687026 
952 430 9 11 0.048616316 
993 359 8 10 0.048574306 
734 439 8 10 0.04842417 
118 540 13 17 0.04842095 
688 399 7 9 0.04840399 
121 423 9 10 0.04838948 
255 413 7 9 0.048372954 
230 344 8 10 0.048360795 
816 499 9 11 0.048327483 
880 514 10 13 0.048299763 
876 480 9 11 0.048265185 
662 406 8 9 0.04824377 
374 374 7 9 0.048223317 
214 494 10 12 0.04821575 
240 336 7 10 0.048186846 
183 461 9 11 0.04818278 
390 525 11 13 0.048078887 
742 532 14 16 0.048037417 
838 524 10 12 0.048015133 
361 461 9 11 0.047927022 
197 544 14 18 0.04792113 
823 510 12 13 0.047880094 
101 501 11 15 0.0478796 
183 447 8 11 0.047859594 
251 659 17 21 0.047797922 
79 592 17 20 0.04766766 
800 405 7 9 0.047442425 
400 368 8 11 0.047420923 
999 447 10 13 0.04741851 
246 439 8 10 0.047389045 
29 401 8 10 0.047384206 
246 564 12 16 0.0472996 
838 471 8 11 0.04729705 
153 392 7 9 0.04718148 
497 353 9 12 0.047157884 
902 397 7 10 0.047149763 
240 341 7 9 0.046866637 
25 384 7 8 0.046863414 
152 417 7 9 0.046849836 
907 335 11 13 0.046792287 
945 510 10 13 0.046760216 
889 373 7 9 0.046745796 
908 439 8 10 0.046741635 
137 383 7 9 0.046738833 
263 376 8 9 0.046718035 
718 472 10 11 0.046682477 
405 477 10 13 0.04662581 
957 431 9 10 0.046624642 
986 400 8 10 0.046539254 
168 444 9 11 0.046435304 
1010 476 12 15 0.04639741 
206 376 7 9 0.046356153 
288 351 8 9 0.046306457 
687 407 8 9 0.0461544 
944 376 7 8 0.046140738 
687 439 9 11 0.04610189 
230 194 10 14 0.046050176 
47 430 7 10 0.0460321 
9 386 7 9 0.046022847 
269 407 8 9 0.04601871 
200 438 8 10 0.046012305 
458 404 8 10 0.04587045 
720 432 8 9 0.045842886 
72 440 7 11 0.045827143 
1008 424 9 11 0.04575368 
360 393 7 9 0.045741342 
989 447 10 12 0.04562813 
311 431 8 10 0.045607537 
985 375 7 9 0.045503672 
992 633 24 33 0.045435153 
86 376 7 9 0.04540992 
281 376 8 9 0.04535188 
744 471 9 12 0.04532805 
406 580 11 14 0.04532674 
392 437 9 10 0.045320652 
80 58 18 22 0.04510302 
389 503 11 13 0.045082673 
244 447 10 11 0.045066047 
104 477 11 15 0.045029823 
279 453 9 11 0.04500736 
335 551 13 14 0.044944905 
814 431 8 10 0.044929188 
169 621 16 20 0.044916023 
154 359 7 9 0.04484736 
318 495 9 10 0.044846945 
707 406 7 10 0.04480095 
831 432 8 10 0.044732127 
290 392 6 8 0.04467871 
217 360 6 9 0.04466374 
295 382 7 9 0.044480637 
902 385 7 9 0.044440288 
1012 424 9 11 0.044430155 
254 453 10 11 0.044403177 
285 508 10 14 0.04438479 
464 439 9 11 0.04437179 
385 406 8 10 0.044353973 
96 429 8 10 0.044231918 
846 422 9 10 0.04419597 
221 448 9 11 0.044003986 
440 376 7 9 0.04392864 
209 479 8 11 0.043915328 
733 477 11 13 0.043855485 
959 476 10 13 0.043854304 
894 369 7 10 0.043849446 
889 562 15 20 0.04382718 
47 408 9 11 0.043773916 
120 392 7 9 0.04370359 
694 406 7 9 0.04359592 
381 463 9 11 0.04351464 
320 484 9 11 0.04348833 
337 383 7 9 0.043434236 
763 422 8 11 0.043426726 
752 400 8 10 0.043372575 
637 437 9 12 0.04337138 
907 598 13 17 0.043335617 
159 516 10 14 0.04330272 
327 437 9 11 0.043203276 
64 377 7 8 0.043146808 
70 429 9 10 0.043126512 
344 453 9 10 0.04308296 
914 400 7 8 0.043046106 
695 464 9 12 0.04302237 
110 463 10 12 0.042914737 
661 475 10 12 0.042870536 
865 602 15 17 0.04283161 
674 407 8 9 0.042792458 
192 500 12 14 0.042760026 
775 484 9 12 0.04275175 
870 413 8 10 0.042723566 
176 357 7 9 0.04271941 
79 369 6 8 0.0427149 
22 463 10 12 0.04259871 
9 631 24 27 0.042544607 
81 553 12 17 0.042453647 
0 461 7 12 0.042453364 
414 399 8 9 0.04244971 
292 606 15 21 0.042448014 
374 407 7 9 0.042345915 
261 479 9 12 0.042172145 
438 353 8 10 0.042170506 
296 616 12 16 0.042096652 
78 500 9 12 0.04208967 
331 167 22 29 0.04207548 
695 384 8 9 0.04206966 
314 383 7 9 0.042043615 
144 436 9 11 0.041973624 
66 391 8 10 0.041890875 
759 391 8 10 0.041797716 
234 484 9 13 0.041781425 
378 422 8 10 0.04177098 
857 374 8 9 0.041766744 
351 397 8 10 0.041745376 
168 438 9 11 0.041695807 
937 483 9 13 0.041681174 
75 510 11 14 0.041616086 
0 470 10 15 0.041608766 
361 495 9 11 0.041563954 
701 523 10 13 0.041449208 
942 587 13 18 0.041420184 
224 415 7 9 0.041405033 
128 393 7 9 0.04140438 
384 392 7 8 0.041377056 
246 369 7 8 0.041345146 
447 421 8 10 0.041258115 
198 312 8 10 0.041213047 
690 430 9 10 0.041143514 
793 423 8 10 0.041138433 
897 443 9 11 0.04108327 
241 509 11 13 0.04107535 
145 416 7 9 0.041058443 
710 405 7 9 0.041038454 
231 431 8 10 0.040972892 
47 390 8 9 0.040904284 
705 454 9 11 0.040832642 
747 589 13 18 0.04076789 
175 375 7 9 0.040746763 
870 399 7 9 0.040636554 
535 472 10 12 0.040528502 
703 463 10 13 0.040499456 
66 344 8 10 0.040406317 
64 351 7 9 0.040291663 
38 464 9 10 0.040282134 
258 376 7 9 0.040203888 
775 496 10 12 0.040122278 
346 398 7 10 0.040102832 
201 351 7 9 0.04009923 
310 460 11 12 0.04008193 
695 521 11 15 0.040054325 
39 440 9 12 0.040019743 
199 600 15 19 0.03998818 
328 407 7 9 0.03995682 
234 367 7 9 0.039927322 
935 376 8 10 0.039898187 
193 360 7 9 0.039813902 
645 483 10 14 0.039799146 
678 416 7 10 0.03979555 
801 394 7 9 0.039784037 
168 508 11 16 0.0397443 
98 367 7 8 0.039723642 
761 408 7 9 0.03972185 
359 376 6 8 0.039711654 
112 366 6 9 0.03965983 
462 376 7 8 0.039562784 
658 401 8 9 0.039558303 
824 463 9 11 0.03949653 
259 383 7 9 0.039481174 
136 375 7 9 0.03945713 
31 415 9 12 0.039428387 
816 560 12 15 0.03941328 
45 632 14 17 0.03937959 
234 447 8 10 0.039252672 
245 532 11 16 0.039216798 
920 486 10 13 0.03919515 
426 392 7 9 0.03914831 
305 405 7 9 0.039055668 
790 373 7 9 0.039032463 
159 482 10 13 0.038921293 
1016 397 8 10 0.038905513 
215 544 14 18 0.038900837 
982 438 10 11 0.038862705 
319 460 9 11 0.038849004 
794 429 10 13 0.03884634 
967 520 12 16 0.038837105 
807 369 7 8 0.03877837 
287 179 12 14 0.03877359 
835 390 7 10 0.038772665 
839 463 9 10 0.038769003 
255 481 18 22 0.038768392 
350 484 9 11 0.03874397 
689 415 8 10 0.038672455 
762 383 8 9 0.03866474 
862 374 7 9 0.03863999 
1009 375 10 10 0.03862796 
807 452 9 11 0.038547818 
352 440 8 9 0.03854188 
71 635 28 32 0.038499232 
143 382 8 9 0.038472507 
130 376 6 8 0.038464442 
406 397 8 10 0.038398616 
231 493 10 13 0.038364198 
370 373 7 9 0.038354427 
689 382 8 9 0.03829529 
247 173 14 16 0.03824659 
381 477 9 12 0.038226187 
656 430 9 12 0.03822104 
958 422 9 10 0.03816539 
984 367 7 9 0.038140833 
358 408 8 9 0.038009387 
231 423 7 9 0.03800832 
175 519 11 13 0.037894893 
144 370 7 8 0.037743624 
657 437 9 10 0.03772116 
913 417 8 9 0.03772068 
746 407 7 8 0.037714772 
288 525 11 14 0.037713036 
821 390 7 10 0.03768859 
30 575 14 18 0.037630375 
647 434 10 13 0.037528034 
328 550 11 14 0.037476245 
266 553 14 17 0.037348744 
425 399 8 10 0.03734574 
469 471 9 12 0.037297983 
1 549 9 14 0.037239566 
47 631 24 31 0.037188537 
892 556 14 18 0.037163734 
864 461 9 12 0.03713878 
326 400 7 9 0.03697013 
307 360 6 9 0.03696158 
305 366 8 10 0.036936477 
923 565 12 15 0.036879517 
647 399 7 9 0.036865324 
822 479 9 11 0.0368563 
231 107 25 29 0.036817137 
888 493 9 12 0.036804523 
160 391 8 10 0.03676477 
354 430 8 10 0.03675827 
624 458 10 13 0.03672973 
833 476 9 11 0.03671782 
759 549 14 20 0.036686692 
254 469 9 11 0.03667087 
767 409 7 8 0.036660824 
287 415 8 10 0.03664633 
1013 506 9 13 0.03657929 
543 479 9 12 0.036561158 
857 422 8 11 0.036554635 
31 383 7 9 0.03649999 
1014 391 7 10 0.036492944 
44 543 14 20 0.03640368 
272 448 9 11 0.036390226 
159 461 9 11 0.036388084 
806 420 9 10 0.036380813 
925 554 12 15 0.036251713 
430 467 10 13 0.03623181 
295 392 6 8 0.036215104 
312 376 7 8 0.036102954 
3 499 12 14 0.03607033 
88 427 8 11 0.03597012 
115 377 7 9 0.035948224 
434 439 8 11 0.03592472 
865 454 8 11 0.0359173 
129 354 8 9 0.035916302 
159 430 9 11 0.035903476 
998 373 8 10 0.035898827 
902 502 8 11 0.035893876 
749 600 13 20 0.03587367 
91 561 11 15 0.03585519 
934 572 14 16 0.035825618 
815 368 7 8 0.035817046 
158 472 10 12 0.035810094 
185 398 8 10 0.03580916 
39 471 11 13 0.035788268 
67 477 11 13 0.035762805 
375 451 9 11 0.03574508 
66 564 14 17 0.03569378 
661 525 12 16 0.03560905 
79 440 8 10 0.03558233 
247 374 7 8 0.035546362 
55 367 7 9 0.035455015 
334 476 11 13 0.035442337 
377 399 7 9 0.035368115 
869 495 8 11 0.035367973 
282 404 8 10 0.035365235 
815 422 7 10 0.03534882 
858 515 10 13 0.035317473 
736 445 9 11 0.035298392 
174 369 6 8 0.035241667 
183 408 7 8 0.03523965 
830 406 8 10 0.035152286 
319 378 7 8 0.03515067 
360 398 7 9 0.03511484 
887 518 9 12 0.035055492 
280 557 11 15 0.035027917 
791 407 8 9 0.035004348 
950 454 11 13 0.034985285 
94 399 8 10 0.03493098 
1003 577 16 20 0.03492028 
520 376 8 11 0.034909174 
157 423 8 10 0.034881193 
430 389 8 11 0.03479791 
150 353 7 9 0.034780957 
872 367 7 9 0.03477009 
62 455 9 11 0.03474438 
45 495 10 13 0.0347344 
852 621 16 20 0.03470645 
215 500 11 14 0.034702238 
438 460 12 15 0.034690406 
257 391 8 9 0.034669887 
319 391 7 9 0.03459319 
200 359 8 10 0.034589767 
46 501 10 15 0.034543555 
253 499 12 14 0.034521177 
745 447 10 12 0.034491897 
409 444 10 11 0.034482032 
328 415 8 10 0.034462307 
826 415 9 11 0.034446858 
71 453 9 11 0.03440873 
980 462 10 12 0.034375828 
24 413 9 11 0.03437285 
895 509 10 13 0.034178052 
51 633 14 19 0.034174036 
461 383 9 10 0.034134742 
64 416 9 10 0.034101836 
561 399 9 12 0.03409453 
216 629 16 22 0.034088377 
766 453 9 11 0.034064736 
37 453 9 11 0.0340593 
735 514 12 16 0.034038145 
104 470 9 12 0.034034453 
295 439 8 11 0.03401153 
493 564 12 18 0.033924382 
365 453 9 10 0.033924367 
975 454 9 11 0.03384349 
868 500 10 13 0.03378837 
221 484 9 12 0.033775747 
501 562 11 17 0.03370294 
570 390 24 30 0.033701826 
345 392 7 9 0.033685885 
89 390 7 9 0.033679493 
958 449 11 14 0.033591688 
294 430 8 10 0.033572067 
693 567 13 16 0.033501636 
839 519 9 12 0.03346676 
776 405 7 8 0.033463396 
41 389 8 10 0.033453174 
369 413 8 10 0.03342157 
179 532 13 16 0.03341616 
765 485 10 12 0.033412684 
763 415 7 9 0.033394266 
210 557 14 18 0.033347107 
422 353 8 10 0.03334674 
48 398 9 10 0.033329066 
981 342 8 11 0.033256717 
398 490 12 15 0.03319588 
439 403 8 11 0.033188656 
635 444 11 15 0.033176493 
315 592 14 19 0.033163726 
247 500 9 13 0.03296829 
967 452 9 11 0.032961987 
790 440 8 10 0.0328851 
695 417 7 8 0.032836594 
734 247 10 12 0.032758888 
295 453 10 12 0.032683503 
767 391 7 9 0.03266296 
458 452 10 11 0.032658834 
169 353 7 9 0.03265647 
794 460 9 11 0.032645166 
614 376 8 10 0.032620676 
63 481 11 15 0.0326202 
479 456 10 12 0.032602895 
151 384 7 8 0.032597277 
361 535 11 15 0.032590117 
745 400 8 9 0.032567907 
24 367 7 9 0.03253681 
87 524 12 18 0.03253047 
32 377 6 8 0.032461513 
184 359 7 8 0.032392588 
136 422 8 10 0.032375045 
199 380 7 9 0.032358572 
937 416 7 9 0.032353673 
825 420 9 11 0.03231759 
127 663 14 16 0.03231357 
790 369 7 9 0.03229029 
337 463 9 10 0.032210685 
534 373 9 9 0.032118935 
29 485 13 16 0.032118756 
46 570 14 18 0.032094136 
147 625 14 20 0.032074522 
206 359 7 10 0.03197133 
302 420 8 9 0.031953163 
41 407 8 10 0.03195061 
72 462 9 11 0.031914894 
14 317 9 12 0.031891845 
904 469 9 11 0.031843834 
224 374 7 9 0.031817056 
936 636 24 28 0.031816218 
657 405 7 10 0.031811576 
1007 415 9 10 0.031799395 
11 481 11 15 0.03179651 
927 439 8 11 0.03179582 
1000 478 9 12 0.031776335 
446 436 9 12 0.031775665 
246 494 10 12 0.031733904 
409 439 8 10 0.03172663 
348 519 10 12 0.031682953 
134 560 13 18 0.03164218 
812 414 8 9 0.031633858 
282 563 12 16 0.03162891 
643 398 8 10 0.03161624 
166 432 9 10 0.031612758 
778 554 13 18 0.031587828 
923 642 17 21 0.03156334 
142 488 11 13 0.031561192 
284 619 12 18 0.03156037 
207 415 7 9 0.031557713 
977 424 8 8 0.03151203 
142 358 7 9 0.031500325 
894 456 19 23 0.031499784 
966 422 8 10 0.031494796 
898 386 7 8 0.031470705 
366 492 9 12 0.0314557 
798 627 28 30 0.031453457 
280 500 11 14 0.031292267 
975 361 8 10 0.03127714 
409 382 8 8 0.03126759 
319 361 6 9 0.031233232 
343 383 6 8 0.031229572 
204 608 17 20 0.031162072 
135 437 9 12 0.031151183 
974 398 8 9 0.031112652 
839 408 8 9 0.031107122 
41 427 9 11 0.031067133 
98 360 7 8 0.031038206 
7 439 8 9 0.031003393 
418 465 12 15 0.030972958 
901 479 10 11 0.030947559 
154 595 13 18 0.030939009 
617 437 10 15 0.030927563 
609 376 10 12 0.030884892 
312 407 7 9 0.030862188 
873 467 9 12 0.030820183 
0 367 6 9 0.0307442 
311 577 12 17 0.030737802 
433 375 7 9 0.030731708 
64 382 8 10 0.030711083 
920 440 8 10 0.030666137 
143 353 8 9 0.030643055 
733 399 7 9 0.030636692 
706 429 9 11 0.030613193 
216 405 7 9 0.030583208 
739 572 13 16 0.030566176 
371 480 13 16 0.030522043 
921 571 11 15 0.030518662 
641 422 8 10 0.030510442 
882 406 7 9 0.030509239 
233 471 9 12 0.030450268 
224 384 6 8 0.030428657 
863 521 12 14 0.030396862 
434 446 8 10 0.030346412 
22 487 12 14 0.030328486 
323 534 10 13 0.030321827 
657 460 12 15 0.030321226 
73 374 7 9 0.030228004 
623 433 9 11 0.030227633 
230 284 10 13 0.030215502 
288 381 7 9 0.030187018 
784 523 10 13 0.030131673 
721 525 11 15 0.03011777 
163 588 13 18 0.030094432 
229 561 14 17 0.030018723 
100 489 12 17 0.030006917 
983 611 25 29 0.029953124 
974 573 14 19 0.029940397 
53 592 16 22 0.029929468 
616 420 9 12 0.029929373 
775 455 9 10 0.029903093 
783 453 9 11 0.029900461 
223 400 7 8 0.029882047 
310 589 13 18 0.029850256 
240 406 7 9 0.029849911 
167 485 12 14 0.02984679 
816 612 16 19 0.029797133 
952 546 11 16 0.029787919 
841 397 7 9 0.029784404 
127 461 11 12 0.029774709 
187 569 13 16 0.02975953 
975 495 10 14 0.029744381 
336 446 8 10 0.029740844 
944 393 6 8 0.029700384 
111 397 9 10 0.029693568 
913 407 7 9 0.029691886 
87 336 8 8 0.029678762 
173 438 8 10 0.02960178 
347 524 11 13 0.02959006 
137 581 14 19 0.029558748 
303 500 9 12 0.02952941 
168 535 11 14 0.029495075 
39 399 8 9 0.029491028 
65 408 8 9 0.029437227 
456 417 9 10 0.029435089 
71 513 18 25 0.029401679 
193 484 9 12 0.029351432 
678 454 19 23 0.029330479 
688 392 8 9 0.029312093 
694 542 12 14 0.029266149 
218 415 8 9 0.029262342 
240 180 11 14 0.029259825 
983 580 24 28 0.029257804 
993 351 8 10 0.029239152 
287 486 9 12 0.029162113 
997 358 8 11 0.029149037 
744 391 7 9 0.029111821 
942 382 7 9 0.029096818 
1012 381 9 11 0.029095208 
264 463 8 10 0.029091822 
26 620 15 22 0.029069189 
446 383 9 10 0.029019676 
993 590 25 30 0.028986802 
186 367 7 9 0.028962709 
319 502 8 10 0.028952338 
208 445 8 10 0.028949663 
772 548 14 18 0.02894536 
272 436 8 11 0.028941004 
669 508 12 17 0.028904757 
0 373 6 10 0.02889989 
76 484 12 14 0.02888739 
441 423 8 10 0.028858826 
631 406 8 10 0.028857876 
662 447 10 12 0.028836181 
940 444 10 13 0.028830785 
703 502 11 13 0.028787572 
848 384 6 8 0.028773118 
847 532 10 13 0.028758992 
469 414 9 11 0.028732255 
656 446 9 12 0.02870059 
110 423 9 10 0.028630264 
291 490 17 22 0.028583819 
110 517 10 12 0.02857211 
1 494 9 14 0.02857194 
198 488 10 12 0.028529549 
759 469 9 12 0.02852599 
249 180 14 16 0.028525596 
518 381 7 10 0.028522024 
1008 470 10 14 0.028443264 
840 436 9 11 0.028393747 
993 368 7 8 0.028383004 
757 463 9 12 0.028380677 
438 525 12 15 0.028379925 
964 479 19 23 0.02833974 
1007 493 12 16 0.028283773 
617 430 9 12 0.028270656 
229 502 10 13 0.028270364 
834 384 7 9 0.028251138 
297 417 8 10 0.028246759 
632 465 11 15 0.028239014 
391 416 8 8 0.028237311 
818 587 14 21 0.02821641 
984 473 10 14 0.028215222 
191 366 8 10 0.028199933 
366 392 7 8 0.028191179 
801 501 9 12 0.028178327 
774 446 8 10 0.028175008 
70 344 7 9 0.02815788 
790 553 12 16 0.028147025 
893 580 19 25 0.028127924 
7 460 10 12 0.028114002 
736 376 8 9 0.02808235 
199 345 8 9 0.028079098 
1009 408 8 10 0.028078802 
896 433 19 22 0.028048689 
238 441 18 23 0.028025143 
758 399 8 10 0.028016806 
401 385 7 8 0.028007464 
8 448 9 11 0.028000057 
32 622 21 26 0.027990403 
232 407 7 8 0.027985292 
792 478 9 12 0.027900549 
729 437 8 10 0.027844785 
726 469 9 11 0.027835764 
1006 476 19 25 0.027817568 
407 369 7 9 0.027751923 
801 367 8 10 0.027743649 
825 432 9 11 0.027728401 
456 478 10 12 0.027725417 
272 469 10 12 0.027715227 
341 508 9 11 0.027712403 
640 430 9 12 0.02763056 
59 353 6 9 0.027570616 
444 462 9 12 0.027555171 
86 439 9 11 0.02745984 
288 356 7 9 0.027408237 
112 493 10 15 0.027401172 
70 486 13 15 0.027326122 
573 348 13 15 0.02731732 
703 481 10 13 0.027306098 
864 384 7 8 0.027288744 
237 528 13 16 0.027287038 
973 537 13 15 0.027277792 
215 443 18 23 0.027215045 
908 513 11 15 0.02720099 
923 544 16 17 0.02716113 
858 429 10 13 0.02713756 
366 431 8 10 0.027134668 
688 588 13 18 0.027122313 
753 376 7 8 0.027107114 
719 423 7 9 0.02707484 
353 509 9 11 0.027056396 
345 422 8 10 0.027007634 
66 397 9 10 0.0269625 
789 499 10 13 0.026960546 
686 106 25 29 0.026864005 
337 391 7 9 0.026710996 
920 476 10 13 0.026699455 
337 400 7 8 0.026667688 
921 470 9 12 0.02665442 
844 558 14 17 0.02664099 
685 524 12 14 0.026616592 
221 472 9 12 0.02656792 
462 356 8 11 0.026536278 
972 517 13 16 0.02653444 
675 483 11 13 0.026531119 
871 539 12 16 0.026523234 
425 408 8 11 0.026473576 
928 369 9 10 0.026399463 
64 445 9 11 0.026388507 
125 601 17 21 0.02635047 
761 431 9 10 0.026317887 
139 572 13 16 0.026317071 
784 488 11 13 0.026297 
358 512 12 15 0.026289504 
328 360 7 9 0.026266983 
136 369 7 8 0.026260054 
6 579 12 17 0.02624611 
369 360 7 8 0.026152473 
233 359 8 10 0.026130252 
252 166 13 15 0.02605409 
72 470 9 12 0.026029449 
255 358 7 9 0.02598486 
303 472 10 12 0.025981348 
886 502 9 12 0.025907459 
1012 527 11 15 0.025898311 
17 405 7 10 0.025849026 
968 383 7 9 0.025846161 
249 391 7 9 0.025843777 
807 393 8 10 0.025837513 
278 391 7 9 0.02581822 
108 547 11 16 0.025815751 
135 465 17 23 0.025763161 
848 375 7 8 0.02575709 
328 502 8 11 0.025716243 
0 431 7 12 0.025716186 
289 368 6 8 0.025712442 
170 416 7 9 0.02567617 
311 558 10 14 0.025656775 
860 607 18 21 0.025645075 
159 366 7 9 0.025639871 
423 441 8 9 0.025632747 
375 383 6 8 0.025616033 
832 374 7 8 0.025592165 
995 580 24 27 0.025591347 
869 424 8 10 0.025590425 
1013 436 21 26 0.025520174 
212 473 18 23 0.025488472 
282 344 7 9 0.025475226 
54 400 8 10 0.02547364 
125 477 9 12 0.02545601 
98 384 7 9 0.025449438 
153 368 7 8 0.025380757 
887 568 20 25 0.025367185 
727 405 7 9 0.025366904 
738 564 13 16 0.025322316 
97 375 7 8 0.025307419 
1007 368 8 9 0.025278926 
683 531 12 15 0.02527007 
183 469 10 12 0.025248094 
6 431 8 10 0.025239347 
782 517 11 13 0.025238752 
286 423 9 10 0.025216332 
846 525 10 13 0.025170006 
218 390 7 10 0.02516948 
377 507 13 14 0.025060965 
78 399 8 9 0.02503384 
200 392 8 9 0.025001425 
879 443 9 12 0.024978979 
80 422 8 11 0.024937041 
248 400 7 8 0.02491237 
353 382 7 8 0.024902439 
229 583 21 25 0.024806846 
793 400 7 9 0.024805946 
506 433 10 12 0.024770673 
245 457 18 23 0.024762703 
732 652 15 19 0.02472449 
342 142 13 15 0.024717512 
132 508 12 14 0.024704391 
734 73 13 14 0.024700653 
240 374 7 9 0.0246908 
788 517 11 13 0.024648516 
136 447 10 12 0.024629984 
859 582 14 18 0.024622401 
854 452 8 11 0.024610803 
120 415 7 9 0.02459638 
892 480 17 22 0.024589581 
735 381 8 9 0.024561342 
861 539 11 16 0.024538526 
200 423 7 8 0.024530502 
962 484 10 13 0.02451709 
280 382 8 9 0.024515023 
742 384 8 8 0.024479374 
416 366 8 10 0.024476495 
923 629 27 33 0.024445005 
383 495 10 13 0.024399145 
77 391 7 9 0.02439073 
165 614 15 19 0.024309302 
218 505 18 22 0.024297504 
226 344 8 10 0.024284177 
200 407 7 9 0.024254104 
840 483 10 12 0.024244852 
161 376 7 8 0.024198929 
444 526 12 15 0.024123719 
861 565 13 19 0.024063196 
51 581 22 28 0.024055159 
463 392 8 10 0.02405057 
129 398 7 8 0.024034038 
271 334 6 9 0.024031287 
944 405 7 9 0.024001021 
918 391 8 9 0.023954606 
233 568 20 25 0.023954464 
110 430 8 10 0.023913315 
10 359 7 9 0.023906628 
376 502 12 13 0.02389986 
205 352 7 9 0.02389825 
772 522 10 14 0.023893643 
477 554 16 21 0.023847533 
654 423 9 11 0.023835681 
49 547 20 26 0.02380479 
330 376 7 8 0.023793295 
647 531 11 13 0.023770457 
62 358 7 10 0.023769638 
38 361 8 9 0.023729144 
950 374 7 8 0.023715248 
878 468 9 11 0.023711484 
740 648 15 19 0.02367913 
151 566 15 21 0.023643449 
168 492 11 13 0.023640433 
761 376 8 8 0.023596425 
207 423 8 9 0.02358117 
839 375 7 9 0.023564097 
222 390 7 9 0.023560124 
317 472 9 11 0.02352405 
733 495 12 14 0.023515321 
21 576 15 18 0.023478132 
305 373 7 9 0.023458341 
1 382 7 10 0.023420697 
935 510 10 12 0.023419889 
730 382 6 8 0.023384292 
270 360 7 9 0.023358405 
96 469 10 12 0.023351224 
269 247 14 16 0.023340669 
734 429 9 11 0.023320187 
239 500 10 14 0.023314139 
392 376 7 9 0.023292292 
128 368 7 9 0.023208175 
791 576 20 26 0.023171779 
310 441 18 23 0.023159489 
388 423 19 24 0.023148388 
391 390 7 9 0.023129288 
728 376 7 9 0.023095923 
797 594 16 20 0.02307548 
673 529 19 24 0.02307445 
320 365 7 9 0.023062427 
94 545 13 16 0.022996249 
111 351 7 9 0.022979189 
194 381 8 10 0.022959184 
935 462 9 11 0.022952558 
766 368 7 7 0.022916662 
735 392 6 8 0.022913624 
960 368 7 9 0.022905063 
303 508 10 13 0.022901423 
880 408 19 24 0.022890272 
184 375 7 9 0.022884594 
977 415 7 10 0.02286723 
48 368 7 9 0.022864712 
816 439 8 10 0.022863807 
866 510 11 14 0.022860019 
439 382 7 10 0.02285697 
1013 366 9 12 0.022833055 
807 360 7 9 0.022826934 
953 435 18 22 0.022823067 
695 453 9 12 0.022821557 
119 367 7 8 0.022807246 
875 605 12 16 0.02280629 
780 598 13 17 0.022774445 
454 369 8 9 0.022751838 
889 578 13 17 0.022744251 
696 560 24 26 0.022707067 
73 384 7 8 0.022695132 
949 534 18 24 0.022689175 
272 352 6 9 0.02268073 
687 548 11 15 0.022644784 
727 536 12 17 0.02261805 
108 455 10 11 0.022606963 
269 503 12 14 0.022589875 
704 571 19 24 0.022581186 
239 383 8 9 0.022568919 
424 408 18 23 0.022546824 
238 360 8 9 0.022540694 
335 167 13 17 0.022540666 
946 634 17 20 0.022533134 
112 361 7 9 0.022522276 
711 514 12 15 0.022509653 
945 495 9 12 0.02249631 
897 466 11 12 0.022490155 
183 352 7 9 0.022486582 
166 477 10 13 0.022483865 
103 374 7 9 0.022433706 
117 483 13 13 0.02240374 
140 562 13 17 0.022402747 
944 409 18 25 0.022322224 
968 470 17 23 0.022274239 
319 511 8 10 0.022252016 
120 446 9 11 0.022239933 
815 518 10 12 0.022210231 
528 376 43 51 0.022175826 
656 415 7 9 0.022172362 
752 392 8 10 0.022154618 
201 366 7 9 0.022135576 
362 538 21 25 0.022133654 
416 407 8 10 0.022130804 
918 376 8 10 0.022094868 
331 561 16 19 0.022091255 
337 533 9 12 0.022075457 
150 406 7 9 0.02207099 
350 503 10 11 0.022055423 
229 544 15 18 0.022053305 
974 564 13 18 0.022052765 
336 376 7 9 0.022050083 
845 652 12 15 0.02204101 
803 587 19 23 0.022038735 
676 523 13 16 0.022038618 
296 369 7 8 0.022034442 
128 358 7 9 0.022022782 
963 645 14 20 0.022014035 
157 588 13 17 0.02200664 
96 461 11 13 0.021983104 
43 617 25 30 0.021980828 
377 430 9 11 0.021963837 
194 375 7 9 0.021931639 
354 407 8 10 0.0219278 
889 481 9 12 0.0219243 
7 516 11 16 0.021907182 
957 463 10 12 0.021896712 
508 556 13 18 0.021893589 
117 619 19 29 0.021859646 
911 480 9 11 0.021831555 
990 394 18 23 0.021821147 
681 392 8 9 0.021801194 
182 478 10 13 0.021793652 
119 428 10 11 0.02176755 
122 361 7 7 0.021767357 
56 424 18 24 0.021751747 
335 553 21 26 0.021741573 
143 522 12 16 0.021728352 
470 439 8 11 0.02172444 
25 423 9 11 0.021714993 
372 465 19 24 0.021703525 
864 359 8 9 0.021683536 
384 360 8 9 0.021678198 
747 500 10 14 0.021667387 
60 472 20 23 0.02162154 
789 415 8 10 0.021620559 
206 393 8 10 0.021583933 
363 508 11 13 0.021573724 
720 392 7 8 0.021553148 
567 339 25 28 0.021546097 
742 376 7 8 0.021531481 
55 375 7 9 0.021516437 
79 429 8 10 0.0214998 
48 360 8 9 0.021487452 
615 399 7 9 0.021484993 
169 382 8 9 0.021477079 
268 535 12 15 0.021452121 
399 352 8 9 0.021430282 
78 357 8 9 0.021411778 
967 578 12 17 0.02135224 
774 463 9 10 0.021333318 
548 375 42 51 0.021302704 
467 445 10 13 0.02127889 
239 400 8 9 0.021247055 
954 555 21 29 0.021222461 
970 507 9 12 0.021215143 
62 495 11 15 0.021143736 
177 427 9 12 0.021138497 
484 568 27 30 0.021122875 
560 396 21 28 0.021114388 
327 446 9 11 0.021107666 
344 365 7 10 0.021087829 
248 352 7 9 0.021080531 
129 382 7 8 0.02107015 
997 351 8 11 0.021053815 
349 471 8 11 0.021014376 
167 359 7 8 0.021003822 
408 457 11 13 0.020980768 
801 507 17 22 0.020971812 
469 335 8 10 0.02096797 
22 631 25 28 0.020955747 
150 376 7 9 0.020924632 
838 494 9 12 0.020913633 
759 451 10 13 0.02089963 
361 468 10 12 0.020892857 
366 423 8 10 0.020887513 
889 459 8 12 0.020822925 
256 398 7 9 0.020814428 
240 417 8 9 0.020807426 
29 565 14 18 0.020804489 
591 404 10 12 0.020796968 
719 494 11 14 0.020773612 
97 434 18 22 0.02074766 
1012 586 10 16 0.020738626 
457 356 9 11 0.020727118 
13 579 12 16 0.020722145 
932 595 15 18 0.020703938 
164 547 13 18 0.020686869 
658 453 10 13 0.020668201 
803 374 7 10 0.02066533 
801 361 8 8 0.020634633 
385 377 8 9 0.02063394 
1008 422 18 25 0.020608751 
328 382 8 9 0.020608572 
998 447 18 23 0.02060744 
71 337 7 9 0.020599643 
820 224 58 76 0.020595964 
671 390 8 10 0.02057385 
279 416 8 10 0.020546062 
177 399 8 9 0.020537574 
679 493 12 17 0.020451812 
734 471 10 11 0.020442596 
914 391 8 9 0.020441633 
63 577 22 27 0.020406665 
468 405 9 11 0.020359745 
329 472 9 11 0.020335352 
608 432 9 12 0.020307777 
639 471 19 23 0.020297837 
629 535 10 12 0.020279108 
564 398 11 14 0.020275975 
78 466 10 11 0.020272024 
190 540 12 18 0.020258656 
966 429 9 11 0.020253437 
961 563 20 28 0.020233061 
301 151 10 13 0.020229405 
221 561 13 17 0.02020124 
679 505 13 17 0.02017814 
197 462 9 10 0.020168582 
881 424 18 22 0.02016276 
288 531 12 15 0.02009064 
844 479 18 22 0.020082932 
784 477 10 12 0.020074302 
729 416 8 9 0.020059507 
945 391 21 26 0.02001129 
194 495 11 14 0.0200051 
