21_Festival_Festival_21_193
989
204 438 35 48 0.99027073 
714 459 22 38 0.91897047 
629 440 21 34 0.892299 
816 429 20 29 0.82438105 
44 501 46 67 0.81739837 
206 382 15 22 0.7277717 
394 458 19 36 0.6934781 
377 409 15 21 0.64790046 
333 407 17 22 0.55920863 
171 392 15 22 0.5338573 
746 373 10 13 0.50040954 
236 411 20 27 0.46142876 
433 468 31 43 0.45616913 
361 374 9 12 0.4398685 
398 370 13 15 0.43479997 
599 386 12 15 0.41950074 
955 436 26 35 0.40209994 
341 365 10 13 0.37102735 
35 382 16 19 0.36724633 
326 341 9 11 0.36182007 
262 480 42 53 0.36108834 
734 359 8 10 0.33875743 
741 404 10 15 0.3167049 
974 368 10 12 0.3014897 
537 418 15 17 0.29254475 
817 374 9 11 0.2910835 
277 347 9 11 0.28315014 
303 360 9 12 0.28295487 
375 368 9 12 0.27337185 
505 348 8 11 0.27252954 
736 198 9 12 0.26947358 
360 359 9 12 0.26761737 
813 397 13 16 0.2617053 
342 351 8 10 0.26089084 
791 385 9 11 0.2603556 
340 461 24 25 0.2542571 
558 359 8 11 0.2518565 
676 375 12 14 0.2473064 
530 401 14 20 0.23633732 
531 412 14 18 0.22717898 
254 350 9 10 0.22601642 
132 380 13 19 0.22577487 
189 350 9 11 0.22527336 
48 422 23 37 0.22245736 
271 328 10 13 0.21526091 
857 426 20 30 0.21427424 
183 398 20 27 0.21254933 
658 375 9 12 0.21191125 
103 373 12 17 0.2110331 
367 351 8 10 0.21038604 
230 395 15 19 0.20527077 
932 514 29 55 0.2016448 
844 372 10 13 0.20117338 
831 354 10 13 0.1986373 
216 360 10 12 0.19771963 
598 365 8 11 0.1939222 
671 361 8 10 0.19290316 
3 368 21 30 0.18803345 
50 336 15 18 0.18561627 
993 404 16 21 0.18464239 
467 381 15 17 0.18081588 
765 381 10 12 0.18052456 
572 388 12 16 0.1798008 
776 378 10 12 0.17876829 
690 419 13 20 0.17688464 
840 451 27 36 0.17097245 
943 379 13 15 0.16957855 
336 351 9 10 0.1675006 
660 380 10 13 0.16716965 
797 411 14 17 0.166074 
312 386 11 15 0.16546698 
903 390 10 13 0.16467533 
468 432 21 26 0.16189983 
351 343 8 11 0.16184433 
385 347 9 11 0.16163632 
233 402 17 22 0.15971434 
5 360 17 21 0.1574794 
870 375 12 13 0.15590034 
638 388 14 17 0.15531488 
461 366 9 11 0.1549466 
279 375 11 15 0.15467279 
261 365 10 13 0.15379624 
918 390 12 15 0.15157339 
73 322 15 17 0.15081955 
174 359 11 14 0.15061036 
854 392 11 15 0.14832841 
673 379 11 14 0.14805801 
390 347 9 11 0.14745383 
295 343 11 12 0.14728118 
462 361 8 10 0.14705457 
359 364 10 12 0.14606532 
636 436 15 25 0.14513902 
439 359 8 11 0.14382921 
260 343 9 11 0.14331041 
565 387 14 16 0.14172919 
945 449 39 49 0.14078398 
686 357 9 11 0.1407378 
376 390 10 12 0.14045261 
687 561 60 87 0.13986078 
448 350 7 9 0.13889006 
807 372 8 10 0.13869908 
569 351 8 9 0.1381488 
701 375 8 11 0.13767287 
237 349 9 10 0.13672203 
678 398 12 14 0.13655975 
200 336 8 10 0.1357734 
612 416 16 19 0.1347967 
437 373 9 11 0.1330255 
502 395 9 12 0.13156343 
868 418 15 21 0.12921888 
609 364 10 12 0.12837636 
528 397 11 16 0.12820087 
18 427 24 32 0.12762001 
725 344 7 8 0.1265517 
328 382 9 12 0.12502466 
447 382 9 12 0.12407413 
958 349 10 12 0.12375656 
626 591 45 69 0.12345483 
417 353 8 8 0.12294656 
199 384 15 21 0.12229507 
341 373 11 13 0.12214324 
864 370 11 14 0.12203391 
749 367 10 12 0.12158774 
613 359 9 12 0.12125338 
447 363 8 11 0.121121965 
711 388 12 15 0.116597414 
190 344 10 11 0.11629702 
553 358 9 11 0.1160611 
456 372 10 13 0.11508403 
496 385 11 15 0.11497343 
240 359 9 11 0.11438625 
120 323 12 14 0.112641506 
584 365 11 13 0.11241042 
730 359 8 9 0.11161782 
192 328 7 9 0.11160797 
590 402 10 15 0.110991165 
694 398 8 13 0.109221004 
651 409 13 19 0.108359165 
14 515 37 46 0.107993856 
137 365 10 14 0.1079426 
630 409 14 19 0.10641748 
142 362 11 15 0.106401764 
216 349 8 10 0.105950184 
661 426 15 20 0.10589279 
277 332 10 12 0.10501911 
780 411 11 16 0.10465574 
178 394 15 22 0.10302351 
501 389 9 13 0.10294025 
583 384 9 12 0.10207086 
317 383 11 14 0.10175169 
255 355 11 14 0.101174384 
480 343 7 8 0.10099736 
927 381 9 11 0.100718625 
560 386 13 16 0.10061683 
248 408 17 24 0.100442335 
987 356 11 13 0.10024142 
213 326 8 9 0.09980177 
469 395 15 18 0.09973605 
256 345 10 12 0.09971461 
407 342 8 10 0.09922987 
404 367 10 12 0.098999314 
88 323 13 17 0.09800874 
939 388 15 18 0.09780983 
860 391 12 14 0.097484276 
301 343 9 11 0.097359866 
350 328 8 10 0.096910544 
711 384 10 13 0.09640518 
567 372 10 13 0.095674105 
697 378 9 12 0.095468394 
409 334 8 11 0.09534794 
1014 345 8 11 0.095078945 
712 613 70 69 0.09485061 
648 365 9 11 0.09475561 
847 433 24 31 0.094524875 
731 418 17 20 0.094171785 
310 334 8 10 0.09358965 
567 367 9 11 0.09264843 
267 386 13 17 0.09190413 
256 366 12 15 0.09174648 
234 329 9 10 0.09170548 
703 360 8 10 0.0903276 
173 348 10 12 0.08983062 
936 395 13 17 0.08971547 
815 454 30 34 0.089470685 
470 350 7 9 0.089281105 
220 412 16 22 0.08898784 
351 334 8 10 0.08884619 
239 364 10 12 0.08883803 
965 359 9 11 0.08842728 
675 425 17 18 0.088049576 
360 351 7 9 0.08785727 
254 371 13 16 0.08775192 
797 343 8 11 0.087563775 
640 381 11 13 0.08730167 
351 349 8 10 0.08682022 
504 365 8 11 0.08673428 
260 315 10 12 0.08668713 
54 362 16 18 0.085762985 
219 381 12 18 0.08478553 
537 394 15 18 0.08444474 
614 370 12 15 0.08427741 
452 396 10 14 0.08417318 
803 433 24 33 0.083719 
259 371 14 18 0.08303113 
765 387 11 12 0.08270337 
980 408 16 21 0.08219491 
578 425 16 21 0.08176694 
181 380 12 15 0.08136849 
381 367 10 12 0.0806195 
960 358 10 12 0.08051393 
961 396 10 14 0.08040678 
734 411 14 18 0.08030515 
840 333 9 11 0.08021853 
225 334 9 11 0.07973431 
310 366 10 12 0.079167366 
159 327 9 11 0.07822028 
685 398 12 15 0.07817372 
875 607 39 53 0.07802737 
102 356 10 12 0.077484176 
235 388 14 17 0.07748163 
766 375 10 12 0.077174276 
29 428 25 33 0.077121705 
807 396 13 16 0.077065945 
249 371 11 15 0.07671967 
367 390 8 11 0.07663349 
519 361 8 9 0.07660885 
190 355 9 11 0.07631123 
574 382 12 14 0.07614169 
622 394 12 17 0.0758506 
364 379 10 13 0.07573948 
460 438 23 32 0.07558704 
367 335 8 9 0.07553966 
640 376 9 10 0.075519055 
401 345 7 10 0.07550538 
466 344 6 9 0.075472325 
417 357 9 11 0.07527267 
584 349 8 10 0.0752006 
963 418 15 18 0.07512178 
960 365 9 11 0.07404889 
445 388 12 16 0.073946506 
486 367 10 13 0.07391997 
918 400 16 18 0.0738823 
572 374 11 13 0.07387889 
536 357 8 9 0.0733666 
490 355 9 11 0.07328393 
293 261 11 13 0.0732136 
590 366 10 12 0.073087774 
788 441 17 24 0.07255658 
709 372 9 11 0.072552525 
633 356 8 11 0.07223174 
874 378 12 15 0.071984045 
845 367 11 13 0.0717578 
643 436 15 23 0.071675345 
843 378 13 18 0.07131711 
488 406 11 16 0.07116408 
490 427 16 24 0.07080784 
739 344 7 9 0.07079202 
698 476 30 39 0.07070301 
206 350 8 10 0.07058129 
590 384 10 12 0.07055418 
637 356 8 10 0.07042718 
167 362 10 14 0.07041763 
790 366 9 11 0.07030952 
800 372 10 12 0.07020945 
607 408 14 18 0.06993431 
285 372 10 13 0.06955536 
662 367 9 11 0.06946265 
478 366 10 12 0.06936895 
358 441 15 21 0.06920646 
650 359 8 11 0.06920532 
782 381 10 13 0.069096364 
327 395 11 15 0.068975285 
137 384 15 21 0.06896652 
190 391 21 28 0.06876863 
797 350 9 10 0.06851333 
71 340 12 14 0.06844218 
947 417 15 18 0.0683395 
78 348 13 16 0.06818558 
456 367 10 11 0.06817711 
300 394 12 15 0.067991056 
311 343 8 10 0.06787626 
650 499 28 44 0.06768039 
414 335 8 10 0.06706898 
819 395 11 15 0.066959165 
684 435 16 20 0.06677422 
981 511 43 74 0.06669588 
397 396 13 17 0.06635347 
605 383 10 13 0.066267304 
417 472 33 35 0.066221565 
375 345 7 9 0.066054106 
342 359 9 11 0.06604473 
374 380 12 14 0.06600536 
695 358 9 11 0.0653623 
471 376 11 12 0.06522371 
294 366 10 12 0.06454901 
966 329 7 8 0.06425687 
500 383 9 12 0.064171255 
701 380 9 11 0.06408762 
399 467 27 32 0.06399451 
346 327 8 10 0.06397877 
342 378 11 13 0.063766986 
816 378 12 15 0.063708134 
375 394 11 16 0.063587844 
421 366 8 10 0.06348352 
527 373 10 13 0.0629198 
35 433 33 40 0.06268703 
509 345 8 10 0.06263574 
456 360 8 10 0.062286317 
200 350 9 11 0.062135015 
484 429 15 23 0.06149818 
957 418 13 18 0.059990983 
398 377 12 15 0.059872925 
620 402 14 20 0.059832197 
686 413 14 20 0.0597013 
437 335 8 10 0.0594675 
408 327 8 9 0.05926749 
803 410 12 17 0.05855105 
963 426 16 22 0.05847093 
751 360 9 11 0.058432616 
812 421 15 21 0.05834403 
316 412 11 15 0.05832377 
455 345 7 9 0.058247726 
478 360 9 10 0.058192536 
962 333 8 10 0.05817464 
726 376 10 11 0.058139518 
727 351 8 9 0.058071457 
761 374 9 12 0.05780783 
863 326 10 12 0.05751574 
270 377 13 18 0.056795303 
543 500 22 36 0.056711756 
678 367 9 10 0.05669999 
725 379 13 15 0.056503914 
612 403 14 18 0.05642307 
165 333 9 12 0.056036927 
543 357 7 10 0.055991307 
625 512 25 36 0.05577876 
438 381 11 15 0.055752113 
393 372 10 13 0.055616334 
159 387 24 29 0.055489723 
589 425 14 20 0.05545067 
222 350 8 9 0.055439442 
104 350 11 13 0.055400703 
228 411 17 23 0.05505004 
289 296 8 12 0.055036314 
439 351 8 9 0.054992378 
640 445 22 33 0.054991014 
345 343 9 11 0.054821398 
289 367 10 12 0.054776147 
61 370 14 17 0.054695018 
782 343 8 10 0.0544238 
368 344 9 11 0.054379515 
621 371 11 14 0.054349776 
682 352 8 10 0.05414979 
361 317 9 10 0.053987943 
385 332 9 11 0.05392765 
896 413 10 14 0.053567532 
336 372 9 13 0.05343483 
365 358 8 11 0.053257465 
780 374 10 12 0.053093784 
776 335 7 9 0.05305477 
415 366 10 11 0.052620403 
528 367 9 11 0.05261137 
574 351 8 9 0.05233963 
720 406 10 16 0.05233363 
710 367 8 10 0.052251704 
764 447 15 22 0.052244294 
512 365 9 11 0.052122265 
900 413 12 15 0.051784556 
684 389 11 13 0.051751036 
733 397 13 16 0.051729444 
759 367 8 10 0.051678635 
757 404 12 15 0.051662903 
337 511 29 32 0.051511522 
354 456 16 22 0.051411044 
1012 371 10 15 0.051180493 
618 409 18 24 0.050617598 
274 344 10 12 0.050572142 
102 367 12 15 0.050241865 
289 342 8 11 0.050050694 
646 406 13 18 0.04991223 
684 381 10 13 0.049789064 
422 352 7 9 0.049782313 
282 379 12 16 0.049769208 
381 383 10 12 0.049651142 
584 360 8 10 0.049613588 
693 488 15 20 0.049558885 
968 366 10 12 0.04955499 
214 320 8 10 0.04936172 
722 345 7 9 0.049348373 
25 169 12 16 0.049185928 
52 345 15 17 0.049073134 
424 343 8 9 0.04906133 
740 424 14 18 0.048951752 
478 234 14 19 0.048918717 
785 386 11 15 0.048905063 
453 350 7 8 0.048447464 
438 364 10 12 0.048440576 
846 386 13 18 0.04826085 
109 365 12 15 0.048256814 
391 328 8 10 0.048218045 
517 364 9 12 0.048168678 
551 354 8 9 0.048140176 
395 411 12 17 0.048084337 
1007 350 10 12 0.04807632 
806 320 8 10 0.04806459 
438 386 14 17 0.048061073 
742 359 9 11 0.04799908 
184 334 8 10 0.04798135 
237 332 9 11 0.047961086 
431 343 8 10 0.04794597 
45 174 11 13 0.047689028 
796 389 12 13 0.047668032 
460 371 10 12 0.04721287 
908 389 13 15 0.047129158 
385 411 15 18 0.0471104 
700 483 14 20 0.047019668 
312 348 9 9 0.04696553 
497 479 21 31 0.04690052 
361 335 7 9 0.046857737 
956 426 15 22 0.046841085 
334 396 13 15 0.04671451 
528 391 9 13 0.046545837 
302 416 14 20 0.046506383 
454 402 11 16 0.046455536 
681 359 8 10 0.046319287 
713 350 8 9 0.04618327 
544 353 7 9 0.046111505 
374 350 8 10 0.046110135 
590 371 10 12 0.046093725 
775 404 13 17 0.04608172 
934 333 9 10 0.046015352 
206 343 8 10 0.046011295 
773 368 10 11 0.045941986 
305 286 10 13 0.04591705 
726 387 14 17 0.045903806 
738 490 29 40 0.045803316 
380 394 15 19 0.045782566 
728 365 9 9 0.045777336 
246 365 11 15 0.045707565 
98 423 18 23 0.045668855 
317 254 9 12 0.045662355 
719 360 7 9 0.04559281 
937 397 20 25 0.045513768 
61 419 22 35 0.045296293 
278 409 13 19 0.045280505 
495 374 7 9 0.045256678 
652 442 15 20 0.04523683 
630 382 9 13 0.0451596 
777 343 7 10 0.045134977 
624 382 11 13 0.045076296 
773 416 16 21 0.045048546 
246 358 9 13 0.044954646 
212 416 19 21 0.04485712 
967 350 9 11 0.044751022 
40 352 10 12 0.0445523 
550 374 8 11 0.044510223 
407 391 9 14 0.044366915 
398 349 9 9 0.04436 
19 314 13 20 0.04384871 
69 175 9 11 0.043814056 
438 344 8 9 0.043624293 
719 469 28 34 0.043581374 
560 364 9 11 0.04339047 
330 349 9 10 0.04329148 
632 367 7 10 0.043234058 
756 435 15 21 0.043200504 
420 381 11 15 0.043111887 
318 365 11 13 0.0428912 
671 173 9 12 0.042728946 
529 351 7 10 0.042684186 
635 404 15 19 0.042678792 
268 393 12 16 0.042642053 
599 348 9 11 0.0426376 
400 360 9 10 0.04263086 
661 394 13 16 0.042522233 
310 371 11 13 0.04250282 
871 411 14 20 0.04244883 
449 345 8 9 0.042388827 
718 349 8 9 0.042369552 
284 388 11 14 0.04235783 
287 336 8 10 0.042352814 
322 335 8 11 0.042325925 
236 488 47 59 0.042293966 
390 394 15 19 0.04228544 
157 363 12 16 0.04215529 
92 420 14 20 0.042081393 
312 406 10 15 0.04206435 
577 203 10 13 0.04202126 
140 346 12 15 0.04194254 
796 384 10 11 0.04175059 
128 382 21 29 0.041645817 
270 470 33 39 0.04139928 
45 347 13 17 0.04136971 
330 396 21 26 0.041130252 
75 331 13 15 0.04107612 
534 391 12 15 0.04101208 
474 385 15 19 0.04100559 
808 466 29 33 0.040935274 
358 344 8 10 0.040915754 
670 387 12 16 0.04089157 
332 380 12 14 0.040796485 
243 413 24 32 0.040758725 
526 381 10 12 0.040588286 
668 433 14 18 0.040581815 
703 366 9 10 0.040372625 
968 434 18 24 0.040307794 
339 398 14 15 0.040260833 
215 375 12 15 0.04024553 
20 440 34 39 0.040204957 
57 356 15 18 0.040196475 
183 343 9 12 0.040156074 
661 350 8 9 0.040097225 
677 388 14 16 0.03992445 
168 342 9 13 0.03950752 
945 523 41 59 0.039338432 
192 403 18 24 0.0393289 
993 414 22 27 0.039245337 
573 367 9 11 0.039112058 
391 366 9 12 0.039067727 
836 357 11 12 0.038966805 
677 174 10 12 0.038950298 
472 365 9 11 0.038856395 
583 371 12 13 0.038800348 
884 393 13 18 0.038599003 
1013 411 10 15 0.038293343 
871 405 13 16 0.03827081 
246 334 8 10 0.038247246 
682 533 53 77 0.03819889 
757 360 8 11 0.038119256 
189 389 12 17 0.03806225 
725 404 13 17 0.038029302 
232 357 10 12 0.03788126 
429 396 14 19 0.037729494 
11 313 15 22 0.03741712 
433 336 8 9 0.03737722 
353 359 8 11 0.03732715 
415 342 7 9 0.0373015 
421 373 9 12 0.0371241 
0 378 13 21 0.03707327 
1002 411 15 17 0.03701877 
687 364 9 10 0.036990713 
598 402 13 18 0.036903616 
303 291 12 15 0.036838703 
149 361 14 18 0.0368251 
953 350 7 11 0.036760177 
317 373 12 13 0.03667683 
322 341 8 11 0.03650778 
126 338 10 13 0.0365058 
414 388 11 14 0.036505774 
510 373 10 12 0.036490142 
800 357 9 11 0.036477003 
542 365 9 11 0.03643672 
405 403 11 15 0.036407612 
731 482 27 38 0.036357798 
62 338 11 16 0.03626387 
303 370 12 15 0.036200818 
851 418 17 22 0.03598438 
1005 364 12 15 0.035902094 
475 402 16 18 0.035851166 
935 381 10 13 0.03577885 
933 453 27 37 0.03575824 
861 420 16 23 0.03575219 
363 434 15 21 0.03565401 
433 352 8 9 0.03561328 
326 365 9 12 0.035607368 
756 428 13 18 0.035581104 
774 349 9 12 0.035573196 
542 376 10 10 0.035492036 
279 441 26 32 0.035472006 
69 333 22 26 0.03543841 
727 339 8 9 0.03539093 
588 441 15 26 0.03537312 
946 386 14 16 0.03535376 
327 405 14 19 0.035338663 
944 367 8 10 0.0352724 
996 443 27 35 0.035162117 
606 350 8 9 0.035152372 
934 364 10 11 0.03515183 
337 357 10 12 0.03500296 
749 403 11 16 0.034967005 
962 328 7 10 0.034897696 
793 343 8 10 0.034892067 
27 501 36 56 0.034886364 
573 486 22 28 0.0348697 
952 359 8 10 0.034854017 
248 496 58 72 0.034814924 
923 410 14 17 0.034746617 
1009 345 9 11 0.034694716 
477 471 16 22 0.034636643 
660 411 13 17 0.03444368 
238 344 9 12 0.034273185 
710 455 16 30 0.03427221 
0 126 24 36 0.034243844 
328 376 10 12 0.034212846 
896 389 11 15 0.034154624 
369 329 8 10 0.034133974 
88 311 20 28 0.034084473 
711 360 8 9 0.034046292 
696 367 8 10 0.033989113 
979 372 11 13 0.03391572 
671 395 12 16 0.033561394 
388 403 15 19 0.033547383 
438 328 8 9 0.03353872 
652 457 17 25 0.03352739 
735 352 9 10 0.033488777 
327 386 11 15 0.033469986 
1004 356 12 15 0.0334698 
878 365 9 11 0.03342184 
739 444 16 20 0.033415213 
534 366 9 11 0.03336202 
705 352 7 9 0.03330808 
668 420 16 20 0.033205852 
409 320 8 10 0.03306187 
421 387 11 15 0.033060025 
791 373 10 12 0.032873105 
651 412 20 26 0.03285157 
638 428 13 18 0.032737985 
51 368 16 18 0.03272775 
737 228 11 15 0.032596525 
753 469 31 39 0.032573346 
790 416 14 18 0.032525282 
638 368 9 10 0.032502063 
503 375 9 10 0.03244844 
108 358 11 12 0.032441195 
799 394 13 18 0.032422956 
382 360 10 11 0.032196857 
66 378 14 18 0.032023758 
894 428 12 16 0.03200323 
208 357 9 13 0.03194038 
306 252 10 12 0.03191551 
199 320 8 10 0.031906564 
153 325 10 11 0.031790037 
208 423 28 34 0.031776927 
818 401 15 18 0.03176682 
868 367 11 13 0.031721313 
911 335 9 10 0.031671733 
815 369 9 11 0.03160823 
671 402 13 17 0.031454217 
806 358 9 11 0.031431053 
265 326 10 12 0.03139692 
69 365 14 17 0.031396255 
375 327 8 10 0.031343877 
655 395 12 16 0.031323258 
471 345 6 9 0.03131089 
51 417 16 25 0.031286135 
376 360 8 10 0.031204859 
276 453 30 37 0.031195203 
624 358 9 11 0.031191416 
921 385 9 11 0.03118919 
893 374 11 13 0.031155637 
338 442 16 20 0.031151658 
927 343 9 10 0.031052137 
541 380 11 13 0.031039769 
270 439 24 26 0.030935653 
646 375 8 10 0.03086838 
869 387 12 16 0.030643633 
223 405 14 18 0.030616697 
900 463 27 33 0.030597564 
345 334 9 11 0.030587446 
977 447 18 23 0.030539634 
431 193 13 17 0.030527387 
613 379 11 14 0.030526921 
368 406 19 25 0.030496767 
735 375 9 11 0.030476127 
339 451 17 20 0.03043293 
995 500 27 54 0.030376356 
536 380 10 13 0.030207679 
199 357 9 11 0.030169167 
318 351 8 9 0.030161774 
560 354 8 10 0.030114198 
988 411 17 24 0.030108273 
850 399 22 27 0.030025423 
743 369 17 22 0.029978463 
748 426 13 18 0.02986047 
695 353 8 10 0.029856324 
442 478 18 26 0.029702472 
863 378 13 16 0.029632302 
597 394 14 17 0.029538197 
279 384 12 17 0.029498937 
854 364 11 15 0.029447503 
361 388 11 13 0.029441329 
707 480 15 22 0.029437758 
351 319 8 10 0.029425813 
583 397 12 16 0.029415846 
832 439 28 31 0.029392846 
30 444 46 59 0.029391173 
77 364 14 17 0.029387314 
952 365 8 10 0.029369786 
664 359 9 11 0.029355515 
175 380 13 17 0.029273234 
960 317 7 9 0.029173132 
912 515 41 65 0.029164376 
668 412 15 18 0.029084435 
923 449 23 29 0.029075406 
944 351 9 10 0.029073505 
336 359 19 24 0.028995745 
287 326 9 11 0.028945668 
391 380 11 13 0.02880822 
507 431 17 24 0.028781833 
968 444 19 26 0.028770257 
328 269 8 11 0.028750358 
888 380 9 12 0.028740443 
595 420 13 19 0.028654229 
709 409 14 18 0.028599367 
629 394 13 17 0.028591711 
959 391 11 14 0.028591633 
236 370 13 17 0.02851834 
82 420 23 31 0.028514402 
974 348 8 11 0.028502485 
529 357 7 10 0.028287824 
769 350 9 11 0.028282775 
367 395 10 13 0.02827375 
85 366 11 14 0.028210893 
943 343 9 11 0.028184919 
287 359 10 12 0.028065683 
120 608 33 43 0.02804476 
593 361 8 10 0.027988771 
303 381 10 13 0.027973387 
312 253 9 12 0.02791547 
687 344 8 8 0.027903069 
790 483 28 39 0.027862377 
740 235 9 12 0.027809981 
817 440 28 34 0.027795095 
351 374 9 12 0.027661849 
398 389 13 17 0.027601609 
367 501 23 31 0.027595785 
224 329 8 11 0.027552098 
275 496 37 47 0.027450768 
423 396 11 16 0.027386941 
437 415 15 22 0.027359545 
751 352 9 10 0.027359014 
236 381 14 16 0.027272973 
765 403 13 16 0.027254257 
155 396 19 21 0.027207054 
959 371 10 12 0.027155394 
136 342 22 26 0.02712977 
655 367 9 11 0.02708655 
969 410 21 25 0.02707682 
413 396 11 14 0.027060376 
53 326 11 16 0.027053501 
690 440 15 20 0.026952831 
509 380 13 15 0.026941266 
675 412 16 20 0.026882041 
451 378 12 15 0.026872404 
45 372 16 18 0.026850872 
767 367 10 12 0.026787264 
554 519 27 36 0.026782334 
940 410 18 20 0.02677799 
499 430 17 24 0.026724534 
615 352 8 10 0.026688911 
548 396 11 16 0.026688175 
297 360 10 11 0.02668521 
704 484 33 46 0.026679628 
457 336 6 8 0.026662778 
325 415 15 21 0.026642093 
264 332 10 13 0.026595267 
535 375 9 11 0.02658169 
785 357 9 11 0.026551997 
258 253 10 12 0.026545307 
65 311 22 30 0.02653912 
643 395 12 16 0.026524706 
136 357 11 14 0.026489004 
40 466 50 76 0.026472662 
790 358 9 11 0.026331967 
303 280 9 12 0.026330214 
488 342 7 9 0.026312804 
224 318 9 10 0.02619411 
477 372 10 12 0.026114354 
406 359 9 10 0.02610151 
624 350 9 12 0.026101127 
705 343 8 9 0.026077766 
941 423 16 19 0.026053157 
356 505 28 33 0.025934475 
678 195 12 15 0.025895732 
975 343 9 11 0.025879275 
743 351 8 10 0.025872318 
319 324 9 12 0.025870778 
186 329 9 11 0.025838051 
351 364 9 12 0.025762377 
15 223 10 11 0.025651885 
376 319 8 9 0.025621673 
444 456 25 40 0.02560586 
121 329 21 26 0.025594499 
635 507 26 41 0.02553867 
868 396 13 17 0.025524478 
782 397 10 14 0.025488151 
675 433 18 20 0.02544286 
779 466 16 19 0.025440034 
448 336 7 8 0.025437059 
60 348 12 16 0.025376525 
845 427 17 21 0.025344111 
474 448 16 20 0.025332747 
260 374 20 24 0.025328498 
368 444 21 34 0.025206916 
800 566 53 80 0.0252015 
84 379 15 19 0.025169853 
136 340 11 16 0.025110638 
772 385 14 16 0.025095843 
609 370 11 15 0.025076948 
960 313 7 9 0.025066398 
894 381 10 13 0.025063792 
774 358 8 11 0.025042394 
784 423 23 27 0.025037274 
2 520 37 54 0.02501824 
732 379 10 14 0.024997108 
673 334 8 10 0.0249747 
326 235 9 12 0.024944209 
985 353 10 11 0.02488478 
315 408 18 26 0.024880217 
1002 351 9 11 0.024876459 
641 343 8 10 0.024874786 
780 444 20 29 0.024873687 
834 333 9 11 0.024837883 
183 357 10 12 0.024795596 
630 373 9 12 0.024731366 
747 432 20 26 0.02473105 
704 388 11 14 0.024720661 
623 446 17 26 0.024703054 
809 345 8 10 0.02463957 
397 418 13 16 0.02463296 
294 395 13 15 0.024630573 
439 422 23 30 0.02454234 
718 383 10 13 0.02443674 
991 343 8 10 0.024425738 
248 343 8 11 0.024425022 
495 394 12 16 0.024320114 
544 205 10 14 0.024302728 
463 396 13 17 0.024239969 
1011 355 12 16 0.024227137 
1012 379 11 15 0.024195706 
972 463 31 36 0.024183616 
781 424 13 18 0.024166947 
367 318 9 11 0.024162337 
802 318 8 11 0.024127968 
766 412 14 16 0.024122775 
723 441 15 19 0.02411948 
296 267 10 12 0.024092674 
84 373 12 15 0.024087107 
854 391 21 24 0.024081206 
541 211 12 15 0.024052164 
-4 492 47 67 0.024038838 
517 388 12 13 0.02385333 
946 422 21 27 0.023848401 
860 452 27 37 0.023821961 
464 337 7 8 0.02378684 
782 349 9 11 0.02378604 
424 454 27 41 0.023769451 
799 337 9 10 0.0237121 
407 349 8 10 0.023681305 
191 334 9 11 0.023650475 
838 383 14 19 0.02359478 
876 387 14 19 0.02353986 
784 367 9 11 0.02353151 
646 427 12 18 0.023527501 
535 491 24 36 0.02349386 
737 337 7 10 0.023485841 
744 337 7 10 0.023447793 
999 456 27 40 0.02343142 
605 423 16 21 0.023424536 
432 381 10 14 0.023335041 
549 380 11 14 0.023294723 
206 375 12 16 0.023278568 
919 333 8 10 0.023275003 
635 415 16 19 0.023266152 
911 441 26 31 0.023259098 
19 356 12 16 0.023257896 
300 269 10 11 0.023246117 
206 335 9 11 0.02320961 
79 377 13 18 0.023179546 
652 424 21 26 0.023176529 
367 366 9 12 0.0231523 
180 365 11 13 0.023119329 
44 431 19 25 0.023101203 
71 154 10 14 0.02308178 
308 425 13 19 0.023031125 
140 370 14 18 0.023022618 
45 326 12 13 0.023019511 
290 435 18 22 0.023008227 
550 452 22 28 0.022977551 
494 367 9 12 0.02293631 
335 318 8 11 0.02293567 
148 339 13 16 0.022908144 
783 337 7 9 0.022903176 
836 351 10 13 0.022852931 
686 483 15 19 0.022781309 
973 382 13 15 0.022771368 
588 398 18 25 0.022729171 
232 343 9 12 0.022697967 
712 345 8 10 0.022649221 
784 435 13 18 0.022574883 
859 410 14 19 0.022571791 
814 343 8 11 0.02254348 
317 393 12 16 0.022522068 
269 367 10 12 0.022506474 
80 321 22 27 0.022504384 
725 409 20 26 0.022465978 
809 325 8 11 0.022465335 
654 351 9 10 0.02245607 
296 422 21 29 0.022430545 
250 349 8 12 0.022423299 
790 405 12 17 0.022380363 
643 556 78 105 0.022368362 
549 387 12 17 0.022279112 
125 62 13 16 0.022245608 
654 369 18 22 0.0221706 
592 359 19 24 0.022144575 
566 358 9 11 0.022130238 
300 354 18 23 0.022113774 
911 401 11 16 0.022091204 
357 353 19 24 0.022030322 
338 434 15 19 0.021980623 
957 401 12 16 0.021964518 
305 336 8 9 0.021947071 
787 452 18 24 0.021932917 
86 413 13 19 0.021887217 
719 365 8 10 0.02186455 
239 474 34 41 0.02185699 
853 381 11 15 0.021841643 
269 411 14 21 0.021765737 
569 346 8 9 0.021651866 
982 397 12 16 0.02163653 
150 392 16 21 0.021520639 
361 447 15 25 0.021513175 
814 327 8 10 0.021475475 
934 341 10 11 0.021445086 
318 359 10 12 0.021406718 
389 448 16 29 0.021374254 
447 375 10 12 0.02137242 
291 299 11 14 0.021366145 
730 352 18 24 0.021357883 
244 397 12 17 0.021354506 
877 395 20 27 0.02135263 
578 492 23 35 0.021339262 
0 334 11 15 0.02133292 
78 154 13 18 0.021313291 
430 387 13 16 0.021295669 
309 359 10 13 0.021253299 
419 441 24 34 0.021246104 
558 393 13 17 0.02119856 
751 345 7 8 0.02114968 
254 396 13 17 0.021147335 
945 356 9 12 0.021128014 
458 354 20 23 0.021116931 
561 373 10 13 0.021099353 
900 403 13 17 0.021030825 
448 425 22 32 0.02097597 
79 251 11 15 0.020948177 
810 479 18 22 0.020939015 
893 419 14 18 0.020929841 
257 463 35 40 0.02086832 
11 350 14 16 0.020828633 
737 480 17 22 0.020825448 
485 387 11 16 0.020825425 
56 341 21 27 0.020810815 
197 406 24 28 0.020791195 
73 508 31 43 0.020772634 
197 365 11 13 0.020770779 
996 427 24 35 0.020762878 
415 373 11 13 0.020737303 
495 342 8 10 0.020701833 
317 434 15 17 0.020682571 
95 364 10 14 0.020677801 
237 455 16 22 0.020661699 
574 430 16 23 0.02062683 
209 364 10 13 0.020566529 
792 434 19 24 0.020550273 
689 475 24 32 0.020537348 
531 245 13 14 0.02053149 
123 397 17 21 0.020517351 
432 328 9 9 0.0205017 
223 343 9 11 0.020459292 
773 327 8 10 0.020402273 
958 466 36 40 0.020257808 
510 388 12 14 0.020254096 
701 394 12 16 0.020252248 
47 364 15 18 0.020246584 
446 570 49 63 0.020209905 
20 383 14 20 0.02019606 
399 399 19 26 0.02019184 
593 349 9 10 0.0201672 
10 371 23 30 0.020134702 
50 377 15 18 0.020100826 
831 363 10 12 0.020058483 
725 423 16 20 0.020057289 
282 427 17 19 0.020056296 
677 335 8 9 0.020040374 
708 385 19 24 0.020026913 
230 319 9 11 0.020024307 
580 448 24 30 0.020013537 
