21_Festival_Festival_21_777
143
576 469 18 21 0.8755158 
671 485 15 18 0.6963145 
494 473 19 21 0.6192279 
905 520 16 18 0.43174624 
257 390 34 45 0.17861609 
687 465 13 15 0.1756594 
587 475 12 16 0.16765004 
916 446 16 18 0.15021195 
495 447 11 15 0.12950358 
573 499 13 16 0.10631982 
911 376 14 17 0.10462356 
529 470 13 16 0.09799942 
863 444 14 18 0.093559496 
656 522 11 15 0.092347614 
859 157 15 20 0.078696 
725 581 16 17 0.07586607 
701 517 12 14 0.07580475 
856 148 25 34 0.07384051 
144 98 389 535 0.07086434 
674 479 14 18 0.0698281 
852 524 12 14 0.067839675 
1015 44 8 12 0.06741539 
696 519 12 14 0.0673174 
776 571 11 13 0.06482212 
663 479 9 14 0.062071886 
857 59 9 14 0.059233602 
590 481 12 15 0.056149375 
468 378 107 136 0.054213896 
687 492 10 14 0.05396134 
725 560 11 13 0.052458517 
590 454 11 14 0.052073993 
567 476 10 15 0.04999416 
596 482 11 14 0.04817231 
311 13 42 63 0.046034362 
904 53 14 19 0.04427881 
919 491 11 13 0.04392616 
720 559 10 12 0.043185707 
639 476 12 15 0.042905964 
546 533 9 12 0.04268082 
847 521 11 14 0.040483553 
257 257 60 73 0.040307995 
445 485 13 16 0.039661665 
257 6 40 61 0.0392725 
1014 124 9 14 0.038748894 
860 56 8 12 0.038264174 
27 557 15 26 0.038014717 
840 519 8 11 0.03721693 
844 588 13 15 0.03602301 
868 412 14 18 0.035869636 
753 491 18 21 0.035459787 
1014 203 9 14 0.03543861 
916 523 12 16 0.03494134 
13 555 27 41 0.033968873 
572 462 15 18 0.033952143 
516 468 11 14 0.033912394 
578 494 13 16 0.033449367 
579 463 14 17 0.033318505 
685 484 11 15 0.033291478 
557 99 396 547 0.033259742 
825 591 9 11 0.03323629 
683 591 7 9 0.032688085 
655 512 11 13 0.03265207 
340 666 15 16 0.031859208 
688 584 8 10 0.031699825 
485 480 13 16 0.03162214 
872 396 11 14 0.030931965 
489 452 11 14 0.030693358 
335 125 343 481 0.030439198 
884 32 12 16 0.029255087 
640 527 9 12 0.02920102 
479 566 8 10 0.02894519 
512 546 9 12 0.028607842 
269 14 22 35 0.028523242 
640 534 9 12 0.028302852 
514 462 12 14 0.02786562 
257 496 40 55 0.027756045 
877 21 24 34 0.027708866 
642 640 7 9 0.027621027 
744 597 10 14 0.027504973 
738 582 12 14 0.027419932 
607 482 10 13 0.027251646 
551 669 11 13 0.027250694 
730 565 11 12 0.027105218 
766 567 10 12 0.026929379 
903 528 14 15 0.026520124 
606 470 10 13 0.026453568 
725 570 16 18 0.02634485 
656 532 11 14 0.026166854 
644 534 10 12 0.02571185 
661 508 12 14 0.025595278 
16 182 8 11 0.025581796 
686 588 8 11 0.025514262 
870 406 12 16 0.025449272 
679 468 13 15 0.025440488 
497 543 9 10 0.025426636 
664 598 7 8 0.025420407 
214 464 12 16 0.025407823 
669 471 11 12 0.02527471 
567 508 14 16 0.025168551 
874 133 26 36 0.02482795 
664 461 10 12 0.024787197 
971 174 26 32 0.02472796 
694 454 11 12 0.024573063 
575 479 13 17 0.024479909 
722 261 27 33 0.024204694 
615 605 9 12 0.024039643 
657 516 14 16 0.023822235 
712 502 9 11 0.0236184 
720 588 11 13 0.02354383 
670 516 10 12 0.023274217 
861 588 12 15 0.023132067 
486 466 22 25 0.02282397 
860 0 86 110 0.022521699 
624 478 11 14 0.022432907 
964 155 17 22 0.022320202 
222 675 12 12 0.022250338 
641 600 8 9 0.02216876 
834 354 14 17 0.022157796 
663 502 11 14 0.021797292 
669 509 11 13 0.021782676 
892 73 22 35 0.021686846 
860 601 12 15 0.021515917 
900 509 25 31 0.021375999 
654 492 11 14 0.021282544 
664 471 9 12 0.021238053 
512 430 10 12 0.021222033 
747 376 24 30 0.021162987 
709 510 9 13 0.021136047 
748 387 48 57 0.02111896 
598 454 10 14 0.021105528 
671 542 9 11 0.020958457 
655 541 10 12 0.020926526 
535 500 10 13 0.020890849 
861 581 11 13 0.020827917 
695 514 19 24 0.020481197 
452 487 12 15 0.020441309 
543 453 11 15 0.020351738 
568 461 12 15 0.020343386 
748 398 26 30 0.020289646 
479 471 11 13 0.020113623 
573 454 12 14 0.020104058 
894 545 31 37 0.020080963 
125 409 11 15 0.020001138 
