21_Festival_Festival_21_526
1412
623 630 14 17 0.7197476 
78 599 20 26 0.639933 
647 637 13 20 0.53882074 
909 582 17 23 0.5136131 
46 525 12 16 0.46499285 
33 118 23 30 0.43094388 
243 286 10 12 0.428228 
177 534 9 13 0.406952 
62 157 24 30 0.39031267 
660 430 9 11 0.3819281 
113 309 12 15 0.36716235 
19 615 16 21 0.36210412 
463 773 14 21 0.34259072 
685 550 9 13 0.33622825 
997 527 9 11 0.31868166 
54 564 12 15 0.3118039 
585 512 7 10 0.2726244 
47 507 10 13 0.2690439 
987 620 13 18 0.2594739 
880 18 37 40 0.2564453 
976 579 9 12 0.25124705 
944 632 20 27 0.24436447 
55 511 9 11 0.24107835 
718 551 9 13 0.23781468 
47 559 11 14 0.2341037 
984 536 9 11 0.2281801 
952 557 10 13 0.22495212 
696 567 11 14 0.21751949 
110 467 10 13 0.21228112 
220 293 9 13 0.21205032 
67 596 22 27 0.21169993 
823 634 15 18 0.20898749 
575 479 8 11 0.20841876 
612 232 14 17 0.20586474 
240 244 10 13 0.20553544 
0 61 29 34 0.20514536 
948 534 9 12 0.2037729 
931 564 10 14 0.2020059 
983 559 12 15 0.19456565 
602 -81 410 547 0.19428368 
404 409 12 15 0.191667 
632 253 10 13 0.18680505 
62 592 16 24 0.18082592 
696 517 9 14 0.1773007 
241 502 11 14 0.17158674 
659 613 13 15 0.17142878 
659 568 11 14 0.170345 
233 524 10 13 0.16965888 
566 542 10 14 0.1676424 
670 383 7 9 0.16633753 
55 491 10 12 0.16135266 
665 524 9 12 0.16069539 
202 535 9 11 0.15906446 
586 516 9 12 0.1581636 
577 612 9 12 0.15589784 
326 501 10 14 0.15558784 
37 493 9 12 0.14973173 
191 486 9 10 0.145805 
275 253 11 14 0.14442465 
661 655 19 27 0.14313945 
29 2 33 35 0.14103754 
23 529 12 14 0.14056057 
884 533 10 13 0.13966857 
982 541 10 11 0.13960993 
607 508 9 11 0.1375474 
405 472 8 11 0.13601263 
185 517 8 11 0.13531998 
152 496 7 9 0.13486578 
433 527 8 10 0.13411011 
116 268 12 15 0.13343899 
111 494 9 11 0.13208213 
695 493 8 11 0.13205424 
569 511 8 11 0.12931865 
222 518 10 13 0.12702699 
864 565 11 14 0.12487644 
457 359 10 12 0.12479119 
31 493 10 14 0.12469105 
416 182 10 13 0.1241633 
133 305 12 16 0.12386031 
1000 566 9 12 0.123584636 
20 564 15 18 0.123475306 
259 244 11 14 0.12284334 
150 316 11 14 0.12227223 
617 416 7 9 0.12137079 
664 384 7 10 0.12114695 
998 532 9 11 0.12015265 
11 151 18 19 0.11928365 
669 525 8 10 0.11908647 
669 360 8 10 0.11857932 
94 542 12 15 0.11853818 
330 123 29 34 0.11770374 
568 495 8 10 0.1172013 
981 573 11 13 0.11718971 
558 504 9 11 0.116981566 
417 423 10 12 0.116647325 
561 486 9 11 0.11604634 
453 550 11 13 0.11593941 
102 501 10 13 0.11554252 
728 508 10 12 0.114477046 
924 656 15 21 0.11441489 
262 679 11 14 0.11435432 
699 71 12 16 0.11431825 
649 539 10 12 0.1131418 
1 493 8 12 0.11186343 
711 503 8 11 0.11140117 
-103 69 438 547 0.11026866 
185 496 8 10 0.11026126 
884 443 11 14 0.11026052 
575 495 8 11 0.11009784 
902 570 10 12 0.109979875 
904 550 11 13 0.109435596 
749 529 9 11 0.10899713 
632 390 8 10 0.10824099 
554 208 24 26 0.10805933 
910 620 12 16 0.10801265 
6 495 8 12 0.107994586 
671 310 9 10 0.10789918 
865 561 9 11 0.107506834 
997 600 14 18 0.10713027 
972 527 9 11 0.10656645 
663 546 10 13 0.10579621 
55 515 11 16 0.10571065 
624 567 9 11 0.10440235 
111 502 9 11 0.10422799 
921 543 9 11 0.10396371 
684 692 16 22 0.10354094 
680 542 9 12 0.10189023 
593 495 8 11 0.101114795 
928 560 10 13 0.10078086 
719 522 7 10 0.100555874 
594 486 8 10 0.10041954 
961 543 9 11 0.099584855 
422 478 10 12 0.09953604 
822 618 11 14 0.09862468 
733 592 14 21 0.097983666 
881 555 11 13 0.09786213 
232 320 10 13 0.09608606 
670 519 9 11 0.095673 
173 550 10 12 0.09513902 
578 328 9 12 0.09501316 
1008 542 9 10 0.09463679 
16 478 10 13 0.09439448 
481 193 12 16 0.094180495 
968 575 9 11 0.093940996 
700 550 9 12 0.093078196 
896 426 12 16 0.09282196 
877 647 17 22 0.0928193 
111 271 12 15 0.09231708 
826 570 14 17 0.09215774 
685 544 10 12 0.09180648 
745 528 9 12 0.09131518 
109 543 13 18 0.09095191 
833 549 10 12 0.09038808 
681 555 10 13 0.09038088 
83 515 13 18 0.090348475 
261 276 13 17 0.09014498 
23 542 12 16 0.08989474 
916 502 9 11 0.08968235 
883 549 10 13 0.089137666 
75 521 15 19 0.08861713 
350 464 7 10 0.08843131 
87 495 8 11 0.08816794 
659 494 8 10 0.08812423 
586 469 8 10 0.087383844 
574 463 7 9 0.087285936 
815 618 11 14 0.08725409 
853 479 10 13 0.08649309 
182 550 10 13 0.08603084 
442 360 9 11 0.085974164 
943 572 11 14 0.0858151 
572 549 10 12 0.08527703 
753 676 17 19 0.08469862 
883 540 10 13 0.084197596 
657 502 9 11 0.08395901 
230 547 9 13 0.08328744 
696 558 10 13 0.0831305 
1008 549 11 15 0.082936846 
184 307 12 14 0.082112856 
672 512 8 10 0.08210415 
452 517 10 14 0.08202976 
469 74 24 29 0.08191068 
190 495 10 12 0.08188886 
656 389 9 10 0.0816899 
705 509 10 12 0.08130764 
945 510 10 13 0.08096183 
663 470 7 10 0.08089727 
654 536 10 13 0.08073672 
441 472 7 9 0.080723934 
865 79 28 35 0.08065432 
974 0 40 43 0.08063902 
268 503 10 12 0.08036004 
558 158 21 26 0.08004911 
40 531 13 16 0.07983087 
152 518 10 13 0.07971833 
64 475 9 11 0.07954587 
625 572 10 12 0.07942148 
532 237 12 15 0.07937223 
169 552 10 13 0.07924508 
671 462 7 9 0.07921095 
160 478 9 12 0.078693494 
624 351 9 11 0.07862731 
574 512 8 10 0.07777587 
721 618 15 22 0.07753614 
769 339 13 17 0.07721142 
672 343 8 10 0.07707432 
309 523 12 15 0.076496586 
431 408 9 11 0.07648387 
984 550 10 12 0.07633944 
606 535 9 13 0.07606052 
279 361 9 13 0.07590797 
813 572 12 15 0.075883225 
402 453 10 12 0.07566086 
577 557 9 12 0.07544538 
288 366 10 12 0.07532007 
201 539 11 14 0.07525683 
679 518 9 12 0.07524977 
636 550 8 11 0.07515725 
566 536 10 12 0.075138 
625 400 7 8 0.07491479 
676 626 16 20 0.074858524 
84 478 10 13 0.07418452 
679 536 8 11 0.07413449 
663 511 8 10 0.074064665 
471 559 10 12 0.07404216 
55 423 9 11 0.07345372 
991 584 9 11 0.07338322 
159 494 8 10 0.07285871 
244 291 12 15 0.07264192 
133 468 10 12 0.07261307 
1012 611 10 14 0.072604716 
951 618 13 16 0.07252385 
648 408 9 10 0.072515026 
687 349 8 9 0.07220051 
657 488 8 11 0.072083525 
679 512 8 9 0.07203051 
184 511 9 12 0.07193625 
266 508 11 12 0.0718949 
583 269 11 15 0.071636915 
97 501 9 11 0.07150916 
472 423 9 11 0.07072718 
4 520 14 20 0.07067481 
654 549 11 15 0.07065784 
636 541 9 11 0.07048567 
592 556 9 12 0.07037624 
624 527 10 12 0.07005393 
253 298 10 13 0.069828846 
241 496 8 10 0.06950937 
11 514 11 16 0.06926028 
710 536 10 11 0.069224864 
157 317 10 13 0.069177136 
462 533 9 11 0.06913465 
918 482 11 14 0.06911271 
797 663 17 23 0.06868525 
575 483 9 12 0.06862244 
968 531 9 11 0.06856127 
181 528 10 12 0.06831554 
729 119 10 13 0.06831289 
41 509 11 14 0.06819929 
680 349 9 10 0.06800121 
928 526 9 11 0.067737274 
771 570 11 15 0.06751793 
697 549 8 12 0.06746238 
670 448 8 10 0.06726475 
16 501 9 11 0.06724292 
671 585 14 18 0.0671215 
632 558 8 10 0.06699897 
769 535 9 12 0.06651547 
623 463 8 10 0.06591178 
248 536 9 11 0.06583373 
263 374 9 12 0.065719835 
551 271 12 14 0.06550389 
660 424 10 12 0.06526255 
760 544 9 11 0.065215826 
421 524 9 11 0.06521188 
641 641 13 18 0.06514096 
661 695 15 21 0.065114565 
208 502 9 11 0.06509575 
663 326 8 11 0.0650794 
226 477 8 10 0.06506107 
224 659 12 17 0.06484914 
105 464 10 12 0.064809434 
177 530 9 11 0.06470556 
694 350 8 10 0.0644979 
714 524 9 11 0.06398207 
155 611 14 18 0.06397526 
218 305 13 17 0.06371659 
139 545 11 16 0.0636843 
664 343 7 9 0.0634449 
100 508 13 17 0.06313403 
670 558 10 12 0.06291625 
431 485 8 11 0.0627448 
444 364 9 11 0.06267972 
455 524 9 12 0.06264202 
294 439 7 9 0.062387858 
954 634 15 20 0.062306818 
104 496 10 12 0.06222148 
209 483 10 12 0.062013414 
30 129 25 33 0.06168453 
430 548 10 13 0.061521027 
671 351 8 10 0.06134771 
400 433 8 10 0.061341584 
753 570 12 15 0.06120347 
88 605 15 23 0.06115453 
772 580 11 14 0.06098894 
924 548 10 12 0.060617752 
945 552 10 12 0.060592793 
327 438 8 11 0.060567517 
580 609 10 13 0.060548782 
169 419 9 11 0.060545225 
566 486 8 10 0.060474854 
696 544 8 11 0.060373925 
251 318 11 14 0.060356352 
132 313 14 18 0.060058944 
564 318 9 12 0.059920028 
457 531 10 13 0.059840117 
2 499 8 13 0.059838068 
666 519 8 12 0.059811007 
428 510 8 10 0.059805565 
241 455 8 10 0.05975417 
460 550 10 13 0.05972673 
660 435 9 12 0.059675835 
366 406 9 11 0.059426967 
677 422 10 13 0.059382953 
927 522 9 10 0.059374586 
308 351 8 11 0.059185322 
81 511 12 15 0.05905638 
569 480 8 10 0.059001118 
206 614 10 14 0.058858708 
613 574 8 12 0.058854315 
687 503 8 10 0.05875312 
193 500 10 14 0.05829302 
649 557 10 13 0.058137167 
988 552 10 12 0.05796866 
214 523 10 13 0.057916004 
160 581 11 14 0.05785218 
752 565 11 14 0.057754673 
194 478 9 13 0.05772872 
926 587 12 16 0.05761836 
193 218 13 18 0.05759357 
535 53 11 14 0.05747932 
695 365 9 12 0.057323575 
111 527 12 15 0.05727093 
308 373 10 13 0.057042316 
663 447 9 10 0.056973323 
180 469 10 13 0.05693278 
32 488 9 12 0.056667592 
711 519 9 10 0.056600537 
669 549 8 11 0.0565858 
231 520 10 12 0.056518048 
687 519 10 13 0.05645623 
745 543 9 10 0.056347407 
110 585 15 18 0.05614996 
303 391 7 9 0.055968422 
163 589 14 16 0.055960063 
145 501 10 13 0.055878233 
602 693 12 17 0.05581261 
704 536 9 11 0.05574571 
63 746 29 48 0.055358805 
690 494 8 11 0.05530866 
551 486 8 11 0.055139486 
646 502 9 12 0.05493751 
139 258 13 15 0.05491438 
263 350 9 11 0.05461613 
600 408 7 9 0.054416977 
647 314 8 9 0.05434712 
145 496 8 10 0.05432818 
169 494 9 11 0.054282676 
27 634 14 17 0.05393601 
194 557 13 16 0.053905305 
743 560 9 11 0.053791948 
237 533 9 12 0.05377903 
932 527 9 11 0.053686954 
85 589 14 17 0.053672545 
288 518 9 11 0.053637464 
720 368 10 11 0.05355694 
468 784 22 27 0.053548407 
246 299 10 14 0.053516313 
27 546 12 16 0.053427894 
400 438 9 10 0.053403232 
630 247 10 13 0.05334435 
908 533 9 12 0.05316845 
1015 564 8 13 0.053115316 
402 674 23 28 0.052659295 
257 343 9 11 0.052479453 
637 392 7 9 0.05242191 
581 559 9 11 0.052306175 
0 200 22 32 0.052303612 
266 329 8 10 0.052209653 
601 478 8 10 0.052191358 
717 664 18 23 0.052137036 
319 468 10 12 0.052113324 
96 231 12 15 0.051826857 
232 565 8 11 0.051730137 
422 407 9 11 0.05166676 
664 465 7 9 0.05161754 
932 569 12 16 0.051582806 
887 578 11 14 0.05148542 
228 581 12 15 0.051415164 
277 532 10 15 0.051301494 
796 527 9 10 0.05124357 
645 611 13 16 0.051176522 
133 386 11 14 0.051120043 
639 397 7 9 0.051035006 
634 302 8 11 0.05102849 
720 544 8 10 0.051022973 
553 503 9 11 0.050987475 
511 376 7 9 0.050959487 
640 359 9 11 0.050860584 
93 583 11 15 0.050828263 
751 543 8 11 0.050691668 
1 439 9 13 0.050638985 
686 509 8 10 0.050605416 
48 493 10 12 0.05052348 
665 351 7 10 0.050512455 
672 305 7 10 0.05033781 
812 635 12 16 0.050299462 
20 484 10 12 0.05019938 
648 398 9 10 0.050175034 
315 251 12 16 0.050056536 
561 548 10 13 0.05001858 
470 542 8 11 0.05001375 
964 635 12 16 0.04989515 
402 446 9 11 0.049877066 
975 533 8 10 0.049651787 
613 559 8 10 0.04962824 
671 328 8 10 0.049617708 
108 606 17 23 0.04937934 
0 196 12 20 0.049371954 
479 409 9 11 0.049232986 
658 471 7 10 0.04920491 
972 588 12 15 0.04919097 
230 494 8 10 0.049138654 
231 588 11 13 0.049050167 
687 533 9 12 0.049040847 
673 503 7 9 0.049016282 
550 494 8 10 0.04899591 
452 420 11 12 0.04898654 
123 269 12 14 0.04897211 
143 507 11 15 0.048952438 
0 488 6 12 0.048830815 
645 424 8 11 0.048786804 
13 567 16 20 0.04868335 
826 617 15 18 0.048676927 
943 628 14 20 0.048619322 
937 711 29 36 0.048573222 
662 389 8 10 0.04848813 
687 311 8 10 0.048359524 
70 200 15 20 0.048333 
173 502 9 11 0.048324052 
93 515 12 16 0.0483041 
602 508 10 12 0.048144005 
51 647 18 25 0.04809641 
608 582 10 13 0.048063926 
190 509 10 12 0.048062477 
571 643 11 13 0.048058484 
910 526 9 11 0.047941856 
672 399 8 10 0.047879465 
688 566 11 14 0.047870524 
1007 536 9 12 0.047798622 
372 250 13 15 0.04777972 
100 523 13 18 0.047750413 
627 581 11 14 0.04773323 
281 383 7 10 0.047585327 
132 414 14 16 0.04752174 
582 494 8 10 0.047499094 
375 389 10 12 0.047454033 
568 502 8 10 0.0473678 
449 382 11 14 0.04734805 
570 463 8 11 0.047330376 
635 12 10 14 0.047278497 
677 438 9 10 0.047197055 
648 508 9 11 0.04701184 
662 487 8 11 0.046915036 
703 541 9 11 0.04682285 
713 573 10 14 0.046799246 
139 455 10 11 0.046792354 
809 572 10 14 0.04675491 
305 519 10 13 0.04671745 
916 576 10 12 0.046588007 
68 149 18 23 0.04645864 
911 575 11 13 0.046451267 
735 528 8 10 0.046415485 
662 320 8 10 0.046381753 
263 259 11 14 0.04633985 
121 632 15 22 0.046270985 
637 535 8 11 0.046208672 
968 591 11 14 0.046015665 
432 544 8 11 0.046009306 
89 463 7 10 0.04596904 
958 548 10 13 0.04584835 
289 261 11 15 0.04576791 
654 367 9 11 0.04575403 
1012 556 10 14 0.045727167 
255 581 11 14 0.045725323 
133 564 11 13 0.04562418 
641 367 9 10 0.04561159 
574 517 8 11 0.0455981 
0 540 7 15 0.04558159 
79 545 13 18 0.045525543 
239 301 13 15 0.04549549 
385 439 8 10 0.045492586 
756 576 12 15 0.04541414 
407 144 11 15 0.04536716 
59 490 13 15 0.045232907 
822 604 11 15 0.04516352 
911 520 9 10 0.045088958 
568 516 10 12 0.045010664 
681 623 20 26 0.044998355 
47 478 11 13 0.04493172 
629 532 11 13 0.04490221 
283 407 10 12 0.044849288 
497 405 10 12 0.044834 
669 365 8 10 0.044829175 
436 525 9 11 0.04456451 
191 190 14 17 0.044550452 
751 560 8 11 0.044536073 
854 517 9 12 0.044528224 
673 532 9 12 0.04441403 
223 460 9 12 0.044359237 
670 390 8 10 0.04421285 
4 445 10 12 0.044093132 
488 331 10 12 0.04405435 
311 439 8 9 0.044046428 
649 384 8 10 0.04402413 
651 630 16 20 0.043985818 
991 533 9 11 0.043931507 
741 585 22 28 0.04373717 
41 -2 470 528 0.04365673 
736 551 8 10 0.04365073 
151 464 10 12 0.043630812 
159 455 10 11 0.043565277 
424 484 9 11 0.04351748 
977 557 11 15 0.043499 
773 540 8 10 0.043440912 
625 479 8 10 0.04338141 
181 538 10 12 0.04336457 
423 399 8 11 0.04334052 
196 445 10 13 0.043317005 
646 429 7 10 0.04306134 
225 513 9 11 0.04286173 
457 191 21 27 0.04281438 
631 479 8 11 0.042739533 
505 746 13 18 0.042707417 
80 502 9 11 0.042688787 
68 564 11 15 0.042685952 
728 589 11 15 0.042634636 
71 455 8 10 0.04261651 
768 540 10 12 0.042502772 
585 589 11 14 0.04249599 
704 504 10 11 0.042315472 
599 412 8 10 0.04227475 
701 517 9 14 0.042273935 
624 520 10 12 0.04216838 
938 603 14 18 0.04216402 
231 489 7 9 0.042114224 
185 485 9 11 0.042055886 
177 574 12 15 0.04200636 
323 405 9 11 0.0419127 
497 399 9 11 0.041905064 
706 383 8 10 0.041848976 
656 312 7 10 0.041747063 
976 519 9 10 0.041643348 
79 464 8 10 0.041584488 
694 533 9 11 0.041572426 
905 542 9 12 0.041549537 
670 454 9 11 0.041532617 
7 510 11 15 0.041311964 
640 408 8 10 0.041234694 
1006 572 10 13 0.04122786 
311 446 8 10 0.04092055 
654 374 8 10 0.04082919 
561 492 9 11 0.04078061 
562 292 11 16 0.04074045 
149 508 10 14 0.040662292 
345 463 9 11 0.040591665 
225 566 8 11 0.040474605 
842 610 16 21 0.040348597 
696 500 8 11 0.040324952 
638 590 11 14 0.04029151 
424 502 8 10 0.040265042 
154 601 15 19 0.04023836 
14 492 11 13 0.040236007 
58 569 14 17 0.040183112 
80 494 10 13 0.040145803 
673 287 8 11 0.040131256 
440 479 9 11 0.040085763 
971 713 23 33 0.04008279 
221 208 11 14 0.039991006 
593 480 8 10 0.039937094 
682 301 8 11 0.039834123 
991 597 14 18 0.039831005 
908 554 11 14 0.039784733 
630 384 9 11 0.039734595 
159 596 13 16 0.039704833 
3 111 22 32 0.0395495 
933 533 8 11 0.039511956 
549 477 8 11 0.039421566 
420 427 10 11 0.039418682 
381 416 9 10 0.0393585 
886 529 9 11 0.039336883 
169 534 10 13 0.039331187 
550 345 8 10 0.039198313 
172 188 12 14 0.039183944 
256 655 12 12 0.03913114 
620 716 12 16 0.039052855 
230 476 8 10 0.038840592 
175 508 10 12 0.038810395 
416 407 10 11 0.038788058 
237 655 11 14 0.038602967 
85 541 13 17 0.038525462 
244 357 9 11 0.038501505 
629 407 9 11 0.0383459 
64 230 13 15 0.03829055 
116 530 10 15 0.03827901 
968 579 11 13 0.038276255 
641 446 8 9 0.038239796 
109 506 13 16 0.03822756 
166 459 10 12 0.03822137 
639 570 10 13 0.03820806 
620 422 9 11 0.03819336 
744 550 8 10 0.03816775 
562 481 8 10 0.038163498 
596 557 9 11 0.037993453 
432 436 10 13 0.037985887 
209 428 11 15 0.037944414 
655 478 8 10 0.0379403 
624 588 10 15 0.037932117 
662 406 9 10 0.037921477 
543 478 8 11 0.037901416 
991 518 8 10 0.037837885 
161 486 8 13 0.03781124 
441 486 9 11 0.037793517 
165 565 11 15 0.037731 
0 533 8 15 0.037722792 
81 472 8 10 0.037679177 
101 543 14 19 0.03765651 
714 553 11 16 0.037653714 
835 615 16 20 0.037616663 
729 488 9 11 0.037616592 
217 316 10 14 0.03752862 
737 596 16 22 0.037493087 
424 472 9 12 0.037475534 
583 456 7 10 0.03742112 
135 486 10 13 0.03733592 
914 622 16 20 0.037283834 
588 511 9 12 0.037213888 
522 187 14 17 0.037160423 
39 515 12 15 0.037099462 
654 360 8 10 0.037085507 
629 357 9 11 0.03708142 
638 479 9 11 0.037030656 
448 511 10 13 0.03696435 
115 463 12 13 0.03695104 
149 230 11 15 0.03683427 
39 500 10 13 0.036794197 
717 501 9 11 0.036792614 
510 382 8 11 0.036791157 
526 368 8 10 0.036768284 
606 431 7 9 0.03670285 
649 391 8 10 0.036569048 
353 422 7 10 0.036559734 
899 421 12 15 0.036537856 
574 535 9 11 0.0364081 
209 463 9 11 0.03633649 
28 143 24 30 0.03633158 
680 525 8 10 0.03623091 
640 424 8 11 0.03621 
630 495 8 10 0.036201455 
321 495 10 13 0.036161285 
21 500 10 13 0.036153 
191 580 11 14 0.036123067 
169 325 10 12 0.036065407 
652 705 13 19 0.036050204 
295 247 10 12 0.03602938 
143 316 12 15 0.03588709 
711 496 8 10 0.035861045 
561 539 11 15 0.035804432 
140 484 10 12 0.03575533 
176 528 19 23 0.035656754 
590 463 9 11 0.035647947 
361 375 9 11 0.035647582 
803 419 11 15 0.035609268 
688 360 11 12 0.035560373 
272 526 10 13 0.035539594 
629 520 9 11 0.035482287 
851 548 11 14 0.03547313 
679 326 9 11 0.035394315 
401 239 11 15 0.035357557 
256 502 9 11 0.03533163 
688 344 8 10 0.035287414 
1001 539 9 12 0.03528125 
959 527 9 10 0.03527669 
245 496 8 10 0.035103347 
262 648 13 14 0.035096776 
341 430 10 13 0.035047144 
641 496 8 10 0.03502314 
18 623 23 30 0.03496256 
637 557 9 11 0.034955293 
772 334 11 14 0.034952253 
976 548 11 14 0.034939762 
167 525 8 11 0.034930523 
979 596 13 17 0.034857746 
7 610 25 32 0.03476914 
253 533 13 15 0.034713387 
1004 603 13 18 0.034685764 
701 493 11 12 0.034647662 
178 474 11 14 0.034617394 
718 496 8 10 0.034603562 
650 551 10 13 0.034593858 
630 485 8 10 0.034566257 
413 512 8 10 0.034550544 
21 551 20 25 0.034505162 
671 543 9 12 0.03450369 
165 519 9 13 0.034480873 
615 400 6 8 0.034444645 
734 580 12 16 0.03441856 
641 501 10 12 0.034350574 
119 414 14 17 0.03434103 
248 481 8 9 0.034336332 
618 430 7 10 0.03427421 
602 470 8 12 0.03425255 
193 200 15 20 0.034245145 
924 479 11 15 0.034143012 
416 518 9 13 0.034138516 
971 595 13 17 0.034100473 
215 462 9 12 0.03406145 
235 324 9 13 0.034049615 
231 500 9 12 0.034031104 
244 438 9 11 0.034023307 
75 668 25 30 0.033990763 
542 245 14 18 0.033922642 
553 360 8 11 0.03377507 
619 105 23 30 0.033715703 
101 602 15 21 0.033676613 
304 406 8 10 0.033673566 
245 432 10 12 0.033641275 
189 640 13 18 0.033608396 
54 504 10 13 0.033601847 
724 373 9 11 0.03355265 
265 332 8 12 0.03350067 
2 524 9 15 0.03349535 
873 518 8 10 0.033491507 
559 524 9 13 0.033460237 
872 558 21 27 0.03345228 
143 468 11 12 0.03333447 
692 624 16 21 0.033283796 
606 477 9 11 0.033196677 
692 576 14 18 0.03315109 
157 538 12 14 0.033143453 
248 587 11 14 0.033101156 
332 338 13 16 0.033074636 
408 384 8 10 0.03304376 
245 281 12 14 0.033038523 
655 699 14 19 0.033029348 
688 319 10 12 0.03292669 
127 221 15 18 0.032879096 
625 561 9 11 0.03275008 
992 624 15 17 0.032749455 
179 561 22 28 0.032629408 
895 525 9 11 0.032612093 
775 551 8 10 0.03257577 
449 415 11 13 0.032555606 
623 355 10 12 0.032523107 
542 502 9 11 0.03252023 
158 460 11 12 0.03251541 
647 519 9 11 0.032510035 
682 391 8 10 0.032503504 
835 570 14 17 0.032483336 
93 463 9 10 0.032478433 
255 270 13 16 0.032432247 
560 532 10 16 0.03242925 
644 590 11 13 0.03229123 
106 282 16 20 0.032205455 
136 461 10 13 0.032192066 
48 484 12 14 0.032148935 
417 412 9 12 0.032133587 
680 504 8 9 0.032125723 
973 707 14 18 0.032121778 
189 551 11 14 0.032101773 
431 480 8 10 0.032004405 
10 477 10 12 0.031961787 
808 622 11 12 0.031952597 
904 617 13 18 0.031890314 
338 429 8 12 0.031812582 
157 523 10 12 0.031737257 
614 566 8 11 0.031645276 
570 469 8 10 0.031577565 
191 470 10 12 0.031564508 
382 422 8 10 0.031556908 
159 510 8 11 0.03154127 
632 398 7 9 0.03145785 
933 628 13 18 0.03141947 
920 556 10 14 0.031359375 
712 640 13 18 0.031322144 
679 360 9 10 0.031320393 
536 429 9 11 0.031309634 
225 487 9 10 0.031272694 
327 8 40 40 0.031261466 
127 299 15 17 0.03125762 
363 -60 490 554 0.03125674 
932 582 11 13 0.031234214 
648 375 8 9 0.031216754 
264 441 8 9 0.031147031 
393 610 11 16 0.031129431 
526 472 8 11 0.031070592 
934 630 22 28 0.031048536 
804 319 9 11 0.031043883 
439 535 9 12 0.030973962 
113 487 9 12 0.030970579 
647 479 8 10 0.030957015 
463 375 9 10 0.030940166 
247 486 8 10 0.030936792 
60 578 14 20 0.030936392 
127 316 13 18 0.030906115 
100 587 14 17 0.03081443 
615 186 14 17 0.030733187 
400 476 11 13 0.030715834 
371 388 9 11 0.030696454 
544 494 9 11 0.030685196 
271 432 9 10 0.030604646 
947 617 21 27 0.03057115 
709 600 12 15 0.030567605 
390 439 8 11 0.030539788 
552 471 6 10 0.030517412 
211 534 12 14 0.03051641 
12 522 12 16 0.030489577 
319 391 9 9 0.0304613 
654 455 8 10 0.030395398 
927 533 9 11 0.030373195 
445 480 8 10 0.030286461 
321 384 9 10 0.030256601 
564 605 11 14 0.030216992 
986 428 16 18 0.03021048 
880 493 10 12 0.030201204 
614 375 9 11 0.030183598 
197 472 9 11 0.030179739 
758 526 9 11 0.030166686 
655 507 9 12 0.030146608 
359 380 9 12 0.03013194 
503 368 8 10 0.030092014 
881 529 9 10 0.030063922 
647 293 10 12 0.030055024 
291 372 11 12 0.030051133 
166 487 9 12 0.029884966 
897 566 11 15 0.029871775 
290 439 8 11 0.029861748 
446 535 9 13 0.029856974 
408 46 26 33 0.029824458 
727 541 9 11 0.029812912 
367 401 8 10 0.0298057 
255 495 9 11 0.029748628 
124 556 13 17 0.02971957 
734 575 11 13 0.02970236 
856 434 13 16 0.029696468 
126 485 11 14 0.02967187 
581 486 8 10 0.029668681 
38 488 9 11 0.02960307 
125 417 14 16 0.0295984 
769 560 9 11 0.029597878 
345 468 9 10 0.029597582 
110 321 14 15 0.0295569 
446 542 10 14 0.029532237 
799 551 9 12 0.029528348 
681 472 8 10 0.02951983 
717 621 23 31 0.029506326 
695 373 8 10 0.029498583 
334 367 8 10 0.029470569 
1012 500 9 14 0.029467119 
640 439 9 12 0.029464005 
416 500 8 11 0.029426059 
280 389 8 11 0.029409686 
686 389 9 11 0.029401992 
657 463 7 9 0.029358538 
24 492 10 15 0.029355032 
582 542 9 12 0.029314997 
719 280 9 12 0.029308556 
670 564 10 13 0.029289866 
980 588 12 14 0.02924359 
997 583 10 12 0.029225849 
208 495 10 11 0.029184682 
908 565 12 15 0.029160036 
456 181 13 16 0.029097518 
621 242 11 15 0.029092265 
266 477 9 12 0.029072015 
998 282 21 29 0.029071182 
421 554 11 14 0.029043877 
506 616 28 36 0.02895513 
839 587 11 14 0.028947148 
15 531 11 15 0.028942237 
582 550 9 12 0.028858691 
633 308 9 11 0.028790718 
997 588 11 13 0.028761908 
867 602 15 18 0.028681152 
923 717 15 18 0.028666211 
261 671 13 16 0.028644834 
212 613 11 15 0.028644808 
944 528 10 11 0.02863833 
891 580 12 15 0.028596278 
812 568 20 25 0.028584162 
920 563 11 14 0.028562404 
266 472 8 9 0.02854745 
311 393 8 10 0.028518056 
182 463 11 12 0.02849127 
657 606 21 25 0.02846801 
527 373 8 10 0.0284442 
1013 629 10 16 0.028422829 
487 366 11 14 0.028386075 
646 496 7 9 0.028378705 
623 252 10 14 0.028333457 
672 376 8 11 0.028325846 
338 399 9 11 0.028324746 
573 472 8 9 0.028322203 
949 528 10 12 0.02824388 
734 542 8 10 0.028216843 
646 524 10 12 0.028207665 
608 400 8 10 0.02820385 
38 428 12 14 0.028193656 
197 548 13 16 0.028146995 
255 282 13 16 0.02812989 
585 351 8 10 0.028122451 
188 535 10 12 0.028106231 
849 501 8 11 0.028085303 
80 481 10 13 0.028046073 
81 432 8 9 0.028002031 
2 431 8 12 0.027958067 
680 455 9 10 0.027950592 
616 472 8 11 0.027949618 
561 583 16 20 0.027893966 
1007 516 8 10 0.027870521 
959 517 9 11 0.027869113 
700 367 8 10 0.027834238 
252 485 9 12 0.027752863 
438 373 9 11 0.02774041 
932 541 10 13 0.027719516 
319 432 7 9 0.02769624 
702 399 8 10 0.027675843 
281 411 11 15 0.027629135 
918 472 11 13 0.027623052 
281 518 9 12 0.027611475 
533 150 23 28 0.02760387 
282 419 9 13 0.027589388 
942 578 11 15 0.027587816 
345 381 9 12 0.027551379 
645 438 9 11 0.027551305 
786 534 8 11 0.02752466 
878 571 13 18 0.02752057 
581 479 8 10 0.027519781 
183 501 10 12 0.027503818 
755 340 15 18 0.027468577 
633 296 9 13 0.027366562 
662 397 8 11 0.02733752 
345 358 10 13 0.027281683 
849 517 9 13 0.027279021 
418 478 9 12 0.027254663 
302 333 9 11 0.02722627 
462 776 22 28 0.027199157 
537 391 7 9 0.027148178 
59 558 14 16 0.02712676 
25 107 39 49 0.027116826 
1005 268 16 18 0.027114894 
599 517 10 11 0.027113166 
737 366 9 11 0.027084239 
83 612 17 22 0.027083911 
657 318 8 9 0.027083559 
940 695 18 21 0.027033532 
263 514 13 15 0.02701108 
536 759 11 14 0.027009532 
225 499 10 12 0.027005292 
224 471 8 11 0.02700105 
335 279 10 12 0.026979906 
277 247 11 14 0.026973085 
1004 566 11 14 0.026971646 
369 382 8 11 0.026970819 
737 559 9 11 0.02694026 
16 432 9 11 0.02692822 
497 411 9 13 0.026922321 
584 415 7 9 0.026921079 
983 615 12 17 0.026904184 
987 668 15 19 0.02689195 
402 367 9 11 0.026875934 
768 528 9 11 0.026868802 
243 238 13 15 0.026862647 
612 503 11 13 0.026859222 
198 317 11 13 0.026835911 
441 130 13 16 0.026824158 
679 294 8 11 0.026813304 
628 566 11 13 0.026809169 
686 477 7 10 0.026791342 
607 527 9 11 0.026772672 
625 384 8 10 0.026764888 
114 538 12 19 0.026752416 
608 485 8 10 0.026703145 
405 460 9 11 0.026686631 
153 453 9 11 0.026671378 
599 687 11 15 0.026630966 
649 279 10 13 0.026629927 
231 510 9 12 0.02662522 
559 468 8 10 0.026601063 
632 422 9 12 0.026568562 
720 399 8 10 0.026559185 
413 383 9 11 0.026532557 
239 430 9 12 0.026523234 
336 456 7 9 0.026510255 
973 444 11 13 0.026496489 
207 445 10 13 0.026456868 
625 391 8 9 0.026432842 
854 577 14 18 0.026384134 
740 692 15 20 0.026380638 
879 636 14 17 0.026351621 
326 420 8 10 0.026331529 
501 140 12 17 0.026327912 
690 487 8 11 0.026310332 
432 472 8 10 0.026300507 
408 400 9 12 0.026290981 
534 492 8 12 0.026283402 
452 386 12 14 0.02624739 
671 315 9 12 0.026207203 
329 456 7 9 0.026204355 
448 350 9 10 0.026145937 
618 236 12 16 0.026131699 
657 342 9 11 0.026127575 
613 708 11 14 0.026115978 
809 624 20 25 0.026110921 
521 374 7 9 0.026084298 
189 556 21 28 0.026061462 
601 533 11 14 0.026060987 
979 642 15 19 0.026060576 
361 440 7 10 0.026002528 
2 608 17 23 0.0259982 
889 281 23 27 0.02599303 
70 487 10 12 0.025979672 
993 521 18 23 0.025966642 
706 295 10 13 0.025934208 
59 522 14 17 0.025927342 
607 438 7 9 0.025918758 
72 461 8 9 0.025903055 
86 693 51 61 0.02589498 
687 585 13 18 0.025893332 
30 736 52 69 0.025892176 
848 642 12 16 0.02582288 
263 446 9 11 0.02581883 
646 366 8 11 0.025807867 
537 335 9 10 0.025799649 
462 528 8 11 0.025780845 
867 454 11 14 0.025768843 
622 469 9 11 0.02575958 
69 439 9 11 0.025740346 
861 682 16 21 0.02573648 
39 556 13 16 0.025716212 
697 511 8 11 0.025705973 
6 431 9 11 0.025676467 
505 374 8 9 0.025666622 
629 351 8 12 0.02564466 
626 405 8 11 0.025639288 
877 518 8 9 0.025630938 
664 477 8 10 0.025611725 
647 359 9 11 0.025603635 
325 464 8 9 0.025569646 
646 564 10 13 0.02556016 
729 305 10 12 0.025542796 
639 484 8 10 0.025530787 
631 440 8 10 0.025507197 
432 520 8 11 0.02548962 
654 589 10 14 0.025461433 
493 366 9 12 0.025452973 
758 561 8 10 0.025446486 
59 549 12 14 0.025433468 
835 554 11 15 0.02542113 
877 288 11 14 0.02541756 
957 511 10 13 0.025391791 
116 491 10 13 0.025365792 
577 360 7 8 0.025339765 
454 67 28 33 0.025308706 
871 550 10 13 0.025267823 
951 598 13 16 0.025265913 
679 399 8 10 0.025240699 
648 486 7 10 0.025222898 
959 534 9 11 0.02521844 
445 66 13 17 0.02519651 
781 321 13 17 0.02519392 
0 190 10 17 0.025186386 
253 480 8 9 0.02509142 
638 327 8 10 0.025077846 
265 309 10 13 0.025074108 
115 507 11 14 0.025062775 
721 391 7 10 0.025061915 
653 407 8 10 0.025060914 
664 311 9 11 0.0250604 
465 436 10 14 0.025004353 
311 451 8 11 0.025002407 
702 375 8 9 0.024981244 
120 629 24 36 0.024961656 
153 351 11 14 0.024948133 
827 621 22 26 0.024933217 
709 618 21 29 0.024912165 
141 404 11 13 0.02490739 
158 501 8 11 0.024891974 
452 543 21 26 0.024882562 
535 504 8 10 0.024878534 
125 275 14 16 0.024873467 
93 495 12 14 0.024845114 
621 525 21 25 0.024833374 
862 511 8 10 0.024824105 
568 621 11 13 0.024716431 
1013 573 10 14 0.02471026 
133 555 13 17 0.024701813 
814 602 15 20 0.024673283 
428 400 11 13 0.024650035 
30 510 11 15 0.024649173 
550 741 14 15 0.024623746 
329 444 7 10 0.024580538 
920 525 9 12 0.024563774 
655 327 10 11 0.024530767 
930 685 26 34 0.02451969 
432 533 8 11 0.024497105 
754 687 15 18 0.0244823 
686 463 8 10 0.02448062 
163 597 17 21 0.024474086 
547 259 12 14 0.02446967 
195 263 11 15 0.02445624 
39 655 29 37 0.024443943 
152 488 8 11 0.024437591 
457 454 8 11 0.024390578 
94 454 9 10 0.024364017 
862 586 12 14 0.024356373 
447 502 8 11 0.024327869 
549 375 8 11 0.024299817 
1008 579 10 13 0.024281645 
615 478 7 10 0.02425896 
670 495 9 11 0.024256222 
239 667 11 14 0.024235863 
108 514 13 16 0.024232903 
848 543 10 15 0.024223058 
606 423 7 10 0.0242129 
505 383 9 11 0.024209019 
468 546 12 16 0.024201928 
208 507 9 11 0.024167178 
327 433 7 9 0.024146847 
649 286 10 12 0.024137907 
95 482 11 13 0.024120571 
195 507 11 13 0.024078662 
271 392 8 10 0.024034608 
258 532 13 15 0.024030123 
599 502 9 11 0.024022723 
447 375 9 11 0.024019083 
297 310 8 11 0.024012137 
261 659 12 14 0.02394888 
1013 597 10 15 0.023931198 
608 575 10 13 0.023913052 
255 396 10 12 0.023912108 
849 510 8 11 0.023896782 
646 582 10 12 0.023832101 
776 318 11 15 0.02379086 
230 574 11 14 0.023789195 
688 383 10 12 0.023782842 
671 279 8 10 0.023769306 
976 564 20 25 0.023767512 
245 444 9 11 0.023760388 
1012 438 9 13 0.02372197 
664 185 12 16 0.023711404 
895 519 9 11 0.023710677 
409 516 10 13 0.023706704 
863 563 19 25 0.023694338 
680 462 8 9 0.0236801 
200 353 12 15 0.023671217 
945 503 8 11 0.023665309 
957 709 28 40 0.023652809 
559 612 9 12 0.023652581 
227 637 11 14 0.023626583 
782 549 9 11 0.02360934 
359 305 12 15 0.023560897 
390 376 8 10 0.023549289 
258 249 13 17 0.023519076 
401 373 9 11 0.023507174 
563 56 25 30 0.023483982 
414 534 10 12 0.023458112 
519 399 9 12 0.023439497 
45 551 14 16 0.023412615 
639 352 9 10 0.02339787 
869 468 9 12 0.023376262 
337 463 7 9 0.023370504 
596 550 11 14 0.023369111 
938 688 44 59 0.023363216 
444 471 9 10 0.023362854 
750 669 17 20 0.023352064 
160 571 13 17 0.023307627 
988 539 10 12 0.023303874 
167 271 13 15 0.023271453 
416 375 9 11 0.023256326 
268 349 10 12 0.023227477 
566 554 11 16 0.023215342 
766 692 14 17 0.02320622 
141 534 9 12 0.023198176 
165 319 10 12 0.02319325 
160 555 12 17 0.023188101 
808 568 9 11 0.023181502 
118 555 13 18 0.02318033 
46 427 11 15 0.023104671 
401 383 9 11 0.023097023 
597 604 12 15 0.023093598 
303 517 20 25 0.023075534 
592 563 10 13 0.023070378 
672 336 8 9 0.023068827 
665 375 7 10 0.023043822 
158 472 11 13 0.023034032 
229 642 10 13 0.023030117 
680 334 8 11 0.023017785 
791 533 9 11 0.0230128 
125 406 12 14 0.022997128 
965 670 16 22 0.02296417 
785 542 8 11 0.022962961 
407 534 10 14 0.022930551 
987 570 12 14 0.022916712 
22 432 9 11 0.022913378 
25 634 25 32 0.022911755 
315 524 12 15 0.022908399 
313 432 8 10 0.022889404 
655 396 9 11 0.022873176 
733 534 9 11 0.022815432 
797 532 9 12 0.022777013 
567 543 18 23 0.022775687 
617 526 9 12 0.022763884 
32 230 13 17 0.022744833 
716 579 11 14 0.022678409 
988 678 16 21 0.022678372 
141 513 13 16 0.022677891 
278 526 9 14 0.022672554 
748 690 14 18 0.022667982 
20 636 40 49 0.02265364 
238 472 7 9 0.022649571 
441 492 9 12 0.022631045 
337 424 9 10 0.022626407 
838 544 9 13 0.022624433 
321 400 8 10 0.022622984 
254 463 7 10 0.022613412 
767 578 12 14 0.02257717 
465 445 10 13 0.022572747 
191 587 12 16 0.022566907 
245 456 7 10 0.022555593 
537 409 9 10 0.022541594 
522 208 16 20 0.022540798 
904 526 9 11 0.022517104 
325 414 9 12 0.022515777 
404 439 9 10 0.022498788 
69 570 11 16 0.02248371 
662 532 9 12 0.022470417 
1012 535 10 12 0.02245469 
304 398 8 10 0.0224462 
1005 526 10 12 0.022431005 
262 301 9 12 0.022408346 
655 446 9 11 0.022401847 
933 597 13 15 0.02239574 
575 343 9 11 0.022348652 
343 455 9 10 0.022335956 
129 397 11 13 0.022328882 
917 652 16 22 0.022310428 
70 471 8 11 0.02230003 
273 463 8 10 0.022264097 
939 715 17 23 0.022259105 
194 209 15 20 0.022241501 
16 547 12 14 0.02224115 
712 375 8 9 0.022226734 
409 511 8 11 0.022213757 
560 335 9 10 0.022203961 
781 270 9 12 0.022178639 
920 536 10 12 0.022170605 
599 333 9 11 0.022131093 
790 566 11 15 0.022077743 
965 548 10 13 0.022053406 
326 388 10 12 0.02204844 
807 630 12 14 0.022045888 
607 704 11 15 0.02203736 
614 486 9 10 0.022037063 
907 754 20 27 0.022035196 
584 522 11 13 0.022026697 
838 580 11 15 0.022021577 
753 561 20 25 0.02201521 
260 525 13 16 0.021988677 
238 497 17 23 0.021974968 
678 343 10 11 0.021964587 
223 546 12 16 0.021963788 
493 327 10 13 0.021931157 
517 358 8 11 0.021916952 
22 510 10 14 0.02191635 
746 576 22 27 0.021915574 
649 471 7 9 0.021906765 
237 572 11 14 0.021885911 
431 359 8 10 0.021829005 
966 512 8 10 0.021818511 
835 604 17 21 0.021796234 
125 249 15 17 0.021770954 
622 437 9 11 0.021756893 
575 501 8 9 0.021754324 
674 429 9 12 0.02175204 
729 579 22 30 0.021749636 
48 462 10 11 0.021733258 
249 410 11 14 0.02172964 
571 479 223 232 0.021724505 
320 475 9 12 0.021715045 
549 694 16 23 0.021699654 
199 527 10 13 0.021683283 
623 344 10 11 0.021678763 
422 373 9 11 0.021676438 
544 156 22 26 0.021671891 
983 517 9 10 0.021669636 
471 381 9 11 0.021665461 
272 247 11 14 0.021650529 
233 243 11 13 0.02164608 
425 83 14 19 0.021643635 
668 245 10 13 0.021636114 
960 580 11 14 0.021628503 
54 592 16 24 0.02161139 
968 360 35 40 0.021558613 
926 680 15 19 0.021557182 
292 522 12 16 0.021524308 
545 343 8 9 0.021522691 
-1 5 22 34 0.021520983 
775 492 8 10 0.021505125 
654 596 10 14 0.021480696 
669 471 8 9 0.021473821 
454 375 10 11 0.02146779 
680 366 9 11 0.021345785 
235 519 11 14 0.021316169 
668 485 9 12 0.021310532 
638 310 9 11 0.021295372 
630 445 8 10 0.021224845 
918 520 9 11 0.021217754 
384 430 8 10 0.021203646 
50 577 22 30 0.021197472 
155 751 29 35 0.021171832 
666 453 8 10 0.021137739 
923 324 10 13 0.021098964 
173 485 10 12 0.021088287 
924 626 15 19 0.021081792 
656 352 8 10 0.02107459 
462 422 9 11 0.021064468 
253 507 11 13 0.02104946 
625 485 9 10 0.021036502 
236 565 11 14 0.021033902 
894 512 10 11 0.020997481 
71 526 14 19 0.020983582 
200 611 12 17 0.020969853 
450 523 9 13 0.02095565 
934 501 9 10 0.020955455 
20 528 19 24 0.020946307 
816 335 10 13 0.020945407 
793 481 8 10 0.020938508 
927 560 17 22 0.020930784 
566 611 11 14 0.02091501 
110 611 22 29 0.020910798 
752 398 9 13 0.020868173 
939 704 18 24 0.020865563 
535 486 9 12 0.02085626 
590 176 15 19 0.020849736 
306 453 9 11 0.020847712 
196 496 10 12 0.020836025 
232 447 9 11 0.02082877 
250 134 26 30 0.020803701 
601 400 7 9 0.020765893 
735 344 9 12 0.020751545 
639 342 9 11 0.020743871 
429 555 11 13 0.02074231 
222 324 10 13 0.02073649 
689 334 9 11 0.020734267 
600 422 9 11 0.020728054 
537 413 10 12 0.020713301 
727 534 11 13 0.020709267 
415 399 9 10 0.020708939 
327 517 10 14 0.020702614 
854 737 12 18 0.020695923 
989 511 7 10 0.02069456 
991 11 31 43 0.02069167 
213 493 10 11 0.020689737 
72 547 11 15 0.020688796 
616 382 8 10 0.020668939 
694 380 7 10 0.02065338 
286 360 10 13 0.02063504 
180 221 14 18 0.02062844 
140 309 12 16 0.020554833 
655 525 10 12 0.020542223 
194 375 9 13 0.020522729 
670 631 15 20 0.020517742 
578 376 7 9 0.02051311 
529 503 8 10 0.020453596 
176 319 10 12 0.020434873 
594 241 14 17 0.020427722 
100 614 18 23 0.020417077 
671 574 11 13 0.020414192 
108 594 17 21 0.020400442 
828 354 10 12 0.020384874 
811 613 22 25 0.020383546 
565 367 8 10 0.020356437 
883 561 13 17 0.02030806 
439 519 9 11 0.020307872 
697 427 8 12 0.020283995 
288 252 10 14 0.02023675 
769 491 9 12 0.020232031 
640 317 9 10 0.020226482 
215 582 12 15 0.020209378 
652 607 14 17 0.020205665 
773 597 13 19 0.020172026 
628 187 12 15 0.020156741 
247 525 9 11 0.020141264 
342 423 8 10 0.020129532 
31 544 20 27 0.02011792 
335 470 8 9 0.02010806 
440 165 12 15 0.020103691 
260 573 11 15 0.02009245 
166 549 20 27 0.020063668 
726 3 12 15 0.020059718 
423 532 9 11 0.020014381 
626 61 13 17 0.020013545 
