21_Festival_Festival_21_290
70
558 284 58 76 0.9987974 
466 305 64 80 0.99856395 
96 204 98 137 0.99840564 
304 226 63 111 0.99273986 
815 305 60 116 0.84866077 
988 264 15 18 0.5253729 
548 674 16 21 0.36614233 
594 681 15 19 0.22135557 
131 333 26 30 0.1392295 
458 693 16 19 0.121668555 
427 240 13 18 0.09969269 
628 714 14 17 0.0974091 
421 231 23 31 0.07837378 
993 261 18 25 0.07311158 
560 661 11 12 0.069630526 
526 669 11 13 0.06260044 
-12 64 94 153 0.05956272 
689 622 30 31 0.049322344 
423 179 25 28 0.04688471 
419 192 26 30 0.04493367 
434 183 17 20 0.0439137 
458 695 31 31 0.04333922 
563 668 12 16 0.043025944 
826 324 88 115 0.041917518 
424 215 38 48 0.041479036 
518 668 12 16 0.039709713 
557 668 13 17 0.037327968 
404 281 13 17 0.03640613 
926 336 47 74 0.035286345 
525 674 14 16 0.033847716 
871 322 82 106 0.03343062 
4 120 101 144 0.032976978 
649 847 32 34 0.03239725 
526 682 15 16 0.03210569 
441 193 23 31 0.031937383 
589 665 22 28 0.031626754 
442 213 30 38 0.030857781 
624 704 24 29 0.030782025 
441 180 17 20 0.030732157 
524 660 22 26 0.030414648 
425 202 26 34 0.03038492 
58 202 90 138 0.030210422 
1002 259 19 31 0.029038077 
22 176 93 156 0.028900722 
532 667 11 13 0.028160986 
728 690 32 34 0.027943647 
620 663 24 27 0.027358793 
541 663 11 12 0.026902985 
446 248 16 19 0.026148902 
1001 308 22 35 0.025710298 
147 345 16 18 0.02550488 
398 311 43 59 0.025141468 
514 664 21 25 0.024950836 
510 667 15 19 0.024845088 
698 207 16 22 0.024752775 
555 665 23 30 0.024354799 
543 670 13 16 0.024071021 
444 719 181 202 0.023918765 
565 849 34 37 0.02328803 
489 691 17 21 0.023246955 
120 166 98 145 0.02298722 
531 677 12 15 0.022612037 
443 235 25 32 0.022368286 
934 784 95 163 0.022103835 
787 451 36 45 0.021991583 
471 557 369 416 0.021987641 
660 618 16 20 0.021184772 
397 268 42 56 0.021147182 
669 750 11 13 0.020207843 
403 271 25 32 0.020081226 
