21_Festival_Festival_21_936
45
381 211 295 386 0.99720496 
244 275 135 208 0.9724215 
778 56 213 308 0.7934981 
263 230 199 300 0.3244514 
678 435 181 243 0.18112394 
231 156 25 30 0.10339531 
719 1074 240 273 0.096121624 
773 1419 22 27 0.08325074 
625 967 411 434 0.07033264 
34 108 27 31 0.06350802 
116 347 50 55 0.062369686 
84 427 52 66 0.06016911 
31 370 37 39 0.05903203 
29 538 674 494 0.058182064 
371 1058 218 266 0.05779298 
714 456 122 132 0.05718693 
187 89 28 35 0.05078561 
796 610 46 62 0.046503045 
795 628 15 20 0.046375103 
735 394 118 139 0.045561284 
147 87 29 34 0.045017846 
129 365 84 107 0.040329374 
289 471 505 402 0.03843615 
838 654 46 70 0.036858182 
719 9 351 493 0.03456586 
683 175 67 84 0.031390436 
569 345 359 445 0.030254377 
876 97 153 220 0.030164417 
197 318 112 152 0.029501585 
814 604 32 43 0.02949081 
30 383 43 50 0.028376982 
782 583 87 120 0.027830618 
208 114 25 34 0.027150718 
792 623 30 39 0.025239049 
59 176 128 162 0.025015157 
100 326 86 100 0.024929803 
71 419 85 108 0.02415598 
867 171 17 20 0.023946002 
-1 568 26 51 0.023078587 
433 874 136 93 0.022289038 
-1 114 11 21 0.021974554 
157 376 31 36 0.021837486 
150 154 28 32 0.02127246 
714 959 43 50 0.021228341 
807 97 137 173 0.020656653 
