21_Festival_Festival_21_976
54
148 44 26 33 0.9983089 
358 69 30 35 0.9978237 
533 265 60 76 0.9975043 
814 100 37 53 0.988882 
766 44 20 27 0.97041804 
321 15 20 26 0.96820426 
472 33 23 25 0.95559144 
525 9 19 24 0.95513827 
22 19 18 24 0.9167156 
364 3 14 19 0.8878694 
161 4 18 20 0.78321195 
878 15 20 26 0.6462392 
313 535 79 68 0.50273925 
950 5 15 19 0.19879054 
839 0 15 18 0.14641124 
834 95 34 43 0.061610732 
130 39 13 17 0.053010326 
759 47 17 22 0.047693167 
820 42 23 31 0.04660501 
872 7 37 50 0.045857847 
725 44 12 15 0.041699942 
36 221 414 557 0.041132446 
555 60 13 17 0.03462751 
851 85 29 41 0.034181952 
494 0 13 18 0.031909507 
250 252 39 39 0.03156373 
341 45 13 16 0.029919157 
298 43 16 18 0.029326033 
378 80 17 21 0.028848035 
827 46 27 34 0.028321082 
350 11 12 16 0.027418317 
2 -2 23 26 0.027209137 
0 78 46 62 0.026689231 
758 100 14 19 0.025733713 
810 45 21 30 0.02536568 
274 509 130 125 0.025234403 
888 17 16 22 0.024855835 
0 63 16 21 0.024498023 
336 0 11 12 0.024326954 
717 42 15 17 0.024168264 
842 -2 25 28 0.023060113 
407 0 12 12 0.02293522 
730 45 12 16 0.0228823 
767 39 14 17 0.021584386 
802 50 16 19 0.021482121 
822 91 31 39 0.021424033 
748 36 11 15 0.021398101 
329 13 22 28 0.021151427 
381 21 13 19 0.020939963 
902 54 14 22 0.020809384 
60 6 15 16 0.020580286 
349 19 13 16 0.020423792 
16 3 25 29 0.020372028 
347 528 75 63 0.020243868 
