21_Festival_Festival_21_797
93
644 128 105 135 0.99994874 
315 325 53 61 0.99921334 
503 256 51 72 0.9990195 
418 216 52 66 0.9989981 
287 198 29 41 0.99702543 
84 241 52 62 0.9952182 
836 160 41 53 0.98872954 
102 334 48 56 0.9652502 
781 285 50 64 0.96303976 
171 298 43 41 0.92920244 
295 236 49 57 0.91869926 
36 183 29 44 0.8432331 
659 67 40 48 0.44575515 
182 75 24 41 0.43636155 
263 452 16 22 0.38861516 
508 200 35 41 0.3289954 
805 292 52 60 0.2300269 
927 144 39 49 0.1591357 
272 300 38 47 0.12251796 
826 303 39 42 0.088717 
136 450 15 20 0.085905544 
451 366 48 50 0.08393531 
899 174 27 37 0.08122712 
764 59 26 41 0.07697387 
961 146 30 45 0.061939962 
799 76 13 17 0.057208348 
280 439 12 14 0.05683606 
680 72 48 63 0.056756925 
297 203 37 38 0.054828707 
391 209 26 42 0.053808045 
164 286 35 45 0.049285576 
522 198 30 33 0.04882242 
694 12 31 40 0.046902858 
450 149 15 19 0.046846244 
913 145 34 40 0.04532862 
196 204 25 40 0.04429423 
282 283 44 55 0.041237816 
396 219 15 23 0.041087452 
182 281 33 43 0.040742733 
585 92 11 14 0.03949619 
249 57 47 59 0.037485708 
75 171 13 18 0.03671558 
957 297 28 38 0.035938334 
39 283 40 54 0.035844143 
278 1288 33 38 0.03552946 
706 75 32 52 0.033402976 
367 128 11 12 0.032211978 
179 60 44 63 0.030922102 
842 66 15 17 0.030877424 
174 101 15 20 0.030731844 
707 461 39 50 0.030327633 
323 157 30 31 0.03022483 
171 84 25 36 0.029296726 
533 157 17 20 0.027155975 
341 223 25 33 0.026590278 
532 111 14 17 0.025352934 
706 7 31 37 0.02524619 
908 128 27 34 0.025077242 
440 377 38 41 0.024943171 
421 390 17 21 0.024572322 
160 44 46 66 0.024470024 
683 21 34 39 0.024414957 
147 24 48 65 0.024412492 
149 64 35 38 0.024301603 
271 9 143 147 0.02399843 
388 317 38 44 0.023975765 
471 100 10 12 0.02382653 
505 216 51 68 0.023584148 
358 226 15 22 0.023530785 
360 192 13 18 0.0234136 
398 159 46 52 0.023395255 
594 499 27 29 0.023338426 
203 214 15 24 0.023041535 
777 73 16 21 0.022795895 
614 69 23 35 0.022412784 
324 225 32 40 0.022290803 
833 54 24 28 0.022111267 
930 -1 31 26 0.022067258 
805 40 25 28 0.021874418 
392 232 28 41 0.02179234 
125 261 27 39 0.021527281 
943 154 37 51 0.021453526 
535 201 19 22 0.021177057 
745 219 30 43 0.021095768 
528 195 20 22 0.020991996 
289 219 39 48 0.020949105 
375 330 42 53 0.020855647 
339 202 25 31 0.020766456 
900 104 16 22 0.020743337 
159 90 44 55 0.020401377 
78 577 15 20 0.020346021 
222 25 226 240 0.02027334 
143 79 33 33 0.020108601 
