21_Festival_Festival_21_97
36
137 602 46 54 0.99276924 
232 32 46 63 0.9881136 
262 610 43 56 0.9761243 
505 580 37 51 0.97496426 
857 556 28 44 0.08937113 
191 586 41 57 0.083899185 
622 765 15 21 0.072936065 
799 562 41 63 0.062115647 
611 756 10 15 0.055698235 
119 6 92 108 0.052294835 
608 752 10 12 0.043420695 
586 730 15 19 0.043004762 
834 565 46 55 0.04258507 
661 738 15 18 0.038859908 
350 8 17 21 0.03799035 
515 191 233 276 0.03497189 
210 582 52 62 0.03139809 
421 87 394 443 0.03124306 
588 722 24 30 0.02990914 
573 750 11 14 0.029321551 
377 629 12 15 0.0290411 
187 559 51 64 0.029018227 
813 574 45 58 0.028282173 
790 378 131 152 0.027982729 
92 295 10 10 0.027418228 
168 548 48 56 0.025736948 
753 1006 17 18 0.025404733 
656 740 12 15 0.025363969 
611 757 20 27 0.025155522 
808 542 52 64 0.024052942 
663 758 10 14 0.023890357 
632 711 8 9 0.0228769 
404 677 14 18 0.021968847 
421 644 15 20 0.021150658 
74 589 43 59 0.020299906 
398 632 13 16 0.020039655 
