21_Festival_Festival_21_585
359
121 332 23 30 0.9715621 
26 258 14 18 0.880888 
255 338 19 23 0.84297806 
58 349 19 24 0.8028739 
181 337 21 26 0.7946033 
201 317 15 21 0.744525 
214 290 14 18 0.73917204 
116 285 14 17 0.7367612 
22 236 11 15 0.73277247 
309 325 14 19 0.6357606 
292 243 13 17 0.58674234 
198 244 12 16 0.5706786 
79 285 11 15 0.5256873 
124 304 16 20 0.5230441 
17 302 14 16 0.47393742 
20 354 17 21 0.47323427 
52 206 8 11 0.45601186 
251 307 17 19 0.4011758 
32 208 10 12 0.34859607 
59 257 14 16 0.34198758 
67 229 10 13 0.31869245 
19 326 18 22 0.30817142 
7 207 10 14 0.299632 
52 235 11 15 0.27736503 
111 238 10 11 0.27037176 
132 281 14 17 0.25091892 
288 531 14 16 0.24322356 
267 261 12 15 0.23512736 
182 255 10 13 0.22181211 
71 200 9 11 0.21888497 
93 198 8 10 0.21367887 
0 346 12 21 0.1863354 
95 257 12 15 0.18178064 
47 289 13 16 0.18025342 
566 54 35 35 0.17996418 
198 192 7 10 0.16539739 
366 521 11 15 0.16216482 
49 231 10 13 0.15669632 
251 277 12 15 0.1540791 
79 220 10 12 0.14353305 
324 531 9 13 0.14291085 
153 195 9 11 0.13574088 
175 191 8 10 0.13406059 
158 240 9 12 0.13114518 
129 205 8 10 0.122418374 
161 176 8 10 0.11833272 
102 212 9 12 0.11689072 
121 165 9 11 0.11625748 
76 280 12 15 0.116191246 
53 285 12 16 0.11339663 
594 57 29 33 0.11068267 
117 198 8 10 0.10615151 
61 276 12 16 0.1031537 
100 255 12 14 0.10021246 
353 509 10 12 0.09827826 
119 192 8 10 0.09764158 
127 175 9 10 0.09639086 
505 494 9 12 0.09523881 
79 243 11 13 0.09357514 
231 250 12 15 0.09210321 
142 262 11 13 0.09130061 
270 526 12 15 0.08996717 
124 283 13 17 0.08848843 
561 551 8 9 0.08652788 
347 493 11 13 0.084392905 
20 461 15 18 0.08433822 
217 245 10 13 0.0818565 
61 182 8 11 0.080354944 
263 232 9 11 0.07822441 
70 276 11 15 0.075904846 
1 349 18 29 0.075810544 
810 421 73 105 0.07496161 
550 560 7 9 0.07320287 
53 355 25 31 0.07118888 
156 192 9 11 0.06968226 
80 215 11 13 0.068286985 
369 62 23 38 0.06626509 
62 234 12 14 0.06602085 
249 415 17 20 0.06599253 
168 254 9 12 0.064919345 
341 519 10 13 0.06468921 
207 371 15 18 0.06391274 
192 322 22 26 0.06379311 
442 542 11 15 0.06375939 
165 175 9 11 0.06348727 
192 343 17 20 0.06311082 
84 214 11 12 0.061519846 
176 254 10 13 0.060789812 
192 402 24 32 0.060282484 
253 272 10 12 0.060100414 
498 180 10 13 0.059214618 
565 540 10 12 0.05905852 
190 168 9 10 0.059030645 
32 182 8 10 0.05891729 
264 254 9 13 0.05876441 
248 271 10 12 0.058698226 
499 444 11 13 0.058202203 
166 181 8 10 0.05670996 
73 169 8 10 0.056579337 
182 183 8 10 0.056495108 
264 265 12 15 0.05626953 
194 195 9 11 0.05604283 
-1 396 12 22 0.055645715 
233 497 13 17 0.054525852 
160 214 8 10 0.05448058 
77 205 10 11 0.05377892 
190 316 17 20 0.053205125 
206 183 8 9 0.05251384 
128 180 8 12 0.052025996 
78 168 9 10 0.051796287 
301 510 11 14 0.051464777 
175 230 10 12 0.051152144 
358 517 13 15 0.0510654 
559 52 27 30 0.05094437 
87 206 9 11 0.050645422 
64 224 10 12 0.050555844 
429 534 10 12 0.04989655 
251 317 18 21 0.049762186 
0 282 11 18 0.04953798 
269 306 14 17 0.04924999 
232 239 10 12 0.049187105 
68 234 11 14 0.04895608 
153 238 9 11 0.045373682 
143 466 33 34 0.04518453 
61 267 13 17 0.045094896 
78 313 15 20 0.044727515 
53 211 9 12 0.044350803 
207 176 7 9 0.04408182 
565 558 8 10 0.04397182 
310 526 9 11 0.043827295 
95 230 9 12 0.043462776 
88 168 8 9 0.04335605 
237 247 11 14 0.043191787 
351 515 11 14 0.0428659 
191 174 8 9 0.042581744 
476 535 10 12 0.042324707 
549 566 8 10 0.04211576 
316 282 13 17 0.041412365 
552 533 8 11 0.0414006 
18 315 17 20 0.0410585 
31 196 11 13 0.04047859 
65 197 10 12 0.040163204 
78 295 14 17 0.04000335 
559 50 15 19 0.03997622 
142 247 9 11 0.039840717 
274 550 13 14 0.03955211 
47 223 9 11 0.039478507 
561 542 10 13 0.039416768 
144 181 9 10 0.039276466 
119 288 19 24 0.039159197 
159 365 22 28 0.03915494 
135 200 8 10 0.039098363 
248 590 57 58 0.03905296 
70 224 10 12 0.03846667 
108 252 12 14 0.038326014 
88 260 11 15 0.037891205 
104 245 11 13 0.037673555 
333 544 10 12 0.03759482 
283 402 15 17 0.03735786 
144 164 9 10 0.037344266 
201 182 7 9 0.037280086 
87 173 9 11 0.037120778 
408 -20 367 430 0.036983445 
110 278 16 19 0.036874875 
93 415 17 24 0.036765326 
464 510 11 12 0.036635622 
196 310 16 21 0.036344536 
76 200 8 11 0.035613902 
176 184 9 10 0.03552294 
144 237 8 10 0.0351887 
232 183 9 10 0.034937546 
55 313 14 20 0.034649752 
53 201 10 11 0.034267623 
545 575 8 9 0.03426014 
111 150 8 11 0.03420693 
360 74 40 58 0.034157455 
336 523 12 14 0.034092065 
15 243 12 16 0.033931483 
289 241 11 14 0.033827495 
113 206 8 10 0.03333601 
95 205 8 11 0.0328926 
435 508 12 14 0.03286544 
561 567 9 13 0.032841917 
176 338 17 20 0.032814264 
97 213 10 12 0.032720868 
574 567 8 10 0.032386843 
217 296 14 17 0.032332163 
191 239 13 16 0.032114048 
238 175 8 10 0.031924523 
24 195 9 12 0.031878274 
359 517 20 24 0.03163521 
105 238 10 12 0.03147439 
37 182 9 10 0.031422064 
449 517 10 12 0.031404804 
541 550 8 9 0.0312756 
560 518 7 10 0.03112922 
60 309 14 17 0.030581329 
278 238 10 12 0.030516736 
151 182 7 9 0.03035437 
110 267 12 14 0.03016072 
205 344 16 21 0.030146644 
127 278 13 17 0.030110976 
62 189 8 11 0.029985325 
170 191 8 10 0.02987983 
9 355 27 31 0.029742146 
310 386 16 18 0.029562645 
153 244 10 13 0.029400712 
574 36 29 37 0.029338501 
578 59 34 39 0.029331407 
266 331 17 21 0.029102758 
212 460 12 16 0.029038047 
130 288 16 20 0.028928377 
34 211 11 13 0.028884746 
100 264 14 16 0.028874062 
246 245 11 14 0.028853023 
121 172 9 11 0.028609807 
12 251 12 16 0.028520023 
190 250 11 15 0.028283235 
119 244 10 13 0.028117195 
3 277 12 16 0.02787251 
348 501 13 15 0.027806044 
286 549 14 16 0.027795693 
447 509 11 14 0.027484873 
429 192 12 15 0.027434625 
186 167 8 11 0.027345587 
760 98 32 43 0.027275978 
117 310 16 21 0.027216522 
48 201 9 11 0.027170287 
437 494 10 12 0.027115617 
69 300 12 15 0.026962174 
25 182 9 11 0.026943827 
222 250 11 14 0.0269358 
273 301 15 18 0.026882825 
454 510 10 12 0.02680882 
44 471 22 27 0.026732175 
142 199 8 10 0.026694035 
53 297 12 16 0.02669326 
40 289 13 17 0.026672678 
199 231 10 12 0.026628062 
200 176 8 10 0.0266193 
298 245 12 14 0.02653738 
62 223 18 23 0.026504152 
117 298 17 21 0.026409453 
270 295 11 15 0.026401915 
88 191 8 11 0.026258651 
143 176 9 11 0.02621134 
269 322 15 19 0.026195144 
121 467 34 39 0.026148077 
542 544 8 11 0.026082538 
520 446 9 11 0.026079388 
65 311 20 26 0.025956994 
323 282 11 14 0.025895413 
48 241 12 15 0.025887769 
895 101 13 16 0.025843237 
94 160 9 11 0.02580829 
183 247 10 13 0.025742376 
89 254 10 14 0.025594844 
305 525 10 12 0.025329039 
311 279 13 17 0.025298556 
583 509 8 10 0.025145402 
138 261 10 13 0.02512514 
319 263 10 12 0.025006793 
147 301 16 20 0.024957143 
220 371 18 22 0.02492455 
516 460 11 17 0.024865119 
102 230 10 12 0.024822341 
209 373 21 26 0.024743365 
2 210 9 13 0.024676058 
551 271 15 21 0.024653254 
550 582 8 11 0.02453637 
48 226 17 22 0.024313862 
175 195 8 11 0.024257235 
111 174 7 9 0.024221333 
152 176 8 10 0.02411977 
404 175 23 27 0.024104247 
233 175 8 9 0.023996547 
68 254 12 15 0.02399064 
159 251 10 13 0.02395539 
63 214 9 11 0.02395073 
264 341 17 21 0.023874246 
161 158 8 11 0.02383468 
181 190 8 11 0.02378665 
72 243 12 14 0.023744898 
568 520 8 10 0.023696052 
302 327 24 31 0.0236612 
15 189 9 12 0.023518858 
274 338 14 19 0.023355762 
239 229 11 13 0.023274053 
134 175 8 11 0.023173394 
30 217 12 15 0.023117451 
94 166 9 10 0.022950409 
447 501 11 13 0.02292252 
168 166 8 9 0.022901883 
45 297 14 17 0.022871895 
115 239 10 11 0.02284996 
553 529 6 8 0.02277519 
22 223 10 13 0.022754213 
527 520 8 10 0.022654613 
110 335 27 33 0.022645632 
472 540 10 12 0.022621691 
216 173 8 10 0.022573326 
608 59 20 27 0.02256623 
542 525 8 10 0.02241613 
239 182 8 10 0.022376165 
277 253 10 13 0.022358125 
247 337 17 23 0.022342985 
566 566 9 12 0.022330355 
412 526 10 13 0.022313414 
55 265 13 17 0.022311749 
25 241 14 16 0.022273742 
198 159 9 10 0.022073193 
561 535 8 11 0.022005662 
601 41 26 38 0.022001801 
127 462 14 20 0.02194878 
319 269 10 11 0.02188338 
512 526 8 10 0.021836335 
309 541 10 13 0.021793755 
438 476 14 17 0.02171603 
271 199 7 10 0.021694565 
8 244 12 16 0.021670649 
7 238 10 12 0.021631947 
477 190 14 18 0.021566343 
96 143 8 11 0.021474244 
120 252 10 13 0.021411136 
17 230 10 13 0.021380607 
438 502 10 13 0.021377405 
450 136 9 11 0.021327097 
350 525 13 15 0.021321464 
121 183 8 10 0.021276275 
165 215 8 10 0.021140067 
545 568 8 10 0.021034744 
46 189 9 11 0.020950848 
36 189 10 14 0.020871427 
125 189 9 11 0.020859912 
138 304 19 26 0.020859484 
215 184 8 10 0.020848628 
354 528 17 18 0.020835858 
148 472 19 22 0.020832436 
248 268 21 25 0.020824034 
413 532 10 13 0.020745976 
39 229 10 13 0.02065254 
48 200 17 23 0.020613097 
166 160 9 10 0.02058698 
174 175 9 10 0.020580249 
86 265 11 15 0.020559687 
60 242 12 15 0.020504992 
55 157 9 11 0.020489264 
149 159 9 11 0.020450864 
158 261 10 12 0.020406518 
223 174 8 10 0.020319227 
334 531 10 14 0.020314837 
469 502 11 13 0.020254554 
234 388 16 19 0.020251643 
259 302 15 17 0.020221889 
255 251 10 14 0.020218775 
818 403 56 75 0.020160517 
409 3 27 28 0.020152636 
70 213 10 11 0.020099794 
319 526 18 23 0.02002011 
