21_Festival_Festival_21_42
2808
140 1277 16 18 0.9935866 
626 1332 14 18 0.9863625 
764 1195 12 17 0.97133833 
755 1316 13 18 0.96669644 
772 1223 14 18 0.966309 
800 1287 15 20 0.9651235 
899 1205 14 18 0.9650558 
703 1290 14 19 0.9647705 
593 1162 15 18 0.96102834 
2 1187 13 19 0.9598034 
19 1165 12 16 0.9455816 
640 1259 12 16 0.944402 
157 1083 12 16 0.93090653 
683 1269 13 16 0.9287272 
173 1219 14 18 0.9278212 
669 1289 13 17 0.9273855 
696 1318 16 19 0.918767 
538 1283 13 18 0.9118556 
63 1225 13 17 0.90676165 
37 1274 15 18 0.89749354 
58 1266 14 18 0.8929887 
252 1321 15 18 0.8914166 
773 1317 15 19 0.8866658 
294 1146 14 18 0.88600636 
645 1148 12 15 0.88461316 
839 1055 9 12 0.8835925 
104 1332 15 19 0.868102 
917 1134 10 13 0.86498594 
78 1327 13 16 0.8609181 
147 1150 12 15 0.85795933 
727 1177 13 16 0.8569113 
75 1273 14 17 0.8560457 
616 933 9 13 0.8507797 
260 1029 12 15 0.8466889 
700 1076 11 14 0.8464277 
204 980 12 15 0.8458554 
159 1268 13 16 0.8380222 
171 1037 12 15 0.816112 
767 1276 15 18 0.80428594 
97 1166 13 17 0.7975498 
207 1014 13 15 0.7895286 
742 1195 12 15 0.7818417 
601 1267 13 16 0.77772015 
48 1212 12 15 0.775126 
110 1257 13 17 0.7715178 
660 1328 14 18 0.7658195 
124 1091 12 15 0.7639504 
253 982 11 13 0.7639173 
81 1227 11 15 0.7588325 
875 1326 15 19 0.75152445 
727 1274 13 18 0.74902016 
793 1013 9 12 0.7423853 
252 942 11 12 0.74153113 
557 975 10 13 0.73931116 
149 1114 13 16 0.7319159 
229 1054 10 13 0.7226944 
700 1191 14 16 0.7199142 
867 1174 10 13 0.71636516 
47 1235 14 16 0.7162456 
340 1039 12 14 0.7074183 
101 1292 12 15 0.7061381 
591 1206 13 16 0.7007349 
709 1218 13 16 0.69806767 
629 896 10 11 0.6975027 
177 1012 12 15 0.6921059 
663 1261 13 16 0.6900346 
19 1101 12 16 0.68250984 
199 1085 10 14 0.6770276 
175 1160 14 17 0.6743124 
972 1045 12 16 0.6647137 
0 1316 12 20 0.6389874 
22 1050 12 15 0.62377894 
38 1072 11 13 0.61633843 
363 992 11 14 0.6159755 
311 835 8 11 0.6021773 
688 1101 10 14 0.5995173 
874 901 9 12 0.5952571 
687 997 12 15 0.59518087 
248 1142 11 14 0.5941268 
582 843 10 13 0.5885152 
607 885 10 12 0.5878649 
643 1173 11 15 0.58686584 
255 917 12 15 0.5811267 
632 870 9 11 0.57470185 
339 1221 13 16 0.56720674 
61 964 9 11 0.56307584 
220 1123 9 11 0.55900127 
494 1207 10 13 0.5541981 
440 963 12 16 0.5491749 
101 895 11 15 0.54807335 
319 1164 12 15 0.53903514 
277 1185 11 14 0.53788805 
801 872 7 9 0.5374237 
944 1158 9 12 0.5332779 
573 1202 11 13 0.53193676 
748 1261 11 16 0.5303046 
987 1164 13 18 0.5287187 
648 1044 10 15 0.52750975 
887 1027 11 14 0.52429926 
69 1024 11 13 0.5237139 
112 1232 13 16 0.52096415 
108 1206 13 16 0.51632303 
686 1048 13 16 0.51512104 
342 1136 10 12 0.51374626 
117 923 10 12 0.512038 
605 990 10 12 0.5101825 
126 1129 14 17 0.5075221 
823 1063 8 11 0.49763894 
655 1190 13 16 0.4917179 
256 861 10 12 0.49146363 
665 941 8 12 0.49131364 
601 943 9 11 0.49034837 
567 1064 10 13 0.48647887 
736 1101 9 12 0.48492032 
92 1068 11 14 0.48237666 
776 902 8 11 0.4814111 
711 881 10 12 0.47496974 
317 783 8 11 0.4729265 
165 1201 14 18 0.4709566 
813 1013 8 11 0.468464 
612 1022 10 13 0.46587983 
207 1054 12 14 0.464725 
657 1307 13 16 0.46309787 
143 867 8 11 0.4620949 
89 1045 12 15 0.45902237 
190 959 9 12 0.4554566 
327 823 9 11 0.44722003 
639 938 11 13 0.4443113 
304 1214 12 15 0.4424579 
108 1113 12 15 0.43971977 
510 806 8 11 0.43796998 
542 863 8 11 0.43704537 
272 949 10 13 0.43492827 
821 943 10 13 0.4297367 
636 1086 14 17 0.42756274 
41 1336 14 17 0.42705253 
181 994 11 13 0.4259225 
648 886 8 10 0.4234543 
118 1012 8 11 0.4230145 
240 998 11 15 0.42223734 
141 1173 12 15 0.4219814 
230 839 9 12 0.41832316 
630 1026 10 13 0.41775247 
102 1016 8 10 0.41665462 
111 1055 11 14 0.41074583 
829 948 9 11 0.40960774 
93 1097 12 16 0.40804 
177 981 9 11 0.40753797 
710 1155 11 14 0.4058576 
381 1296 13 16 0.4053466 
859 1221 11 15 0.40383747 
668 1139 11 13 0.40029347 
99 991 11 13 0.3916689 
631 926 9 11 0.39104792 
637 1068 11 14 0.38980722 
200 1126 11 12 0.38946825 
253 847 8 11 0.3891837 
248 815 9 12 0.38845682 
725 1340 14 18 0.3882366 
733 877 9 12 0.38736022 
620 1311 10 13 0.38712722 
902 1326 15 21 0.38614956 
450 1007 9 12 0.38024965 
39 1098 12 15 0.3749278 
168 1109 12 15 0.37311578 
468 1255 13 17 0.3717698 
629 916 10 12 0.36745277 
119 1161 13 16 0.36680245 
79 1254 10 13 0.3665881 
119 1046 12 14 0.36557943 
102 951 10 10 0.36497456 
0 1260 12 18 0.3648376 
695 837 10 12 0.36181548 
116 1007 9 11 0.36130074 
572 1020 10 12 0.36069062 
230 950 11 12 0.35682353 
836 1093 10 14 0.35535118 
569 966 10 12 0.3549617 
689 877 8 11 0.35494837 
120 1191 10 13 0.3539538 
222 909 11 13 0.3534763 
230 804 8 10 0.35245952 
277 851 9 12 0.35035872 
253 815 8 10 0.34868068 
613 958 9 11 0.3478616 
311 799 9 11 0.34555402 
255 854 9 11 0.3407942 
672 1226 12 17 0.33992705 
647 997 11 12 0.33978203 
331 1180 11 13 0.33954984 
649 846 10 12 0.337342 
825 1003 9 11 0.33713606 
214 846 10 13 0.33713037 
101 932 10 12 0.33520886 
644 1122 10 14 0.33349106 
225 933 9 12 0.3313601 
271 941 10 13 0.32956395 
617 973 9 12 0.32852483 
63 848 9 10 0.32815325 
457 727 7 9 0.32797047 
661 791 8 10 0.3264937 
628 1197 10 12 0.32507595 
136 1062 10 12 0.3241505 
612 1230 11 13 0.32234597 
200 912 9 11 0.32147926 
393 696 10 11 0.32069933 
632 983 9 12 0.3202364 
605 997 9 12 0.31866387 
48 1054 10 12 0.3154902 
381 1221 12 15 0.3151309 
269 887 9 11 0.3143618 
218 911 8 11 0.31300095 
260 959 11 14 0.30957493 
656 1062 11 13 0.30784592 
288 916 9 10 0.307735 
703 1103 9 11 0.30544156 
605 869 10 12 0.30419266 
591 752 9 11 0.30337036 
476 700 8 11 0.30335778 
710 896 8 11 0.29942417 
259 923 12 13 0.29900575 
689 791 8 11 0.29836842 
128 1073 11 14 0.29803544 
671 847 9 12 0.29553184 
277 831 8 11 0.294713 
724 1166 10 13 0.29217517 
254 1011 12 14 0.29198703 
53 1060 9 12 0.29053557 
575 983 10 11 0.2899976 
0 1062 7 12 0.2860914 
790 957 8 11 0.2853442 
231 1024 10 13 0.28512698 
230 962 14 16 0.2850498 
846 976 9 12 0.2848364 
647 776 8 10 0.28308353 
393 671 7 9 0.2818407 
446 1182 14 17 0.27960652 
516 1149 12 15 0.27831653 
143 972 10 13 0.278009 
584 1000 10 11 0.27748546 
200 795 8 10 0.2742234 
439 1146 11 15 0.27357024 
597 1246 10 13 0.2728237 
639 839 8 10 0.27222776 
225 821 9 12 0.27061355 
198 855 8 10 0.2671417 
769 938 10 13 0.26615185 
204 895 12 14 0.2659109 
696 1244 12 15 0.2649662 
200 1276 14 18 0.26493567 
701 1012 9 11 0.26300937 
228 904 10 12 0.26174387 
181 1021 10 12 0.26149747 
346 696 9 10 0.26126036 
262 909 11 13 0.26095122 
285 814 9 11 0.26080683 
583 878 9 11 0.25708193 
121 885 10 12 0.2567777 
201 1047 9 11 0.25580132 
790 949 8 11 0.25394222 
6 1054 9 12 0.2533457 
684 1072 10 13 0.2530924 
701 870 8 11 0.25298133 
134 1006 8 11 0.2527405 
78 1310 11 15 0.25078204 
600 1066 10 14 0.25068805 
288 822 8 11 0.25065556 
591 1078 8 11 0.2506394 
716 1217 14 17 0.249751 
600 1132 9 11 0.24935938 
733 1157 9 13 0.24890241 
476 1014 9 11 0.24855746 
644 935 10 11 0.24717562 
484 1245 14 17 0.24615231 
158 1243 12 14 0.24582216 
557 957 9 12 0.24504372 
207 1007 10 12 0.24343082 
604 1125 10 12 0.24325502 
921 987 10 13 0.24233297 
294 846 10 12 0.24219097 
880 1000 9 11 0.24216792 
671 1234 12 17 0.24045523 
124 879 9 12 0.2386474 
512 1236 12 19 0.23500293 
598 1308 13 17 0.23405775 
744 909 8 10 0.23213181 
617 814 8 10 0.2321042 
580 951 10 12 0.23192799 
161 1068 11 13 0.23139952 
601 990 9 11 0.23085639 
530 702 8 9 0.23021077 
712 856 9 11 0.22909604 
254 1147 10 13 0.2283158 
281 814 7 10 0.22724338 
757 1096 9 11 0.22575268 
687 1205 11 14 0.22479737 
302 814 8 10 0.22460392 
530 997 8 10 0.22456314 
440 1234 11 14 0.2242164 
262 800 8 10 0.22411762 
369 704 8 10 0.2237683 
397 678 8 9 0.2232957 
78 1008 10 11 0.22178778 
273 782 8 10 0.22113417 
677 934 10 12 0.22084208 
721 1212 15 17 0.22043064 
63 1335 11 14 0.22037815 
78 1029 9 12 0.21991654 
267 892 10 12 0.21849199 
127 998 8 11 0.21846788 
76 1055 9 13 0.2182182 
729 855 9 11 0.21812057 
207 1034 11 14 0.21789959 
627 695 7 9 0.21730271 
721 1125 9 12 0.21645166 
164 1245 12 14 0.21421564 
185 966 9 11 0.21241398 
396 1146 10 13 0.21157765 
727 860 10 12 0.21094413 
846 959 9 12 0.20956092 
695 806 8 10 0.209286 
188 1150 12 15 0.20829247 
601 734 9 11 0.20758557 
285 1225 13 16 0.20722137 
127 991 8 11 0.2065715 
228 982 12 14 0.20646617 
164 1179 13 14 0.20643684 
751 918 9 12 0.20636682 
753 1094 9 13 0.20595445 
614 910 7 10 0.20571004 
686 871 10 12 0.2056874 
206 925 9 12 0.2044887 
565 909 9 12 0.20396242 
222 1233 13 17 0.20268577 
254 784 7 10 0.20083372 
150 912 9 12 0.20002407 
294 840 9 10 0.19819319 
693 800 7 9 0.19810143 
169 1030 11 14 0.1980362 
287 871 11 13 0.19769691 
525 623 7 9 0.19748208 
69 958 9 11 0.19646734 
654 920 8 10 0.19641352 
725 823 8 11 0.19620143 
97 877 9 11 0.19524357 
287 893 10 12 0.19465461 
629 807 8 10 0.19446948 
702 1265 12 14 0.19315086 
653 925 9 11 0.1928607 
728 848 8 9 0.19201624 
572 864 8 11 0.19188626 
706 895 7 10 0.19179092 
535 1022 11 13 0.1909218 
646 781 8 10 0.19038025 
606 864 9 10 0.1903095 
199 1006 9 12 0.18974684 
161 1046 9 12 0.18964103 
133 1068 10 14 0.18920861 
43 1094 11 15 0.18828668 
673 816 8 11 0.18766163 
655 1054 9 12 0.18708329 
231 783 9 10 0.18680443 
71 1245 10 14 0.18674782 
437 1300 12 15 0.1861796 
96 885 10 12 0.18595362 
266 903 9 11 0.18579644 
724 917 10 13 0.18538125 
653 990 10 12 0.18388283 
39 1281 15 19 0.18360971 
393 1142 10 13 0.18352742 
575 1254 13 16 0.18346597 
622 783 9 10 0.18225811 
228 830 9 11 0.18197405 
605 949 8 10 0.18185228 
583 915 9 12 0.1817278 
178 1214 11 16 0.18159665 
536 1044 10 12 0.18139073 
609 1026 10 13 0.18130164 
822 867 8 10 0.18066564 
358 1025 12 15 0.17940344 
128 1228 10 13 0.17875431 
461 1326 14 20 0.17796934 
712 1085 9 11 0.1769358 
628 1229 13 16 0.17688793 
639 885 9 11 0.17534807 
55 1036 9 12 0.17498198 
747 949 8 11 0.1748033 
88 1063 12 15 0.17345615 
664 839 8 10 0.17310281 
192 1063 12 14 0.17249265 
691 839 7 9 0.17199756 
574 869 8 10 0.17172186 
672 880 9 13 0.17153297 
534 696 7 10 0.17108905 
606 879 10 13 0.17091411 
268 1004 11 11 0.17086291 
179 1133 11 13 0.17085266 
223 988 11 14 0.17015792 
351 1022 12 15 0.17003088 
465 717 8 10 0.16950418 
303 848 8 11 0.16745198 
799 966 9 12 0.16702299 
627 1215 10 12 0.16672933 
224 1009 10 12 0.16652082 
640 825 9 11 0.165545 
406 1011 10 12 0.16542087 
223 816 8 10 0.16499335 
279 1218 13 17 0.1645235 
212 1007 10 11 0.1643917 
831 1085 11 14 0.16436213 
335 727 7 9 0.16429077 
530 807 7 9 0.1639281 
290 1260 11 16 0.16389515 
185 876 10 13 0.16374168 
601 871 9 11 0.16301374 
664 879 9 13 0.16290739 
639 720 7 8 0.1620192 
599 728 7 10 0.16069385 
702 1340 13 16 0.16067691 
104 1253 13 16 0.16065367 
301 806 9 11 0.1606152 
278 878 9 12 0.16055083 
686 863 8 10 0.16036099 
128 952 9 12 0.15981172 
375 663 7 9 0.15959778 
636 1235 12 15 0.15884201 
185 854 9 11 0.15709 
317 894 8 11 0.15596405 
585 1029 9 11 0.15582822 
493 816 9 11 0.15537623 
158 872 8 10 0.15532072 
663 1135 11 13 0.15489705 
481 678 8 10 0.15438274 
677 879 9 11 0.15433067 
274 847 10 12 0.15416427 
662 820 9 11 0.15378936 
631 875 10 12 0.15356867 
397 716 9 11 0.15312685 
111 917 11 13 0.1517151 
323 1004 12 15 0.15159406 
302 711 7 10 0.1515229 
443 1142 12 15 0.15146397 
318 789 9 10 0.15072797 
585 681 7 9 0.15070169 
646 814 8 10 0.15021496 
601 663 8 10 0.15018135 
657 1313 16 19 0.15008408 
613 1244 11 14 0.1492814 
486 680 8 10 0.14926392 
249 1187 11 14 0.14889723 
95 1200 9 12 0.14884907 
143 916 8 10 0.14881763 
615 726 7 10 0.14807332 
196 1067 10 14 0.14803575 
164 1051 11 13 0.14739488 
247 1044 11 13 0.14725187 
440 1199 11 14 0.14391664 
589 1054 9 13 0.14391479 
678 803 8 11 0.14388616 
236 969 11 15 0.14323068 
213 869 9 12 0.14266877 
337 711 8 10 0.14156277 
592 1230 9 12 0.14136645 
125 1342 11 14 0.14133158 
536 680 7 10 0.14024262 
631 998 9 11 0.1401762 
437 1132 12 16 0.13996705 
45 1323 13 16 0.13991483 
93 1286 14 17 0.13990523 
607 928 9 11 0.13953777 
189 1030 12 14 0.13952155 
469 717 9 11 0.13862234 
526 1125 11 14 0.13803945 
96 1237 11 13 0.13795276 
678 854 8 10 0.13793638 
663 1350 13 13 0.13753591 
112 982 9 11 0.13726191 
310 926 8 12 0.13669549 
605 790 8 11 0.13655663 
284 989 11 15 0.13584413 
732 884 11 12 0.13503164 
24 1074 10 15 0.1345547 
238 928 10 13 0.13449198 
528 678 7 9 0.13428935 
432 702 7 10 0.13428447 
607 903 10 11 0.13424338 
223 1045 10 14 0.13394764 
528 1311 10 14 0.13369589 
7 878 10 12 0.13337868 
891 1023 10 12 0.13291112 
263 1005 11 12 0.13282682 
317 1316 13 15 0.13279845 
688 1021 10 12 0.13276558 
183 894 9 12 0.13244912 
335 1139 12 15 0.13222702 
156 1325 12 15 0.13181438 
785 1093 9 12 0.13137704 
480 1147 11 12 0.13136362 
630 783 8 10 0.13101774 
502 694 7 9 0.13062683 
566 901 9 12 0.13037911 
726 828 7 10 0.13033839 
205 933 8 13 0.13024087 
472 1162 12 16 0.13011047 
621 1164 11 14 0.12965165 
648 829 9 10 0.12956129 
77 1258 14 18 0.12952217 
240 856 9 10 0.12945326 
479 663 8 9 0.12934007 
606 1003 8 11 0.12920216 
313 901 9 12 0.12893677 
573 1209 11 14 0.12889053 
296 851 8 11 0.1287194 
84 1206 11 13 0.12713124 
639 765 7 9 0.12711258 
330 773 8 9 0.12590733 
3 1254 12 15 0.12486438 
700 838 9 11 0.124644525 
726 816 8 10 0.124222495 
318 1237 12 16 0.12375596 
380 1212 14 18 0.12349081 
216 768 9 11 0.12313423 
518 607 7 8 0.12297865 
278 1143 10 14 0.12297378 
255 1020 13 15 0.12258816 
506 800 8 11 0.122442774 
661 798 8 11 0.12194488 
887 877 9 12 0.121940695 
129 1004 9 11 0.12161021 
664 761 7 9 0.121551216 
591 710 7 9 0.121210754 
432 1134 10 14 0.121154025 
728 894 9 11 0.1210666 
623 1191 12 15 0.12101047 
693 879 8 10 0.12052136 
176 1086 11 13 0.120487705 
695 813 9 10 0.120243795 
617 759 8 10 0.12017844 
744 1087 9 11 0.120096326 
478 1124 11 13 0.11980853 
705 878 8 10 0.11917221 
287 1025 12 16 0.11905606 
281 807 9 11 0.11885631 
229 933 9 11 0.11882905 
402 1014 9 10 0.11858755 
181 1244 14 16 0.117956676 
625 807 8 10 0.117724866 
205 956 8 12 0.11754095 
256 789 7 10 0.11724118 
200 936 10 12 0.11691068 
790 1095 8 12 0.11682637 
640 742 8 10 0.11674489 
90 1094 9 14 0.11670931 
533 728 8 11 0.11668032 
142 1096 10 13 0.11651234 
175 1062 10 11 0.11644509 
602 854 8 11 0.115627125 
172 1169 14 17 0.115584806 
328 816 8 10 0.11545303 
642 808 7 9 0.115383536 
515 1138 14 17 0.11506437 
646 808 8 10 0.114656426 
598 704 8 11 0.11463194 
599 933 9 12 0.11435061 
521 1260 10 14 0.11419407 
611 1069 12 14 0.11411395 
794 1344 17 18 0.11390675 
725 1118 9 12 0.113896064 
686 1199 10 14 0.11382011 
86 1157 9 12 0.11381078 
440 647 7 10 0.113749556 
542 885 12 15 0.113695696 
236 1028 9 12 0.11358497 
327 797 7 10 0.11353605 
632 790 7 9 0.11343129 
759 1125 10 13 0.113356434 
662 863 8 10 0.11321098 
627 1244 11 13 0.11316456 
648 743 8 9 0.11315883 
216 974 9 12 0.113125294 
361 775 8 10 0.11265128 
619 1125 11 14 0.11247516 
52 1141 9 12 0.112305745 
45 972 8 10 0.11223423 
326 845 10 11 0.11217765 
584 828 8 10 0.11211718 
231 1342 11 14 0.11205391 
192 911 7 11 0.111781105 
87 1196 9 12 0.1110748 
178 988 10 14 0.110979944 
325 995 13 17 0.11083776 
672 743 7 8 0.11058655 
845 856 9 11 0.11053415 
551 694 7 10 0.110471755 
232 862 8 10 0.109714255 
205 918 9 11 0.10968852 
679 938 10 13 0.109681964 
270 986 11 14 0.10965295 
637 1109 11 12 0.10947188 
238 876 10 13 0.10946732 
244 1002 11 14 0.108876124 
768 957 8 10 0.10882617 
287 736 6 8 0.10878693 
370 632 7 10 0.10842598 
280 799 7 9 0.10827331 
581 767 7 9 0.10824238 
693 824 9 10 0.10819988 
119 893 8 11 0.10796933 
604 1132 9 12 0.10790264 
570 991 8 10 0.10785959 
633 720 7 9 0.107707836 
662 815 9 11 0.10738582 
177 820 8 11 0.10720256 
531 937 12 15 0.10659365 
583 686 7 8 0.10657854 
238 1014 9 12 0.106551655 
601 904 8 11 0.1061072 
119 1086 13 16 0.10585631 
737 903 8 11 0.10562583 
176 1069 9 12 0.10483616 
405 1190 10 13 0.104118824 
304 862 8 10 0.10410342 
293 791 8 10 0.10392021 
350 744 8 9 0.10382467 
689 823 8 10 0.10349462 
199 1179 14 17 0.10319473 
31 1075 10 13 0.102891326 
271 823 9 10 0.10289042 
268 1020 10 14 0.102860585 
93 1348 15 17 0.10260985 
492 1199 11 15 0.102309525 
205 791 9 11 0.10225467 
646 910 8 10 0.102086544 
791 893 11 14 0.10205616 
222 928 10 12 0.10187229 
646 758 8 10 0.101872 
588 865 8 10 0.101705946 
437 703 8 11 0.101675555 
152 1242 10 14 0.10163972 
590 1059 10 12 0.10158243 
687 680 8 10 0.1014501 
143 998 8 10 0.10133396 
568 998 9 11 0.101226844 
722 847 7 9 0.10076363 
697 863 9 11 0.10070658 
81 1211 12 15 0.100580044 
695 831 9 11 0.10039043 
182 974 9 11 0.10028634 
214 877 8 11 0.1002631 
230 919 8 10 0.099650435 
678 822 8 10 0.09960454 
100 1244 14 16 0.09950204 
287 753 7 9 0.0994541 
72 1059 10 13 0.09942114 
608 1206 11 13 0.09927152 
177 1127 10 12 0.09916046 
15 1050 11 15 0.098996304 
223 1039 9 12 0.09891553 
686 856 8 11 0.09890472 
527 551 10 13 0.098527364 
682 863 8 10 0.09827505 
278 776 7 10 0.09768566 
103 910 9 11 0.097541705 
543 868 8 10 0.097474456 
229 1007 9 11 0.097271875 
29 1338 13 20 0.09704982 
646 824 10 11 0.0963288 
367 1210 10 14 0.09595975 
664 807 7 9 0.09591098 
328 852 8 12 0.09571577 
184 1027 11 13 0.09558184 
392 666 7 8 0.09547644 
464 679 8 11 0.09537559 
865 877 8 11 0.09500405 
102 942 12 15 0.09485385 
364 1027 10 13 0.094756335 
118 1079 9 11 0.09466531 
625 912 9 11 0.09453679 
647 751 8 10 0.09448052 
257 800 9 11 0.09437345 
633 776 8 10 0.094352454 
526 1126 22 27 0.09424217 
744 894 9 10 0.09422455 
609 1076 9 13 0.09420326 
654 743 6 9 0.094191045 
99 1021 9 12 0.09416174 
724 1143 11 13 0.093863264 
605 1068 12 15 0.09381456 
214 785 8 10 0.093806826 
631 1005 9 12 0.093806215 
592 1237 10 13 0.093735024 
783 1291 12 13 0.09371881 
376 720 8 10 0.093462646 
624 725 8 10 0.093414895 
744 863 8 10 0.09338456 
292 892 9 13 0.09306665 
254 805 8 10 0.09194609 
668 1157 10 12 0.09188483 
239 871 11 12 0.09127251 
222 846 10 12 0.091188245 
257 760 7 8 0.09115924 
713 1236 10 13 0.09112855 
526 1148 11 14 0.09097655 
725 1111 8 10 0.090861954 
94 1074 10 13 0.09044463 
883 1200 10 12 0.09041768 
623 1156 13 15 0.090352096 
111 988 9 12 0.090268955 
110 899 10 13 0.09022263 
707 1100 10 12 0.089996174 
784 998 8 10 0.08983592 
256 913 10 12 0.089629754 
290 791 7 10 0.08954168 
626 701 7 9 0.08953068 
310 822 8 10 0.08939376 
610 711 7 9 0.08931655 
597 752 8 10 0.089272104 
575 671 7 9 0.08907014 
305 832 9 11 0.08905909 
277 926 9 11 0.0886303 
143 991 7 10 0.08854505 
630 700 7 10 0.08842194 
488 712 7 9 0.08835765 
265 823 7 9 0.08804552 
697 903 7 9 0.08788305 
648 926 10 12 0.08750977 
320 713 8 9 0.087464765 
662 900 8 11 0.08743626 
223 916 9 11 0.08739285 
293 1219 11 15 0.08723408 
573 987 10 12 0.08722377 
556 1207 9 12 0.08716269 
711 1094 10 12 0.086832926 
232 885 9 11 0.08682139 
551 503 7 9 0.08674683 
641 712 7 8 0.08662969 
438 1294 13 16 0.08646761 
444 966 14 18 0.08591319 
586 711 7 9 0.085633524 
232 880 9 11 0.08539108 
744 887 8 10 0.085266694 
311 727 7 9 0.0852586 
638 799 7 9 0.08497707 
746 1190 11 16 0.084913306 
321 717 7 9 0.08466998 
335 703 7 9 0.0846631 
257 867 10 12 0.084566414 
320 1186 11 13 0.08452113 
701 1238 10 15 0.084493585 
285 808 8 10 0.084299386 
135 1094 9 13 0.084226936 
191 1141 12 15 0.08418049 
198 1240 11 16 0.08389763 
160 1181 12 14 0.08379942 
654 840 9 11 0.083603345 
76 1247 11 14 0.08350947 
590 823 9 11 0.08347851 
326 751 8 10 0.083451144 
553 711 8 9 0.08309001 
841 1016 8 9 0.08307315 
664 1244 11 13 0.08282961 
127 963 9 11 0.08251543 
479 670 8 10 0.08237892 
750 911 7 10 0.08210803 
434 1228 11 14 0.081832424 
198 956 11 13 0.081659965 
102 967 8 11 0.08137716 
365 775 8 10 0.08134 
368 720 6 10 0.081178345 
586 789 8 11 0.08099849 
117 981 8 10 0.08097266 
0 1099 9 13 0.08086384 
272 880 8 11 0.080855675 
607 892 9 12 0.08079657 
351 959 10 12 0.08063021 
591 1142 10 12 0.080628745 
183 861 10 12 0.080590986 
273 925 9 12 0.080587685 
439 1128 10 12 0.08053804 
86 980 9 11 0.08038838 
6 873 9 11 0.080291346 
640 761 8 10 0.08028009 
147 1101 13 15 0.080142125 
327 744 8 9 0.0798482 
622 744 9 11 0.07984729 
305 801 8 10 0.079691485 
277 1176 13 15 0.079532444 
272 1140 9 13 0.079512164 
598 1038 10 13 0.07950765 
319 831 8 10 0.07937584 
105 915 9 12 0.079346135 
616 750 10 11 0.07912144 
677 886 8 10 0.0790027 
337 718 8 10 0.07898335 
593 704 8 11 0.078908004 
620 1118 11 13 0.07887501 
576 743 7 10 0.07880426 
225 1023 9 12 0.07874807 
719 860 9 13 0.07871139 
230 1046 11 16 0.07863856 
336 855 8 11 0.07862738 
592 1200 10 13 0.07860749 
675 1177 14 17 0.0785404 
333 918 10 12 0.07853541 
510 998 10 13 0.07851631 
686 684 8 10 0.07842344 
149 1018 10 13 0.078413896 
609 908 9 12 0.07837273 
652 830 9 10 0.07826905 
82 1275 11 17 0.078241326 
397 1205 9 13 0.07823352 
636 956 10 13 0.07806783 
819 1062 9 11 0.07802114 
290 840 9 10 0.077895775 
351 781 8 10 0.077784486 
174 1104 11 13 0.077727236 
663 936 9 12 0.07765929 
360 678 8 9 0.07764487 
69 1269 13 17 0.07762061 
656 895 8 10 0.07761784 
530 1138 15 18 0.077577196 
119 965 7 9 0.077536784 
602 798 9 11 0.077420294 
556 1212 9 13 0.07740976 
584 883 9 11 0.07736327 
444 1133 12 15 0.077351704 
710 1225 12 16 0.07733329 
535 910 8 11 0.077289306 
426 701 8 11 0.07721887 
591 880 8 11 0.077159405 
235 1021 11 14 0.07715288 
204 911 9 12 0.07714905 
632 744 7 10 0.077110775 
191 1133 11 13 0.07711008 
519 574 7 10 0.07705117 
297 814 8 11 0.077036 
306 821 8 10 0.07702149 
662 1254 13 16 0.07698311 
262 830 9 12 0.076872036 
309 1314 15 19 0.07680932 
177 1138 11 13 0.076793596 
542 1109 12 16 0.07665261 
400 1249 12 15 0.076564975 
236 1204 15 18 0.07656281 
599 655 7 9 0.076552846 
32 830 10 12 0.076449014 
32 1226 10 14 0.076435566 
166 1043 11 15 0.07615109 
510 615 8 10 0.07610645 
615 965 8 11 0.076082855 
556 1134 12 15 0.07564674 
294 783 9 10 0.075482704 
624 720 9 11 0.07540272 
622 750 8 10 0.07517952 
311 919 9 12 0.07511371 
649 891 8 11 0.075089134 
637 988 9 11 0.07506572 
202 975 9 12 0.07502634 
84 1190 11 15 0.07501857 
127 1120 12 15 0.074935175 
694 885 9 10 0.074902095 
623 980 9 11 0.07478406 
497 725 8 11 0.074683234 
288 828 8 10 0.07464083 
607 846 8 10 0.074523404 
15 1094 12 16 0.074516356 
584 703 8 10 0.074502 
466 712 7 11 0.07448082 
606 838 8 11 0.074467756 
601 669 8 10 0.074451715 
146 855 8 10 0.07434117 
602 740 8 10 0.07433773 
529 801 7 8 0.07431162 
292 912 10 12 0.0742739 
881 878 10 11 0.07418594 
695 1005 9 12 0.074064046 
830 1080 10 12 0.07405644 
153 1188 10 14 0.07401124 
152 870 9 12 0.0737856 
616 744 10 10 0.0736891 
334 680 8 9 0.07345069 
255 1067 12 15 0.07343821 
657 784 7 8 0.073362075 
526 1068 10 12 0.07312585 
529 1029 10 12 0.07308995 
428 1306 14 18 0.07289357 
767 951 9 11 0.0728143 
345 1085 10 13 0.07267504 
296 798 8 10 0.072444364 
334 686 7 9 0.072264574 
499 1210 11 14 0.07218203 
42 968 8 10 0.07217276 
531 1147 12 13 0.07211785 
575 688 8 9 0.071795925 
635 1076 14 16 0.07172379 
615 820 9 12 0.071691796 
253 839 9 12 0.07166424 
581 852 10 12 0.07161976 
277 782 7 10 0.07160594 
120 999 8 11 0.071559764 
158 995 10 12 0.07152416 
578 877 9 12 0.07134273 
584 718 8 10 0.07132897 
327 839 9 12 0.07129945 
394 712 9 10 0.071250774 
232 856 9 11 0.071217366 
696 870 9 11 0.071126044 
287 864 10 12 0.07103187 
81 1154 10 13 0.07093908 
844 1282 11 15 0.07093445 
229 1205 12 15 0.07091458 
520 672 8 10 0.07088366 
814 1321 16 21 0.07080728 
624 1012 10 12 0.070803545 
171 1243 14 17 0.07067536 
834 1100 9 12 0.07062921 
255 895 9 11 0.07052525 
108 1199 12 13 0.07050364 
235 959 11 14 0.07049436 
432 989 10 14 0.07047742 
314 735 7 9 0.07044455 
121 960 7 10 0.0703872 
425 696 8 11 0.0703142 
627 1221 11 14 0.0703137 
278 791 7 9 0.070269324 
633 799 7 9 0.07026392 
375 725 8 10 0.07022898 
471 735 8 11 0.06995291 
159 1062 11 13 0.069935426 
329 728 8 9 0.06990157 
145 1015 10 13 0.069900386 
376 1023 9 10 0.06988882 
837 871 9 12 0.06972949 
465 684 8 11 0.0697194 
792 964 9 11 0.069716044 
360 686 8 10 0.069661304 
574 694 8 10 0.06956082 
288 1154 13 16 0.06949538 
613 928 10 13 0.069443874 
613 904 8 11 0.06918468 
288 1070 10 13 0.06909236 
525 495 8 10 0.069034874 
646 904 9 11 0.06900305 
817 864 10 12 0.068879224 
23 1338 13 18 0.068789415 
62 1251 11 14 0.06867174 
938 1156 10 13 0.06861397 
535 877 9 12 0.06853485 
313 1251 10 15 0.06847155 
208 1102 9 12 0.06830153 
605 734 8 11 0.06824883 
280 862 9 11 0.06820729 
376 656 7 10 0.068163715 
329 696 7 9 0.06812098 
85 894 8 11 0.06811933 
260 988 11 13 0.06792178 
600 929 10 12 0.067903794 
3 1342 11 14 0.06786686 
583 871 9 9 0.06785949 
231 927 10 12 0.06776512 
857 1054 10 12 0.06770285 
114 1210 13 17 0.06768547 
688 830 8 11 0.067681156 
579 918 9 12 0.06767357 
375 709 7 9 0.06757066 
544 622 7 9 0.067516916 
560 1006 9 12 0.06748578 
221 854 9 11 0.067424275 
664 765 6 9 0.06738685 
511 632 7 10 0.06735809 
252 1341 16 19 0.067268305 
286 926 9 10 0.067182936 
150 974 9 10 0.067090444 
190 849 9 10 0.067081794 
748 942 11 15 0.06702023 
475 662 8 10 0.06699573 
415 640 7 10 0.06695684 
204 1047 12 14 0.06686606 
269 1014 11 13 0.06682838 
158 909 9 12 0.066766016 
613 884 10 12 0.066680685 
608 688 7 9 0.06659153 
462 956 10 13 0.06654675 
126 1051 9 13 0.066497035 
533 1244 10 14 0.06648183 
141 980 9 12 0.06637125 
138 917 9 11 0.06628332 
689 815 7 9 0.066160694 
194 1007 10 12 0.06588466 
403 1261 14 17 0.0657053 
151 887 9 11 0.06563917 
463 1103 7 10 0.06536693 
264 999 12 14 0.06515472 
590 1220 10 13 0.065064095 
553 1248 8 11 0.06505181 
721 840 8 10 0.06496263 
303 776 8 10 0.0649582 
270 1133 9 13 0.06484354 
361 720 8 10 0.064804085 
614 711 8 9 0.06479798 
724 1132 12 13 0.06477903 
639 879 8 11 0.06477231 
44 1069 10 13 0.064683855 
132 1118 11 13 0.06460621 
115 1060 11 15 0.064584374 
671 830 9 10 0.0645833 
615 696 7 8 0.06457055 
719 1207 13 16 0.06448938 
626 1023 10 12 0.06447063 
623 1229 11 14 0.06430878 
169 936 10 12 0.06409059 
590 679 7 9 0.06406904 
536 871 9 11 0.06398454 
327 757 8 10 0.063881084 
667 1252 15 18 0.063881084 
373 705 7 10 0.063851885 
684 1230 13 16 0.06345109 
679 1263 11 15 0.0634258 
681 871 9 11 0.063381515 
570 1198 11 14 0.06334007 
260 1066 11 15 0.06323224 
334 696 7 9 0.063229434 
609 694 7 9 0.06301728 
113 1012 10 12 0.06295593 
680 830 8 10 0.06287631 
335 814 7 10 0.062780395 
583 696 8 9 0.06276604 
600 847 9 11 0.0627107 
318 736 6 9 0.062467616 
231 1038 11 13 0.062390905 
584 1072 10 12 0.062377956 
689 884 9 11 0.062327385 
669 840 8 10 0.062319804 
917 1046 8 11 0.0622824 
787 1229 11 15 0.062068257 
615 917 8 10 0.06204946 
183 849 9 11 0.061970185 
783 1030 7 10 0.061956607 
660 1336 13 17 0.0619547 
657 1133 10 11 0.061949875 
815 966 8 10 0.061876874 
614 853 9 10 0.06185483 
664 685 8 11 0.061749723 
869 878 8 10 0.061734904 
606 1245 12 15 0.061682254 
162 1188 15 17 0.061572157 
608 1037 10 14 0.06150311 
277 983 11 15 0.061305773 
179 1226 13 15 0.061293263 
529 1313 15 21 0.06125887 
608 775 7 10 0.061192375 
639 737 9 10 0.061191283 
230 943 11 12 0.061189443 
558 822 8 11 0.061183706 
33 1091 12 15 0.06115393 
473 697 9 11 0.0610197 
288 887 10 12 0.060988422 
0 1326 11 18 0.060966298 
326 1184 12 15 0.060896542 
533 992 8 12 0.060823146 
417 1129 8 10 0.060688265 
119 942 8 11 0.06065924 
760 1190 13 17 0.060631942 
519 980 10 12 0.06060433 
762 832 7 9 0.060584523 
622 813 8 11 0.060458306 
666 1325 13 16 0.06042708 
702 812 7 10 0.060379386 
608 1085 10 12 0.060313635 
137 927 8 10 0.06031334 
632 951 10 11 0.06031261 
311 1151 9 12 0.060233746 
606 854 8 11 0.060203552 
597 766 8 10 0.0601502 
119 1019 9 11 0.060075704 
473 1126 9 11 0.059967678 
836 1053 8 11 0.059818927 
49 1047 9 12 0.05979062 
313 790 8 10 0.059781708 
377 1224 10 15 0.059529345 
166 1022 11 14 0.05952534 
569 678 8 9 0.05950702 
576 956 9 12 0.05946627 
754 1260 13 16 0.059444558 
660 1055 10 13 0.05938656 
360 662 7 9 0.05935097 
646 861 9 12 0.05924952 
337 860 8 10 0.05924612 
671 761 8 10 0.05921485 
304 752 6 8 0.059031818 
609 718 8 10 0.058970977 
295 941 9 11 0.05897016 
693 1105 11 13 0.058968894 
609 1092 8 11 0.058931515 
621 759 8 9 0.05884513 
87 1284 12 17 0.0588295 
199 860 9 11 0.058819093 
255 1253 12 18 0.058761206 
717 1157 10 13 0.05875117 
642 1091 13 16 0.058707934 
398 1197 9 12 0.05868914 
663 1075 10 12 0.058617506 
527 630 8 9 0.058508143 
537 884 11 14 0.058505516 
113 1076 10 12 0.058477428 
108 1242 15 17 0.058466453 
52 1218 12 16 0.05845395 
725 1251 11 16 0.05844182 
430 1006 8 10 0.058288507 
248 839 9 12 0.058070794 
326 1172 12 16 0.057804957 
161 1262 15 17 0.05780177 
131 955 10 14 0.057606004 
158 980 8 10 0.057562564 
489 1210 11 14 0.057522446 
225 958 11 12 0.057520393 
599 876 10 12 0.05750356 
226 838 10 12 0.05748416 
244 1202 14 20 0.05730295 
462 1126 9 10 0.05729495 
625 689 7 9 0.05725972 
283 753 7 10 0.057242356 
187 1242 13 16 0.057198755 
317 909 9 12 0.057070483 
533 749 8 10 0.056973167 
238 838 10 12 0.05693611 
88 1039 11 14 0.056890298 
673 927 9 10 0.056880962 
250 788 8 10 0.05676363 
206 1068 10 13 0.056701805 
149 862 9 11 0.056687146 
866 873 7 9 0.05666174 
623 776 8 10 0.056635864 
616 774 8 10 0.05661309 
260 1012 12 13 0.05642578 
184 885 9 12 0.056416284 
636 965 10 12 0.056394994 
844 1333 12 17 0.0563824 
37 1263 13 17 0.056344558 
843 986 13 16 0.056291766 
247 854 8 11 0.056133382 
21 1057 12 15 0.056115698 
444 1127 10 12 0.056109056 
662 784 7 9 0.05583415 
728 869 10 12 0.055602547 
786 1005 9 12 0.05559861 
657 899 10 13 0.05558814 
54 1133 9 13 0.05539548 
231 758 7 9 0.05534744 
81 1195 11 14 0.055282496 
636 949 11 13 0.05521736 
312 1155 11 14 0.055136804 
668 1147 14 16 0.055080984 
36 1225 13 16 0.055034366 
686 902 8 11 0.055012394 
53 1332 12 16 0.0549837 
920 848 8 9 0.05484149 
560 760 7 10 0.05480198 
760 838 8 10 0.054800272 
775 1309 19 22 0.054780558 
214 999 11 12 0.054652195 
725 924 10 13 0.05424753 
656 878 10 12 0.054203473 
617 664 8 10 0.05416354 
672 737 6 8 0.054146323 
660 1069 11 13 0.054125633 
631 750 7 9 0.05409304 
209 864 9 12 0.054070666 
252 1136 11 13 0.05400482 
702 705 8 10 0.05393035 
273 920 9 11 0.053902343 
716 1226 13 16 0.05386607 
632 942 10 11 0.053808652 
633 760 8 9 0.05372796 
280 870 10 12 0.05371281 
54 1014 8 11 0.05369619 
588 917 8 11 0.053650185 
97 972 9 12 0.05351864 
721 1170 12 15 0.053453878 
662 1164 12 15 0.053399883 
502 689 7 9 0.053380627 
703 965 9 11 0.05335271 
570 694 7 9 0.053299412 
2 1056 9 13 0.05325307 
829 1069 9 10 0.05323326 
536 685 7 9 0.05322105 
73 1314 13 16 0.05320277 
631 975 10 12 0.05316875 
672 806 8 10 0.053097077 
107 1297 13 15 0.052987635 
113 1068 10 13 0.05295519 
665 1285 14 17 0.052886754 
358 1205 13 18 0.05277325 
350 688 8 9 0.05273372 
430 697 7 10 0.052700713 
352 777 7 9 0.052663278 
545 695 7 10 0.052643515 
70 1045 10 13 0.05264209 
615 828 9 12 0.052579593 
164 1237 13 16 0.05257008 
277 933 10 12 0.052570064 
734 847 7 10 0.05253152 
282 758 6 8 0.05251488 
248 1020 10 13 0.052372478 
311 719 7 8 0.052367337 
231 870 9 10 0.052355397 
680 894 8 11 0.052330017 
520 1124 11 14 0.052308857 
247 1052 11 13 0.052280825 
658 871 7 10 0.052246433 
374 669 7 10 0.05221071 
654 736 7 9 0.052104626 
693 1094 11 14 0.0520702 
582 647 7 8 0.05203547 
601 688 8 9 0.052025996 
366 655 7 9 0.051997382 
330 1140 10 14 0.051987145 
206 1000 10 12 0.051984407 
741 1292 13 17 0.05194349 
319 743 7 8 0.051805355 
823 1057 7 10 0.051765047 
235 1339 12 16 0.051723506 
654 885 8 10 0.05171189 
402 1008 8 10 0.051646996 
50 1242 13 16 0.051629473 
158 1248 14 17 0.051621277 
652 1158 10 12 0.051540047 
712 1242 10 14 0.051521845 
614 719 9 12 0.051514544 
274 789 8 9 0.051464565 
846 1227 11 13 0.05135299 
641 843 9 13 0.051336218 
734 1152 10 13 0.051269267 
400 1191 10 12 0.051221374 
32 1086 10 13 0.051200736 
426 996 9 12 0.05119931 
358 957 9 12 0.05114694 
551 823 9 10 0.051098987 
611 1035 12 14 0.051048655 
238 860 9 11 0.051027663 
401 788 9 13 0.051015813 
502 652 8 10 0.05099982 
94 1160 14 17 0.05097345 
718 1252 12 17 0.05096221 
303 1228 11 13 0.05090694 
606 743 8 10 0.05087654 
656 822 9 11 0.05087509 
582 1244 10 14 0.05083955 
220 973 11 13 0.050832983 
221 1093 8 11 0.050756294 
553 718 9 11 0.050685 
424 734 8 10 0.050620124 
732 860 9 11 0.05059627 
103 1199 9 12 0.050578713 
199 1000 11 13 0.050556336 
615 703 7 9 0.05052915 
31 1101 11 14 0.05048207 
518 688 7 9 0.050372165 
634 766 9 10 0.050315958 
335 838 9 12 0.050274186 
662 870 8 10 0.05023565 
553 678 8 9 0.050234642 
639 1168 11 14 0.050192762 
54 1160 9 13 0.050168328 
233 742 7 10 0.050126072 
589 911 7 11 0.050087567 
689 955 11 14 0.050005473 
150 967 9 11 0.04990393 
577 703 8 9 0.04969847 
688 951 9 12 0.049695868 
505 622 7 9 0.049589 
596 756 8 11 0.049489222 
628 1012 11 13 0.049345467 
661 1182 13 17 0.049324866 
567 960 10 12 0.04928693 
46 1181 11 14 0.049237087 
432 708 8 10 0.04922595 
416 645 8 10 0.04921699 
401 1172 10 14 0.049153164 
569 1015 10 14 0.049139164 
197 1037 12 14 0.049018085 
470 601 8 8 0.04900906 
169 949 10 13 0.048994146 
201 1052 10 13 0.048977844 
388 1210 12 17 0.04896876 
668 1164 11 12 0.048921824 
720 1281 12 16 0.04879422 
577 664 7 9 0.048730973 
601 838 9 12 0.048693456 
365 791 8 11 0.048642784 
502 599 7 10 0.048584577 
119 1041 11 12 0.048528533 
237 893 8 11 0.04849321 
499 1325 13 17 0.04846375 
648 841 9 11 0.048460983 
316 1152 9 12 0.048424937 
449 662 8 10 0.04842342 
574 975 9 11 0.04836229 
132 951 10 12 0.04831824 
230 1013 10 11 0.04831061 
206 1118 10 13 0.048186436 
636 894 9 10 0.04815362 
648 791 7 8 0.048126657 
68 1338 13 17 0.04811652 
757 1015 9 12 0.048084844 
521 648 7 10 0.047777016 
641 775 7 10 0.04770164 
142 1238 11 15 0.047661863 
593 776 7 8 0.04760828 
566 781 8 11 0.047603857 
551 852 12 15 0.04754801 
175 1076 11 15 0.047513023 
41 1268 13 17 0.047507603 
459 1333 15 21 0.047503915 
273 836 8 11 0.04746762 
886 873 9 11 0.047452077 
277 1006 9 10 0.047432553 
623 1235 11 16 0.047421243 
360 796 8 10 0.04736346 
297 744 7 9 0.047303554 
225 879 8 10 0.04729331 
15 1337 12 17 0.047258653 
608 1233 12 15 0.047257613 
615 688 6 9 0.04723458 
574 1192 12 16 0.047216453 
704 899 8 11 0.04719926 
456 731 9 11 0.047187053 
695 672 8 10 0.04717944 
0 1273 10 14 0.047138665 
577 647 7 9 0.04713566 
693 1020 10 13 0.047126576 
345 782 8 10 0.04707045 
253 1194 11 16 0.047039773 
144 1109 13 16 0.04702308 
615 736 7 8 0.047021195 
62 972 9 10 0.046916418 
710 1251 13 17 0.046873998 
134 1148 10 14 0.046820644 
99 1028 11 14 0.046779003 
313 752 7 9 0.04672912 
343 815 8 10 0.04670534 
280 995 11 13 0.04666926 
103 956 9 10 0.04657107 
201 448 6 8 0.04651161 
281 894 9 11 0.046446655 
714 718 8 10 0.04643235 
596 1075 11 13 0.046298783 
733 894 9 11 0.046290066 
558 815 8 10 0.046274643 
552 688 8 10 0.046240803 
567 896 9 12 0.046226054 
71 1330 13 17 0.046221364 
244 1325 16 20 0.046209928 
225 861 8 11 0.046203736 
708 1279 12 14 0.046158258 
32 824 9 11 0.046079572 
321 751 7 9 0.04606435 
329 702 6 9 0.045988984 
615 1120 10 13 0.045931093 
695 1122 10 12 0.0458874 
606 632 7 9 0.04586381 
433 1078 8 10 0.045830395 
303 783 9 10 0.04582313 
367 671 8 10 0.04579648 
86 900 8 12 0.045785792 
666 845 9 11 0.04576584 
454 1134 11 13 0.045731824 
543 1053 8 11 0.045724396 
246 1109 9 14 0.045706972 
435 987 14 16 0.04569866 
296 751 7 8 0.045589242 
330 734 8 9 0.045554046 
140 1166 14 16 0.045538977 
558 966 10 13 0.045371123 
863 852 8 11 0.04529673 
703 910 8 11 0.045258988 
320 1009 10 14 0.04524204 
325 792 9 11 0.045229252 
111 959 8 10 0.045221675 
631 671 7 9 0.04513804 
171 939 11 13 0.045092907 
701 1250 12 15 0.04506997 
181 1103 11 13 0.045062806 
574 999 9 11 0.045024615 
374 1213 12 16 0.04501264 
610 919 8 9 0.04498886 
687 1014 11 15 0.04494796 
702 844 8 11 0.044932097 
749 894 8 10 0.044907186 
686 1118 12 15 0.044844557 
642 782 7 9 0.04479746 
133 1230 9 12 0.044762496 
291 1227 11 13 0.044743583 
554 952 9 12 0.044703178 
698 719 8 11 0.044699807 
187 910 8 10 0.044643518 
613 1016 10 12 0.04461933 
724 1245 11 15 0.04453452 
489 766 7 10 0.04452378 
329 878 10 12 0.04443374 
12 879 9 11 0.044414833 
818 946 10 12 0.044373415 
935 1151 11 13 0.044339225 
876 1173 10 13 0.04426467 
282 1185 12 16 0.044237744 
606 783 7 10 0.044161897 
94 1086 10 14 0.04412364 
796 1008 10 12 0.044108797 
608 1223 10 13 0.044052698 
613 1211 10 12 0.043989506 
284 1232 14 18 0.043957286 
607 679 8 9 0.043953788 
703 1151 11 14 0.043912385 
470 1093 8 10 0.043892365 
216 926 10 11 0.043839652 
680 1204 12 15 0.04381995 
554 964 10 12 0.043748405 
677 848 9 11 0.043673463 
591 869 8 10 0.043630414 
805 1047 8 11 0.043550007 
885 1005 10 12 0.04354816 
593 1037 9 12 0.043531094 
681 900 9 12 0.043529328 
133 1139 11 15 0.043505933 
679 838 8 10 0.043505866 
267 909 10 12 0.043494537 
397 672 7 10 0.04348276 
127 1235 10 14 0.04347075 
559 678 7 9 0.04342248 
497 687 8 10 0.043388594 
752 958 8 10 0.043335598 
663 727 7 9 0.043332025 
649 800 8 9 0.043326437 
422 1132 10 12 0.04328117 
142 886 10 12 0.043205574 
632 931 10 12 0.04319762 
632 736 7 9 0.043142892 
182 870 12 14 0.04313868 
137 1178 12 14 0.043128602 
743 1092 10 12 0.043087304 
461 726 8 10 0.043047335 
640 1038 10 14 0.042985708 
391 1205 12 15 0.042979844 
623 878 10 12 0.04295863 
55 1119 8 11 0.042946316 
489 836 9 13 0.042946007 
152 1298 14 16 0.042919617 
122 1195 12 16 0.042914484 
462 734 9 10 0.042899325 
694 677 8 10 0.042882293 
496 703 8 10 0.042848274 
313 909 9 12 0.04281547 
536 1051 10 13 0.042789467 
124 1209 13 16 0.042788513 
250 946 11 14 0.042780664 
360 725 8 10 0.04276918 
839 860 9 12 0.042766374 
559 830 8 11 0.04276513 
904 1179 11 14 0.042730235 
237 886 9 11 0.042721532 
36 1342 16 19 0.042713434 
943 1169 13 18 0.042692903 
580 982 9 11 0.042562682 
520 614 9 11 0.042554818 
471 725 8 10 0.042531297 
519 653 8 9 0.042370327 
872 1291 14 18 0.04225647 
329 687 8 9 0.042226363 
535 671 7 9 0.042196494 
569 718 7 9 0.042173766 
208 876 10 11 0.042081792 
624 788 7 10 0.042074334 
740 1149 10 13 0.04205942 
840 1038 8 11 0.042054176 
318 775 9 11 0.042050354 
838 877 9 10 0.041978687 
496 560 9 10 0.04195184 
152 996 9 11 0.04188898 
143 1143 13 16 0.041888524 
302 744 7 8 0.04188817 
344 759 9 11 0.041870013 
296 1213 11 15 0.04183313 
646 881 9 11 0.041821454 
655 1183 12 15 0.04181531 
150 1092 10 14 0.04181095 
512 671 7 10 0.041739386 
638 927 9 12 0.041731056 
345 749 8 10 0.041672155 
341 711 8 11 0.041649688 
160 1013 9 12 0.041619036 
342 831 7 10 0.041582115 
161 1008 8 11 0.041528795 
273 816 8 10 0.041522644 
237 1046 11 14 0.041471265 
561 640 7 9 0.04141301 
574 1091 10 12 0.041386575 
242 816 9 11 0.041348703 
51 1207 11 14 0.041348137 
696 842 9 12 0.04134637 
527 1244 11 16 0.041342158 
893 878 7 10 0.041339036 
553 672 7 10 0.04133543 
624 711 6 9 0.041200504 
366 695 8 11 0.041172836 
760 1315 18 22 0.041133363 
717 1243 12 14 0.041118696 
725 933 9 11 0.04109755 
589 1024 9 13 0.04108034 
196 965 11 12 0.041059103 
727 971 10 14 0.04103838 
652 1141 11 15 0.041021753 
535 1017 9 12 0.040981878 
540 1124 14 18 0.040972583 
306 728 7 8 0.040953662 
585 784 8 10 0.04093663 
896 1125 8 10 0.04082801 
743 1165 9 12 0.040827993 
655 910 9 12 0.040823955 
487 718 8 10 0.04066079 
705 886 8 10 0.04064687 
614 953 9 11 0.040636223 
110 1047 12 14 0.040631305 
471 606 8 9 0.040623378 
74 933 8 11 0.040608052 
470 712 8 10 0.040597294 
465 600 7 10 0.040590152 
346 1134 11 13 0.040575176 
448 622 8 10 0.04049261 
255 820 8 11 0.040426828 
530 731 10 13 0.040392663 
622 887 8 10 0.04033942 
430 631 8 10 0.040333718 
724 1225 11 15 0.04031842 
609 728 8 9 0.040283404 
431 734 8 10 0.040275276 
327 1135 10 12 0.040173855 
53 1021 9 12 0.0401622 
792 888 9 11 0.04011417 
718 1149 11 14 0.040109076 
615 767 8 10 0.04001256 
54 1195 11 13 0.040008023 
678 928 8 11 0.03996579 
448 656 8 9 0.039955035 
98 927 10 12 0.039946955 
238 784 7 9 0.03992432 
566 640 7 8 0.039921556 
628 1162 11 14 0.0398652 
700 924 9 13 0.039842553 
319 797 8 11 0.039840072 
304 717 8 10 0.039804935 
765 831 8 10 0.039803877 
833 877 8 11 0.03969284 
406 1180 10 13 0.039677642 
170 1177 13 15 0.0396399 
291 783 7 9 0.039513618 
736 814 8 11 0.039498687 
360 671 8 10 0.03945716 
102 1230 11 14 0.03938338 
561 736 8 10 0.03934055 
126 1149 13 16 0.039287403 
362 656 7 10 0.03928413 
493 614 9 10 0.039243247 
546 831 8 11 0.039233256 
921 853 9 11 0.03919772 
528 1003 9 12 0.039176263 
590 783 8 10 0.03916056 
697 1072 12 14 0.039128423 
393 1198 9 12 0.03909878 
140 1067 10 13 0.03903846 
599 774 7 9 0.039006498 
269 975 11 13 0.038868852 
662 1171 12 15 0.038859643 
224 964 13 16 0.038677234 
688 845 9 10 0.03866438 
592 990 8 10 0.03863129 
637 974 9 12 0.038625695 
495 709 7 10 0.038622536 
647 1099 12 15 0.038609277 
511 504 8 10 0.03857056 
609 704 7 10 0.038548745 
639 998 9 11 0.038518783 
287 799 8 10 0.03850459 
720 1179 11 14 0.038397305 
782 1088 10 12 0.038373336 
518 963 11 14 0.038359154 
70 963 8 11 0.038351085 
735 840 8 10 0.038298927 
701 916 10 13 0.038278688 
717 855 9 11 0.038265042 
454 998 11 13 0.038259685 
149 1179 11 15 0.038257588 
632 887 9 12 0.038213696 
590 1070 11 14 0.03821226 
150 1039 11 13 0.038195226 
326 1117 10 12 0.038124554 
542 680 7 9 0.038122106 
70 878 8 11 0.038116198 
73 1006 9 10 0.038107406 
158 1039 10 13 0.038061973 
217 1085 10 13 0.038024276 
753 1109 9 12 0.038021922 
840 1204 10 13 0.038005766 
649 736 8 11 0.037969545 
318 838 9 11 0.03796077 
193 941 10 13 0.037953075 
544 837 11 14 0.03795285 
246 861 9 11 0.037945416 
114 976 9 11 0.037929922 
79 1035 10 13 0.037924793 
558 1052 10 13 0.037846997 
454 671 7 9 0.03783939 
365 958 10 12 0.037790895 
159 1196 13 17 0.03774733 
842 1020 8 10 0.0377107 
305 694 8 9 0.03768615 
461 1154 13 16 0.037658975 
433 1128 8 12 0.037621066 
328 925 11 13 0.03760779 
675 1241 12 17 0.03755777 
844 1219 12 15 0.037536707 
855 1215 13 16 0.037472922 
496 764 10 12 0.037463292 
257 831 9 11 0.03744763 
678 816 8 10 0.03744327 
109 934 10 12 0.03741628 
447 518 7 9 0.03736455 
342 1031 12 15 0.037231073 
176 846 8 10 0.037229758 
27 1105 13 16 0.037224438 
368 725 7 9 0.037193127 
740 1251 15 20 0.037191812 
742 1182 11 15 0.0371832 
601 695 7 8 0.03715307 
511 810 8 11 0.03709287 
432 961 14 17 0.037076022 
181 1117 11 13 0.037063792 
629 812 9 10 0.037036482 
489 614 9 11 0.036992792 
524 617 9 10 0.03698615 
286 933 10 12 0.03696074 
780 1230 14 17 0.036948785 
514 687 7 9 0.03694753 
655 948 10 11 0.03693903 
652 1004 11 13 0.036901288 
696 648 8 9 0.03688424 
24 1021 10 13 0.036795806 
118 1340 12 16 0.036783975 
426 630 7 10 0.03673343 
513 703 8 10 0.036708515 
720 925 10 13 0.036705825 
41 484 9 10 0.036700726 
153 875 9 12 0.036689024 
252 1054 12 14 0.03668202 
723 1236 12 15 0.036667142 
345 957 10 13 0.036659993 
705 1213 12 16 0.036623176 
594 727 8 9 0.03660929 
346 744 8 10 0.03659944 
292 876 8 12 0.036553293 
743 855 7 9 0.036530476 
110 942 10 13 0.036514796 
710 1181 11 14 0.036484398 
514 965 9 13 0.036484297 
694 1139 9 11 0.036458842 
414 1213 9 11 0.036411885 
14 1059 11 14 0.036382586 
497 758 10 13 0.036362536 
864 1013 8 10 0.036341105 
526 1055 11 13 0.03626804 
717 1093 8 11 0.03624154 
456 721 7 9 0.03624121 
109 911 10 13 0.03615393 
766 1101 9 11 0.036147043 
864 848 8 10 0.03612855 
55 940 10 12 0.0361208 
623 950 9 11 0.03610952 
196 1139 10 14 0.036098972 
680 663 8 10 0.036079515 
827 1085 10 13 0.036039487 
653 776 8 9 0.0360388 
527 1321 12 19 0.036020406 
808 1008 9 12 0.03593958 
654 807 8 9 0.035921056 
38 1324 14 18 0.035906587 
560 647 6 9 0.035901256 
745 799 9 10 0.03583264 
517 568 8 11 0.03582341 
585 734 7 9 0.03579696 
384 694 8 11 0.035778478 
591 719 8 9 0.03577407 
657 798 8 9 0.03570413 
682 679 7 10 0.035701845 
315 742 6 9 0.035694584 
592 952 8 10 0.03564408 
256 765 8 10 0.03563541 
526 821 12 14 0.035627075 
456 1127 10 12 0.03561459 
374 632 7 9 0.035581525 
541 616 8 10 0.03556632 
705 1193 14 18 0.035550527 
679 783 8 10 0.035528217 
550 1054 9 12 0.0355239 
727 797 9 11 0.0354956 
165 1062 11 14 0.035491 
599 722 7 8 0.03544573 
209 785 8 10 0.035419803 
449 678 9 11 0.035416607 
533 742 8 10 0.03540978 
494 528 7 9 0.035384785 
101 873 7 10 0.03536105 
655 1201 12 15 0.03534874 
262 1142 9 13 0.035343267 
124 1322 11 15 0.035244383 
640 686 7 9 0.035214502 
346 1221 10 14 0.035214443 
814 1101 8 11 0.035174754 
108 1344 13 15 0.035173338 
224 752 7 9 0.035098504 
687 1245 13 17 0.03508671 
134 1011 9 12 0.03498999 
226 800 9 11 0.03494699 
671 1173 13 17 0.034866467 
562 1068 11 14 0.034866255 
558 1011 10 13 0.034717593 
318 862 8 10 0.03470474 
334 733 7 10 0.03469125 
55 1125 10 14 0.0346722 
511 487 8 10 0.034656208 
213 1036 9 12 0.034618028 
758 960 8 9 0.03460219 
808 1324 11 16 0.03457886 
720 932 9 12 0.034569472 
664 776 7 8 0.034513656 
151 892 10 12 0.034478195 
636 1101 14 16 0.034459274 
518 694 8 9 0.034449812 
159 887 8 12 0.03439427 
502 636 8 10 0.034273557 
97 918 9 11 0.034259886 
503 631 8 10 0.0342456 
672 776 7 9 0.03421988 
622 767 8 9 0.034092896 
567 971 10 12 0.034080148 
168 956 10 12 0.03407568 
245 1339 15 19 0.03406556 
599 649 7 9 0.034040388 
263 836 9 11 0.03398444 
577 840 9 12 0.033971604 
748 1181 12 16 0.033970714 
983 1159 14 18 0.033909444 
80 1085 10 13 0.03388369 
274 1181 20 24 0.033874158 
518 1005 9 11 0.03386929 
225 939 10 11 0.03385996 
622 663 7 10 0.03379986 
585 727 7 10 0.03379171 
105 1046 9 12 0.033719603 
709 1080 9 13 0.033694066 
749 902 8 12 0.033676054 
145 1123 11 14 0.033669576 
607 985 11 13 0.033626698 
528 1036 10 12 0.03362143 
470 678 9 11 0.033592455 
651 1293 14 17 0.033555616 
482 486 8 11 0.033513628 
417 735 8 10 0.0335082 
432 638 8 10 0.03350616 
528 812 11 12 0.033496935 
640 704 6 9 0.0334964 
272 1348 13 15 0.033494588 
667 743 6 8 0.033477664 
840 994 10 14 0.03343027 
289 776 7 9 0.033403415 
192 952 9 12 0.033398714 
449 720 7 9 0.03337377 
289 729 7 9 0.033351123 
615 1261 11 14 0.03334639 
270 1058 12 16 0.033263326 
729 900 8 11 0.033253048 
551 704 8 10 0.033209674 
109 1120 13 16 0.03319942 
633 824 8 10 0.03318494 
425 728 8 11 0.033179756 
551 630 7 9 0.033176634 
113 966 8 10 0.03315618 
116 1182 13 15 0.033120163 
143 823 9 11 0.03311896 
553 614 8 10 0.033114776 
253 996 12 14 0.0331067 
235 1052 11 13 0.03308522 
182 815 8 10 0.03308126 
681 1196 11 14 0.0330549 
492 1180 12 16 0.033047754 
105 1284 12 16 0.033030633 
566 1003 10 13 0.032927804 
605 880 20 23 0.032884397 
655 1247 10 13 0.032878656 
735 807 8 9 0.032818466 
566 1072 11 14 0.032801196 
743 1174 10 12 0.03277648 
720 684 8 11 0.032751035 
664 854 9 11 0.03269943 
165 1164 14 16 0.032689404 
460 1132 10 13 0.03266245 
430 1055 10 12 0.032654665 
173 1055 10 12 0.032646134 
653 1099 10 13 0.03262911 
197 837 9 11 0.032624625 
126 1014 9 11 0.032621566 
864 1168 12 14 0.032619033 
551 591 8 9 0.03261283 
65 871 9 10 0.032586712 
390 871 12 17 0.032521516 
582 1157 9 13 0.032513686 
288 941 9 12 0.032505047 
513 599 8 10 0.03248446 
537 639 7 9 0.032452933 
204 1078 10 13 0.03245136 
571 1067 10 14 0.032447014 
578 1196 12 15 0.03244239 
500 762 10 12 0.03241465 
366 780 8 10 0.032391213 
663 655 8 9 0.032386754 
87 1086 9 12 0.032365307 
345 689 8 9 0.032354306 
833 869 9 12 0.032335203 
482 683 9 11 0.032293443 
732 1251 14 17 0.032284122 
-2 1077 8 14 0.032278128 
311 861 8 11 0.032257527 
600 783 8 10 0.032240693 
768 1253 11 13 0.032226965 
0 839 9 14 0.03221217 
85 1338 13 17 0.03215251 
294 863 8 11 0.03213301 
509 622 8 9 0.03210647 
547 841 14 17 0.032101583 
101 972 8 10 0.032081425 
172 1115 12 14 0.032075502 
587 751 8 10 0.032049492 
745 915 10 13 0.032027673 
576 1037 8 11 0.03202213 
380 719 8 9 0.032013413 
732 1287 15 19 0.03200932 
299 1242 13 16 0.03200147 
158 1207 12 16 0.031987812 
113 1158 12 16 0.03198731 
610 758 8 10 0.03196861 
442 1093 8 11 0.03195882 
212 978 10 14 0.031957485 
250 806 9 11 0.031953163 
453 1197 11 14 0.031935394 
666 1316 14 16 0.031923264 
92 1278 14 17 0.031916175 
861 1232 12 15 0.031890493 
59 846 9 11 0.031833064 
359 780 9 11 0.03183015 
689 806 8 10 0.031788718 
341 855 8 11 0.031785868 
631 678 7 9 0.031740833 
582 513 7 9 0.031663973 
522 1070 10 12 0.03161754 
863 998 10 12 0.0316103 
200 1011 11 13 0.0315918 
683 685 8 11 0.03157002 
54 983 10 12 0.031557143 
639 725 8 9 0.031553507 
336 809 7 9 0.031548284 
430 502 9 10 0.031545628 
250 800 8 10 0.031519867 
47 1159 12 15 0.03148928 
545 592 7 9 0.031481944 
574 1219 11 13 0.031479094 
645 1041 18 23 0.031463396 
806 1111 9 12 0.031453647 
665 680 8 10 0.031385694 
846 847 7 9 0.031372853 
126 872 8 10 0.031362288 
63 1180 9 12 0.03134866 
549 871 9 10 0.03132197 
142 927 8 10 0.03131348 
541 581 8 10 0.031289533 
202 1173 13 16 0.031281002 
796 1020 10 12 0.031231254 
654 931 9 11 0.03117689 
713 926 9 12 0.03115029 
689 672 7 9 0.031125298 
710 1142 11 13 0.031111186 
168 1227 13 16 0.0310944 
280 900 9 11 0.031070735 
456 767 8 10 0.03103669 
48 463 8 10 0.031033447 
49 445 9 10 0.031006848 
673 765 8 9 0.03100401 
606 1198 12 15 0.030985406 
264 1134 9 12 0.030971037 
526 639 7 9 0.030935707 
580 941 11 13 0.030929076 
701 710 8 10 0.030926732 
518 1251 11 17 0.030916328 
534 664 7 10 0.03086656 
862 1005 11 13 0.03085794 
831 864 9 10 0.030856228 
674 801 8 10 0.030854171 
423 1310 13 18 0.030841028 
537 575 8 10 0.030840032 
653 958 10 12 0.030826468 
664 832 9 11 0.03082176 
310 1101 8 11 0.030811965 
138 868 9 11 0.030791694 
134 1056 10 12 0.030783486 
590 1148 14 16 0.030778581 
334 871 8 10 0.030722009 
840 887 8 10 0.030719837 
624 735 8 9 0.030699689 
668 1339 12 15 0.030662566 
225 885 9 11 0.030654196 
742 1242 13 18 0.030644597 
149 1252 13 15 0.030617716 
240 845 8 10 0.03060047 
904 847 8 9 0.030592399 
489 1173 10 14 0.030560495 
702 1183 14 18 0.03055604 
321 814 8 10 0.030548986 
595 1348 12 14 0.030543799 
583 1035 10 13 0.030535266 
166 1206 18 22 0.030533062 
246 934 11 14 0.030531054 
432 662 8 11 0.030515453 
567 983 10 13 0.030507961 
288 742 6 9 0.03050586 
304 994 10 14 0.030503044 
824 992 8 10 0.030440563 
116 1332 11 16 0.030375471 
718 896 8 10 0.030352978 
566 735 7 9 0.030342642 
330 680 8 10 0.030334068 
704 1165 13 15 0.030317158 
608 750 8 10 0.03026445 
577 760 9 11 0.030242175 
913 1167 9 12 0.030234642 
696 655 8 9 0.030222315 
336 830 8 11 0.030221218 
373 1305 15 17 0.030214334 
344 775 8 10 0.030206094 
623 669 7 10 0.03020075 
154 1079 11 14 0.030177277 
182 1036 11 14 0.03016271 
180 821 9 11 0.030161008 
439 741 8 9 0.030156977 
253 1210 11 17 0.030141763 
450 671 8 10 0.0301304 
665 662 7 10 0.0301284 
607 832 9 11 0.030115044 
191 837 10 12 0.03010105 
696 662 8 10 0.030097244 
213 1109 9 12 0.030087624 
382 712 8 9 0.030053543 
561 1000 8 10 0.030012703 
7 1048 10 13 0.030006887 
626 871 9 11 0.029968603 
640 903 8 10 0.029966732 
701 726 8 9 0.029942026 
245 875 9 13 0.029930206 
587 1003 11 13 0.029919157 
321 696 7 9 0.029897895 
521 823 9 11 0.029892404 
551 1132 12 17 0.029863847 
513 678 7 9 0.029863268 
277 885 8 11 0.029846974 
246 1194 14 20 0.029838618 
878 1179 11 14 0.029816486 
416 693 8 11 0.029807938 
721 790 8 10 0.029797126 
937 1040 8 11 0.029791985 
555 971 17 21 0.029754924 
108 1213 14 19 0.029740777 
496 534 6 9 0.029738264 
476 1250 13 17 0.029736461 
583 991 9 11 0.029729724 
235 1037 12 14 0.029718788 
236 1326 20 26 0.029708628 
400 734 8 10 0.029696645 
814 1095 8 11 0.02968608 
555 1332 14 16 0.02966106 
691 992 11 14 0.029653326 
583 1229 9 13 0.029612387 
575 678 7 10 0.029564532 
488 725 8 11 0.029546537 
728 807 8 10 0.029537637 
261 791 8 9 0.029532952 
514 572 9 12 0.029524736 
657 719 7 9 0.029505191 
654 750 7 9 0.02950438 
526 575 8 9 0.029502181 
643 1165 14 17 0.029483762 
33 796 9 11 0.029468587 
289 1161 10 13 0.029440308 
495 600 9 10 0.029425444 
368 615 7 9 0.029404754 
574 894 9 12 0.029403446 
207 939 9 12 0.029397529 
668 1076 10 12 0.029391399 
646 768 8 9 0.029390357 
404 877 14 16 0.029367793 
279 1020 11 14 0.029358396 
248 1059 11 13 0.029356113 
175 1317 13 18 0.029355373 
576 1027 9 12 0.029352581 
341 837 8 11 0.029302789 
842 846 8 9 0.0292734 
681 973 9 11 0.029269863 
348 700 8 10 0.029265797 
788 999 9 11 0.02926271 
320 870 6 9 0.0292465 
454 1264 13 19 0.029232126 
399 1180 10 13 0.029225238 
653 1172 11 14 0.029207725 
541 576 8 11 0.029178804 
574 812 9 11 0.029175565 
557 1246 9 12 0.029155472 
247 974 11 14 0.029153096 
624 990 10 12 0.029150568 
200 876 10 12 0.02914024 
142 1005 9 10 0.02913628 
744 868 9 11 0.029131392 
80 965 8 10 0.029122585 
683 1100 10 13 0.029105954 
595 1187 12 15 0.029101465 
387 1219 11 16 0.029039476 
719 988 10 12 0.028943049 
503 519 8 9 0.028933058 
143 959 9 11 0.02892817 
189 997 10 13 0.028856097 
474 671 8 10 0.028827876 
127 821 9 12 0.028821163 
646 711 7 11 0.028818678 
68 847 8 11 0.0288058 
64 952 10 12 0.028799234 
38 1254 11 15 0.028788999 
727 840 7 10 0.02875522 
21 1041 13 14 0.028709795 
601 676 8 10 0.028707316 
191 860 9 12 0.028683305 
249 911 9 12 0.028669922 
141 1132 11 14 0.028664976 
263 931 10 13 0.028630355 
511 664 8 10 0.0286143 
283 1213 13 16 0.028607478 
232 1094 9 10 0.028600559 
325 1243 10 14 0.028583316 
656 985 9 11 0.0285741 
674 1141 11 13 0.028567823 
319 768 8 10 0.02856735 
613 1251 11 14 0.028536605 
510 1125 10 13 0.028533578 
262 973 11 13 0.028523259 
353 671 7 10 0.028513625 
604 1062 11 15 0.02851285 
584 1222 9 12 0.028510334 
749 799 9 10 0.028462062 
445 978 11 14 0.028429067 
547 823 8 11 0.028422572 
720 912 10 12 0.028396422 
895 1328 15 20 0.02839627 
149 901 11 13 0.02838065 
304 934 10 13 0.028343871 
289 852 8 11 0.02832019 
974 1163 15 18 0.028314231 
534 1116 12 16 0.02831339 
602 894 8 11 0.028312678 
767 980 11 13 0.028305385 
825 855 8 10 0.028291428 
597 1085 10 12 0.028273946 
333 742 8 10 0.028243987 
72 1156 8 12 0.028240567 
386 671 7 9 0.028227199 
703 1096 11 13 0.028192483 
68 1233 12 16 0.028168792 
584 1048 10 13 0.028164212 
262 759 7 8 0.02814456 
568 743 7 9 0.028138014 
881 872 8 9 0.028136503 
321 845 9 11 0.028097684 
438 677 8 10 0.028097592 
54 1066 10 13 0.028090674 
142 874 12 13 0.028079838 
490 606 8 10 0.028074667 
576 922 10 13 0.02806556 
625 800 8 10 0.027997058 
170 1233 15 18 0.027995612 
385 735 8 10 0.027954815 
583 655 8 10 0.02795416 
591 1133 10 13 0.027948374 
440 600 8 10 0.027932549 
841 978 13 15 0.027924037 
593 1250 11 14 0.027919538 
671 918 9 12 0.027907312 
236 1187 12 15 0.027867705 
319 807 8 9 0.027867202 
197 829 10 11 0.027844554 
560 661 8 9 0.02780744 
121 872 8 10 0.027793225 
387 1228 11 14 0.027779317 
64 1043 11 14 0.027774967 
568 713 7 9 0.02776091 
576 748 8 10 0.027735505 
879 1021 11 14 0.027726253 
478 657 8 10 0.027719865 
408 639 9 11 0.027627446 
656 727 7 9 0.027601454 
226 948 20 23 0.02757656 
535 1190 11 14 0.02756889 
671 671 7 9 0.0275352 
710 1108 10 12 0.027532319 
390 1096 7 10 0.02752246 
743 879 9 11 0.02751202 
321 998 11 16 0.027493237 
464 749 9 11 0.027479725 
701 808 8 10 0.027464302 
527 592 8 10 0.02746329 
718 719 7 9 0.027425416 
448 758 7 9 0.027418375 
606 805 9 12 0.027401308 
584 759 8 11 0.027387334 
315 1163 10 15 0.02736768 
551 1325 13 17 0.027355116 
832 1108 9 12 0.027342394 
903 839 7 9 0.027331984 
119 1324 11 14 0.027329525 
757 1111 11 12 0.02731487 
385 616 7 8 0.02731016 
942 860 9 11 0.027302835 
206 888 12 13 0.027280975 
558 526 9 11 0.027262311 
517 600 8 9 0.027244715 
743 830 8 10 0.027216597 
560 655 8 10 0.027148949 
455 759 7 9 0.027126364 
191 1126 11 13 0.027125744 
188 1024 11 13 0.02712413 
807 967 8 10 0.027099183 
377 687 8 10 0.027096247 
433 989 21 26 0.02709252 
809 1102 9 11 0.027061924 
583 663 8 9 0.027058404 
615 979 9 12 0.02704682 
702 784 7 10 0.02704459 
623 940 8 11 0.027029773 
360 769 8 10 0.027003275 
226 758 7 9 0.026993336 
756 923 9 13 0.02693687 
741 1108 9 11 0.026932577 
494 806 7 9 0.026902858 
193 1043 11 12 0.026858827 
569 1091 11 15 0.026858464 
426 1095 8 10 0.026855702 
211 1029 11 14 0.02684868 
367 1300 10 13 0.026847651 
432 655 8 10 0.026845975 
590 685 8 9 0.02683413 
856 1046 10 13 0.026832152 
599 985 9 12 0.026829697 
113 998 9 11 0.026822416 
663 647 8 10 0.026797546 
294 728 8 9 0.026788605 
686 896 8 10 0.026787039 
116 901 9 11 0.026784118 
310 855 9 11 0.026783606 
506 670 9 10 0.026749074 
341 717 7 10 0.026729582 
305 790 8 9 0.0267279 
514 709 8 11 0.026706135 
196 1080 18 23 0.026664149 
877 907 9 11 0.026652655 
750 869 9 11 0.026644425 
758 1182 11 15 0.026634762 
784 975 10 13 0.026614852 
519 1139 21 26 0.026601607 
617 1306 16 22 0.026583679 
582 934 11 13 0.026582336 
303 758 8 9 0.026562955 
487 543 8 11 0.026531745 
351 1204 12 16 0.026522323 
231 788 8 9 0.026521698 
592 656 7 9 0.026505081 
600 830 8 11 0.026496371 
219 749 7 11 0.026488623 
698 895 8 10 0.026480695 
689 1140 9 11 0.026465688 
646 1130 11 13 0.026451873 
292 996 10 13 0.026443686 
836 1049 17 22 0.02643941 
141 1184 13 16 0.026425015 
143 893 9 11 0.026393138 
117 1117 11 14 0.026378943 
437 671 8 10 0.02637131 
245 1030 10 12 0.026367463 
631 1102 11 15 0.026359934 
873 1266 13 17 0.026355708 
559 559 8 9 0.026316872 
348 1141 11 13 0.026311154 
658 655 7 9 0.026274862 
927 877 8 10 0.02626086 
635 1028 10 12 0.026213055 
256 1327 15 18 0.026212763 
622 1251 12 15 0.026134364 
334 769 9 11 0.026066653 
54 478 8 10 0.02605461 
459 990 12 14 0.026045749 
613 1266 11 14 0.0260399 
480 1113 8 11 0.026037343 
502 702 7 9 0.026036441 
6 1092 12 17 0.026035741 
393 686 9 10 0.02602938 
725 989 10 12 0.026011193 
138 893 8 11 0.02600809 
485 663 8 11 0.025998842 
692 1060 11 13 0.025985077 
248 1012 11 15 0.025978466 
64 877 10 12 0.025962397 
135 1000 8 10 0.02595136 
431 982 11 15 0.025946582 
260 1164 11 13 0.025942435 
410 580 8 10 0.025940735 
743 822 9 9 0.025909476 
825 1078 10 13 0.02590671 
415 689 7 9 0.02590305 
550 878 9 12 0.02590305 
286 1115 14 15 0.025888197 
68 1347 15 15 0.025885768 
412 1226 12 16 0.025868084 
854 871 9 10 0.025856031 
154 980 8 11 0.025832122 
557 837 10 13 0.025831431 
520 581 8 10 0.025823431 
672 862 9 10 0.025813434 
625 678 8 10 0.025791418 
742 847 7 11 0.02578936 
361 711 7 9 0.025765155 
654 1163 11 14 0.025723845 
816 959 9 12 0.025716484 
656 759 8 10 0.025702914 
360 648 7 9 0.025696026 
574 1004 9 11 0.025695305 
472 1018 11 14 0.025694989 
638 864 8 11 0.025668321 
343 952 10 13 0.025659297 
679 1125 9 12 0.02563809 
871 1014 10 12 0.025638038 
584 774 7 9 0.025605483 
697 1081 13 16 0.025585439 
384 638 7 10 0.025572604 
135 816 7 11 0.025548777 
684 940 10 13 0.02553634 
692 1210 11 14 0.02553621 
558 687 8 9 0.025482679 
214 797 9 10 0.025475403 
786 1098 10 13 0.025471307 
1013 1077 10 15 0.0254585 
361 813 8 11 0.025456592 
576 774 8 10 0.025446009 
276 1014 10 14 0.025436066 
591 1082 10 13 0.025433797 
134 1235 10 14 0.02543258 
559 584 8 9 0.025429755 
213 1101 9 12 0.025428087 
695 856 10 11 0.025419336 
52 1229 12 15 0.02540943 
55 880 9 12 0.025386767 
630 1201 10 14 0.025374306 
863 1036 8 11 0.025364896 
546 598 7 9 0.025317177 
739 1285 13 17 0.02531611 
173 958 9 11 0.025314765 
526 536 7 9 0.02530155 
232 893 10 11 0.02523513 
707 1258 14 17 0.025228988 
666 670 8 9 0.025226135 
537 608 8 10 0.025213161 
863 862 9 10 0.025207391 
732 1142 11 13 0.025198651 
459 1170 14 18 0.025194531 
13 1084 10 14 0.025192827 
224 1208 12 17 0.025185734 
641 1142 12 16 0.025181228 
112 1189 10 13 0.025163487 
605 670 7 10 0.025161935 
657 943 9 12 0.02515417 
5 477 9 11 0.025152514 
570 673 8 10 0.025131088 
804 1330 21 27 0.025110485 
355 1014 12 14 0.025093378 
343 1130 10 12 0.025036946 
496 997 9 12 0.025017897 
224 1342 12 16 0.025007725 
735 958 9 11 0.025004992 
654 1127 11 12 0.024980523 
62 1346 13 14 0.024974868 
552 1028 8 11 0.024963304 
275 954 11 14 0.02495105 
195 798 8 10 0.024929835 
616 1165 12 16 0.024927868 
440 606 8 10 0.024922218 
264 879 9 11 0.02492121 
546 1284 11 15 0.024915582 
189 871 9 11 0.02491544 
96 1007 8 11 0.024909819 
622 830 8 11 0.024902498 
213 942 9 12 0.024895234 
113 1181 10 13 0.024890207 
249 937 17 21 0.024883829 
845 952 10 13 0.024856852 
758 844 10 12 0.024829585 
208 433 7 8 0.024825366 
540 1026 10 15 0.024807928 
97 957 8 11 0.024791114 
553 585 8 10 0.024788048 
536 591 8 10 0.024769435 
946 1163 12 16 0.024765426 
463 623 8 10 0.024750907 
551 566 8 9 0.024750879 
39 1216 18 23 0.024727374 
546 629 8 9 0.024727179 
520 1292 11 15 0.02471121 
63 1015 10 12 0.024703985 
62 1006 10 12 0.02469727 
528 1014 9 11 0.02469534 
98 968 8 11 0.024692371 
691 1274 12 16 0.024686195 
941 1152 17 23 0.024663623 
697 1262 21 22 0.024660548 
223 895 10 11 0.024660537 
772 949 10 12 0.024653543 
45 479 10 11 0.024630453 
657 815 8 11 0.024622994 
703 824 8 10 0.024614597 
570 687 7 10 0.024571167 
362 694 8 10 0.02455877 
308 827 18 23 0.024540445 
534 1239 9 12 0.024537474 
742 923 11 14 0.02447971 
292 1252 12 17 0.024478924 
880 883 10 11 0.024429146 
628 1251 13 16 0.02441595 
450 726 7 9 0.024410032 
51 1038 9 12 0.024405418 
678 1186 13 17 0.024405124 
593 673 7 8 0.024387915 
780 905 11 14 0.024368385 
329 873 8 9 0.024351716 
204 1131 10 13 0.024351638 
342 689 19 24 0.024345629 
336 783 8 9 0.02434415 
725 1260 13 16 0.02433604 
301 940 9 11 0.024330823 
608 1014 10 13 0.024327772 
638 918 9 12 0.02432752 
162 1076 13 16 0.024316259 
647 1188 13 15 0.024312787 
218 816 8 10 0.024291893 
887 861 10 11 0.024281526 
141 949 10 11 0.024260448 
829 991 10 13 0.024222549 
678 766 8 10 0.024219844 
526 489 9 10 0.024208581 
389 664 19 25 0.024194624 
493 680 8 9 0.024192583 
312 777 19 23 0.024144473 
185 440 6 8 0.024142634 
568 656 7 8 0.024131764 
351 711 7 10 0.024131201 
112 888 9 11 0.024127698 
886 992 8 10 0.024126405 
383 727 7 9 0.024113925 
149 1029 11 13 0.024109669 
938 855 9 11 0.024088865 
611 927 18 25 0.024070164 
409 687 8 10 0.023999916 
220 994 11 13 0.023995595 
631 725 7 10 0.023994815 
343 678 7 9 0.023994202 
368 853 8 10 0.023993317 
543 856 10 13 0.02399165 
296 768 8 9 0.023982687 
389 735 8 10 0.023981865 
180 1206 12 16 0.023974307 
663 1136 19 21 0.023971975 
744 967 9 12 0.023966663 
272 842 17 23 0.023960698 
263 784 8 9 0.023959972 
526 1303 10 14 0.023944331 
654 703 8 10 0.023931408 
715 882 10 13 0.023917774 
614 1101 10 14 0.02391238 
870 1237 9 11 0.02390672 
569 1251 10 14 0.023888152 
486 510 8 11 0.023887586 
670 1091 11 14 0.02388457 
672 870 9 11 0.023859581 
327 711 7 9 0.02385292 
533 1004 9 13 0.02384939 
376 616 6 8 0.02383929 
898 838 8 10 0.023833271 
721 798 8 11 0.02382417 
309 817 8 9 0.023819355 
133 1244 12 17 0.023789784 
768 930 18 24 0.023783898 
393 788 10 12 0.023770832 
655 784 19 23 0.023761528 
525 1268 9 12 0.023730528 
845 1021 8 10 0.023721231 
439 720 8 10 0.023717804 
548 1113 11 15 0.023714453 
863 1170 17 22 0.02370572 
465 654 7 10 0.023678279 
230 777 9 11 0.023669032 
69 852 9 11 0.023638574 
286 1142 12 16 0.023633225 
489 600 8 10 0.023596443 
159 1230 11 14 0.023581274 
395 874 16 18 0.023576222 
626 898 9 12 0.023565266 
640 1129 11 14 0.023562668 
709 1204 12 17 0.023542577 
669 842 18 23 0.023542289 
625 996 8 10 0.023511158 
145 1036 10 14 0.023486484 
563 1062 10 13 0.023462744 
66 1290 15 18 0.023458773 
395 1209 13 17 0.023454307 
631 688 6 9 0.023447689 
666 735 7 9 0.02342749 
470 1246 11 16 0.023415245 
626 1019 18 23 0.023388403 
579 608 8 10 0.02337364 
317 888 10 12 0.023364965 
943 880 8 10 0.023362713 
535 916 9 11 0.023359906 
524 980 10 13 0.02335805 
823 1013 9 10 0.023356088 
585 1057 12 16 0.023340393 
479 709 8 10 0.023327064 
313 712 7 10 0.023319902 
446 998 12 16 0.023294972 
86 1300 11 14 0.023289738 
801 1054 9 10 0.02326701 
801 1062 9 12 0.023257053 
728 873 18 23 0.023225319 
255 775 8 9 0.023217507 
543 639 8 10 0.023208845 
914 1128 10 13 0.023203062 
443 1153 12 16 0.02318533 
613 1093 8 11 0.023179326 
440 1186 12 16 0.023173772 
376 1164 9 13 0.02316313 
435 646 8 10 0.023148129 
478 1238 11 16 0.023133963 
660 1126 12 14 0.023113 
255 1155 11 13 0.023110518 
473 656 8 11 0.023105506 
845 887 8 9 0.023089645 
272 870 9 11 0.023089372 
531 1022 10 14 0.023071567 
842 1210 20 24 0.023070712 
70 1066 10 14 0.02307041 
528 1113 23 30 0.023070343 
411 1261 13 18 0.023050291 
672 1214 11 14 0.023026042 
137 886 8 12 0.023004726 
103 1008 9 10 0.022965726 
372 1207 12 16 0.022964181 
191 438 7 8 0.022944631 
344 767 8 10 0.022918312 
291 1019 12 18 0.022898939 
151 1260 12 15 0.022884352 
137 912 9 12 0.02287908 
552 1023 8 11 0.022873465 
626 926 8 12 0.022865793 
599 955 9 12 0.02286021 
653 851 10 12 0.022850612 
456 646 8 10 0.022836087 
806 1063 8 10 0.02281707 
687 786 9 11 0.02281113 
855 1006 9 12 0.02279931 
200 1020 11 13 0.022792535 
215 1119 18 21 0.022792513 
744 954 9 12 0.022785664 
156 1110 10 14 0.022777233 
321 704 8 9 0.022761451 
38 1063 11 12 0.022755012 
822 879 9 11 0.022746252 
452 1139 12 14 0.022746066 
491 1207 18 22 0.022719102 
252 856 19 23 0.022715766 
196 1148 11 15 0.022708507 
321 1037 10 13 0.022683272 
107 1052 10 14 0.022665605 
658 863 8 10 0.022664873 
217 1078 9 11 0.02265927 
647 719 7 8 0.022653226 
584 1011 9 12 0.022613281 
607 1018 18 21 0.022607781 
504 996 11 14 0.022590043 
424 625 8 10 0.022589102 
614 647 8 10 0.022578813 
142 943 9 12 0.02257272 
616 1129 11 14 0.02256401 
101 1279 13 17 0.022560466 
461 798 9 12 0.022552688 
679 669 8 10 0.022551112 
887 910 8 11 0.022550218 
561 775 8 11 0.022546928 
462 774 7 10 0.02250811 
182 838 9 11 0.022501532 
380 1164 12 15 0.02250115 
109 949 9 10 0.022489341 
533 556 9 11 0.022486467 
685 909 9 11 0.022451285 
37 1158 11 15 0.022416655 
49 982 8 11 0.022410948 
505 503 9 11 0.022403112 
456 638 7 10 0.02239238 
301 1208 12 16 0.02238954 
709 874 17 23 0.022387614 
442 1261 95 109 0.02238594 
532 551 9 12 0.022384692 
509 1059 9 12 0.02238117 
872 1004 10 13 0.022377552 
702 789 8 9 0.022374187 
750 1038 10 13 0.02237409 
680 1066 18 23 0.02236795 
657 767 8 9 0.022363055 
904 1209 14 17 0.022351025 
525 647 7 9 0.022340361 
431 1177 11 15 0.022328481 
264 941 9 11 0.022323702 
439 652 8 11 0.022314906 
281 727 7 9 0.022288274 
468 686 9 10 0.022277232 
177 839 8 12 0.022277007 
349 1212 11 14 0.022246545 
430 728 7 9 0.02223751 
159 1174 12 16 0.022237223 
888 857 8 9 0.022212636 
552 816 8 10 0.022205453 
739 1157 11 14 0.022195835 
312 1245 10 16 0.022176767 
190 814 8 11 0.022173237 
616 1188 10 13 0.022155171 
326 719 7 10 0.022146927 
328 807 8 11 0.022135863 
190 1196 10 14 0.022115959 
561 740 9 11 0.022103753 
646 1062 11 14 0.022102274 
686 664 8 9 0.022099985 
13 1345 13 15 0.022095725 
434 670 8 10 0.022095647 
464 757 8 10 0.022074552 
303 705 8 10 0.022068148 
214 841 10 11 0.02205128 
87 870 9 11 0.022035228 
47 440 9 10 0.022032624 
481 491 8 11 0.0220209 
227 1049 17 21 0.022019845 
78 991 9 10 0.022010922 
29 853 10 12 0.021982407 
303 1045 11 12 0.021971531 
397 684 8 10 0.021964775 
335 672 7 10 0.021954438 
748 886 10 12 0.02195194 
191 807 8 10 0.021944528 
121 1198 19 25 0.021942038 
200 886 11 13 0.021935081 
606 637 8 10 0.021932073 
504 812 10 11 0.021930512 
925 855 8 10 0.021929214 
615 797 8 10 0.021920746 
272 801 7 8 0.021918364 
818 1057 8 10 0.02189494 
234 996 10 13 0.0218932 
126 1168 12 16 0.021890009 
426 709 8 11 0.021880226 
439 759 9 11 0.021866413 
575 1240 20 25 0.021849673 
902 1125 8 10 0.02184735 
770 902 10 12 0.021843234 
591 1196 19 23 0.021819914 
237 901 9 11 0.021819182 
121 950 8 11 0.021818256 
717 1289 11 16 0.021808028 
945 884 8 10 0.021806484 
413 1220 12 15 0.021801073 
615 655 8 9 0.021798866 
492 832 10 11 0.021798085 
799 1280 13 17 0.021795176 
547 890 11 14 0.021786984 
809 1094 8 11 0.021784093 
817 878 9 11 0.021778272 
363 1206 19 25 0.021755189 
798 960 9 10 0.021754442 
433 1144 11 17 0.021748034 
366 812 9 11 0.021733306 
633 1064 18 22 0.021702603 
61 488 9 10 0.021690287 
569 503 8 10 0.021681199 
5 1174 12 16 0.021678722 
154 1304 16 22 0.021675214 
135 822 8 10 0.02166756 
62 829 8 10 0.021664133 
517 1315 21 30 0.021658758 
138 974 9 11 0.021656808 
383 688 7 10 0.021638166 
9 1119 10 12 0.021628356 
567 1218 12 16 0.021622015 
591 1045 10 14 0.021592237 
789 1008 18 23 0.02159082 
684 973 12 14 0.02159067 
296 935 9 12 0.021589784 
626 890 18 22 0.021584367 
359 1157 10 13 0.021576142 
685 1179 12 17 0.021555694 
556 1109 11 15 0.021542318 
276 1060 11 13 0.02153645 
232 1182 12 14 0.021520684 
905 926 9 11 0.021509105 
464 521 8 9 0.02149219 
213 1180 13 17 0.021490112 
582 924 10 11 0.02148389 
55 1008 9 11 0.021479428 
750 821 8 10 0.021474028 
759 1282 13 15 0.021456797 
540 1189 12 16 0.021455133 
22 1080 12 17 0.021444283 
662 719 7 9 0.021438412 
165 1015 10 12 0.021415828 
79 888 9 12 0.021406101 
205 1002 20 22 0.021404676 
496 638 8 9 0.02139166 
321 1029 10 12 0.021391017 
549 1298 12 17 0.021388538 
751 816 9 10 0.021384602 
636 935 19 22 0.021382993 
297 705 7 8 0.021372054 
640 1153 11 16 0.021367263 
478 607 8 9 0.021365423 
697 908 9 11 0.021365179 
430 970 13 18 0.021355262 
508 1321 12 18 0.0213549 
592 1294 9 12 0.021348355 
62 1157 10 14 0.021347793 
257 1033 12 15 0.021334413 
368 963 9 12 0.021332162 
490 819 9 12 0.02132225 
193 775 7 9 0.021297019 
425 1099 9 11 0.02127202 
745 937 18 25 0.021270195 
538 843 9 12 0.021257902 
127 984 7 9 0.021249028 
390 606 7 9 0.021240532 
199 870 10 12 0.021236775 
760 998 7 10 0.02123519 
487 695 8 10 0.021230308 
613 1224 11 14 0.021226458 
700 998 11 13 0.021217247 
304 868 9 11 0.021216149 
464 743 9 11 0.021216145 
663 711 6 9 0.021197675 
214 885 8 11 0.021195838 
609 1225 19 22 0.021191113 
785 943 10 12 0.021189105 
151 960 9 11 0.021177663 
278 1117 11 13 0.021176104 
640 749 9 10 0.021167783 
535 655 7 9 0.021126317 
456 956 12 16 0.021109913 
154 1313 18 25 0.021104379 
278 704 7 9 0.021075027 
831 855 8 10 0.021071816 
14 1067 12 15 0.021068545 
537 1105 21 26 0.021061834 
759 1266 12 17 0.021059807 
684 980 12 16 0.021054804 
680 694 8 9 0.021040224 
95 986 18 21 0.021026136 
219 1180 11 16 0.02101965 
520 527 8 9 0.021011988 
524 1289 13 17 0.021006338 
344 871 9 11 0.021006234 
479 599 8 10 0.021005409 
565 759 8 11 0.021000406 
603 885 9 12 0.020987047 
672 781 7 10 0.02098403 
149 837 9 12 0.020973891 
433 740 9 10 0.020933323 
733 918 10 12 0.020918146 
296 776 8 10 0.020887218 
865 883 9 11 0.02088218 
646 687 7 9 0.020878688 
221 767 8 10 0.020833869 
85 1031 9 11 0.020827053 
193 1075 11 14 0.020825924 
627 919 19 24 0.020821948 
592 934 10 13 0.020821808 
312 940 9 12 0.020818599 
657 662 8 10 0.020806111 
15 1159 13 18 0.02080595 
598 822 7 10 0.02080281 
597 1054 11 15 0.020801313 
861 1069 10 12 0.020794312 
321 823 9 11 0.020790944 
478 1197 10 14 0.020782737 
215 990 11 12 0.020766592 
551 599 8 9 0.020760227 
568 1014 18 24 0.020758873 
128 1062 10 12 0.020753033 
819 938 17 23 0.020723872 
644 1229 10 15 0.020716 
178 990 18 22 0.020706112 
23 478 10 11 0.02068404 
502 1317 22 28 0.020676652 
710 908 10 13 0.020666685 
543 1121 22 31 0.020655768 
79 445 9 10 0.020650329 
535 632 7 8 0.020646019 
85 1245 11 15 0.02064008 
573 900 9 12 0.020628573 
390 689 18 24 0.020613685 
591 697 8 9 0.020611925 
814 1032 8 10 0.020597827 
703 734 6 8 0.02059521 
477 1228 12 16 0.020590026 
593 984 8 11 0.020589324 
112 919 19 22 0.020580754 
191 433 7 8 0.020558577 
454 678 9 11 0.020545417 
687 1199 19 23 0.020535959 
272 806 7 9 0.02053384 
208 1275 15 20 0.020533616 
286 971 10 13 0.020530712 
545 512 8 10 0.020528948 
612 870 9 12 0.020523684 
789 974 10 13 0.020506153 
733 1261 13 16 0.020489316 
95 1338 18 23 0.020466557 
681 655 8 10 0.020462815 
215 1131 11 14 0.020462692 
439 663 8 10 0.020445045 
614 1197 10 14 0.020434761 
615 893 9 12 0.020433862 
144 901 10 12 0.020420598 
568 749 7 10 0.020413302 
319 688 9 10 0.020389391 
320 757 8 10 0.020368686 
407 655 8 10 0.020365234 
613 990 9 12 0.020359509 
501 1315 14 17 0.020345373 
453 663 8 9 0.020340247 
845 1267 11 15 0.020290129 
177 863 8 12 0.020289235 
830 1081 17 23 0.020285364 
767 1077 11 13 0.020284643 
407 670 9 11 0.020284016 
61 1118 9 12 0.020282384 
69 1016 10 11 0.020281771 
735 799 7 10 0.020276133 
768 964 10 12 0.020273237 
501 1179 12 16 0.020261327 
229 814 8 11 0.020257002 
186 1229 13 17 0.020252557 
57 840 9 11 0.020246677 
576 656 7 9 0.020244656 
135 1165 11 16 0.02024001 
670 678 8 10 0.020229317 
127 973 8 11 0.020218378 
181 926 10 12 0.02021478 
397 1249 20 23 0.020213362 
629 855 9 11 0.020201722 
628 978 18 22 0.02019868 
458 715 109 139 0.020192353 
766 1260 12 16 0.02019145 
287 1091 10 11 0.020190429 
819 1318 20 28 0.020173889 
536 647 8 9 0.020149754 
596 1063 18 23 0.020146713 
116 1186 18 22 0.020136073 
504 534 7 9 0.020131413 
531 1324 23 29 0.020128684 
825 1091 10 11 0.020128416 
600 864 19 22 0.020123553 
871 999 10 13 0.02011667 
518 989 9 12 0.020116199 
552 607 8 10 0.020104425 
168 966 9 11 0.020103589 
181 1062 9 12 0.020102425 
583 671 7 9 0.020099532 
102 1146 13 15 0.02009664 
521 631 8 10 0.020092882 
801 1339 16 20 0.020078214 
702 970 11 14 0.020076746 
437 1285 15 19 0.020060424 
248 987 12 13 0.02005994 
941 1041 9 10 0.020054512 
434 1168 20 25 0.02003337 
496 992 9 11 0.020032529 
103 1189 10 12 0.020020792 
23 1126 11 13 0.020019406 
590 893 10 12 0.020017965 
