21_Festival_Festival_21_201
183
773 307 29 46 0.9829942 
905 308 19 23 0.8999343 
677 298 24 29 0.88248724 
43 381 25 37 0.8441624 
218 429 19 23 0.77948207 
553 313 20 25 0.7332614 
276 362 17 20 0.6890275 
394 368 22 31 0.67584777 
506 350 22 30 0.5461033 
719 379 23 28 0.50480264 
12 434 13 18 0.49457908 
613 330 16 23 0.47593337 
290 343 16 24 0.4215107 
242 384 16 19 0.41279477 
403 341 16 20 0.39075625 
640 296 16 23 0.363704 
438 345 14 20 0.3492048 
377 339 15 20 0.26705518 
575 344 14 19 0.266706 
7 58 383 475 0.26455656 
481 52 223 269 0.26215577 
665 314 12 15 0.25696555 
904 147 66 58 0.21870728 
650 328 14 17 0.16003712 
11 399 16 20 0.15951543 
389 -37 368 434 0.15921687 
246 400 21 28 0.14789532 
628 317 12 14 0.14610429 
281 350 19 24 0.14280102 
329 403 25 33 0.13552672 
603 314 14 17 0.13160893 
113 292 106 78 0.12790838 
453 319 11 14 0.12006864 
3 195 108 176 0.11177836 
13 410 14 18 0.110213466 
22 134 222 283 0.10584161 
361 392 27 33 0.10177683 
430 327 11 13 0.098678306 
405 333 15 17 0.09767992 
574 352 13 18 0.09244426 
267 377 30 34 0.09056543 
451 330 14 20 0.09021672 
596 323 13 15 0.08903576 
592 377 10 12 0.08806363 
507 337 22 28 0.08705444 
939 307 19 25 0.08201862 
619 326 13 16 0.0752088 
107 270 82 66 0.07361761 
444 338 15 20 0.07347704 
477 327 17 22 0.07248749 
890 122 103 101 0.07135124 
657 -76 397 497 0.06816343 
260 389 28 32 0.06799916 
592 324 10 13 0.06168754 
492 332 12 15 0.060171288 
980 254 28 40 0.058041338 
645 406 11 14 0.05723855 
386 345 40 53 0.05706647 
147 318 45 38 0.05337542 
639 81 111 131 0.053082768 
467 292 27 32 0.052327815 
57 241 125 108 0.052017692 
463 201 27 36 0.05125079 
446 423 38 54 0.051082738 
238 390 23 28 0.047337115 
300 372 26 30 0.046883978 
406 367 21 31 0.046476312 
602 320 22 27 0.044747975 
362 331 24 31 0.04296055 
921 140 42 41 0.042796835 
673 291 19 21 0.042626232 
400 333 12 16 0.04252039 
569 349 12 16 0.04101356 
957 107 57 70 0.04099794 
899 282 17 22 0.04072097 
633 416 9 12 0.04070511 
666 305 24 30 0.040390436 
1 424 9 13 0.040113933 
593 380 13 15 0.0399352 
-1 660 82 120 0.039822184 
-43 348 351 478 0.039256897 
661 340 14 20 0.039220918 
436 333 12 14 0.038790423 
469 226 450 443 0.03760002 
450 325 11 15 0.03645201 
575 361 12 17 0.03488188 
656 444 15 17 0.03487779 
256 400 19 23 0.034120206 
318 400 41 53 0.034091253 
771 300 15 22 0.03375722 
654 438 11 14 0.033751205 
856 383 13 18 0.033619534 
486 318 13 16 0.033140846 
498 328 24 27 0.032924905 
803 176 55 52 0.032863718 
630 358 13 17 0.032723404 
422 139 25 32 0.03243574 
610 315 12 15 0.032332707 
971 243 27 42 0.03179914 
474 104 136 146 0.031217307 
315 119 18 22 0.030795584 
582 74 115 144 0.030650211 
380 339 21 29 0.030184027 
940 83 52 70 0.029827302 
447 376 21 33 0.02980111 
346 108 29 34 0.029497365 
679 284 25 28 0.029441044 
203 433 40 55 0.029137138 
31 434 12 15 0.029085357 
416 94 107 134 0.028803177 
482 321 23 30 0.028085046 
641 125 68 81 0.0280295 
351 382 29 37 0.02770224 
899 178 49 67 0.027698644 
549 296 27 35 0.027663235 
467 379 14 17 0.027617803 
629 358 20 28 0.02760763 
350 314 46 58 0.027459215 
661 331 12 17 0.027154913 
5 429 15 18 0.027013764 
95 425 27 36 0.026988782 
916 271 23 31 0.026690437 
758 366 26 33 0.026504427 
120 331 67 54 0.026459068 
638 413 11 14 0.026394082 
667 321 14 17 0.026390003 
947 210 40 54 0.025969386 
432 339 15 19 0.02596242 
364 373 15 21 0.025865395 
319 290 12 15 0.025810154 
207 424 24 31 0.025716502 
573 298 15 18 0.025629403 
370 410 18 24 0.025617199 
453 169 49 67 0.02558318 
637 321 11 16 0.025567757 
634 300 10 15 0.025393937 
888 268 28 37 0.024601184 
226 398 13 15 0.024501743 
920 171 57 81 0.024480926 
8 410 23 29 0.02414394 
541 355 12 16 0.02413547 
328 452 47 61 0.023953216 
781 70 240 267 0.023933396 
754 300 39 47 0.023847412 
99 346 38 36 0.023773255 
471 311 28 33 0.023482474 
772 253 16 22 0.023471944 
323 128 13 17 0.02336081 
655 328 20 28 0.023026818 
202 385 17 20 0.02293161 
993 284 28 41 0.02284193 
515 333 14 19 0.022727137 
750 284 16 17 0.022535233 
228 399 26 29 0.02241666 
441 115 60 78 0.022410948 
419 369 16 23 0.022361731 
365 352 14 19 0.02231046 
670 287 14 19 0.022288164 
139 364 35 35 0.022259384 
457 325 19 27 0.022031832 
4 421 13 15 0.021921767 
492 318 14 16 0.021908857 
500 420 12 16 0.021901628 
297 336 26 31 0.021638883 
635 443 11 15 0.021367194 
659 487 13 17 0.021301793 
331 364 16 20 0.021211613 
471 326 14 19 0.021132214 
669 77 56 76 0.021040464 
523 323 15 18 0.021027438 
180 316 373 453 0.02101963 
323 417 44 59 0.021004252 
188 407 30 40 0.020859035 
371 461 43 49 0.02077562 
597 338 13 16 0.020698905 
339 207 29 40 0.020558078 
812 304 26 40 0.020514926 
366 389 42 51 0.02049308 
347 407 30 36 0.02044529 
503 339 14 18 0.02043446 
670 358 12 16 0.020413645 
310 398 28 37 0.02026106 
404 347 26 35 0.020185202 
