21_Festival_Festival_21_354
45
275 157 402 533 0.999752 
767 442 61 70 0.4802416 
765 553 86 79 0.3565491 
121 43 48 62 0.12884794 
746 422 66 75 0.081486806 
641 511 34 39 0.07538566 
626 521 31 32 0.06738502 
320 517 438 494 0.06638514 
341 980 10 13 0.059665427 
61 743 42 41 0.054022253 
76 729 101 118 0.052713946 
637 669 272 283 0.05164391 
51 696 57 50 0.051629934 
-7 576 41 85 0.049043484 
657 504 27 37 0.044746514 
676 462 52 66 0.04382393 
47 613 48 60 0.04060224 
91 600 57 65 0.040442567 
142 43 57 78 0.037497688 
163 63 60 88 0.037022337 
277 952 8 10 0.035885215 
334 387 278 319 0.03457731 
97 603 33 42 0.03346087 
662 481 46 55 0.032896556 
800 446 49 60 0.0327093 
667 500 15 20 0.032459565 
617 506 49 53 0.031633515 
84 574 93 107 0.030062746 
724 430 64 83 0.028153561 
116 725 66 72 0.027356448 
694 451 60 76 0.027295293 
74 618 52 58 0.027240204 
49 718 57 53 0.025796123 
644 513 18 23 0.025430363 
586 677 450 469 0.025087887 
102 576 61 65 0.024375983 
639 488 48 55 0.024142545 
0 40 84 133 0.022480438 
822 457 27 42 0.021500587 
788 475 44 49 0.021240823 
116 716 40 44 0.02120174 
129 582 34 35 0.020896183 
84 609 32 41 0.020589694 
71 750 66 75 0.020375315 
532 480 404 412 0.02024357 
