21_Festival_Festival_21_830
21
467 134 356 502 0.99970645 
9 505 45 63 0.62147695 
59 572 413 514 0.48408234 
332 452 557 545 0.36278713 
964 503 51 58 0.29252744 
940 509 54 59 0.23979144 
823 514 50 66 0.2165001 
108 813 268 290 0.18564034 
989 491 35 54 0.09663518 
340 71 371 462 0.068423845 
676 666 255 266 0.06621529 
933 497 26 38 0.06522314 
923 526 55 69 0.057735555 
186 484 415 501 0.053935036 
27 302 95 158 0.049213428 
108 91 83 147 0.036028586 
922 501 49 65 0.034153312 
185 501 18 20 0.03278999 
98 534 13 18 0.031099545 
54 50 355 516 0.026694598 
906 522 88 110 0.026499692 
