21_Festival_Festival_21_373
248
78 183 38 49 0.99695194 
872 181 16 20 0.9777755 
833 171 16 22 0.8821805 
605 214 12 15 0.872072 
933 166 19 22 0.8091518 
551 218 15 22 0.7444528 
683 221 13 16 0.73989016 
397 243 31 30 0.7063423 
398 202 22 28 0.68959224 
809 248 18 21 0.66906136 
746 189 9 12 0.6283207 
799 188 11 14 0.5666305 
860 218 19 20 0.49591783 
727 187 8 10 0.49153444 
645 209 15 23 0.4543481 
565 191 9 12 0.44180095 
494 243 17 19 0.346322 
600 270 23 29 0.32819518 
492 257 17 21 0.31838137 
601 191 9 11 0.31550127 
542 204 11 14 0.3130162 
526 220 11 17 0.2598045 
582 181 8 10 0.24848063 
842 179 15 18 0.2065669 
645 191 8 11 0.20502716 
402 256 20 21 0.1841613 
783 202 11 15 0.15745282 
38 196 10 11 0.15541787 
406 207 28 33 0.1414385 
745 186 8 11 0.13960618 
509 205 11 14 0.13646 
532 217 13 19 0.13552903 
605 364 12 14 0.13342026 
655 275 9 11 0.12448242 
728 246 10 13 0.11740779 
590 236 10 12 0.116327964 
612 236 12 15 0.11532598 
472 265 15 21 0.1146868 
710 182 8 10 0.11382536 
595 268 19 23 0.11097677 
656 291 10 12 0.10307507 
630 288 12 15 0.101942286 
644 195 10 14 0.10084952 
541 210 14 20 0.09626907 
533 274 17 20 0.087183595 
438 195 14 17 0.08714826 
734 184 8 10 0.084671505 
538 268 13 16 0.08383877 
817 182 9 12 0.08277481 
366 190 12 16 0.08214724 
516 189 10 11 0.08148474 
787 204 12 15 0.08098734 
694 197 8 9 0.080636755 
792 228 10 13 0.07964696 
558 255 14 17 0.07429742 
749 205 9 12 0.071233384 
608 217 13 16 0.070044056 
603 286 17 21 0.06996297 
808 223 12 15 0.06963743 
551 190 9 11 0.06814206 
853 224 19 19 0.06624188 
576 197 12 14 0.064742595 
745 194 10 13 0.06411918 
673 200 7 9 0.064026445 
578 201 17 22 0.06387579 
480 184 9 12 0.06317612 
718 214 9 12 0.063026115 
582 403 15 16 0.06156067 
487 188 9 10 0.060821157 
718 267 10 12 0.057366773 
824 179 12 16 0.056124393 
851 184 12 17 0.055963818 
601 185 8 10 0.055858247 
535 89 8 11 0.05575512 
5 197 9 13 0.055463135 
530 92 8 11 0.0551146 
377 283 33 43 0.054943953 
654 190 9 11 0.05262359 
575 245 11 14 0.052144792 
420 210 16 20 0.051539976 
777 204 10 13 0.051356055 
561 307 17 21 0.050804682 
729 238 9 13 0.050591733 
587 265 18 23 0.05049432 
505 79 7 8 0.04965518 
693 214 10 12 0.047981903 
461 183 8 11 0.047942303 
389 205 16 22 0.04777182 
429 204 14 19 0.047680844 
696 193 7 10 0.046867616 
548 196 11 14 0.046720773 
65 199 10 13 0.046419136 
2 191 8 11 0.045875207 
555 234 15 19 0.045774505 
576 175 9 11 0.04409277 
691 197 8 10 0.04343891 
706 184 7 9 0.042897347 
0 30 8 14 0.0420717 
719 231 8 10 0.041855384 
679 216 11 14 0.041802675 
586 202 16 21 0.041287914 
689 182 8 10 0.04075676 
689 192 8 10 0.04034948 
678 191 8 10 0.040259477 
584 237 10 14 0.04013623 
408 227 27 32 0.040046055 
706 255 9 12 0.039981857 
664 198 9 11 0.038998727 
710 320 11 13 0.038062364 
611 274 21 29 0.03795628 
601 175 9 10 0.03715732 
526 275 15 19 0.03696689 
32 199 9 11 0.036611054 
636 174 9 11 0.03621188 
552 241 14 17 0.03612671 
513 184 9 11 0.03586364 
793 187 12 14 0.035729278 
742 186 18 22 0.03562704 
721 220 9 12 0.03555375 
803 183 10 13 0.035072494 
702 260 10 14 0.03489837 
468 327 13 19 0.033915266 
495 87 7 9 0.03362846 
517 183 9 11 0.033557314 
773 180 10 12 0.03277456 
849 171 14 17 0.032751653 
640 217 15 18 0.032718375 
390 250 29 31 0.032568675 
759 216 10 12 0.032520294 
544 88 8 10 0.032494955 
621 202 13 16 0.032381903 
920 215 11 14 0.03229887 
596 229 12 16 0.031646665 
621 323 11 14 0.031439193 
563 234 12 18 0.03140112 
7 202 9 13 0.03098264 
496 183 8 10 0.030906843 
804 221 21 29 0.030432796 
933 182 14 18 0.03038974 
713 212 10 14 0.030283127 
515 197 12 15 0.03023293 
487 102 8 9 0.030074392 
664 205 10 13 0.02989705 
537 204 11 15 0.029830132 
677 198 8 10 0.029824495 
751 219 10 14 0.029667338 
679 207 9 11 0.029608708 
553 242 21 27 0.0295296 
638 243 10 14 0.02926743 
627 189 11 13 0.028849075 
562 225 13 18 0.028641902 
944 168 15 20 0.02836106 
662 192 8 10 0.028314225 
909 203 11 14 0.027876103 
889 646 9 11 0.027798973 
502 182 8 11 0.027773963 
362 189 22 26 0.027723296 
623 184 10 11 0.027249377 
641 202 14 21 0.027158564 
727 231 9 12 0.027093966 
566 185 10 12 0.026939465 
568 172 10 12 0.026931131 
837 183 22 28 0.026910787 
681 271 9 12 0.026903763 
542 221 17 21 0.026848935 
354 180 436 482 0.026694952 
621 189 13 15 0.026479587 
393 177 10 11 0.026392968 
695 182 8 10 0.026380276 
640 184 8 10 0.026328484 
637 335 9 11 0.026328092 
788 317 23 29 0.025988422 
808 237 43 49 0.025757598 
928 140 10 12 0.025567658 
711 177 8 10 0.025559047 
485 262 17 21 0.025208583 
575 239 10 14 0.02512944 
687 206 10 12 0.025057968 
643 223 15 17 0.02496049 
503 208 14 18 0.024911163 
732 334 11 12 0.024790805 
397 260 27 34 0.024694173 
693 206 10 12 0.02450187 
782 142 9 11 0.024410611 
759 204 10 12 0.024383787 
570 372 18 21 0.024289802 
1006 124 12 16 0.024220275 
603 196 10 14 0.024076099 
471 184 8 10 0.024041926 
638 583 10 11 0.024015088 
812 235 17 22 0.023960205 
660 276 10 12 0.023813574 
404 268 16 21 0.023766689 
629 184 10 11 0.023556598 
582 260 15 19 0.0234998 
607 252 11 14 0.023359252 
734 213 8 11 0.023359226 
649 276 11 13 0.023300344 
574 189 10 13 0.02327516 
722 188 9 11 0.023273593 
835 251 16 20 0.023261633 
605 155 10 13 0.02323681 
45 198 9 11 0.023149649 
705 245 9 12 0.02310219 
497 81 7 8 0.022955792 
416 243 15 18 0.022950355 
703 190 7 9 0.022896016 
783 191 11 13 0.022674257 
713 230 9 12 0.022629132 
410 263 14 18 0.02255344 
592 167 8 11 0.022507804 
725 222 8 11 0.022320576 
448 608 9 11 0.022216335 
328 146 31 36 0.022200188 
606 227 14 18 0.0218463 
567 45 8 10 0.02184194 
560 185 19 23 0.021784758 
605 261 13 15 0.021718178 
829 197 13 17 0.021631042 
722 184 8 10 0.021528352 
117 195 14 20 0.021478673 
681 244 10 13 0.021391295 
456 175 9 11 0.021254087 
416 215 26 33 0.021185325 
616 190 11 14 0.02110417 
728 197 10 12 0.021092413 
670 204 9 12 0.021085512 
697 395 10 13 0.021055361 
733 205 9 11 0.021030905 
431 253 11 15 0.021029731 
788 197 13 16 0.020763332 
541 240 13 18 0.020730812 
763 197 12 14 0.020691546 
14 200 8 11 0.020520348 
34 192 10 11 0.020505069 
719 235 10 13 0.020448463 
393 220 31 39 0.020440342 
598 503 10 12 0.020436838 
821 246 27 30 0.020410774 
262 20 10 13 0.020358732 
567 30 8 9 0.020340638 
654 184 9 12 0.02031102 
570 244 20 26 0.020247038 
487 252 15 20 0.020164203 
763 244 13 16 0.02013208 
596 263 15 17 0.020127743 
492 188 9 11 0.02004967 
614 308 10 13 0.020047951 
