55_Sports_Coach_Trainer_sportcoaching_55_196
100
509 164 30 39 0.9772349 
795 38 44 72 0.9705418 
280 170 35 43 0.92241096 
170 169 32 34 0.78505576 
535 193 29 36 0.7253369 
841 38 48 74 0.52127653 
470 171 26 37 0.47473055 
319 226 33 33 0.403717 
748 157 33 44 0.332437 
553 187 27 37 0.12604836 
165 177 16 17 0.09866617 
229 151 16 20 0.08439112 
125 172 26 34 0.079488195 
573 158 12 14 0.07893528 
453 176 38 50 0.07782903 
224 123 13 15 0.07624575 
283 181 21 24 0.07439661 
438 185 42 50 0.0723872 
264 139 10 12 0.06974485 
793 35 30 50 0.065564245 
108 165 31 36 0.06163785 
425 197 32 36 0.058621418 
226 155 26 31 0.053006686 
563 184 18 24 0.052734703 
342 352 13 19 0.052154303 
568 180 13 18 0.048940517 
725 148 10 13 0.04645575 
244 111 9 10 0.04562572 
945 21 9 13 0.044564705 
183 178 20 20 0.04426523 
373 141 10 12 0.043151654 
519 172 33 45 0.043072753 
149 180 10 14 0.0422921 
503 124 10 13 0.04168234 
523 126 9 11 0.040535416 
373 196 12 15 0.04044146 
132 179 15 19 0.040417355 
238 126 10 12 0.040000144 
140 180 12 16 0.03853552 
543 114 12 16 0.038517978 
107 161 17 20 0.037532754 
224 154 12 16 0.035357915 
756 45 9 11 0.03480563 
521 198 28 40 0.034290142 
428 202 18 20 0.033100292 
160 171 25 29 0.032845166 
313 235 35 43 0.03247838 
399 170 12 15 0.031065403 
743 60 9 11 0.030626977 
238 250 38 56 0.029279131 
242 154 31 37 0.028924353 
77 261 27 33 0.028638564 
516 219 14 19 0.028591514 
565 245 42 53 0.027904805 
266 134 12 14 0.027793162 
360 84 10 12 0.026965374 
448 132 10 11 0.026886905 
161 178 12 15 0.026808813 
520 111 9 11 0.0267923 
534 200 17 25 0.02674667 
555 144 12 16 0.02660856 
408 165 23 33 0.026465714 
186 157 41 47 0.026204275 
143 266 13 16 0.025672054 
522 102 10 11 0.025083467 
749 169 16 20 0.02498755 
727 175 8 10 0.024918325 
755 174 16 21 0.024661 
855 13 41 66 0.024404783 
238 339 14 19 0.024285411 
487 159 24 36 0.024277804 
457 190 44 60 0.02423743 
176 226 39 49 0.024207206 
101 169 17 22 0.023911882 
786 60 36 57 0.02359067 
385 180 13 16 0.023168089 
744 102 10 12 0.022846231 
338 345 23 30 0.02272771 
506 212 25 34 0.022523174 
192 176 16 19 0.022437619 
431 142 11 11 0.022363422 
158 173 52 60 0.021950347 
627 206 12 13 0.021786047 
756 111 9 12 0.021546071 
851 64 51 74 0.021538373 
569 162 11 14 0.021497663 
311 61 9 11 0.021369187 
462 107 11 13 0.021186424 
215 120 24 27 0.021108197 
1012 299 10 15 0.020871105 
709 190 9 11 0.020852521 
642 203 11 14 0.020838518 
520 117 9 11 0.020757228 
410 177 41 51 0.020723727 
756 39 9 12 0.020586537 
140 173 24 31 0.020477908 
298 190 15 21 0.02031496 
491 152 14 20 0.020268343 
305 116 10 13 0.020192545 
681 295 8 11 0.020008052 
