55_Sports_Coach_Trainer_sportcoaching_55_894
101
428 32 181 229 0.9995721 
26 333 12 16 0.36596015 
92 141 11 13 0.30518165 
693 241 61 76 0.22172505 
997 414 8 10 0.115547575 
958 406 7 9 0.11130444 
953 390 6 9 0.10682819 
960 425 7 10 0.10193819 
918 384 7 10 0.08677059 
661 254 71 80 0.079105906 
277 336 10 12 0.076799825 
1005 382 7 9 0.06719626 
944 401 7 9 0.0667468 
1014 357 8 11 0.06521124 
953 400 7 8 0.061267864 
1014 430 8 11 0.061003827 
1001 384 7 9 0.059765413 
902 421 8 10 0.059466347 
945 385 7 8 0.054653533 
643 252 26 47 0.0528729 
1002 441 8 10 0.052342076 
848 382 8 10 0.050297957 
976 384 7 9 0.04968368 
913 413 7 9 0.048550982 
47 364 11 15 0.04836006 
958 400 7 9 0.04683653 
952 385 7 9 0.04649426 
918 408 8 10 0.04633679 
329 389 10 12 0.045363702 
902 418 7 8 0.045258466 
274 340 10 11 0.04493265 
966 423 8 10 0.044426844 
985 399 6 8 0.04302399 
984 391 6 8 0.042039037 
2 348 12 14 0.041896153 
975 376 7 8 0.041182686 
998 408 8 10 0.04105551 
915 383 7 10 0.039573163 
645 249 53 72 0.03945159 
946 390 6 8 0.03877606 
905 368 7 9 0.038646564 
895 413 7 10 0.03841594 
272 364 10 12 0.03816021 
999 388 8 10 0.036226995 
953 405 9 10 0.035348143 
984 367 7 9 0.03469618 
857 437 9 12 0.03415565 
9 326 7 9 0.03334758 
967 368 6 8 0.032750558 
935 392 7 8 0.032581672 
1000 369 7 9 0.031619422 
993 408 8 11 0.03159098 
970 376 6 8 0.031209204 
994 385 7 8 0.030697968 
87 136 19 22 0.030632049 
977 389 7 9 0.030607497 
1015 423 7 11 0.030250067 
969 384 7 9 0.029849093 
880 372 7 8 0.029125376 
244 410 11 13 0.028795911 
1010 358 6 10 0.028788343 
937 399 7 9 0.027827725 
24 329 10 14 0.027672354 
969 416 7 10 0.027382115 
213 423 10 12 0.027217329 
982 385 7 9 0.027072323 
936 368 6 9 0.026989723 
257 334 8 10 0.026879096 
1007 400 8 9 0.026856145 
953 429 8 10 0.026103733 
893 408 8 10 0.026084503 
87 145 16 18 0.026058873 
952 424 9 10 0.025913546 
977 358 7 9 0.025845025 
914 389 7 10 0.025523635 
1013 305 10 16 0.025168952 
27 341 16 21 0.025115602 
259 374 13 16 0.02508951 
863 383 8 10 0.025033597 
968 390 7 9 0.024996217 
1005 439 8 10 0.024904016 
993 375 6 8 0.024739211 
856 383 8 10 0.0245282 
717 231 39 59 0.024434961 
16 341 10 14 0.024342077 
297 367 10 12 0.024220098 
944 440 7 9 0.023688171 
999 351 7 10 0.02316586 
991 399 7 8 0.023060577 
98 139 12 16 0.022674 
903 383 7 9 0.022624085 
960 384 7 9 0.022548692 
984 360 7 8 0.022526616 
930 391 6 8 0.021961542 
918 414 7 9 0.021067545 
894 446 9 11 0.020614456 
960 375 7 9 0.020385915 
890 414 8 10 0.020323992 
766 240 9 11 0.020121895 
992 420 8 11 0.020119788 
1006 375 7 11 0.020071497 
