55_Sports_Coach_Trainer_sportcoaching_55_1013
31
373 105 128 166 0.9998636 
177 815 18 22 0.21544787 
10 12 12 15 0.10868395 
1001 830 16 21 0.05328873 
756 92 13 16 0.037571065 
782 230 10 13 0.03549635 
26 112 7 10 0.032477714 
84 599 16 18 0.03104498 
277 789 11 13 0.029737126 
935 820 27 35 0.029447265 
0 485 8 13 0.0280984 
272 790 11 13 0.026874518 
702 281 27 35 0.026411306 
158 580 25 32 0.026278524 
14 600 12 14 0.025964037 
692 696 87 118 0.02488963 
837 193 16 19 0.024829539 
0 405 10 15 0.024717264 
475 276 49 62 0.024489757 
177 764 10 14 0.0240877 
575 821 83 120 0.023243679 
5 405 8 12 0.022492712 
9 173 10 12 0.022338161 
180 710 16 21 0.021981927 
25 77 10 12 0.02169161 
876 222 15 18 0.021582665 
183 756 11 15 0.020891106 
6 7 19 26 0.02074514 
112 404 10 12 0.020660302 
954 883 53 64 0.020397661 
837 209 13 16 0.020258108 
