55_Sports_Coach_Trainer_sportcoaching_55_620
17
470 143 47 59 0.9897171 
428 98 44 62 0.14036131 
438 103 24 37 0.12588008 
428 159 44 68 0.11613217 
360 62 101 137 0.088804685 
13 223 413 469 0.07037838 
399 81 65 88 0.049257435 
561 235 414 479 0.043838132 
455 154 50 68 0.042900953 
321 80 115 163 0.03833927 
653 85 11 13 0.03762358 
443 101 15 19 0.03613148 
449 100 34 51 0.036028787 
387 123 80 123 0.03506564 
34 292 283 259 0.024074921 
410 29 66 102 0.022343487 
629 79 17 19 0.021469105 
