55_Sports_Coach_Trainer_sportcoaching_55_183
17
378 132 236 336 0.9997662 
183 425 30 37 0.24389254 
349 466 420 543 0.14836445 
150 524 59 98 0.13590755 
718 311 58 67 0.080667615 
950 805 27 34 0.079590805 
758 11 213 318 0.038776398 
192 640 173 309 0.03661868 
53 456 30 40 0.028145501 
159 497 55 80 0.027657257 
174 418 50 60 0.02595568 
718 289 92 115 0.024094852 
990 256 28 38 0.023573378 
8 624 126 183 0.022901738 
821 192 93 104 0.021840686 
659 107 354 464 0.02048617 
99 545 96 139 0.020287752 
