55_Sports_Coach_Trainer_sportcoaching_55_774
153
443 170 26 34 0.99940705 
846 59 56 81 0.99929106 
793 272 61 86 0.9982206 
750 122 62 83 0.99605006 
475 197 27 35 0.9937358 
603 146 27 33 0.9934366 
660 102 23 29 0.99326706 
125 263 42 53 0.9712811 
518 296 40 45 0.96204853 
329 78 20 22 0.91848713 
381 72 14 19 0.8969423 
363 178 24 30 0.7772524 
384 6 11 13 0.659267 
488 171 17 20 0.6102613 
420 42 12 13 0.5802087 
388 11 12 15 0.56890655 
420 107 14 19 0.40322065 
540 160 22 27 0.3819668 
341 98 23 30 0.33214658 
410 13 9 12 0.3229758 
673 13 9 11 0.27161628 
367 46 10 12 0.22150435 
321 18 11 14 0.20145567 
491 121 17 19 0.17062609 
413 73 11 17 0.16875917 
344 6 12 12 0.15788901 
361 164 16 19 0.14592473 
372 22 13 16 0.13978606 
413 60 10 13 0.13417207 
493 154 14 17 0.12061256 
376 52 9 11 0.10844516 
352 99 17 23 0.10739073 
546 159 14 17 0.099051304 
166 269 11 16 0.09890959 
374 46 10 13 0.09176382 
406 88 13 17 0.083304614 
448 126 11 13 0.07796206 
416 31 9 11 0.07040518 
542 142 12 15 0.06498037 
330 88 23 32 0.06412558 
365 194 19 23 0.06174978 
397 209 17 22 0.061724667 
375 179 16 21 0.060813345 
406 69 20 27 0.059126228 
532 140 11 14 0.05828745 
413 52 12 14 0.057903673 
382 54 7 10 0.05575778 
585 150 23 31 0.055735428 
348 173 39 47 0.05565787 
408 20 10 12 0.053908706 
445 324 34 33 0.05324933 
416 102 11 16 0.052600235 
374 15 10 13 0.052490816 
391 53 9 11 0.052097835 
359 69 13 17 0.051479995 
425 114 13 16 0.05083716 
413 8 10 12 0.050588995 
538 146 23 30 0.04968443 
455 315 33 32 0.048760924 
363 158 13 15 0.046333324 
160 282 26 31 0.04494583 
587 141 13 18 0.04480603 
365 72 14 17 0.042130332 
359 13 9 11 0.041095104 
167 289 15 20 0.04108391 
880 0 36 47 0.040836535 
361 106 15 21 0.03941016 
528 147 11 14 0.039034117 
348 12 10 12 0.038539425 
365 63 11 14 0.036723256 
431 0 11 10 0.036514144 
425 15 10 12 0.036465053 
407 71 12 15 0.03645885 
455 0 11 10 0.03610519 
413 22 8 10 0.035815828 
469 137 23 26 0.035523392 
374 39 11 14 0.035207376 
325 84 17 23 0.0346574 
343 2 12 11 0.03437214 
363 127 18 23 0.03417912 
354 166 26 32 0.033589553 
480 180 26 33 0.03350763 
367 82 13 16 0.033006866 
320 98 13 19 0.03195831 
421 32 10 12 0.03166554 
408 55 11 14 0.031640984 
586 148 11 16 0.031618457 
348 94 16 22 0.031167347 
424 1 11 10 0.030901415 
677 8 11 13 0.030261735 
380 18 13 17 0.03025768 
371 128 14 20 0.029820003 
428 20 12 14 0.029533576 
402 83 20 27 0.029303957 
357 22 10 12 0.02927554 
329 101 25 35 0.029087598 
976 5 28 32 0.028373761 
444 6 12 12 0.02830825 
375 78 12 18 0.02830754 
392 48 9 11 0.028289724 
467 309 26 30 0.028171742 
156 266 26 38 0.028089743 
985 -4 36 50 0.028087933 
354 92 17 21 0.027960397 
444 126 20 24 0.027478056 
326 133 16 24 0.02711767 
15 413 12 16 0.026946705 
380 27 11 14 0.026876528 
348 61 13 15 0.02643204 
526 133 20 25 0.026400952 
403 206 11 15 0.02577448 
335 20 10 13 0.025357107 
361 45 12 15 0.025171716 
358 51 12 14 0.024869338 
552 168 16 20 0.024767628 
397 20 10 13 0.024703778 
427 43 11 14 0.024188021 
319 13 18 25 0.024108283 
765 73 25 31 0.024001332 
340 0 20 23 0.023929475 
506 210 14 18 0.023890855 
947 0 46 50 0.023852525 
375 59 11 13 0.023802955 
638 1 14 15 0.02345702 
971 47 49 65 0.023375085 
429 165 13 18 0.02314906 
581 138 21 29 0.023006815 
350 68 14 17 0.022851372 
429 122 11 15 0.022817755 
351 111 27 32 0.022718841 
419 46 14 17 0.022665635 
535 137 21 26 0.02264387 
557 129 15 19 0.022616312 
324 106 11 17 0.02258135 
394 13 11 13 0.022533754 
438 118 10 13 0.022470215 
418 72 13 18 0.022359565 
416 0 11 10 0.022056647 
354 146 18 20 0.022037525 
585 132 13 16 0.02203434 
342 19 9 11 0.021781208 
541 134 13 16 0.021522501 
539 170 18 24 0.021153381 
351 28 13 15 0.020911086 
546 148 12 15 0.02083929 
352 22 10 12 0.020761844 
528 155 11 15 0.020731809 
533 156 13 16 0.02033551 
530 144 21 27 0.020335138 
425 172 23 31 0.020321164 
407 165 12 16 0.02018291 
357 60 23 28 0.020177625 
383 62 10 14 0.020012965 
