55_Sports_Coach_Trainer_sportcoaching_55_218
59
731 72 51 49 0.97679067 
892 200 75 93 0.5576598 
742 164 18 27 0.37255415 
653 218 42 34 0.265366 
189 307 17 21 0.22689664 
640 197 22 34 0.21604528 
607 333 49 59 0.187599 
149 306 26 36 0.15069945 
787 122 47 68 0.10720559 
838 261 103 117 0.061078098 
638 208 45 53 0.05331859 
859 300 68 66 0.05160276 
609 232 32 51 0.049912713 
316 123 13 15 0.048260603 
386 79 8 10 0.04670927 
225 251 10 13 0.046104286 
687 263 29 29 0.04481648 
858 222 99 114 0.04426037 
752 168 18 23 0.043553576 
88 9 9 11 0.043356206 
524 219 96 100 0.043219164 
337 127 10 11 0.040354427 
304 168 9 11 0.038089227 
764 70 36 44 0.037723955 
96 23 10 12 0.036891576 
781 115 75 116 0.036733527 
657 218 23 24 0.03491887 
746 77 56 63 0.034822967 
621 316 33 57 0.034239177 
159 148 8 11 0.031983826 
274 7 9 11 0.030988725 
185 236 12 14 0.030219352 
653 225 56 48 0.02942921 
287 128 8 10 0.029109722 
336 133 11 14 0.028789079 
249 206 9 11 0.028650047 
120 198 11 14 0.02521059 
137 206 11 13 0.025095893 
753 176 23 31 0.024916723 
488 87 7 10 0.024811847 
294 104 8 10 0.024280751 
769 106 56 67 0.023811454 
846 170 100 114 0.023601744 
489 243 97 103 0.02248246 
282 127 8 10 0.022248074 
279 222 8 10 0.022160344 
297 145 7 10 0.021913756 
761 170 15 19 0.021443345 
312 142 11 13 0.021365725 
317 86 8 11 0.021185355 
190 303 27 33 0.021167457 
182 214 7 9 0.021108456 
318 160 10 13 0.021061143 
385 84 9 13 0.020993493 
636 272 17 19 0.020706167 
128 189 11 13 0.020555459 
327 192 10 12 0.020497283 
417 49 7 10 0.020437079 
845 79 24 27 0.02029505 
