55_Sports_Coach_Trainer_sportcoaching_55_773
29
324 93 56 70 0.99942434 
386 80 47 72 0.9987275 
631 84 54 68 0.9950009 
640 153 44 69 0.9904749 
-1 135 39 77 0.98908615 
810 118 53 80 0.9890258 
470 115 44 67 0.98795545 
990 95 34 70 0.9871607 
328 204 37 67 0.9820082 
719 82 43 60 0.70450395 
712 75 31 50 0.39463335 
169 155 42 73 0.342311 
540 296 97 148 0.28315777 
731 88 55 61 0.2549389 
157 164 35 58 0.1296443 
197 165 44 68 0.11719445 
791 93 55 82 0.082351126 
268 156 38 58 0.059092354 
910 480 41 49 0.046854816 
218 160 47 69 0.039541803 
422 85 45 67 0.039201543 
706 153 42 62 0.03370627 
639 114 57 77 0.02567152 
240 159 47 68 0.025459176 
864 139 39 51 0.024357826 
200 147 35 53 0.023913588 
759 95 54 70 0.02131914 
353 199 49 74 0.021274041 
614 176 46 64 0.020672891 
