55_Sports_Coach_Trainer_sportcoaching_55_770
24
620 18 52 61 0.99652064 
707 93 39 41 0.11069115 
81 356 8 10 0.07028609 
5 351 8 10 0.062425185 
213 350 9 11 0.058972534 
53 355 8 10 0.051444683 
121 358 9 11 0.0474257 
49 356 9 10 0.04582704 
7 357 8 9 0.043802008 
679 190 61 58 0.042303294 
503 151 64 50 0.04008112 
413 278 41 37 0.03777322 
348 271 12 13 0.035158146 
693 105 59 57 0.034786027 
25 350 7 8 0.034434233 
482 166 68 62 0.0321975 
961 333 9 11 0.031550612 
175 349 8 10 0.030759739 
182 359 8 10 0.03072492 
2 344 8 10 0.029690532 
104 302 10 14 0.027672354 
22 345 7 10 0.026487822 
19 343 7 10 0.025358306 
695 70 42 52 0.02480088 
