55_Sports_Coach_Trainer_sportcoaching_55_380
37
858 1 43 53 0.89796275 
574 289 22 27 0.88694465 
27 194 30 32 0.76655567 
464 175 55 50 0.7636691 
459 172 36 39 0.2838058 
455 472 14 18 0.25566375 
613 43 89 132 0.1409389 
603 328 17 20 0.12433284 
596 420 13 17 0.110367835 
452 183 32 45 0.105042316 
211 219 17 23 0.07765889 
433 169 24 31 0.057655167 
430 161 61 55 0.046724536 
827 -4 42 57 0.046321467 
572 477 17 22 0.0422736 
624 455 9 12 0.041365836 
464 171 21 26 0.039153494 
683 119 96 124 0.035792105 
599 324 15 19 0.03473299 
461 404 12 16 0.032857772 
398 156 65 55 0.032053627 
462 499 11 12 0.031661976 
583 360 11 13 0.029879404 
218 213 15 21 0.029237254 
648 97 101 120 0.029137023 
512 496 11 13 0.028176969 
519 483 11 13 0.026013624 
503 470 8 11 0.02466892 
19 180 30 39 0.023611967 
527 483 9 12 0.023228282 
31 234 28 31 0.022451507 
502 465 7 10 0.022009885 
646 94 14 16 0.021872409 
533 485 10 13 0.02085517 
521 465 7 10 0.020406773 
489 279 25 33 0.020382632 
11 130 18 23 0.020118998 
