55_Sports_Coach_Trainer_sportcoaching_55_122
279
57 370 37 46 0.9982451 
812 273 31 35 0.99798054 
871 393 36 46 0.99721235 
345 287 26 34 0.9969559 
99 279 31 37 0.9956671 
25 218 26 32 0.99555063 
36 171 30 36 0.9906749 
864 300 31 40 0.9880244 
565 298 27 36 0.9876638 
724 372 39 48 0.9845005 
180 279 29 33 0.98153573 
259 271 27 32 0.98027337 
19 252 30 35 0.97896224 
966 222 33 38 0.956707 
529 291 22 29 0.9556229 
631 267 24 29 0.91911316 
384 266 22 28 0.8612784 
738 274 27 35 0.83671963 
619 175 16 20 0.80828774 
768 262 29 43 0.78510904 
457 309 25 31 0.7271422 
693 279 25 36 0.70734537 
360 244 22 31 0.6882281 
806 183 14 20 0.62295884 
670 301 24 30 0.6190799 
707 174 15 20 0.61628944 
118 272 26 31 0.5869678 
134 193 18 26 0.56186557 
604 257 22 28 0.52283007 
742 239 22 28 0.51428825 
806 322 36 49 0.49809825 
684 257 14 19 0.4905766 
781 319 22 31 0.46706748 
467 241 17 21 0.45826003 
374 204 14 18 0.4339121 
525 261 22 26 0.38399464 
288 274 14 19 0.37298945 
180 179 10 14 0.3414712 
621 212 23 29 0.32557297 
879 164 14 17 0.31584364 
772 192 17 21 0.29626286 
310 212 14 21 0.28822193 
419 278 16 22 0.2871624 
360 212 10 12 0.27590725 
740 323 22 27 0.26889852 
326 213 14 19 0.26508248 
587 198 16 22 0.2628226 
551 178 12 16 0.24553342 
537 183 10 13 0.2454304 
835 207 22 26 0.22438784 
433 276 20 27 0.21770482 
449 249 15 19 0.20521453 
211 191 16 22 0.18537065 
463 234 16 19 0.18537027 
170 265 24 31 0.1784482 
541 181 10 14 0.16398689 
328 191 14 18 0.1566983 
458 322 18 24 0.15427382 
367 206 13 16 0.13632661 
220 192 21 26 0.13500458 
329 180 12 14 0.13093753 
285 196 15 17 0.12815312 
427 279 16 22 0.12595229 
847 178 11 15 0.1256981 
284 206 19 24 0.12381341 
124 200 17 21 0.12331894 
248 260 23 30 0.117366634 
832 252 13 18 0.116109155 
565 194 10 15 0.11301168 
271 186 14 20 0.10684872 
565 179 10 13 0.104027286 
832 190 13 16 0.10255583 
504 234 14 18 0.10088143 
634 217 16 23 0.099571876 
691 192 17 22 0.09567565 
838 220 17 22 0.09532671 
340 233 15 20 0.09359041 
625 225 24 31 0.08999475 
694 182 22 28 0.08640716 
174 185 12 17 0.084129274 
830 257 25 32 0.08370606 
566 208 15 21 0.08266325 
596 294 21 29 0.08135069 
832 194 23 30 0.07916173 
228 198 17 24 0.07796171 
581 298 24 33 0.07476295 
699 276 17 22 0.06882676 
678 279 14 18 0.067442335 
462 165 41 58 0.06484852 
245 258 17 22 0.0631434 
569 216 15 20 0.06311523 
778 198 15 22 0.06196678 
540 292 23 29 0.061720848 
530 189 15 20 0.061542325 
169 187 12 16 0.06147079 
399 462 11 13 0.061293595 
667 216 17 19 0.060437128 
301 182 9 13 0.058547184 
659 257 13 17 0.05842854 
948 178 14 17 0.058320932 
185 233 25 32 0.057090618 
593 195 15 20 0.056822103 
519 241 12 15 0.056295592 
398 305 13 17 0.055401586 
315 204 16 20 0.054868463 
420 218 15 20 0.05451592 
670 286 29 35 0.053556796 
477 271 15 21 0.053310387 
44 281 22 28 0.05307355 
274 190 18 21 0.053064793 
388 202 12 16 0.05288174 
557 176 10 14 0.052629106 
710 352 26 38 0.05247899 
378 198 15 19 0.052400503 
341 258 14 18 0.0516418 
276 183 11 15 0.051261958 
783 306 14 21 0.048904978 
372 260 25 31 0.047535673 
427 151 16 24 0.047322415 
324 203 16 21 0.04691998 
340 265 21 26 0.04681568 
700 299 15 23 0.04574011 
507 257 14 19 0.04534472 
732 223 14 18 0.04520565 
404 269 20 29 0.043715294 
654 290 29 32 0.043454524 
688 262 23 32 0.043428034 
227 188 15 20 0.043162107 
765 188 15 22 0.042324886 
263 214 20 31 0.04176132 
288 281 20 27 0.041627023 
731 218 40 52 0.04137167 
559 236 11 14 0.041349567 
733 181 14 17 0.041045625 
213 184 13 17 0.040942714 
558 187 12 16 0.04065258 
491 227 13 17 0.040643413 
753 328 15 21 0.040491942 
318 249 15 19 0.03935314 
831 162 13 15 0.039146025 
470 248 21 29 0.03903089 
842 197 23 29 0.038948085 
437 269 14 18 0.03875413 
892 179 15 19 0.038661007 
518 180 10 13 0.038426846 
352 206 12 15 0.037935097 
299 205 20 29 0.037708465 
387 231 14 19 0.03764531 
742 315 16 20 0.037585218 
166 195 13 17 0.03748144 
463 247 15 20 0.03726729 
571 204 13 19 0.03713723 
310 205 13 19 0.037117273 
175 175 17 23 0.036684472 
807 175 11 14 0.036326736 
404 316 14 17 0.036298137 
300 187 13 19 0.036294825 
770 308 34 49 0.03587672 
704 167 10 13 0.03562621 
665 385 18 21 0.035488807 
511 181 9 15 0.035440806 
883 174 16 22 0.035352133 
876 225 34 47 0.035351936 
383 230 13 16 0.035201058 
849 569 44 36 0.035122816 
727 242 43 55 0.035100788 
555 292 25 32 0.035054483 
569 243 17 21 0.03487174 
932 343 22 32 0.034550223 
706 343 24 33 0.03422885 
363 473 11 13 0.033026613 
544 177 9 12 0.03294237 
834 247 25 30 0.03288294 
216 464 10 12 0.032718875 
699 199 16 20 0.03270869 
448 281 15 20 0.032590497 
733 223 24 32 0.032313127 
287 246 24 32 0.032261778 
509 188 11 16 0.032107696 
290 55 15 18 0.03189348 
91 206 24 26 0.031197246 
812 173 11 15 0.03088941 
694 179 14 18 0.03080976 
486 219 13 17 0.030473216 
146 215 16 22 0.030080277 
472 173 26 32 0.030073108 
263 292 17 22 0.029993545 
485 233 13 17 0.029899178 
467 179 15 19 0.029786732 
429 206 22 29 0.029773092 
656 171 10 12 0.029700795 
701 217 12 17 0.029383719 
274 206 23 32 0.029275514 
673 314 18 22 0.029192965 
173 192 11 16 0.029175738 
313 212 24 29 0.029147336 
172 259 17 21 0.029092345 
700 209 14 18 0.028910913 
839 180 12 17 0.028826429 
680 273 25 32 0.028514586 
786 195 12 17 0.028415207 
357 207 19 24 0.028021114 
124 215 14 20 0.027834924 
360 217 13 17 0.027768329 
454 236 13 16 0.027586777 
343 272 24 31 0.027057733 
360 179 11 14 0.026937705 
159 484 11 13 0.026850734 
192 470 10 12 0.026693135 
572 233 16 18 0.026591146 
456 133 82 120 0.026480261 
869 254 14 21 0.02623529 
536 177 19 24 0.026170142 
234 194 14 20 0.026164522 
889 163 13 18 0.02614985 
529 268 23 32 0.026062543 
947 264 24 29 0.025964972 
844 184 14 19 0.025864048 
537 177 9 12 0.025847426 
721 259 38 50 0.025794009 
145 195 14 19 0.025604967 
445 212 12 18 0.0255906 
558 209 14 20 0.025513105 
597 278 23 31 0.025503777 
474 238 12 16 0.02539783 
462 182 22 29 0.02539726 
330 254 23 30 0.025086137 
396 201 12 18 0.024804855 
183 471 9 10 0.024716515 
237 188 11 15 0.02455306 
961 377 32 41 0.024359658 
237 208 14 19 0.024128644 
556 489 14 16 0.024101552 
293 189 13 18 0.023783749 
940 222 24 30 0.023768462 
412 223 15 19 0.023715628 
1005 167 11 15 0.0236873 
872 163 14 17 0.023604613 
726 220 14 20 0.023545198 
157 203 14 19 0.023434848 
861 240 23 33 0.023372408 
331 224 15 20 0.02335946 
813 181 21 26 0.023251273 
641 218 14 20 0.023247868 
862 204 12 16 0.022951704 
316 254 20 29 0.022930842 
703 275 25 36 0.02289991 
308 196 12 15 0.022874052 
616 216 15 21 0.022659846 
817 346 20 26 0.022626245 
499 150 14 20 0.022585263 
394 261 14 18 0.022381516 
739 318 36 47 0.022381036 
182 326 31 44 0.02225755 
580 232 14 18 0.02219384 
386 209 14 18 0.022153178 
298 225 14 19 0.022067443 
776 288 24 33 0.021928133 
163 282 24 32 0.021793446 
321 227 23 28 0.02167415 
941 228 16 17 0.021612741 
558 228 13 17 0.021593602 
0 197 13 17 0.021490216 
572 188 10 15 0.021406783 
439 265 22 32 0.021120805 
746 252 17 21 0.021067843 
483 209 15 19 0.021014126 
68 176 17 23 0.020920232 
727 186 14 18 0.020815985 
130 203 18 24 0.020745007 
373 217 13 15 0.020666217 
406 219 13 21 0.020653693 
370 244 27 34 0.020477314 
414 213 13 18 0.02046413 
821 561 42 35 0.020436484 
348 245 22 29 0.020406533 
237 249 14 20 0.020232115 
689 251 16 22 0.020049125 
310 281 21 33 0.020031178 
