45_Balloonist_Balloonist_45_277
31
459 585 94 123 0.9998498 
663 34 237 313 0.43073812 
295 1123 25 33 0.16932927 
323 1131 24 36 0.16367534 
341 852 52 85 0.1287095 
392 693 41 57 0.08647814 
505 7 431 457 0.07796019 
32 -20 581 461 0.05929162 
251 690 57 85 0.045992754 
76 645 125 199 0.044779483 
310 1126 28 38 0.042862963 
274 266 591 516 0.037929922 
81 1220 29 49 0.035092365 
559 785 373 460 0.034652855 
392 790 50 62 0.03085122 
85 1231 46 64 0.030543806 
247 1331 475 472 0.030118037 
251 779 24 40 0.029465958 
346 761 37 43 0.028652716 
81 1080 44 41 0.026601136 
395 698 17 24 0.025241204 
797 1639 20 28 0.023515567 
882 1769 32 44 0.022157216 
700 893 12 16 0.02190229 
841 594 35 39 0.021350417 
327 1795 31 28 0.02070007 
91 1090 17 22 0.02054989 
376 799 48 70 0.020545762 
391 955 32 30 0.020521099 
162 804 410 472 0.020334577 
-35 559 372 527 0.020240368 
