45_Balloonist_Balloonist_45_186
20
459 225 177 305 0.9989982 
944 515 18 20 0.38733187 
960 524 18 23 0.2291769 
462 664 466 404 0.1859125 
533 233 178 288 0.13314061 
584 843 158 131 0.054722648 
363 316 167 177 0.04223365 
573 739 276 264 0.039675668 
448 30 11 16 0.035096522 
365 200 340 434 0.03403606 
711 1238 12 13 0.02583728 
969 791 32 42 0.023851365 
113 270 467 529 0.023535946 
939 524 24 27 0.023353912 
609 884 149 159 0.022173697 
437 53 14 16 0.02178547 
689 627 39 46 0.02171992 
925 540 26 32 0.021020297 
437 48 11 13 0.021012917 
420 73 13 15 0.020242061 
