45_Balloonist_Balloonist_45_518
33
433 356 62 70 0.99922025 
411 99 74 96 0.9974049 
984 158 36 43 0.9969457 
500 77 82 96 0.9931108 
625 182 55 68 0.9907652 
796 178 23 34 0.9758304 
831 59 14 19 0.66386586 
225 25 51 79 0.21466151 
779 151 15 17 0.21397363 
4 76 55 63 0.14072135 
423 18 61 74 0.10442295 
0 39 32 66 0.09817828 
787 185 36 43 0.08703686 
346 362 37 46 0.08365163 
30 80 55 57 0.06419176 
79 53 29 52 0.06336167 
788 190 20 23 0.06115353 
206 88 29 31 0.059967477 
459 73 84 110 0.03949623 
506 -3 42 37 0.03633031 
0 219 9 15 0.03564156 
229 38 29 53 0.0345447 
171 2 39 39 0.033617377 
49 99 42 42 0.024568075 
168 1 23 20 0.024208149 
518 466 29 33 0.023701632 
0 225 11 23 0.023072276 
97 176 27 32 0.022771027 
-2 94 47 66 0.022194972 
118 160 15 17 0.021876736 
386 74 29 41 0.021380493 
153 120 42 54 0.021179937 
974 204 22 29 0.020012435 
