45_Balloonist_Balloonist_45_434
19
585 62 162 262 0.99375254 
474 280 38 44 0.4006325 
451 308 23 30 0.180942 
390 308 38 37 0.17778108 
137 319 233 202 0.094321445 
465 291 28 38 0.089335665 
475 298 33 43 0.07328916 
473 289 19 24 0.044627044 
465 321 36 44 0.044072982 
531 253 388 484 0.041344557 
446 317 31 36 0.033670988 
496 287 18 22 0.03344219 
198 194 356 471 0.03270152 
456 330 30 39 0.027058542 
467 334 48 58 0.026106099 
451 296 46 52 0.025980623 
707 94 416 433 0.023616187 
743 198 256 246 0.022143118 
237 286 196 276 0.022031989 
