45_Balloonist_Balloonist_45_402
20
469 75 59 86 0.99153113 
354 228 46 60 0.98998976 
552 204 48 62 0.98867875 
601 258 56 68 0.9682995 
280 259 43 54 0.85789454 
624 237 61 72 0.08739412 
354 602 138 160 0.04942063 
594 188 42 55 0.047600213 
541 263 24 30 0.042631477 
456 439 98 173 0.041816924 
604 223 55 75 0.04118421 
602 199 48 63 0.036551684 
20 431 163 269 0.036357556 
576 227 49 67 0.030858466 
380 234 42 55 0.025751503 
535 113 43 64 0.025546778 
560 483 55 64 0.02528217 
398 492 131 193 0.022813583 
656 237 52 59 0.022752337 
598 252 35 57 0.02174973 
