45_Balloonist_Balloonist_45_369
18
237 213 58 87 0.99070704 
772 211 66 109 0.9788352 
310 331 48 59 0.9534142 
870 70 56 66 0.052484978 
912 96 9 11 0.050467055 
883 246 45 67 0.045548223 
919 76 9 12 0.03991847 
798 188 63 83 0.033399507 
933 63 11 12 0.033053517 
929 86 10 13 0.030979823 
775 236 108 119 0.028492196 
812 169 58 68 0.026892968 
932 92 10 12 0.026700942 
752 150 105 145 0.026377607 
895 52 9 10 0.024045454 
927 78 10 12 0.023050312 
912 53 9 11 0.020947376 
827 72 30 34 0.020767076 
