45_Balloonist_Balloonist_45_936
34
142 152 323 466 0.9972084 
954 436 16 20 0.058995914 
757 322 29 33 0.055526916 
130 513 321 444 0.050350785 
923 443 52 68 0.046083745 
681 992 27 30 0.045416277 
891 964 13 17 0.04187887 
245 447 400 443 0.040979598 
990 421 16 18 0.040844616 
838 276 15 18 0.038564157 
830 374 13 17 0.036425713 
582 260 143 162 0.029217841 
873 45 101 149 0.028497752 
783 960 14 16 0.028079154 
979 458 27 32 0.027871622 
2 849 31 42 0.027016664 
1005 464 20 35 0.026114523 
846 250 13 16 0.025835613 
796 252 17 20 0.025415318 
853 251 13 15 0.02540672 
590 507 16 20 0.024526652 
216 703 116 176 0.024175968 
455 941 27 33 0.023796573 
991 456 27 39 0.0232065 
988 425 23 27 0.022766054 
1012 426 10 16 0.022381391 
957 417 9 10 0.022365464 
234 912 95 121 0.021962948 
838 247 11 14 0.021956034 
860 358 18 22 0.021907091 
254 958 67 65 0.021859642 
579 975 36 42 0.021805994 
179 794 104 136 0.021548616 
932 260 43 63 0.020293782 
