45_Balloonist_Balloonist_45_531
32
816 453 8 11 0.11357312 
355 153 41 41 0.106571496 
909 488 10 14 0.07529042 
647 201 30 36 0.061209243 
798 469 12 15 0.0590881 
334 135 55 64 0.05177924 
758 417 7 9 0.05034668 
871 440 7 10 0.049450614 
701 436 12 13 0.04512126 
770 177 15 19 0.043577198 
816 458 9 12 0.043317806 
263 133 83 115 0.039838906 
923 510 11 14 0.03761585 
830 480 10 12 0.032187164 
36 54 18 20 0.032154944 
890 500 11 13 0.030625664 
511 128 62 58 0.030495716 
317 117 53 65 0.029904423 
655 391 10 11 0.029387487 
567 14 13 17 0.029051019 
301 24 58 69 0.02885575 
553 4 14 15 0.026846824 
718 447 8 10 0.025718953 
937 496 10 12 0.02419441 
797 465 10 12 0.024104284 
810 452 10 13 0.022452783 
708 62 198 260 0.021668704 
304 140 83 97 0.02164961 
-12 246 207 312 0.021210823 
730 144 18 22 0.020944579 
294 159 27 37 0.020798055 
642 55 17 20 0.020149145 
