45_Balloonist_Balloonist_45_416
53
411 591 70 82 0.99730635 
483 1325 34 51 0.9671891 
112 1342 11 14 0.30980924 
646 702 32 38 0.23309486 
546 827 26 46 0.20411362 
414 1404 15 17 0.17528905 
403 911 54 73 0.16244917 
113 1347 13 16 0.14501286 
64 1391 11 13 0.13069355 
682 577 14 20 0.102176055 
323 1292 12 15 0.08168412 
166 74 109 103 0.075532004 
751 802 134 158 0.059783895 
262 1335 14 18 0.054299273 
533 849 26 38 0.054184332 
506 809 47 55 0.05308602 
96 1352 8 12 0.041491296 
78 1385 11 14 0.03896579 
641 548 14 17 0.037815157 
599 923 124 167 0.037768163 
521 638 45 58 0.03656546 
559 793 27 34 0.0364238 
441 797 29 42 0.035482228 
535 832 44 59 0.034888513 
553 861 33 44 0.033655353 
121 38 125 128 0.032543804 
551 804 48 59 0.031142902 
478 812 48 59 0.030140381 
623 731 29 42 0.029666942 
563 791 17 21 0.029479885 
263 1401 15 16 0.027951632 
644 558 12 18 0.027926894 
303 1373 10 11 0.027418643 
556 842 27 45 0.026425904 
670 569 26 35 0.026284013 
554 896 42 49 0.026207069 
562 787 43 54 0.02605827 
101 1348 11 15 0.024517367 
523 861 24 33 0.023217663 
321 1406 17 19 0.023086168 
529 815 31 42 0.023005841 
578 861 27 32 0.022589844 
437 798 48 64 0.022078156 
98 1354 13 17 0.022040218 
426 1406 11 14 0.021805365 
582 788 14 18 0.021745935 
109 1337 18 23 0.02160155 
578 793 26 34 0.020995248 
445 1396 9 12 0.020930396 
643 461 18 24 0.020870468 
716 1143 37 36 0.02082308 
393 948 28 36 0.020723818 
506 954 40 50 0.020374702 
