38_Tennis_Tennis_38_232
253
806 329 14 20 0.9828486 
733 252 9 12 0.89562505 
165 222 10 12 0.5760299 
648 70 7 11 0.50003296 
686 63 8 11 0.45717782 
630 38 9 11 0.4493751 
943 13 10 12 0.39845988 
990 59 11 14 0.37932122 
612 63 9 11 0.31903368 
724 70 8 10 0.31336436 
638 19 8 11 0.29542038 
728 37 9 10 0.29360062 
899 38 8 11 0.28513116 
909 16 9 11 0.26505184 
999 36 11 14 0.23824286 
693 37 9 11 0.23421511 
870 37 8 10 0.21713795 
44 414 9 11 0.21027206 
673 22 7 9 0.1862591 
591 0 13 12 0.18372442 
704 21 9 11 0.1772246 
965 22 9 12 0.17372443 
733 38 8 10 0.17272338 
726 33 8 11 0.16909586 
1008 60 8 11 0.16210829 
943 39 9 11 0.15036064 
980 44 9 11 0.14088675 
893 63 8 10 0.13988398 
981 7 13 14 0.13332894 
709 29 8 11 0.12705916 
750 54 12 15 0.122479096 
853 62 9 13 0.11930398 
106 0 16 15 0.11832056 
658 55 8 10 0.11592269 
966 34 11 15 0.11201322 
1014 257 9 15 0.11166147 
736 90 13 19 0.10911199 
742 12 10 12 0.10872049 
704 37 9 11 0.099676974 
672 28 10 13 0.09947099 
935 47 9 12 0.09696157 
647 65 8 11 0.09661877 
918 35 11 14 0.09543579 
1008 6 9 12 0.09529793 
670 95 11 13 0.09227927 
708 85 11 14 0.09091118 
976 38 9 13 0.088295735 
965 42 11 13 0.08364094 
662 40 8 11 0.082114644 
985 60 10 13 0.08076562 
963 62 12 14 0.07837689 
702 95 11 14 0.07835402 
938 11 9 12 0.07806518 
964 68 9 12 0.075297676 
677 47 9 12 0.07518929 
889 40 7 9 0.07404944 
0 301 8 13 0.07212823 
906 19 9 12 0.07147368 
669 69 9 12 0.070567615 
775 15 8 11 0.06962611 
977 6 11 13 0.06909991 
935 7 9 13 0.06726384 
751 45 10 12 0.066627815 
703 16 9 12 0.06576327 
1 360 9 13 0.06553591 
709 38 8 10 0.06477553 
610 67 9 11 0.06280804 
15 318 9 12 0.06088092 
39 271 10 13 0.060606338 
672 54 9 11 0.05999035 
1015 38 9 12 0.0583384 
629 60 11 13 0.05723078 
942 44 10 12 0.056081492 
888 45 8 10 0.055692043 
678 36 9 12 0.054420896 
682 66 9 12 0.054208852 
776 19 9 12 0.05384677 
768 40 8 10 0.05352217 
657 46 8 10 0.053209182 
661 61 10 13 0.053202104 
721 62 9 12 0.053157777 
873 8 9 11 0.05300069 
968 77 9 11 0.052479845 
623 56 10 12 0.052307934 
17 267 9 12 0.051446777 
63 -1 17 15 0.051100817 
912 29 9 12 0.045970965 
61 436 10 11 0.045709793 
966 17 8 11 0.045451302 
670 62 9 12 0.045317557 
21 267 10 13 0.04502439 
958 1 10 11 0.044690218 
721 36 9 11 0.04451217 
752 38 10 13 0.043874115 
947 38 10 12 0.043866422 
719 0 8 8 0.04297322 
897 15 7 11 0.04284003 
984 93 11 14 0.042294607 
657 60 9 12 0.04179406 
741 30 9 12 0.041198995 
961 16 9 11 0.040421605 
987 6 12 13 0.0402381 
0 326 10 14 0.039881244 
1000 23 9 11 0.039312787 
865 33 9 11 0.039102796 
672 35 10 12 0.038358375 
782 58 10 12 0.03819099 
687 56 10 11 0.03783696 
982 67 10 13 0.037815623 
636 37 8 10 0.037083182 
616 57 9 11 0.036907077 
1012 60 9 12 0.03674787 
929 52 10 13 0.036550242 
737 7 11 13 0.036408972 
929 46 9 13 0.036263376 
918 43 10 13 0.036073923 
708 79 11 13 0.03588055 
743 2 9 8 0.035743956 
46 431 9 12 0.035646122 
606 79 8 11 0.03540673 
897 33 8 11 0.035333235 
671 88 8 11 0.035040315 
928 7 9 11 0.034688547 
666 93 10 13 0.034254596 
935 30 8 11 0.034214877 
984 54 10 13 0.034042034 
32 268 11 13 0.03361166 
685 0 8 8 0.03351233 
702 6 9 10 0.033024542 
992 65 10 14 0.03278454 
626 44 9 11 0.032556687 
901 31 10 12 0.032481723 
632 33 9 12 0.032177787 
985 85 10 13 0.032164134 
733 43 9 10 0.031544026 
854 56 9 13 0.031293437 
677 54 9 10 0.031257827 
654 78 8 10 0.031106299 
664 88 8 10 0.030975183 
639 86 9 13 0.030870048 
689 32 9 11 0.030784648 
999 77 8 11 0.030632177 
399 272 8 10 0.0303142 
623 81 10 12 0.03016144 
697 21 8 11 0.030120123 
702 1 10 9 0.030092737 
57 431 9 12 0.03004159 
161 224 13 17 0.029818064 
717 55 8 11 0.029589156 
767 54 10 13 0.029569201 
736 32 9 12 0.029481113 
927 1 8 9 0.02947136 
855 78 11 15 0.029399637 
0 278 8 12 0.029237473 
1000 92 9 13 0.029125102 
919 14 8 11 0.029115777 
755 53 11 13 0.02906082 
681 0 10 9 0.028512137 
654 4 13 16 0.028087009 
949 6 10 13 0.028055942 
639 55 8 11 0.02805416 
46 437 9 11 0.02795471 
655 21 10 12 0.027586931 
749 1 9 9 0.027500378 
712 0 8 9 0.02742928 
937 39 8 11 0.027427917 
658 41 8 11 0.02742395 
925 31 10 12 0.02713195 
825 443 25 32 0.026922347 
639 61 10 13 0.026910145 
795 378 23 36 0.026843673 
758 69 10 11 0.026825268 
852 89 15 18 0.026538284 
14 332 13 16 0.026504165 
973 79 9 10 0.026390094 
3 327 13 17 0.026301028 
729 248 17 22 0.026228176 
1000 86 10 13 0.026047803 
641 78 8 11 0.026031619 
712 47 8 10 0.025897482 
24 485 11 13 0.025846893 
725 75 9 12 0.025839156 
12 322 12 16 0.025740005 
630 93 11 15 0.02572736 
952 94 10 14 0.025539901 
966 55 10 13 0.025465967 
663 22 8 11 0.02545191 
45 409 9 12 0.025386127 
695 44 9 11 0.025155533 
848 65 10 15 0.025010208 
911 1 9 9 0.024967438 
111 440 14 17 0.02494102 
896 41 11 14 0.024914073 
963 28 10 13 0.024909925 
993 45 10 13 0.024907418 
792 10 14 16 0.024738032 
222 8 135 119 0.024627376 
784 31 8 9 0.024397334 
669 76 9 11 0.02437011 
56 437 9 11 0.02425164 
949 31 8 10 0.023675373 
941 50 13 14 0.023622202 
1001 312 9 12 0.023608165 
751 308 10 13 0.02353685 
712 54 9 11 0.02349513 
877 12 7 10 0.023450272 
759 343 9 13 0.023324674 
860 1 11 12 0.023304522 
746 59 11 15 0.023206942 
661 12 9 12 0.02318597 
888 31 8 10 0.02305556 
951 0 10 10 0.023030628 
709 70 10 12 0.02294631 
866 45 8 10 0.022891207 
647 55 8 10 0.022885172 
911 8 9 10 0.022816539 
820 349 12 16 0.022803519 
649 0 23 28 0.022679826 
719 75 10 12 0.022487476 
997 71 10 11 0.022393443 
602 80 9 11 0.02229563 
605 85 9 13 0.02200102 
870 94 11 15 0.021987712 
944 33 9 10 0.021924878 
653 70 9 12 0.021823898 
776 59 10 12 0.021787869 
868 55 12 13 0.021626305 
996 61 10 12 0.02149671 
1006 17 11 14 0.021320982 
663 76 10 12 0.021316668 
685 5 9 11 0.021297945 
703 55 10 12 0.021159725 
736 1 9 10 0.020834986 
719 14 10 12 0.020817997 
993 36 10 13 0.020814408 
863 59 12 16 0.020742886 
983 80 10 12 0.020726718 
656 86 8 11 0.020679839 
962 37 11 14 0.020627981 
831 372 10 14 0.020592269 
703 59 11 15 0.020543853 
894 31 18 24 0.020468544 
52 156 196 233 0.02040535 
73 446 9 11 0.020399014 
974 61 11 13 0.02035827 
630 85 10 14 0.020352935 
903 0 10 9 0.020327743 
400 278 8 10 0.020273415 
1005 37 9 13 0.020231096 
698 15 9 12 0.02013544 
19 315 11 15 0.020108491 
15 311 11 13 0.020104097 
949 20 9 11 0.02004724 
