38_Tennis_Tennis_38_501
42
565 93 116 143 0.9998883 
219 409 61 82 0.9940023 
158 592 68 91 0.98690677 
888 460 76 106 0.9798147 
959 709 20 23 0.19738828 
23 44 398 534 0.19452484 
298 788 15 18 0.06877871 
4 409 31 49 0.06214966 
281 756 42 54 0.061793122 
83 404 27 32 0.055216298 
198 781 24 29 0.049350232 
102 412 45 54 0.04805596 
3 437 34 53 0.04795325 
588 -83 368 469 0.04251348 
342 414 15 15 0.041528746 
36 550 18 22 0.041331653 
161 519 62 61 0.041024927 
282 771 17 21 0.039727792 
202 326 19 20 0.039629515 
173 501 61 57 0.03838247 
283 767 27 31 0.03765231 
133 324 14 18 0.036478646 
926 748 13 15 0.034595404 
405 327 17 21 0.032968618 
629 -16 227 300 0.032199558 
982 419 16 18 0.03117919 
367 344 26 33 0.029049175 
75 340 25 34 0.028803589 
292 777 25 29 0.02879928 
348 372 15 16 0.028688718 
667 2 125 154 0.02777549 
943 773 13 15 0.02599466 
118 451 95 116 0.025324224 
499 221 365 505 0.024496278 
221 395 14 17 0.023653721 
147 532 91 98 0.023583233 
194 595 41 52 0.023323175 
18 406 48 76 0.022903735 
302 764 11 14 0.022663532 
374 745 29 40 0.021942114 
100 402 97 121 0.021042474 
956 589 57 74 0.020738775 
