11_Meeting_Meeting_11_Meeting_Meeting_11_349
139
475 50 16 20 0.99556255 
524 50 17 21 0.99200386 
666 46 18 22 0.9904337 
699 63 16 19 0.9731204 
629 57 20 27 0.97288835 
427 37 16 22 0.9640617 
587 51 17 24 0.9615667 
203 171 65 120 0.95099616 
145 35 19 26 0.9374027 
981 51 13 15 0.8938841 
825 52 17 24 0.890912 
727 56 19 22 0.87150574 
858 55 15 19 0.8148648 
894 51 11 14 0.755993 
788 59 12 17 0.66579974 
606 50 17 22 0.61482483 
748 91 16 19 0.4617748 
821 68 18 23 0.29457894 
574 110 14 16 0.21304777 
901 53 10 14 0.19256711 
643 102 18 22 0.16151126 
835 34 12 15 0.15133293 
913 76 12 14 0.13001613 
399 78 11 13 0.11760192 
909 55 10 13 0.116134405 
953 53 8 10 0.10613656 
803 117 15 21 0.104188934 
600 97 14 18 0.101123616 
986 56 14 17 0.08550571 
572 24 15 19 0.08474333 
462 83 14 17 0.07890373 
414 339 45 55 0.0771167 
603 59 19 22 0.07574611 
556 57 14 18 0.07463585 
555 93 12 16 0.07342237 
967 53 9 12 0.072017215 
782 62 16 20 0.07076755 
853 45 11 13 0.06252817 
575 51 16 18 0.0601609 
819 100 13 16 0.05962986 
513 11 14 18 0.05911998 
852 63 16 21 0.05834361 
594 52 22 28 0.055318587 
774 62 14 20 0.054844994 
370 58 11 14 0.05469843 
758 69 11 14 0.05338199 
846 36 12 16 0.05304897 
706 143 24 28 0.052324172 
926 53 10 11 0.051771127 
498 91 14 17 0.05065407 
823 126 13 16 0.050140694 
959 53 8 10 0.048105888 
735 48 13 17 0.047505833 
794 128 15 19 0.046544585 
855 85 13 17 0.046397537 
867 53 12 17 0.043768138 
498 82 13 18 0.043123804 
149 181 87 121 0.042306952 
424 377 32 34 0.041747507 
927 49 8 10 0.041382488 
403 85 12 15 0.040171076 
307 361 51 49 0.039905515 
878 69 12 15 0.03948476 
773 74 11 16 0.039289363 
845 57 15 18 0.038978733 
965 61 9 12 0.038851812 
960 63 9 12 0.038681544 
570 109 11 14 0.038397398 
447 140 13 16 0.038030837 
986 49 13 16 0.03643939 
879 84 14 17 0.035528727 
868 82 13 17 0.03445258 
848 67 12 17 0.03439866 
964 69 9 13 0.033430696 
848 119 9 10 0.032614663 
575 31 22 27 0.03224714 
637 109 23 26 0.03112692 
776 93 11 14 0.03075274 
610 100 15 20 0.030456513 
921 48 8 9 0.030431839 
829 48 12 16 0.03036178 
640 2 18 21 0.029802708 
795 1 14 17 0.028726408 
560 182 9 12 0.028576214 
919 54 10 11 0.028547378 
566 22 14 19 0.028407868 
999 133 11 14 0.028403183 
463 61 10 14 0.028173685 
889 48 11 15 0.027609514 
459 14 14 21 0.02759816 
834 41 14 19 0.027547907 
573 180 45 53 0.02737317 
916 60 12 15 0.027350385 
834 55 13 19 0.026778849 
455 62 10 14 0.026579224 
658 46 19 26 0.026503112 
652 49 15 21 0.026461102 
989 65 15 16 0.026345467 
53 0 71 70 0.026042586 
771 134 15 19 0.026024777 
804 126 16 19 0.025790626 
885 77 12 14 0.025552304 
456 78 11 15 0.025435291 
767 66 11 17 0.025210775 
571 110 25 27 0.02480455 
870 119 11 13 0.024545293 
514 84 16 20 0.024453381 
810 116 13 18 0.024351139 
563 50 15 19 0.02420467 
797 83 12 16 0.023998754 
458 5 15 18 0.023889853 
485 85 14 17 0.023856012 
498 2 14 17 0.023472045 
749 69 13 17 0.023091532 
440 136 23 28 0.022782477 
870 76 12 15 0.022674223 
977 47 11 16 0.022590907 
909 68 19 23 0.022555975 
738 65 15 18 0.022358095 
953 60 10 13 0.02235108 
769 75 10 14 0.021905672 
821 27 11 16 0.021680385 
229 279 120 133 0.021675475 
794 60 10 15 0.021665843 
936 63 10 13 0.021619296 
1006 65 14 17 0.021584049 
398 126 42 58 0.021572482 
431 58 12 16 0.021571059 
790 85 12 14 0.021543987 
838 23 9 13 0.021243207 
427 132 15 19 0.021211408 
579 20 14 18 0.021030571 
467 88 13 16 0.020847859 
861 88 15 17 0.020715127 
755 2 16 19 0.020709697 
804 73 12 17 0.020676121 
892 78 11 12 0.020225585 
476 107 16 19 0.02004868 
566 29 21 28 0.020007277 
