11_Meeting_Meeting_11_Meeting_Meeting_11_587
692
805 318 16 26 0.9795679 
314 238 14 19 0.9562068 
735 250 13 18 0.9469961 
157 253 14 18 0.93808126 
876 227 11 16 0.92894506 
558 296 16 24 0.885859 
588 296 16 25 0.8726677 
221 313 18 26 0.87030196 
493 220 11 13 0.8166676 
8 182 11 13 0.8162723 
850 289 14 18 0.81310844 
958 238 13 17 0.79072374 
193 185 13 17 0.78002274 
436 325 15 19 0.7767777 
771 270 13 19 0.7705051 
763 249 12 16 0.7673951 
723 298 14 19 0.7615465 
416 306 19 22 0.7330576 
544 220 10 12 0.7184762 
376 386 26 40 0.7143725 
524 244 12 14 0.70133716 
190 238 12 16 0.6997147 
802 349 24 32 0.68124694 
517 179 10 13 0.6736353 
239 170 9 13 0.6524142 
560 321 16 23 0.6477548 
234 189 8 12 0.6241635 
363 166 8 12 0.6189092 
166 191 13 16 0.60533285 
383 175 10 13 0.5902155 
275 308 17 19 0.5612714 
260 238 12 15 0.5606383 
263 212 12 14 0.52328074 
273 170 11 14 0.51274 
643 213 11 14 0.5116768 
652 281 17 21 0.50996536 
906 275 13 20 0.5003817 
428 354 17 22 0.49387228 
207 159 7 10 0.49186325 
657 203 10 12 0.48744935 
488 183 9 12 0.48205683 
252 363 15 17 0.48200992 
518 203 9 11 0.4725221 
557 184 9 12 0.43491685 
1011 248 12 17 0.42752638 
489 188 9 12 0.4187167 
349 295 13 18 0.4024628 
917 255 12 13 0.3997371 
114 159 7 10 0.37901035 
472 191 8 11 0.37863097 
57 184 9 11 0.36570802 
418 181 9 12 0.34256127 
331 253 14 17 0.30219576 
420 233 11 16 0.29391396 
818 256 13 17 0.29103744 
543 254 10 12 0.29080683 
727 199 9 11 0.2858712 
97 175 9 11 0.27823576 
573 170 10 14 0.27427295 
460 164 8 10 0.26727054 
920 235 10 12 0.25510052 
676 215 10 13 0.25146374 
444 181 10 14 0.24331783 
252 279 13 18 0.23164457 
222 236 14 19 0.22341809 
871 261 14 17 0.21891984 
198 275 13 18 0.21808837 
244 166 9 12 0.21774054 
709 370 16 22 0.2159125 
888 218 10 13 0.21315368 
472 127 7 9 0.20461002 
267 266 12 16 0.20182984 
751 215 8 10 0.1943148 
101 180 9 11 0.1932544 
477 172 9 12 0.19294646 
568 230 11 15 0.19207652 
322 196 14 17 0.19030215 
527 167 8 10 0.1901411 
478 168 8 10 0.18876117 
1000 397 23 44 0.1867928 
372 348 14 15 0.1862135 
894 214 11 14 0.17816617 
320 158 7 9 0.17158574 
343 290 13 21 0.170719 
124 167 11 13 0.1615263 
758 236 11 13 0.1606272 
942 258 10 13 0.16047367 
704 299 11 15 0.15938984 
304 150 7 9 0.15925634 
759 152 7 9 0.15818219 
857 219 10 12 0.1551747 
303 166 9 12 0.15441391 
351 198 10 13 0.1516527 
238 142 10 13 0.15055043 
263 189 9 11 0.14926994 
48 172 7 10 0.14659567 
445 176 9 11 0.14585394 
776 205 11 13 0.14303535 
601 183 8 11 0.14179356 
124 253 11 14 0.13802159 
323 190 12 14 0.13639338 
601 205 9 12 0.13425124 
914 213 9 10 0.13331957 
777 174 7 10 0.13294573 
424 160 8 10 0.13132033 
141 157 8 11 0.13103065 
526 174 9 11 0.13071847 
832 267 13 18 0.13008095 
164 166 9 11 0.12720892 
329 166 9 11 0.12599654 
301 214 10 13 0.1252696 
494 174 9 10 0.12510371 
709 199 8 10 0.12398055 
41 185 8 11 0.123602234 
587 135 6 9 0.12197032 
457 190 10 13 0.11952039 
809 246 8 12 0.11884033 
672 218 11 13 0.11698161 
855 196 9 11 0.11604663 
928 268 10 12 0.11556565 
758 168 7 9 0.11460124 
144 188 10 15 0.112845965 
414 163 9 12 0.11237957 
499 258 13 17 0.11166564 
271 196 9 12 0.11140542 
278 292 13 16 0.11112458 
253 206 10 12 0.110379346 
186 150 8 12 0.108949915 
914 258 11 15 0.10849488 
488 167 7 10 0.10802822 
701 374 24 29 0.1071681 
564 294 21 28 0.10670415 
469 237 11 15 0.106286906 
813 248 9 11 0.104706295 
841 199 8 10 0.104133114 
287 156 8 11 0.103161745 
529 213 9 12 0.10264139 
557 166 8 11 0.10080131 
726 203 9 12 0.100792676 
707 294 12 15 0.10029767 
200 203 11 13 0.0998078 
503 173 8 11 0.09976397 
489 175 9 11 0.09897088 
420 176 10 12 0.09751722 
1012 257 12 19 0.09661024 
442 187 9 12 0.096511036 
745 184 8 10 0.09547704 
736 157 7 9 0.09427189 
478 237 12 16 0.09339638 
893 283 13 18 0.09339429 
485 243 10 12 0.09229043 
240 130 7 9 0.0919354 
820 283 10 13 0.091894835 
771 159 7 10 0.09157269 
777 268 14 18 0.091549866 
113 163 10 12 0.089690715 
214 152 7 10 0.08966242 
255 175 8 11 0.08888148 
190 158 8 12 0.08845202 
680 226 11 14 0.08776058 
742 209 8 10 0.087598346 
355 283 15 20 0.08711726 
536 146 7 9 0.08637807 
498 128 5 7 0.08571946 
259 276 15 18 0.08506346 
281 156 8 11 0.08362782 
936 254 10 13 0.083531156 
267 238 10 13 0.08288244 
278 329 14 18 0.082623795 
321 202 11 14 0.082386024 
646 141 7 9 0.08200663 
196 192 13 16 0.08143278 
287 202 11 13 0.08099309 
717 262 12 15 0.08032812 
424 311 16 20 0.07977722 
430 204 8 10 0.07946709 
871 255 11 13 0.07880883 
255 180 10 13 0.07850491 
888 294 10 14 0.0778971 
199 286 19 26 0.077486314 
427 220 12 14 0.077084295 
711 221 10 12 0.0768629 
902 238 11 13 0.07637627 
327 171 9 12 0.07573916 
520 250 10 14 0.07481244 
912 209 9 10 0.074460074 
640 207 11 14 0.07363259 
305 146 6 9 0.073595196 
894 253 11 14 0.07296233 
192 163 9 12 0.072880335 
247 160 9 11 0.07264181 
604 200 10 12 0.07213166 
534 181 8 10 0.07147082 
365 245 12 14 0.07061537 
134 173 10 11 0.07036786 
953 241 12 16 0.070171036 
923 252 10 13 0.06969893 
999 160 7 8 0.06806597 
236 274 12 15 0.067590915 
721 207 9 10 0.06753684 
851 352 14 18 0.06733528 
630 258 16 21 0.06682122 
310 167 10 13 0.06628047 
692 243 11 13 0.06596988 
425 227 15 18 0.06560342 
832 198 8 10 0.065597534 
142 194 11 15 0.06527318 
660 250 12 16 0.06504027 
655 171 9 12 0.06450719 
997 229 11 14 0.06428465 
751 220 9 11 0.064241245 
78 237 9 12 0.0634575 
303 160 8 9 0.06302094 
236 205 11 14 0.062872164 
891 291 13 17 0.06264787 
573 191 9 10 0.06230443 
514 332 13 18 0.06200759 
936 261 9 12 0.061866935 
736 228 9 12 0.06150651 
846 236 8 11 0.06145005 
257 211 12 15 0.060939778 
594 291 13 22 0.060481865 
312 190 8 11 0.060452525 
209 152 7 12 0.060202975 
357 197 9 12 0.059788607 
887 236 9 12 0.059654564 
263 183 9 12 0.058761176 
110 174 9 11 0.05860561 
510 253 9 13 0.058465473 
414 302 14 18 0.057928525 
750 191 8 9 0.057763465 
639 235 12 14 0.057457525 
476 192 8 10 0.057296973 
243 171 11 14 0.056848276 
385 356 16 18 0.056702957 
284 290 15 19 0.056700725 
925 232 9 12 0.056510877 
754 198 8 11 0.056504495 
367 205 9 11 0.056398712 
752 207 8 10 0.056275815 
729 282 21 27 0.056261353 
502 168 8 11 0.056241814 
326 159 8 10 0.05536983 
264 196 10 12 0.055246007 
294 309 11 14 0.054927673 
531 266 12 17 0.054900885 
481 181 8 10 0.054342892 
205 270 10 16 0.054059766 
239 133 9 11 0.053865694 
269 206 11 14 0.053738598 
737 207 8 11 0.053696137 
361 243 10 15 0.0535526 
926 262 9 12 0.053373147 
454 181 9 11 0.053267516 
441 168 7 9 0.05325555 
845 204 9 12 0.052570138 
254 198 10 13 0.052271802 
559 141 7 9 0.05224895 
630 204 11 13 0.052165993 
497 152 9 11 0.052107707 
705 191 8 10 0.052059118 
615 183 8 10 0.051974114 
845 199 8 11 0.05168845 
296 152 7 9 0.051488083 
364 172 9 12 0.051424954 
499 221 9 12 0.05132307 
366 345 23 24 0.051249024 
808 240 7 10 0.05118965 
440 213 11 15 0.050744835 
900 244 11 13 0.05074435 
143 181 11 15 0.05030878 
212 296 14 19 0.05027341 
320 172 9 12 0.050251935 
232 276 10 14 0.050138827 
806 297 12 18 0.050033454 
588 284 12 19 0.04996133 
1014 198 8 12 0.049741965 
704 183 8 10 0.04946684 
462 194 10 12 0.049333997 
605 175 9 10 0.049162876 
521 240 11 15 0.049155846 
188 231 14 17 0.0490401 
422 163 9 10 0.04899337 
551 246 10 13 0.048990633 
348 388 22 28 0.048981495 
285 233 15 17 0.048484344 
312 197 10 13 0.048462525 
758 213 8 11 0.048411667 
97 169 8 11 0.04840098 
284 298 14 20 0.048133448 
630 199 10 12 0.048085645 
583 291 15 23 0.047840346 
413 293 15 17 0.047826365 
949 259 9 12 0.047785252 
577 251 10 12 0.0474754 
258 189 9 11 0.047023296 
711 176 8 9 0.047016367 
743 286 12 15 0.046954077 
527 207 8 10 0.04690689 
749 184 8 9 0.046830013 
259 230 14 16 0.046314202 
904 141 11 14 0.046275087 
1015 157 7 11 0.046130262 
747 292 12 16 0.046091564 
410 165 8 11 0.0459848 
611 369 15 22 0.045878015 
738 212 9 11 0.04556008 
965 264 9 12 0.045549713 
496 168 8 10 0.045529597 
749 297 14 18 0.045341928 
424 215 10 14 0.04519637 
320 184 10 11 0.04500143 
558 251 10 12 0.044359803 
733 198 7 10 0.044322815 
895 245 11 13 0.04424617 
894 239 10 12 0.04422392 
322 242 15 18 0.04367976 
909 230 9 12 0.043357257 
462 174 7 10 0.04319562 
919 247 11 14 0.04314125 
704 291 20 24 0.04306098 
200 163 10 12 0.04292598 
776 167 8 11 0.042893115 
606 183 9 10 0.042879205 
686 223 7 11 0.042794317 
844 336 14 18 0.042764917 
916 264 13 16 0.042734448 
295 158 8 10 0.04223576 
926 248 10 12 0.04219542 
270 254 13 17 0.042048585 
464 233 11 14 0.041692838 
592 238 9 12 0.0416807 
550 151 8 10 0.041319855 
711 206 9 10 0.041291974 
384 170 10 12 0.04113124 
290 229 15 18 0.040989377 
785 306 22 28 0.04097515 
572 224 11 14 0.040851496 
323 373 17 20 0.040576596 
270 314 20 27 0.04022697 
861 160 7 9 0.040054653 
791 228 10 12 0.040050823 
439 254 11 16 0.039824266 
362 388 27 35 0.039813213 
629 211 11 14 0.039522912 
305 171 9 13 0.039449636 
731 273 14 17 0.039316423 
295 219 12 14 0.039272763 
432 327 23 29 0.039031755 
109 229 12 14 0.038821816 
277 197 11 14 0.03881665 
877 257 11 12 0.038749922 
873 196 8 11 0.03868848 
329 245 15 18 0.038614914 
148 182 11 14 0.03846726 
1008 265 12 17 0.03845609 
278 237 10 12 0.038183317 
933 230 12 13 0.038060192 
582 246 10 13 0.037953928 
421 187 10 11 0.037912928 
213 156 8 12 0.037872974 
318 166 9 13 0.037840642 
841 228 9 13 0.037732266 
698 229 9 12 0.037634827 
361 161 9 11 0.03759343 
532 176 8 10 0.037584573 
708 341 14 16 0.037521627 
309 182 9 11 0.03748947 
368 151 7 10 0.037391793 
495 255 11 14 0.037260532 
861 197 8 11 0.03725576 
415 243 10 14 0.03719862 
378 174 11 13 0.0371677 
456 174 9 11 0.036930718 
414 215 10 13 0.036684223 
837 262 13 17 0.036662508 
825 237 9 10 0.036453404 
135 167 11 12 0.036375444 
233 143 8 11 0.03622079 
408 298 12 16 0.036198866 
860 350 12 19 0.036187395 
763 255 14 20 0.036033615 
320 358 25 29 0.03602922 
235 194 12 14 0.035992138 
551 322 17 20 0.035974674 
254 270 11 15 0.03584677 
531 244 9 13 0.035809007 
310 144 7 10 0.03579036 
376 190 10 12 0.035598222 
709 192 8 10 0.03558345 
705 203 9 11 0.03545894 
704 176 8 10 0.035447273 
184 181 11 15 0.035171244 
869 306 13 18 0.035039525 
408 220 11 15 0.03498453 
934 247 10 13 0.034948222 
163 171 13 15 0.034684893 
755 152 7 10 0.034466863 
286 282 21 25 0.034443244 
622 251 13 18 0.03432492 
625 192 7 10 0.03424657 
927 274 11 16 0.03422984 
900 212 9 13 0.034203567 
313 158 9 10 0.034114014 
695 238 11 14 0.03409082 
544 150 7 10 0.033941388 
981 235 10 14 0.03359206 
311 365 10 15 0.033585917 
757 206 9 11 0.033309393 
346 203 9 12 0.033061273 
735 192 7 10 0.033052415 
800 246 9 12 0.032966 
531 149 8 10 0.032916978 
729 301 16 20 0.032869335 
903 208 8 11 0.03275848 
496 134 7 9 0.03267799 
591 244 9 12 0.032602087 
15 213 10 12 0.032512855 
569 168 10 13 0.032364346 
845 230 10 13 0.032223783 
135 189 12 14 0.032111198 
537 221 10 13 0.03209763 
887 207 9 12 0.032003615 
174 183 11 15 0.031984873 
899 251 13 16 0.03192456 
573 244 11 14 0.03188147 
430 143 8 10 0.031866238 
902 222 10 12 0.031841844 
109 223 10 12 0.031830177 
998 224 9 12 0.031804785 
616 230 9 12 0.03172198 
633 182 9 11 0.031686336 
489 217 19 21 0.031466346 
716 276 14 17 0.03142121 
488 215 12 15 0.031413563 
887 255 10 13 0.031342834 
462 181 8 11 0.030838119 
961 268 11 14 0.030819874 
565 239 13 17 0.030818248 
821 300 13 16 0.030807007 
654 293 16 20 0.030797739 
865 265 13 16 0.030701863 
835 316 14 17 0.030647442 
238 180 10 14 0.030638203 
836 331 16 20 0.03054499 
332 197 10 13 0.030530807 
691 422 13 17 0.030469975 
53 176 9 10 0.03040906 
770 174 8 10 0.030400738 
701 235 10 13 0.030389419 
465 346 18 21 0.030373098 
654 221 11 13 0.030288154 
444 259 10 15 0.030212421 
373 205 10 12 0.0301552 
883 229 11 15 0.030149277 
298 280 19 26 0.030106809 
534 206 9 12 0.03007371 
810 298 15 18 0.02995977 
309 220 10 13 0.02990099 
193 268 14 18 0.029869238 
910 222 10 12 0.029798271 
558 243 10 15 0.029621629 
11 177 11 13 0.02959537 
523 167 8 10 0.02949304 
556 174 10 12 0.02948133 
477 195 9 12 0.029478207 
321 153 7 10 0.029449508 
848 190 9 11 0.02943682 
310 151 8 9 0.02939331 
975 268 13 16 0.029280944 
752 236 12 15 0.029218623 
518 187 10 12 0.029205732 
215 240 14 20 0.029010305 
694 143 8 11 0.029004013 
919 192 8 9 0.028949287 
494 196 9 12 0.028893935 
740 239 11 14 0.02887211 
195 279 19 26 0.028827528 
372 365 24 32 0.02871172 
426 300 15 21 0.028618384 
428 158 8 10 0.028601501 
102 168 8 11 0.028585209 
462 142 8 9 0.028458834 
704 346 14 15 0.028287329 
387 179 11 12 0.028286131 
780 199 10 12 0.028251408 
627 243 14 16 0.028176533 
750 228 13 15 0.02811001 
559 160 9 10 0.02806753 
409 215 9 13 0.028017772 
425 204 9 11 0.027958415 
766 215 8 9 0.027860446 
861 312 12 18 0.02781061 
771 246 10 14 0.027779417 
805 308 14 24 0.02772725 
837 324 14 17 0.02767192 
382 196 9 11 0.027651964 
841 237 9 11 0.027650166 
915 247 20 24 0.027396023 
686 236 10 15 0.027367145 
78 192 7 9 0.027215082 
842 288 19 24 0.02712425 
375 197 9 11 0.026993616 
309 247 14 20 0.026982183 
420 240 12 17 0.026971495 
963 232 13 16 0.026887365 
776 280 17 19 0.026881691 
567 182 8 10 0.026802838 
958 274 11 15 0.02672109 
693 343 10 12 0.026650429 
411 246 23 28 0.02663528 
297 166 9 12 0.026622303 
525 179 10 12 0.026573252 
481 160 7 9 0.026515873 
751 244 12 14 0.026495159 
505 333 12 15 0.026446609 
604 373 22 29 0.026362477 
752 174 7 9 0.02632647 
656 229 9 12 0.026317876 
232 148 9 11 0.026173376 
548 251 11 14 0.026035717 
137 197 11 13 0.025956865 
630 237 12 15 0.025850069 
374 350 24 26 0.025835592 
547 215 12 14 0.025832534 
702 166 7 9 0.02582189 
360 203 10 12 0.025800753 
472 132 8 9 0.025614023 
911 236 9 12 0.025600644 
814 321 16 20 0.025328038 
376 297 11 16 0.025275331 
689 126 8 10 0.025273263 
462 214 9 11 0.025211452 
1006 235 21 27 0.025174811 
698 159 8 10 0.025150534 
713 214 10 13 0.024940537 
757 275 12 16 0.024939014 
574 196 8 10 0.024888149 
836 270 14 19 0.02483475 
560 237 11 15 0.024817264 
361 282 16 22 0.024801068 
843 370 16 20 0.024798114 
958 206 10 11 0.024789069 
1002 227 12 15 0.024787724 
512 176 10 13 0.024785746 
678 233 13 17 0.024707144 
119 248 20 24 0.024700942 
960 263 9 11 0.02469995 
926 199 9 11 0.024582677 
112 213 11 12 0.02457063 
541 216 18 22 0.024557387 
797 298 14 22 0.024548847 
325 153 8 9 0.024539439 
22 215 8 11 0.024460549 
823 221 9 10 0.02445226 
743 222 10 12 0.024446422 
840 224 9 11 0.0243457 
738 297 15 19 0.024341326 
981 261 11 14 0.024332035 
689 148 9 10 0.024313455 
311 231 12 16 0.02428866 
244 189 11 12 0.024269266 
117 233 11 15 0.02423843 
872 214 9 10 0.024208963 
686 368 42 47 0.024195312 
55 199 10 12 0.0241865 
197 176 12 14 0.0241759 
701 299 20 26 0.024096768 
141 174 9 12 0.024062302 
409 173 9 12 0.024062082 
754 157 7 8 0.024044653 
120 258 13 18 0.024005406 
159 187 15 19 0.023951756 
359 160 17 24 0.023913315 
820 306 13 19 0.023901988 
324 228 13 17 0.02389027 
566 225 18 23 0.023820987 
783 142 7 10 0.023811331 
829 251 10 14 0.023721296 
566 307 21 31 0.02369694 
183 102 10 13 0.023668747 
757 172 8 10 0.023636917 
73 192 7 9 0.023611022 
351 215 10 13 0.023564953 
332 173 10 13 0.023564678 
836 296 14 19 0.023479212 
871 247 11 14 0.023477599 
926 283 11 15 0.023461008 
488 193 11 13 0.023437737 
268 166 8 11 0.023418734 
816 213 7 9 0.023383705 
4 181 9 13 0.023380527 
284 370 12 18 0.023354396 
239 161 18 24 0.023339996 
788 267 12 16 0.023228247 
845 251 11 15 0.023145445 
181 175 11 13 0.023139222 
500 215 10 12 0.023124132 
568 190 9 11 0.023119142 
625 196 9 12 0.023110349 
725 285 15 21 0.02309916 
637 199 9 11 0.023094663 
329 291 22 27 0.023047108 
727 270 12 15 0.023010686 
614 118 199 216 0.022989662 
310 393 14 17 0.02297708 
721 200 10 10 0.022957832 
294 205 9 12 0.022956217 
884 302 14 20 0.02294676 
554 142 7 9 0.022917837 
630 159 7 10 0.022903176 
318 222 11 14 0.02288838 
788 351 25 30 0.022860432 
526 161 9 11 0.022838937 
455 214 9 12 0.022831917 
629 219 11 13 0.022739694 
464 240 12 16 0.02261386 
139 287 22 28 0.022561373 
759 156 7 10 0.02254076 
792 246 9 12 0.022485586 
798 314 15 24 0.022477563 
634 233 20 24 0.022460938 
161 248 15 18 0.022438187 
381 187 11 14 0.022423277 
248 198 10 12 0.022422409 
829 238 9 10 0.022379538 
662 213 11 14 0.022366008 
495 205 10 14 0.022333555 
630 190 9 11 0.022320593 
462 207 8 10 0.022295373 
994 160 8 9 0.022227092 
756 233 19 22 0.022209167 
698 360 26 28 0.02218154 
14 197 10 12 0.022179492 
325 182 10 13 0.022175318 
741 227 11 13 0.022165917 
241 161 8 10 0.022089977 
96 212 8 11 0.02208811 
109 179 9 11 0.022073617 
209 144 7 10 0.022062194 
321 66 198 223 0.022053117 
625 213 9 12 0.0220013 
123 264 15 17 0.021997133 
727 237 11 14 0.021986866 
877 192 8 10 0.021965673 
290 298 13 18 0.02191588 
722 159 6 9 0.021900788 
734 238 12 15 0.02187268 
941 236 12 14 0.021846352 
519 209 10 13 0.021808876 
837 251 12 15 0.021727875 
468 237 19 24 0.021725586 
672 175 8 10 0.021714138 
253 200 19 24 0.02163085 
728 193 10 13 0.02162546 
238 259 12 15 0.021622146 
851 338 14 19 0.021484947 
190 281 15 20 0.021454334 
317 371 15 17 0.021264048 
649 173 9 11 0.021155674 
992 234 11 15 0.02114487 
282 447 32 39 0.021120371 
846 347 15 20 0.021118805 
486 184 18 23 0.02107733 
190 219 13 17 0.021027736 
436 235 11 15 0.02096989 
514 175 18 22 0.020887004 
502 236 12 15 0.020827409 
605 188 10 13 0.020776466 
764 231 10 13 0.020774968 
895 209 10 11 0.020760598 
975 236 10 13 0.020721372 
805 285 10 14 0.020692648 
853 182 9 10 0.020622602 
799 292 13 18 0.020600714 
214 163 9 13 0.020590562 
410 238 9 13 0.020565165 
190 205 11 14 0.02055248 
513 199 10 13 0.020523993 
893 190 8 10 0.020477448 
990 275 13 16 0.02047472 
438 244 10 14 0.020455861 
117 211 10 12 0.020380136 
830 216 10 11 0.020292671 
380 171 17 22 0.020204425 
445 197 9 11 0.020196276 
381 206 11 14 0.020153934 
642 241 13 17 0.020141631 
717 213 10 12 0.020120434 
694 223 9 11 0.02008223 
741 288 20 25 0.020056246 
271 161 9 11 0.020018764 
