11_Meeting_Meeting_11_Meeting_Meeting_11_774
918
14 601 51 57 0.9954269 
233 411 17 22 0.9911185 
449 436 19 24 0.9721539 
348 419 16 19 0.9691079 
708 415 15 20 0.9683436 
741 396 17 22 0.9620028 
566 472 21 27 0.9542906 
597 406 14 17 0.9498829 
402 439 21 27 0.94294274 
601 442 20 26 0.93109405 
499 421 17 23 0.93087924 
652 362 11 15 0.92906505 
475 394 14 19 0.8976994 
801 372 12 16 0.8843069 
391 410 16 21 0.8720596 
298 424 16 21 0.87179214 
831 310 8 11 0.8612672 
790 353 12 14 0.83475417 
454 379 11 15 0.8161139 
196 374 12 16 0.8158245 
508 365 10 14 0.8071697 
397 389 12 15 0.75041765 
174 357 12 16 0.7451156 
820 373 11 15 0.7435848 
271 348 12 15 0.7416019 
441 336 8 10 0.74005723 
424 388 12 15 0.7320522 
582 388 12 16 0.7106241 
884 324 11 16 0.70501286 
826 393 14 17 0.7025443 
545 345 9 11 0.69999695 
109 378 10 13 0.68785685 
274 404 15 20 0.6803587 
366 404 13 16 0.6789118 
481 369 10 13 0.6763498 
411 358 11 14 0.65894973 
231 372 12 15 0.62812144 
764 391 14 19 0.6226463 
522 349 8 11 0.62123424 
126 388 12 17 0.61816716 
208 425 12 17 0.6126472 
102 355 13 16 0.56433135 
109 308 7 10 0.55784446 
670 308 8 11 0.5430141 
526 420 14 17 0.53944063 
61 354 11 14 0.52778226 
508 388 13 17 0.5002223 
543 465 19 27 0.49546024 
285 371 9 14 0.49335086 
132 352 10 13 0.47306278 
100 396 11 15 0.46985766 
299 389 13 18 0.4538551 
428 410 13 18 0.44916677 
944 328 11 14 0.4478694 
374 342 9 12 0.44616398 
647 450 16 20 0.44574922 
783 298 9 12 0.44198513 
238 338 9 13 0.4374844 
576 358 9 12 0.43626803 
533 364 9 12 0.43320388 
329 351 10 12 0.42820856 
462 508 22 28 0.4260321 
250 381 13 17 0.41245413 
430 350 8 11 0.40891674 
357 343 9 12 0.40354723 
47 371 13 18 0.40082443 
582 382 10 13 0.39861363 
659 391 12 15 0.39608032 
420 334 8 12 0.39112595 
68 370 12 16 0.3906818 
719 371 12 16 0.36579373 
109 337 8 11 0.36152765 
628 397 11 17 0.35926887 
743 359 9 12 0.3426511 
479 357 11 13 0.34095663 
846 365 11 14 0.34082228 
66 379 12 17 0.3365333 
333 461 13 17 0.33363923 
301 340 9 12 0.32671955 
530 334 9 11 0.323611 
312 459 16 20 0.31615433 
324 375 11 14 0.31455165 
502 348 8 10 0.31155244 
232 367 12 14 0.30925697 
617 349 9 12 0.3068868 
471 428 13 17 0.2937079 
327 328 8 10 0.29255077 
735 346 9 13 0.28708526 
157 343 9 12 0.28302425 
356 347 11 14 0.28215104 
559 416 15 19 0.2797581 
417 303 7 10 0.27936798 
253 339 10 13 0.278925 
426 392 13 18 0.27742863 
461 332 9 12 0.27702126 
565 382 10 13 0.2744561 
632 349 8 11 0.2712484 
497 348 9 11 0.26737145 
376 366 12 15 0.26244873 
350 372 11 14 0.25954732 
13 96 7 10 0.25901675 
369 334 9 11 0.25799823 
68 350 10 12 0.2562519 
149 402 12 17 0.25409684 
376 346 10 13 0.24659045 
326 332 8 11 0.24219447 
184 342 8 10 0.24218956 
1 374 15 20 0.24190517 
304 357 11 15 0.24133386 
380 370 11 14 0.23207554 
93 101 8 11 0.22600909 
481 352 8 11 0.2224623 
430 443 13 19 0.21914306 
144 366 11 15 0.21779375 
457 355 10 13 0.21478795 
278 340 10 12 0.21459267 
437 410 13 18 0.21407212 
158 348 9 12 0.21204917 
583 430 13 18 0.21166846 
532 464 23 28 0.20795932 
297 334 8 11 0.20579135 
214 304 7 9 0.20516032 
295 328 8 10 0.20258154 
542 389 12 15 0.2020774 
404 339 9 13 0.19314803 
447 103 13 16 0.19069724 
417 325 9 11 0.19056338 
646 297 7 10 0.18911712 
230 356 11 13 0.18736883 
143 119 8 10 0.18468165 
245 361 10 14 0.18171838 
525 309 8 10 0.18140967 
116 414 13 15 0.17554395 
887 347 13 17 0.17344876 
771 348 12 15 0.17157054 
157 394 12 16 0.17139512 
704 357 9 12 0.16547413 
579 409 11 17 0.1641069 
152 342 9 11 0.16241454 
860 413 9 12 0.16167906 
642 296 7 10 0.16118449 
321 335 8 10 0.1592454 
661 436 15 21 0.15837389 
343 398 12 16 0.15786175 
334 301 8 11 0.15742356 
201 342 10 13 0.15709354 
509 360 9 12 0.15698607 
567 341 8 11 0.15509653 
570 442 13 18 0.15359625 
94 389 14 16 0.15340595 
416 320 8 10 0.15283488 
630 344 9 12 0.15133607 
357 439 14 18 0.1485382 
348 364 12 15 0.14751542 
628 434 13 17 0.1447619 
392 326 9 11 0.14305864 
781 370 13 15 0.14233679 
127 433 16 19 0.1413053 
522 304 8 10 0.14023735 
264 327 8 11 0.13834032 
130 334 7 10 0.13773544 
461 352 9 12 0.13750237 
559 358 8 10 0.13731252 
345 326 8 11 0.137139 
248 335 10 13 0.136146 
796 350 9 13 0.13512053 
144 341 10 11 0.13376874 
280 367 11 14 0.13336337 
604 373 12 15 0.13317162 
85 411 11 14 0.13126174 
705 352 9 11 0.13116394 
540 418 12 16 0.13051574 
633 357 10 13 0.13039663 
78 395 11 14 0.12893602 
781 402 15 20 0.12885602 
631 412 12 16 0.12762472 
903 380 13 18 0.12739493 
308 361 11 15 0.12593706 
565 373 10 12 0.12464786 
118 325 7 9 0.121186554 
513 332 10 12 0.118998006 
629 391 10 14 0.116952986 
302 349 9 12 0.116650075 
517 328 9 12 0.11624512 
670 402 12 18 0.11619456 
683 473 15 19 0.11470183 
251 396 13 15 0.11445397 
401 336 10 12 0.113415174 
473 335 8 11 0.11325656 
248 327 7 9 0.11317189 
333 309 10 12 0.11266627 
828 341 13 17 0.11208016 
210 328 8 9 0.11088396 
302 327 8 10 0.110799745 
127 118 8 11 0.1081644 
904 359 9 11 0.10736609 
431 356 10 14 0.1071249 
559 367 11 14 0.10649817 
730 348 9 12 0.10632168 
221 317 9 11 0.10572859 
332 355 10 14 0.105521716 
532 413 15 20 0.10443512 
621 348 9 12 0.10420678 
679 437 13 17 0.10225871 
478 334 8 11 0.101675555 
740 349 9 12 0.100688934 
40 387 10 14 0.10054043 
446 404 13 18 0.10002573 
233 335 9 12 0.099194415 
221 428 10 12 0.09811964 
222 392 10 13 0.09798387 
712 370 11 15 0.0976382 
529 328 9 11 0.096574664 
599 401 11 14 0.09571101 
709 366 11 15 0.09453906 
247 141 10 13 0.09388152 
214 328 7 10 0.09385714 
214 309 9 12 0.09238928 
92 382 13 16 0.09210852 
131 383 11 14 0.08991206 
422 340 9 11 0.089410454 
160 369 11 14 0.08911352 
639 372 9 12 0.088761844 
182 394 13 16 0.08873003 
474 339 9 12 0.08706491 
239 141 10 13 0.08653764 
838 7 13 14 0.08619693 
367 328 9 11 0.08590047 
536 388 10 13 0.08556207 
252 421 14 17 0.084938265 
435 374 12 14 0.08475123 
672 51 9 12 0.08422491 
333 296 8 10 0.08363445 
207 405 11 14 0.08345826 
416 309 8 11 0.08220144 
807 388 10 12 0.08124694 
615 344 9 11 0.08083426 
262 333 9 12 0.079692125 
877 348 14 18 0.0788617 
815 375 13 17 0.078607835 
824 333 10 12 0.07856803 
181 349 11 13 0.0780932 
176 403 12 14 0.07785387 
424 403 13 18 0.07770134 
301 382 11 15 0.07765843 
741 475 17 18 0.07706465 
600 347 9 12 0.076988176 
249 136 9 12 0.076775916 
350 334 8 10 0.0767222 
352 111 9 12 0.076605685 
113 324 8 10 0.07653676 
163 396 10 14 0.07621059 
800 344 9 11 0.07605329 
397 324 10 12 0.075869754 
112 318 9 12 0.07586717 
229 126 9 10 0.07576492 
472 382 11 15 0.075702086 
148 383 10 13 0.075157054 
528 358 8 11 0.07490726 
600 380 12 14 0.07416872 
307 421 13 20 0.07358873 
361 403 11 16 0.07295514 
133 335 9 10 0.072851025 
652 444 15 21 0.072694294 
121 344 8 11 0.07242452 
158 336 8 10 0.07169335 
561 342 8 10 0.07145386 
143 428 10 13 0.07101564 
42 381 10 14 0.06995013 
223 326 8 11 0.069605336 
351 102 8 10 0.06926546 
773 401 13 17 0.068682365 
205 346 9 12 0.06864659 
150 388 11 14 0.06844458 
693 403 12 20 0.06832318 
232 140 11 13 0.06817101 
765 383 13 16 0.068051815 
456 328 9 12 0.0677176 
108 361 11 14 0.06733891 
213 403 12 14 0.067246616 
343 364 11 14 0.06682593 
302 459 11 16 0.066703714 
605 367 11 13 0.06631069 
345 333 8 10 0.06604283 
272 388 10 13 0.06588853 
446 387 10 12 0.06560299 
526 317 8 11 0.06559171 
431 363 9 12 0.065511934 
717 436 12 16 0.06540134 
687 346 11 13 0.064677894 
613 374 10 13 0.06443346 
334 317 8 11 0.06421232 
149 370 9 12 0.063874185 
786 300 10 12 0.063551694 
39 102 8 9 0.06334614 
615 411 10 13 0.06304603 
694 349 9 11 0.06275674 
360 381 10 13 0.0621229 
701 380 10 14 0.06208699 
69 345 10 12 0.0615543 
392 383 12 15 0.061338868 
364 385 13 15 0.0611799 
0 391 11 20 0.060910612 
772 434 15 18 0.060470738 
851 370 10 13 0.060371567 
784 349 12 15 0.060324453 
55 395 11 13 0.060118336 
399 321 10 11 0.06005947 
164 411 12 16 0.05997415 
1 355 10 15 0.05961609 
598 387 12 15 0.059544858 
213 132 9 10 0.059284396 
127 342 8 11 0.059008993 
773 343 11 13 0.059006914 
334 397 12 17 0.058873177 
117 321 7 10 0.05866583 
63 384 12 16 0.05861733 
102 319 9 12 0.058539227 
150 419 11 15 0.058328226 
480 328 8 11 0.058116272 
441 319 9 11 0.05808042 
12 340 10 15 0.057642393 
133 419 10 13 0.057640888 
128 329 8 11 0.056991618 
297 347 10 12 0.05691604 
322 327 7 10 0.05609863 
207 333 9 11 0.055784345 
165 404 10 14 0.055633932 
27 310 10 12 0.055503823 
98 324 9 11 0.055328816 
717 302 8 10 0.05517609 
258 127 7 9 0.055044796 
824 346 11 14 0.054612517 
210 309 8 12 0.054382518 
345 320 8 11 0.05420553 
165 118 8 10 0.05418828 
280 327 7 9 0.054152023 
695 372 11 14 0.053964622 
176 389 11 14 0.053604323 
755 371 11 13 0.053545784 
695 358 10 13 0.053504642 
827 333 13 15 0.05340781 
504 370 10 13 0.05301758 
484 356 10 13 0.053005297 
662 403 12 17 0.05295692 
679 467 15 19 0.052749246 
183 111 6 9 0.052618094 
692 435 13 17 0.05261058 
216 398 11 14 0.052409228 
375 442 14 20 0.05239322 
1 442 11 19 0.0523171 
685 436 12 17 0.052118782 
770 389 13 17 0.052076716 
68 357 12 14 0.052010853 
66 110 8 10 0.05198222 
75 365 11 15 0.051835224 
306 393 12 17 0.05167039 
369 339 11 14 0.051663455 
566 367 11 14 0.05152495 
28 331 12 14 0.051474266 
375 356 10 14 0.051447846 
525 404 12 14 0.0514002 
624 344 8 12 0.05138224 
432 325 9 11 0.051304273 
125 414 12 15 0.051288392 
83 419 15 21 0.05126272 
385 320 8 10 0.051047523 
447 327 8 11 0.051007 
112 411 12 16 0.05079539 
159 435 14 19 0.05075223 
881 321 10 14 0.050604377 
487 333 9 11 0.050441217 
401 393 12 17 0.050043926 
817 342 9 12 0.05002689 
237 389 11 14 0.049694303 
199 336 10 12 0.049644157 
327 459 13 17 0.049641546 
460 429 14 19 0.0492906 
485 351 9 12 0.049237337 
420 302 9 10 0.04921936 
533 382 11 14 0.049198985 
737 356 10 13 0.049102418 
334 119 7 10 0.048698638 
350 356 12 15 0.048409298 
434 423 16 19 0.048399333 
704 362 11 15 0.048248846 
98 356 10 13 0.048131306 
275 353 12 15 0.04811024 
782 342 9 12 0.04805243 
476 380 12 16 0.047924917 
369 467 15 19 0.04787495 
366 473 16 20 0.04780718 
191 356 9 12 0.047666524 
723 366 12 16 0.047642797 
391 321 8 11 0.047581486 
176 335 7 9 0.047556743 
295 460 12 15 0.047454894 
277 381 11 14 0.047382884 
109 383 12 17 0.04707162 
1 128 10 14 0.04693909 
184 336 7 9 0.0468893 
561 388 10 12 0.046884965 
175 380 11 14 0.04677109 
243 417 13 18 0.046723798 
312 111 7 9 0.04671453 
429 382 11 14 0.046646755 
370 288 8 10 0.046583634 
129 393 13 17 0.04647899 
336 362 10 14 0.046393495 
717 325 10 12 0.046332803 
648 412 10 14 0.046246912 
562 423 15 20 0.04583347 
537 395 11 14 0.04556977 
473 364 11 14 0.045494024 
109 352 8 11 0.045403827 
781 377 14 15 0.04535743 
846 421 12 13 0.04527817 
516 394 12 16 0.045112807 
547 392 13 17 0.045009404 
179 362 11 14 0.045006778 
535 371 9 13 0.04485326 
465 395 11 16 0.04478411 
273 152 8 9 0.04451867 
880 328 12 15 0.044501886 
192 368 9 11 0.044495206 
155 400 13 18 0.044467967 
296 135 7 10 0.044433355 
253 377 10 12 0.044385415 
206 413 12 16 0.0443737 
560 336 9 12 0.044051513 
629 334 8 10 0.043670926 
344 423 14 19 0.043657918 
781 336 9 11 0.04364878 
344 371 11 15 0.043460947 
425 95 7 9 0.043380458 
661 429 14 18 0.043345924 
430 111 10 13 0.04326033 
368 317 8 11 0.043009058 
96 402 12 16 0.043000363 
297 359 10 13 0.04275702 
241 328 8 9 0.04273115 
954 362 14 17 0.04272547 
739 342 11 14 0.042692777 
156 410 14 17 0.042634547 
230 135 11 14 0.042583253 
386 326 8 10 0.042353313 
408 351 10 12 0.04225034 
345 102 7 10 0.042173225 
374 317 8 11 0.042084854 
795 420 12 17 0.042020097 
85 395 12 16 0.042017855 
230 390 12 14 0.041739617 
282 407 13 18 0.04172838 
301 402 13 16 0.04172762 
751 364 12 16 0.04172366 
12 111 11 13 0.04167845 
47 351 9 12 0.041506775 
5 152 10 13 0.041475236 
145 386 10 14 0.041429017 
760 46 9 11 0.041398797 
113 118 7 10 0.04122899 
117 372 10 14 0.04116437 
13 333 11 15 0.041106045 
551 366 10 15 0.04107994 
205 390 9 12 0.040970337 
575 374 10 12 0.040924042 
525 470 17 22 0.040257342 
788 389 12 14 0.040000893 
334 335 9 10 0.039711546 
646 404 12 15 0.039614677 
431 344 8 10 0.039282274 
267 349 9 12 0.039280467 
318 339 9 12 0.039237786 
676 395 13 19 0.039041657 
0 366 11 18 0.038986076 
326 397 12 16 0.038775545 
10 377 13 19 0.03871749 
535 405 12 15 0.0386913 
580 358 9 11 0.038628604 
760 63 9 11 0.038514916 
705 333 8 11 0.03849341 
446 398 12 14 0.038493045 
753 336 9 11 0.0384578 
408 319 7 10 0.03842349 
543 339 17 22 0.038392276 
217 315 9 12 0.03838446 
269 327 9 10 0.038349357 
686 410 15 19 0.038341627 
166 365 10 14 0.038257588 
373 287 8 11 0.03824692 
521 317 9 11 0.038162958 
289 152 9 10 0.03814626 
550 412 12 18 0.037885092 
786 396 13 17 0.03778316 
505 360 17 23 0.03773827 
603 384 13 16 0.03771961 
452 399 12 15 0.03763741 
431 320 8 11 0.03758932 
394 423 16 20 0.037565876 
370 408 13 17 0.037556462 
121 391 12 17 0.03742289 
108 405 12 17 0.03729705 
518 99 11 13 0.03727669 
555 471 17 25 0.037252747 
790 378 11 15 0.03716474 
4 346 13 18 0.03713552 
117 365 11 13 0.037131142 
872 348 12 17 0.036961954 
238 358 10 13 0.03691173 
711 326 9 12 0.03687562 
165 380 11 13 0.036848515 
421 320 8 10 0.0368238 
342 435 12 18 0.036815166 
273 334 8 10 0.03679802 
645 397 11 15 0.03679016 
248 129 8 9 0.036750168 
289 134 7 9 0.036720097 
312 335 8 11 0.03659814 
312 327 7 10 0.0365975 
606 344 9 11 0.03655646 
245 436 11 12 0.036444124 
704 328 8 11 0.03638158 
157 419 14 18 0.036307048 
552 358 9 11 0.036299054 
178 342 8 10 0.036231443 
188 389 12 17 0.036033873 
832 7 11 13 0.03601342 
746 358 12 14 0.035977934 
494 365 10 13 0.03590193 
438 395 11 15 0.03582051 
613 334 9 11 0.035678174 
723 377 12 16 0.03562414 
282 474 16 20 0.035617474 
693 397 12 16 0.03557483 
752 318 9 12 0.03552472 
328 320 10 11 0.035433814 
816 396 11 14 0.035422355 
548 384 10 12 0.0352988 
527 341 9 12 0.03527309 
625 487 23 26 0.035020806 
776 408 13 18 0.034930006 
348 326 9 12 0.034929834 
622 429 14 19 0.034762517 
486 328 9 11 0.034627605 
558 517 14 20 0.03456951 
199 395 10 12 0.03446302 
350 439 14 20 0.03443115 
704 288 8 10 0.034347728 
475 423 13 19 0.034307264 
493 357 11 13 0.034239825 
33 101 9 11 0.03419236 
640 365 10 13 0.034010075 
634 418 12 15 0.033903226 
812 426 11 16 0.033857025 
638 285 8 10 0.03375224 
672 335 8 10 0.03367869 
29 387 13 16 0.03364588 
313 321 7 8 0.033605386 
789 318 8 11 0.033463415 
533 327 9 12 0.033419453 
668 389 10 15 0.033407044 
826 373 10 14 0.03339952 
138 117 9 12 0.03335258 
289 327 8 10 0.033301316 
752 341 10 13 0.033266347 
785 319 8 11 0.033239577 
798 397 10 13 0.03323893 
661 383 11 14 0.033236764 
206 398 10 11 0.033221755 
548 426 13 19 0.033198927 
327 120 8 9 0.033091344 
8 116 11 13 0.032850754 
768 354 11 15 0.03278795 
320 320 7 10 0.03272713 
255 159 9 11 0.032673325 
442 102 11 14 0.032549046 
717 333 11 13 0.03240733 
436 439 18 24 0.032368477 
739 463 22 26 0.03225269 
412 412 10 14 0.032227844 
827 380 12 16 0.032196313 
511 341 8 11 0.032139607 
83 455 18 20 0.032031592 
909 359 10 11 0.03203068 
280 135 7 10 0.032020066 
163 149 12 16 0.031889416 
191 333 8 11 0.031838346 
556 407 14 16 0.031829085 
647 419 11 14 0.031670757 
550 404 13 17 0.031509083 
162 389 12 16 0.031392273 
543 433 14 17 0.03111311 
652 508 15 18 0.03109005 
361 326 9 12 0.031041961 
356 374 10 14 0.031022238 
180 380 11 15 0.030867474 
460 375 11 14 0.030854344 
225 332 8 11 0.030764384 
271 398 13 17 0.030698879 
446 374 11 14 0.030628763 
560 351 8 11 0.03056099 
302 372 11 13 0.030529581 
414 368 12 16 0.030483708 
293 410 13 17 0.030436508 
685 394 13 18 0.030368859 
436 357 10 13 0.030330159 
63 363 14 17 0.030298606 
100 406 14 21 0.030240906 
891 324 10 14 0.030227989 
32 117 9 12 0.030191652 
576 478 15 21 0.030094558 
460 388 11 16 0.030006709 
338 463 15 19 0.029987477 
653 402 12 16 0.029938823 
884 373 12 13 0.029906122 
314 445 13 17 0.02988076 
350 137 9 11 0.029870141 
885 362 13 15 0.029795937 
64 127 10 12 0.02970851 
684 380 11 15 0.029701058 
704 293 8 10 0.029690696 
520 420 13 18 0.029649308 
261 127 8 10 0.02962039 
852 357 12 14 0.029536765 
383 137 9 11 0.029526882 
607 333 10 11 0.029523857 
632 294 7 10 0.029506676 
705 342 10 12 0.029420191 
27 314 12 15 0.029408842 
668 427 12 17 0.029376863 
676 461 15 18 0.029375207 
566 394 12 15 0.029361261 
575 534 12 14 0.029355777 
830 326 10 13 0.029334517 
679 386 12 17 0.02932021 
918 357 8 12 0.029310767 
480 126 10 13 0.029306803 
246 452 15 19 0.029259264 
88 387 12 17 0.029188465 
372 151 10 14 0.029180966 
678 429 12 16 0.02910062 
389 374 11 13 0.029096493 
878 365 10 13 0.029095907 
662 498 16 18 0.029066008 
430 101 8 11 0.029055296 
404 410 12 17 0.028970875 
358 287 8 10 0.028955165 
284 375 12 17 0.028825512 
842 369 11 14 0.02867381 
144 410 12 17 0.028664405 
711 317 10 13 0.028540382 
620 411 13 16 0.028508805 
1 382 16 23 0.028428426 
148 425 12 16 0.028408973 
46 112 8 10 0.028397392 
614 366 9 12 0.02839029 
46 117 9 11 0.028350877 
274 143 7 10 0.028310373 
334 341 10 12 0.02830867 
168 352 10 11 0.02827342 
696 302 9 11 0.028212545 
863 354 10 14 0.028151095 
79 425 15 20 0.028083961 
114 113 7 9 0.028076433 
407 110 8 10 0.027965803 
828 304 19 24 0.027913425 
833 394 12 15 0.027870476 
456 339 9 11 0.027858844 
255 328 8 10 0.0276358 
278 143 8 10 0.027593164 
361 318 8 10 0.027584424 
710 333 9 11 0.027559718 
226 373 10 14 0.027527515 
176 329 7 10 0.027499216 
325 383 11 17 0.027485028 
135 373 10 13 0.027451081 
381 388 11 16 0.027427087 
731 449 14 20 0.027424319 
413 351 10 12 0.02732045 
568 350 8 10 0.027311267 
789 425 14 17 0.027234556 
699 436 11 15 0.027136156 
702 484 13 17 0.02706551 
254 346 9 12 0.026985085 
773 381 12 14 0.026891557 
392 392 13 17 0.02685477 
143 348 10 12 0.026831904 
360 310 9 12 0.026813354 
631 286 8 11 0.026790773 
654 434 16 21 0.02672495 
752 323 10 12 0.02672413 
342 380 11 12 0.0267161 
756 422 13 14 0.02670802 
402 365 9 12 0.026706025 
602 398 13 15 0.026683388 
253 141 8 11 0.026679339 
405 133 10 12 0.026678644 
907 374 12 16 0.02665028 
528 371 10 13 0.026636818 
632 361 9 13 0.026602639 
837 318 9 12 0.026563834 
646 341 8 11 0.026522916 
76 392 20 26 0.026482431 
158 424 19 25 0.026377913 
66 105 9 10 0.026329424 
575 353 8 11 0.026241018 
726 355 11 13 0.026223961 
577 389 11 14 0.026205925 
439 389 11 14 0.026151685 
384 103 8 10 0.02612621 
129 347 17 23 0.026120601 
135 342 8 11 0.02609548 
438 365 10 13 0.02603268 
231 111 7 9 0.026022963 
565 541 11 14 0.025956113 
757 428 13 16 0.025884986 
419 440 14 21 0.025884287 
776 336 10 11 0.025878362 
723 435 13 17 0.025854543 
168 335 8 10 0.02585274 
368 278 9 11 0.02584689 
536 342 8 11 0.025742605 
262 342 9 11 0.025711242 
263 396 9 13 0.025684975 
505 430 15 19 0.02563557 
152 337 8 10 0.02561275 
285 341 9 12 0.025597498 
385 332 9 11 0.025502555 
702 372 11 16 0.02547776 
94 453 13 17 0.025391852 
932 378 11 14 0.025254114 
315 471 17 19 0.025203783 
712 296 8 9 0.025198113 
542 365 10 14 0.025189487 
524 398 11 15 0.025154984 
128 400 12 16 0.02502516 
45 134 9 11 0.025023079 
350 96 8 10 0.025006842 
373 386 13 17 0.024978746 
747 390 14 18 0.024969615 
369 111 8 10 0.024959242 
211 431 14 17 0.024946574 
252 413 13 17 0.024939857 
549 522 13 19 0.024937995 
199 388 11 15 0.0248956 
798 80 9 12 0.02489036 
332 372 11 15 0.024872767 
438 327 10 12 0.024849476 
263 321 8 10 0.024847493 
686 374 11 14 0.024829008 
206 444 11 13 0.024817754 
380 343 10 12 0.024799993 
805 343 9 11 0.02478218 
391 331 9 12 0.0247214 
368 311 9 12 0.024719615 
582 459 12 18 0.024710534 
241 321 8 10 0.024692412 
445 319 8 10 0.024659052 
829 421 11 13 0.024635775 
712 436 12 16 0.024612265 
363 481 20 24 0.024596585 
328 341 10 14 0.02452713 
429 96 8 10 0.024397882 
422 357 10 13 0.024283152 
528 386 10 14 0.024282383 
58 401 22 29 0.02424125 
812 390 12 15 0.02422355 
841 358 10 13 0.0241005 
438 329 17 23 0.02407977 
761 52 10 12 0.024079535 
935 343 10 13 0.024055913 
784 452 16 18 0.024041345 
375 111 8 11 0.024040226 
137 125 9 11 0.023980185 
373 379 13 16 0.023977878 
208 160 9 11 0.023862746 
190 329 8 9 0.023822227 
856 350 10 12 0.02379222 
615 420 11 14 0.023761827 
200 410 12 16 0.023694547 
785 88 8 11 0.023663579 
185 329 7 9 0.02359336 
373 293 8 9 0.023531472 
182 373 10 13 0.023526529 
629 328 8 10 0.023521507 
148 386 17 24 0.023508685 
236 380 11 14 0.023491235 
403 573 16 21 0.02347938 
224 352 10 13 0.023459397 
346 136 8 11 0.023389786 
152 347 9 12 0.02333341 
620 418 13 18 0.023315925 
451 408 13 16 0.023293182 
280 129 7 9 0.02328058 
295 127 8 10 0.023180353 
160 382 12 15 0.023168769 
173 408 14 18 0.023136012 
1 343 20 31 0.02306286 
423 363 10 14 0.02305822 
492 334 10 11 0.022968892 
634 374 8 11 0.022962837 
22 386 13 18 0.02289679 
34 380 19 25 0.022885287 
653 429 14 17 0.02283561 
343 412 14 19 0.022812584 
150 359 10 13 0.022760663 
254 134 9 11 0.022735797 
356 110 9 11 0.022721833 
216 391 10 13 0.022705808 
505 326 8 10 0.022684593 
344 110 9 11 0.022663467 
302 135 8 10 0.022637317 
92 408 13 19 0.022612037 
87 351 10 12 0.022606911 
220 401 12 15 0.022601575 
312 116 7 10 0.022528503 
635 350 9 12 0.022505319 
852 418 12 14 0.02248088 
626 286 9 11 0.02247078 
722 449 19 26 0.022465141 
247 427 12 15 0.022447227 
602 375 18 22 0.022226706 
32 111 10 12 0.022202274 
719 341 10 12 0.022188371 
882 381 14 17 0.022180898 
407 324 8 11 0.022165028 
61 345 19 23 0.022154395 
46 356 12 15 0.022149516 
104 302 17 23 0.022076301 
891 343 11 15 0.021975353 
517 366 10 13 0.021948602 
750 347 12 13 0.021946779 
519 401 11 15 0.021913487 
61 414 15 19 0.021910906 
367 302 8 11 0.021842882 
426 433 19 25 0.021823887 
351 141 10 12 0.021798337 
662 76 11 14 0.021743165 
678 335 9 10 0.02172667 
571 461 15 18 0.021664735 
374 277 8 11 0.021642758 
363 436 13 19 0.02156318 
113 459 17 20 0.021532867 
616 396 11 15 0.021514226 
247 321 7 10 0.021414757 
404 382 12 16 0.021406919 
648 311 8 11 0.021389019 
39 128 10 11 0.021362372 
736 363 11 13 0.021351056 
101 488 13 15 0.021329913 
425 99 8 11 0.021294268 
381 378 11 16 0.021286163 
943 322 18 23 0.021275632 
553 519 21 30 0.021222023 
649 317 8 11 0.021217197 
919 352 8 11 0.021213094 
381 358 9 12 0.021204805 
296 329 17 23 0.021202493 
333 445 21 27 0.021197727 
653 501 14 17 0.021186395 
40 340 10 13 0.021130033 
879 371 10 13 0.021128327 
359 279 8 10 0.021110205 
634 434 13 18 0.021085383 
346 142 9 11 0.021068465 
573 352 18 24 0.021058382 
248 374 10 13 0.021055482 
143 358 10 13 0.021030767 
372 397 13 18 0.02102667 
272 460 12 14 0.021020984 
640 56 10 12 0.021001691 
835 331 12 15 0.020886322 
948 354 22 29 0.02088127 
348 465 15 20 0.020879675 
135 135 10 13 0.02087862 
355 412 14 18 0.02087384 
538 117 13 14 0.020870013 
838 323 10 14 0.020860862 
625 388 18 24 0.0208346 
37 334 10 14 0.020832427 
158 407 21 25 0.020811055 
106 330 17 23 0.020783365 
321 349 10 13 0.02078238 
261 132 9 11 0.020765398 
201 427 12 16 0.020761697 
613 489 17 19 0.020746348 
287 389 12 15 0.020741424 
718 385 12 16 0.020730222 
799 387 10 14 0.020677486 
452 424 14 17 0.020665335 
303 320 7 9 0.02061792 
717 405 14 18 0.020609267 
780 294 9 13 0.020559644 
326 363 11 15 0.020556325 
489 341 9 11 0.020549677 
300 411 15 20 0.020500569 
540 124 12 13 0.020441918 
488 86 10 11 0.02042675 
657 363 11 15 0.020406445 
346 366 18 23 0.020393282 
484 390 11 15 0.020353626 
815 368 12 16 0.020336587 
230 119 9 11 0.020334603 
368 357 9 12 0.020323504 
651 420 13 15 0.02031914 
755 347 12 15 0.020299528 
121 118 8 11 0.020287143 
232 160 9 11 0.02027802 
341 390 13 15 0.020277329 
646 390 11 15 0.020250572 
416 387 12 15 0.020224463 
744 289 214 215 0.020137044 
119 111 7 10 0.020132635 
717 319 9 12 0.020115444 
588 374 11 13 0.020092582 
658 447 15 20 0.020090649 
271 453 12 16 0.020057969 
288 427 14 19 0.020042257 
