11_Meeting_Meeting_11_Meeting_Meeting_11_574
341
711 320 32 38 0.9953751 
957 331 35 44 0.99533397 
850 295 28 33 0.99432784 
639 285 24 31 0.9932086 
347 301 22 28 0.9931601 
261 297 21 29 0.99238306 
197 290 23 29 0.9885401 
532 243 16 21 0.9832318 
355 256 18 24 0.9813974 
453 218 16 22 0.97732747 
802 267 20 26 0.9691808 
509 237 14 19 0.96839887 
494 224 14 18 0.9652125 
354 236 16 20 0.96499723 
972 290 30 34 0.9619317 
435 216 13 19 0.95967406 
303 256 18 24 0.9528017 
483 260 17 23 0.93050575 
514 208 15 19 0.9250582 
687 261 19 27 0.9096199 
122 294 22 28 0.9085627 
42 333 43 77 0.90675026 
804 237 13 16 0.8917308 
728 241 16 18 0.8617329 
864 241 19 22 0.8443784 
873 214 15 18 0.8142248 
399 274 19 25 0.805941 
752 218 13 16 0.76312935 
741 290 24 27 0.73422 
591 231 12 15 0.7268513 
589 192 10 13 0.70750046 
567 199 10 12 0.6821688 
399 249 15 20 0.6347658 
130 320 27 32 0.63026595 
468 243 15 19 0.6221373 
919 192 11 15 0.5554705 
785 208 8 12 0.5517565 
706 250 16 22 0.5495893 
704 187 10 14 0.536364 
770 207 11 14 0.4787037 
927 218 14 18 0.44550845 
624 220 11 15 0.44027868 
413 237 15 18 0.43604577 
950 258 20 27 0.43300465 
820 190 9 12 0.4171843 
833 198 10 12 0.39579657 
613 202 10 13 0.38689175 
526 206 12 15 0.38419196 
941 234 14 17 0.3615513 
569 213 11 14 0.3518522 
608 197 10 13 0.3483453 
556 199 12 14 0.32836044 
551 232 15 19 0.2894568 
824 208 11 14 0.2803551 
787 251 13 16 0.27949604 
658 206 9 12 0.27789152 
782 260 18 23 0.27068114 
880 195 11 14 0.2599533 
226 321 20 27 0.2573234 
698 255 18 26 0.24323237 
957 240 14 16 0.24091154 
830 205 11 14 0.23139785 
646 220 10 12 0.22699289 
462 270 16 21 0.20002876 
766 261 15 18 0.19386588 
730 284 25 28 0.18773355 
672 224 11 13 0.18578662 
690 306 21 27 0.16988209 
607 193 9 12 0.16827808 
791 199 8 10 0.1655917 
543 223 10 13 0.16259742 
759 245 12 15 0.155966 
637 190 8 10 0.15456277 
648 197 9 11 0.14630024 
584 215 9 12 0.14352177 
621 247 11 14 0.13696787 
616 226 11 15 0.13104141 
680 191 9 11 0.128044 
694 194 10 13 0.12709394 
562 273 14 17 0.12256833 
930 203 14 17 0.12083591 
822 250 13 16 0.120492 
128 284 27 31 0.11990913 
928 212 15 17 0.1186565 
599 215 10 13 0.114754386 
663 198 9 12 0.11388259 
948 236 13 16 0.11345699 
625 269 16 22 0.11051381 
665 191 9 10 0.10887437 
884 193 8 11 0.10036326 
676 243 14 19 0.09986595 
584 220 10 14 0.09979702 
875 204 14 17 0.093834594 
907 211 11 15 0.092902996 
729 163 9 12 0.08990097 
125 58 19 28 0.08834289 
632 173 9 11 0.08683671 
694 173 8 11 0.08533877 
921 367 27 34 0.08402402 
440 297 18 22 0.08308426 
908 205 10 14 0.082493074 
676 238 13 15 0.07962264 
815 195 11 14 0.07947162 
638 244 14 18 0.07934837 
886 292 15 21 0.07928534 
902 365 13 19 0.078396216 
621 237 11 12 0.076832384 
549 221 12 15 0.07679563 
838 192 8 10 0.07554657 
787 210 10 13 0.07068466 
615 234 12 13 0.06799239 
695 230 12 15 0.06776952 
954 251 16 20 0.0661765 
746 259 14 18 0.06592244 
848 206 9 12 0.06467114 
733 229 14 17 0.0641237 
789 322 28 34 0.06332205 
670 207 10 11 0.063139565 
627 216 12 15 0.062835634 
724 284 19 24 0.061861098 
526 298 16 18 0.060719598 
817 185 9 10 0.060401365 
603 219 12 15 0.0599425 
533 275 16 21 0.059830807 
679 182 10 12 0.05900411 
588 283 15 19 0.05868867 
660 210 10 13 0.05801638 
881 619 53 55 0.056942414 
477 250 15 19 0.0565621 
827 244 14 18 0.056535564 
806 221 11 13 0.056491166 
923 195 13 16 0.055943303 
446 216 16 23 0.05582589 
798 218 11 15 0.055614647 
799 206 9 12 0.05545963 
949 319 25 35 0.055214524 
291 154 32 50 0.054814257 
616 251 13 17 0.05459364 
717 306 27 38 0.054592855 
835 229 13 15 0.05396264 
724 274 17 21 0.053548552 
904 250 13 17 0.053229418 
882 219 13 15 0.052706044 
804 212 10 12 0.052666802 
557 219 11 14 0.052089345 
588 213 11 13 0.052014556 
654 200 9 11 0.051671818 
896 213 9 12 0.049714666 
526 225 12 16 0.049389593 
807 207 9 12 0.049197815 
687 189 10 13 0.049070943 
571 204 11 14 0.046405308 
712 229 12 16 0.046184663 
809 241 14 17 0.045675255 
583 278 14 17 0.04566241 
735 225 10 12 0.045523934 
815 204 9 13 0.045467433 
820 266 15 19 0.044884335 
663 222 10 13 0.04471322 
629 226 11 14 0.04433591 
613 184 9 11 0.04415912 
930 222 19 24 0.043678332 
782 232 14 16 0.043296073 
426 368 20 26 0.042584423 
50 328 26 49 0.042558204 
709 195 9 12 0.04247068 
814 224 11 14 0.04241733 
908 218 12 15 0.04195358 
638 174 9 11 0.040851243 
154 315 21 30 0.040577017 
406 247 19 24 0.040481836 
771 260 19 24 0.040476114 
699 233 12 15 0.03923856 
717 233 12 16 0.038587198 
726 298 27 35 0.037992284 
673 213 10 12 0.037933987 
689 195 10 12 0.03774874 
631 196 9 13 0.037719123 
856 228 12 16 0.037665322 
821 225 11 15 0.037629697 
436 259 15 21 0.03759176 
640 220 10 12 0.03743904 
904 240 20 24 0.037431736 
772 219 12 14 0.037175987 
376 50 43 57 0.037038237 
581 258 13 17 0.037010383 
533 226 14 16 0.03680671 
805 374 20 30 0.036726493 
686 183 9 12 0.03627554 
874 223 15 18 0.036185797 
552 215 10 12 0.035874955 
639 194 10 13 0.03574989 
629 205 10 12 0.035709277 
627 277 22 28 0.03554727 
545 282 15 19 0.035319164 
795 259 20 25 0.035187744 
600 194 10 13 0.035169177 
984 294 29 35 0.034831606 
586 188 16 21 0.03469718 
870 227 14 17 0.034643915 
853 211 11 14 0.034577284 
975 226 13 16 0.03417789 
668 197 9 11 0.03414373 
549 252 13 17 0.034141764 
845 200 9 12 0.03409517 
646 225 12 16 0.033767816 
947 318 16 23 0.033587657 
743 253 12 17 0.033477202 
722 290 25 31 0.03346363 
622 203 10 13 0.033268392 
649 203 10 12 0.03301918 
758 259 14 19 0.032940026 
466 257 16 22 0.03261042 
785 200 8 11 0.032481078 
885 226 13 17 0.032472957 
637 228 11 14 0.032460175 
531 210 11 14 0.03241664 
835 203 10 14 0.03240258 
925 362 17 20 0.03219822 
562 282 16 20 0.031756356 
718 220 10 14 0.03169939 
637 237 13 15 0.0314551 
583 246 11 13 0.031306595 
983 284 20 22 0.03126473 
656 184 9 10 0.031209694 
833 193 9 11 0.03112829 
863 214 10 14 0.030943343 
702 321 23 34 0.030793121 
15 337 52 75 0.03075562 
473 238 14 17 0.030742612 
583 206 10 13 0.030695917 
687 228 11 14 0.03053257 
550 269 10 13 0.03050634 
743 205 9 13 0.030499259 
689 173 9 13 0.030312635 
890 628 31 36 0.030188603 
677 207 10 12 0.030175798 
516 249 14 18 0.030157575 
562 235 12 16 0.03008286 
503 196 12 17 0.029919095 
561 200 18 22 0.029888636 
424 213 12 16 0.029312672 
571 217 12 15 0.029154643 
905 298 15 21 0.029074427 
831 234 14 17 0.028801262 
903 197 12 14 0.02854825 
913 196 10 15 0.028395472 
858 602 96 111 0.028325884 
857 233 20 27 0.028076272 
663 186 9 10 0.02804003 
644 250 13 17 0.027830988 
451 291 16 20 0.027779445 
585 227 12 16 0.027729569 
531 267 15 18 0.027668582 
762 250 15 18 0.027588556 
118 339 25 28 0.027526217 
549 240 13 17 0.027455192 
977 333 27 38 0.027447503 
838 185 8 9 0.027296092 
664 227 11 15 0.027228616 
446 243 13 18 0.027203022 
695 315 22 30 0.0270329 
700 184 18 21 0.02687629 
571 259 15 17 0.02682788 
718 211 10 14 0.026811961 
863 221 10 14 0.026778273 
67 329 48 66 0.026623921 
685 238 11 14 0.026477462 
113 349 26 29 0.02646822 
820 194 12 14 0.026415508 
124 285 18 22 0.026051706 
873 293 23 30 0.026040334 
612 190 10 13 0.025917286 
442 307 17 22 0.025833094 
616 269 21 28 0.025684938 
563 262 22 26 0.02567586 
638 184 9 11 0.02553455 
175 257 430 400 0.025507037 
894 626 17 20 0.02524015 
555 236 16 20 0.025228249 
110 353 16 20 0.025088703 
629 244 13 17 0.02503583 
854 235 14 21 0.024943803 
595 308 15 19 0.024908002 
198 149 10 13 0.024779474 
465 276 17 22 0.024750175 
633 184 8 11 0.024743391 
597 261 13 15 0.024584273 
711 211 10 14 0.024535678 
539 279 15 20 0.024217604 
614 210 11 16 0.02414693 
917 226 14 18 0.024111992 
685 212 11 13 0.023900496 
872 237 15 19 0.023895653 
450 305 16 21 0.023855407 
723 308 16 20 0.023784634 
606 192 18 23 0.023745539 
619 258 14 17 0.02371174 
713 255 17 22 0.023687199 
727 222 9 13 0.023595156 
884 202 13 16 0.023584664 
557 192 12 13 0.023398153 
893 196 11 14 0.023329822 
685 221 11 15 0.023267118 
538 237 14 18 0.023257757 
231 264 20 27 0.023249527 
418 249 14 20 0.023020554 
457 288 16 21 0.023002956 
815 184 19 23 0.022894926 
662 134 9 11 0.022822484 
831 221 10 13 0.022789566 
772 226 13 17 0.022745373 
701 176 12 15 0.02228736 
646 258 14 18 0.022257272 
850 206 12 15 0.021807624 
793 193 7 10 0.021791719 
797 199 8 11 0.021739993 
570 274 14 17 0.02172408 
541 223 18 23 0.021675749 
470 329 15 18 0.021461902 
943 211 11 15 0.02140429 
834 182 8 10 0.021330062 
857 222 10 13 0.021323634 
411 255 17 23 0.021193663 
477 227 12 15 0.021067811 
132 340 17 21 0.02105556 
557 260 14 16 0.020992411 
292 284 23 25 0.02097031 
706 181 10 15 0.020929515 
662 236 10 13 0.02089212 
703 247 15 17 0.020847917 
799 191 8 10 0.020793622 
462 235 14 18 0.020783976 
670 218 20 23 0.020737167 
366 300 21 27 0.020687893 
468 202 12 16 0.020659309 
629 236 10 14 0.020616775 
655 191 8 10 0.020460961 
749 291 26 33 0.020281224 
760 175 8 10 0.020163244 
966 282 22 34 0.020048352 
