11_Meeting_Meeting_11_Meeting_Meeting_11_560
103
669 412 25 33 0.9985032 
559 400 26 32 0.9984823 
324 428 34 42 0.9984553 
194 574 46 67 0.9979741 
607 414 22 30 0.99055755 
743 395 22 30 0.9890364 
399 409 22 28 0.98903465 
78 453 32 39 0.98895234 
444 417 22 28 0.98716134 
759 431 35 51 0.98332083 
525 417 23 31 0.98123646 
2 462 32 49 0.9791173 
198 419 28 34 0.9778466 
461 395 20 29 0.9680282 
90 503 39 51 0.96521854 
642 397 21 27 0.96087986 
240 409 22 28 0.94672465 
829 437 40 54 0.9461235 
488 401 20 29 0.9329853 
701 413 19 24 0.93235326 
357 419 21 32 0.90851957 
79 688 44 65 0.9037444 
180 512 38 40 0.82723516 
354 390 24 31 0.7893232 
500 385 18 23 0.7699518 
236 459 24 31 0.7188607 
304 661 55 48 0.5465251 
542 387 18 22 0.4484215 
411 387 21 26 0.31581098 
492 393 22 29 0.30533847 
818 385 17 22 0.28030485 
162 517 36 39 0.259981 
154 522 24 36 0.13009891 
405 397 22 29 0.12022559 
40 691 55 65 0.114421494 
688 487 34 47 0.09609377 
265 703 35 41 0.095546834 
239 469 27 33 0.09412692 
630 397 13 18 0.088397436 
298 653 33 39 0.0841025 
461 390 16 20 0.0718459 
472 400 21 29 0.071679994 
813 382 16 19 0.06703045 
210 415 29 34 0.062321424 
629 400 25 31 0.060093366 
779 425 29 39 0.059187263 
310 593 37 40 0.055694263 
253 334 42 58 0.05245326 
150 530 14 20 0.052282058 
395 695 67 70 0.052271023 
228 437 35 42 0.05140481 
5 189 8 10 0.05120997 
782 198 12 15 0.04969397 
751 439 29 37 0.04863069 
226 414 31 36 0.047404602 
39 207 14 16 0.04735838 
337 391 26 31 0.04699605 
674 463 26 35 0.04653654 
588 439 23 28 0.045716926 
92 445 16 21 0.044660885 
617 412 24 31 0.044571195 
212 388 12 15 0.04363594 
289 659 85 82 0.04237409 
546 393 27 33 0.042057365 
227 678 58 48 0.04135705 
675 476 28 39 0.0386364 
165 523 16 21 0.03818165 
0 727 27 44 0.03518753 
631 392 11 13 0.034647767 
131 76 13 17 0.033937704 
222 525 38 48 0.033312336 
356 403 19 26 0.032898314 
515 533 43 49 0.031960033 
21 202 11 14 0.030891532 
808 386 15 20 0.029324066 
176 453 23 27 0.028825859 
16 702 59 64 0.028509086 
700 480 35 48 0.028284889 
768 262 8 10 0.028214809 
825 381 15 21 0.028133398 
13 203 11 13 0.027759101 
718 433 16 20 0.026948778 
498 382 13 16 0.026921296 
648 550 24 42 0.02552359 
333 393 17 22 0.02536032 
251 510 18 26 0.025223384 
239 678 36 31 0.025163846 
354 669 92 92 0.024615956 
98 687 45 67 0.024598792 
2 -38 451 472 0.024258127 
239 521 28 39 0.02399814 
215 444 28 36 0.023943285 
347 400 35 48 0.023837086 
317 576 50 46 0.023544092 
741 201 11 12 0.023033518 
190 522 45 53 0.022724088 
95 456 18 25 0.022673292 
766 419 30 35 0.022541242 
206 549 45 65 0.02250302 
303 692 34 42 0.021231348 
281 625 44 57 0.021184912 
270 676 65 59 0.02071059 
486 397 17 21 0.020361323 
