11_Meeting_Meeting_11_Meeting_Meeting_11_375
29
467 170 110 151 0.99950576 
226 168 97 125 0.99936944 
769 129 104 172 0.99878865 
78 205 70 88 0.9917812 
407 130 61 118 0.7922047 
349 466 42 54 0.6559656 
437 148 77 130 0.32945928 
70 394 141 109 0.15366817 
88 407 35 36 0.11929294 
842 189 121 172 0.10957075 
796 166 118 160 0.07108075 
21 354 214 184 0.060351793 
707 135 107 148 0.040306862 
78 200 39 62 0.03679016 
473 649 34 42 0.034399062 
393 108 57 106 0.03252115 
223 334 49 66 0.031103743 
402 676 18 22 0.030556688 
112 226 59 68 0.027343586 
366 131 83 129 0.025194196 
775 214 132 191 0.024790643 
123 180 85 115 0.02337935 
176 175 94 125 0.023060113 
110 403 385 498 0.021900767 
1002 603 21 39 0.02183482 
144 414 114 115 0.021156097 
900 283 63 89 0.020326274 
241 443 58 66 0.020221392 
666 123 372 418 0.020130143 
