11_Meeting_Meeting_11_Meeting_Meeting_11_633
29
463 210 203 247 0.9996202 
175 441 154 198 0.9985581 
702 356 151 204 0.9930092 
68 422 9 11 0.13508023 
955 73 12 17 0.11894061 
273 198 10 12 0.061650205 
972 60 13 16 0.04883015 
930 152 15 20 0.046494525 
964 56 15 20 0.045677565 
221 247 13 15 0.04227813 
960 54 11 17 0.039726444 
237 106 417 445 0.033721216 
285 213 9 13 0.0321568 
923 181 14 19 0.031880166 
949 66 21 27 0.031668402 
72 369 7 9 0.030504182 
39 357 10 13 0.027744114 
229 218 12 15 0.02616431 
249 228 17 19 0.02488142 
222 212 13 16 0.024509314 
958 151 10 14 0.024024477 
979 204 12 15 0.023574825 
222 193 8 9 0.02318339 
1013 388 10 14 0.022569995 
980 68 9 12 0.022358552 
965 600 8 11 0.022355389 
239 238 11 14 0.02162893 
1 324 8 13 0.02155035 
911 13 12 13 0.020068295 
