11_Meeting_Meeting_11_Meeting_Meeting_11_507
373
133 361 29 39 0.9984646 
821 358 28 33 0.99804014 
56 253 27 35 0.9975655 
76 402 35 49 0.994829 
904 407 41 50 0.99106276 
240 234 14 19 0.97706586 
749 235 14 19 0.9664129 
283 289 14 18 0.953874 
192 240 17 23 0.94509006 
846 301 16 21 0.9392691 
661 282 14 17 0.9221753 
1011 248 12 20 0.9136186 
253 303 17 22 0.88799924 
876 287 14 18 0.87715656 
861 355 22 32 0.876985 
774 230 14 18 0.8710702 
731 274 13 17 0.8309946 
684 283 14 17 0.8065311 
895 319 22 26 0.7590459 
810 248 16 22 0.65125525 
696 298 18 22 0.6484161 
707 314 17 23 0.64190733 
309 283 12 16 0.64148927 
735 323 14 20 0.6059187 
197 359 20 27 0.6041596 
146 292 18 23 0.5929424 
748 309 16 18 0.52415335 
913 359 22 29 0.50716805 
889 305 18 22 0.4659097 
647 275 12 14 0.39093798 
298 230 9 12 0.37922478 
660 256 9 10 0.34948972 
378 255 9 10 0.34236056 
801 346 16 21 0.3378593 
216 270 13 18 0.31750387 
275 270 9 13 0.29408553 
961 247 11 14 0.2836252 
241 316 22 28 0.28219295 
326 246 10 11 0.2650212 
521 239 7 10 0.24070328 
332 273 12 14 0.2390616 
632 262 8 12 0.23521507 
975 350 27 29 0.21975483 
1004 227 9 13 0.21301249 
581 283 11 14 0.21199507 
919 354 18 22 0.20654115 
309 262 10 12 0.2006863 
192 429 26 30 0.19845675 
575 285 11 14 0.1821759 
159 352 16 20 0.1818219 
706 357 19 20 0.18065341 
680 260 10 12 0.1805982 
589 302 10 12 0.17638713 
573 291 11 13 0.17402327 
273 274 10 14 0.16811886 
789 314 15 19 0.16123448 
357 256 8 11 0.15934698 
875 363 25 31 0.15690167 
577 279 10 13 0.15178545 
958 271 11 14 0.15025683 
735 246 9 12 0.14850584 
276 364 12 17 0.14845236 
735 238 8 11 0.13665405 
962 223 8 11 0.13634163 
657 258 10 14 0.13631868 
350 260 10 12 0.13615033 
600 253 8 12 0.13321298 
257 261 10 13 0.13175212 
739 318 16 21 0.127954 
764 221 11 14 0.12773187 
434 254 7 10 0.12019887 
936 373 15 18 0.11960936 
984 243 12 15 0.11712668 
615 255 7 9 0.11477076 
618 308 11 13 0.110440135 
901 232 8 10 0.11026566 
882 254 9 12 0.10952285 
631 315 11 15 0.108244814 
630 305 9 11 0.10725788 
457 245 9 10 0.10553341 
346 262 9 11 0.103309974 
599 318 11 12 0.10296113 
604 310 9 12 0.10138221 
681 339 10 13 0.10103902 
545 263 9 11 0.100361064 
391 247 9 11 0.097639374 
406 252 7 10 0.09522085 
931 373 25 28 0.093942985 
313 392 13 16 0.09299802 
277 429 18 19 0.09083666 
988 239 10 12 0.08579541 
558 245 8 10 0.0857458 
918 368 24 30 0.0850978 
688 288 20 24 0.08392235 
861 346 15 22 0.082519114 
406 270 10 11 0.08239219 
166 274 14 19 0.079719335 
630 247 7 9 0.07730755 
634 342 11 14 0.07540215 
173 293 9 13 0.074801505 
625 262 9 11 0.07411566 
243 260 12 16 0.072125666 
963 358 34 35 0.07164263 
376 248 7 10 0.07137023 
322 241 7 10 0.06935171 
352 222 8 10 0.068506174 
817 244 13 16 0.067086995 
381 318 12 14 0.06691982 
991 219 8 12 0.06661403 
647 248 8 9 0.06608992 
600 302 9 11 0.065372154 
1003 277 19 27 0.06466349 
376 302 9 10 0.06442565 
575 315 11 13 0.06334759 
732 251 12 15 0.06333131 
123 331 13 17 0.06320159 
604 293 11 13 0.06225071 
922 232 8 10 0.0613115 
652 276 13 16 0.060042664 
629 310 11 14 0.05994583 
461 244 8 10 0.0584326 
195 417 24 29 0.057473645 
794 310 12 15 0.05741625 
288 239 9 10 0.056463175 
139 276 15 19 0.055249017 
559 263 12 14 0.053091746 
589 278 9 12 0.052883286 
328 250 10 13 0.05284182 
606 254 8 10 0.05273895 
636 263 10 12 0.05225482 
581 310 11 13 0.05213996 
648 253 9 11 0.052091584 
290 285 13 18 0.051216062 
651 271 12 14 0.051075526 
126 259 14 18 0.05083344 
864 302 10 14 0.050820526 
332 325 14 16 0.05044593 
895 365 27 32 0.049924977 
667 291 13 15 0.04955869 
781 319 16 21 0.04899155 
632 255 7 10 0.0484549 
1001 420 24 36 0.047805436 
691 280 11 14 0.046922248 
171 269 12 16 0.04678138 
300 234 10 13 0.04646906 
326 241 9 11 0.046252195 
808 348 23 30 0.04588919 
206 415 13 15 0.045337345 
398 304 9 10 0.045253392 
334 254 8 11 0.045143433 
941 368 25 30 0.043689426 
304 289 13 16 0.04309493 
591 248 9 11 0.04279932 
639 268 9 12 0.04279505 
236 324 18 22 0.042786364 
617 302 11 14 0.04258582 
286 409 9 11 0.042475797 
143 354 26 36 0.042400587 
311 257 9 12 0.04199292 
388 321 11 12 0.041519206 
828 346 24 32 0.041080914 
952 366 34 36 0.04103433 
884 269 11 14 0.040876046 
437 248 8 10 0.04062843 
742 309 15 17 0.040587876 
734 358 26 26 0.040457554 
867 332 14 17 0.039408997 
434 250 7 9 0.039074514 
266 325 15 18 0.0389923 
732 261 12 14 0.038826317 
753 301 17 21 0.038665716 
712 308 18 22 0.038603764 
709 356 27 29 0.038594935 
343 256 10 12 0.038470693 
556 285 9 12 0.03827694 
558 280 9 11 0.03822595 
975 332 12 17 0.03801816 
705 301 16 19 0.037958853 
368 297 9 11 0.037894286 
639 254 9 11 0.037878454 
277 255 8 11 0.037664793 
648 294 9 12 0.037655972 
936 278 9 11 0.037569735 
614 327 10 12 0.03744217 
583 293 10 12 0.03743368 
102 360 23 30 0.037284836 
108 350 24 33 0.037268933 
588 296 10 12 0.037237566 
327 374 10 11 0.03709286 
975 230 10 12 0.03702106 
771 493 31 34 0.036895387 
377 318 10 13 0.036786027 
943 198 7 11 0.036679566 
647 349 13 15 0.03656656 
910 372 18 23 0.036434125 
198 348 22 28 0.03609376 
276 261 10 14 0.036078054 
959 361 14 20 0.03586628 
408 277 8 11 0.035215747 
333 -1 140 145 0.03518436 
897 233 10 13 0.034870196 
686 247 9 11 0.03483557 
569 287 9 12 0.034730054 
529 261 9 11 0.034615807 
585 252 8 11 0.034434233 
544 256 9 11 0.03432756 
553 238 8 11 0.034126345 
408 294 8 10 0.03392383 
399 263 9 11 0.033597834 
586 283 11 13 0.033402685 
296 226 8 11 0.033366304 
390 252 9 11 0.033278313 
5 306 15 21 0.033135667 
351 237 9 11 0.032908913 
796 408 12 15 0.032808952 
568 277 9 12 0.032783337 
878 279 14 17 0.03251502 
327 261 10 12 0.032439392 
682 279 11 14 0.032214094 
190 361 18 23 0.03205608 
400 269 10 12 0.0318999 
309 343 11 13 0.031852156 
770 412 12 14 0.031804573 
685 254 10 13 0.031729206 
726 297 12 16 0.031704087 
614 293 11 13 0.031694192 
252 209 13 17 0.031608514 
670 261 10 12 0.031453777 
316 262 9 12 0.030999426 
664 335 13 16 0.030631376 
592 252 9 12 0.030543825 
972 336 24 31 0.030500779 
399 247 9 11 0.03027184 
342 270 9 11 0.030221026 
390 285 10 11 0.03013525 
262 269 10 13 0.029785495 
721 358 27 27 0.029692467 
953 269 11 14 0.029679092 
551 232 7 9 0.029507458 
384 237 8 10 0.029346887 
140 281 21 28 0.028777601 
374 224 7 10 0.028741335 
0 433 24 35 0.028609393 
349 360 11 13 0.028605688 
780 170 12 16 0.028549906 
510 249 9 10 0.02844913 
166 291 14 18 0.028410539 
745 355 26 26 0.028404037 
416 263 8 10 0.028378868 
104 354 13 17 0.028283997 
380 258 10 12 0.028232956 
380 302 11 12 0.028194347 
375 358 9 11 0.028122418 
998 278 14 18 0.028043462 
624 256 8 9 0.027880762 
924 234 11 13 0.027772084 
171 296 14 20 0.027756141 
964 227 11 13 0.027364427 
986 341 24 31 0.027280334 
897 399 27 38 0.027170233 
883 275 13 17 0.027145604 
251 234 13 18 0.026986679 
599 259 9 11 0.02697865 
881 259 11 14 0.026855879 
617 286 9 11 0.026773954 
718 262 9 13 0.026625121 
615 260 9 11 0.026600763 
292 254 11 13 0.026534736 
398 278 9 12 0.026523516 
570 316 10 13 0.026487958 
556 292 10 12 0.026423432 
550 269 9 11 0.026392393 
760 214 12 15 0.02634129 
202 440 16 19 0.026318414 
964 342 24 32 0.026313487 
1011 277 12 19 0.026253458 
293 357 12 14 0.026246538 
114 363 24 31 0.026227117 
398 239 9 11 0.026206093 
623 314 10 13 0.02618721 
391 303 9 11 0.026170306 
790 228 13 18 0.026162416 
424 272 9 10 0.02612344 
948 286 11 13 0.025823075 
606 358 9 11 0.025763156 
309 266 12 15 0.025568575 
954 245 10 12 0.025337694 
366 310 9 11 0.025309367 
331 247 10 11 0.025239035 
374 352 9 11 0.0251016 
294 389 10 13 0.025095187 
625 267 9 13 0.025076954 
685 270 11 14 0.025016297 
772 223 14 17 0.024951482 
755 229 13 16 0.024706062 
575 300 9 11 0.024699738 
979 333 14 18 0.024623461 
602 358 9 12 0.024596129 
625 240 8 11 0.024586257 
422 278 9 11 0.024573531 
695 315 22 29 0.024567202 
544 237 8 11 0.024564646 
888 236 9 13 0.024411958 
768 232 14 19 0.024330022 
763 333 14 18 0.024311159 
502 247 9 12 0.024185758 
565 267 11 13 0.02415558 
793 224 22 29 0.024124736 
343 245 9 11 0.024115788 
567 301 11 12 0.023942215 
694 390 11 15 0.023796538 
607 259 8 11 0.023582628 
617 316 10 11 0.023530222 
999 245 10 13 0.02310966 
654 302 11 13 0.023109132 
318 268 9 12 0.022977775 
1013 305 11 17 0.022938035 
289 231 9 11 0.022930777 
856 276 11 15 0.022911843 
367 240 9 10 0.02274772 
592 231 7 10 0.022647163 
421 287 9 10 0.022578824 
156 179 10 12 0.022499772 
743 259 11 14 0.022456406 
625 278 9 13 0.022453588 
606 249 8 10 0.022437029 
963 339 15 19 0.022429 
398 286 9 10 0.022357322 
171 282 14 20 0.022234812 
535 256 9 11 0.022151755 
632 335 12 14 0.022119993 
153 282 20 27 0.02204723 
280 407 10 12 0.021964893 
316 348 13 15 0.021936864 
681 247 8 11 0.021930443 
294 226 18 23 0.02189063 
332 319 14 14 0.021851212 
267 333 16 20 0.02184082 
545 247 8 10 0.021701677 
624 217 7 9 0.021397686 
384 286 10 12 0.021321407 
755 421 14 15 0.021217784 
670 298 12 15 0.021166794 
991 229 9 11 0.021105282 
737 308 11 15 0.02108807 
559 255 9 10 0.021062259 
738 331 16 21 0.02103616 
240 412 13 14 0.020968337 
154 234 16 21 0.02094688 
275 389 14 15 0.02091901 
882 248 8 11 0.020874977 
675 390 18 20 0.020868875 
205 342 22 28 0.020661345 
345 364 12 15 0.020653203 
732 299 12 15 0.020651894 
496 240 7 9 0.020609153 
239 407 11 12 0.020600364 
260 291 12 16 0.020524375 
592 272 9 12 0.020514715 
983 232 8 10 0.020485178 
731 236 9 12 0.020482376 
126 213 23 31 0.02044641 
424 294 8 10 0.020424567 
256 254 18 24 0.020423153 
965 347 14 19 0.02034338 
637 301 10 12 0.020336278 
438 260 10 11 0.02032168 
352 230 9 12 0.02022002 
302 396 10 12 0.020198323 
265 357 22 26 0.020084199 
575 279 19 22 0.020079078 
691 350 14 15 0.020053126 
562 214 9 11 0.020008268 
