11_Meeting_Meeting_11_Meeting_Meeting_11_639
51
719 47 55 77 0.9991947 
47 108 106 114 0.9984908 
315 75 82 105 0.9940679 
551 62 69 89 0.9926715 
909 101 76 100 0.99247473 
280 374 44 36 0.15127163 
856 4 11 12 0.15070167 
972 11 10 12 0.12562187 
714 297 17 22 0.09844875 
693 294 21 26 0.09387377 
861 3 11 10 0.09231087 
952 38 9 11 0.07797522 
968 9 11 13 0.07529906 
799 7 9 11 0.074901305 
943 39 10 12 0.06564725 
704 295 19 25 0.06562687 
920 30 9 10 0.05953242 
958 8 10 11 0.053223275 
3 13 11 14 0.05097735 
957 38 8 11 0.044167556 
953 12 10 11 0.04187562 
166 22 24 30 0.041115485 
952 64 8 10 0.04081272 
39 114 29 41 0.039257348 
974 37 8 10 0.036514215 
966 7 19 23 0.034775954 
56 13 11 14 0.034385927 
39 306 190 282 0.03159524 
61 14 9 12 0.03078748 
760 440 29 32 0.030165331 
993 40 8 10 0.028580926 
913 40 9 12 0.025881512 
968 38 9 11 0.025542188 
974 32 8 10 0.025439022 
134 23 10 13 0.02539448 
193 24 10 12 0.025078984 
172 0 11 10 0.02470828 
256 358 51 52 0.024650056 
912 44 8 11 0.023638023 
966 56 8 10 0.022383243 
44 23 12 13 0.022227705 
936 24 9 10 0.021931423 
999 23 8 11 0.02175275 
894 6 9 11 0.021204133 
878 1 10 9 0.021089924 
939 44 9 12 0.021037092 
172 25 13 15 0.02089933 
747 301 27 32 0.020628734 
950 66 12 15 0.020394936 
157 0 12 11 0.020384336 
793 14 9 11 0.020312099 
