11_Meeting_Meeting_11_Meeting_Meeting_11_287
59
568 228 40 58 0.9980787 
732 369 33 54 0.9940403 
318 405 37 60 0.9930992 
513 352 26 35 0.5312148 
250 8 18 19 0.3280437 
731 515 22 38 0.27855676 
395 482 24 43 0.20776625 
640 443 26 43 0.12517008 
199 447 32 45 0.11735222 
13 371 22 38 0.08852184 
206 520 37 56 0.080337934 
303 0 26 28 0.07141186 
524 346 14 17 0.066222556 
140 280 431 429 0.06610601 
738 513 38 45 0.065211505 
67 540 13 14 0.06221546 
627 514 41 62 0.05567269 
241 428 27 46 0.05457555 
104 539 35 34 0.0538711 
417 445 51 51 0.04930151 
845 532 40 45 0.04624197 
96 547 29 32 0.04527707 
0 369 22 43 0.04517847 
309 14 18 21 0.044437688 
716 461 31 32 0.04297313 
521 340 23 29 0.041073658 
20 376 33 39 0.040955026 
240 400 44 54 0.03572808 
223 490 46 52 0.03403473 
347 424 46 55 0.03389326 
832 524 29 37 0.03335835 
199 506 39 48 0.03241562 
724 500 25 45 0.031057764 
14 373 13 22 0.0296781 
700 521 40 52 0.029616399 
512 359 15 22 0.028806284 
158 489 40 42 0.027861647 
754 507 42 47 0.02764103 
536 -25 405 499 0.027068933 
867 529 26 33 0.026576422 
205 465 37 42 0.026533784 
645 512 33 47 0.026433077 
223 522 31 47 0.026191717 
279 394 28 45 0.025725763 
513 329 44 53 0.02568951 
549 331 15 17 0.025327755 
531 345 28 32 0.025132926 
530 345 18 20 0.024953188 
729 521 13 22 0.024821602 
557 498 43 56 0.023741571 
750 527 38 38 0.023592528 
-42 265 451 492 0.022832865 
100 553 16 20 0.022643866 
236 486 32 31 0.02251364 
64 535 13 15 0.022071922 
547 357 16 20 0.021463657 
300 391 44 64 0.021341594 
36 374 29 33 0.020513617 
2 594 29 41 0.020326141 
