11_Meeting_Meeting_11_Meeting_Meeting_11_26
258
250 260 15 18 0.96059215 
218 273 18 23 0.92505205 
310 253 12 16 0.91512334 
179 282 15 26 0.8835613 
782 269 15 19 0.840313 
341 239 13 16 0.79714984 
829 293 20 27 0.7879238 
153 306 23 33 0.75294954 
807 278 18 22 0.7446706 
273 254 10 15 0.7330882 
198 237 16 21 0.6499728 
764 315 11 13 0.5944611 
403 237 8 10 0.54633975 
203 287 14 18 0.45411095 
378 236 10 12 0.44298115 
729 251 9 13 0.41440034 
165 234 10 13 0.37687132 
677 239 7 11 0.33182475 
732 248 9 12 0.30538857 
287 240 10 12 0.28813654 
293 252 10 12 0.26710597 
291 245 11 14 0.2579583 
271 352 87 137 0.25110692 
706 246 8 10 0.24506442 
750 253 10 12 0.24374913 
693 246 8 10 0.22852968 
161 277 28 32 0.20969944 
265 201 7 8 0.17808957 
298 269 9 12 0.15536149 
423 232 7 10 0.15498713 
655 237 9 10 0.15131414 
442 231 9 10 0.14574967 
232 239 10 12 0.13112468 
158 293 24 35 0.12802286 
920 336 24 31 0.12326335 
611 228 9 12 0.12226355 
710 239 8 10 0.120982945 
1010 354 14 23 0.11037416 
758 263 8 11 0.10820299 
724 312 10 10 0.10457765 
867 322 17 21 0.10194347 
626 507 95 145 0.10162054 
745 334 11 12 0.10100147 
366 265 9 11 0.09834647 
182 235 9 13 0.09388868 
295 263 9 11 0.093868814 
75 328 31 38 0.09222847 
704 277 8 11 0.091506496 
711 301 9 11 0.08881173 
267 307 14 16 0.0885468 
766 270 9 11 0.08483466 
727 300 10 12 0.08270958 
348 10 16 23 0.08160357 
249 223 10 12 0.07950496 
821 287 20 27 0.07939987 
749 278 10 12 0.075943924 
272 250 10 12 0.07292786 
958 527 52 69 0.072713785 
736 319 9 12 0.07135537 
176 235 9 12 0.07090609 
204 271 20 26 0.06993252 
325 285 9 11 0.06977764 
760 267 9 12 0.068651915 
279 247 9 12 0.067278035 
862 315 14 22 0.066683486 
689 241 7 9 0.06569401 
369 246 9 12 0.064166516 
460 229 7 11 0.062800854 
950 518 76 127 0.06279789 
405 233 8 11 0.059991106 
745 248 9 11 0.058930006 
931 298 18 21 0.05832247 
977 353 13 16 0.057693485 
457 410 17 19 0.056021772 
160 268 18 18 0.054082792 
308 303 13 14 0.05397402 
771 292 11 15 0.052154444 
732 295 11 14 0.052120518 
916 324 25 31 0.0501388 
293 308 13 14 0.049365465 
673 241 9 12 0.048679058 
995 378 12 16 0.048383567 
57 344 43 53 0.048363317 
817 280 15 19 0.04720496 
798 339 14 18 0.04712421 
747 307 13 14 0.04700094 
204 233 12 15 0.046163883 
924 303 26 30 0.04449332 
603 45 31 32 0.044256438 
811 324 15 18 0.044227153 
721 287 8 10 0.04383793 
753 257 10 14 0.0435605 
759 325 10 12 0.043092553 
285 284 10 13 0.042477604 
231 303 14 19 0.042289134 
922 315 25 31 0.042226866 
742 327 11 12 0.041945793 
418 231 8 10 0.041551113 
37 340 48 66 0.04133703 
328 294 10 12 0.040801335 
45 201 41 53 0.04034197 
693 252 9 11 0.0402489 
632 232 9 11 0.039744783 
341 271 8 10 0.039443143 
694 242 7 9 0.039400958 
210 241 11 17 0.03938593 
751 271 8 11 0.039241534 
413 398 13 14 0.038854726 
700 285 9 11 0.038456958 
270 205 8 10 0.0372619 
281 382 106 164 0.03718594 
182 274 23 28 0.037079882 
709 278 7 10 0.036971867 
361 270 8 9 0.03696499 
728 271 10 12 0.03690381 
868 305 16 22 0.03648177 
767 301 11 14 0.036476627 
694 263 8 10 0.03632984 
719 294 10 12 0.036151186 
190 264 22 27 0.036056485 
342 234 11 13 0.03600735 
630 236 10 12 0.035937183 
987 231 15 18 0.035064943 
719 302 9 12 0.03485159 
673 233 7 10 0.034469493 
283 239 9 11 0.034453142 
929 330 16 21 0.034339078 
220 262 16 18 0.034236245 
377 47 9 10 0.034088694 
236 237 10 13 0.033774972 
771 316 13 15 0.033565305 
262 214 10 12 0.032786805 
384 223 9 10 0.03277157 
705 250 9 11 0.032574777 
192 235 13 17 0.032337707 
200 267 16 19 0.032130394 
458 224 9 11 0.0320377 
790 341 13 16 0.03190688 
238 245 10 14 0.03175473 
67 424 37 41 0.03142497 
750 283 10 13 0.03128359 
696 286 10 11 0.031211311 
728 243 18 23 0.03120462 
638 232 8 10 0.031095857 
149 307 17 26 0.03093485 
300 293 11 13 0.030854085 
239 252 10 13 0.03072081 
756 253 10 14 0.03066378 
256 206 10 11 0.03045837 
337 272 9 12 0.030041674 
458 235 9 11 0.029982775 
367 252 10 12 0.029920362 
41 491 46 57 0.029909652 
269 200 8 10 0.029678268 
726 316 11 14 0.029637985 
336 289 8 10 0.02941054 
704 295 8 11 0.029278304 
182 266 13 17 0.029255044 
311 287 9 11 0.029208563 
835 286 16 21 0.029102826 
90 404 31 46 0.028676992 
389 221 9 11 0.028477231 
262 254 11 15 0.028215855 
48 372 52 73 0.028211705 
749 315 12 14 0.028125323 
207 318 23 29 0.028071215 
760 309 19 22 0.027762957 
415 246 8 9 0.02764158 
749 328 11 13 0.027632313 
182 260 12 14 0.027534783 
872 325 26 29 0.027522257 
287 341 61 87 0.027424995 
288 301 12 15 0.027343497 
650 236 9 11 0.027055593 
900 307 12 17 0.02702613 
314 258 11 13 0.026634501 
1004 203 11 14 0.026430856 
603 55 17 23 0.02637496 
952 279 11 13 0.026366463 
961 569 36 54 0.025640693 
408 256 9 11 0.025456227 
295 293 12 15 0.02543031 
809 280 38 47 0.02536892 
840 297 15 20 0.025228802 
574 0 48 43 0.025210703 
245 246 12 14 0.025188722 
162 339 42 58 0.025093894 
158 292 15 18 0.024977235 
304 247 10 13 0.02488469 
-39 44 357 457 0.024875967 
774 324 13 14 0.0247558 
171 293 14 24 0.024526099 
694 270 8 9 0.02451212 
592 6 50 47 0.02441953 
66 568 16 20 0.024369542 
295 273 12 15 0.024044085 
786 263 14 18 0.023934882 
623 118 10 11 0.023877734 
285 234 17 23 0.023831623 
728 241 9 10 0.023754818 
745 272 9 11 0.02370257 
744 241 9 10 0.023610735 
766 251 11 14 0.023589326 
255 212 10 13 0.023550734 
670 233 19 24 0.02330906 
161 316 30 48 0.023202002 
161 231 18 22 0.023153346 
649 232 7 10 0.023074372 
780 342 15 17 0.022962015 
9 189 49 66 0.022905987 
732 351 12 15 0.02287454 
155 403 54 78 0.022855839 
759 344 10 11 0.022701794 
757 302 12 14 0.022598205 
686 279 9 10 0.022586655 
757 358 10 13 0.022557408 
642 48 23 32 0.022526087 
408 242 9 12 0.02242356 
986 659 33 37 0.022386782 
354 272 8 10 0.02231371 
303 301 13 15 0.022307852 
302 288 10 12 0.022254799 
709 251 9 11 0.022251777 
169 305 14 23 0.022026362 
778 317 14 17 0.021982746 
293 312 17 18 0.021895304 
722 252 10 12 0.02189489 
868 305 38 46 0.02188455 
982 216 26 35 0.021828976 
277 290 13 16 0.021752074 
288 261 10 13 0.021688756 
678 233 8 9 0.021683829 
374 243 11 13 0.021640668 
441 225 8 11 0.021425612 
341 287 9 11 0.021296594 
384 255 9 11 0.021270243 
717 239 9 10 0.021266649 
805 332 13 15 0.021211945 
938 293 15 18 0.02112118 
416 238 8 10 0.021068728 
375 231 18 22 0.021025937 
902 372 30 33 0.02093711 
1 156 21 39 0.020899422 
805 379 21 31 0.020868894 
399 232 17 22 0.020820843 
141 301 15 19 0.02075462 
259 259 11 16 0.02071059 
608 134 9 10 0.020619992 
656 243 9 11 0.020595372 
277 301 12 14 0.020587917 
981 227 16 21 0.020552568 
721 246 8 11 0.020505844 
153 345 30 43 0.020413637 
594 57 32 34 0.020321846 
187 346 17 22 0.020274902 
340 3 18 19 0.020263134 
671 222 8 11 0.020203834 
149 440 14 19 0.020004615 
