11_Meeting_Meeting_11_Meeting_Meeting_11_807
62
553 25 44 58 0.99595875 
410 77 46 54 0.9958228 
777 96 51 73 0.99536115 
891 244 74 95 0.9827634 
624 74 43 57 0.98246205 
694 426 84 100 0.95227957 
273 165 63 51 0.87946767 
980 179 30 47 0.4662396 
116 205 44 52 0.20616594 
967 189 48 63 0.18697718 
303 116 33 33 0.13630028 
253 364 62 86 0.092876345 
273 593 26 32 0.07586772 
279 154 38 45 0.06469647 
239 175 81 55 0.058962356 
105 219 43 48 0.0560724 
544 225 30 38 0.05474966 
285 139 53 55 0.05037982 
866 351 56 66 0.04752906 
134 209 58 60 0.04641499 
869 188 103 137 0.045808755 
821 440 35 54 0.044118267 
770 50 44 64 0.042479288 
668 166 63 62 0.04151599 
270 252 33 39 0.04022555 
373 44 39 49 0.0386407 
648 172 115 102 0.038274687 
245 155 33 43 0.0379192 
385 70 18 21 0.036845114 
179 178 138 110 0.03507803 
996 36 12 18 0.034919895 
937 172 79 100 0.034330316 
299 170 39 34 0.034116402 
261 158 37 46 0.032777723 
827 111 27 44 0.03196602 
107 219 108 112 0.029119093 
293 118 54 53 0.028997501 
238 349 57 76 0.028682513 
293 394 273 322 0.027041575 
278 389 56 69 0.026153238 
126 189 41 53 0.025644517 
332 114 16 20 0.025414785 
237 147 31 38 0.025058985 
795 430 54 74 0.024595698 
763 77 49 66 0.024181785 
369 224 24 29 0.023544122 
662 78 30 41 0.022921167 
361 255 35 39 0.022885952 
995 22 25 42 0.022714656 
816 0 21 22 0.02269028 
114 234 62 69 0.022508077 
265 179 41 38 0.022195496 
731 427 92 102 0.0216864 
898 158 91 105 0.021313809 
790 45 49 61 0.021175746 
-89 171 406 485 0.021141874 
710 101 47 53 0.021108871 
635 513 32 33 0.020993544 
325 128 28 36 0.020972805 
261 576 43 60 0.02093308 
355 228 45 55 0.020507673 
781 289 50 67 0.0202692 
