14_Traffic_Traffic_14_170
876
329 278 10 12 0.73869103 
830 491 14 17 0.6640776 
949 613 11 13 0.61741084 
213 353 11 14 0.6085525 
852 605 9 11 0.51755786 
956 645 15 17 0.47820267 
442 317 10 13 0.40900362 
400 279 9 11 0.40514717 
598 382 11 13 0.35238552 
928 630 11 14 0.3353377 
319 160 8 11 0.31705585 
985 228 18 20 0.31456167 
951 564 10 12 0.3113901 
331 205 8 10 0.2891874 
349 605 9 11 0.26994482 
579 416 7 10 0.2694426 
253 415 9 12 0.26717597 
473 357 10 12 0.26141647 
476 334 10 12 0.2597059 
921 587 9 11 0.25589964 
746 569 8 11 0.25196567 
967 594 11 13 0.24314338 
908 634 13 17 0.22728652 
192 367 8 11 0.22579439 
879 578 12 15 0.21929403 
448 348 8 11 0.21853231 
503 276 9 12 0.20419037 
536 382 6 9 0.20230049 
627 186 13 16 0.20187835 
428 303 10 13 0.19924366 
511 331 10 11 0.19704689 
526 360 8 11 0.19157246 
384 340 10 12 0.18713053 
384 255 8 10 0.18493071 
359 214 7 9 0.18421024 
856 565 7 11 0.18230683 
892 651 9 13 0.18210034 
987 699 10 12 0.17918189 
344 223 8 10 0.17879081 
541 430 9 11 0.17201057 
320 164 9 11 0.17117183 
554 375 8 9 0.1677705 
638 482 14 17 0.16688044 
119 414 13 17 0.16650331 
1008 590 9 10 0.16548184 
426 307 9 12 0.15329355 
897 605 10 12 0.15321091 
985 580 10 13 0.15097807 
492 254 10 13 0.14615051 
913 510 8 10 0.14577842 
879 490 8 10 0.13766435 
319 216 8 10 0.13744172 
437 261 9 10 0.13639066 
175 334 11 14 0.13457073 
831 585 10 12 0.1312143 
888 520 8 12 0.13075325 
462 301 8 10 0.12720032 
278 144 7 9 0.12711751 
550 415 8 11 0.12516563 
302 240 9 11 0.12507458 
862 557 10 13 0.12348103 
444 312 10 12 0.12343818 
576 389 8 9 0.123204924 
864 620 9 11 0.12242937 
326 223 8 10 0.12184808 
245 165 8 11 0.12129183 
172 140 9 11 0.11736452 
406 284 9 11 0.115614496 
645 430 10 13 0.115597166 
748 611 12 13 0.11346892 
173 693 13 18 0.1098271 
311 270 9 10 0.10760999 
846 625 10 14 0.105971776 
958 581 9 12 0.104472645 
330 201 8 10 0.1029236 
519 344 9 11 0.10269119 
431 366 9 11 0.10146291 
494 351 10 13 0.100313455 
438 279 8 10 0.10030477 
359 209 7 9 0.1001519 
499 636 12 15 0.10002781 
342 180 9 12 0.09659309 
464 311 8 11 0.09651606 
581 419 8 11 0.09645963 
574 446 7 10 0.09516542 
285 189 8 11 0.095153004 
863 491 9 12 0.09407378 
928 558 9 11 0.09355136 
508 407 9 12 0.0933163 
998 550 9 13 0.09286019 
415 407 10 13 0.09175007 
474 340 9 12 0.091613606 
516 327 9 11 0.09158302 
975 558 9 11 0.091013536 
417 296 8 10 0.09064046 
605 388 9 10 0.090397045 
934 565 9 10 0.09022516 
989 576 9 12 0.08975195 
957 630 10 11 0.08974998 
285 184 7 10 0.08898359 
1008 559 9 11 0.08893196 
383 374 10 11 0.08879999 
1014 571 9 13 0.08821302 
920 527 9 12 0.08781301 
407 341 9 12 0.08733421 
278 368 11 14 0.08667154 
279 263 8 9 0.08626427 
985 588 10 13 0.08610529 
473 350 10 13 0.08558284 
867 470 11 12 0.08533201 
713 348 47 56 0.083414726 
432 261 8 10 0.08269537 
183 366 8 10 0.0823013 
784 597 10 12 0.08189393 
575 384 9 11 0.08158093 
784 591 9 11 0.081483595 
157 748 15 17 0.08094927 
898 677 11 12 0.080729246 
993 550 9 12 0.08066786 
639 489 14 18 0.0806237 
133 695 11 13 0.080524005 
253 236 13 16 0.08048781 
961 590 9 13 0.08035889 
182 358 8 11 0.07947585 
489 294 8 11 0.0792367 
984 535 10 12 0.07880752 
679 479 8 11 0.07807831 
321 221 8 10 0.07762726 
1007 629 9 10 0.0773954 
153 382 9 12 0.07727207 
374 581 12 15 0.07660813 
302 600 7 10 0.07649438 
905 651 14 16 0.076175585 
490 356 9 11 0.07595501 
910 517 10 12 0.07585438 
350 247 8 10 0.07517912 
952 571 10 13 0.0751025 
983 559 8 10 0.074411996 
337 174 9 12 0.07312955 
597 377 9 10 0.072854556 
862 549 9 13 0.07277716 
224 205 11 14 0.072510466 
832 654 9 12 0.072361246 
392 216 7 11 0.071791634 
945 558 10 13 0.0717458 
902 630 13 17 0.071682 
129 683 10 12 0.07140666 
514 248 17 20 0.07126099 
957 699 14 17 0.07039029 
546 391 7 8 0.07027481 
522 359 9 11 0.06986331 
632 403 10 12 0.069740266 
248 439 11 14 0.06777105 
376 312 8 10 0.06761923 
552 383 8 10 0.06693702 
925 527 8 11 0.06681847 
367 479 9 12 0.06680046 
559 368 9 12 0.06641492 
361 221 7 9 0.06621849 
73 743 26 24 0.06589999 
325 166 8 11 0.065850064 
476 328 10 12 0.06523557 
575 375 8 9 0.06497135 
970 590 11 13 0.06496332 
203 701 13 17 0.0646973 
914 505 7 10 0.064647 
368 589 11 16 0.0638504 
279 380 12 16 0.063562796 
509 271 8 11 0.063146 
1013 566 9 13 0.062644504 
296 164 7 10 0.06258658 
286 270 8 11 0.06255769 
431 350 9 11 0.06242309 
425 263 8 9 0.0624093 
422 296 8 9 0.061923556 
433 279 8 10 0.06161322 
422 413 9 12 0.061246194 
362 272 8 10 0.060911488 
399 255 7 9 0.06076499 
246 161 8 10 0.06020962 
493 296 8 10 0.05989259 
1007 584 10 12 0.05974894 
305 134 7 8 0.059166446 
508 277 8 11 0.05820137 
796 286 16 20 0.058106154 
382 319 7 10 0.057918206 
429 296 9 11 0.057836577 
741 576 14 16 0.057767276 
305 207 9 11 0.057739902 
98 678 10 13 0.057481337 
361 240 6 8 0.057134673 
888 647 11 13 0.057124194 
367 263 8 10 0.05683258 
550 389 7 9 0.056739874 
329 273 9 11 0.056698196 
281 176 6 9 0.05664501 
837 610 13 18 0.056623645 
521 364 8 11 0.056390375 
454 345 9 10 0.056270596 
983 615 9 12 0.05623493 
485 384 8 10 0.056058723 
433 256 8 11 0.05565414 
326 228 9 11 0.05542455 
493 624 26 29 0.05539859 
309 460 10 13 0.055294544 
178 356 9 12 0.055166863 
296 160 7 9 0.05513433 
989 596 9 11 0.05509202 
189 242 9 12 0.055077337 
799 613 9 11 0.05473039 
837 661 9 11 0.05470246 
361 294 8 11 0.054458294 
487 403 9 12 0.054451317 
1000 556 9 11 0.054450583 
847 648 9 11 0.05442963 
983 564 9 12 0.053971905 
153 704 9 11 0.05382083 
1007 613 9 12 0.053576402 
297 239 8 10 0.053503815 
574 361 8 10 0.053470686 
430 359 9 12 0.053367835 
594 381 9 12 0.05336038 
608 399 8 11 0.053099666 
903 598 11 12 0.05305537 
407 655 8 11 0.0530287 
645 647 8 10 0.05299402 
559 415 7 9 0.052914537 
353 214 7 10 0.05281927 
417 358 8 11 0.052688025 
196 610 17 21 0.052224226 
438 374 8 10 0.05221497 
929 563 10 12 0.051442053 
430 420 8 11 0.051323056 
281 127 7 8 0.051309653 
910 523 12 15 0.05129054 
965 695 11 14 0.050854187 
641 475 14 17 0.050794654 
405 205 10 11 0.05074819 
861 544 8 11 0.05072108 
345 227 8 11 0.05064565 
285 197 9 10 0.050617237 
433 370 9 12 0.050468415 
368 224 6 8 0.050463755 
673 479 9 11 0.05039039 
241 334 8 10 0.05033289 
1008 564 9 12 0.050128493 
366 277 7 10 0.05003734 
966 477 8 9 0.049899194 
965 510 10 12 0.04989236 
985 540 9 12 0.049813718 
523 251 14 16 0.049482297 
576 399 10 11 0.04925456 
857 559 9 14 0.049238585 
205 383 8 10 0.04921212 
501 351 9 12 0.04912217 
524 208 11 14 0.048954614 
880 518 10 14 0.048752565 
385 260 9 10 0.048697554 
502 311 7 10 0.048511572 
279 167 7 9 0.048454005 
924 585 10 12 0.04843332 
454 272 10 12 0.04830937 
148 613 11 14 0.04824988 
134 122 12 14 0.047977287 
321 172 9 11 0.047911752 
432 284 9 11 0.047879007 
871 489 9 10 0.04737007 
248 211 10 12 0.04729739 
150 619 11 14 0.047272965 
610 184 14 17 0.047209516 
305 127 8 10 0.046966296 
365 294 8 10 0.046939965 
190 360 9 11 0.04680483 
641 422 10 13 0.046641815 
272 150 8 10 0.046538953 
652 429 12 15 0.046229057 
631 358 9 11 0.046010353 
897 631 10 14 0.04587417 
402 339 9 11 0.045798875 
851 608 12 16 0.045732427 
783 584 9 10 0.04566713 
909 560 9 11 0.04503659 
505 411 9 11 0.044997267 
1012 559 9 12 0.044867303 
225 150 6 8 0.04483571 
197 374 8 9 0.044811 
377 317 9 10 0.044796072 
542 343 7 9 0.044701472 
233 324 9 11 0.04456759 
975 562 10 14 0.044553753 
691 486 12 14 0.04454114 
366 270 7 10 0.044498004 
548 298 11 14 0.044496752 
374 230 8 9 0.04422974 
360 246 8 10 0.04416323 
908 623 10 13 0.04413178 
323 143 7 8 0.044057496 
485 389 9 11 0.044002738 
369 231 8 9 0.04389075 
244 595 17 22 0.043848176 
350 229 8 10 0.043780167 
208 324 9 11 0.043643866 
399 247 8 9 0.04358707 
392 247 7 9 0.04357756 
695 327 10 11 0.043486968 
89 460 16 20 0.043216873 
504 283 9 11 0.043144934 
350 311 9 11 0.043124102 
991 556 9 12 0.043103643 
328 213 8 11 0.043051973 
192 312 9 11 0.042953257 
376 303 7 9 0.042836953 
216 384 8 9 0.042657208 
384 380 10 13 0.04264803 
511 295 10 12 0.04257637 
962 508 9 13 0.042444494 
332 282 10 13 0.042102203 
482 311 8 10 0.04192838 
567 360 9 11 0.04186768 
911 564 8 12 0.041721825 
482 383 7 9 0.04164337 
933 624 9 11 0.04161924 
391 254 8 10 0.041410927 
576 407 9 10 0.041410115 
469 396 10 12 0.04136182 
193 286 10 12 0.04131614 
849 424 8 11 0.041249674 
504 251 11 14 0.04120553 
471 382 8 10 0.041181237 
414 622 8 10 0.04114023 
311 175 7 10 0.041070215 
162 742 14 16 0.0410408 
303 159 6 9 0.04100351 
490 270 8 10 0.04097372 
553 487 8 11 0.040874645 
631 365 10 12 0.04066692 
274 144 7 9 0.040647414 
248 197 9 11 0.040503196 
245 587 15 18 0.04032042 
469 390 8 10 0.04030298 
207 318 10 12 0.04018739 
208 431 9 11 0.040118214 
326 190 7 10 0.039809372 
384 248 8 9 0.0398082 
359 231 8 10 0.03970915 
538 343 8 10 0.039645538 
989 566 9 11 0.039577857 
178 366 9 10 0.039558332 
639 471 13 15 0.03953906 
359 184 7 10 0.039446697 
180 338 9 12 0.039441742 
241 136 8 9 0.039187416 
114 412 10 14 0.03905085 
311 214 8 10 0.03904441 
440 343 8 10 0.038955126 
543 422 12 12 0.038913604 
1012 590 9 12 0.03868025 
473 376 8 10 0.03847682 
425 419 10 13 0.03841841 
944 654 9 11 0.038365386 
368 359 9 11 0.037851397 
273 228 8 11 0.037839513 
575 366 8 10 0.037725095 
438 284 7 10 0.03754867 
789 596 8 11 0.037361737 
326 560 8 11 0.037176102 
975 645 10 13 0.037172265 
569 384 8 9 0.036999542 
304 559 7 10 0.036956403 
406 239 8 9 0.036882848 
448 276 9 11 0.03687901 
846 311 28 33 0.036778033 
550 343 8 10 0.036653955 
513 381 10 12 0.036627393 
956 559 9 12 0.03657608 
884 576 10 12 0.036558006 
240 319 8 11 0.036472663 
168 690 22 27 0.036371667 
537 348 9 11 0.03630481 
256 339 9 11 0.0362655 
311 265 8 10 0.036237106 
776 598 9 13 0.036232244 
561 408 8 10 0.03620679 
200 709 14 18 0.03616375 
581 383 8 10 0.036113914 
419 381 10 13 0.035946228 
1001 622 11 15 0.035913106 
334 262 9 11 0.035887253 
471 293 9 11 0.03559251 
107 467 13 18 0.035448994 
541 435 11 12 0.035421822 
848 600 12 14 0.03539158 
224 128 7 8 0.035333056 
158 692 9 12 0.035327885 
613 483 8 12 0.03524487 
398 295 8 10 0.035216935 
509 206 11 13 0.035216697 
584 524 10 14 0.03509698 
709 341 9 11 0.035027113 
511 388 9 10 0.034929026 
704 333 10 12 0.03485223 
327 594 11 13 0.034828722 
320 263 9 11 0.034775306 
287 127 6 8 0.034676623 
439 348 9 12 0.034585692 
191 381 8 11 0.034555722 
326 273 17 22 0.034294043 
241 171 9 11 0.034172494 
169 697 12 16 0.034088254 
265 159 6 9 0.034015298 
344 216 8 10 0.033949923 
918 519 8 10 0.03393215 
287 208 8 10 0.03392793 
201 166 10 12 0.03386904 
318 270 9 10 0.033820014 
1007 636 12 14 0.033426832 
373 436 9 10 0.033413764 
198 292 10 11 0.033403736 
975 516 9 12 0.033314995 
502 228 9 12 0.033275418 
98 404 12 17 0.03324542 
350 433 9 11 0.033235084 
686 479 9 11 0.033150136 
198 692 11 15 0.033115532 
215 169 8 11 0.033067815 
918 503 7 10 0.03304753 
493 326 8 10 0.03292942 
360 595 11 13 0.0329137 
313 535 7 9 0.032841995 
903 644 13 16 0.032773897 
327 172 7 10 0.03273661 
286 287 10 13 0.03270826 
776 508 104 120 0.03268435 
302 263 8 11 0.032672137 
373 360 9 11 0.032627787 
954 579 9 13 0.032602556 
189 223 9 10 0.032530963 
789 591 8 11 0.0325221 
485 132 10 12 0.03244169 
423 358 9 11 0.032402184 
264 176 7 9 0.032366548 
309 127 8 10 0.032346033 
857 491 9 13 0.032313056 
350 251 9 12 0.032303274 
767 605 11 14 0.032186005 
984 550 8 11 0.032167148 
840 359 8 9 0.03213781 
960 532 9 12 0.03213612 
701 328 10 12 0.032111257 
367 327 8 10 0.032108594 
488 247 10 14 0.032068137 
513 350 9 11 0.031990185 
900 702 17 22 0.03196756 
389 383 9 11 0.031922262 
976 552 8 11 0.03184527 
492 208 8 11 0.031818442 
449 246 8 11 0.031805012 
567 364 8 11 0.03178402 
423 351 8 10 0.031733535 
184 224 8 10 0.03171954 
319 296 8 10 0.031696945 
594 375 8 11 0.031668104 
886 531 10 12 0.031662844 
898 684 13 17 0.03160846 
405 661 9 12 0.031538356 
535 335 9 11 0.03151605 
354 209 7 9 0.03141267 
494 300 8 10 0.031282354 
263 111 7 9 0.031281155 
934 549 9 12 0.031240808 
473 363 10 13 0.031232208 
440 321 10 13 0.031203898 
1013 619 11 15 0.031192934 
512 367 8 10 0.031180535 
532 253 10 13 0.031171909 
298 604 10 12 0.031067615 
377 604 12 15 0.031034982 
439 380 8 11 0.031015905 
421 408 8 11 0.030933864 
329 677 10 12 0.030819971 
893 518 7 11 0.030789848 
295 151 7 9 0.03078905 
480 232 9 10 0.030720238 
488 325 10 11 0.030643206 
566 245 12 15 0.030583188 
302 183 8 9 0.030503578 
901 611 11 13 0.030496832 
904 658 12 15 0.030480824 
512 375 9 10 0.03039355 
436 367 8 11 0.030371059 
835 610 22 28 0.030195788 
312 222 7 10 0.03018061 
348 611 11 12 0.03014362 
361 501 10 12 0.030117666 
509 246 15 18 0.030113298 
175 605 13 16 0.029912211 
394 279 8 10 0.029906886 
458 295 8 11 0.029638382 
768 612 11 14 0.029632093 
630 463 8 11 0.029629517 
274 261 8 11 0.029582035 
520 408 8 10 0.029568363 
52 529 13 16 0.029531743 
345 485 9 11 0.029499851 
208 219 10 12 0.029488413 
934 572 10 13 0.029483203 
953 638 11 14 0.029474366 
387 78 10 13 0.029447258 
405 336 10 12 0.029369269 
353 189 8 10 0.029305922 
826 590 11 12 0.029267693 
429 703 12 15 0.029264139 
387 182 7 10 0.029192694 
943 646 9 13 0.029174417 
706 405 19 20 0.029165698 
281 268 9 12 0.029093584 
1014 581 9 13 0.029052708 
327 316 9 12 0.029048309 
367 255 8 9 0.029033491 
501 460 14 15 0.02900359 
624 447 9 11 0.028991904 
287 275 9 12 0.028888267 
249 417 10 14 0.028879967 
923 714 16 18 0.02887087 
424 248 9 10 0.02885805 
424 254 9 11 0.028854107 
1014 668 9 13 0.028847171 
469 278 9 10 0.028840268 
943 551 9 13 0.028799161 
646 198 12 16 0.028761938 
448 413 9 12 0.028749274 
589 525 9 11 0.028741455 
927 551 10 12 0.028698642 
359 189 8 10 0.028668584 
414 279 8 11 0.028617654 
247 335 8 11 0.028611511 
101 696 11 13 0.028579755 
344 206 7 9 0.028567828 
974 528 9 10 0.028527232 
246 136 7 9 0.028525118 
479 318 9 10 0.028505316 
918 568 9 11 0.028500365 
301 453 13 16 0.028411232 
306 212 9 11 0.02839258 
326 151 7 9 0.02838887 
525 439 11 11 0.028381428 
636 341 9 12 0.02831674 
206 172 9 11 0.028309686 
361 264 9 11 0.028291207 
359 508 9 11 0.028285585 
304 268 9 12 0.028275622 
566 408 7 10 0.028219279 
384 324 9 10 0.028148133 
968 516 9 11 0.02806803 
506 334 9 11 0.027960334 
366 247 7 9 0.027923048 
849 451 10 14 0.027920136 
253 408 9 13 0.027869916 
488 301 9 11 0.027851176 
165 366 9 12 0.027832486 
193 317 10 11 0.027818762 
944 503 8 11 0.027773172 
961 528 8 9 0.027749563 
295 284 9 13 0.027749503 
383 198 8 11 0.02767113 
584 438 7 10 0.027641227 
652 478 9 12 0.027571192 
557 278 9 11 0.027456706 
511 623 10 12 0.027416773 
244 318 9 11 0.027397523 
628 90 11 13 0.027374083 
431 404 9 11 0.027301343 
622 499 10 14 0.02723103 
879 501 9 12 0.027151732 
201 255 8 11 0.027123732 
478 375 8 10 0.027063595 
231 167 8 11 0.027029933 
416 263 8 9 0.027012235 
857 487 7 10 0.026984964 
176 270 9 12 0.02697605 
708 335 10 13 0.026915077 
241 160 9 11 0.02690885 
840 535 8 11 0.026890934 
273 136 6 8 0.026871078 
967 528 8 10 0.026842555 
945 608 9 13 0.026831483 
744 606 12 16 0.02682575 
976 606 9 11 0.026776623 
181 353 9 11 0.02677568 
569 268 10 12 0.026773183 
517 376 8 10 0.026735883 
649 592 9 10 0.026691923 
848 447 9 11 0.026683146 
250 527 9 11 0.026661817 
278 332 9 11 0.026658254 
642 436 11 13 0.02658274 
447 408 9 11 0.026575524 
850 428 9 12 0.02655924 
310 288 9 11 0.026535308 
909 596 8 12 0.026442247 
309 293 9 11 0.02643304 
867 615 10 12 0.026377277 
389 336 9 11 0.02632817 
737 580 10 13 0.026287954 
263 119 7 8 0.02625423 
390 262 7 10 0.026239848 
1007 594 10 13 0.02621865 
399 273 9 11 0.026183713 
273 167 7 10 0.026181594 
407 262 7 10 0.02615399 
952 704 13 16 0.026095951 
615 389 8 10 0.026038757 
703 287 9 11 0.02597114 
1013 527 9 12 0.025963916 
1006 227 14 17 0.025933426 
321 228 10 12 0.025927184 
877 541 9 10 0.02587532 
324 159 8 11 0.025832087 
894 660 10 13 0.025814563 
524 237 10 13 0.025785604 
390 309 9 11 0.025781516 
789 604 10 14 0.025729446 
510 401 9 10 0.025695825 
228 342 10 12 0.025631081 
681 94 8 11 0.025611063 
228 196 12 15 0.025593169 
344 239 8 9 0.025519365 
957 575 10 12 0.025515573 
54 250 13 15 0.025464077 
505 391 8 9 0.025462052 
390 349 8 11 0.025450444 
351 317 9 11 0.02540175 
904 501 8 11 0.025387853 
279 161 7 9 0.025328984 
414 286 8 10 0.025259767 
622 296 9 10 0.025210947 
198 318 8 11 0.025187112 
552 368 10 13 0.02512242 
272 175 8 10 0.02509898 
135 160 10 12 0.025090624 
289 239 8 11 0.025070526 
926 688 9 11 0.024986362 
494 270 9 11 0.024934867 
392 296 8 9 0.02485783 
94 533 12 15 0.024821758 
863 473 12 14 0.024811046 
655 583 8 10 0.024797497 
528 302 8 10 0.024758141 
287 135 6 7 0.02472946 
601 429 8 10 0.024709608 
189 335 9 11 0.02469676 
287 244 10 11 0.024668911 
614 566 8 12 0.02466525 
157 708 10 14 0.024649596 
326 312 9 10 0.024555214 
872 581 10 13 0.024554636 
465 391 8 10 0.024548162 
376 365 9 12 0.024545133 
208 421 11 12 0.024531106 
113 688 8 10 0.02453008 
454 375 8 10 0.024433676 
424 278 7 10 0.024423 
966 532 9 12 0.024394203 
210 347 18 22 0.024357479 
285 176 8 10 0.024339898 
486 343 10 11 0.02433524 
295 198 8 9 0.02432966 
545 397 9 10 0.024299873 
185 173 8 11 0.024278322 
905 563 10 12 0.02426918 
359 159 8 9 0.024237644 
224 145 7 9 0.024199368 
328 135 8 10 0.024178613 
612 614 9 11 0.024164354 
648 189 10 13 0.024100224 
518 235 13 13 0.024056429 
168 662 11 15 0.024044584 
416 389 10 10 0.024010586 
256 175 8 10 0.023910254 
350 621 10 12 0.023870748 
192 325 9 10 0.02384222 
393 286 7 9 0.023826974 
550 408 8 10 0.023820965 
247 431 9 11 0.023792341 
544 384 7 9 0.023773294 
280 287 10 12 0.023762356 
302 190 8 10 0.023751518 
807 678 10 12 0.023679636 
174 254 10 12 0.023653673 
108 150 13 18 0.023637068 
504 400 10 11 0.023608457 
296 119 7 9 0.023551224 
303 287 9 12 0.02353838 
401 261 8 10 0.023518644 
503 340 8 11 0.023500478 
1009 527 9 10 0.023498625 
350 224 8 10 0.023480942 
188 175 9 11 0.02343463 
370 430 9 12 0.023369959 
238 406 8 10 0.023338458 
349 303 9 11 0.023299985 
945 661 9 12 0.023282086 
577 429 7 10 0.023241632 
359 349 8 11 0.023216892 
516 621 11 13 0.023206327 
343 285 8 10 0.023189325 
326 262 9 12 0.023154285 
377 255 7 9 0.023111528 
863 628 11 13 0.023105705 
440 414 8 11 0.02307129 
263 135 7 9 0.023069628 
1013 612 11 15 0.023068547 
628 630 8 11 0.02306188 
399 382 9 12 0.02305822 
645 498 11 14 0.023039775 
670 95 9 11 0.023029141 
429 443 11 15 0.023011928 
567 414 7 9 0.02300374 
295 279 8 11 0.022972282 
278 310 10 12 0.022966415 
318 624 7 10 0.0229281 
878 663 8 10 0.02292502 
623 467 9 12 0.022920815 
956 564 9 13 0.02291483 
304 86 8 10 0.022912407 
975 512 9 11 0.022884348 
549 430 9 11 0.022879945 
550 358 9 11 0.022862893 
114 747 12 15 0.02286088 
827 653 8 11 0.022822337 
203 695 12 15 0.022806074 
440 335 9 11 0.02279308 
311 199 8 10 0.022775453 
154 694 8 11 0.022712195 
239 324 8 11 0.022691162 
320 183 9 11 0.02265405 
1015 651 10 14 0.022608168 
348 478 9 12 0.022597237 
420 374 11 12 0.022578532 
898 687 22 30 0.022576721 
241 141 8 10 0.022572383 
974 693 11 16 0.022567943 
107 739 23 28 0.022537809 
248 192 8 11 0.02250728 
510 285 8 11 0.022487849 
905 518 8 11 0.02246588 
61 437 15 17 0.022459362 
831 610 13 17 0.022413626 
57 441 22 27 0.022349361 
239 119 7 9 0.022324298 
1012 642 11 15 0.02231255 
448 375 8 10 0.022305919 
430 247 8 10 0.022299992 
902 529 13 17 0.02227354 
503 261 11 12 0.0222672 
155 620 11 15 0.022266235 
490 259 10 13 0.022199158 
230 172 9 12 0.022185983 
951 650 13 16 0.022176689 
482 405 9 12 0.022080142 
498 277 9 11 0.022052629 
824 671 7 9 0.022046827 
511 430 10 12 0.022041379 
518 271 10 11 0.022036396 
636 332 11 13 0.022035211 
157 376 9 11 0.022026563 
192 716 12 16 0.022023555 
286 464 10 12 0.02200492 
351 239 7 9 0.021952705 
103 148 23 30 0.021897878 
342 200 7 9 0.021882541 
965 582 12 15 0.021876357 
439 312 18 23 0.021813093 
525 350 8 11 0.02179841 
421 624 8 11 0.021724688 
924 701 14 15 0.021677496 
246 141 7 9 0.021675607 
297 191 8 10 0.021665053 
432 344 8 10 0.021642566 
245 324 9 11 0.02163433 
599 525 9 11 0.021630408 
1004 472 10 13 0.02160409 
414 311 9 11 0.021550732 
622 437 8 10 0.02153264 
493 247 10 14 0.021522725 
263 204 9 11 0.021521388 
831 619 12 16 0.021521334 
575 440 8 11 0.021516757 
280 136 7 8 0.0214885 
976 533 9 11 0.021479534 
257 135 7 9 0.021475384 
303 143 8 9 0.021459982 
583 530 11 14 0.02143353 
839 624 14 17 0.0214316 
297 182 8 10 0.0214008 
490 212 10 12 0.021390907 
272 255 9 12 0.02135406 
989 615 8 11 0.02132808 
496 380 217 230 0.021318376 
173 657 14 17 0.021305928 
262 127 7 8 0.021299036 
886 623 9 11 0.021203695 
809 662 9 11 0.021159425 
258 111 7 10 0.02114769 
314 159 8 10 0.021130342 
998 544 10 12 0.021120258 
157 127 10 12 0.021104269 
151 434 10 14 0.021073602 
601 357 9 10 0.021068968 
742 562 18 24 0.02106848 
560 398 7 10 0.02106723 
447 253 9 10 0.02103894 
312 341 9 11 0.021023396 
956 622 11 13 0.021007087 
334 213 9 10 0.0210055 
975 663 10 12 0.02098451 
361 485 11 14 0.0209813 
919 629 10 13 0.020967921 
318 153 18 23 0.020949004 
151 599 8 10 0.0209242 
296 176 8 10 0.020921964 
634 477 10 14 0.020900471 
254 208 8 10 0.020877782 
144 597 8 11 0.020854373 
904 295 11 14 0.020843167 
321 199 7 9 0.0208161 
535 377 8 10 0.020812042 
1009 559 18 26 0.020779587 
9 117 9 12 0.02075455 
68 436 13 16 0.0207512 
437 432 23 32 0.020699203 
230 127 7 9 0.02067238 
632 371 9 11 0.020665368 
754 389 25 30 0.020645209 
878 509 10 13 0.020637827 
908 698 12 18 0.02062236 
447 391 8 11 0.020611048 
207 159 9 10 0.020596076 
288 213 8 9 0.020591019 
142 630 10 12 0.020570256 
835 597 12 15 0.020547945 
216 143 7 9 0.02054089 
136 631 9 12 0.020502081 
360 287 8 11 0.020497678 
286 351 10 12 0.02047782 
183 168 8 10 0.020461898 
358 459 11 13 0.02045634 
304 291 11 14 0.02044698 
401 325 9 11 0.020433228 
967 562 11 14 0.020353567 
290 150 7 9 0.020349588 
230 262 10 12 0.020336892 
271 119 7 9 0.020321064 
888 646 18 24 0.020310773 
42 521 26 31 0.020295497 
220 356 10 13 0.0202936 
303 111 6 9 0.020291893 
305 81 7 9 0.020290555 
481 304 8 9 0.020289171 
415 269 9 11 0.020234207 
1004 551 12 15 0.020233665 
635 181 12 15 0.020232238 
617 436 9 11 0.020217914 
641 424 19 23 0.020205153 
16 94 11 15 0.020201353 
369 310 8 11 0.02018854 
297 262 9 12 0.020187616 
461 253 9 12 0.020174341 
544 367 8 10 0.020165643 
303 152 8 9 0.020142082 
424 298 18 23 0.020130236 
190 340 9 11 0.02011772 
829 592 14 17 0.020089073 
439 303 8 10 0.020086003 
534 359 8 10 0.020030573 
127 746 11 14 0.020012863 
