14_Traffic_Traffic_14_654
26
453 352 93 110 0.9994647 
555 683 355 485 0.11807461 
210 264 57 69 0.07324136 
931 986 98 165 0.07318824 
582 428 31 36 0.057656232 
68 234 50 59 0.04904812 
0 409 10 19 0.044351008 
868 154 12 17 0.041167267 
879 133 44 55 0.037888113 
331 105 26 35 0.035010435 
935 191 81 112 0.032645326 
875 143 24 35 0.030857679 
205 246 95 114 0.027822826 
534 357 52 71 0.026714478 
304 305 30 32 0.024800789 
129 1216 26 31 0.02467381 
353 239 30 37 0.02457007 
663 764 218 302 0.024511537 
62 779 381 408 0.024497995 
910 158 80 104 0.023931531 
325 240 35 41 0.02290699 
985 58 39 66 0.022840466 
92 1272 104 105 0.02207241 
283 221 100 118 0.021815447 
393 -2 37 34 0.021758415 
911 144 54 68 0.021207882 
