14_Traffic_Traffic_14_834
435
831 429 20 29 0.45884684 
709 455 9 13 0.44938317 
597 124 8 11 0.40124908 
70 357 7 10 0.3651206 
157 422 9 14 0.3323335 
146 353 6 8 0.30705127 
53 365 7 11 0.2862185 
686 426 14 17 0.24989122 
780 412 11 15 0.23711418 
852 391 10 12 0.21151958 
714 351 7 9 0.21013582 
865 343 8 10 0.16657476 
744 443 10 12 0.16294965 
113 351 7 8 0.16277713 
812 374 8 11 0.16089779 
711 411 10 13 0.15204151 
54 362 7 9 0.14568952 
815 349 7 9 0.14409691 
797 352 8 10 0.14223513 
848 379 10 12 0.14153236 
261 384 10 13 0.14008498 
650 366 9 12 0.13840221 
729 358 9 11 0.13226692 
705 411 10 14 0.12946582 
150 352 6 9 0.12547833 
117 343 8 11 0.1252618 
145 356 8 10 0.11635887 
824 345 8 9 0.115676776 
776 366 8 10 0.11413422 
311 342 7 9 0.11282174 
192 334 8 9 0.11034292 
748 439 10 12 0.10830006 
295 351 7 9 0.10664711 
830 420 15 25 0.10322503 
129 351 6 9 0.100326285 
41 375 7 10 0.09973182 
806 365 11 13 0.09214036 
593 350 6 8 0.091707475 
193 328 8 11 0.090406746 
806 396 12 15 0.08820222 
103 359 7 9 0.08805214 
183 220 9 12 0.086589575 
258 388 10 13 0.08619359 
468 390 14 16 0.08465922 
587 374 7 10 0.08450028 
799 384 10 12 0.08431466 
581 422 10 12 0.083258286 
66 353 8 10 0.083008036 
837 335 8 11 0.07857103 
270 285 10 12 0.078180656 
848 395 11 12 0.07734976 
469 334 10 14 0.07581356 
90 360 7 9 0.07489553 
90 366 8 10 0.07463421 
864 347 9 11 0.07462903 
692 422 10 16 0.07203277 
704 374 8 10 0.07177671 
695 351 6 8 0.0715983 
618 311 8 11 0.06856115 
797 356 9 11 0.067721665 
364 156 394 485 0.06677262 
281 367 8 9 0.06667467 
680 336 7 10 0.065154865 
529 342 8 10 0.06470762 
4 341 10 12 0.06399868 
788 395 11 13 0.06378814 
606 343 7 9 0.06373559 
160 390 9 13 0.0637064 
153 417 10 13 0.0636534 
290 353 7 9 0.06312469 
94 366 7 9 0.06293396 
697 359 9 11 0.06281907 
120 360 7 9 0.062682666 
199 277 8 10 0.061758768 
800 398 11 14 0.061245956 
218 351 7 9 0.06088932 
791 468 26 27 0.06029575 
80 327 8 11 0.060246512 
800 404 11 15 0.059812557 
464 340 10 12 0.059776366 
120 390 8 11 0.05957472 
839 375 10 12 0.05883335 
830 343 8 9 0.058589835 
807 360 9 12 0.05838953 
951 341 9 10 0.058305025 
88 352 7 10 0.0577365 
348 254 8 12 0.056756515 
777 373 10 11 0.056294456 
142 341 8 10 0.056121532 
96 353 7 9 0.055851698 
569 344 7 9 0.054823846 
81 351 7 10 0.05479252 
809 344 8 11 0.054641824 
577 349 7 9 0.0545695 
331 336 7 9 0.0539537 
809 349 9 10 0.053710967 
682 319 8 11 0.053591587 
686 402 12 14 0.053540226 
21 350 8 9 0.05299674 
543 343 7 9 0.052963283 
812 379 10 12 0.052105706 
576 345 6 10 0.051600702 
95 359 7 10 0.05094792 
585 344 7 9 0.050893575 
556 395 10 12 0.05050651 
659 24 48 60 0.050356414 
662 419 9 14 0.05032662 
22 344 7 9 0.050193287 
264 365 7 10 0.050167654 
702 422 18 28 0.049543984 
600 351 7 9 0.04923942 
801 365 11 13 0.049100526 
118 349 7 9 0.04799853 
114 375 7 9 0.04761007 
104 353 7 8 0.047209065 
177 359 8 9 0.046783186 
512 318 6 10 0.046448946 
657 327 7 10 0.046285406 
390 321 11 14 0.04623091 
709 419 12 19 0.04621471 
822 359 9 11 0.046074525 
153 272 7 10 0.045689397 
87 390 8 10 0.045674246 
661 452 21 32 0.045545973 
823 348 8 10 0.045363635 
590 345 7 9 0.044976313 
334 320 7 10 0.044541575 
127 358 8 9 0.044236112 
103 343 7 9 0.04380203 
158 381 8 11 0.043698363 
720 346 7 9 0.043593217 
135 351 7 9 0.04358203 
384 344 8 9 0.04315378 
697 365 9 11 0.043132342 
702 476 10 13 0.04244139 
17 350 8 10 0.041711684 
590 369 7 10 0.041518975 
520 326 7 9 0.041399706 
47 373 8 10 0.041366883 
37 351 7 9 0.041322526 
1004 259 13 18 0.041252438 
285 366 8 10 0.040942173 
186 311 8 11 0.04076231 
833 375 8 11 0.04065416 
603 345 7 8 0.040180564 
486 267 11 14 0.04010472 
642 459 13 16 0.03986137 
138 334 9 11 0.03965592 
638 142 11 15 0.039654944 
865 338 8 9 0.03891129 
255 350 6 8 0.03875707 
738 304 9 12 0.03857127 
943 388 12 16 0.038518656 
422 328 14 19 0.03842385 
759 447 9 11 0.038250934 
151 357 8 11 0.038093995 
502 408 11 13 0.037971143 
33 351 8 9 0.03791197 
175 350 7 9 0.037669607 
729 352 7 9 0.03737894 
377 344 6 9 0.03705783 
713 356 9 12 0.037052296 
498 341 8 10 0.03616626 
167 223 8 11 0.036160827 
186 334 7 9 0.035869725 
775 361 8 10 0.035656277 
821 435 23 31 0.035369463 
609 129 11 17 0.035345834 
612 150 13 16 0.034110356 
103 328 8 9 0.034008633 
811 390 11 13 0.033895727 
175 345 7 9 0.03363791 
652 370 11 14 0.03358446 
325 261 8 12 0.033475306 
23 333 9 11 0.033316407 
694 456 14 20 0.03320996 
890 361 7 10 0.033048432 
801 409 16 18 0.032995995 
210 311 7 10 0.032920152 
287 407 9 11 0.032687996 
605 238 10 13 0.03260373 
696 238 8 11 0.032506615 
63 382 7 8 0.032444216 
37 343 7 10 0.032304958 
656 334 7 10 0.032162722 
688 367 7 11 0.032120578 
592 405 10 11 0.031998724 
602 271 8 10 0.031975035 
337 364 8 10 0.031905457 
640 65 12 16 0.03146653 
249 344 8 9 0.03145492 
808 380 10 12 0.031142017 
623 344 7 9 0.031075964 
687 374 7 9 0.030987427 
816 491 14 18 0.03098588 
852 375 8 11 0.03091103 
667 453 12 19 0.030858124 
307 342 7 9 0.0307295 
679 380 9 12 0.030636786 
20 358 9 12 0.030574905 
117 376 8 10 0.030520769 
209 344 6 8 0.030497998 
353 383 8 12 0.030308971 
368 384 10 12 0.0302635 
696 215 11 13 0.029932765 
82 319 7 10 0.029855838 
475 395 11 13 0.029825192 
118 366 8 10 0.029680932 
326 367 8 10 0.029610481 
407 231 10 14 0.029600125 
832 380 10 12 0.02959377 
104 334 8 10 0.029477881 
687 391 8 11 0.029414633 
343 366 7 10 0.029380143 
383 127 13 13 0.029353695 
701 270 8 11 0.02930897 
384 224 10 13 0.029298784 
808 481 26 31 0.029243639 
801 442 28 31 0.029238973 
154 380 8 12 0.029192356 
153 375 8 11 0.029141655 
345 259 10 13 0.029097361 
743 462 11 14 0.028998308 
38 358 7 10 0.028897999 
55 374 7 9 0.028834138 
586 139 9 12 0.028598588 
72 328 8 11 0.02849374 
760 367 9 11 0.02832175 
287 358 8 9 0.028293945 
575 327 8 10 0.02821889 
536 336 7 9 0.028085874 
785 349 8 10 0.028076794 
640 167 8 11 0.028010206 
870 350 8 10 0.027971098 
649 240 8 10 0.027825227 
639 356 8 10 0.02780707 
684 410 14 18 0.027763722 
86 382 8 10 0.027677383 
376 351 8 9 0.02764243 
113 368 7 9 0.027639758 
716 452 11 14 0.02762481 
280 343 7 9 0.02760336 
640 352 9 11 0.027515933 
280 312 7 9 0.027378103 
367 351 7 9 0.027374776 
702 465 13 17 0.02733883 
830 349 8 10 0.027306894 
390 342 7 9 0.027297828 
63 376 8 9 0.027160104 
673 263 8 10 0.027157336 
728 345 6 9 0.027152378 
478 343 7 10 0.02710279 
168 345 7 8 0.027076002 
709 374 8 11 0.02691909 
697 373 8 10 0.02675151 
649 246 8 10 0.026747216 
118 381 7 10 0.026678361 
535 342 7 10 0.026651703 
624 329 8 9 0.026585506 
201 350 7 9 0.026538223 
253 344 7 9 0.026489532 
234 271 8 10 0.026475959 
793 332 10 12 0.02645817 
778 407 9 13 0.026444836 
185 328 7 10 0.026300201 
543 336 7 10 0.02625758 
85 327 7 10 0.026242966 
416 24 8 10 0.026108716 
379 530 12 16 0.025995748 
103 365 7 10 0.02597523 
31 328 7 9 0.025965292 
777 417 11 14 0.02588685 
701 452 18 25 0.025845608 
16 328 8 10 0.025819222 
713 346 8 10 0.025818149 
692 398 10 13 0.02568342 
199 345 7 8 0.025656667 
330 341 7 10 0.025644792 
24 329 7 10 0.025603937 
95 373 7 10 0.025572406 
849 360 8 9 0.025437864 
607 374 7 9 0.025393099 
191 391 9 11 0.02522278 
166 359 8 9 0.025208153 
362 350 7 9 0.02517279 
361 344 7 9 0.024997357 
755 472 14 18 0.024993958 
319 335 6 9 0.02499001 
871 337 7 9 0.024947073 
33 344 7 10 0.0249101 
250 365 7 10 0.024903877 
337 352 6 7 0.024815196 
369 365 7 10 0.024775753 
617 343 7 10 0.02466038 
261 397 9 12 0.024609258 
648 334 7 9 0.024539176 
673 335 8 10 0.024468178 
352 344 8 9 0.0244563 
63 391 7 10 0.024322608 
569 348 7 10 0.024312641 
702 306 11 14 0.024172863 
221 286 8 10 0.024167916 
695 413 10 15 0.024096766 
653 437 13 17 0.024089713 
789 435 12 15 0.024046006 
545 350 7 9 0.02404045 
144 422 11 14 0.024031019 
624 374 7 10 0.023920894 
531 396 8 11 0.023882905 
153 318 8 10 0.023853075 
641 329 8 9 0.023825366 
266 344 7 9 0.023766173 
864 356 8 10 0.023734067 
57 381 8 10 0.023733296 
457 341 9 12 0.023717623 
248 350 7 9 0.023679592 
681 403 11 15 0.023645492 
479 349 8 10 0.023628077 
154 417 16 23 0.023535179 
437 407 10 13 0.02352062 
472 289 12 16 0.023438524 
6 347 10 13 0.023419 
712 365 8 10 0.0233629 
686 311 8 10 0.023280708 
118 180 8 12 0.02317898 
605 399 8 9 0.023147646 
128 345 7 9 0.023121515 
707 461 14 19 0.0231187 
514 325 6 9 0.023105405 
193 342 7 8 0.023046957 
537 327 7 9 0.023034636 
384 183 11 14 0.023033056 
334 341 7 9 0.023015562 
125 189 12 16 0.02299936 
253 467 11 14 0.022987546 
196 332 8 10 0.022986883 
136 327 10 12 0.022928309 
657 414 9 14 0.022874275 
55 342 8 10 0.022828406 
222 368 7 10 0.022764813 
488 397 9 12 0.022751616 
553 343 7 9 0.022682076 
159 360 8 10 0.02266808 
733 453 12 14 0.022645779 
760 326 8 11 0.022618784 
168 351 7 9 0.02258561 
681 326 8 10 0.022563316 
849 365 9 11 0.022531945 
287 327 8 10 0.022512132 
463 386 23 27 0.022492765 
702 388 12 13 0.022475064 
497 327 7 10 0.022470614 
304 328 7 9 0.022467973 
788 474 18 19 0.022449832 
744 464 25 29 0.022364024 
325 256 9 12 0.022355912 
213 311 8 10 0.022349335 
303 464 8 10 0.022299167 
486 351 8 10 0.022297608 
646 351 8 9 0.022223817 
655 149 11 13 0.022192549 
653 360 9 12 0.022186307 
748 431 11 13 0.022169339 
160 351 8 9 0.022135206 
80 345 7 9 0.022084838 
89 398 8 10 0.022064907 
792 455 29 31 0.022028046 
742 453 11 14 0.022008743 
115 388 9 13 0.021977209 
822 382 10 12 0.02192421 
408 31 7 10 0.021896407 
917 366 9 12 0.02186822 
409 326 9 11 0.021860559 
326 374 7 9 0.02185594 
0 359 7 12 0.021829763 
680 375 9 11 0.021827845 
649 360 9 11 0.021806536 
812 401 13 16 0.021792531 
745 376 7 10 0.021741563 
528 337 8 10 0.021725731 
800 470 27 32 0.021724105 
310 303 7 9 0.021717489 
249 360 7 10 0.021576066 
415 325 24 31 0.021566952 
295 462 9 11 0.021497874 
222 350 7 10 0.021472448 
543 311 7 10 0.021471873 
602 357 7 10 0.021437582 
852 418 13 20 0.021387275 
529 347 8 10 0.021356896 
838 388 12 15 0.021346563 
73 415 8 10 0.021337163 
758 441 10 12 0.021335263 
336 360 8 10 0.02131018 
351 367 7 10 0.021261223 
182 365 8 10 0.021251857 
684 32 31 42 0.02120506 
158 430 12 18 0.021162542 
625 350 7 9 0.021151803 
417 38 8 10 0.021062197 
719 358 9 11 0.021041824 
271 361 6 9 0.021023525 
848 340 8 10 0.020997263 
593 117 18 25 0.020955278 
80 358 7 9 0.020953357 
551 321 8 9 0.020949028 
343 351 7 8 0.020929728 
654 309 8 10 0.020845221 
445 365 11 14 0.020830706 
840 396 11 12 0.020818038 
498 336 8 10 0.020804461 
879 335 8 10 0.020776387 
5 335 10 13 0.020761428 
814 358 9 12 0.020705488 
648 254 10 12 0.02069745 
143 364 9 12 0.020660456 
696 301 10 15 0.020566095 
760 373 9 10 0.02054463 
282 351 8 9 0.020525578 
778 406 17 24 0.020507077 
700 506 25 32 0.020471357 
65 344 7 9 0.020462656 
294 302 8 9 0.020438116 
118 336 9 11 0.020413175 
393 351 7 10 0.020410668 
343 327 8 10 0.020400435 
511 313 7 10 0.020287894 
701 366 8 10 0.020144366 
777 378 11 14 0.020123739 
716 280 380 434 0.02012041 
460 269 9 13 0.020090956 
893 360 8 10 0.020089831 
640 27 47 61 0.020060273 
98 334 8 9 0.02004134 
532 392 10 12 0.020038035 
