14_Traffic_Traffic_14_267
77
74 445 17 21 0.96918553 
153 436 18 23 0.9600059 
230 475 19 27 0.9540904 
168 459 17 23 0.9532841 
737 233 16 21 0.16658041 
51 373 15 20 0.14595169 
631 436 9 12 0.14064753 
321 414 10 13 0.09987291 
65 489 12 15 0.095521286 
84 468 11 15 0.09173578 
256 471 9 12 0.09131694 
492 262 13 16 0.07424681 
76 391 9 12 0.07109112 
527 360 11 13 0.06891242 
688 407 9 11 0.06270369 
998 635 24 34 0.06265255 
392 313 31 35 0.061670933 
486 265 13 14 0.059398457 
288 436 9 12 0.052408177 
287 465 8 10 0.05091005 
468 263 9 11 0.048129015 
269 472 9 11 0.046760164 
225 223 8 10 0.045335766 
626 436 10 14 0.044862144 
84 461 11 14 0.044271868 
212 263 11 13 0.04330114 
190 232 8 11 0.041112434 
715 232 13 17 0.040518217 
215 232 9 11 0.040350404 
538 436 13 15 0.038669605 
255 398 9 9 0.03747654 
510 303 10 13 0.03640091 
746 301 9 13 0.03616156 
304 340 10 12 0.03492227 
734 350 10 12 0.034144618 
406 316 24 30 0.03278746 
224 228 9 12 0.0326675 
189 235 11 14 0.032244906 
481 268 11 12 0.03133281 
646 188 9 11 0.031271312 
273 232 8 10 0.031170255 
47 424 10 12 0.030845135 
693 301 10 13 0.029925412 
631 200 11 13 0.029698474 
496 360 8 9 0.029194355 
579 678 12 15 0.028213648 
262 471 9 12 0.0274571 
178 550 28 32 0.027343001 
483 262 22 25 0.027120719 
579 238 11 13 0.027036292 
380 159 14 17 0.026919873 
416 322 14 18 0.026231905 
134 366 12 15 0.026098035 
281 469 9 11 0.02571683 
840 237 8 10 0.025358615 
801 240 8 11 0.025269112 
263 398 8 9 0.024936154 
1009 643 13 20 0.02493274 
733 236 25 32 0.02452244 
713 366 7 10 0.024471559 
582 334 8 12 0.023792712 
704 182 8 9 0.02350061 
322 409 8 11 0.023006741 
524 359 21 24 0.022781555 
248 398 9 11 0.022600586 
281 463 8 10 0.02258155 
505 303 10 13 0.02247095 
51 377 22 26 0.022205796 
210 268 8 12 0.021735359 
717 366 8 11 0.021631312 
223 280 8 9 0.021564497 
229 224 8 10 0.021168433 
7 690 13 14 0.020983256 
626 230 12 14 0.020781413 
466 268 9 12 0.020775387 
511 293 10 12 0.020424781 
33 425 10 11 0.02038473 
