14_Traffic_Traffic_14_505
57
615 552 81 119 0.98781306 
648 263 19 23 0.9524307 
115 188 18 24 0.9342192 
165 237 16 21 0.20943597 
624 213 9 11 0.096775606 
646 213 10 13 0.0882706 
666 211 16 19 0.077714734 
213 221 15 20 0.06572835 
158 346 35 54 0.059521057 
326 347 29 33 0.057042267 
703 197 10 12 0.051473845 
77 265 16 20 0.051375944 
57 362 40 61 0.0499953 
0 256 21 31 0.048778176 
656 197 9 12 0.048213407 
616 197 10 13 0.038118172 
657 189 10 13 0.03518564 
218 233 15 21 0.034130506 
132 354 37 53 0.033781663 
35 261 26 30 0.033484053 
659 301 16 19 0.03293551 
98 242 15 19 0.03214033 
598 239 12 14 0.03208292 
792 126 7 9 0.03125995 
84 250 13 17 0.02900729 
985 181 10 12 0.028885843 
556 146 10 15 0.028313696 
214 215 12 15 0.028244292 
653 204 11 14 0.027852325 
778 392 119 149 0.027810989 
315 196 15 17 0.027480349 
262 238 12 15 0.027284145 
380 286 14 18 0.027059473 
219 373 29 41 0.024566572 
104 189 12 16 0.024524547 
114 297 16 20 0.023878947 
700 259 14 18 0.023314085 
170 230 15 19 0.023026278 
170 322 47 70 0.022798004 
694 128 8 10 0.022617113 
157 100 40 53 0.022452364 
121 183 22 29 0.022360722 
986 307 15 17 0.022242827 
104 283 43 57 0.022082752 
407 168 9 10 0.021807384 
828 221 13 16 0.021739433 
243 83 39 49 0.021524053 
791 190 8 11 0.021450475 
207 225 23 31 0.02129049 
651 211 12 15 0.021216236 
617 213 9 12 0.021088308 
228 239 14 18 0.021061843 
645 216 14 19 0.02106138 
704 191 11 13 0.021000043 
117 365 43 55 0.020473178 
861 270 11 14 0.02040211 
658 183 9 12 0.020215986 
