14_Traffic_Traffic_14_840
516
145 279 31 36 0.99894136 
704 277 29 34 0.998885 
92 257 27 29 0.9979236 
923 272 31 35 0.99789053 
53 253 31 34 0.9973519 
19 284 35 38 0.99733365 
607 287 31 35 0.9970457 
808 284 29 32 0.9951645 
276 274 33 37 0.99327457 
489 271 35 40 0.9929899 
578 258 26 31 0.98961496 
186 256 33 40 0.9853548 
315 254 21 27 0.98174274 
133 238 26 29 0.9813415 
960 257 28 33 0.98073316 
259 238 26 29 0.9761686 
773 266 25 29 0.97508436 
627 211 14 16 0.96344805 
52 199 14 19 0.9602573 
861 265 26 29 0.9599827 
382 297 29 33 0.95243335 
667 263 31 34 0.9230581 
610 241 17 20 0.92289764 
630 242 22 25 0.9193494 
517 211 14 18 0.91701317 
706 240 27 31 0.90230054 
708 213 13 16 0.8885023 
209 252 28 35 0.8826327 
574 207 15 17 0.8816564 
755 147 12 15 0.8804414 
743 224 17 22 0.8715169 
749 256 24 29 0.86218965 
27 209 16 19 0.84378207 
863 196 10 14 0.83476543 
413 228 22 26 0.82168174 
935 167 12 16 0.8083114 
891 172 12 18 0.7726085 
791 216 16 18 0.7664878 
633 191 12 15 0.75524205 
598 225 15 19 0.7237336 
343 233 24 30 0.71743214 
531 224 15 19 0.7100949 
885 240 19 21 0.67061096 
323 200 14 17 0.666383 
0 195 14 19 0.65479666 
494 185 12 15 0.64751655 
264 196 17 19 0.63033503 
836 193 13 17 0.61780745 
650 217 17 20 0.6151882 
978 189 9 11 0.6044783 
102 166 13 17 0.59731567 
226 204 14 18 0.5959507 
559 239 24 29 0.57307106 
391 267 28 30 0.55420226 
662 184 14 16 0.50729644 
306 201 12 16 0.4879944 
695 195 12 15 0.45516962 
878 198 11 14 0.45197493 
199 228 27 29 0.37461436 
468 242 25 31 0.34757504 
728 489 15 20 0.34705353 
192 182 10 13 0.336678 
535 173 12 15 0.33168447 
867 196 12 15 0.32678822 
611 159 9 11 0.31542856 
604 233 18 23 0.31348506 
980 231 23 27 0.29908982 
838 263 20 25 0.29049146 
900 175 12 16 0.28081316 
745 205 22 27 0.27819496 
993 199 11 15 0.26205996 
594 152 9 11 0.26081413 
287 211 15 18 0.2559885 
1011 220 11 19 0.2506879 
536 151 9 11 0.23534134 
629 150 8 12 0.22549719 
367 211 12 15 0.21334311 
525 156 10 12 0.21334238 
799 183 12 15 0.2117236 
224 500 29 34 0.21124145 
772 187 11 14 0.20810798 
831 188 14 19 0.20801814 
706 258 33 40 0.20332606 
432 158 10 14 0.1800317 
978 213 15 19 0.17880306 
502 156 10 12 0.17807595 
613 200 13 17 0.17643334 
773 234 22 27 0.17585883 
561 182 12 15 0.17491879 
978 386 17 20 0.17452879 
615 241 24 27 0.17286967 
890 168 10 13 0.17141819 
661 240 21 25 0.1699648 
401 230 27 31 0.16648144 
526 151 9 12 0.16512688 
445 249 22 27 0.16063592 
542 151 8 10 0.16035996 
964 242 28 37 0.15902646 
797 206 15 17 0.15895945 
839 210 13 17 0.14478366 
651 516 15 23 0.14349745 
562 248 26 33 0.14298458 
53 157 9 12 0.1398864 
736 174 12 17 0.13543743 
409 187 11 13 0.13276868 
389 237 23 27 0.1324916 
456 190 10 13 0.12769777 
494 225 17 20 0.1263821 
569 150 8 10 0.12580496 
107 419 26 33 0.1236063 
863 229 15 17 0.121298276 
676 217 16 18 0.11803186 
614 180 11 13 0.11331482 
223 197 15 19 0.110923834 
1005 205 14 16 0.10939036 
197 390 24 27 0.10369167 
988 277 25 27 0.102375545 
592 226 14 19 0.100730665 
523 215 18 24 0.0989346 
137 198 22 26 0.09756633 
214 208 22 24 0.0974837 
474 254 27 32 0.09742518 
584 188 13 15 0.096697405 
346 149 8 10 0.09503421 
76 469 22 29 0.09444136 
574 157 9 12 0.09393487 
599 172 11 13 0.092641786 
732 462 10 13 0.09027865 
384 203 9 13 0.08972557 
95 166 12 15 0.089405715 
832 185 11 13 0.08915211 
389 278 31 38 0.08575645 
384 199 10 11 0.084480405 
507 347 30 45 0.084202744 
121 220 16 21 0.08416822 
132 463 26 30 0.08345279 
327 178 9 12 0.08311595 
542 188 13 15 0.0828314 
411 222 18 21 0.082432196 
135 195 14 18 0.08212271 
873 244 26 30 0.08153554 
383 242 14 17 0.080487944 
550 151 7 10 0.08030694 
455 248 22 29 0.0788571 
381 375 23 33 0.07854175 
205 215 26 30 0.07801812 
498 151 8 11 0.076758854 
813 184 11 12 0.07673898 
695 219 12 14 0.07672851 
720 198 12 14 0.07662821 
122 414 25 30 0.075843245 
442 330 25 35 0.074434295 
545 196 12 15 0.072722144 
562 144 8 10 0.07196834 
465 218 16 18 0.071825385 
353 243 19 24 0.07161444 
881 211 12 14 0.0707012 
609 164 10 12 0.07030164 
659 494 17 19 0.07019897 
506 270 27 34 0.06987996 
634 221 22 27 0.06947208 
291 206 15 18 0.068568185 
621 181 9 12 0.067642644 
559 226 24 29 0.06761269 
836 201 15 19 0.06741286 
573 151 8 11 0.066244334 
908 174 10 13 0.06595183 
470 156 7 10 0.06590324 
768 183 12 15 0.065086536 
234 203 13 17 0.06429627 
486 210 12 15 0.063901395 
718 241 17 20 0.062220015 
939 444 33 38 0.062134862 
527 280 14 19 0.062112924 
310 186 13 15 0.06199985 
409 148 8 10 0.06150962 
446 214 11 13 0.061259743 
479 232 26 30 0.061247833 
416 145 9 10 0.061197035 
74 203 27 32 0.060888883 
165 249 16 20 0.060304813 
391 206 9 12 0.060267303 
599 167 10 12 0.059887223 
256 240 17 22 0.059538744 
125 226 26 32 0.059302118 
170 455 26 32 0.0587599 
825 268 24 30 0.058551367 
651 237 22 26 0.058298558 
432 152 8 10 0.058106314 
670 203 12 14 0.057983726 
422 143 8 11 0.0579539 
668 466 15 19 0.057908516 
1003 283 15 20 0.05643608 
676 203 15 17 0.055325553 
501 163 12 15 0.054700922 
317 182 11 12 0.054448467 
358 209 14 17 0.054363146 
934 253 40 51 0.05421856 
422 149 8 9 0.053671163 
452 298 26 35 0.05341015 
279 503 18 22 0.052812684 
848 256 26 31 0.05259148 
445 243 17 21 0.05251981 
462 166 10 14 0.05244496 
485 158 8 9 0.052437916 
271 234 20 22 0.052418884 
515 226 23 30 0.051544435 
258 290 25 33 0.051376626 
71 246 37 42 0.051269032 
699 513 18 22 0.050745822 
90 166 9 13 0.0507151 
283 458 18 21 0.050646067 
700 205 16 17 0.05043849 
724 203 14 17 0.0500973 
566 145 8 10 0.049744654 
550 157 9 11 0.049208563 
389 190 9 14 0.049083706 
196 226 18 21 0.048201524 
755 198 13 16 0.04817505 
903 259 13 18 0.047707643 
656 134 8 11 0.04765625 
333 222 24 28 0.04752388 
993 201 20 24 0.047034554 
431 210 13 17 0.04656148 
683 202 14 17 0.04605138 
838 481 13 18 0.04581079 
363 246 15 21 0.045653198 
911 167 9 11 0.045265015 
707 226 21 25 0.04501522 
918 172 9 11 0.044814497 
992 224 23 29 0.04475305 
452 302 43 50 0.044488035 
626 221 17 21 0.04417464 
587 195 12 16 0.044121146 
916 166 10 12 0.043931175 
509 234 13 19 0.043503553 
14 196 12 16 0.043377135 
539 180 12 15 0.043339122 
657 142 8 11 0.043074407 
396 212 10 12 0.043011222 
609 153 8 9 0.042971022 
1002 210 18 26 0.042549204 
462 198 12 14 0.0421403 
709 179 12 14 0.041934717 
989 210 13 17 0.04169375 
59 384 28 34 0.041547794 
842 252 16 21 0.041460413 
462 210 15 19 0.041378703 
588 183 12 14 0.04127117 
635 217 15 18 0.04119195 
349 209 14 16 0.040931866 
222 256 18 23 0.04059415 
580 196 15 19 0.040526923 
718 202 14 17 0.040234298 
594 350 29 40 0.039555263 
636 233 22 28 0.039538868 
353 276 23 32 0.03949178 
868 221 13 15 0.039437264 
29 191 13 16 0.039315175 
540 166 10 13 0.039305963 
464 203 16 19 0.039276626 
688 197 12 15 0.03913289 
420 219 21 26 0.039050348 
667 196 13 16 0.038557563 
936 205 11 14 0.038117632 
683 214 13 17 0.03773126 
613 187 14 16 0.03768683 
525 162 12 14 0.03740745 
849 268 30 34 0.037385754 
280 221 22 27 0.037316624 
362 432 14 17 0.037122525 
658 213 14 18 0.036987282 
613 150 9 11 0.036858775 
724 358 23 30 0.036817074 
415 399 24 29 0.03670112 
623 145 9 11 0.036407687 
167 250 24 31 0.036384474 
735 225 16 21 0.036011692 
34 195 14 17 0.035972703 
465 158 9 11 0.035961065 
615 144 9 12 0.035913713 
671 210 15 19 0.03584563 
546 456 35 48 0.03574078 
475 323 45 58 0.035452325 
952 419 11 15 0.03544378 
145 196 17 19 0.035270534 
407 213 13 15 0.03518356 
7 191 18 26 0.03504088 
310 236 14 17 0.035026968 
481 157 8 10 0.034729607 
34 203 17 22 0.034575313 
384 192 10 13 0.034574732 
625 153 11 15 0.03450104 
589 204 10 13 0.034273107 
23 190 10 15 0.034249116 
780 228 17 21 0.034119606 
606 248 456 532 0.034105446 
569 155 10 12 0.034041747 
438 249 16 21 0.033859055 
437 208 9 12 0.03384829 
229 249 23 31 0.033774797 
46 229 24 28 0.03345282 
896 212 10 13 0.03338974 
850 209 13 15 0.03332728 
507 148 11 14 0.03328846 
246 521 15 20 0.033263132 
525 228 17 21 0.033255685 
753 199 21 29 0.032936946 
607 172 10 13 0.03291237 
334 144 10 13 0.032400794 
496 165 11 14 0.03226476 
275 201 13 17 0.032185495 
376 197 11 13 0.031815555 
661 202 13 15 0.031732637 
219 466 17 21 0.03164266 
272 255 31 39 0.03163322 
474 237 19 22 0.03159018 
775 173 10 14 0.031463876 
919 183 10 12 0.03146258 
373 204 13 16 0.031460345 
148 452 36 44 0.03135504 
561 213 12 15 0.0313222 
757 382 16 19 0.0313086 
669 482 14 18 0.031119063 
333 236 24 30 0.030916916 
455 163 12 15 0.030845862 
126 239 16 21 0.0308176 
494 214 11 15 0.030780023 
194 147 16 20 0.030775266 
824 188 10 14 0.03074039 
534 186 13 15 0.030388188 
703 243 18 19 0.030384896 
452 212 12 15 0.030376706 
612 207 17 20 0.03027765 
732 210 13 18 0.0301983 
979 217 23 27 0.030196253 
315 234 15 17 0.030186739 
661 148 9 11 0.030162208 
147 242 27 30 0.030158665 
648 205 23 27 0.030101242 
45 202 19 24 0.030092133 
387 266 20 23 0.030024586 
583 225 13 18 0.029809384 
657 187 13 15 0.029764114 
640 143 9 12 0.02969993 
573 161 12 15 0.029667009 
797 196 16 17 0.029580103 
438 189 11 14 0.029558815 
434 162 13 17 0.029394682 
1012 476 10 18 0.02936106 
1000 218 12 16 0.029348275 
99 385 25 29 0.029224453 
844 204 13 18 0.029222969 
419 302 26 34 0.028991247 
568 163 11 13 0.028956259 
565 212 21 24 0.028847722 
598 177 12 15 0.02884276 
44 228 15 20 0.028727178 
784 216 15 19 0.028718196 
494 347 31 41 0.028639374 
464 150 8 11 0.028448591 
376 190 9 12 0.02843884 
1003 225 20 30 0.02843789 
840 269 24 32 0.028406058 
495 232 24 29 0.02830488 
276 165 10 14 0.02813864 
565 263 18 22 0.028071014 
991 192 12 14 0.028057331 
712 215 17 20 0.028015902 
331 220 14 18 0.027995983 
559 219 14 18 0.027776761 
145 205 19 22 0.027647296 
667 225 22 27 0.027365483 
900 213 12 14 0.02734706 
406 220 16 19 0.027287783 
477 171 10 13 0.027236389 
902 168 10 11 0.027152084 
190 237 43 51 0.027099106 
486 218 14 18 0.026997436 
409 298 25 33 0.02697123 
389 172 12 18 0.026955089 
15 503 16 23 0.026702076 
881 203 12 16 0.026639557 
543 157 9 10 0.02663083 
416 410 27 32 0.026524097 
294 202 21 24 0.02637555 
3 286 22 35 0.026344728 
381 210 10 14 0.02632428 
916 203 14 18 0.026244849 
469 224 25 29 0.026203327 
272 170 12 15 0.026177218 
456 149 8 10 0.026125975 
439 172 11 15 0.02610817 
421 204 13 15 0.026073143 
976 191 12 17 0.025996905 
624 499 13 16 0.025992893 
26 194 20 26 0.02597873 
132 211 27 33 0.025930315 
370 247 15 20 0.025847655 
612 369 26 38 0.025735352 
752 224 15 19 0.025675064 
757 173 11 14 0.025505923 
379 271 30 37 0.025453346 
622 145 19 24 0.025359854 
794 182 12 15 0.025275603 
649 503 24 29 0.025148937 
752 257 35 45 0.025147062 
304 262 24 33 0.025139404 
830 259 18 21 0.025108043 
872 258 25 32 0.025047462 
117 459 39 51 0.025026543 
499 155 8 11 0.02498619 
399 149 7 10 0.024946261 
859 240 17 19 0.024714269 
699 192 11 13 0.024537385 
1 308 11 18 0.024331464 
821 183 10 13 0.024280027 
798 183 20 23 0.024124658 
1005 480 14 21 0.024053022 
679 134 8 11 0.024000647 
894 194 13 16 0.02398833 
716 227 22 27 0.02392056 
767 165 10 12 0.023876993 
343 444 10 14 0.02386228 
494 172 12 15 0.023850277 
542 293 29 33 0.023807475 
924 204 11 15 0.023719463 
774 192 12 16 0.02371181 
49 152 10 13 0.023704356 
346 210 23 28 0.023592066 
116 226 23 28 0.02345732 
0 426 19 29 0.023397805 
321 174 11 13 0.023393568 
980 205 13 17 0.023321938 
758 177 13 17 0.02329773 
459 287 30 37 0.02320557 
662 476 25 30 0.023199787 
364 206 20 25 0.023157628 
445 259 27 35 0.023105748 
848 244 24 29 0.02308564 
559 175 12 14 0.02276951 
309 245 35 43 0.022741893 
521 152 19 23 0.022574069 
13 469 26 32 0.022558423 
773 167 9 12 0.022541106 
477 212 13 16 0.022485156 
611 251 18 22 0.02245775 
894 247 22 25 0.022435669 
998 193 11 13 0.022402935 
656 224 17 19 0.022393476 
447 158 9 12 0.022199955 
340 465 14 17 0.022179557 
901 254 22 29 0.02217337 
574 144 8 10 0.022162147 
606 152 18 23 0.022152385 
694 520 19 22 0.022133054 
956 445 13 16 0.022131093 
507 226 15 19 0.022104144 
549 245 23 30 0.022055004 
253 217 15 17 0.02196131 
547 488 51 61 0.021894487 
654 520 19 26 0.02184494 
453 220 11 15 0.021828547 
190 176 17 23 0.021777062 
683 408 17 21 0.02176356 
1008 239 15 22 0.021688443 
550 484 32 41 0.02166018 
623 187 11 15 0.021655142 
814 232 24 29 0.02162449 
447 149 8 11 0.021608826 
865 238 25 29 0.021601804 
381 242 23 27 0.021589559 
686 141 9 12 0.021562586 
504 143 10 14 0.021552155 
465 289 45 49 0.02152972 
394 172 19 27 0.021522963 
197 375 27 31 0.021407932 
447 189 9 13 0.021406123 
414 357 12 16 0.021386204 
306 185 21 24 0.021329565 
412 195 11 13 0.021259494 
253 226 16 20 0.02125225 
774 459 13 16 0.021223607 
683 393 17 22 0.021208566 
65 376 26 29 0.021057252 
592 246 25 31 0.021034533 
896 240 16 20 0.021016946 
521 165 11 13 0.021008715 
496 158 20 24 0.020987308 
690 501 27 31 0.02093418 
710 155 12 16 0.020909568 
438 149 9 12 0.02081411 
1004 200 13 14 0.02079535 
824 281 26 35 0.020762581 
551 145 8 10 0.020729342 
421 151 22 25 0.020682784 
761 148 12 15 0.020655757 
441 302 28 36 0.020578451 
243 200 12 17 0.020575047 
145 401 29 31 0.020561699 
458 408 23 32 0.020519687 
389 468 10 12 0.02051416 
86 323 28 37 0.0205138 
423 157 11 14 0.020504814 
356 290 21 32 0.02041663 
870 215 12 15 0.020395374 
734 179 22 27 0.020338539 
766 95 11 13 0.020312732 
425 253 25 29 0.020277502 
645 142 10 13 0.020253107 
673 462 13 15 0.020224167 
95 412 28 35 0.020110795 
761 96 10 12 0.020087058 
774 96 10 13 0.0200689 
724 216 15 20 0.020061657 
50 509 48 49 0.020039573 
