14_Traffic_Traffic_14_55
18
210 461 18 21 0.04386448 
610 148 10 14 0.04115477 
978 541 13 16 0.03597044 
879 5 10 11 0.032155048 
5 354 113 220 0.031942356 
261 186 8 11 0.031545658 
123 40 29 35 0.029586744 
476 175 11 14 0.02912094 
25 219 404 431 0.028516915 
781 102 155 194 0.024728686 
779 97 17 20 0.02461681 
645 -2 54 50 0.024457026 
882 84 10 13 0.024316339 
934 264 11 13 0.022829432 
87 166 9 11 0.021957321 
830 114 177 223 0.021785108 
34 110 9 12 0.020990575 
499 75 11 15 0.02060102 
