14_Traffic_Traffic_14_722
27
535 43 13 16 0.2868874 
543 87 12 18 0.20294103 
208 73 12 16 0.18278405 
518 45 12 15 0.05738558 
526 77 9 11 0.054119907 
247 79 16 19 0.050531786 
589 42 25 31 0.045102514 
523 43 13 17 0.043261334 
189 77 8 10 0.04077463 
437 148 14 18 0.038937885 
550 54 10 13 0.03433669 
742 29 48 67 0.032491434 
247 64 9 11 0.032024022 
353 214 193 274 0.031705316 
185 72 9 11 0.031344388 
519 40 11 13 0.03110332 
587 17 29 34 0.02948447 
125 265 18 20 0.02524117 
765 35 30 41 0.023540212 
536 85 12 16 0.02077986 
538 109 10 14 0.020249555 
438 143 12 14 0.02020289 
592 34 19 22 0.02016191 
213 79 12 16 0.020144416 
129 456 43 38 0.02013114 
278 157 388 452 0.020094372 
565 22 130 153 0.02000814 
