14_Traffic_Traffic_14_443
156
660 154 13 17 0.96564275 
510 130 13 16 0.78102386 
459 159 10 12 0.23721778 
473 168 10 12 0.22701089 
497 143 8 11 0.1893823 
802 147 11 15 0.1620641 
643 170 12 15 0.11412508 
732 192 11 13 0.11090044 
299 206 15 18 0.08913076 
56 309 8 11 0.08739685 
421 150 8 11 0.07801635 
455 161 12 15 0.07548277 
429 224 16 18 0.075360335 
497 147 10 13 0.07216487 
1006 267 13 21 0.06656561 
603 124 11 14 0.06625102 
749 189 9 11 0.065576866 
501 140 12 14 0.062341373 
1 176 12 22 0.06100593 
690 150 11 15 0.060916327 
478 159 9 12 0.060892664 
449 156 10 13 0.060236674 
500 148 13 14 0.060177427 
40 311 8 10 0.0594191 
478 143 7 10 0.059353527 
22 310 7 10 0.058837917 
565 156 10 14 0.058742367 
735 223 10 12 0.058014613 
819 228 15 19 0.05688697 
590 150 11 14 0.055578325 
89 139 12 16 0.052635703 
742 230 12 15 0.051733684 
612 140 12 13 0.051614624 
449 174 9 13 0.05082555 
557 161 15 19 0.05051809 
21 334 8 11 0.050408773 
634 244 12 15 0.05005889 
671 287 9 12 0.04982645 
572 170 14 16 0.049648993 
582 150 11 13 0.04920462 
640 166 11 16 0.04906812 
381 140 14 16 0.048549194 
472 160 9 11 0.048082113 
597 108 8 11 0.046588115 
421 155 9 13 0.046535905 
88 311 10 12 0.046087977 
742 197 12 16 0.045046534 
748 196 13 16 0.044711046 
595 150 12 15 0.043962922 
704 179 9 12 0.04373174 
478 150 8 10 0.043600217 
18 305 7 10 0.043540828 
476 176 11 15 0.04160422 
509 145 14 16 0.041236322 
632 157 9 14 0.041038863 
825 152 9 11 0.04100137 
509 157 12 15 0.04078663 
798 141 19 25 0.04009927 
125 377 9 10 0.03945037 
685 131 9 12 0.038838882 
506 132 11 15 0.03858047 
576 149 11 13 0.03703701 
848 266 12 15 0.03585241 
661 110 10 12 0.034444645 
1006 258 13 19 0.03443344 
380 146 18 19 0.034242287 
744 190 9 11 0.03395812 
62 312 8 10 0.033768836 
875 216 17 21 0.03372452 
567 153 10 12 0.033496495 
384 135 11 14 0.033403542 
542 172 11 17 0.03301206 
525 133 10 13 0.032849018 
495 134 9 13 0.03173736 
82 312 7 10 0.03138788 
729 232 8 11 0.031200036 
454 156 20 24 0.030838119 
509 102 209 227 0.030348307 
495 155 11 14 0.03014362 
992 240 9 13 0.030089704 
80 317 8 11 0.029879596 
514 135 15 19 0.029788837 
663 221 11 13 0.029553652 
658 143 10 12 0.029497072 
548 169 15 19 0.02915552 
56 140 9 12 0.028540952 
64 334 7 9 0.028412411 
447 153 9 11 0.028262326 
1002 252 20 34 0.02818977 
485 163 11 15 0.027824748 
575 142 12 14 0.027808085 
472 160 18 24 0.027382191 
469 170 21 26 0.026972085 
93 312 8 10 0.0269644 
95 315 8 11 0.02649037 
734 200 12 16 0.026452754 
128 320 7 8 0.025817212 
79 336 7 8 0.025725735 
568 169 11 16 0.025677817 
104 384 7 9 0.025417067 
121 376 8 11 0.025266312 
184 222 9 11 0.02526533 
509 179 25 30 0.025220798 
502 154 14 16 0.025189457 
515 156 13 16 0.025169281 
16 328 8 10 0.025079368 
70 327 7 9 0.025006829 
136 384 8 10 0.024934165 
852 172 16 20 0.024490839 
23 329 8 10 0.024452249 
40 305 8 10 0.024420114 
606 131 11 14 0.02417634 
668 163 11 14 0.024123333 
520 160 24 31 0.024067862 
632 191 8 12 0.02402025 
822 156 158 218 0.023845673 
573 154 13 15 0.023731802 
730 223 8 11 0.023658589 
502 133 19 24 0.023539245 
892 34 31 33 0.023517627 
637 158 9 12 0.02348209 
736 229 11 15 0.023420643 
72 310 7 10 0.02312316 
858 179 12 17 0.022800012 
294 211 15 17 0.022458952 
532 142 11 13 0.022249809 
179 243 13 15 0.021991067 
966 275 10 12 0.021859728 
676 173 10 14 0.021843161 
104 345 8 10 0.021789303 
871 164 13 16 0.021770488 
40 334 7 9 0.021767968 
64 317 7 10 0.021743836 
631 151 9 12 0.02143179 
746 184 9 12 0.021416277 
22 305 8 11 0.021395417 
448 165 11 15 0.021288138 
740 224 12 14 0.021160215 
561 125 9 11 0.02104434 
55 327 8 11 0.020996416 
830 152 9 12 0.020862972 
120 319 6 8 0.020805376 
496 128 9 11 0.020767549 
959 274 11 13 0.020760436 
574 128 10 13 0.020698309 
670 195 10 13 0.020596687 
644 101 9 13 0.020439913 
531 147 13 16 0.020437205 
999 264 24 40 0.020419681 
48 310 8 11 0.020397747 
929 562 13 13 0.02038781 
801 231 10 13 0.020351937 
145 319 7 9 0.020325294 
104 318 7 9 0.020236796 
709 176 9 12 0.020158764 
534 170 14 19 0.02014484 
