me
26
787 917 576 655 936.3892 1130.6257 1190.6792 1106.6599 1074.1838 1286.4027 982.85626 1404.7794 1204.5793 1384.5375 0.9958619 
990 859 565 540 1160.5345 1033.7522 1355.4028 1051.5353 1229.4553 1150.0529 1156.4739 1245.8182 1313.2595 1259.568 0.98631555 
622 811 513 552 824.86707 1022.83795 1025.9369 1008.07086 972.78766 1140.2878 858.7893 1248.4084 1017.574 1236.3557 0.9780016 
924 1219 453 489 1021.49207 1372.8365 1130.4713 1372.651 1012.8376 1457.437 1021.643 1552.067 1125.158 1552.2526 0.94187456 
800 553 459 441 929.0993 717.557 1033.4796 747.6662 918.06433 825.1708 901.737 860.8443 996.88184 885.8963 0.90601844 
866 764 490 518 1103.0969 923.9258 1261.3855 965.4126 1204.2555 1074.8223 1062.7152 1144.0831 1193.8229 1180.6536 0.626931 
688 1233 520 437 997.7193 1356.6597 1094.8193 1378.0146 1104.7089 1434.4172 962.8375 1495.6998 1060.2162 1512.3645 0.6164554 
560 519 411 538 754.9247 776.47974 859.31683 771.6135 839.6591 874.9285 766.34924 939.1816 845.8671 934.81085 0.4494768 
1027 561 465 562 1156.061 818.01013 1320.3434 809.88385 1228.2135 973.2624 1181.6279 1020.8992 1319.8302 1014.4307 0.4031245 
1394 2209 414 478 1520.9313 2423.9246 1644.9064 2433.832 1559.6199 2531.872 1518.4102 2577.163 1622.0096 2584.5251 0.3329487 
910 1834 512 513 1120.9146 1985.2329 1268.8033 2026.4235 1181.1924 2110.296 1069.7924 2163.5044 1207.4314 2193.4788 0.22177497 
1656 2030 457 462 1816.0115 2226.5178 1917.3534 2253.4092 1829.7947 2336.7036 1793.7877 2368.7603 1878.2372 2391.5222 0.12247174 
1290 829 415 522 1427.5184 1034.7554 1544.4791 1027.559 1483.107 1140.6963 1440.9912 1207.2417 1548.8698 1200.8643 0.10696659 
457 880 424 450 619.647 1073.1584 731.46265 1012.1354 729.1012 1113.4305 695.4789 1211.8063 790.69293 1164.217 0.080373816 
559 1537 569 512 735.5555 1685.5999 851.70776 1689.5117 747.69037 1767.4082 733.85913 1861.4536 839.36725 1866.2587 0.08023703 
571 2307 465 436 765.7229 2483.2888 837.62085 2517.405 769.73145 2583.0195 730.18146 2609.5837 789.89874 2639.7092 0.05903075 
1265 2105 434 471 1395.5098 2284.0344 1515.4617 2335.588 1387.4144 2388.4036 1348.6263 2429.8225 1439.0068 2473.5208 0.04462304 
392 462 410 575 516.6848 670.01227 669.9222 684.3312 576.42596 796.69196 514.52563 898.0272 635.38275 912.12225 0.040210854 
1466 1795 495 470 1655.644 1959.155 1780.1558 2015.5045 1674.4082 2090.5864 1602.4937 2116.3152 1697.5645 2162.9375 0.040151343 
986 413 414 496 1092.976 613.44763 1195.7102 595.6302 1119.7217 702.45294 1124.9915 787.69324 1204.471 774.02747 0.032913487 
1111 1937 450 483 1240.0544 2107.91 1411.6628 2082.0574 1339.4838 2200.3345 1287.7289 2306.1934 1431.6344 2286.04 0.03249365 
302 2169 431 470 449.7353 2392.163 568.2196 2380.554 515.7342 2484.8381 479.48105 2538.204 573.1659 2531.539 0.029099956 
727 1750 533 474 954.37354 1889.2297 1068.8615 1886.6007 1026.0442 1970.4404 956.34503 2046.4535 1067.2003 2045.322 0.028423252 
998 1634 502 533 1213.0833 1807.9768 1349.7844 1844.285 1276.7935 1961.3976 1175.799 2036.1023 1288.889 2065.8606 0.025619343 
646 358 410 525 769.6634 580.28046 873.08704 577.923 798.8504 686.92194 778.18146 752.9842 864.22345 752.1387 0.022463301 
513 4 450 467 700.88196 186.05031 822.3913 165.63522 794.78455 273.74542 734.06934 340.7512 833.963 324.55704 0.021806117 
