me_2
18
489 400 358 488 540.03064 567.15814 704.2306 571.5272 581.86346 661.49365 551.5903 760.9267 687.39014 765.5165 0.9996606 
160 1246 506 605 292.97867 1465.3423 461.0222 1483.2421 331.19113 1603.2985 294.15488 1698.1034 420.4605 1714.6493 0.40176097 
571 1899 475 525 704.42175 2065.6326 879.38055 2063.0083 780.0033 2196.1296 720.2226 2281.126 867.39954 2279.4524 0.21518682 
825 1929 537 484 996.75977 2061.3257 1177.5023 2106.7559 1040.4535 2170.1978 955.27704 2256.159 1098.1825 2291.0664 0.17379399 
1121 812 135 177 1204.286 896.517 1213.9099 874.0117 1245.639 910.4525 1231.9938 954.3052 1239.7571 936.6082 0.093678325 
1124 750 114 151 1191.2302 809.475 1203.308 799.4557 1227.1959 820.80524 1210.5316 861.7468 1221.9539 854.0754 0.077892646 
573 262 390 466 641.425 457.86987 762.70074 452.58008 654.0971 554.365 664.742 606.0289 760.5232 602.6719 0.0777559 
814 1100 533 505 958.6603 1286.2847 1104.801 1274.351 1003.15155 1372.681 983.1103 1465.4491 1108.9143 1458.0161 0.07020798 
547 934 465 470 717.2574 1136.1915 856.488 1136.4066 794.3456 1230.0797 731.67395 1282.4479 843.45135 1286.8833 0.048806153 
809 836 462 378 1026.4856 983.74054 1111.1589 1025.5945 1053.0511 1062.3844 980.6453 1077.4524 1047.3734 1111.3567 0.04427946 
297 1209 314 439 377.52237 1379.015 508.2862 1386.7523 431.18866 1488.5245 394.23453 1544.7438 493.97748 1550.9735 0.043259818 
1227 2298 231 288 1361.102 2422.1191 1415.9454 2403.5242 1434.6849 2470.6062 1372.8169 2514.3809 1420.7551 2500.4292 0.039698876 
659 1127 477 629 844.2238 1340.4131 1031.507 1354.6241 958.75183 1485.7467 852.1355 1592.8756 987.5048 1605.449 0.035344873 
1035 716 376 392 1286.6406 914.888 1313.0992 872.3175 1390.1575 941.1044 1329.147 1002.3035 1344.3999 970.34076 0.03015083 
1030 1811 399 501 1217.6278 1960.1383 1290.7638 1971.4446 1255.9425 2054.1309 1200.7418 2159.6113 1255.8636 2169.4495 0.027239634 
1170 1395 483 578 1388.5475 1581.2438 1566.7582 1603.0248 1513.304 1706.9618 1375.6681 1803.5309 1526.4867 1823.4413 0.026207428 
431 2005 414 515 534.66376 2178.123 669.7351 2192.3145 563.81836 2302.6372 531.1796 2387.6074 633.799 2399.8152 0.023592923 
632 450 381 449 766.5349 617.217 849.6669 649.2014 764.03436 706.34186 727.1767 749.656 798.3424 772.35376 0.02273251 
