26_Soldier_Drilling_Soldiers_Drilling_26_619
99
460 213 30 39 0.99471277 
816 245 25 26 0.97579795 
648 444 54 63 0.5566269 
212 151 14 18 0.34840629 
766 298 25 27 0.31619063 
677 315 14 19 0.29483232 
375 247 26 31 0.25270358 
114 252 22 26 0.20451131 
755 306 27 29 0.20015602 
132 253 16 21 0.19586517 
56 241 24 28 0.1882632 
893 373 15 18 0.16864246 
67 242 15 21 0.1375346 
363 241 42 53 0.1161097 
5 230 22 33 0.08854814 
190 409 11 12 0.08600145 
982 101 14 16 0.07333581 
718 362 10 14 0.06660757 
260 512 10 12 0.06454754 
289 496 8 10 0.062306914 
564 102 14 17 0.058189504 
636 241 12 15 0.05367167 
755 300 19 20 0.050660476 
864 310 10 11 0.0475557 
296 496 8 11 0.046386436 
937 358 19 21 0.04474313 
724 352 24 31 0.043489434 
110 250 15 20 0.042838514 
411 335 18 22 0.04129556 
116 247 15 18 0.040681824 
999 89 12 17 0.04022811 
170 127 24 29 0.039839394 
239 505 9 10 0.038693804 
831 249 18 20 0.03844802 
775 382 24 31 0.038152408 
750 315 28 35 0.037702236 
599 149 14 16 0.037524994 
505 31 11 14 0.037174255 
708 245 13 17 0.036847916 
301 500 8 9 0.035981387 
702 249 13 16 0.03542691 
771 284 15 16 0.034895338 
615 118 14 16 0.03487249 
279 521 9 10 0.034690805 
588 107 12 14 0.03452764 
215 528 10 13 0.033830117 
981 88 23 30 0.033621315 
195 123 13 15 0.033440705 
926 395 13 16 0.033197068 
25 184 184 275 0.032377742 
698 326 24 29 0.031835847 
327 510 9 11 0.031050958 
104 252 12 18 0.0288989 
111 275 11 14 0.028790051 
689 97 460 483 0.028125968 
289 501 9 10 0.028068935 
445 212 26 33 0.027903961 
328 486 8 10 0.027758742 
272 503 9 10 0.027629696 
-29 83 332 452 0.027443092 
277 502 8 10 0.027399631 
901 335 15 16 0.02712394 
141 410 13 12 0.026908671 
256 503 8 9 0.026536977 
805 247 16 19 0.025936881 
812 347 17 19 0.025522545 
971 375 30 35 0.025509005 
858 338 18 19 0.025420103 
62 199 21 27 0.025349095 
182 303 23 28 0.025340851 
848 372 11 12 0.025328333 
965 370 14 18 0.02530493 
272 484 9 11 0.025276707 
197 156 12 16 0.025242344 
202 437 9 10 0.02459979 
982 69 11 14 0.024531256 
187 148 12 17 0.02425441 
959 425 12 15 0.024115354 
111 267 13 17 0.023985697 
157 440 10 12 0.023907516 
280 495 8 10 0.023641324 
768 322 34 39 0.023390867 
206 138 23 28 0.023355424 
271 528 9 10 0.023049878 
965 370 25 32 0.022841413 
240 464 9 10 0.022615204 
294 479 7 10 0.02251473 
289 144 25 31 0.022168104 
961 356 24 30 0.021851506 
953 431 26 38 0.021442985 
417 -5 417 563 0.02134515 
494 48 14 15 0.021304607 
278 510 7 9 0.021003805 
966 319 9 12 0.020853592 
775 302 26 28 0.020808658 
233 520 8 11 0.020376777 
245 527 11 13 0.02029633 
418 333 13 17 0.020166608 
846 366 11 12 0.020090315 
