26_Soldier_Drilling_Soldiers_Drilling_26_942
36
100 196 38 47 0.9427012 
355 198 41 45 0.8992864 
347 135 20 31 0.53890276 
781 223 112 131 0.3990178 
217 202 39 52 0.32308838 
82 305 28 31 0.26108283 
84 198 34 41 0.12870747 
293 271 29 42 0.12403398 
357 136 20 28 0.092498645 
373 136 15 24 0.07549192 
634 34 34 34 0.072303504 
833 255 66 68 0.071708836 
285 106 15 17 0.062132902 
397 91 15 18 0.056128092 
202 216 43 51 0.053612392 
146 452 9 13 0.042050626 
256 478 118 102 0.037017275 
524 41 366 404 0.035363253 
711 101 125 144 0.034751102 
190 230 44 50 0.0341027 
730 140 174 224 0.033856213 
64 601 26 38 0.032557845 
617 57 226 255 0.030815426 
622 64 109 129 0.030779177 
93 415 14 16 0.03009815 
83 207 17 22 0.028588241 
855 282 38 42 0.028343365 
618 35 54 67 0.02562763 
636 78 59 72 0.024771225 
235 406 14 17 0.023568204 
230 412 13 18 0.023044413 
758 36 21 29 0.0217798 
80 314 14 19 0.021400122 
511 146 11 14 0.020903002 
232 217 28 46 0.020520313 
70 327 10 14 0.020283084 
