26_Soldier_Drilling_Soldiers_Drilling_26_764
24
690 127 22 27 0.996682 
86 133 9 12 0.9646305 
69 140 8 11 0.38146392 
805 164 9 12 0.27136698 
741 167 9 12 0.1705404 
117 142 26 38 0.102739744 
205 130 35 42 0.07477107 
831 161 30 44 0.0493043 
186 121 39 47 0.03638693 
83 129 17 22 0.03533577 
157 128 16 22 0.032033127 
737 169 11 15 0.032029755 
69 145 11 14 0.028447472 
67 137 8 11 0.02700306 
167 134 25 34 0.026931103 
811 164 11 15 0.025922135 
802 161 9 12 0.025345337 
835 142 43 54 0.023503931 
556 644 16 17 0.023274856 
81 138 10 12 0.021700809 
221 133 30 35 0.021669734 
817 363 39 41 0.021243457 
138 139 16 18 0.020343436 
123 137 17 23 0.020280028 
