26_Soldier_Drilling_Soldiers_Drilling_26_1022
23
143 318 15 19 0.31939682 
85 493 22 27 0.2560045 
619 49 395 478 0.14986035 
59 562 23 28 0.112813495 
258 416 29 39 0.06749398 
194 24 211 256 0.046573374 
230 336 10 14 0.03524932 
223 317 12 17 0.032261204 
312 352 12 15 0.03173833 
158 284 11 13 0.031041423 
924 535 14 19 0.029998442 
227 343 31 42 0.028954541 
168 321 12 16 0.028275747 
794 487 25 30 0.025459675 
708 531 15 23 0.025387472 
77 304 17 22 0.025045203 
31 454 24 31 0.024986215 
208 341 12 14 0.023609601 
720 579 14 17 0.021540666 
159 318 10 15 0.021497471 
65 554 22 26 0.020790182 
54 567 17 22 0.020630358 
704 568 24 28 0.020090865 
