26_Soldier_Drilling_Soldiers_Drilling_26_893
26
465 82 37 58 0.48393184 
54 480 29 32 0.09238806 
421 83 29 44 0.083091766 
422 420 71 90 0.07839704 
109 463 17 22 0.07815885 
128 445 11 12 0.057388578 
725 424 96 137 0.057305593 
239 331 98 133 0.051812124 
367 378 34 39 0.04198877 
994 12 30 54 0.040455353 
656 437 105 151 0.03996063 
302 538 28 30 0.034583718 
123 480 33 45 0.032643802 
703 474 29 41 0.030138865 
51 492 29 35 0.02887407 
420 94 45 60 0.027481202 
54 482 17 19 0.02730174 
253 273 35 44 0.027010115 
377 394 84 110 0.024492018 
85 183 363 399 0.02410934 
60 477 18 21 0.022579843 
264 370 101 116 0.021976052 
430 268 356 473 0.021809688 
127 450 14 18 0.021643445 
691 461 64 91 0.021295657 
422 445 110 120 0.02110882 
