26_Soldier_Drilling_Soldiers_Drilling_26_991
75
348 102 12 15 0.76010907 
305 92 12 16 0.71956146 
215 119 11 15 0.54370856 
479 97 10 13 0.42476776 
837 62 12 16 0.28300428 
702 78 9 12 0.24300385 
784 65 11 15 0.23650423 
456 -19 491 328 0.23343073 
631 84 9 12 0.19048767 
553 96 8 10 0.12918164 
229 87 10 13 0.09656439 
586 86 9 12 0.09029506 
864 95 8 10 0.08707158 
438 103 10 13 0.07741236 
245 122 9 11 0.06312043 
173 121 9 11 0.06306358 
664 77 10 14 0.05784129 
370 97 192 258 0.048272025 
296 76 11 14 0.04619268 
729 84 9 12 0.046129275 
730 80 9 11 0.045785565 
511 95 8 10 0.045065165 
352 85 9 11 0.041269857 
670 77 9 13 0.038938656 
270 95 9 12 0.037656844 
470 111 8 11 0.037528154 
225 90 10 14 0.034415342 
609 92 9 11 0.034272995 
294 82 11 14 0.034126494 
169 123 9 12 0.033876207 
273 111 9 12 0.03190171 
474 99 9 12 0.028262744 
841 65 13 17 0.027305085 
265 94 10 13 0.026980883 
272 100 9 11 0.026733043 
868 95 8 10 0.026693432 
287 93 10 13 0.026579535 
542 102 8 10 0.026565213 
207 136 8 10 0.026325684 
169 108 8 10 0.026046999 
381 61 9 12 0.02575142 
288 101 9 12 0.025613796 
168 102 9 12 0.025436863 
511 89 8 11 0.024915544 
836 72 13 16 0.024804145 
295 111 8 9 0.024423296 
835 56 13 15 0.024328956 
952 132 13 16 0.02390103 
327 53 11 14 0.023719909 
561 109 8 11 0.023524651 
752 53 9 13 0.023423314 
475 95 10 12 0.02340592 
264 110 10 13 0.023327911 
344 124 10 11 0.023178272 
264 77 9 13 0.02315271 
551 68 297 198 0.022862852 
303 111 9 10 0.022166278 
559 101 8 10 0.022152174 
870 101 8 12 0.022147262 
296 70 10 14 0.02192458 
294 119 8 10 0.02167684 
504 102 8 11 0.021647042 
512 100 8 10 0.02163216 
542 87 8 10 0.021623125 
822 66 12 17 0.021417046 
213 95 10 12 0.0212083 
687 87 8 10 0.02120791 
720 87 10 12 0.02119067 
295 151 9 12 0.021133812 
209 96 8 11 0.020983296 
475 92 19 23 0.020949338 
278 117 8 10 0.020889128 
697 83 10 12 0.020659367 
799 29 10 12 0.020655574 
946 46 10 12 0.020244868 
