26_Soldier_Drilling_Soldiers_Drilling_26_567
19
556 95 115 107 0.9983046 
364 299 77 66 0.98604685 
904 132 45 55 0.98165375 
447 140 45 65 0.9771081 
14 284 12 16 0.10062642 
470 607 93 140 0.09193358 
485 298 108 170 0.07019906 
632 61 94 138 0.06742108 
130 420 356 441 0.047211006 
517 166 25 32 0.032658283 
502 151 40 57 0.03146334 
396 295 52 53 0.03061758 
173 247 10 13 0.026244052 
413 286 61 65 0.02461587 
-6 452 113 155 0.02430902 
516 337 64 107 0.022583285 
668 117 66 77 0.02226378 
57 593 229 279 0.022195542 
466 139 46 65 0.02213179 
