26_Soldier_Drilling_Soldiers_Drilling_26_750
23
458 247 94 122 0.99903154 
22 215 103 211 0.9970169 
318 277 45 63 0.969674 
767 172 71 151 0.8853255 
817 720 15 19 0.13865116 
794 178 108 139 0.09943689 
613 347 327 465 0.06474776 
652 588 16 24 0.06280622 
846 156 85 134 0.039764643 
314 254 70 100 0.03774447 
821 719 24 26 0.032747258 
627 483 32 41 0.031153435 
728 422 129 199 0.029492578 
707 630 54 65 0.029326636 
472 497 47 56 0.02905545 
136 323 12 18 0.025144875 
660 570 27 30 0.023252156 
814 727 14 18 0.021644082 
800 717 22 30 0.021472134 
300 294 35 46 0.020725131 
624 457 13 19 0.020255808 
625 467 30 35 0.020101693 
858 218 107 131 0.020020138 
