26_Soldier_Drilling_Soldiers_Drilling_26_223
63
615 98 28 34 0.99903405 
719 103 34 42 0.99757177 
912 111 38 45 0.99725914 
276 111 29 34 0.9969194 
513 75 39 43 0.9908664 
383 110 26 29 0.98219544 
204 123 22 26 0.9683982 
406 93 25 33 0.96392107 
16 129 20 23 0.9508444 
128 152 16 19 0.94241536 
89 129 22 27 0.90030324 
163 140 20 22 0.8277808 
465 108 23 30 0.6252488 
396 102 27 34 0.61050504 
671 142 21 28 0.36002964 
223 240 14 19 0.27776858 
201 187 14 18 0.23989172 
343 235 12 15 0.17591386 
65 135 11 14 0.15501156 
572 235 24 32 0.14694527 
135 246 10 13 0.14415453 
316 247 13 16 0.097776905 
623 181 19 22 0.09299356 
77 177 16 21 0.090008825 
469 103 17 21 0.07281894 
680 138 14 19 0.07029603 
703 132 12 17 0.06412351 
49 244 11 15 0.06269789 
623 169 28 29 0.060055796 
439 108 20 27 0.05385187 
492 111 13 18 0.053353187 
474 104 24 30 0.05086841 
111 140 11 17 0.04807187 
211 204 11 15 0.04090028 
363 128 15 19 0.040868443 
65 135 17 22 0.04031392 
85 185 11 14 0.039802443 
461 117 32 41 0.036049243 
211 173 11 14 0.03537815 
203 200 16 19 0.034635674 
422 158 26 36 0.03201857 
157 201 13 16 0.031974155 
404 151 37 50 0.030904204 
63 144 12 17 0.030807251 
451 109 20 28 0.030478528 
485 106 22 27 0.029899636 
664 142 16 21 0.029458372 
20 174 9 13 0.028146395 
576 140 11 14 0.027971197 
54 148 11 14 0.027413983 
701 125 23 29 0.02643682 
199 127 16 20 0.026365744 
323 252 11 14 0.02383029 
154 198 11 15 0.02372402 
75 192 16 17 0.022322629 
96 141 16 21 0.021693198 
210 180 12 16 0.021357663 
668 149 29 39 0.021189362 
375 112 16 22 0.021063354 
414 256 42 49 0.020882647 
155 207 16 18 0.02041329 
94 206 9 12 0.020312976 
95 212 10 13 0.020307455 
