26_Soldier_Drilling_Soldiers_Drilling_26_178
27
877 145 105 117 0.99967015 
185 126 65 74 0.9992206 
288 134 57 70 0.9975319 
548 108 91 99 0.9970252 
700 76 88 108 0.9969975 
124 97 54 62 0.9962998 
349 154 76 84 0.9951351 
452 115 76 94 0.99393857 
775 144 52 63 0.9239805 
646 137 55 68 0.6347368 
67 335 56 69 0.16754787 
600 116 83 101 0.1495156 
727 105 85 97 0.12813833 
661 100 84 100 0.12111695 
347 373 38 46 0.07970423 
946 2 42 43 0.044698708 
991 69 31 47 0.040678862 
840 393 18 21 0.03642977 
489 91 93 114 0.03347967 
157 273 37 43 0.028867573 
381 399 49 61 0.027069112 
311 121 77 90 0.025855461 
971 -2 46 59 0.025095887 
459 164 65 72 0.024022393 
875 415 29 35 0.022104109 
983 290 38 53 0.022038477 
344 176 97 108 0.020148737 
