26_Soldier_Drilling_Soldiers_Drilling_26_529
50
178 236 40 50 0.9984308 
751 313 50 60 0.9964025 
467 330 55 66 0.99516535 
530 127 45 53 0.9946725 
362 128 43 55 0.9935435 
441 167 40 52 0.97796655 
758 460 16 21 0.31669456 
720 479 26 33 0.22486384 
726 472 16 20 0.22160126 
659 479 23 27 0.18359375 
866 475 34 36 0.18268777 
890 205 10 12 0.10322268 
933 199 10 12 0.08767038 
664 473 21 22 0.083616346 
952 227 12 14 0.060840923 
894 231 10 13 0.052787803 
995 197 12 13 0.05169725 
944 228 10 14 0.051166013 
775 470 12 14 0.046856325 
751 465 15 19 0.046336953 
956 227 15 18 0.04424899 
71 236 13 16 0.04221433 
717 228 13 15 0.041256398 
721 495 19 22 0.04101506 
917 207 11 14 0.038391553 
1013 164 10 15 0.035805356 
426 470 52 43 0.033727724 
912 221 9 13 0.030299459 
901 231 9 12 0.030226577 
835 229 12 15 0.030090809 
87 481 19 21 0.02988937 
889 231 11 13 0.02957678 
705 483 27 32 0.029317101 
729 469 24 28 0.02907026 
868 448 26 28 0.027598782 
521 475 48 50 0.026772436 
68 654 18 20 0.026654016 
718 474 16 21 0.024971237 
694 491 16 18 0.02450611 
829 685 14 16 0.02435089 
197 541 12 15 0.024097571 
58 653 54 59 0.02380466 
410 481 55 57 0.023431977 
125 534 14 16 0.023163065 
712 223 11 14 0.021838848 
903 237 9 11 0.021737974 
724 462 12 17 0.021375664 
799 229 13 16 0.020793043 
695 490 26 28 0.020245042 
944 498 14 17 0.020126425 
