26_Soldier_Drilling_Soldiers_Drilling_26_610
24
590 55 55 67 0.99793625 
275 153 348 394 0.25282744 
55 23 193 175 0.16170806 
846 218 29 35 0.13673262 
127 -5 195 199 0.0804812 
74 247 31 39 0.07614089 
424 175 361 408 0.075902484 
296 237 37 43 0.0757821 
210 33 117 133 0.06609114 
60 295 24 30 0.062395822 
368 32 110 144 0.06084225 
584 -76 421 436 0.051201507 
544 60 40 55 0.045875624 
941 147 81 169 0.044825543 
656 63 52 57 0.040370073 
356 175 32 34 0.039974585 
876 186 16 20 0.027679592 
-2 11 188 259 0.025320116 
456 115 27 32 0.024815515 
477 48 30 42 0.02427969 
516 53 377 412 0.023724014 
560 32 50 60 0.02134486 
844 209 51 55 0.020955278 
892 146 13 15 0.020451583 
