26_Soldier_Drilling_Soldiers_Drilling_26_262
235
575 273 21 31 0.99590874 
759 326 23 30 0.99367553 
954 292 23 29 0.9905314 
274 293 24 29 0.9901816 
474 311 22 27 0.98687553 
301 210 15 19 0.98524934 
917 283 27 33 0.9852256 
691 278 21 27 0.9845821 
404 193 13 17 0.9821838 
609 275 21 26 0.9812479 
800 285 23 29 0.97975403 
621 318 21 28 0.9775378 
534 266 24 30 0.9724372 
725 281 23 30 0.97007376 
1004 266 21 30 0.96762276 
126 264 22 26 0.9630871 
763 248 20 25 0.9626604 
168 265 23 29 0.9573736 
370 218 14 17 0.9565027 
780 272 22 27 0.9563978 
76 259 24 29 0.9551053 
439 217 15 20 0.95143527 
219 232 17 20 0.9499675 
223 263 20 25 0.9494957 
853 291 21 27 0.94520164 
449 273 21 26 0.944536 
592 241 15 18 0.9166532 
486 243 13 17 0.91283154 
300 266 19 22 0.8938521 
638 281 22 25 0.8867431 
4 260 22 28 0.87768114 
90 213 14 17 0.87741524 
867 254 17 22 0.8394711 
650 233 13 17 0.82517964 
684 221 14 17 0.81857103 
167 211 13 16 0.8142712 
340 259 22 27 0.81224513 
474 227 13 16 0.7876234 
527 217 13 16 0.76077676 
965 235 21 26 0.7440582 
124 237 17 20 0.7420334 
241 260 20 24 0.7402225 
37 273 22 26 0.7070123 
60 256 18 23 0.6971846 
206 251 14 19 0.67268544 
353 228 13 16 0.6650564 
512 266 18 23 0.6641849 
149 246 16 21 0.6618411 
496 222 11 14 0.64365613 
428 263 17 22 0.63846964 
421 259 14 20 0.5987204 
803 247 16 18 0.5851711 
460 535 23 34 0.5798588 
392 265 15 21 0.5447849 
323 218 18 20 0.5280105 
586 225 15 18 0.48741335 
521 264 23 28 0.4769155 
331 269 15 22 0.46582526 
218 207 14 16 0.44367903 
248 217 15 17 0.4400114 
381 219 13 16 0.3451093 
979 278 16 24 0.2640568 
451 219 12 16 0.2544805 
692 249 22 26 0.23053576 
602 221 13 16 0.19631517 
264 217 13 16 0.19349799 
405 220 10 13 0.16985624 
106 258 15 20 0.16833982 
180 228 13 16 0.16504495 
321 231 21 25 0.16471046 
523 239 15 17 0.15707323 
596 224 16 19 0.15442096 
745 256 16 20 0.15041834 
828 290 15 20 0.14894804 
647 276 19 24 0.1448303 
640 234 13 18 0.14294897 
46 232 16 18 0.14137277 
116 223 10 14 0.14110613 
399 227 11 14 0.13687497 
378 288 17 24 0.13351698 
263 241 13 18 0.12824719 
879 314 15 18 0.12540165 
356 286 24 27 0.11537535 
714 235 16 19 0.110770516 
897 290 13 17 0.10642537 
814 286 21 28 0.10578498 
901 242 12 17 0.10138925 
416 258 13 18 0.09897977 
930 250 17 19 0.09242676 
834 288 16 22 0.09010643 
488 301 456 509 0.08688958 
433 265 21 26 0.08438158 
358 498 34 52 0.081120096 
426 254 17 20 0.0761008 
715 264 17 21 0.07313841 
122 242 23 27 0.069237046 
966 289 21 28 0.06904243 
320 226 13 16 0.068705186 
131 60 38 50 0.06844437 
524 223 15 18 0.06826145 
46 211 21 25 0.06781619 
724 242 15 19 0.0673913 
347 266 25 29 0.065040655 
812 259 17 19 0.062651515 
834 250 15 19 0.062232815 
897 271 15 20 0.061127294 
490 237 14 18 0.059508674 
37 248 14 17 0.05938575 
405 497 46 67 0.05832012 
233 262 20 24 0.056467544 
61 213 13 18 0.054111436 
91 221 16 19 0.050697163 
493 218 19 23 0.049972422 
144 244 14 17 0.049874842 
263 257 13 19 0.04970101 
323 259 14 19 0.04873094 
155 204 14 17 0.048501287 
924 255 21 24 0.04781037 
461 220 10 15 0.04762469 
159 261 20 26 0.047037635 
623 278 25 28 0.046526752 
270 637 42 45 0.046170775 
523 246 16 20 0.045911264 
465 274 15 20 0.04535883 
913 255 20 25 0.04437229 
219 475 14 20 0.04391775 
268 98 12 14 0.043669213 
896 278 19 26 0.043650478 
42 239 18 22 0.04260569 
62 245 37 47 0.042537265 
704 256 20 26 0.042330768 
961 272 23 29 0.042194895 
679 216 13 17 0.04131995 
66 260 20 24 0.040285446 
111 256 21 27 0.040220547 
126 43 11 13 0.039694548 
312 260 20 28 0.039531473 
841 281 16 22 0.039505746 
154 244 23 32 0.03912177 
35 42 43 50 0.039087553 
263 225 14 17 0.039028615 
266 187 12 17 0.03902534 
39 206 10 14 0.03844657 
878 284 14 18 0.037194766 
50 260 20 26 0.037185837 
738 259 23 30 0.037111387 
135 87 14 20 0.036986027 
707 241 19 25 0.036726955 
282 45 14 18 0.036331598 
715 247 20 26 0.03589071 
985 276 17 23 0.035805006 
328 224 17 20 0.035791416 
268 183 10 13 0.03563188 
67 212 13 15 0.035538226 
318 234 15 19 0.03552676 
677 245 13 16 0.035172295 
97 212 12 16 0.034853105 
687 253 14 16 0.034119017 
319 213 12 16 0.033821203 
247 252 19 26 0.03379983 
668 213 12 16 0.033581693 
197 254 16 21 0.033299662 
0 263 14 21 0.03323358 
372 293 17 22 0.032446757 
909 278 24 31 0.03211955 
592 276 22 28 0.03171442 
142 228 11 15 0.031678673 
283 237 11 16 0.031669073 
283 273 16 20 0.03140286 
29 616 28 37 0.031255282 
184 60 10 13 0.0306886 
407 254 13 18 0.030412136 
38 211 14 20 0.030214446 
338 268 18 24 0.030192712 
121 71 27 36 0.029765194 
503 266 13 18 0.029725354 
756 69 64 48 0.029063456 
706 266 22 27 0.028508421 
386 215 13 15 0.027749775 
843 288 18 24 0.027709806 
39 218 22 27 0.02767911 
35 252 22 29 0.02750006 
492 265 14 18 0.027166843 
726 265 25 31 0.027038265 
509 275 16 22 0.027001208 
372 487 58 73 0.026650261 
670 215 19 25 0.026351525 
935 287 26 32 0.026216343 
413 242 14 18 0.026147652 
713 271 22 28 0.026121598 
296 198 23 29 0.025912713 
211 237 19 24 0.025904141 
486 265 12 17 0.025755975 
390 225 13 16 0.025544887 
184 53 11 14 0.025444793 
657 233 12 18 0.025391422 
285 292 23 30 0.025377844 
979 290 21 30 0.025359416 
611 221 10 14 0.025305819 
648 7 27 28 0.02503978 
436 523 39 54 0.024943164 
144 147 12 15 0.02486394 
370 283 17 23 0.02480404 
138 79 17 23 0.024352543 
130 231 16 18 0.02417266 
730 253 22 28 0.024160122 
176 232 13 17 0.02409347 
419 244 15 18 0.023993481 
215 200 12 15 0.023680737 
411 191 11 14 0.023573404 
276 93 11 14 0.023496838 
565 127 8 11 0.023431025 
119 264 16 20 0.022956003 
3 252 17 23 0.02294361 
634 291 20 24 0.022902993 
185 258 18 22 0.022450458 
11 627 32 31 0.022317505 
550 236 14 18 0.022138769 
44 207 13 15 0.02188672 
228 209 12 16 0.021743415 
202 198 22 26 0.02170973 
196 209 15 18 0.021494372 
80 212 10 14 0.021462815 
397 232 12 15 0.021455454 
677 232 13 18 0.021236237 
955 263 24 28 0.02080788 
112 222 19 24 0.020593077 
329 250 23 29 0.020439707 
898 532 35 46 0.02038545 
141 237 11 15 0.0203814 
103 45 12 15 0.020319164 
285 106 10 15 0.020183196 
726 245 21 26 0.020090368 
334 231 20 25 0.020054122 
264 206 13 18 0.020022191 
