26_Soldier_Drilling_Soldiers_Drilling_26_204
375
371 260 26 31 0.9621228 
438 197 24 29 0.9567242 
451 140 17 23 0.9126482 
599 119 11 14 0.6107433 
893 356 15 21 0.5547279 
902 176 14 18 0.54833966 
943 171 12 17 0.54332924 
500 106 13 15 0.5365791 
954 275 16 23 0.5265992 
712 122 13 18 0.4970089 
912 117 11 13 0.42306837 
867 314 30 37 0.41727135 
810 371 14 17 0.3692895 
659 112 13 16 0.3461717 
1014 125 8 14 0.3401587 
987 162 12 16 0.32309884 
941 115 10 13 0.32021356 
705 226 17 22 0.31132945 
904 207 16 21 0.3053696 
994 189 12 15 0.2991027 
685 172 14 19 0.29082042 
835 189 24 28 0.29043087 
893 271 16 21 0.27724898 
805 217 25 30 0.26902792 
1003 242 14 19 0.26305652 
733 305 15 17 0.24275638 
621 157 12 17 0.24028727 
742 109 13 17 0.23721333 
949 335 17 23 0.23552226 
989 122 11 14 0.23437077 
860 283 27 29 0.23290963 
967 211 10 15 0.22582586 
667 240 17 23 0.21337996 
194 80 9 12 0.21256235 
730 132 13 16 0.20794204 
923 230 17 21 0.20331721 
691 169 16 19 0.19938204 
844 282 14 19 0.19297391 
730 324 14 18 0.18992366 
637 168 13 17 0.18909729 
946 258 15 21 0.18546447 
676 171 14 19 0.1815062 
772 271 13 19 0.17836167 
984 204 16 18 0.17726122 
583 86 10 12 0.17547552 
477 135 12 16 0.16680457 
1009 179 12 15 0.16651314 
987 211 15 17 0.1661212 
774 310 21 26 0.16102566 
852 278 21 27 0.15458836 
969 198 11 13 0.14664349 
649 167 9 13 0.145895 
858 123 10 13 0.14507367 
966 117 8 12 0.13939732 
887 150 11 15 0.1385353 
734 275 14 17 0.13646494 
628 78 9 11 0.1346152 
700 193 13 17 0.1263394 
976 112 9 12 0.12442773 
970 149 14 17 0.124332584 
853 325 26 30 0.12340941 
849 191 14 20 0.12147664 
823 303 24 30 0.11861243 
835 136 13 15 0.116038315 
686 208 14 19 0.11373346 
985 124 11 13 0.107793696 
822 137 12 15 0.10533957 
973 127 11 13 0.103871 
927 111 9 11 0.10302566 
996 212 13 18 0.102664694 
715 127 14 19 0.100957885 
240 70 7 10 0.100162275 
1011 301 14 23 0.09431365 
923 215 21 27 0.09264039 
651 178 14 18 0.087395884 
861 119 11 14 0.086027205 
937 116 9 12 0.085809395 
672 96 9 10 0.084619686 
701 93 9 12 0.08454906 
896 198 20 28 0.08409591 
678 138 13 17 0.083908 
732 313 16 20 0.0827964 
910 206 20 27 0.081550255 
842 331 23 29 0.08054065 
793 216 23 33 0.07817936 
983 158 12 16 0.07798849 
947 166 14 18 0.07769291 
984 118 11 13 0.07526665 
948 117 10 12 0.07465035 
732 91 9 12 0.07380398 
895 128 8 10 0.071297035 
946 175 14 17 0.070405 
631 170 13 17 0.06965086 
752 307 11 15 0.06953696 
796 270 14 20 0.069366544 
894 185 19 26 0.068903625 
782 213 22 31 0.068845235 
853 180 12 18 0.06851455 
583 155 12 16 0.06842253 
670 170 14 18 0.06825542 
662 123 11 16 0.06690011 
648 83 10 12 0.06646824 
826 131 21 25 0.065823205 
881 148 11 15 0.06570028 
606 107 11 15 0.06448958 
734 108 12 16 0.06429382 
575 101 10 13 0.06399919 
699 164 15 19 0.06299544 
711 180 12 17 0.06298518 
836 339 22 29 0.0628622 
712 279 11 14 0.059750803 
650 170 13 18 0.05950484 
862 297 30 38 0.05892206 
723 166 18 21 0.058834694 
695 189 14 17 0.05875167 
667 115 12 15 0.058232363 
961 118 11 13 0.05802618 
685 123 12 14 0.057801776 
861 178 15 21 0.056671157 
770 109 16 19 0.05645688 
1011 148 11 15 0.055975817 
640 188 12 15 0.055206005 
702 112 9 13 0.055133723 
867 172 13 16 0.054169193 
645 186 13 16 0.05401814 
650 146 14 18 0.053952213 
988 195 16 18 0.053149294 
797 404 17 20 0.053110242 
727 301 13 16 0.052581552 
677 292 13 16 0.05125048 
588 86 9 13 0.05045346 
741 285 13 15 0.050093897 
895 117 9 11 0.049969774 
786 313 16 21 0.049189843 
830 296 23 31 0.04832406 
831 312 23 33 0.04729666 
579 83 10 13 0.04726805 
689 95 9 11 0.047119264 
790 218 36 49 0.046733286 
867 277 16 21 0.046724334 
845 134 10 14 0.04661338 
833 175 27 33 0.046294324 
750 133 14 17 0.045892105 
678 126 11 14 0.045448385 
971 204 14 18 0.04530022 
623 170 12 16 0.04471864 
695 95 10 12 0.043699477 
843 164 14 18 0.043454003 
896 131 9 12 0.043350928 
995 204 14 18 0.043017793 
878 133 9 11 0.04266973 
677 95 8 10 0.042416804 
741 391 15 20 0.042338993 
831 110 10 12 0.042302713 
493 80 9 11 0.04194064 
645 121 12 15 0.04184743 
380 263 31 32 0.04167864 
595 117 11 14 0.041485153 
915 405 18 19 0.0411952 
995 183 12 14 0.04111126 
704 88 8 10 0.040667553 
934 134 11 14 0.040654685 
854 132 11 13 0.040516652 
942 189 13 16 0.040035155 
917 111 11 13 0.039887194 
837 164 23 29 0.03977703 
836 286 22 29 0.039274488 
670 124 11 15 0.039066162 
660 170 14 19 0.03896312 
954 259 15 22 0.038865697 
888 111 8 11 0.038848493 
677 209 16 20 0.03879912 
616 160 13 17 0.0386123 
758 161 20 35 0.03778063 
894 256 23 32 0.037736695 
615 191 10 13 0.037722897 
649 158 9 13 0.03769939 
798 307 14 18 0.037601005 
704 188 19 27 0.037361264 
852 172 12 18 0.037169773 
772 263 22 32 0.037111834 
717 169 16 21 0.036808074 
583 140 15 18 0.03680554 
746 382 22 29 0.03673023 
980 111 9 12 0.036627144 
699 252 15 20 0.036400385 
753 98 22 28 0.036331452 
817 139 11 15 0.03631876 
948 342 25 31 0.036282584 
721 125 20 24 0.035881408 
1003 210 15 19 0.035871774 
683 132 14 17 0.03574902 
780 226 22 32 0.035243712 
766 313 16 19 0.035227787 
683 248 16 22 0.035188917 
830 115 10 12 0.034918673 
715 185 15 18 0.03471572 
939 202 15 18 0.034600437 
222 115 11 14 0.03452569 
820 298 17 22 0.03439652 
696 110 10 13 0.034275446 
612 148 14 17 0.034201857 
637 120 11 13 0.034062844 
866 95 8 11 0.033895057 
864 113 9 11 0.033788227 
829 192 19 22 0.033457708 
855 139 9 12 0.033282634 
694 195 21 28 0.03327072 
691 123 12 14 0.03313555 
1006 142 13 15 0.03304785 
919 382 36 43 0.033039734 
666 95 8 11 0.033018097 
895 110 9 12 0.03299509 
886 144 11 14 0.03285221 
648 142 12 15 0.03275947 
675 247 14 20 0.032343414 
844 297 13 20 0.032288324 
461 136 19 25 0.032039057 
924 204 15 19 0.031565998 
621 138 13 15 0.03133364 
629 277 11 13 0.031244531 
633 120 10 12 0.031025374 
969 113 9 13 0.030977784 
747 292 11 13 0.030938616 
587 134 13 16 0.030827584 
886 133 10 12 0.030537141 
569 120 9 12 0.030416427 
692 249 14 20 0.030244648 
613 142 12 15 0.030145822 
1007 130 12 15 0.030012442 
887 95 9 10 0.029968439 
688 321 14 19 0.029566599 
779 178 25 29 0.029223185 
695 207 22 28 0.02919083 
705 122 12 16 0.029104998 
912 150 9 12 0.029067943 
894 103 10 11 0.028931255 
884 273 24 30 0.028813517 
873 132 9 12 0.028761746 
844 178 15 20 0.02859228 
638 158 11 15 0.02857614 
968 126 10 12 0.028493037 
456 146 18 24 0.028338261 
995 124 11 13 0.028167812 
786 264 23 30 0.028119914 
901 132 10 12 0.028095614 
927 134 9 13 0.027974129 
968 159 19 25 0.027863495 
911 156 9 10 0.02760577 
897 351 22 29 0.02743236 
887 102 9 11 0.027344476 
707 171 13 19 0.027321108 
749 314 12 17 0.027251577 
754 379 23 28 0.027222317 
822 160 12 15 0.02710156 
702 112 20 24 0.027052604 
794 313 15 20 0.027021678 
851 163 14 18 0.027017096 
936 124 11 12 0.026963938 
485 101 9 13 0.026773209 
846 325 15 23 0.026642796 
970 139 16 19 0.026638778 
684 290 12 16 0.026634304 
485 108 10 12 0.026566803 
981 214 16 18 0.026445316 
672 88 8 10 0.026438229 
366 181 15 18 0.026395276 
854 153 14 16 0.026328472 
846 157 21 29 0.026307259 
664 226 24 33 0.026292786 
729 106 12 16 0.02621553 
898 245 25 31 0.02618447 
703 210 24 31 0.02611233 
599 112 11 15 0.026067281 
931 203 15 19 0.026052408 
743 106 21 26 0.025887487 
839 266 25 33 0.025681933 
880 143 10 14 0.025678795 
870 126 9 13 0.025602557 
593 123 12 14 0.025379226 
710 110 10 14 0.025199788 
764 171 22 30 0.02507721 
580 61 98 123 0.024490567 
655 104 9 11 0.024464957 
1005 377 15 17 0.024461897 
691 141 12 15 0.024415907 
483 135 11 15 0.024387235 
487 68 9 11 0.024183966 
651 77 10 13 0.024181323 
840 405 24 24 0.024156649 
861 153 13 17 0.024155987 
882 147 20 24 0.024122737 
867 156 11 14 0.02403627 
639 77 11 13 0.023995917 
604 172 12 14 0.023953574 
938 373 25 32 0.023881024 
624 81 11 14 0.023856595 
965 244 11 16 0.023809304 
728 277 11 14 0.023806002 
922 301 24 28 0.023765653 
889 116 8 10 0.023746252 
803 237 29 36 0.023497853 
579 36 12 15 0.023316665 
606 163 13 16 0.02329597 
756 311 14 19 0.0232656 
694 116 11 14 0.023176704 
630 187 11 15 0.02313753 
727 86 12 15 0.023088742 
968 194 19 23 0.023067536 
948 320 22 32 0.023034668 
917 215 16 23 0.022911362 
1011 228 12 18 0.022863673 
643 257 15 19 0.022800183 
929 115 9 12 0.022730285 
1002 281 22 32 0.022666508 
746 185 24 32 0.022617986 
852 297 14 19 0.02258005 
722 327 22 28 0.022512406 
690 89 7 9 0.022496479 
848 297 26 34 0.022478322 
884 344 24 31 0.022333175 
646 108 11 14 0.022305312 
513 62 10 12 0.022254212 
867 117 10 14 0.022234496 
973 241 16 20 0.022233289 
876 172 12 16 0.02211879 
686 199 12 14 0.022109 
855 117 18 24 0.022081584 
719 325 12 17 0.022071717 
933 195 14 16 0.021997718 
901 168 14 16 0.02197464 
606 154 14 18 0.021967886 
654 229 24 29 0.021829715 
944 266 21 30 0.021802995 
961 147 12 16 0.021785978 
927 229 24 28 0.021754669 
574 125 9 12 0.02175254 
393 256 26 34 0.02168665 
815 307 23 33 0.02168605 
826 163 15 19 0.021596009 
813 147 11 13 0.021552296 
489 65 9 11 0.02139636 
885 194 24 32 0.021369927 
851 145 22 27 0.02134262 
717 91 10 13 0.021291714 
780 240 27 37 0.021153089 
648 151 20 24 0.021143284 
919 224 15 23 0.021139594 
611 102 14 16 0.02109495 
912 143 8 11 0.021020213 
814 297 15 20 0.020825434 
694 174 19 24 0.02081292 
926 197 12 16 0.020740543 
999 134 11 13 0.020738905 
692 290 13 17 0.020674536 
846 311 26 33 0.020647706 
248 63 9 10 0.02060029 
1004 227 15 18 0.020578913 
984 228 23 30 0.020534813 
679 120 21 24 0.020508181 
772 257 16 21 0.020481847 
677 101 9 11 0.020463193 
597 83 12 15 0.020427449 
886 358 25 32 0.020396298 
191 91 11 13 0.020278974 
835 394 42 42 0.020206962 
905 182 15 19 0.020205507 
953 170 14 17 0.020204062 
655 121 13 18 0.020140877 
899 166 26 29 0.020111598 
714 192 16 21 0.020094967 
621 164 21 27 0.020054096 
736 129 21 24 0.020033091 
716 82 12 15 0.020014405 
1009 236 14 20 0.020000342 
