26_Soldier_Drilling_Soldiers_Drilling_26_345
74
663 183 27 34 0.96681356 
163 194 24 28 0.8950741 
469 189 26 35 0.79768914 
854 192 31 35 0.7166889 
451 235 15 19 0.23163268 
294 273 11 15 0.14083852 
347 199 23 26 0.13014428 
827 223 29 38 0.11783446 
480 236 12 15 0.11179897 
637 215 8 10 0.09326836 
436 262 15 19 0.0837309 
854 195 16 20 0.081948034 
162 187 18 23 0.07864031 
864 241 12 16 0.05736792 
383 240 10 11 0.05484227 
677 233 45 48 0.053534117 
453 223 22 29 0.052720107 
294 254 8 10 0.052069273 
828 265 11 16 0.050258137 
828 231 16 21 0.049946122 
836 209 37 51 0.04934182 
168 224 13 16 0.049279097 
147 245 10 13 0.047608 
160 182 12 18 0.047135226 
386 251 14 17 0.04502139 
837 357 36 65 0.044703078 
690 298 12 15 0.043564964 
479 233 26 28 0.04278824 
834 227 17 23 0.041761152 
655 245 13 17 0.03968063 
629 252 49 52 0.038934376 
144 239 10 15 0.03679237 
834 240 29 35 0.035583857 
854 207 29 36 0.03480246 
167 254 12 15 0.034258723 
448 318 10 13 0.034144916 
164 242 11 14 0.032345116 
385 245 11 13 0.03225573 
480 244 48 46 0.032088485 
430 261 15 18 0.031895615 
859 214 18 22 0.03184349 
163 216 25 28 0.031800415 
474 219 24 30 0.031598795 
488 237 30 31 0.031570926 
661 179 16 24 0.030441465 
413 245 10 14 0.028328495 
715 213 13 14 0.025716394 
601 253 9 13 0.025588946 
513 328 12 15 0.025581796 
708 211 13 14 0.025240688 
831 250 12 15 0.024859998 
129 250 43 62 0.024325369 
333 303 9 11 0.02410194 
427 252 26 29 0.023895113 
345 305 7 9 0.023869935 
318 294 8 9 0.023378931 
60 176 219 238 0.023282075 
364 245 10 12 0.023175968 
694 228 31 37 0.022849742 
304 361 12 18 0.02270126 
852 224 14 19 0.022241915 
858 225 24 31 0.022102106 
347 213 18 20 0.021937352 
616 271 8 10 0.021855501 
653 234 23 29 0.02145931 
896 227 30 31 0.021458646 
156 180 37 48 0.021363957 
348 189 16 19 0.021357583 
842 226 16 21 0.021347936 
630 265 26 33 0.02127163 
679 226 11 14 0.020738436 
823 267 13 19 0.020549424 
862 297 12 16 0.020187728 
905 230 17 18 0.020157438 
