26_Soldier_Drilling_Soldiers_Drilling_26_9
19
620 212 25 30 0.9976937 
507 221 29 41 0.9897713 
658 257 23 30 0.15517901 
642 204 17 22 0.07967301 
673 258 12 15 0.076856405 
667 259 15 19 0.0636534 
552 201 23 29 0.047792546 
538 207 26 31 0.03691912 
526 202 15 16 0.034924783 
498 213 30 39 0.030782769 
540 203 13 16 0.028813368 
235 202 14 18 0.028614717 
518 235 30 34 0.02532692 
634 211 23 30 0.024818769 
477 436 53 64 0.024771836 
525 200 24 28 0.02387687 
648 248 41 49 0.020962758 
510 203 13 15 0.02038623 
555 214 17 21 0.020253196 
