26_Soldier_Drilling_Soldiers_Drilling_26_31
48
662 197 39 44 0.99607 
531 214 37 43 0.9926658 
234 188 37 43 0.99090356 
807 160 40 49 0.9760168 
382 176 37 47 0.9730057 
315 384 15 21 0.24080937 
703 194 24 32 0.12334618 
841 163 24 31 0.118218295 
863 177 21 30 0.081747755 
250 286 17 22 0.07842628 
391 613 30 29 0.06573176 
556 220 28 36 0.056359455 
609 190 12 14 0.04909701 
197 106 34 41 0.04874326 
672 123 11 14 0.046407714 
383 113 38 51 0.043828018 
463 222 30 38 0.04334772 
764 184 28 38 0.040733434 
509 215 29 34 0.036113136 
844 5 44 55 0.032187298 
788 161 30 37 0.03194424 
192 157 44 51 0.03180239 
435 67 47 74 0.029505912 
497 196 17 20 0.029303974 
315 279 13 18 0.02882973 
404 146 22 27 0.02771317 
208 97 29 35 0.026275663 
597 259 15 20 0.025950054 
391 114 23 30 0.025771787 
309 399 16 24 0.024835896 
639 126 8 11 0.024355656 
518 276 27 36 0.024308579 
597 38 9 11 0.024286952 
246 270 29 40 0.023804847 
415 187 26 32 0.023191597 
606 192 22 27 0.023070056 
156 134 23 28 0.02303264 
226 111 32 42 0.02293639 
598 31 8 10 0.022711892 
569 225 18 24 0.021974823 
706 177 27 34 0.021839676 
729 31 9 12 0.021469535 
424 177 25 31 0.021323793 
291 204 25 36 0.021117963 
576 47 9 10 0.020868797 
614 39 7 9 0.020696307 
274 186 25 35 0.02051417 
103 141 23 29 0.02027343 
