26_Soldier_Drilling_Soldiers_Drilling_26_359
30
508 661 69 97 0.8861086 
112 1407 39 52 0.29730862 
104 1510 36 38 0.25353217 
669 329 56 75 0.21291408 
539 445 40 56 0.1621474 
559 461 29 39 0.12714395 
21 1438 32 45 0.10333148 
116 1396 29 38 0.09949691 
645 337 54 76 0.06523691 
29 1422 37 58 0.05904872 
9 1444 49 69 0.05167065 
588 1210 23 26 0.050743293 
20 1463 52 70 0.03236684 
648 302 53 77 0.03207303 
772 181 106 129 0.030513031 
643 390 24 36 0.028941814 
705 332 48 71 0.027963003 
885 945 28 32 0.025977021 
514 899 18 22 0.02556421 
212 1593 26 33 0.025465468 
400 996 56 68 0.024114314 
4 1404 36 59 0.023620082 
780 174 64 72 0.023560029 
530 452 30 44 0.023557767 
554 662 59 90 0.023402415 
345 1984 38 37 0.022742277 
461 950 32 37 0.022545554 
622 357 52 71 0.022370875 
575 340 28 33 0.02228498 
5 1445 34 46 0.020655207 
