26_Soldier_Drilling_Soldiers_Drilling_26_236
26
600 175 110 112 0.99904114 
476 203 43 75 0.9881691 
980 238 41 59 0.964213 
366 376 90 77 0.94674903 
704 137 88 135 0.3448089 
550 235 28 37 0.25865546 
536 220 39 61 0.15586409 
659 147 100 141 0.10648849 
51 672 198 287 0.09595056 
0 422 48 69 0.05266364 
163 292 12 16 0.049236353 
520 209 36 65 0.034210447 
510 395 108 165 0.030610746 
186 365 32 30 0.029750913 
8 7 8 12 0.026416356 
588 85 123 140 0.026271537 
440 713 111 135 0.024331143 
115 612 462 496 0.023953674 
764 820 100 125 0.0235619 
550 248 17 21 0.022212815 
-22 331 186 248 0.021539498 
5 23 7 9 0.02125007 
328 386 69 79 0.02087925 
385 405 51 43 0.02078617 
446 355 51 64 0.020710196 
467 351 46 59 0.020346273 
