26_Soldier_Drilling_Soldiers_Drilling_26_710
17
264 77 388 507 0.26998776 
65 483 389 542 0.15787512 
190 565 411 531 0.1388342 
298 789 426 504 0.13552172 
423 567 422 508 0.08692886 
137 296 423 502 0.079890564 
552 1061 395 477 0.079861835 
130 860 407 544 0.06945667 
308 1043 349 484 0.05937129 
-16 747 429 555 0.056179944 
546 836 376 517 0.05324141 
366 220 441 449 0.0472755 
514 317 413 477 0.045309495 
-20 12 400 507 0.041791067 
559 60 388 498 0.028803362 
3 329 383 517 0.022307454 
419 954 384 479 0.020418424 
