26_Soldier_Drilling_Soldiers_Drilling_26_192
53
72 297 33 39 0.99781007 
641 295 29 35 0.98220736 
518 303 28 34 0.9770916 
95 406 25 30 0.9099002 
578 357 38 35 0.75634956 
410 270 25 26 0.4913655 
557 305 23 29 0.4526555 
193 412 21 29 0.4132216 
613 317 18 21 0.2430571 
219 565 14 17 0.23784563 
424 266 19 26 0.16591012 
626 340 53 46 0.13901928 
58 298 26 33 0.13784401 
191 427 21 33 0.11041758 
403 273 18 22 0.09039216 
441 226 18 26 0.07873595 
560 321 23 31 0.07669252 
576 339 28 36 0.06661235 
49 378 27 34 0.06125826 
644 291 17 27 0.05486747 
576 342 61 42 0.052428216 
218 561 23 27 0.050801955 
472 260 12 18 0.049373835 
127 604 13 16 0.048208486 
44 318 24 30 0.044488437 
220 575 16 19 0.041845914 
332 459 254 250 0.04030123 
470 264 20 27 0.040053867 
984 465 29 36 0.039952084 
54 303 17 23 0.036569346 
582 330 26 30 0.035818018 
101 394 26 36 0.03579747 
589 320 55 44 0.03127305 
369 310 33 47 0.029319342 
838 460 205 295 0.029242737 
561 554 15 18 0.027741997 
20 378 17 22 0.025908608 
252 577 13 16 0.025687061 
251 343 17 21 0.024814574 
640 299 15 24 0.023418795 
619 310 15 19 0.023403307 
216 559 12 15 0.023297958 
593 328 19 22 0.023162432 
204 605 14 19 0.02267321 
229 341 26 30 0.022394175 
266 370 416 392 0.022241311 
30 390 25 32 0.021951217 
620 319 53 48 0.020740518 
112 407 17 25 0.020559417 
222 346 23 31 0.020435043 
148 320 16 23 0.02019257 
528 301 36 42 0.020180456 
724 461 37 49 0.020098783 
