33_Running_Running_33_760
35
428 350 95 119 0.9997886 
729 254 62 70 0.6997668 
178 289 123 143 0.604306 
758 262 38 48 0.49893442 
559 176 107 141 0.27741885 
142 32 418 466 0.19117792 
693 247 74 75 0.16837764 
754 477 130 124 0.12632853 
576 525 250 305 0.101645105 
57 661 82 104 0.09596846 
353 1051 56 66 0.07854452 
39 695 57 81 0.07539553 
146 213 188 237 0.0723367 
581 192 67 88 0.06929283 
141 699 34 37 0.06262604 
122 716 49 60 0.061756864 
98 679 57 65 0.047171943 
786 490 75 85 0.044687018 
171 683 16 22 0.042468123 
466 334 90 116 0.041045338 
409 190 27 29 0.03921496 
84 659 217 298 0.038659338 
576 135 148 223 0.038293786 
150 685 32 38 0.035686713 
86 701 55 71 0.03372374 
621 351 360 445 0.032783605 
153 683 342 501 0.029419618 
638 633 153 159 0.029204695 
441 938 39 48 0.028837075 
678 1080 254 248 0.028690225 
159 677 27 33 0.024537332 
601 245 34 46 0.023596074 
85 671 38 49 0.023408115 
554 742 26 35 0.02264256 
26 584 361 449 0.02011923 
