33_Running_Running_33_747
33
440 394 36 59 0.4837992 
613 423 45 57 0.32327583 
765 182 10 14 0.28538096 
305 426 28 35 0.22687772 
561 301 9 12 0.09972914 
597 305 15 19 0.0772894 
611 398 13 16 0.06980957 
333 406 33 37 0.069751784 
419 403 51 64 0.06249517 
788 191 11 14 0.0532848 
768 263 10 12 0.04289091 
786 195 13 17 0.04159436 
606 402 23 30 0.03518309 
611 413 32 44 0.031757224 
623 456 30 39 0.029136818 
765 311 9 11 0.029099053 
389 41 422 448 0.027633347 
824 237 8 10 0.024916388 
220 93 11 14 0.024741245 
888 203 28 31 0.024672776 
688 459 42 54 0.024476215 
333 410 16 21 0.02384001 
317 412 40 48 0.023794139 
564 295 10 13 0.02372958 
553 279 10 13 0.023708293 
4 605 12 17 0.022922305 
736 281 9 11 0.022193352 
793 256 8 10 0.021678383 
293 428 28 42 0.020966314 
782 208 12 15 0.020827962 
823 233 7 10 0.020727502 
618 304 15 19 0.020371305 
799 292 10 12 0.02005766 
