33_Running_Running_33_771
23
418 339 109 135 0.9999248 
330 136 99 134 0.9998801 
122 395 43 62 0.30251837 
14 544 79 123 0.21222882 
27 15 202 273 0.15916725 
338 804 428 560 0.14264263 
393 855 157 156 0.11156677 
130 521 88 118 0.09564169 
364 861 236 283 0.083801486 
854 171 165 260 0.06154558 
355 864 58 82 0.05530365 
-44 -104 361 435 0.04770092 
101 372 55 78 0.043069944 
24 943 56 73 0.03155215 
133 595 47 61 0.030472212 
163 342 29 35 0.03042943 
699 -2 108 114 0.029699497 
181 717 59 86 0.027548406 
151 588 29 37 0.025552792 
-4 471 162 251 0.023734156 
63 343 94 126 0.022843845 
983 477 40 71 0.021000309 
130 368 53 74 0.020203806 
