43_Row_Boat_Canoe_43_325
138
991 363 14 20 0.9574551 
187 384 16 20 0.93504745 
692 395 18 23 0.9345587 
798 417 14 20 0.8635611 
918 420 15 21 0.77268654 
322 403 13 19 0.7713367 
421 352 10 12 0.47560823 
226 349 10 13 0.44111422 
546 360 8 10 0.42016742 
468 349 9 11 0.37665266 
314 358 10 12 0.3759388 
687 360 9 12 0.26598224 
386 375 16 23 0.23452647 
600 403 12 14 0.2129223 
575 408 11 13 0.19924557 
146 380 14 21 0.15802799 
788 369 9 11 0.14642721 
675 370 14 17 0.14442009 
658 352 8 11 0.14148413 
925 416 12 16 0.13189052 
494 379 14 19 0.12696962 
809 419 12 15 0.12201007 
376 327 10 13 0.11356986 
207 383 10 14 0.10794968 
595 352 8 11 0.10794377 
798 407 13 17 0.10588685 
580 396 10 12 0.10485557 
803 405 15 17 0.09566113 
438 406 8 10 0.09299875 
576 499 16 19 0.092043586 
203 411 17 20 0.091999516 
331 390 12 15 0.08999727 
176 298 198 249 0.080534115 
600 409 14 17 0.07994004 
157 330 11 14 0.077518575 
671 366 11 15 0.07623258 
612 391 11 14 0.067947924 
678 377 12 16 0.06449844 
577 390 9 13 0.0615152 
593 356 9 11 0.05752318 
929 420 12 16 0.0565422 
129 359 9 11 0.053857308 
384 384 12 18 0.053694442 
465 354 10 13 0.053043198 
343 404 10 13 0.053005353 
698 425 15 20 0.052825138 
447 389 10 14 0.051331434 
806 399 12 15 0.050971564 
684 379 12 15 0.050753996 
200 417 13 18 0.050236017 
133 365 12 17 0.046650074 
604 399 10 13 0.046629943 
566 397 9 13 0.046133872 
438 373 10 14 0.0442687 
183 374 11 17 0.04335696 
914 419 13 17 0.042808224 
660 355 10 13 0.042069394 
187 376 15 18 0.041590095 
313 353 9 12 0.040980622 
456 409 10 12 0.040412918 
500 374 13 19 0.039323043 
327 402 15 18 0.039072715 
429 367 9 12 0.03802687 
401 402 17 19 0.037994582 
264 385 23 28 0.037812024 
276 388 13 15 0.037793558 
558 426 15 18 0.03725285 
837 446 10 13 0.03639855 
423 345 11 13 0.036215816 
612 402 14 17 0.035170127 
912 415 10 12 0.035102904 
364 461 16 22 0.033674557 
809 431 23 26 0.032999955 
164 332 11 13 0.032006484 
501 367 10 12 0.031912968 
619 492 23 28 0.031418163 
599 417 14 16 0.03135533 
891 451 16 19 0.030699171 
424 363 10 13 0.03069074 
440 381 11 16 0.030142318 
569 405 9 12 0.029489042 
620 403 12 14 0.029330775 
811 403 12 15 0.029004907 
529 464 27 34 0.028954677 
302 496 33 34 0.028873982 
605 390 23 26 0.028168412 
1000 349 11 14 0.0280746 
195 383 20 24 0.028071731 
672 379 11 15 0.0280628 
704 395 14 18 0.027873596 
768 437 10 12 0.027821472 
566 390 10 14 0.027664337 
606 380 9 13 0.027403913 
412 400 15 18 0.027375383 
683 368 14 19 0.02669507 
139 371 15 20 0.02665287 
248 388 10 15 0.026332384 
246 374 13 18 0.026146585 
438 399 10 13 0.02571985 
665 363 10 14 0.025619054 
905 383 8 10 0.02561739 
432 371 10 14 0.025219217 
693 228 15 19 0.025084704 
1001 453 16 20 0.024846189 
407 389 11 14 0.024772251 
309 409 14 17 0.024257582 
222 337 19 25 0.023780316 
446 407 9 12 0.023584379 
445 383 11 15 0.023384536 
127 382 13 16 0.023334682 
175 374 12 15 0.023325548 
772 381 10 13 0.023217246 
691 359 10 12 0.0231241 
161 466 28 35 0.023070728 
308 393 23 28 0.023065776 
323 387 21 26 0.02250641 
671 386 11 14 0.022474693 
221 324 23 27 0.022448365 
426 356 12 13 0.02219741 
655 489 15 20 0.022025105 
592 362 9 11 0.022024034 
694 380 12 16 0.021992711 
562 418 27 29 0.021954581 
560 406 9 11 0.021750772 
554 178 150 108 0.021656008 
253 375 14 19 0.02160656 
165 338 12 14 0.021577397 
118 462 32 37 0.021569362 
604 374 11 15 0.021507304 
691 372 12 16 0.021011408 
599 399 19 23 0.020904817 
489 378 13 17 0.020744374 
679 373 21 26 0.020696089 
565 494 24 27 0.020671168 
131 374 21 27 0.020328203 
412 389 11 16 0.020252317 
668 358 12 14 0.02011807 
405 395 13 17 0.020087486 
