43_Row_Boat_Canoe_43_429
44
344 315 20 28 0.96526253 
405 297 16 19 0.1766848 
440 298 11 14 0.13046113 
469 278 11 12 0.07318021 
654 385 11 15 0.069644146 
614 370 10 12 0.06491616 
429 309 12 16 0.063610904 
661 371 9 12 0.06255266 
397 297 16 19 0.062174123 
423 308 13 16 0.059075676 
653 276 9 11 0.052400056 
657 373 9 11 0.04206217 
1 749 10 14 0.0378369 
614 359 10 12 0.037056033 
63 558 8 10 0.035330117 
383 303 10 12 0.035085287 
413 304 13 16 0.034814313 
608 373 9 11 0.03296609 
391 301 12 15 0.0324597 
621 373 10 11 0.029784998 
605 382 10 11 0.02970288 
599 376 7 9 0.027234934 
546 359 8 10 0.02714993 
609 367 11 13 0.027097322 
547 277 27 32 0.026939295 
485 283 12 14 0.026529022 
399 212 411 482 0.025547154 
464 284 10 12 0.025538001 
549 365 7 10 0.025037147 
663 269 9 11 0.024961205 
260 307 12 13 0.023482285 
574 267 11 13 0.023425473 
580 268 10 12 0.02338824 
444 294 11 16 0.023321921 
648 273 9 12 0.023104532 
478 283 13 16 0.022440992 
318 306 11 12 0.022409996 
672 264 8 10 0.022191998 
430 301 14 17 0.02111088 
72 566 9 10 0.020836385 
137 590 8 10 0.020713462 
455 307 11 14 0.020587854 
880 309 9 11 0.020302216 
97 117 475 489 0.020179138 
