43_Row_Boat_Canoe_43_93
45
630 252 21 26 0.97922975 
933 437 8 11 0.21128307 
358 25 9 11 0.1255302 
916 438 10 14 0.076752774 
645 352 17 21 0.07595623 
239 30 9 11 0.05091797 
832 30 8 10 0.04669869 
452 77 11 13 0.042987656 
267 63 11 12 0.03847038 
119 32 9 11 0.037681714 
877 479 10 13 0.037126068 
354 29 10 13 0.03684301 
636 346 30 34 0.034713328 
696 323 9 11 0.034534182 
643 290 24 29 0.032410968 
825 30 8 10 0.031193623 
130 23 11 12 0.03045737 
246 138 16 18 0.029258559 
417 29 8 10 0.02910841 
416 23 7 9 0.028297221 
133 28 9 11 0.027795326 
689 449 17 19 0.027424715 
128 29 10 12 0.027136968 
105 31 9 11 0.026171887 
363 38 13 15 0.025991967 
896 438 8 12 0.025639877 
465 348 17 20 0.02554589 
414 53 9 11 0.024871975 
348 37 10 14 0.02403688 
336 425 11 15 0.02395831 
832 56 8 11 0.023126114 
840 57 8 10 0.02300032 
838 472 8 11 0.022566713 
790 71 8 11 0.022154117 
238 35 10 12 0.021980746 
801 72 9 10 0.02195242 
110 30 10 11 0.021929529 
873 41 8 10 0.021525223 
449 1 9 9 0.021473214 
878 39 7 10 0.02140823 
808 22 8 10 0.021206431 
889 39 7 9 0.021103503 
808 61 8 10 0.021078637 
165 31 8 10 0.021033723 
815 39 8 8 0.02059243 
