43_Row_Boat_Rowboat_43_907
27
407 146 22 29 0.9861704 
497 147 23 27 0.954889 
800 156 23 28 0.9537098 
195 161 20 22 0.8780029 
814 184 25 33 0.40569532 
459 37 139 155 0.28350672 
366 137 35 42 0.21579495 
663 63 423 469 0.07540108 
366 119 37 42 0.07050058 
454 100 30 36 0.06733164 
512 115 31 34 0.06568892 
938 197 12 15 0.06514479 
493 180 13 16 0.06086333 
385 136 40 46 0.04415486 
811 152 24 30 0.038061585 
110 -10 57 63 0.033795655 
608 85 36 53 0.032095477 
627 80 49 62 0.03047771 
208 305 12 15 0.029379752 
797 164 39 49 0.025817925 
503 131 30 35 0.02531268 
690 99 55 73 0.023926554 
800 186 28 36 0.023784488 
825 186 27 36 0.023336397 
74 19 417 477 0.022814572 
7 320 12 17 0.022174502 
644 85 58 66 0.0200093 
