43_Row_Boat_Canoe_43_726
18
191 344 19 22 0.939175 
485 326 27 42 0.84424585 
279 302 32 35 0.68577176 
497 324 27 41 0.07243617 
173 383 26 33 0.063935734 
122 242 32 39 0.051639695 
273 287 34 39 0.051620156 
294 304 21 25 0.03283117 
272 272 24 30 0.03221534 
495 396 49 60 0.03156593 
183 386 30 36 0.028657753 
805 563 39 42 0.02772907 
177 427 13 17 0.027007239 
514 327 29 34 0.02656133 
534 447 95 113 0.026526252 
506 335 16 23 0.02527797 
526 321 26 35 0.022651918 
251 294 13 18 0.021425912 
