43_Row_Boat_Canoe_43_81
59
280 121 36 45 0.9853098 
-16 247 566 453 0.8196959 
445 145 16 21 0.17135346 
383 207 458 533 0.12862547 
407 159 25 29 0.08532219 
692 220 16 20 0.07174335 
627 196 12 15 0.07142534 
618 191 23 28 0.059605677 
461 140 13 18 0.058346882 
692 213 13 15 0.05070914 
677 207 11 14 0.04903731 
707 221 13 15 0.0469549 
549 205 12 15 0.038486056 
728 200 8 10 0.037549604 
588 226 13 18 0.037132148 
-20 1 362 429 0.036910977 
395 142 41 46 0.035189953 
450 140 21 27 0.034431633 
550 199 11 13 0.033024237 
439 145 15 20 0.032645546 
656 189 10 12 0.032139502 
661 228 16 19 0.029603383 
646 198 10 12 0.029441355 
390 149 25 34 0.02887259 
583 188 13 19 0.028688861 
527 155 12 14 0.0284359 
662 197 10 12 0.028115243 
535 175 8 10 0.027719917 
622 202 14 17 0.027560618 
700 223 15 19 0.027528994 
410 154 18 21 0.027433695 
656 198 10 12 0.0261719 
662 190 10 12 0.02591009 
559 180 9 12 0.025862621 
673 205 11 13 0.025591059 
532 213 12 15 0.025443701 
868 270 27 30 0.02491482 
693 208 11 13 0.024762249 
560 176 9 11 0.023854723 
675 229 14 16 0.023768142 
581 187 22 33 0.023676319 
518 184 10 13 0.023605218 
630 181 11 14 0.02346663 
687 223 14 18 0.022893578 
467 140 12 16 0.022744017 
535 167 8 9 0.022738187 
475 186 15 17 0.022379939 
610 199 28 31 0.022227116 
622 210 12 14 0.022099037 
580 217 23 32 0.021849621 
564 181 11 12 0.021772863 
229 98 401 502 0.021469269 
407 146 14 19 0.02126531 
628 211 11 14 0.020971198 
669 197 10 13 0.020911423 
669 191 9 10 0.020691054 
567 175 9 11 0.020389728 
670 173 10 11 0.020153698 
570 194 42 53 0.020115042 
