43_Row_Boat_Rowboat_43_758
18
514 298 34 42 0.9947784 
362 197 15 17 0.68785566 
361 198 26 24 0.05456558 
356 188 53 47 0.037439346 
369 188 17 20 0.034249756 
772 390 12 15 0.032679684 
386 225 36 40 0.029404223 
377 195 18 19 0.028566923 
402 251 16 19 0.025297385 
371 217 37 33 0.02397926 
354 226 37 36 0.023465205 
419 209 13 17 0.02255528 
414 205 14 17 0.021208031 
383 209 35 33 0.021189647 
322 308 126 159 0.021058533 
624 70 9 13 0.020618673 
371 183 13 14 0.020264713 
573 226 475 481 0.020054625 
