43_Row_Boat_Rowboat_43_563
19
615 106 49 56 0.96762484 
202 396 60 77 0.12270987 
0 439 8 11 0.09191878 
85 398 9 11 0.034317847 
109 390 9 12 0.034241464 
152 416 8 11 0.03354089 
9 430 7 10 0.031440873 
46 388 9 11 0.030346636 
6 399 8 12 0.02837071 
974 546 35 40 0.027576229 
82 399 8 10 0.027406013 
40 383 10 12 0.027099874 
87 376 8 11 0.026602749 
211 386 94 102 0.02256572 
13 387 10 12 0.0220618 
58 398 9 11 0.02084999 
14 380 11 15 0.02060651 
899 569 23 32 0.020464508 
32 382 9 11 0.020168597 
