43_Row_Boat_Rowboat_43_301
21
720 258 28 36 0.98332787 
289 278 34 43 0.630684 
505 259 24 31 0.22993505 
516 294 31 32 0.111793414 
414 147 23 27 0.055120084 
522 304 18 20 0.04765173 
513 261 15 19 0.040112138 
302 268 27 37 0.0365018 
313 276 16 20 0.032086458 
710 302 21 26 0.029735478 
464 320 8 10 0.027222032 
503 257 42 52 0.026795967 
525 294 15 18 0.025226543 
540 280 14 19 0.023062691 
527 275 26 32 0.021496208 
540 289 13 17 0.021078696 
2 2 17 18 0.02097403 
67 43 15 18 0.020854391 
524 250 12 15 0.02085297 
384 179 29 36 0.020821005 
517 252 13 15 0.020639192 
