43_Row_Boat_Canoe_43_757
33
517 198 47 59 0.99603784 
482 35 16 20 0.4744908 
617 56 18 20 0.3947089 
994 233 27 49 0.22463922 
462 35 15 19 0.128325 
513 51 17 22 0.11570582 
531 78 15 20 0.11569089 
557 139 13 15 0.09760312 
736 417 12 16 0.066125005 
486 145 20 29 0.054418907 
455 172 28 36 0.05273686 
453 3 23 25 0.052354682 
348 144 17 20 0.0494579 
539 7 14 20 0.044306323 
552 41 13 17 0.0431679 
511 46 13 17 0.040479194 
196 312 14 19 0.04000219 
359 75 15 19 0.035655867 
976 294 41 55 0.033512693 
931 345 44 52 0.029919865 
498 84 17 20 0.02803682 
465 34 22 24 0.027001685 
406 91 15 20 0.026566347 
386 26 16 19 0.02622889 
1005 214 20 34 0.02593592 
435 426 49 57 0.024715818 
487 112 26 33 0.023585387 
443 177 37 49 0.022283452 
378 34 25 31 0.02211235 
386 298 31 29 0.021822937 
482 44 17 20 0.021621238 
427 17 23 28 0.021070026 
492 88 18 21 0.020070551 
