43_Row_Boat_Canoe_43_784
69
401 425 19 24 0.97959316 
208 469 24 27 0.9718142 
222 431 25 29 0.94518566 
351 458 26 31 0.93181604 
658 443 19 22 0.55254245 
140 495 16 18 0.27365938 
434 474 13 17 0.24260595 
248 500 18 21 0.19487377 
593 127 456 552 0.11220532 
653 470 11 14 0.11214905 
19 565 38 39 0.1032809 
337 360 19 22 0.0915605 
666 434 18 22 0.080220036 
390 473 13 18 0.07827321 
216 475 22 29 0.06964611 
405 461 16 18 0.0680436 
-4 560 34 43 0.06141724 
389 459 11 15 0.053167187 
186 461 14 17 0.052112643 
429 480 17 20 0.050274845 
600 417 11 14 0.047075797 
318 281 10 11 0.04682211 
183 466 14 19 0.046455804 
637 469 13 15 0.045732148 
238 504 24 29 0.04545441 
353 288 14 19 0.04532527 
646 471 12 15 0.043039862 
146 503 16 20 0.040397458 
180 508 15 20 0.03974036 
404 447 15 18 0.039408054 
152 517 29 42 0.035675846 
186 472 16 21 0.033724774 
370 464 16 22 0.031762987 
673 430 17 20 0.030933063 
31 528 39 48 0.02898683 
381 459 13 17 0.028951766 
152 503 24 31 0.028883949 
158 493 13 18 0.028832093 
674 447 15 21 0.028068583 
620 421 13 16 0.027848423 
167 506 27 33 0.027659297 
381 473 14 20 0.026861029 
7 549 36 43 0.026004743 
312 285 10 11 0.025526982 
459 159 28 32 0.025433477 
427 489 15 18 0.024969012 
420 421 12 16 0.024230488 
258 493 12 17 0.024132034 
67 272 16 20 0.024092235 
677 457 13 17 0.023970991 
427 500 13 18 0.023688557 
157 484 12 15 0.023582183 
1 533 10 15 0.023345932 
543 349 228 249 0.023222733 
633 468 12 13 0.022769101 
355 362 17 20 0.022095561 
421 483 17 19 0.022063695 
409 450 15 18 0.02200808 
149 485 12 15 0.021833343 
149 512 14 19 0.021792121 
639 485 10 12 0.021758826 
663 477 11 12 0.021716513 
668 470 11 12 0.021278225 
30 552 34 40 0.021254241 
1 575 22 39 0.020867607 
433 426 13 18 0.020763367 
-90 288 449 486 0.020243688 
357 470 26 30 0.020088779 
0 538 11 20 0.020034926 
