43_Row_Boat_Canoe_43_276
25
509 213 25 32 0.9987993 
4 266 17 22 0.10361755 
37 271 16 19 0.0899068 
994 90 11 14 0.08212834 
888 85 10 13 0.07088297 
854 120 10 13 0.062490445 
811 102 11 12 0.048602566 
945 91 12 14 0.03467014 
93 264 14 16 0.029911282 
1 139 17 22 0.028854933 
960 89 11 14 0.027937135 
5 213 11 13 0.026518222 
302 134 127 146 0.025929954 
892 78 10 14 0.025903165 
861 82 10 12 0.025538025 
846 135 8 10 0.024727602 
856 83 10 12 0.023827497 
167 102 485 432 0.023651332 
977 87 9 12 0.02354556 
906 102 8 10 0.023051355 
905 95 9 11 0.022280501 
36 187 16 20 0.022268288 
838 111 8 10 0.021982273 
885 77 21 27 0.020355226 
948 86 12 15 0.020329999 
