43_Row_Boat_Canoe_43_1048
239
437 281 53 66 0.99949586 
762 227 54 71 0.99939954 
665 268 54 68 0.99938715 
334 240 54 73 0.9993315 
209 217 58 72 0.99917275 
566 248 54 78 0.9991586 
1009 400 8 10 0.18627648 
57 401 7 9 0.14327976 
992 396 8 10 0.111289404 
868 214 17 20 0.106196396 
1012 366 8 11 0.10128464 
88 367 7 9 0.097864516 
141 365 9 10 0.09645004 
927 397 7 10 0.09604395 
65 448 8 10 0.09025825 
926 375 8 11 0.08926933 
949 368 8 10 0.088913724 
926 174 12 14 0.088183016 
1007 350 10 12 0.084627874 
48 345 7 9 0.08122255 
77 382 8 10 0.08103512 
42 352 8 9 0.07911283 
20 124 12 17 0.077384435 
101 398 8 10 0.07439771 
855 244 24 34 0.07169244 
1 327 6 10 0.07009544 
146 440 7 9 0.06840257 
952 421 10 12 0.06812985 
78 327 7 10 0.067736536 
931 184 14 20 0.06434446 
61 137 14 20 0.06159379 
949 373 8 10 0.059970822 
89 384 7 9 0.058936246 
96 392 8 9 0.057329163 
1009 356 9 12 0.05637703 
977 407 8 10 0.056365304 
1015 389 8 11 0.055654664 
121 409 7 8 0.05560802 
65 391 7 9 0.0546317 
121 367 8 9 0.05449931 
991 364 8 11 0.054146666 
952 464 8 10 0.05327708 
953 416 7 9 0.052821346 
994 429 8 10 0.052758947 
984 447 8 10 0.05240709 
910 147 14 18 0.052121982 
1014 341 9 12 0.051262233 
61 126 15 20 0.05109513 
976 453 7 10 0.05067833 
6 396 10 14 0.04979253 
950 439 8 10 0.049359098 
71 390 8 9 0.04885563 
0 403 9 13 0.04818193 
1 397 10 15 0.0480858 
960 342 9 11 0.047943883 
976 439 7 9 0.04768697 
15 324 9 12 0.047228318 
992 424 8 11 0.047197644 
1001 438 8 11 0.04665423 
144 384 9 11 0.04520176 
149 439 7 9 0.045117285 
967 399 7 9 0.04503452 
105 488 9 11 0.04441108 
66 336 7 10 0.044314228 
985 351 8 10 0.04408226 
105 360 7 7 0.043572728 
983 399 8 9 0.042868838 
998 429 8 11 0.042858504 
0 356 6 10 0.042537455 
13 398 9 10 0.041577432 
73 384 9 10 0.041529678 
174 407 7 10 0.0413961 
985 422 8 10 0.041242175 
14 418 13 17 0.041222412 
317 261 20 35 0.04102882 
1000 343 7 9 0.040838037 
39 408 8 11 0.040734388 
999 414 8 9 0.040608253 
63 360 7 9 0.040377855 
136 376 8 9 0.04021434 
141 360 9 10 0.03889339 
978 448 7 9 0.038793057 
1014 439 8 11 0.03873742 
977 391 7 10 0.038429268 
18 127 21 30 0.0383824 
990 359 10 11 0.038319163 
959 440 6 8 0.03829125 
977 400 7 9 0.03811667 
967 447 8 9 0.038043465 
120 359 8 9 0.03795522 
985 358 9 11 0.03745186 
47 348 8 11 0.0374323 
183 468 7 10 0.037368193 
945 353 8 10 0.037114624 
900 165 10 14 0.037071943 
22 319 8 11 0.037037656 
59 115 16 24 0.036312956 
7 454 9 11 0.03589777 
958 423 8 10 0.03588594 
168 445 10 13 0.035626132 
989 448 8 10 0.035312634 
975 341 8 10 0.03497397 
86 408 8 10 0.034388635 
58 360 7 9 0.034005087 
126 408 7 9 0.033971224 
121 381 7 10 0.033897784 
53 345 7 10 0.03326161 
870 216 24 31 0.033218693 
998 424 9 11 0.03303248 
97 440 7 10 0.032881733 
136 383 9 10 0.032626748 
62 398 8 11 0.03258348 
80 400 6 7 0.032418236 
994 406 8 11 0.032285213 
129 432 8 9 0.03182603 
120 375 8 10 0.031589035 
999 408 8 10 0.031522937 
31 360 7 9 0.031324197 
989 351 9 10 0.031087916 
809 231 24 41 0.03107754 
27 136 16 21 0.030912228 
921 367 7 9 0.030858763 
17 319 9 12 0.030838868 
966 423 8 10 0.030834448 
79 377 7 8 0.03081945 
866 248 17 24 0.030660221 
967 376 8 10 0.03059499 
921 374 9 11 0.030489152 
41 356 8 10 0.030417336 
32 321 7 8 0.030264255 
8 368 7 10 0.030215243 
169 452 8 10 0.030211547 
152 525 10 10 0.030152138 
53 125 25 32 0.030141251 
70 448 7 10 0.03006771 
1013 404 8 11 0.030048052 
78 352 7 9 0.0299509 
78 343 7 9 0.02981872 
940 194 12 17 0.029710267 
960 428 8 11 0.029431015 
138 457 6 8 0.029041156 
74 376 7 9 0.028890552 
177 468 8 10 0.028694928 
103 376 7 10 0.028591845 
318 259 14 18 0.028333839 
984 375 9 10 0.02830997 
16 351 7 9 0.02819644 
73 461 8 10 0.028140647 
144 457 7 9 0.028063055 
968 441 8 9 0.02799758 
14 405 9 11 0.02786941 
975 359 7 10 0.027779024 
876 209 13 17 0.02769799 
7 445 8 11 0.027554499 
54 455 9 11 0.027456883 
1014 336 8 11 0.027415039 
966 455 8 10 0.027315117 
1014 383 8 12 0.027289031 
960 384 7 9 0.02698743 
922 183 22 32 0.026899433 
103 407 7 9 0.026775867 
967 405 7 10 0.0267161 
67 122 13 19 0.02648376 
934 366 8 10 0.026460223 
89 426 9 10 0.026324036 
967 364 9 11 0.02618494 
1015 420 8 12 0.02617969 
90 390 8 9 0.026093129 
1002 381 8 10 0.025948208 
54 325 8 11 0.025721598 
1007 441 9 10 0.0254816 
976 352 7 9 0.025471 
933 415 9 11 0.02539946 
47 319 7 10 0.024990706 
1015 414 8 12 0.024963096 
136 423 8 11 0.024798542 
953 408 7 9 0.024696805 
884 216 14 20 0.02467233 
88 373 8 9 0.024506224 
982 407 7 9 0.024470923 
837 234 34 47 0.024432145 
78 424 8 10 0.024388747 
87 439 9 11 0.024380758 
998 365 8 11 0.024101771 
78 332 8 11 0.024041215 
24 439 9 11 0.023981068 
49 374 7 9 0.023837075 
992 414 8 10 0.023831755 
1007 382 9 11 0.023790635 
917 406 8 11 0.023737505 
921 171 22 30 0.023563681 
910 381 9 12 0.023502752 
157 374 11 14 0.023444429 
73 320 8 9 0.023442138 
959 406 8 10 0.023428021 
945 463 8 10 0.02325977 
144 461 6 9 0.023184767 
40 369 7 8 0.023167977 
49 422 8 10 0.022935167 
999 456 8 11 0.022896016 
94 425 8 10 0.022839598 
1000 336 7 10 0.02281607 
72 455 8 10 0.022712024 
142 374 9 10 0.022608997 
961 447 7 8 0.022590274 
81 358 8 10 0.022572694 
142 351 9 10 0.022527602 
984 464 8 9 0.022422578 
919 170 13 16 0.022406986 
10 343 7 10 0.022242289 
111 390 8 10 0.022176761 
40 374 8 9 0.022163225 
916 165 12 16 0.021974817 
716 280 16 24 0.02190783 
913 407 9 12 0.021854538 
935 358 8 10 0.021805832 
162 445 8 11 0.021765726 
983 390 8 11 0.021728855 
983 415 8 9 0.021520548 
957 480 8 10 0.021507172 
983 440 7 10 0.021470565 
986 365 9 11 0.021377636 
1015 431 8 11 0.021355007 
64 385 7 9 0.021209743 
48 369 7 8 0.021121437 
106 430 8 9 0.02093836 
75 429 8 11 0.020930631 
30 342 7 10 0.020912891 
990 344 8 9 0.020836921 
102 413 8 10 0.02080564 
102 439 8 11 0.020745136 
112 385 7 8 0.02063333 
31 366 7 9 0.020592274 
1000 375 8 11 0.020549996 
136 350 8 9 0.020343797 
182 455 8 10 0.02016959 
214 345 17 21 0.020093653 
984 344 8 10 0.020031968 
50 399 9 10 0.020007946 
