0_Parade_marchingband_1_881
138
330 157 25 36 0.9573183 
142 258 12 15 0.9351106 
52 236 11 15 0.89916426 
720 180 21 37 0.81953996 
638 160 22 34 0.7454053 
228 215 8 10 0.65649366 
96 240 11 14 0.6275581 
856 193 30 34 0.5441073 
185 213 10 13 0.48275548 
239 264 11 14 0.42415214 
882 194 23 31 0.40100348 
935 269 9 11 0.39255732 
999 259 11 13 0.34172016 
893 200 15 21 0.29494947 
934 222 10 13 0.24727702 
6 215 14 16 0.24489519 
312 163 32 36 0.24260195 
196 302 11 15 0.23521337 
279 205 11 14 0.21106651 
296 186 24 31 0.14962044 
79 216 9 11 0.14820099 
768 228 11 14 0.146132 
568 207 8 10 0.14499907 
797 222 11 14 0.13531692 
962 260 9 12 0.11768554 
734 179 33 49 0.115853116 
537 286 11 11 0.10761535 
985 276 8 10 0.101653345 
225 303 9 12 0.09995855 
299 172 32 37 0.09367055 
234 261 11 13 0.08718138 
877 199 16 24 0.08699588 
798 216 8 10 0.0867525 
180 317 10 12 0.083650485 
198 296 10 13 0.08015828 
226 308 13 18 0.0756443 
749 249 15 19 0.073544346 
974 269 9 13 0.069318734 
941 222 10 13 0.063370615 
454 165 38 43 0.060428225 
976 264 8 10 0.059117407 
557 222 9 12 0.057008564 
848 190 26 32 0.05494343 
797 233 12 15 0.054871026 
952 238 9 10 0.0528097 
225 297 8 11 0.050813165 
953 271 9 10 0.050348096 
22 216 9 12 0.048372515 
193 296 10 12 0.04788122 
295 187 15 18 0.047100108 
563 207 7 10 0.046858843 
224 217 12 13 0.046741825 
957 269 9 11 0.045839507 
90 238 11 14 0.04540676 
222 237 11 14 0.0447511 
981 263 9 10 0.04472642 
398 249 73 70 0.04465148 
182 301 9 12 0.044511877 
917 221 11 15 0.044308305 
964 256 9 11 0.04274475 
969 277 8 11 0.040230304 
117 263 10 12 0.039489385 
951 231 8 11 0.038721465 
283 196 12 16 0.037221655 
58 235 12 15 0.03663699 
746 194 29 38 0.03583146 
137 255 11 15 0.03575988 
982 254 8 10 0.035301864 
1003 255 10 13 0.034363706 
279 198 18 26 0.033813365 
192 301 19 25 0.033680003 
439 171 36 34 0.033140376 
177 295 9 10 0.032997157 
574 206 8 11 0.032784313 
766 210 12 17 0.032660794 
948 222 9 11 0.03263498 
199 312 11 14 0.03165931 
974 275 9 11 0.03130486 
299 179 17 21 0.030560102 
188 208 11 15 0.030551735 
619 156 28 34 0.029947666 
988 272 11 12 0.029875657 
899 207 13 18 0.02983198 
912 220 11 14 0.02948748 
931 270 8 10 0.02936008 
942 287 8 11 0.029243711 
110 303 8 11 0.029076012 
700 181 27 30 0.02846222 
150 319 8 10 0.028398052 
245 296 8 10 0.02836636 
128 254 9 12 0.028240427 
285 190 11 15 0.02755602 
113 269 8 12 0.027417343 
39 229 10 13 0.027308932 
105 304 9 11 0.02716643 
891 189 16 21 0.027053358 
235 262 19 24 0.026918063 
950 255 9 10 0.026363777 
976 238 8 10 0.026054429 
88 204 11 12 0.025484322 
804 235 12 16 0.025339989 
159 205 10 14 0.024984505 
308 174 18 22 0.024937065 
181 310 10 13 0.024867326 
199 289 8 10 0.024657052 
165 212 9 12 0.024580687 
846 193 15 21 0.024383845 
24 250 10 13 0.024197668 
940 271 9 11 0.024053963 
792 218 19 25 0.024045918 
173 206 10 12 0.023782792 
976 245 8 11 0.023510087 
88 231 9 11 0.023137378 
261 271 10 11 0.022898406 
105 287 9 11 0.022803424 
134 277 10 12 0.022675026 
135 268 10 12 0.022510283 
967 246 9 11 0.022425676 
913 301 10 12 0.022323277 
967 238 9 11 0.02225756 
943 216 9 11 0.022180349 
745 246 11 16 0.022157898 
306 182 18 23 0.02199225 
111 277 8 12 0.021827232 
561 214 9 12 0.021680523 
149 325 10 12 0.021660136 
724 241 27 37 0.021599537 
937 288 10 12 0.021286987 
23 229 11 14 0.021244528 
744 259 12 17 0.021184267 
802 226 13 18 0.021046689 
79 189 106 130 0.020839008 
224 209 11 13 0.02076757 
888 253 9 12 0.020604601 
934 216 11 13 0.02054769 
722 172 15 24 0.020088837 
231 254 12 15 0.020084538 
748 266 12 16 0.020006007 
