0_Parade_marchingband_1_20
245
541 358 36 40 0.99907434 
28 405 27 31 0.99617296 
252 371 31 34 0.99431497 
466 354 27 30 0.9539476 
82 392 21 23 0.945621 
731 346 15 19 0.9313956 
628 393 20 24 0.92459315 
386 369 16 18 0.9189193 
447 346 18 21 0.72559863 
679 357 15 17 0.70787764 
587 367 20 24 0.65122783 
335 377 19 22 0.5640981 
492 503 17 22 0.41619095 
232 376 18 21 0.3588257 
708 383 12 14 0.35685334 
129 377 11 15 0.3181354 
549 319 27 33 0.30890933 
853 272 33 43 0.30760494 
302 270 11 13 0.26317823 
455 327 14 19 0.23498829 
419 398 16 18 0.20952341 
699 365 10 13 0.20690155 
375 340 14 16 0.18955588 
775 362 15 16 0.18013127 
662 387 15 17 0.17298508 
614 371 16 19 0.16368352 
618 364 13 16 0.1609794 
202 345 25 34 0.15812817 
776 348 12 15 0.15721796 
450 341 26 32 0.15686172 
621 353 14 17 0.1546319 
723 416 15 19 0.1495043 
439 378 14 19 0.14874206 
213 419 14 18 0.14686194 
492 378 16 19 0.13644378 
370 385 16 20 0.13251206 
627 352 13 17 0.13077177 
804 356 14 17 0.10566403 
241 369 28 33 0.1028194 
437 448 23 30 0.09950312 
598 367 23 28 0.098151155 
285 269 9 12 0.09518363 
384 95 88 111 0.094299175 
781 390 13 16 0.09044522 
367 393 15 18 0.08669106 
280 271 10 11 0.085203186 
799 363 12 15 0.08425202 
332 314 11 14 0.07973007 
683 351 13 15 0.07639823 
602 375 25 30 0.074052826 
378 334 13 14 0.0716222 
666 397 13 16 0.06692613 
677 376 15 19 0.06691803 
813 436 28 35 0.066438906 
856 499 125 158 0.06447683 
363 328 13 14 0.0629456 
701 371 12 14 0.061754864 
448 458 14 20 0.059242107 
669 379 12 17 0.058293622 
716 388 11 15 0.058123946 
694 372 12 14 0.057493947 
46 384 15 18 0.057089504 
463 324 22 29 0.0563931 
801 353 22 29 0.055344146 
694 358 10 13 0.05526562 
759 352 8 11 0.05493872 
86 368 14 18 0.05291825 
742 334 11 14 0.051992908 
773 369 16 18 0.0515852 
628 374 22 28 0.049431182 
995 324 15 19 0.048642877 
91 372 14 17 0.048209272 
668 420 11 14 0.04744843 
540 213 14 20 0.04737547 
448 329 13 17 0.047129504 
661 401 15 18 0.0454422 
314 413 16 20 0.044443786 
279 276 11 14 0.044024568 
429 476 14 16 0.04332646 
740 340 12 16 0.042419918 
796 371 14 19 0.042218495 
620 385 20 26 0.042184435 
732 415 10 14 0.041786615 
553 318 17 20 0.04134337 
87 377 22 28 0.041278087 
599 403 26 29 0.040918317 
231 301 11 13 0.0403449 
436 483 15 18 0.03983957 
406 340 16 18 0.039661005 
686 344 10 13 0.039274704 
469 333 29 35 0.038943566 
734 334 13 16 0.03888677 
696 406 10 13 0.03861713 
429 433 15 17 0.038526624 
307 274 10 13 0.036723107 
286 308 14 18 0.036455657 
155 393 12 16 0.03641123 
229 150 15 18 0.036281146 
550 226 42 56 0.036181077 
260 340 13 17 0.036161624 
490 367 21 24 0.03558229 
390 428 13 17 0.035314485 
767 464 10 13 0.034849197 
979 315 12 15 0.034691613 
366 380 16 20 0.03459472 
733 358 15 18 0.03436188 
726 404 12 15 0.034033395 
882 118 42 52 0.033827916 
838 436 13 18 0.033827092 
270 348 14 17 0.033351902 
662 410 14 17 0.033287674 
335 348 13 17 0.033176046 
853 249 49 76 0.033117242 
280 284 12 16 0.032687586 
683 374 16 18 0.032487024 
420 476 15 18 0.03197057 
263 346 26 31 0.03164814 
421 436 13 17 0.031456824 
405 382 13 17 0.03138756 
327 310 12 16 0.03135598 
734 402 10 13 0.030880298 
792 364 11 14 0.030811278 
223 315 12 17 0.030751817 
684 470 9 12 0.030229038 
228 308 12 16 0.03017306 
448 191 38 53 0.030076576 
795 339 38 47 0.029807264 
799 367 22 31 0.02955614 
702 393 14 16 0.029504143 
718 360 9 12 0.029338686 
347 373 13 17 0.029222833 
396 380 13 15 0.029186737 
429 435 25 29 0.029149245 
703 384 19 22 0.02912237 
655 369 12 18 0.028956767 
702 405 11 13 0.028841333 
718 366 11 13 0.028652253 
345 39 45 69 0.028642481 
297 272 12 15 0.02833754 
812 347 12 16 0.028272368 
715 381 11 15 0.028104221 
707 374 14 17 0.02796023 
230 341 12 15 0.027758446 
789 378 13 17 0.027618514 
298 264 19 23 0.02755777 
654 365 10 15 0.027251717 
775 403 14 18 0.027119568 
710 412 9 12 0.027094884 
660 371 14 18 0.026983237 
631 371 13 17 0.02697988 
544 336 38 48 0.026773052 
730 332 21 27 0.026686262 
381 375 14 19 0.026647856 
482 339 14 17 0.026614036 
365 358 12 15 0.02645515 
428 483 15 17 0.026441298 
257 337 22 28 0.026328484 
641 377 16 20 0.026291212 
694 361 18 22 0.02594316 
791 410 13 17 0.025926543 
656 387 13 18 0.025917172 
338 391 17 20 0.025880523 
735 352 16 18 0.025805198 
293 317 24 27 0.025801817 
777 375 20 24 0.025742225 
708 405 11 13 0.025552286 
769 372 12 17 0.02546174 
424 317 8 12 0.025414445 
357 370 14 19 0.025413448 
683 404 11 14 0.025385967 
448 356 19 23 0.02511364 
441 314 11 14 0.025070073 
676 403 15 16 0.024930809 
559 325 28 36 0.024850896 
717 393 12 16 0.024716424 
747 334 11 14 0.024695633 
377 385 15 20 0.024665859 
462 319 12 16 0.02459066 
260 309 10 14 0.024542885 
726 379 13 17 0.024432419 
97 379 14 18 0.02405108 
361 425 14 19 0.02392108 
684 352 21 25 0.023748059 
690 376 14 17 0.023738464 
483 487 22 33 0.023685679 
808 426 28 32 0.023661146 
475 477 23 29 0.023519164 
373 328 11 14 0.023451975 
366 358 22 27 0.023441844 
811 405 14 17 0.023420878 
450 315 24 33 0.023396235 
695 395 11 14 0.023345789 
147 294 14 19 0.023339095 
691 350 11 14 0.023323324 
286 265 9 11 0.023162857 
422 382 12 14 0.023092695 
623 397 16 22 0.023060165 
328 377 16 19 0.023055485 
335 362 26 32 0.023015767 
591 386 29 33 0.022876311 
615 340 24 31 0.02286801 
818 315 11 13 0.022668155 
608 385 24 30 0.022630576 
632 362 22 30 0.022617275 
273 269 8 11 0.022616642 
281 265 8 11 0.022559563 
801 316 9 12 0.022492006 
482 345 17 21 0.02241825 
396 357 11 14 0.022376405 
701 335 11 12 0.022370152 
206 421 15 20 0.02236906 
392 364 15 18 0.0221492 
411 324 15 17 0.022072453 
412 379 14 17 0.022072228 
727 396 11 15 0.021724995 
108 588 14 17 0.021618811 
670 427 12 16 0.021568608 
397 386 16 19 0.02145617 
654 342 11 14 0.021432424 
780 391 20 25 0.021413332 
322 364 14 18 0.021324497 
716 371 12 15 0.021253511 
428 353 13 18 0.02116846 
610 53 33 41 0.021073265 
803 415 24 28 0.020995362 
274 283 21 28 0.020978069 
242 324 15 18 0.020776438 
790 355 12 16 0.020745602 
263 300 10 14 0.020702312 
264 291 12 17 0.020680958 
388 358 15 17 0.020631993 
487 384 16 20 0.020622535 
846 376 43 61 0.020594344 
54 362 14 16 0.02053598 
684 462 10 14 0.020439396 
749 411 12 16 0.020417707 
661 365 11 16 0.020381063 
405 316 17 18 0.020346832 
654 402 13 17 0.02030809 
580 375 25 32 0.020298207 
631 278 9 12 0.020294163 
340 310 11 14 0.020155601 
473 455 22 31 0.020064935 
680 345 9 12 0.020061618 
725 387 11 17 0.020060293 
