0_Parade_marchingband_1_139
73
695 265 169 99 0.9987262 
392 88 32 47 0.98336756 
857 90 63 73 0.97874147 
305 47 37 40 0.9096747 
459 100 28 39 0.8762472 
360 188 34 41 0.39499795 
30 67 93 120 0.33868137 
234 85 33 41 0.33824283 
728 304 149 96 0.33641344 
689 80 22 27 0.28692392 
707 129 27 33 0.20851204 
799 111 46 58 0.17624614 
778 127 27 34 0.1748577 
736 125 26 31 0.1404311 
44 69 33 43 0.13639227 
47 69 56 78 0.12412366 
835 108 57 75 0.102880955 
464 126 99 123 0.10263081 
317 99 47 57 0.10087203 
676 81 22 31 0.09084101 
712 124 40 48 0.09077901 
785 115 36 41 0.08117445 
781 82 22 28 0.07750071 
318 122 52 63 0.06124181 
396 103 34 51 0.058864985 
128 89 48 63 0.05747628 
666 245 223 204 0.05621965 
744 121 17 21 0.056055818 
259 142 32 44 0.055907242 
748 280 39 32 0.047837015 
778 338 94 76 0.04592137 
698 72 17 26 0.044900265 
406 90 31 43 0.044771593 
507 143 66 87 0.043148365 
782 77 15 19 0.04193445 
342 193 46 51 0.039392382 
225 97 34 37 0.037142906 
775 136 16 21 0.036814723 
464 94 49 63 0.036690947 
306 74 46 58 0.036046047 
800 99 34 40 0.03415395 
777 76 37 47 0.03397468 
273 133 31 42 0.03207617 
289 124 27 41 0.03200173 
490 125 59 80 0.031007148 
70 81 60 79 0.031006431 
643 112 16 20 0.028498232 
244 59 402 449 0.028325561 
805 83 32 37 0.027423175 
249 80 29 36 0.026398456 
746 129 29 38 0.026229702 
497 148 35 44 0.026097436 
170 113 30 36 0.025535107 
116 82 94 115 0.025404453 
293 115 47 61 0.024547927 
248 100 20 25 0.024521742 
259 109 45 58 0.02425547 
15 233 52 92 0.023627317 
-8 16 143 221 0.023620894 
330 89 31 39 0.023060843 
616 103 27 29 0.022866687 
449 29 395 443 0.02285218 
395 93 198 252 0.02231487 
146 98 51 59 0.022159154 
761 156 25 31 0.02196246 
0 55 23 39 0.021636553 
59 84 110 133 0.021573402 
755 138 40 50 0.020972546 
417 83 27 37 0.020896284 
187 90 15 19 0.0207584 
281 106 77 97 0.02057063 
233 92 46 57 0.020302597 
417 158 97 119 0.0201997 
