0_Parade_Parade_0_443
132
370 234 51 69 0.9994056 
688 298 69 90 0.9987925 
522 208 73 87 0.99746585 
302 178 41 55 0.98919547 
215 272 31 50 0.9438124 
790 209 22 35 0.90984815 
213 238 22 28 0.8946047 
812 175 13 16 0.6004041 
64 254 10 14 0.3917879 
403 438 11 14 0.33836785 
38 234 28 40 0.2484033 
129 257 7 10 0.23854442 
129 261 8 11 0.23220174 
166 256 8 11 0.19441722 
151 267 10 12 0.18358125 
451 262 23 31 0.15718117 
726 221 10 13 0.15415068 
112 255 8 10 0.1470052 
162 255 8 10 0.1432941 
79 272 9 11 0.12331649 
87 261 8 10 0.11017834 
182 311 11 14 0.10637436 
110 330 15 18 0.10531568 
455 262 13 20 0.0908459 
36 282 23 35 0.08922549 
70 285 8 10 0.08431989 
67 259 9 12 0.08192533 
118 294 10 12 0.08176997 
448 276 26 37 0.07695971 
86 255 7 10 0.0766382 
47 211 13 16 0.0747153 
104 256 7 9 0.07126566 
136 317 10 13 0.069768704 
696 214 7 9 0.06776837 
142 237 8 9 0.062131204 
118 275 9 11 0.061455123 
992 175 9 11 0.05682554 
464 263 15 19 0.054286215 
845 367 42 49 0.0526199 
741 142 15 21 0.052049853 
51 246 14 21 0.05197685 
177 291 9 13 0.05010663 
7 220 31 38 0.04819057 
145 270 10 10 0.04808953 
687 190 7 10 0.04635803 
103 260 8 11 0.044345412 
794 208 36 50 0.0440035 
743 176 8 10 0.04194583 
671 627 27 39 0.0416364 
139 238 7 10 0.04142308 
137 313 9 11 0.041155264 
686 225 8 10 0.040878344 
159 220 10 11 0.040513445 
178 220 9 10 0.040426087 
82 261 9 11 0.039098594 
1 253 10 16 0.03885243 
811 141 10 13 0.038821016 
158 261 9 12 0.03814075 
127 268 9 11 0.037722666 
152 257 8 9 0.037673842 
748 144 13 17 0.03697898 
134 271 9 10 0.03690105 
173 261 10 11 0.03624116 
213 246 39 53 0.035625327 
181 271 11 13 0.0351978 
37 218 27 39 0.034956247 
86 268 9 12 0.03453012 
30 194 16 21 0.034456585 
134 276 10 13 0.034356285 
119 255 8 11 0.034216102 
71 280 9 11 0.03402824 
181 217 10 11 0.033729088 
146 263 9 11 0.033690233 
416 240 26 40 0.033532437 
59 248 20 26 0.03301297 
988 277 11 14 0.03278035 
862 385 29 38 0.032263882 
26 266 39 57 0.031442497 
208 241 15 20 0.031163683 
158 292 9 12 0.030812465 
734 228 10 13 0.030455787 
203 268 13 18 0.029994078 
176 269 9 11 0.029985672 
156 269 9 10 0.02978683 
94 313 8 10 0.029731896 
688 185 8 10 0.029642325 
133 256 7 10 0.029413102 
27 232 423 473 0.02912559 
185 312 14 18 0.029032549 
34 196 23 27 0.028921176 
1014 212 8 13 0.028845195 
177 236 10 11 0.028615441 
44 197 14 18 0.02781136 
759 183 11 13 0.027455527 
87 337 13 17 0.026890742 
681 228 9 12 0.026884234 
45 217 16 22 0.026412142 
119 288 10 12 0.02611247 
688 207 7 11 0.026110468 
120 260 9 10 0.025287535 
176 313 13 16 0.025117932 
208 231 37 48 0.024991466 
97 255 7 9 0.024861697 
112 247 7 9 0.024859674 
192 258 11 14 0.024798183 
44 252 15 21 0.024776477 
160 238 8 10 0.02379123 
694 208 8 11 0.023301397 
85 302 8 10 0.023134803 
105 327 11 13 0.023119954 
160 248 8 10 0.02277165 
705 166 8 10 0.02261366 
737 192 9 11 0.02228727 
34 205 27 34 0.021947967 
3 231 24 39 0.02183374 
88 287 7 9 0.02175272 
828 420 16 24 0.0217168 
49 234 16 25 0.021657899 
213 230 13 17 0.021529632 
86 248 10 12 0.021385198 
446 261 13 18 0.02120882 
104 317 8 9 0.021148615 
14 238 50 59 0.021018647 
738 175 8 11 0.020822858 
676 258 13 17 0.020802312 
223 239 26 33 0.020768914 
86 278 8 10 0.020651273 
801 173 10 14 0.020532832 
53 333 11 15 0.020446865 
230 321 15 20 0.020150691 
20 202 47 61 0.020080851 
79 248 10 14 0.020009784 
