0_Parade_Parade_0_12
278
324 153 34 41 0.9997365 
728 130 47 65 0.9990551 
394 174 36 44 0.99855584 
832 115 34 43 0.99795556 
641 143 27 31 0.9978903 
484 165 38 53 0.99393255 
251 170 23 29 0.9936859 
1004 133 22 32 0.98573595 
577 178 23 29 0.96956676 
912 149 25 29 0.9652312 
277 191 26 31 0.79087687 
157 203 12 15 0.56444997 
190 210 17 21 0.46583492 
133 197 17 21 0.45824057 
102 263 9 12 0.18992954 
699 383 14 22 0.12762153 
125 286 9 12 0.1266434 
757 18 15 21 0.1251763 
79 263 8 11 0.11713665 
540 203 14 18 0.11008302 
105 215 8 9 0.10822155 
53 200 8 11 0.106803805 
116 199 8 11 0.10665511 
93 222 8 9 0.09882162 
73 231 7 10 0.09876796 
73 262 9 12 0.08996541 
47 240 8 9 0.08611892 
17 223 8 10 0.08317787 
124 277 10 13 0.07954411 
16 216 8 9 0.07927812 
117 205 8 11 0.07781168 
77 224 8 9 0.07777918 
801 121 17 22 0.077749915 
355 466 162 247 0.07740487 
176 222 10 13 0.0766218 
57 223 8 9 0.076578885 
72 209 7 10 0.07309659 
95 199 7 10 0.07284692 
90 215 8 9 0.07258579 
110 214 8 10 0.07016843 
165 278 17 20 0.06998199 
149 199 18 22 0.069092125 
72 214 8 9 0.068657145 
102 296 8 10 0.068135455 
65 238 6 8 0.06775829 
200 300 11 15 0.067554794 
12 124 9 12 0.06664527 
105 230 8 9 0.06656427 
279 134 13 16 0.06650945 
41 204 8 11 0.064469434 
109 223 8 11 0.06412272 
73 238 7 8 0.06337376 
184 212 14 16 0.06203841 
77 229 8 10 0.060246486 
9 230 9 11 0.0594303 
140 286 9 12 0.05909679 
181 219 13 16 0.058873996 
586 298 13 16 0.057976056 
14 229 9 11 0.057830025 
73 256 7 10 0.057540953 
220 286 13 17 0.05693415 
174 202 11 13 0.056428533 
256 323 12 15 0.056300767 
126 292 9 11 0.055096447 
21 222 10 12 0.054870956 
57 231 7 10 0.054820877 
23 183 8 10 0.054243967 
58 271 8 10 0.054199025 
139 189 14 19 0.05349722 
93 217 8 10 0.053484824 
79 240 7 9 0.053454973 
179 228 12 14 0.053367823 
57 278 8 11 0.05247399 
48 256 8 10 0.052246604 
31 217 8 10 0.052133713 
142 247 12 14 0.051561978 
113 205 8 11 0.0510967 
98 268 9 11 0.049317993 
465 337 17 20 0.048490345 
337 374 10 13 0.047982737 
256 348 9 11 0.0476171 
763 14 13 18 0.04758638 
207 266 14 18 0.04657962 
62 215 8 10 0.04545036 
63 232 7 10 0.045183714 
168 289 12 15 0.045058936 
102 301 8 10 0.043809514 
167 238 9 13 0.043795466 
40 199 8 12 0.043525804 
181 201 22 26 0.04307165 
166 222 10 14 0.04264387 
463 549 37 49 0.04257886 
191 183 10 12 0.042327654 
80 209 7 9 0.041705232 
0 198 8 10 0.04152141 
62 280 7 9 0.04029767 
684 331 12 16 0.040125962 
88 208 8 9 0.040029645 
105 239 7 9 0.03981777 
642 122 13 15 0.0397666 
64 256 7 9 0.039456487 
9 223 8 10 0.039035734 
585 282 26 31 0.038740594 
680 325 12 15 0.03869673 
88 245 8 10 0.03869624 
129 173 8 10 0.038646933 
312 330 14 18 0.038634248 
193 332 10 15 0.038626272 
567 344 33 44 0.038338326 
164 210 11 15 0.038051672 
73 317 8 11 0.03777718 
105 199 7 10 0.03754815 
176 238 11 14 0.03725583 
637 103 12 16 0.037155837 
230 348 9 13 0.036835287 
15 192 7 10 0.036676273 
472 243 426 485 0.036543515 
8 192 8 11 0.036449227 
79 257 8 9 0.03615335 
438 309 16 22 0.036105726 
98 301 9 11 0.036084026 
40 256 7 9 0.03605168 
11 215 8 10 0.035789456 
78 215 7 8 0.035679847 
123 269 12 15 0.03565425 
110 309 8 11 0.03537698 
106 207 7 10 0.035005268 
49 245 7 8 0.03460063 
39 222 8 10 0.03456148 
223 356 9 11 0.03428127 
103 287 8 10 0.034223665 
1008 303 10 13 0.034214508 
1 192 8 11 0.034149334 
120 213 8 10 0.03409262 
160 283 12 14 0.03339622 
105 324 9 11 0.033147983 
85 262 9 12 0.03281973 
443 157 12 15 0.032793675 
614 286 11 13 0.03276019 
22 216 8 9 0.032664724 
128 183 10 10 0.03264037 
196 333 14 18 0.0324594 
39 216 8 10 0.03236291 
41 241 7 10 0.03220783 
126 247 8 11 0.03190373 
599 96 16 19 0.031710282 
1 254 7 10 0.031306494 
192 285 11 15 0.030889368 
126 213 10 12 0.03080532 
32 240 8 10 0.030511778 
1 125 9 13 0.030486587 
129 202 13 15 0.030354565 
136 292 9 11 0.030337168 
812 37 10 13 0.030220162 
57 216 9 10 0.03019308 
232 375 8 9 0.03018431 
86 269 8 10 0.03005924 
23 187 8 11 0.030036047 
135 304 8 10 0.029889554 
175 213 10 13 0.029699683 
199 293 12 15 0.029595865 
995 274 12 17 0.02943189 
206 366 8 9 0.029324967 
565 276 12 16 0.02920755 
90 199 8 9 0.029189734 
184 188 9 10 0.02903046 
463 156 10 14 0.028916186 
120 252 9 11 0.028831199 
94 240 8 10 0.028663833 
630 305 14 15 0.028567048 
94 175 8 9 0.02848316 
159 359 9 12 0.028433833 
693 340 12 16 0.028384969 
78 183 8 11 0.02836819 
56 262 7 10 0.028206425 
307 109 16 20 0.028024025 
685 374 28 37 0.027999304 
-15 149 404 493 0.027869578 
228 340 10 14 0.027856393 
135 311 7 9 0.027843144 
566 152 15 20 0.027825227 
701 370 22 37 0.027797502 
746 402 93 112 0.027708689 
148 253 10 13 0.027705796 
616 152 20 25 0.027432015 
149 218 13 16 0.027370492 
86 254 9 11 0.02732704 
0 204 6 11 0.027135588 
6 173 8 11 0.02688966 
10 262 7 10 0.026721852 
133 230 10 12 0.026681054 
80 278 8 11 0.02662918 
140 292 10 13 0.026515393 
191 325 10 14 0.026458165 
124 262 12 14 0.02628256 
166 172 9 12 0.02619163 
24 206 7 10 0.026188519 
97 310 7 10 0.026186667 
88 229 7 9 0.026141085 
121 246 9 12 0.026028283 
63 208 8 9 0.025912328 
1014 282 9 15 0.025898395 
89 174 8 10 0.025885496 
221 263 15 20 0.02579349 
150 209 13 16 0.025745915 
202 360 8 11 0.025683017 
49 232 6 9 0.025650723 
65 188 7 10 0.0254776 
130 310 7 10 0.02544391 
79 188 8 11 0.02541419 
247 349 9 11 0.025356496 
65 286 7 9 0.025240336 
129 303 8 10 0.025233878 
49 204 9 11 0.025150808 
580 292 21 27 0.025051793 
47 222 7 10 0.024983682 
264 357 8 12 0.024756934 
74 247 7 8 0.024753159 
95 230 8 9 0.02466923 
201 214 14 21 0.02465838 
370 196 18 23 0.024613883 
32 256 8 10 0.024487605 
95 205 7 10 0.02425944 
157 203 19 25 0.024258735 
943 195 14 20 0.02422464 
291 178 13 17 0.024193613 
134 184 9 11 0.024130167 
142 302 8 11 0.024062503 
1007 308 9 12 0.023927141 
80 245 8 10 0.02385375 
109 228 8 11 0.023718936 
136 253 12 14 0.023542648 
14 255 8 10 0.023525529 
586 108 14 17 0.023440117 
545 374 25 34 0.023427483 
341 367 12 16 0.02328651 
461 342 15 20 0.023275472 
206 121 11 14 0.023060359 
54 255 7 10 0.02290128 
87 278 9 12 0.022785863 
87 311 7 9 0.022761842 
1014 274 9 16 0.022729054 
79 312 8 11 0.022644097 
135 276 11 15 0.022639787 
743 389 10 13 0.02256258 
140 207 13 16 0.022487257 
1000 320 9 11 0.022385666 
158 237 11 13 0.022363849 
197 325 13 17 0.02234835 
420 498 126 166 0.022341225 
622 318 13 17 0.022244353 
110 304 8 11 0.022220641 
993 326 9 11 0.02164386 
55 247 7 9 0.021596422 
928 335 8 11 0.021470204 
687 338 12 15 0.021414505 
127 189 14 15 0.021384913 
524 452 12 17 0.021353038 
595 290 14 17 0.02134235 
102 257 10 11 0.0210739 
109 324 8 10 0.021058138 
793 13 11 13 0.020874428 
105 243 9 12 0.02067308 
628 315 16 19 0.02064048 
736 439 10 13 0.020591862 
143 239 11 13 0.020551065 
403 301 40 46 0.020526651 
233 368 8 10 0.020450562 
15 209 8 10 0.020447237 
269 199 16 21 0.020286765 
475 175 30 38 0.020270517 
63 246 7 9 0.020249303 
95 255 9 11 0.020244775 
487 351 44 52 0.020223692 
120 302 9 11 0.020188048 
361 173 24 28 0.020184124 
92 246 9 10 0.020155111 
223 161 15 20 0.020149786 
