0_Parade_marchingband_1_765
1077
316 305 16 19 0.9963993 
606 243 13 17 0.9962373 
452 341 17 22 0.9951167 
501 314 16 20 0.9929905 
492 367 18 22 0.9914848 
458 291 13 17 0.99003977 
307 371 19 23 0.9900069 
194 373 17 20 0.98886687 
845 372 17 22 0.9858499 
405 310 15 19 0.9852105 
248 370 18 22 0.9849076 
893 268 13 18 0.9837816 
340 266 13 17 0.9834503 
611 382 17 21 0.9828199 
397 245 12 15 0.98275524 
806 324 15 18 0.9814176 
368 369 18 22 0.9802752 
650 316 15 19 0.97971857 
538 348 16 20 0.97782177 
553 376 18 23 0.9772519 
905 382 18 23 0.97686905 
420 270 14 16 0.97542036 
113 299 17 21 0.97369486 
833 298 14 17 0.97299623 
664 210 12 16 0.9728124 
350 343 16 20 0.9727553 
428 373 17 22 0.97266686 
858 355 13 17 0.97065735 
615 295 13 18 0.9667458 
253 269 12 16 0.96638006 
286 290 13 17 0.96579295 
691 352 15 19 0.96376824 
500 264 13 17 0.963345 
368 291 14 18 0.9615441 
226 319 14 18 0.96103716 
503 233 13 16 0.96082497 
648 267 13 17 0.96036863 
726 381 17 22 0.95946246 
802 253 11 15 0.9591422 
704 230 12 16 0.95762455 
621 348 15 18 0.95555574 
727 313 14 17 0.9530225 
639 234 13 16 0.95128286 
311 248 13 17 0.9508363 
583 314 14 17 0.9441633 
88 323 19 24 0.93888754 
662 377 19 21 0.9377979 
767 353 13 17 0.93663543 
769 293 15 18 0.9336854 
152 381 17 19 0.93177396 
569 235 12 15 0.9186968 
783 382 17 20 0.9137156 
688 296 13 17 0.91266066 
542 297 13 16 0.9061968 
487 190 11 13 0.90320754 
285 234 10 13 0.9027202 
541 209 12 15 0.8981088 
441 233 13 17 0.89686435 
413 214 12 14 0.89596224 
536 253 13 17 0.89009935 
655 189 10 13 0.8900681 
714 272 13 17 0.8853676 
567 201 10 14 0.8838488 
244 185 12 16 0.88340855 
630 200 11 14 0.87991923 
510 169 12 15 0.872075 
464 249 13 16 0.872065 
351 184 12 14 0.8691509 
759 190 8 11 0.86843646 
913 289 14 19 0.8674144 
786 274 13 16 0.86604375 
763 231 11 14 0.86290693 
549 165 9 12 0.8614859 
598 165 9 11 0.8557825 
256 344 16 19 0.8532521 
397 172 12 14 0.8501693 
203 222 12 15 0.8462373 
505 204 10 14 0.84406865 
457 173 11 14 0.84027624 
576 269 12 16 0.8301916 
780 222 10 13 0.8244961 
448 202 11 14 0.82091343 
384 204 10 14 0.81883925 
140 276 13 17 0.81600815 
362 229 12 16 0.8160053 
476 215 11 13 0.8130228 
521 117 19 21 0.8102412 
746 204 9 11 0.80740905 
746 252 11 15 0.7982772 
420 191 9 12 0.79510206 
848 225 11 15 0.7774058 
674 246 12 16 0.7668664 
845 259 14 16 0.76290166 
331 217 11 15 0.76150906 
705 167 9 11 0.7577799 
311 204 9 12 0.7489461 
232 199 13 17 0.74802405 
259 174 11 14 0.73956096 
488 161 11 14 0.734933 
329 173 9 12 0.73274887 
628 177 11 15 0.7250718 
601 188 11 14 0.6995421 
433 161 11 14 0.6783002 
568 172 11 14 0.6687765 
717 154 9 12 0.66168976 
345 151 9 12 0.65880555 
283 149 10 14 0.64908475 
824 181 10 14 0.6233255 
691 199 11 14 0.60497224 
173 258 13 16 0.6018494 
834 205 11 13 0.58592606 
578 132 17 19 0.5851027 
873 248 11 15 0.56536776 
541 186 12 15 0.5644573 
271 160 11 15 0.5581762 
628 150 13 15 0.538609 
658 166 8 10 0.53636473 
681 128 16 18 0.5263232 
606 209 11 15 0.52170885 
464 146 9 12 0.51580954 
589 294 11 15 0.5071826 
725 215 10 13 0.49981213 
624 129 18 20 0.49533242 
309 129 11 14 0.47086394 
733 182 9 12 0.46487537 
528 293 13 16 0.4407593 
681 182 9 12 0.43062156 
679 154 10 13 0.38173714 
237 275 11 14 0.34322163 
187 244 11 14 0.34188998 
738 160 10 12 0.34037167 
688 233 11 14 0.33867443 
482 338 14 18 0.33548692 
596 129 11 15 0.3317588 
438 189 10 13 0.3070941 
712 192 10 12 0.3003705 
367 162 10 13 0.2962445 
349 297 13 16 0.28982642 
492 217 13 16 0.27987894 
135 308 15 19 0.27957156 
409 151 8 11 0.27699766 
463 114 13 15 0.2730214 
639 167 9 11 0.27216414 
464 200 11 14 0.264688 
478 285 13 18 0.26377195 
727 252 11 14 0.2628676 
782 318 12 15 0.2609897 
472 179 9 12 0.2581421 
721 217 11 15 0.25528052 
763 270 14 17 0.2521252 
717 192 9 11 0.24532224 
739 341 13 18 0.2411449 
749 314 15 17 0.23464638 
360 167 10 12 0.22710872 
437 309 14 18 0.22403672 
804 158 10 13 0.22139305 
818 353 13 19 0.22108215 
613 214 11 13 0.2201013 
433 197 11 13 0.21583307 
811 359 13 19 0.21490124 
677 197 10 14 0.21301061 
523 146 13 16 0.21299398 
428 135 11 13 0.21268304 
790 150 9 11 0.20751296 
931 348 11 15 0.20629911 
804 361 16 21 0.20424558 
772 126 11 13 0.20217612 
834 210 12 15 0.2001525 
372 159 10 13 0.19805706 
300 143 9 12 0.19528233 
623 324 13 17 0.18981121 
487 250 13 15 0.18898644 
388 290 14 18 0.18848504 
616 192 11 12 0.18481827 
469 199 11 14 0.18183039 
781 141 9 10 0.18055683 
469 148 12 15 0.1787157 
572 149 12 15 0.17830516 
121 379 12 17 0.17791979 
452 199 11 15 0.17726573 
588 129 14 18 0.1672274 
526 226 11 14 0.16361493 
150 334 12 14 0.16253647 
863 229 10 13 0.15786467 
415 250 12 14 0.15681845 
581 167 11 13 0.15430363 
749 236 11 13 0.15393886 
587 227 12 15 0.15241362 
525 204 11 15 0.15001914 
573 297 13 18 0.14961787 
367 190 9 13 0.14858894 
864 293 11 14 0.14511293 
281 231 10 14 0.14429533 
597 291 13 17 0.14420184 
461 176 11 14 0.14330679 
320 231 12 13 0.14212564 
164 348 14 17 0.14128861 
204 272 12 14 0.14038289 
778 209 8 9 0.13952884 
255 221 10 13 0.13659371 
545 211 13 16 0.13637088 
693 137 13 15 0.13617869 
831 235 10 12 0.13562742 
398 204 10 14 0.1340137 
168 326 11 15 0.13373935 
584 202 12 15 0.13227934 
733 269 12 15 0.13167803 
683 134 18 19 0.13141139 
323 235 11 13 0.13003285 
200 255 10 12 0.12979902 
571 197 11 15 0.12912202 
477 126 12 15 0.12898095 
389 330 15 19 0.12545495 
689 173 11 13 0.12468803 
719 260 12 15 0.12463679 
594 165 9 12 0.12430955 
775 133 10 12 0.12304603 
635 199 11 13 0.1213432 
933 313 17 20 0.12113919 
633 131 15 18 0.12045858 
416 196 10 12 0.120199494 
233 271 9 13 0.11993148 
455 235 10 14 0.11835676 
295 220 10 13 0.1175329 
217 301 9 12 0.11750266 
878 270 10 13 0.11387145 
257 245 9 12 0.113737874 
286 205 8 11 0.11338298 
477 175 11 15 0.11273644 
283 333 12 16 0.11098066 
367 269 12 16 0.11080893 
822 255 10 14 0.10969851 
733 288 16 18 0.10918204 
462 229 12 14 0.10886036 
263 240 8 12 0.108560614 
375 268 12 16 0.10620035 
703 200 8 10 0.10572698 
389 187 11 13 0.10557781 
760 145 9 11 0.1054875 
286 276 11 14 0.10466485 
365 181 9 11 0.104283154 
853 361 15 18 0.10369572 
423 174 10 12 0.103328824 
796 306 13 15 0.1031638 
334 180 10 12 0.10297663 
568 331 13 17 0.10277641 
717 251 13 16 0.10254591 
318 151 10 12 0.102076754 
421 157 10 13 0.102047995 
703 205 9 11 0.10202279 
173 282 12 14 0.10135906 
303 189 9 13 0.10065711 
740 182 10 13 0.09996128 
481 190 10 13 0.099668965 
829 253 11 14 0.099059425 
222 267 10 13 0.09897412 
446 268 12 16 0.098321326 
837 348 15 21 0.09819233 
415 157 11 11 0.096130736 
677 188 11 14 0.09521945 
174 316 12 15 0.09480079 
807 182 9 12 0.094621316 
769 158 10 12 0.09432023 
530 128 17 19 0.09428968 
536 206 13 15 0.09343035 
817 258 11 14 0.09299452 
781 215 9 12 0.092865795 
304 164 8 11 0.092566825 
366 137 11 15 0.09250589 
414 124 13 15 0.09236954 
270 275 11 14 0.09203222 
301 452 13 17 0.09188194 
645 213 11 14 0.091310486 
534 158 10 12 0.09088377 
472 158 10 11 0.090110175 
422 316 13 16 0.08928914 
302 159 9 12 0.08914677 
262 165 12 15 0.08865413 
610 206 13 15 0.08854233 
443 187 12 14 0.08795962 
537 181 11 14 0.08764576 
637 173 11 14 0.08684597 
487 214 11 13 0.08678706 
704 191 9 11 0.08647181 
468 289 13 19 0.08644273 
407 202 11 13 0.086327486 
412 152 11 13 0.08630832 
347 110 13 15 0.08558802 
655 349 13 16 0.08484182 
356 132 14 17 0.08467188 
279 188 9 11 0.084658995 
718 173 10 13 0.08411103 
695 283 13 14 0.08320333 
383 187 11 13 0.083114356 
302 290 13 16 0.082813226 
477 207 11 13 0.08273351 
455 168 10 13 0.08264638 
588 232 12 18 0.082472056 
380 260 15 19 0.08225164 
205 260 10 12 0.081742294 
196 294 10 13 0.08128611 
476 149 13 15 0.081130415 
863 325 11 16 0.080133885 
732 216 10 11 0.079886265 
726 208 9 11 0.079458125 
438 270 11 15 0.07928263 
839 251 14 19 0.077816054 
431 292 12 15 0.07715893 
455 141 10 13 0.076899104 
364 222 12 15 0.076627746 
533 296 13 16 0.075060844 
725 230 9 12 0.07505611 
745 235 10 14 0.07503215 
831 247 10 13 0.07502875 
398 158 9 12 0.074788816 
392 182 10 13 0.07478398 
751 290 12 15 0.07472047 
720 209 8 10 0.074617915 
294 215 9 12 0.074451946 
523 236 12 17 0.074033365 
382 253 13 15 0.07389261 
261 198 9 13 0.073190175 
429 179 11 14 0.07317899 
272 221 9 13 0.07308648 
694 277 12 14 0.07297684 
294 174 8 11 0.07290421 
804 300 13 16 0.07235267 
696 180 11 14 0.07206012 
305 199 9 11 0.071471 
838 247 11 14 0.071341544 
735 199 8 11 0.07106369 
735 187 8 11 0.07045608 
430 299 12 15 0.06939379 
599 207 12 14 0.06887809 
735 175 10 12 0.06887384 
279 274 12 14 0.06885323 
334 167 9 11 0.06883148 
532 226 12 15 0.06879649 
750 299 12 15 0.06819743 
372 329 14 19 0.06816789 
642 130 13 18 0.06789167 
786 148 9 12 0.067560285 
271 245 9 13 0.06742026 
621 215 9 12 0.06724281 
715 324 12 14 0.0672099 
628 286 11 14 0.06701236 
755 285 13 17 0.06630863 
791 154 10 12 0.066177934 
811 317 14 19 0.06560298 
318 183 8 11 0.06538399 
355 126 12 15 0.06531627 
431 214 11 13 0.06524977 
622 266 12 15 0.06488342 
342 168 9 11 0.0648732 
421 182 11 12 0.06475038 
291 230 11 14 0.06424651 
535 174 11 14 0.06402953 
506 209 13 16 0.06355795 
544 159 11 13 0.06320983 
582 295 13 18 0.06291498 
887 300 9 13 0.06289316 
713 214 9 12 0.062567174 
375 190 10 13 0.06256171 
467 109 14 16 0.062393658 
713 331 15 16 0.061882056 
391 168 11 13 0.0617545 
475 104 16 18 0.06133196 
706 336 16 19 0.061280448 
222 245 10 12 0.061244305 
318 188 9 12 0.06118736 
633 233 11 16 0.061133698 
462 120 14 18 0.060911708 
673 151 9 12 0.060869955 
636 156 13 15 0.060762983 
427 453 13 16 0.060710423 
443 273 13 17 0.060620833 
869 277 11 14 0.06061967 
406 283 13 16 0.060480706 
279 199 10 12 0.060440965 
413 118 11 13 0.060428787 
413 206 12 14 0.060236175 
334 362 14 19 0.059662312 
774 330 13 17 0.05947467 
831 377 12 17 0.059102803 
766 288 14 17 0.058723055 
249 222 9 12 0.05867197 
590 200 11 14 0.05852814 
217 245 10 11 0.0581981 
345 183 10 13 0.058123842 
689 168 9 12 0.05810695 
814 310 12 15 0.058029756 
351 311 13 18 0.057263665 
787 315 13 17 0.05711388 
731 246 11 14 0.05705828 
236 341 13 18 0.05699354 
574 167 12 15 0.056848153 
420 151 11 13 0.056705046 
557 290 13 17 0.056569893 
240 230 10 12 0.056474123 
354 296 16 18 0.05633074 
646 206 9 11 0.056269128 
420 218 11 13 0.05589984 
472 163 10 13 0.055665154 
589 259 13 17 0.05558601 
815 207 9 11 0.05543561 
180 316 12 15 0.055400416 
591 361 12 17 0.055345077 
510 356 14 19 0.055314973 
150 349 12 17 0.05521916 
300 221 10 13 0.05465276 
384 167 10 12 0.054432955 
209 347 12 18 0.054273486 
431 191 11 13 0.054264717 
167 318 11 14 0.054232687 
276 223 9 11 0.054115515 
408 356 13 18 0.053952944 
687 269 12 16 0.05394648 
781 252 12 16 0.05392479 
652 253 13 14 0.05386888 
647 181 11 13 0.05384777 
795 460 12 14 0.053489584 
437 215 10 13 0.053257108 
662 263 11 14 0.05302418 
239 222 8 10 0.05298974 
732 374 14 18 0.052895732 
593 255 10 13 0.052784428 
485 124 13 15 0.05270856 
246 238 8 11 0.052657783 
157 347 15 19 0.05264075 
446 164 9 13 0.052554667 
624 197 12 15 0.052543253 
606 291 14 18 0.052495748 
831 276 11 14 0.05228113 
510 301 11 14 0.052238524 
774 237 10 12 0.05202931 
342 213 10 13 0.05196845 
760 224 11 12 0.051586878 
556 284 12 15 0.05143945 
697 348 14 20 0.051350307 
162 466 16 18 0.05131043 
381 291 13 17 0.051116306 
423 137 13 16 0.051112667 
374 249 13 15 0.051046345 
148 445 16 17 0.050948866 
462 221 11 13 0.050915845 
692 267 14 17 0.050876748 
774 269 10 15 0.0507979 
485 235 12 15 0.05079752 
614 171 13 15 0.05076093 
678 215 10 12 0.050753012 
798 222 8 10 0.050700784 
430 173 10 13 0.050598122 
255 251 10 13 0.050478093 
383 173 10 12 0.05044339 
448 138 12 15 0.050427597 
542 173 11 13 0.05000281 
493 300 12 16 0.049962267 
540 194 14 17 0.049822558 
191 269 10 14 0.049705625 
792 237 10 12 0.04905586 
700 318 11 14 0.048999995 
289 214 9 12 0.048659083 
344 298 12 18 0.048579924 
517 315 11 15 0.04853384 
311 183 8 11 0.04846375 
615 328 14 17 0.048453387 
364 474 15 19 0.04838031 
735 204 8 11 0.04819024 
685 245 11 14 0.048176236 
372 218 11 14 0.048150536 
469 121 14 18 0.048139416 
532 150 12 14 0.048121914 
384 234 12 16 0.04800101 
661 172 10 12 0.04798145 
342 205 10 13 0.047878202 
487 228 11 14 0.04743688 
582 178 10 13 0.047423527 
334 198 11 14 0.047398545 
708 223 11 14 0.04732089 
182 322 11 14 0.047273934 
597 226 12 17 0.047250725 
515 251 13 16 0.047018696 
864 276 11 15 0.04697067 
914 381 14 18 0.0469667 
635 390 12 15 0.046864703 
597 357 11 16 0.046853434 
360 160 10 11 0.046491906 
621 230 13 16 0.046439942 
406 178 10 13 0.046421163 
363 172 11 15 0.04611239 
798 214 8 10 0.04610586 
388 199 11 14 0.04609838 
286 200 9 11 0.046063416 
240 236 9 11 0.0459932 
777 227 11 13 0.045945805 
749 200 9 11 0.04560777 
491 193 12 15 0.0454403 
237 282 12 14 0.045415405 
213 389 14 18 0.0453991 
726 270 11 15 0.045321442 
703 213 11 13 0.04527599 
719 236 11 13 0.045171093 
790 300 13 16 0.045170568 
492 183 13 15 0.045117315 
710 171 10 14 0.04510156 
263 302 11 14 0.045071363 
603 183 12 14 0.04502455 
695 230 11 14 0.04491391 
189 249 12 16 0.0449009 
222 287 9 12 0.044800363 
683 156 12 14 0.04475812 
864 286 12 14 0.044573996 
528 155 11 13 0.04457392 
533 164 10 12 0.04435685 
271 238 9 13 0.04434256 
217 295 9 12 0.044104412 
308 286 13 17 0.043998573 
509 477 11 16 0.04396482 
725 258 11 14 0.043806665 
487 464 12 17 0.043789685 
775 193 9 10 0.043780025 
528 165 11 13 0.043741893 
602 363 15 18 0.043680742 
398 477 10 14 0.043599553 
774 165 8 11 0.04344856 
790 307 12 16 0.04333161 
424 235 11 13 0.043241955 
690 302 14 18 0.04313311 
767 150 10 12 0.04309507 
230 247 9 12 0.04309318 
413 261 15 18 0.042962395 
180 310 11 14 0.042867817 
367 453 13 16 0.042852048 
572 242 12 16 0.042783868 
741 188 9 11 0.04260655 
417 186 16 21 0.04226995 
653 229 11 15 0.042236466 
328 198 11 15 0.04217622 
677 229 13 15 0.042175863 
326 155 10 12 0.04217304 
430 247 11 14 0.0420295 
769 358 15 19 0.04200499 
765 191 8 11 0.041891735 
533 196 13 16 0.041681904 
289 220 11 14 0.041665506 
679 176 11 13 0.041513536 
450 266 14 16 0.0414075 
662 183 10 12 0.041114304 
259 273 12 17 0.04092648 
565 292 14 20 0.040771294 
546 185 14 17 0.040660374 
309 165 9 11 0.040309113 
712 250 12 15 0.040046312 
490 121 15 17 0.040019505 
739 284 14 18 0.03988493 
368 214 11 14 0.039838795 
-27 268 421 420 0.039732993 
215 287 10 11 0.039704714 
431 202 12 14 0.039566305 
245 229 9 11 0.03951506 
575 191 10 13 0.039504986 
211 352 15 18 0.039466374 
630 388 12 16 0.039462976 
315 198 11 14 0.039295025 
420 119 11 11 0.039256472 
575 125 16 18 0.039190106 
777 175 8 11 0.039185897 
595 159 17 23 0.039125867 
207 340 12 15 0.03910007 
783 175 8 10 0.03907187 
309 138 11 14 0.038998384 
629 250 12 15 0.038688373 
821 485 16 15 0.038665842 
300 330 15 18 0.03862227 
239 245 9 12 0.03860993 
192 260 10 13 0.038474414 
818 316 13 17 0.038291197 
479 244 10 14 0.03817499 
519 222 11 14 0.038111895 
716 244 13 17 0.037994638 
272 229 9 12 0.03791571 
337 188 10 13 0.037784103 
428 313 14 19 0.03768371 
548 218 13 15 0.03763449 
256 168 18 23 0.03754314 
408 116 10 11 0.03749011 
417 165 10 12 0.037478033 
320 350 10 14 0.03742315 
273 205 9 11 0.037418973 
287 353 13 16 0.03739698 
180 251 12 17 0.037374485 
734 154 19 23 0.037297215 
276 156 11 15 0.037286866 
822 224 9 11 0.0372829 
669 173 12 14 0.037251472 
676 236 12 15 0.037163477 
271 251 12 15 0.037116073 
813 234 12 15 0.037074964 
423 298 12 17 0.036988102 
645 174 10 13 0.036739074 
905 332 9 12 0.03671133 
326 169 18 22 0.036670778 
613 376 14 17 0.03634362 
700 277 11 14 0.03631629 
265 158 13 15 0.03628292 
790 176 9 10 0.036047403 
609 239 14 17 0.036003493 
716 164 12 14 0.03598923 
278 214 9 12 0.03597734 
143 332 13 17 0.035756957 
388 208 11 15 0.0356966 
580 246 12 15 0.035673313 
653 184 17 22 0.03564903 
692 245 12 13 0.035646997 
566 168 18 23 0.035576265 
349 247 13 14 0.035468854 
527 172 11 14 0.035455335 
293 444 15 20 0.035325434 
311 174 8 10 0.03530625 
696 189 9 13 0.035282362 
823 195 9 11 0.035244655 
717 182 10 11 0.035227768 
905 357 11 14 0.03516945 
797 367 15 21 0.035116483 
458 147 9 11 0.035092365 
808 235 11 13 0.035067677 
305 455 14 19 0.03497628 
221 292 11 14 0.03491679 
302 236 11 13 0.034832504 
862 270 11 14 0.034810357 
493 308 15 19 0.03477198 
207 303 9 11 0.034728464 
816 224 10 11 0.03440384 
165 72 25 29 0.0342731 
891 298 12 15 0.03421535 
711 208 9 10 0.034196533 
687 252 10 14 0.034187462 
366 323 15 20 0.03416783 
261 214 11 14 0.034156825 
324 354 13 17 0.03412882 
669 166 11 13 0.034126688 
675 315 14 17 0.03412657 
232 284 10 13 0.03405405 
728 176 9 12 0.034035057 
868 331 11 16 0.03402908 
501 460 14 18 0.033880804 
645 219 12 14 0.033868648 
219 299 12 16 0.033773795 
656 170 10 13 0.03359817 
844 298 11 15 0.03331747 
518 242 13 16 0.033222474 
714 338 16 20 0.033212956 
545 159 17 23 0.033190694 
374 149 9 12 0.03318076 
790 221 9 11 0.033178423 
570 346 16 21 0.03312769 
327 253 11 15 0.03311893 
786 376 17 19 0.033073 
728 199 9 10 0.03302657 
258 335 14 18 0.03300398 
183 239 18 23 0.03299387 
627 317 13 18 0.032966 
773 151 10 12 0.03291223 
730 319 14 18 0.032879427 
599 298 12 17 0.032769952 
816 229 11 14 0.03270534 
399 199 9 13 0.032630414 
515 461 18 21 0.032607533 
175 355 11 15 0.032587767 
335 158 9 11 0.032578874 
171 349 11 15 0.032562487 
506 198 13 16 0.032463413 
332 251 13 16 0.032436334 
815 274 11 14 0.03242084 
574 177 11 14 0.032272134 
278 144 18 23 0.03224539 
248 453 11 13 0.032177005 
341 197 10 13 0.032162886 
517 156 11 13 0.03199599 
579 264 15 18 0.031976923 
326 268 13 15 0.0319533 
192 339 12 15 0.031951763 
542 322 13 18 0.031942476 
207 308 10 13 0.031924117 
783 168 7 9 0.031912625 
772 336 14 20 0.031821445 
614 227 14 17 0.031706084 
566 275 11 14 0.031676356 
673 193 9 11 0.031646043 
357 480 16 18 0.03163134 
925 373 9 12 0.031613454 
918 334 9 11 0.03157389 
908 376 14 18 0.03149184 
342 304 13 19 0.031397566 
205 282 11 14 0.03139707 
190 322 11 15 0.03119084 
454 160 9 11 0.03116126 
738 363 14 19 0.031158352 
838 235 9 11 0.031148508 
629 330 13 16 0.031043915 
486 206 11 13 0.031038795 
215 262 10 12 0.030997552 
518 268 12 14 0.03089739 
756 386 16 22 0.030785998 
838 221 10 13 0.030742712 
291 275 12 17 0.03073491 
567 153 11 15 0.030704303 
620 283 15 18 0.030642966 
775 259 12 15 0.030608468 
701 266 14 18 0.030584298 
298 156 9 13 0.030580252 
347 154 11 13 0.030579282 
437 285 12 16 0.030516397 
492 246 12 15 0.030453922 
268 138 15 16 0.030385934 
286 187 10 12 0.03036136 
456 108 11 14 0.030341508 
636 338 12 16 0.030289218 
294 268 11 15 0.030249914 
743 199 17 22 0.030231891 
662 233 12 17 0.030174486 
343 235 11 13 0.03011981 
460 523 12 15 0.030090397 
768 119 22 24 0.03008312 
345 261 13 17 0.030080687 
603 164 12 14 0.030039031 
415 174 10 12 0.029997049 
510 160 11 13 0.029991591 
647 371 14 19 0.0298581 
851 265 12 16 0.029839735 
877 333 12 15 0.029813036 
658 315 13 18 0.029812127 
523 313 15 18 0.029725447 
837 340 13 17 0.029676551 
854 309 10 14 0.029567907 
670 231 11 14 0.029548075 
878 293 12 16 0.029465755 
847 317 13 16 0.029370112 
191 226 11 15 0.029030627 
686 330 13 17 0.029016599 
374 196 10 13 0.0290148 
825 245 10 12 0.028941004 
886 319 10 13 0.028883269 
852 320 13 17 0.028882066 
580 190 10 12 0.028841427 
629 264 13 17 0.028840521 
262 226 10 13 0.028727628 
815 200 8 10 0.02865304 
426 262 14 18 0.028579304 
672 180 11 13 0.028538309 
557 186 13 16 0.028491994 
799 197 8 10 0.028474353 
401 150 8 11 0.028447285 
864 262 9 12 0.028324086 
350 379 12 16 0.028314572 
879 340 11 13 0.028250283 
461 214 11 13 0.028188642 
703 332 13 18 0.028175617 
661 161 10 11 0.028151255 
728 187 9 12 0.028089833 
199 285 10 13 0.028011 
662 196 10 13 0.027947184 
455 251 12 15 0.027900029 
656 211 12 16 0.027836125 
487 306 14 18 0.027812712 
764 341 15 19 0.027807392 
381 330 14 19 0.027785225 
413 426 24 27 0.027693408 
398 229 12 14 0.027671777 
419 354 15 18 0.027641144 
352 175 11 13 0.02764045 
694 322 13 16 0.027612016 
310 188 10 13 0.027604109 
929 330 11 14 0.02759604 
196 323 10 14 0.02758916 
257 203 11 13 0.027586887 
394 336 16 20 0.027584106 
806 388 12 16 0.027545901 
222 239 8 11 0.027527718 
465 156 9 12 0.027527452 
222 250 10 14 0.027487395 
652 361 14 19 0.027486682 
559 228 12 16 0.027480196 
542 330 13 19 0.027446918 
645 395 14 17 0.027443493 
599 221 11 14 0.027395502 
416 182 9 12 0.027369257 
518 210 12 15 0.02732055 
273 188 11 13 0.027315052 
783 311 12 15 0.027299741 
266 398 17 19 0.027271127 
801 192 8 9 0.027264025 
654 291 12 14 0.027251221 
295 330 12 17 0.027237307 
357 196 11 14 0.02722289 
543 226 232 226 0.02716252 
691 125 13 17 0.027096368 
695 167 9 11 0.02708278 
808 206 10 12 0.027074013 
753 148 9 12 0.027001394 
836 284 13 16 0.026923494 
461 167 11 15 0.026921336 
775 244 11 13 0.026901213 
779 123 14 16 0.026892241 
571 362 15 20 0.026890524 
216 253 9 12 0.026868934 
916 308 11 14 0.026857 
234 317 14 17 0.026791852 
551 226 12 15 0.026741268 
402 250 13 16 0.026690554 
171 331 11 14 0.026679633 
527 179 11 14 0.026650133 
409 125 11 13 0.026648473 
228 353 14 18 0.026619969 
477 195 11 14 0.026579274 
698 135 10 13 0.026539318 
148 446 25 27 0.026536694 
908 362 13 15 0.026513431 
475 115 15 17 0.02638672 
699 290 13 17 0.026343463 
517 339 14 17 0.02632985 
352 168 10 11 0.026284453 
806 152 9 11 0.026133168 
234 220 9 11 0.026096389 
559 277 12 15 0.026076132 
231 298 12 15 0.026065791 
759 261 12 15 0.02602471 
754 318 15 19 0.025951678 
780 236 12 13 0.02592765 
939 452 14 14 0.025926415 
154 451 27 31 0.025856348 
231 346 14 17 0.02581783 
807 230 10 13 0.025756396 
710 317 13 16 0.02575617 
599 308 11 15 0.025721893 
667 290 14 17 0.025624074 
420 246 13 15 0.025602814 
390 535 12 14 0.02560195 
634 149 12 15 0.025596984 
676 339 14 18 0.025591109 
844 248 11 13 0.02556169 
461 142 18 23 0.02551754 
749 211 10 13 0.025505599 
782 279 13 17 0.025489785 
431 29 57 66 0.02543012 
261 189 10 14 0.025421895 
429 228 12 16 0.025397966 
248 256 8 10 0.02539206 
468 324 12 17 0.02538726 
733 235 13 15 0.025371742 
477 342 17 23 0.025364662 
659 352 13 18 0.025358904 
295 207 9 11 0.025250861 
548 331 14 18 0.025232265 
445 221 11 14 0.025203666 
270 182 11 13 0.025139522 
478 162 12 16 0.025075695 
499 187 13 16 0.025065178 
389 237 12 15 0.025043245 
479 237 11 15 0.025041234 
446 207 13 16 0.025021818 
849 254 14 16 0.024977092 
307 199 19 23 0.024962239 
194 431 19 21 0.024945451 
819 323 12 16 0.024883166 
777 217 16 22 0.024859339 
865 252 10 13 0.024855595 
234 271 20 23 0.024854401 
227 312 14 17 0.02484924 
417 151 19 23 0.024808863 
272 214 9 12 0.024785213 
756 183 18 25 0.024762679 
392 157 11 14 0.024757188 
699 299 12 16 0.024741143 
296 197 8 12 0.024696115 
795 276 11 13 0.024694622 
422 309 12 16 0.024652084 
486 157 19 22 0.024622208 
368 154 18 22 0.024603017 
467 227 13 16 0.024557868 
178 292 12 15 0.024543714 
480 146 21 23 0.024517693 
216 206 10 12 0.02448376 
269 259 10 13 0.024435967 
254 307 12 15 0.02442066 
134 331 12 15 0.024415718 
605 285 13 17 0.024393665 
341 252 14 16 0.024391558 
591 210 11 14 0.024367085 
455 221 12 14 0.024291188 
576 250 12 14 0.024274258 
404 229 12 15 0.024251001 
580 362 14 18 0.024231827 
323 274 14 15 0.024205886 
828 347 14 20 0.024204805 
519 199 11 13 0.024185898 
774 133 22 24 0.024183616 
257 167 11 14 0.024166556 
405 166 11 14 0.024157653 
507 459 15 19 0.024090474 
538 247 15 18 0.024076669 
791 261 12 15 0.02405035 
312 101 13 16 0.02404433 
399 117 10 12 0.024003377 
870 258 11 14 0.023938192 
719 316 12 16 0.023936538 
477 266 12 14 0.023874123 
670 339 13 17 0.023865901 
194 299 10 13 0.02384841 
768 195 8 11 0.023833476 
578 144 15 18 0.023832712 
768 460 12 14 0.023820875 
926 301 12 15 0.02381703 
590 181 10 12 0.023794677 
606 216 13 15 0.02378376 
435 301 14 17 0.023779567 
342 144 18 23 0.023741936 
387 260 12 16 0.023728963 
684 121 13 14 0.023714166 
837 278 11 12 0.023681141 
410 122 23 24 0.023648052 
735 458 14 18 0.023530208 
821 269 13 15 0.023517732 
669 316 12 16 0.023497425 
159 326 10 14 0.02347973 
301 315 12 15 0.023474028 
433 184 19 23 0.023411086 
303 213 9 12 0.02340225 
615 180 12 14 0.023399495 
305 126 19 23 0.023390321 
405 45 94 113 0.023325661 
821 228 12 15 0.023315268 
358 204 12 14 0.023286676 
285 79 30 31 0.023283225 
175 235 11 15 0.023283042 
248 263 10 13 0.023282552 
391 251 11 14 0.023247316 
550 236 12 16 0.023183448 
708 344 16 20 0.023162495 
168 277 13 17 0.02314626 
562 203 11 15 0.023146003 
549 276 13 15 0.023118129 
858 224 19 24 0.023108384 
348 62 119 145 0.023086661 
471 128 14 17 0.023073576 
824 235 11 15 0.023062514 
683 148 13 15 0.02305778 
479 226 11 16 0.023052359 
736 321 212 233 0.02298309 
174 362 14 18 0.022980057 
747 385 15 22 0.02294174 
871 270 10 13 0.022913529 
596 261 11 14 0.022910208 
186 419 23 27 0.022849254 
691 250 13 16 0.022848625 
829 330 13 15 0.022814251 
346 539 11 14 0.022771738 
490 459 17 21 0.022758065 
335 108 12 15 0.02275504 
743 314 13 17 0.022742027 
563 284 12 16 0.022741282 
683 337 15 20 0.022704424 
396 284 14 18 0.022683367 
765 143 10 11 0.022625532 
251 188 12 16 0.022625225 
516 346 15 19 0.022553744 
454 189 11 13 0.022502402 
325 364 15 20 0.022484956 
676 342 20 25 0.022483291 
627 342 14 18 0.022451315 
216 269 9 12 0.022429612 
380 314 13 16 0.022402717 
534 342 16 21 0.022396836 
822 207 9 13 0.022381285 
928 338 18 25 0.02233611 
797 151 11 13 0.02230817 
895 310 10 12 0.022284992 
686 261 12 15 0.02227554 
340 219 11 14 0.02215012 
599 237 13 17 0.022137761 
947 384 17 18 0.022087485 
313 157 10 13 0.02208563 
828 270 10 14 0.02207872 
821 176 17 24 0.022037072 
744 210 10 13 0.021938263 
752 268 13 16 0.02193446 
248 272 12 17 0.02193133 
782 197 8 10 0.021925732 
470 277 14 17 0.021854233 
558 167 10 13 0.021823391 
143 435 25 29 0.021821044 
493 292 12 15 0.021756655 
661 290 14 16 0.021748886 
403 289 16 19 0.021729898 
172 341 10 14 0.021690635 
247 244 9 12 0.02168727 
167 79 14 18 0.021583676 
879 348 10 13 0.021576945 
527 188 10 13 0.021571279 
371 139 10 15 0.021561077 
93 412 14 16 0.021560518 
972 364 29 31 0.021546124 
221 354 13 18 0.021543043 
533 315 12 17 0.02146642 
437 459 15 19 0.021453181 
742 220 10 12 0.021445015 
342 244 13 17 0.021433735 
571 337 13 18 0.021415254 
166 291 14 18 0.021401325 
678 285 12 15 0.021357683 
797 293 14 16 0.021339813 
764 261 14 16 0.021316728 
559 156 12 15 0.021311507 
317 130 11 14 0.02130758 
441 107 15 17 0.021278344 
316 212 11 13 0.021277847 
653 299 15 18 0.021262717 
244 340 15 18 0.021233771 
379 204 10 14 0.021219427 
411 369 23 25 0.021218445 
797 356 17 22 0.021196099 
740 174 9 12 0.021154126 
546 340 15 20 0.021153785 
212 276 11 14 0.02113843 
365 203 12 15 0.021119237 
589 171 12 15 0.021109851 
461 128 14 18 0.021106869 
728 139 13 16 0.021096114 
493 227 13 17 0.02109177 
604 194 14 15 0.021070555 
796 316 14 18 0.021062797 
595 314 13 17 0.02104867 
499 219 13 16 0.021046678 
451 409 17 20 0.021004513 
469 234 12 16 0.020922774 
917 342 11 14 0.020898577 
510 219 12 16 0.020893486 
738 380 13 20 0.020864801 
796 268 11 14 0.020835333 
768 175 9 11 0.020779599 
675 150 19 22 0.0207576 
834 431 19 21 0.020717941 
784 141 21 25 0.020687781 
304 183 9 13 0.02067192 
380 242 15 18 0.020649094 
364 534 14 16 0.020648582 
915 356 11 14 0.020593844 
197 247 10 12 0.020527007 
255 177 12 16 0.020506084 
473 190 10 14 0.020503655 
654 160 18 23 0.020501364 
694 340 13 18 0.020478666 
273 198 9 13 0.020449474 
349 139 13 16 0.020435005 
349 204 11 14 0.020371612 
155 339 14 18 0.020370085 
726 291 14 16 0.020354345 
581 120 13 16 0.02033668 
174 377 12 16 0.020313678 
561 171 10 13 0.020287247 
180 299 11 14 0.020280264 
844 353 15 18 0.020264344 
654 285 11 14 0.02020311 
250 458 13 18 0.020191342 
732 298 16 19 0.020174056 
654 369 19 25 0.020159245 
532 232 13 17 0.020153131 
684 190 12 14 0.020152304 
409 217 12 15 0.020142457 
246 474 13 20 0.020131692 
313 124 13 17 0.020124273 
482 101 13 16 0.02012244 
484 278 13 16 0.020109644 
918 374 12 16 0.020082887 
878 323 12 14 0.020049047 
297 166 9 11 0.0200331 
248 215 9 12 0.020011028 
