0_Parade_Parade_0_664
650
938 335 26 32 0.9890955 
465 340 23 29 0.9736213 
619 339 19 28 0.9664698 
211 314 22 27 0.96099883 
413 334 16 24 0.9558189 
658 320 16 23 0.94703364 
843 325 17 22 0.9442814 
490 325 18 23 0.92851794 
124 324 21 25 0.9254272 
17 338 32 38 0.9127978 
361 323 16 21 0.88826936 
515 313 13 17 0.8872397 
196 294 12 15 0.8736496 
581 329 15 20 0.83978605 
60 310 16 20 0.7624348 
424 309 9 13 0.73634386 
37 309 14 18 0.7015852 
534 309 12 16 0.6900713 
108 301 14 17 0.67552775 
312 284 10 14 0.5933747 
576 309 10 13 0.5440222 
487 302 14 18 0.5302064 
863 341 11 14 0.4968596 
127 277 10 12 0.47664177 
810 348 16 22 0.45013863 
784 328 10 12 0.42955616 
46 271 7 10 0.4227125 
71 286 9 11 0.42163825 
892 319 10 13 0.41849935 
89 288 9 11 0.4034944 
675 315 11 15 0.3887112 
554 294 8 11 0.37556675 
658 301 9 11 0.37179664 
977 347 15 18 0.35113236 
464 300 12 17 0.34312353 
355 301 14 18 0.3309367 
231 296 9 12 0.31002697 
60 302 11 13 0.29731888 
980 307 10 12 0.29620078 
697 303 10 12 0.29520592 
342 308 10 14 0.29070875 
40 287 9 10 0.2876674 
120 277 8 11 0.27309328 
518 329 14 18 0.2612846 
42 271 7 10 0.24943541 
178 354 14 18 0.24615146 
956 311 10 13 0.23906793 
259 311 15 21 0.22981553 
329 288 11 15 0.22662187 
111 270 8 11 0.225613 
133 303 10 13 0.22405937 
437 300 11 14 0.21601301 
391 296 9 12 0.21391591 
547 352 18 21 0.21259077 
114 305 13 15 0.21165 
271 280 8 10 0.2082386 
534 303 10 13 0.20738126 
269 307 12 18 0.20645796 
575 303 9 12 0.20275514 
895 310 9 11 0.19840157 
381 293 9 12 0.1967959 
777 287 7 10 0.19301096 
921 308 9 11 0.19213748 
739 332 14 17 0.1919787 
158 306 11 14 0.18928932 
1000 303 9 11 0.18506296 
793 287 7 9 0.18288846 
345 357 19 22 0.18278491 
153 301 11 14 0.17530604 
381 286 9 11 0.17008889 
247 309 13 18 0.17007765 
412 287 11 12 0.16836101 
166 326 12 15 0.166143 
469 279 8 11 0.16608858 
872 327 9 12 0.16107473 
863 302 8 10 0.15940493 
620 288 9 11 0.15782782 
935 295 8 10 0.15333056 
212 296 8 11 0.15298036 
634 311 9 12 0.15235065 
680 301 10 12 0.1506147 
638 314 10 14 0.1504548 
577 281 7 9 0.14671798 
977 318 10 13 0.14663176 
333 271 9 11 0.14524798 
373 302 10 13 0.14378919 
259 357 27 27 0.14315605 
761 321 9 11 0.14048441 
368 302 10 14 0.13917434 
286 302 12 17 0.13560526 
824 295 8 10 0.13463269 
207 296 10 13 0.13388193 
745 302 9 11 0.13262802 
503 286 7 10 0.13113067 
335 276 9 11 0.12973431 
181 288 8 11 0.12856396 
943 302 9 11 0.1277918 
842 295 8 9 0.12745276 
1013 317 9 14 0.12725472 
897 304 7 10 0.12680894 
104 332 13 17 0.12453854 
503 279 7 9 0.1242501 
440 280 7 10 0.12390692 
438 307 11 14 0.12316911 
943 309 9 12 0.11882247 
407 288 12 14 0.11880042 
503 301 9 12 0.11780227 
291 304 14 22 0.11661603 
617 291 9 12 0.113137595 
248 304 12 13 0.11118076 
368 279 8 10 0.11085099 
979 323 11 13 0.10973819 
901 302 9 10 0.10909963 
576 285 7 10 0.108955115 
128 305 12 14 0.10852296 
371 272 8 10 0.1079685 
207 315 15 20 0.1073482 
252 308 15 21 0.10727554 
925 304 10 11 0.10712857 
39 277 8 11 0.106428936 
831 332 13 17 0.104821995 
552 278 6 9 0.10478615 
777 292 8 10 0.10367815 
273 300 20 26 0.10360159 
515 321 15 20 0.10271836 
503 296 8 10 0.10076973 
316 280 10 12 0.10076618 
858 303 8 10 0.100403644 
774 304 8 11 0.09709346 
593 280 8 10 0.096438974 
281 268 9 11 0.09611158 
383 279 9 10 0.095983714 
320 308 11 15 0.09432451 
896 340 11 14 0.09396982 
374 272 8 9 0.09375609 
33 345 18 24 0.0932596 
686 288 8 10 0.092913285 
528 302 8 11 0.09248352 
468 284 9 12 0.090928264 
285 270 8 10 0.09022022 
822 300 8 10 0.08951418 
857 308 8 10 0.08860234 
61 295 9 12 0.088589005 
685 294 8 11 0.0868346 
22 309 10 13 0.08612496 
452 268 11 15 0.085371085 
401 280 8 9 0.084236346 
449 263 9 11 0.08389944 
384 317 10 14 0.083448544 
598 319 12 16 0.08309829 
606 295 8 11 0.08282109 
71 280 10 11 0.08222159 
649 287 7 10 0.08183966 
357 296 10 12 0.08146958 
139 324 14 17 0.081439614 
559 318 8 11 0.08099373 
255 277 9 11 0.08020907 
663 316 17 23 0.07978121 
789 315 10 12 0.07873568 
67 322 15 19 0.07851552 
784 319 10 12 0.07797444 
497 278 8 10 0.07796415 
845 320 12 14 0.07763169 
709 333 10 13 0.07748037 
912 295 7 9 0.07733485 
726 295 8 11 0.077220276 
699 318 11 14 0.076915435 
382 271 8 8 0.07552652 
55 255 7 9 0.07538232 
936 316 11 14 0.07531505 
995 340 12 15 0.074674435 
709 288 7 9 0.0743469 
241 314 11 17 0.07420653 
888 301 8 11 0.074065074 
0 327 9 13 0.0740017 
700 324 12 15 0.07395508 
30 302 12 14 0.07390115 
869 303 8 10 0.07333641 
597 279 9 10 0.07300559 
14 286 7 9 0.07290137 
936 300 9 11 0.0726714 
537 313 13 16 0.07253328 
633 280 7 9 0.072515085 
287 276 9 12 0.07238314 
862 308 8 11 0.07148013 
569 296 8 11 0.0708911 
601 296 9 10 0.070622556 
942 296 8 10 0.069289215 
1 263 8 11 0.06922118 
337 314 11 15 0.06921021 
703 329 12 16 0.06866942 
840 301 8 10 0.068215676 
847 288 7 9 0.06747468 
177 291 11 14 0.06732197 
633 284 8 10 0.06729464 
79 307 9 12 0.067068934 
634 302 7 10 0.06687825 
570 301 9 11 0.06674157 
918 344 14 17 0.066692434 
793 292 8 11 0.06563939 
64 280 8 10 0.06544583 
57 279 7 10 0.06518064 
377 288 8 11 0.06492604 
862 297 7 9 0.06487539 
599 286 9 10 0.06475985 
380 299 11 14 0.064506896 
552 288 8 10 0.06439509 
351 271 8 10 0.06427768 
64 285 9 13 0.06388022 
930 295 8 10 0.063650675 
768 304 9 11 0.063536376 
131 278 9 12 0.063331604 
368 284 8 11 0.062844716 
1010 324 10 14 0.06219467 
1005 295 8 10 0.061524156 
113 275 9 12 0.061437845 
486 296 9 11 0.06134814 
767 352 13 17 0.061182052 
574 296 8 9 0.06073086 
552 298 10 14 0.060490415 
873 293 8 10 0.060152777 
745 297 7 9 0.05989372 
1005 302 9 11 0.059874833 
8 279 8 10 0.059793007 
591 297 8 9 0.059596606 
105 278 8 11 0.059509777 
284 264 8 10 0.059364296 
882 358 17 19 0.059030466 
349 328 15 18 0.05893194 
818 302 9 10 0.058702774 
527 297 8 10 0.058351945 
80 271 8 10 0.058263976 
153 296 9 12 0.05824005 
1011 338 11 16 0.057556875 
904 286 8 10 0.05742486 
878 293 8 10 0.057122808 
41 346 16 21 0.056427035 
858 296 8 10 0.056254543 
758 302 9 12 0.056171995 
880 288 7 9 0.056059532 
481 272 7 9 0.055881675 
58 286 8 10 0.055636525 
644 311 9 12 0.055552993 
405 280 9 12 0.055489413 
582 280 8 9 0.05526601 
590 301 8 11 0.05499845 
554 349 12 16 0.054904565 
23 316 11 15 0.05464742 
430 322 11 16 0.053899005 
133 284 9 11 0.05321894 
467 294 10 14 0.053158138 
342 333 10 13 0.05278327 
877 328 9 11 0.052739795 
226 295 9 11 0.052738924 
521 303 9 12 0.052601703 
581 303 10 11 0.052201007 
249 276 9 11 0.052123044 
330 265 8 11 0.051813878 
895 332 13 16 0.051623005 
522 313 14 18 0.051581733 
662 297 9 12 0.0515796 
269 263 8 10 0.050945338 
887 297 8 9 0.050875876 
13 279 8 10 0.050729502 
308 332 12 17 0.05068579 
560 279 7 8 0.050624583 
221 277 8 11 0.05049451 
8 296 9 12 0.050433878 
878 333 9 11 0.050183967 
685 302 9 10 0.049834825 
900 325 11 12 0.049632773 
978 332 13 16 0.04944275 
735 288 7 9 0.049109597 
75 320 13 20 0.04905774 
753 288 6 9 0.048612244 
536 285 8 10 0.04855263 
422 277 8 9 0.048407827 
609 273 7 9 0.048347212 
0 284 9 12 0.048327412 
78 278 8 10 0.04821511 
402 283 10 14 0.048102133 
966 331 12 15 0.04801917 
262 284 10 11 0.048004843 
22 332 17 17 0.04788586 
694 280 6 9 0.04769946 
934 288 9 11 0.04746574 
671 296 7 9 0.04680472 
615 278 7 9 0.04676343 
537 280 7 9 0.046717405 
481 295 9 11 0.046650317 
455 340 16 23 0.046531346 
220 343 13 15 0.046388943 
591 310 9 11 0.045866065 
580 315 11 13 0.04575855 
407 331 16 23 0.045138363 
751 295 7 10 0.044948567 
520 295 9 11 0.044689033 
381 265 9 10 0.044645827 
24 302 11 13 0.044611253 
382 310 10 13 0.04428884 
758 296 7 9 0.04420741 
569 279 7 9 0.043723587 
728 287 7 8 0.043612473 
644 316 11 15 0.04360191 
341 321 12 18 0.043588623 
653 287 8 9 0.043453753 
545 279 6 8 0.043433025 
743 287 7 9 0.043304328 
965 303 9 11 0.042244706 
552 274 7 9 0.04209411 
782 293 7 10 0.04200796 
417 304 10 13 0.041999537 
829 295 8 9 0.04181843 
6 263 7 10 0.041695695 
375 278 8 10 0.04166741 
92 292 9 12 0.041649632 
428 314 11 16 0.041634876 
602 353 16 20 0.041301187 
353 277 8 10 0.04117651 
413 328 14 19 0.04111155 
31 295 9 12 0.040987294 
590 316 11 15 0.04075357 
584 297 8 10 0.040718205 
807 342 14 17 0.040689602 
874 270 7 10 0.04033045 
103 284 9 13 0.04021018 
964 309 10 12 0.040194448 
303 279 8 11 0.039927907 
25 263 7 10 0.039884105 
909 288 8 10 0.03986276 
80 248 8 11 0.039827123 
912 332 13 16 0.03980594 
255 249 7 9 0.039716493 
871 245 7 9 0.039362192 
421 324 12 18 0.03917363 
582 285 7 9 0.038797215 
108 311 14 18 0.038756832 
197 356 15 19 0.038298078 
221 271 8 11 0.038290776 
433 302 10 13 0.038254797 
340 305 20 27 0.038210947 
434 296 10 12 0.03816203 
352 318 20 27 0.03809333 
567 316 10 13 0.037797753 
751 306 9 12 0.037666257 
238 264 8 10 0.037619375 
398 293 10 13 0.03758424 
54 272 7 9 0.03753642 
481 300 11 15 0.03739873 
256 282 11 14 0.0373637 
118 272 9 11 0.037322138 
540 301 10 12 0.037297156 
776 282 7 9 0.037245434 
370 328 11 16 0.037207786 
683 316 9 14 0.03716597 
278 286 9 12 0.036958866 
1007 308 11 13 0.036751855 
542 296 8 10 0.036740173 
340 278 8 11 0.036704846 
108 324 13 19 0.03667509 
329 275 10 13 0.036656465 
511 294 8 11 0.03641737 
106 263 7 10 0.036383253 
24 270 7 8 0.036324736 
483 328 19 27 0.036266312 
929 287 9 10 0.036240667 
1002 288 7 10 0.03622069 
919 270 9 11 0.036214996 
359 287 8 11 0.03621017 
854 316 10 14 0.036188327 
92 314 13 18 0.035933483 
296 278 9 11 0.03582826 
782 288 7 9 0.03574584 
8 284 8 11 0.035594534 
254 254 8 10 0.035544872 
950 304 10 12 0.03553438 
271 270 7 10 0.035478923 
576 262 9 10 0.035477404 
498 285 9 11 0.035389 
137 232 7 9 0.03529104 
34 271 7 9 0.0351727 
223 319 15 20 0.035167117 
15 256 7 9 0.035118226 
840 288 9 11 0.03493671 
48 264 7 9 0.03471929 
97 356 17 18 0.03469051 
44 288 9 11 0.034668863 
571 309 9 12 0.034487605 
728 281 7 8 0.034431584 
105 294 10 14 0.03441637 
836 360 16 18 0.034407616 
41 265 7 9 0.034351103 
886 281 7 8 0.03431284 
527 279 8 9 0.034291163 
734 294 8 10 0.034267917 
264 268 8 11 0.0341773 
399 272 8 10 0.03401502 
749 325 11 14 0.033973977 
992 303 9 11 0.033945527 
648 293 8 11 0.033913206 
279 294 10 13 0.03370728 
880 340 11 13 0.033518434 
793 282 7 9 0.03346403 
662 311 11 15 0.03340127 
391 279 8 10 0.033366296 
396 301 10 13 0.033311542 
497 295 8 11 0.03319253 
443 306 12 17 0.032915898 
558 311 9 11 0.03290628 
632 296 9 11 0.032760546 
248 272 9 11 0.03248136 
296 285 9 11 0.032447036 
387 315 13 17 0.032442797 
616 299 10 12 0.032204222 
575 327 12 17 0.032149352 
633 352 17 21 0.031931344 
607 288 8 11 0.031877805 
937 311 9 12 0.031852473 
433 279 8 10 0.03181244 
487 288 8 10 0.031709388 
7 270 8 10 0.031592637 
31 255 8 10 0.031557884 
86 299 12 15 0.031502638 
709 292 8 11 0.03142962 
544 272 7 9 0.031427156 
300 300 12 16 0.03138133 
159 311 12 17 0.031134525 
784 311 9 11 0.031057898 
29 230 8 11 0.030930106 
528 286 8 10 0.03087107 
405 281 19 24 0.030839043 
32 313 15 17 0.030787988 
823 288 7 9 0.030780535 
899 309 10 12 0.030683339 
886 332 11 13 0.03062039 
30 263 8 10 0.030493297 
51 256 7 9 0.030479439 
889 315 17 22 0.030433992 
272 294 10 13 0.030371541 
690 280 7 8 0.030225161 
311 279 17 22 0.030195476 
294 294 11 14 0.03009268 
672 288 7 9 0.02992563 
417 278 8 11 0.02990875 
16 309 11 13 0.029733332 
597 310 10 12 0.02967611 
25 230 8 11 0.0295913 
40 248 8 9 0.029540615 
622 301 8 10 0.029528279 
192 288 10 12 0.029462975 
64 272 8 9 0.029438315 
903 296 8 10 0.029273646 
157 297 9 11 0.02925887 
452 291 12 17 0.029212229 
951 295 8 10 0.029125268 
63 329 15 17 0.02898693 
335 300 13 16 0.02893547 
823 279 6 9 0.028817665 
86 265 7 9 0.028650546 
236 300 11 14 0.028643247 
69 301 11 14 0.028535532 
305 284 10 12 0.028469348 
744 317 11 13 0.028447526 
201 315 11 16 0.02830688 
115 294 13 15 0.028293287 
502 307 11 14 0.028292231 
259 301 21 26 0.028106185 
118 281 12 14 0.028014025 
317 288 12 16 0.027942719 
675 341 11 15 0.027921481 
143 278 9 11 0.02784575 
861 335 12 15 0.027809989 
523 278 7 9 0.027784903 
911 327 11 13 0.027755873 
164 301 10 13 0.027522305 
733 346 16 19 0.027411427 
187 354 15 19 0.027385833 
965 354 15 18 0.02734171 
13 317 11 14 0.027268577 
694 319 18 25 0.027177084 
877 269 9 10 0.027156428 
899 319 10 13 0.02715207 
904 281 7 9 0.0271145 
420 286 9 12 0.027011419 
13 237 9 12 0.026933998 
420 305 18 22 0.026873482 
758 307 10 12 0.026845993 
649 324 11 16 0.02680495 
245 314 15 24 0.02674868 
443 271 8 10 0.026723975 
233 261 8 10 0.02654331 
28 324 15 17 0.026422195 
337 338 16 19 0.026383592 
5 357 13 17 0.026346337 
1006 289 7 9 0.026306696 
695 297 9 11 0.026241954 
767 334 9 13 0.026177224 
792 301 8 10 0.026126944 
536 297 9 11 0.025978088 
743 282 6 8 0.025951294 
168 330 15 17 0.025867663 
383 332 10 15 0.025792914 
222 286 8 12 0.025502568 
374 287 19 24 0.02539581 
613 273 8 10 0.025308931 
850 248 7 9 0.025185924 
81 265 8 10 0.025178654 
277 278 9 11 0.025096277 
479 287 8 10 0.025039196 
497 272 7 9 0.025021112 
361 299 17 23 0.024986122 
25 255 8 10 0.024903493 
781 327 19 22 0.024814723 
813 315 10 14 0.024786498 
724 356 15 17 0.024729194 
797 287 6 9 0.02463106 
991 295 7 9 0.024612851 
593 328 14 20 0.024597738 
164 317 13 16 0.024595441 
704 294 9 11 0.024561957 
232 256 7 9 0.024381593 
436 315 11 16 0.024369746 
434 285 9 12 0.02419319 
640 214 213 207 0.024160966 
455 295 18 25 0.024077576 
180 342 14 17 0.024002755 
903 270 7 10 0.023926085 
34 285 9 12 0.023849057 
828 356 17 18 0.023820782 
85 282 19 23 0.02373769 
510 328 14 20 0.023700746 
511 288 7 9 0.023658166 
639 294 8 10 0.023655247 
36 317 14 19 0.023649035 
359 280 8 10 0.023635728 
146 325 11 14 0.023585143 
638 286 8 10 0.023582386 
574 305 18 23 0.023547992 
389 308 12 17 0.02352841 
343 271 8 11 0.023490034 
47 241 7 9 0.023443785 
866 346 13 15 0.02341837 
417 273 9 10 0.023376476 
223 264 7 10 0.023361877 
808 333 10 12 0.023311475 
913 301 8 10 0.023295572 
253 294 11 13 0.023278944 
285 294 12 14 0.02324548 
958 294 8 10 0.023165062 
74 247 7 10 0.02314583 
822 341 11 15 0.023078533 
237 287 9 12 0.023027308 
81 224 7 9 0.023004854 
39 253 8 10 0.023000075 
816 288 7 8 0.022989597 
810 288 6 8 0.022855973 
175 298 10 14 0.022853814 
737 301 9 10 0.022832736 
984 295 8 10 0.022832278 
656 307 12 14 0.022751832 
958 320 13 16 0.022706654 
255 262 9 10 0.022701968 
41 264 19 25 0.022683922 
797 331 11 14 0.022671754 
105 330 20 27 0.022632262 
13 294 9 12 0.02258857 
406 326 13 18 0.022584539 
372 317 12 17 0.02251601 
446 263 19 24 0.022439692 
736 281 7 8 0.02243268 
392 272 7 9 0.022373158 
14 224 8 10 0.022246229 
638 280 7 9 0.022186833 
15 229 9 11 0.022153303 
302 292 11 15 0.022142151 
240 269 8 10 0.022133498 
110 265 8 10 0.022113308 
798 316 9 12 0.022101462 
521 271 7 9 0.022072386 
809 294 7 10 0.022025181 
520 288 7 9 0.021983843 
415 313 14 17 0.021939555 
950 304 18 23 0.021921655 
772 340 11 15 0.0219079 
479 276 7 10 0.021899188 
142 269 9 12 0.02188437 
885 340 12 14 0.021786585 
123 272 19 23 0.021773867 
325 298 12 16 0.021770801 
77 292 10 12 0.021749454 
898 286 8 9 0.021644697 
96 255 8 10 0.021620834 
57 249 7 8 0.021605372 
896 297 9 10 0.021601735 
797 294 8 10 0.021543745 
15 272 7 10 0.021542357 
550 288 19 24 0.021532314 
775 333 11 13 0.021526037 
471 330 24 32 0.021515202 
8 257 8 9 0.021489719 
301 271 9 11 0.021376057 
685 324 10 14 0.021373466 
870 308 8 11 0.021325266 
823 309 9 12 0.021288643 
503 272 7 9 0.021285495 
139 308 12 15 0.021226553 
25 248 7 10 0.02121693 
862 317 9 12 0.021215223 
976 299 18 22 0.021188738 
948 323 14 17 0.021163998 
1013 304 9 13 0.021156434 
871 320 9 11 0.021108605 
312 261 9 11 0.020955307 
919 296 7 10 0.020953188 
528 271 7 9 0.020861609 
975 296 9 10 0.020858297 
688 272 7 9 0.020828865 
337 344 22 25 0.020809984 
93 322 15 20 0.020790372 
615 317 11 14 0.02075727 
817 295 8 10 0.020749696 
917 303 20 24 0.020742035 
552 308 10 12 0.0207348 
649 280 7 9 0.020725816 
822 270 8 10 0.020719929 
325 312 14 18 0.020697335 
14 244 8 10 0.020660035 
87 315 11 17 0.020656047 
798 347 14 18 0.020635631 
879 309 10 13 0.020615602 
486 272 7 8 0.020605173 
991 336 12 15 0.020488229 
984 288 7 9 0.020484617 
368 294 11 14 0.020441221 
72 272 8 11 0.02043387 
959 304 10 13 0.02041162 
368 296 18 24 0.020409012 
720 279 7 9 0.020335678 
671 301 9 11 0.020334205 
559 273 7 9 0.020331612 
890 357 15 17 0.020323703 
512 262 8 10 0.020275708 
446 277 9 12 0.02022722 
750 318 9 12 0.020226516 
454 257 8 10 0.020203125 
798 326 10 13 0.020171814 
890 310 9 12 0.020126956 
758 288 7 9 0.02010483 
596 314 21 27 0.020042384 
830 316 10 13 0.020006761 
