0_Parade_Parade_0_288
252
507 210 14 17 0.92358273 
500 171 11 14 0.84425575 
462 198 13 16 0.66692185 
522 229 11 13 0.441898 
424 218 11 13 0.39002773 
478 339 15 18 0.37061033 
592 340 14 17 0.3673345 
703 407 11 13 0.34804216 
298 390 12 15 0.3426912 
709 338 12 15 0.32627144 
452 343 14 17 0.32494152 
406 184 16 20 0.28481793 
747 328 17 20 0.28379205 
380 360 14 17 0.27307028 
184 499 14 19 0.24612413 
352 250 11 13 0.23989013 
475 218 12 16 0.23812073 
481 273 15 19 0.22462225 
503 277 14 19 0.22412351 
411 205 14 16 0.2238454 
535 326 10 14 0.22211708 
388 255 15 20 0.22046196 
388 338 13 17 0.19243611 
427 214 13 14 0.18651542 
575 330 10 12 0.17619069 
656 359 10 11 0.1701565 
513 212 13 16 0.1679833 
334 338 16 21 0.16723701 
579 332 10 12 0.14178772 
697 348 10 12 0.13775682 
792 406 11 14 0.1345318 
509 342 9 12 0.129673 
470 215 13 16 0.12479742 
374 214 9 13 0.12206735 
429 348 14 18 0.11605336 
463 217 11 14 0.1128111 
523 222 12 14 0.111918904 
488 221 11 15 0.1100809 
526 342 11 13 0.10901411 
523 294 13 15 0.107160866 
421 199 11 13 0.10514717 
367 284 15 18 0.10053149 
445 367 15 18 0.09853006 
503 189 12 17 0.098518096 
408 222 12 13 0.09758099 
413 195 13 16 0.09332011 
286 412 9 12 0.08923718 
413 220 11 14 0.08706369 
349 379 13 15 0.08517681 
655 364 11 13 0.08321156 
873 419 13 16 0.08272784 
506 360 17 20 0.08252207 
425 321 9 11 0.08133012 
593 367 12 14 0.07937185 
352 197 9 12 0.07907273 
629 363 10 12 0.076315865 
704 342 12 14 0.07608346 
695 363 15 19 0.07371066 
417 366 11 15 0.0732742 
357 367 11 13 0.0728446 
472 338 13 16 0.07075655 
784 385 13 17 0.06954931 
712 396 10 13 0.06891334 
655 347 10 12 0.06719912 
506 173 10 13 0.06267156 
317 340 10 13 0.060874235 
343 378 11 14 0.060604308 
671 345 9 11 0.06057072 
428 207 12 14 0.058891755 
319 334 10 13 0.0571044 
532 338 12 14 0.056769814 
324 301 12 16 0.05562696 
352 191 9 13 0.054595463 
701 359 10 12 0.0544239 
536 395 13 16 0.05345613 
350 332 12 16 0.052875087 
435 212 10 13 0.05153958 
201 490 11 14 0.0510347 
663 347 9 12 0.050946396 
347 386 14 17 0.050847866 
689 391 10 12 0.0508412 
536 388 12 15 0.050597094 
401 378 15 20 0.050267845 
366 323 12 15 0.049231976 
427 323 12 14 0.04869053 
529 333 12 14 0.048663653 
324 324 11 14 0.04818876 
411 227 11 13 0.04801084 
423 389 17 19 0.047440007 
482 368 21 26 0.046827994 
735 365 9 12 0.04677129 
523 213 12 16 0.0462405 
504 347 11 12 0.046076022 
780 405 11 14 0.045647923 
407 325 9 10 0.045331474 
345 198 10 13 0.04494627 
357 331 11 13 0.044599164 
558 293 12 17 0.044535223 
755 369 39 49 0.044313814 
458 339 13 17 0.044218753 
456 200 13 17 0.0429763 
729 381 10 14 0.042285625 
563 298 11 15 0.041948024 
116 356 13 14 0.04155681 
389 276 13 16 0.04131437 
776 413 11 13 0.041080475 
507 244 11 14 0.040859617 
520 341 10 13 0.040758714 
679 361 12 16 0.040626682 
350 372 14 17 0.039457016 
636 323 11 13 0.039364494 
648 341 11 15 0.03895092 
485 362 16 20 0.03838835 
506 192 16 19 0.03836736 
495 175 13 17 0.037883304 
743 315 12 15 0.037838157 
467 192 12 15 0.03719788 
677 350 10 11 0.03667425 
415 274 13 17 0.03594995 
743 314 23 31 0.035899445 
517 335 10 12 0.035749163 
222 339 11 12 0.03571401 
687 424 11 14 0.035686802 
648 359 9 10 0.035551917 
579 260 11 14 0.03531496 
462 334 14 16 0.0351941 
388 265 15 19 0.03515188 
153 349 10 13 0.034993913 
653 369 12 15 0.0348755 
544 363 13 17 0.0348192 
222 356 13 14 0.0347451 
764 381 24 30 0.034659464 
350 201 10 13 0.03457654 
156 340 14 16 0.034536537 
542 372 11 13 0.034394234 
293 399 13 17 0.033629 
364 341 15 19 0.03354368 
580 366 10 13 0.03303298 
326 226 11 17 0.032984942 
688 396 11 14 0.032859832 
535 347 12 16 0.03271938 
324 332 12 15 0.032237206 
683 358 10 14 0.032136794 
519 346 12 15 0.032013636 
139 216 423 441 0.031934522 
647 366 12 13 0.031717833 
489 248 16 19 0.031293407 
175 319 10 12 0.03119504 
407 372 21 26 0.031161545 
697 327 9 11 0.031111898 
438 335 11 13 0.030780911 
517 217 19 24 0.030764962 
878 340 11 12 0.0304205 
708 344 13 16 0.030287832 
541 349 10 15 0.030059306 
761 387 17 20 0.030012678 
262 429 11 14 0.029727293 
417 418 15 19 0.029317943 
511 336 11 13 0.029015284 
491 226 12 14 0.028741974 
703 333 11 14 0.028570767 
487 272 19 25 0.028037626 
279 414 13 14 0.027981661 
524 287 13 15 0.027802737 
502 231 10 13 0.027726851 
335 379 12 15 0.02742076 
423 226 12 15 0.027411288 
332 221 12 17 0.027349832 
546 304 18 21 0.027058896 
395 338 11 15 0.026758172 
225 408 9 10 0.026362058 
509 180 10 14 0.026275668 
251 322 15 19 0.026233088 
337 380 22 28 0.026165439 
575 345 11 16 0.026028415 
256 350 11 13 0.025861742 
215 352 11 13 0.025721699 
371 316 15 19 0.02534302 
709 365 10 13 0.025123775 
672 363 11 14 0.025072742 
577 284 12 16 0.024658037 
581 255 8 11 0.02448847 
540 314 15 19 0.024397053 
182 353 11 12 0.024340581 
327 340 13 17 0.024243878 
568 465 10 13 0.024129383 
535 373 11 11 0.024127563 
361 312 20 25 0.023982204 
576 266 13 16 0.023936102 
426 198 12 14 0.023860749 
429 372 11 14 0.02381745 
351 184 9 12 0.023763996 
711 358 10 13 0.023692824 
508 238 10 13 0.023670593 
483 335 15 18 0.02362046 
574 310 12 16 0.023610571 
781 395 11 15 0.023571808 
276 420 15 16 0.023515955 
175 352 9 11 0.023283184 
811 309 14 18 0.023276059 
542 356 12 17 0.023259593 
649 348 10 12 0.023256248 
415 327 9 10 0.023247544 
781 435 18 19 0.023230026 
383 247 11 14 0.023199603 
714 334 11 14 0.023177316 
503 322 10 14 0.023154207 
714 389 13 16 0.023043301 
341 235 14 17 0.023018239 
249 439 10 12 0.02298261 
688 349 9 12 0.022958778 
332 246 16 19 0.0229222 
518 288 21 25 0.02283564 
575 227 12 14 0.022685163 
561 204 9 12 0.022647042 
691 422 14 18 0.022507919 
582 372 9 12 0.02247214 
312 339 11 15 0.022448236 
920 364 11 15 0.022402193 
517 276 12 15 0.022305455 
348 338 12 17 0.022301361 
775 378 12 15 0.022294456 
582 337 20 24 0.02216547 
748 365 29 35 0.021776391 
532 228 13 16 0.021598833 
239 479 9 12 0.021537278 
504 279 24 28 0.021437174 
328 251 12 16 0.021408353 
684 362 12 17 0.021383421 
798 210 117 123 0.021352857 
350 356 12 15 0.021269279 
488 171 11 14 0.02110795 
515 195 15 19 0.02108247 
495 187 13 18 0.021052936 
525 354 12 16 0.02095762 
774 396 12 16 0.020910949 
487 238 14 17 0.020847002 
326 382 11 14 0.020601135 
324 327 20 24 0.020569121 
371 279 12 15 0.02052337 
408 382 22 28 0.020516383 
374 362 22 27 0.020512339 
214 340 12 13 0.020448908 
200 359 11 12 0.020427352 
775 387 22 28 0.02040431 
335 239 21 25 0.020377006 
867 422 16 20 0.020349411 
789 397 12 15 0.02031972 
660 370 11 14 0.02031386 
538 366 21 26 0.020277744 
962 333 11 14 0.02012889 
177 499 13 17 0.020091217 
