0_Parade_marchingband_1_552
135
183 381 11 14 0.77471316 
533 372 14 18 0.74331045 
738 380 13 16 0.6280641 
970 385 14 16 0.622624 
349 373 11 13 0.50372005 
852 396 11 15 0.37080583 
110 398 10 12 0.1915435 
397 387 14 18 0.18209173 
405 381 15 17 0.18078588 
582 380 13 16 0.17342009 
982 388 9 11 0.17266719 
363 397 15 20 0.15957017 
563 322 11 14 0.14539583 
942 389 11 14 0.11752995 
959 386 11 13 0.09196518 
355 375 11 13 0.087872654 
835 399 15 18 0.0858412 
43 361 13 16 0.08459284 
559 365 10 13 0.07605781 
758 385 13 14 0.063769974 
367 477 10 14 0.06044698 
300 393 31 36 0.060355414 
143 365 12 13 0.059303306 
208 402 10 13 0.056522448 
344 369 12 14 0.055021625 
411 382 15 19 0.054916915 
308 373 11 13 0.05074628 
990 387 10 12 0.050701626 
468 360 15 17 0.050184045 
79 387 9 11 0.05008517 
609 358 26 33 0.05000905 
928 387 12 15 0.049949903 
875 428 10 13 0.049616214 
187 383 13 16 0.049583044 
397 384 23 26 0.04894111 
909 423 8 11 0.047973543 
747 379 13 17 0.04782115 
946 413 9 11 0.047103915 
574 380 16 18 0.04705149 
929 397 10 12 0.04581657 
860 395 11 14 0.04534835 
441 396 11 13 0.04494688 
870 397 11 14 0.042526037 
491 371 12 14 0.041717023 
871 424 11 14 0.041629437 
993 493 11 13 0.041317873 
373 279 9 12 0.04095223 
420 381 11 14 0.04034361 
371 284 11 13 0.039270047 
351 355 12 14 0.038185492 
932 383 11 15 0.038181707 
928 405 8 11 0.03630729 
494 394 12 15 0.035692975 
847 392 12 15 0.03544909 
437 428 11 12 0.034994233 
429 365 10 13 0.03402224 
845 399 15 18 0.0339611 
174 388 12 14 0.033898305 
445 372 11 13 0.033559103 
368 472 11 13 0.03347919 
364 364 12 14 0.03299877 
589 375 11 15 0.032786775 
904 382 8 10 0.03263335 
487 367 10 13 0.03222106 
580 380 21 26 0.031903565 
1008 391 12 13 0.031788252 
1013 395 9 13 0.031604037 
870 388 12 15 0.030949634 
912 389 10 12 0.030336766 
439 389 12 15 0.030109763 
548 380 10 13 0.029863669 
927 373 9 11 0.02984676 
949 389 9 13 0.029354557 
917 388 11 13 0.028747885 
613 367 14 19 0.02864134 
688 360 27 33 0.02830421 
864 487 14 18 0.028161103 
373 399 11 15 0.028117057 
212 400 9 11 0.027692905 
911 384 8 11 0.027438562 
480 388 12 15 0.027275853 
777 294 25 29 0.027075885 
176 375 12 15 0.026189623 
895 383 8 10 0.026160048 
921 408 9 10 0.02601016 
734 382 20 23 0.02587722 
926 366 10 11 0.025555024 
392 394 12 15 0.025242178 
596 379 11 15 0.02521716 
539 383 14 16 0.025032083 
138 362 23 27 0.024869947 
476 357 12 15 0.024850816 
876 398 9 13 0.02451521 
924 382 20 25 0.02447371 
274 331 25 26 0.024390029 
959 381 21 25 0.024242053 
888 428 8 11 0.024211993 
147 370 12 16 0.02396499 
73 381 12 15 0.023671133 
564 364 10 13 0.023623634 
159 405 9 10 0.023196409 
344 376 14 17 0.023174215 
500 388 12 16 0.023030547 
115 397 11 13 0.022783997 
177 376 18 23 0.022627234 
38 366 15 19 0.022458753 
484 369 23 25 0.02243961 
365 391 11 15 0.02234061 
967 387 21 23 0.022248585 
359 365 11 14 0.022067538 
167 421 10 13 0.02187397 
552 363 12 14 0.02179589 
619 362 16 20 0.021792827 
488 386 22 27 0.021790152 
33 357 12 14 0.021731252 
301 379 27 34 0.021663968 
398 374 11 13 0.021486934 
672 373 10 13 0.021464726 
839 391 10 14 0.021457976 
959 376 10 12 0.02143309 
197 398 12 15 0.021323912 
429 382 10 13 0.021238703 
948 407 10 12 0.021097217 
454 382 11 13 0.02107036 
16 472 7 10 0.021068603 
759 300 37 45 0.020861411 
823 390 10 12 0.020785498 
477 364 11 14 0.020696068 
43 448 18 23 0.020396441 
453 387 13 16 0.020321662 
973 378 11 13 0.02030517 
920 433 8 11 0.020158274 
446 368 10 11 0.020126503 
568 387 12 16 0.020088457 
167 379 9 12 0.020080026 
