0_Parade_Parade_0_377
532
255 503 71 95 0.9912907 
851 359 74 80 0.9829701 
976 339 21 26 0.9597824 
87 366 57 63 0.9525246 
575 308 26 28 0.9407777 
730 308 22 25 0.9068584 
548 297 18 24 0.8899896 
10 264 49 71 0.87671304 
248 404 25 31 0.87316775 
346 335 23 35 0.86281985 
427 307 18 26 0.765785 
764 314 19 21 0.75177276 
245 343 30 30 0.73739016 
944 320 17 22 0.73588645 
452 275 21 25 0.71564245 
146 317 43 50 0.5376074 
419 255 17 21 0.52700347 
468 314 15 20 0.52576387 
810 309 14 17 0.5031112 
314 384 23 33 0.49485773 
397 274 16 19 0.45845115 
897 309 14 18 0.43571082 
365 379 25 30 0.4012423 
357 273 24 29 0.3698675 
325 336 25 31 0.36615077 
846 311 12 16 0.34673396 
189 282 17 22 0.3444765 
649 315 14 16 0.33473513 
487 294 13 17 0.3161817 
100 235 26 28 0.2956101 
711 316 12 15 0.288645 
655 334 9 11 0.2822731 
635 312 11 14 0.2706889 
831 318 12 14 0.26360813 
614 315 16 20 0.2622038 
0 238 32 38 0.24591213 
192 411 24 32 0.22429931 
111 456 36 42 0.22267826 
516 314 14 18 0.2201787 
68 386 52 57 0.21757193 
73 254 44 53 0.21608369 
466 296 21 28 0.21483894 
427 296 21 27 0.21460046 
544 256 10 13 0.211784 
176 221 12 16 0.21151397 
374 232 12 15 0.21004054 
698 292 11 15 0.20382042 
264 253 12 14 0.20098087 
608 348 15 19 0.20087801 
612 301 14 18 0.18864329 
822 495 33 42 0.18608825 
48 413 45 53 0.1858892 
25 239 29 36 0.1816757 
929 315 24 30 0.18155184 
595 314 14 20 0.18042588 
180 223 13 15 0.17914756 
68 353 50 58 0.17823078 
583 279 11 13 0.17674816 
680 287 10 12 0.17661655 
691 315 13 17 0.1695608 
480 244 10 12 0.16865408 
47 349 43 51 0.16637377 
575 260 10 14 0.16182451 
316 274 26 33 0.15850934 
79 198 9 12 0.15452905 
995 299 14 17 0.1481769 
358 377 21 30 0.14703453 
345 274 23 31 0.1465179 
36 238 14 18 0.14613934 
189 223 12 15 0.14480338 
680 334 12 14 0.1396809 
175 215 11 13 0.13933378 
792 300 20 26 0.13918711 
477 347 17 21 0.136991 
576 278 10 13 0.13438168 
597 330 13 18 0.1306832 
579 325 16 20 0.13049549 
634 392 14 18 0.1290022 
328 274 26 34 0.12779482 
768 286 8 11 0.12678465 
230 276 16 23 0.12625895 
854 324 12 15 0.12497619 
364 401 15 20 0.12215976 
349 385 13 20 0.12211768 
684 332 12 14 0.11767889 
719 286 11 14 0.117259726 
536 254 9 13 0.11623381 
589 277 12 15 0.111273415 
260 443 29 33 0.1099382 
16 483 43 53 0.10990454 
951 241 27 31 0.109062254 
172 279 26 30 0.10742008 
664 273 8 12 0.10723115 
534 307 13 18 0.106786706 
533 293 11 16 0.106312774 
687 323 13 17 0.105951115 
681 292 10 12 0.100629 
124 215 10 14 0.1004483 
700 287 11 14 0.09996374 
388 352 22 33 0.0994744 
369 280 16 21 0.099320464 
491 339 15 22 0.09888984 
463 255 14 17 0.098463625 
650 322 13 16 0.096049316 
53 494 50 49 0.095969416 
379 235 11 15 0.09397286 
257 406 29 32 0.09357765 
670 333 10 14 0.091629006 
852 316 12 16 0.091109514 
103 189 11 13 0.090710744 
180 328 13 19 0.090654805 
156 221 10 12 0.09034466 
94 248 32 36 0.08949998 
502 421 39 52 0.08877473 
615 246 8 10 0.08763507 
38 211 11 12 0.085735515 
54 219 11 14 0.08510537 
367 228 15 18 0.08479548 
790 295 12 14 0.08232946 
269 291 14 16 0.08157526 
1004 261 11 14 0.08126894 
60 213 10 13 0.08096351 
682 271 9 10 0.07902819 
57 229 12 14 0.07777622 
734 330 13 17 0.07772779 
30 260 31 50 0.075913325 
662 333 10 14 0.07543983 
320 251 13 16 0.075296834 
270 237 12 16 0.07482526 
510 289 24 31 0.07397161 
89 434 87 98 0.0700617 
614 296 10 13 0.06964553 
364 267 17 23 0.06875159 
188 466 29 40 0.06790508 
656 284 10 11 0.067809686 
554 293 15 19 0.067693144 
678 386 11 14 0.0676149 
76 277 30 36 0.06603745 
932 320 14 19 0.06557934 
547 259 11 13 0.06483172 
477 312 20 26 0.06415003 
168 320 27 37 0.06402276 
446 280 18 21 0.06252165 
815 355 13 16 0.06236725 
208 244 12 16 0.06226019 
500 322 14 19 0.061676446 
269 285 25 27 0.061465714 
604 314 12 18 0.06133163 
387 293 15 20 0.061065752 
390 307 24 29 0.061031386 
630 293 9 11 0.060818985 
408 416 14 17 0.060299963 
279 444 23 30 0.05929235 
206 213 8 9 0.05860906 
492 283 14 18 0.05848822 
371 368 31 36 0.058052227 
479 240 9 12 0.058038693 
59 233 13 15 0.058038305 
558 320 14 20 0.057821568 
212 250 11 13 0.05728295 
265 256 17 18 0.057261713 
651 301 12 15 0.056897413 
178 275 19 22 0.056630637 
776 321 14 18 0.056026623 
630 270 8 11 0.05572844 
795 312 14 18 0.055621233 
476 294 15 19 0.055358607 
676 317 12 15 0.05530666 
295 440 23 29 0.055248942 
669 323 13 15 0.054976914 
332 421 27 37 0.054121003 
197 228 11 14 0.053297706 
392 238 10 14 0.05292499 
30 347 41 56 0.05265723 
434 293 16 19 0.052575473 
661 284 9 12 0.052540995 
207 238 11 14 0.052483603 
63 344 37 43 0.05196796 
527 249 10 12 0.05135124 
387 275 22 29 0.050959267 
806 332 14 17 0.050914433 
982 321 15 18 0.050786298 
535 284 10 15 0.05063568 
200 213 10 12 0.05048774 
1001 339 20 26 0.050422996 
54 524 69 64 0.050112147 
527 298 14 17 0.049825907 
96 200 9 10 0.049494352 
773 288 9 11 0.049413905 
545 269 10 13 0.048975825 
373 276 24 30 0.04805355 
32 488 48 53 0.047940113 
858 319 18 20 0.047725778 
261 396 15 20 0.047704086 
213 214 8 10 0.047550477 
684 299 11 14 0.047540236 
103 397 52 67 0.04661061 
188 421 18 25 0.046495706 
303 296 12 17 0.04617159 
605 304 18 25 0.04615539 
425 250 16 22 0.046067752 
140 236 14 19 0.046035193 
460 395 13 16 0.04591721 
488 274 13 17 0.045700707 
264 387 25 27 0.045057204 
323 320 25 34 0.04454528 
129 460 31 38 0.04370273 
462 304 17 23 0.043556 
457 286 16 22 0.04354736 
972 320 13 17 0.043428354 
45 214 11 13 0.043338854 
51 397 34 42 0.043120068 
1000 382 10 13 0.043090474 
319 347 27 36 0.04295811 
204 221 10 12 0.042879887 
356 265 18 22 0.04280221 
408 326 30 37 0.04247894 
563 308 22 27 0.04172891 
270 274 22 25 0.041703425 
158 277 28 32 0.04153877 
563 291 12 15 0.041336678 
267 265 18 21 0.041310485 
511 275 12 17 0.041205738 
119 435 51 62 0.040860027 
50 485 36 40 0.040747028 
334 419 15 20 0.04056222 
25 363 29 33 0.040523417 
1005 301 12 15 0.040470373 
230 222 10 12 0.04040779 
52 264 43 58 0.04038433 
535 250 7 10 0.040279564 
214 299 28 40 0.04027108 
632 325 11 15 0.040257834 
388 262 23 28 0.040127672 
499 291 20 28 0.040017176 
70 487 33 38 0.03973816 
625 270 9 11 0.03973033 
196 221 13 14 0.039652012 
393 224 10 12 0.039103832 
368 657 46 60 0.039069343 
332 281 15 20 0.03898668 
463 294 15 23 0.038937215 
655 387 9 13 0.038391024 
664 325 9 13 0.038293067 
356 342 28 33 0.038264956 
314 362 27 35 0.038255803 
350 305 16 20 0.038071435 
152 215 10 13 0.037967656 
286 268 14 18 0.037907533 
585 320 21 26 0.037867956 
75 198 9 12 0.037800226 
542 304 14 20 0.037610162 
235 284 15 21 0.03759928 
232 450 21 29 0.03758715 
83 198 11 12 0.03750312 
519 307 19 26 0.037334908 
45 412 27 32 0.03710503 
669 277 10 12 0.03671272 
999 266 13 16 0.03668286 
308 436 22 31 0.036662813 
759 285 10 13 0.03632265 
427 262 15 19 0.03630184 
158 216 9 12 0.03596255 
654 292 12 15 0.035714462 
295 333 42 51 0.03569894 
455 430 12 15 0.03567513 
458 268 18 22 0.035668593 
679 278 10 12 0.03561718 
522 432 15 22 0.03556665 
677 323 14 17 0.035373677 
290 299 16 18 0.034918677 
147 243 13 19 0.034908894 
33 206 10 14 0.034639087 
207 293 28 34 0.034636825 
492 325 20 27 0.034461237 
965 321 14 18 0.033806946 
266 416 25 28 0.033701036 
389 347 16 23 0.033516906 
834 312 18 24 0.033511903 
624 287 8 10 0.03350558 
227 269 16 21 0.03348009 
281 290 17 20 0.033362925 
254 260 11 14 0.033199336 
185 221 21 23 0.033125862 
392 229 11 14 0.033094462 
1012 307 11 17 0.03304122 
56 208 9 11 0.033020217 
340 323 15 18 0.03297912 
516 281 15 21 0.03297245 
214 231 9 10 0.032871004 
343 323 25 32 0.032408774 
503 323 19 27 0.03238981 
331 430 37 46 0.032375433 
539 166 417 480 0.032351322 
472 246 9 11 0.03226497 
647 284 10 11 0.03215805 
714 309 13 17 0.03212145 
188 287 25 28 0.0320715 
376 264 25 30 0.031934276 
259 423 30 36 0.03191859 
616 306 15 18 0.03175206 
805 323 14 17 0.03164969 
437 280 24 32 0.03157616 
663 261 8 10 0.031572122 
474 238 9 12 0.031544033 
350 268 15 20 0.031503905 
91 458 50 55 0.0312851 
475 260 12 15 0.03120201 
544 291 14 20 0.030937178 
1010 340 13 20 0.030899173 
452 394 14 18 0.030887453 
679 325 21 24 0.030878194 
47 218 12 14 0.03084884 
628 301 12 16 0.030810652 
421 318 24 36 0.030809807 
919 310 26 32 0.03067695 
453 238 10 14 0.030385124 
820 307 11 15 0.03035005 
361 360 29 35 0.030340396 
599 240 8 9 0.030084744 
244 228 13 16 0.03007497 
0 281 47 78 0.030001849 
117 302 61 62 0.029893275 
523 321 15 21 0.029687058 
311 286 25 31 0.029605534 
872 523 13 17 0.029580532 
264 400 19 25 0.029509941 
260 243 21 25 0.029355446 
279 340 31 40 0.029185101 
327 322 14 19 0.029130396 
945 348 22 29 0.02911234 
809 337 16 16 0.0290543 
204 498 44 60 0.02905014 
486 286 14 18 0.029011091 
993 292 15 17 0.029008554 
662 256 9 11 0.029006671 
168 213 11 14 0.028930755 
671 350 8 11 0.028878113 
558 288 12 15 0.028771633 
990 337 21 27 0.028613359 
63 376 37 48 0.028586823 
244 281 13 19 0.028566493 
247 260 10 14 0.028539056 
758 302 11 14 0.028499527 
30 400 82 95 0.028183004 
508 402 12 16 0.02814854 
725 289 11 15 0.028118612 
371 391 27 32 0.028069545 
605 339 15 20 0.028059576 
239 347 39 48 0.028025178 
668 272 10 11 0.028024124 
137 238 23 31 0.027979301 
4 230 44 56 0.027942333 
581 275 20 23 0.027919993 
510 304 16 22 0.027744487 
623 293 10 12 0.027694328 
373 225 10 13 0.027678275 
390 428 10 12 0.02736042 
257 346 35 38 0.027310126 
71 204 9 12 0.027281234 
984 321 22 27 0.027229313 
594 277 12 14 0.027164645 
0 323 27 51 0.027154438 
656 375 8 12 0.027033485 
695 285 20 24 0.026995884 
1011 350 13 20 0.026899714 
359 235 13 16 0.026876919 
555 310 15 21 0.026670778 
200 234 10 14 0.026641995 
85 283 34 38 0.026638284 
992 306 14 17 0.026440773 
696 310 19 24 0.026415559 
201 283 15 18 0.026302569 
469 349 17 22 0.026273785 
748 382 14 15 0.026220823 
670 262 9 10 0.026198763 
415 261 14 19 0.02615682 
694 349 9 11 0.026070187 
649 295 11 13 0.026066102 
401 361 14 20 0.026039084 
681 264 8 10 0.025963241 
365 239 14 17 0.025853202 
95 295 56 58 0.025789756 
445 350 13 16 0.025786612 
84 427 47 58 0.02572168 
63 209 9 12 0.025716556 
735 295 11 13 0.025642373 
667 329 18 23 0.025605444 
757 309 14 17 0.025558112 
686 265 8 10 0.025539452 
514 334 17 22 0.025511347 
140 211 11 15 0.025506373 
931 301 14 16 0.025393227 
996 316 14 17 0.025264699 
749 309 12 16 0.02524179 
1014 314 11 15 0.025204452 
678 347 11 13 0.025170555 
156 227 12 13 0.025127757 
429 258 23 30 0.025107194 
758 290 11 15 0.025101675 
172 269 17 21 0.025037069 
805 336 23 30 0.024958417 
519 234 11 13 0.024957806 
477 357 16 20 0.024818718 
324 390 24 30 0.02475363 
146 272 46 54 0.02475134 
592 245 8 10 0.024735179 
701 332 11 13 0.024729831 
232 324 45 52 0.024694784 
695 279 9 11 0.024653064 
785 295 10 12 0.024517555 
434 268 25 30 0.024490383 
318 337 15 20 0.02448285 
229 505 49 62 0.024404462 
209 307 48 58 0.024363399 
403 270 21 27 0.024289314 
291 456 27 34 0.02426983 
664 388 10 14 0.024082806 
263 236 14 17 0.024008371 
272 449 17 22 0.02400379 
351 291 22 30 0.023938116 
411 308 26 34 0.02380203 
319 297 25 33 0.023781162 
215 274 12 16 0.023766357 
855 367 41 49 0.023764549 
830 311 10 13 0.02369346 
322 376 17 26 0.023684068 
491 314 15 22 0.023658304 
421 244 16 20 0.023651173 
326 414 25 33 0.023624925 
256 448 45 51 0.023561643 
259 276 25 29 0.023561394 
482 576 9 11 0.023548659 
147 245 25 31 0.023436006 
956 328 13 18 0.023389678 
240 451 43 51 0.02338371 
255 252 12 15 0.023374895 
237 226 14 18 0.023323163 
562 326 15 20 0.023298305 
212 293 15 19 0.023295244 
399 338 29 42 0.023083348 
970 318 22 27 0.023069805 
230 356 12 16 0.02289674 
306 294 17 21 0.022824781 
470 425 13 15 0.022795849 
435 403 15 18 0.022749921 
446 242 12 17 0.022735858 
336 285 25 33 0.022604976 
1013 398 10 16 0.022602946 
158 264 26 30 0.022581395 
173 212 19 23 0.02257757 
418 335 28 36 0.022513187 
246 252 11 14 0.02250699 
631 288 8 11 0.0224765 
526 259 11 15 0.022340331 
45 228 13 17 0.022261087 
296 240 10 11 0.02225794 
466 264 16 20 0.022224996 
341 375 22 32 0.022201674 
282 273 16 21 0.022184564 
198 237 24 30 0.022177294 
336 312 24 31 0.022154933 
381 310 16 23 0.02213963 
662 382 10 13 0.022082664 
329 330 37 50 0.02206799 
436 245 13 19 0.022060938 
504 269 11 15 0.022046449 
1011 301 11 15 0.02200724 
925 308 16 19 0.022005474 
589 254 9 11 0.021995282 
114 235 24 32 0.021976024 
794 294 16 16 0.021945162 
673 383 10 13 0.021907182 
978 408 30 34 0.021850139 
248 275 22 28 0.021849664 
135 203 12 15 0.021826161 
435 300 22 29 0.021781204 
168 440 45 60 0.021724746 
662 317 12 15 0.021705518 
714 320 12 17 0.021698251 
232 226 11 15 0.02168745 
170 302 44 55 0.021639178 
736 303 17 19 0.021605715 
439 235 11 14 0.021601334 
4 491 33 50 0.021584138 
29 506 66 70 0.021550415 
89 287 18 23 0.02146751 
294 410 16 22 0.021461612 
217 321 27 38 0.021392427 
206 299 15 19 0.02138377 
405 252 12 16 0.021251546 
107 329 62 70 0.021187985 
155 267 16 19 0.021158487 
238 234 11 15 0.02114569 
-2 275 27 46 0.021128278 
232 216 9 12 0.021085732 
624 264 9 11 0.021049775 
696 269 9 11 0.021034785 
254 214 11 13 0.021008447 
531 331 13 17 0.02098102 
436 274 14 18 0.020979986 
299 319 26 37 0.02094809 
146 266 28 34 0.020927534 
93 266 33 42 0.020925958 
226 308 18 26 0.020786712 
411 281 14 18 0.020724805 
277 227 13 16 0.020705586 
276 430 25 32 0.020682724 
383 384 18 22 0.02067926 
576 240 8 10 0.02063316 
325 368 15 21 0.020632872 
362 261 16 20 0.020607544 
414 314 15 21 0.020594427 
195 296 14 17 0.020593544 
780 304 20 26 0.020505691 
40 226 21 28 0.02047324 
452 294 15 21 0.020424746 
400 316 27 32 0.02040516 
265 345 18 21 0.020387173 
205 229 11 15 0.020372795 
281 394 15 20 0.020372218 
217 268 11 15 0.020286614 
19 218 15 19 0.020260511 
986 316 16 19 0.02023014 
404 245 24 29 0.020196417 
638 286 11 12 0.020138942 
389 404 12 16 0.020119399 
519 280 22 31 0.020102492 
503 275 12 18 0.02009168 
678 281 19 23 0.020060351 
477 250 12 15 0.02005203 
403 370 12 17 0.02001088 
