0_Parade_marchingband_1_517
66
202 162 50 62 0.9986319 
911 267 38 46 0.9953767 
455 217 44 54 0.9907205 
51 130 50 59 0.9845501 
702 217 42 46 0.97202075 
398 237 22 28 0.9040629 
986 295 29 33 0.6652951 
341 257 15 22 0.43967742 
204 325 25 27 0.40423682 
579 291 12 16 0.38741997 
376 249 22 30 0.26276466 
862 291 23 30 0.1761985 
374 263 15 20 0.14329606 
833 294 31 38 0.119272664 
389 241 23 30 0.11280475 
555 302 14 19 0.07860528 
929 480 82 113 0.07705955 
589 276 13 15 0.073325396 
381 247 13 18 0.0715464 
836 274 30 37 0.069599956 
309 455 43 40 0.06269384 
369 266 12 17 0.06190955 
42 310 369 463 0.05398621 
562 286 21 29 0.052601498 
377 263 23 27 0.051813845 
576 283 20 25 0.04978953 
277 266 25 32 0.04687435 
997 279 26 48 0.045595862 
414 245 23 29 0.044754837 
564 284 10 14 0.044003025 
350 325 28 29 0.042361252 
970 277 33 39 0.040171046 
805 308 14 17 0.039086703 
35 105 35 38 0.038926248 
962 428 17 21 0.037325073 
204 438 57 70 0.036489442 
552 290 22 33 0.034781642 
1006 345 15 22 0.03209495 
396 247 28 35 0.03207908 
583 278 20 27 0.031818267 
916 436 10 14 0.03140908 
865 276 28 36 0.03006141 
362 222 8 11 0.029291725 
544 299 25 32 0.029240506 
557 291 14 19 0.028841417 
703 503 10 13 0.028500717 
66 370 12 16 0.028274247 
368 459 19 25 0.0274261 
428 254 17 20 0.026980532 
165 436 9 12 0.02660427 
828 306 17 21 0.026497921 
948 282 27 33 0.026456108 
339 268 17 22 0.026245793 
842 272 20 23 0.02550261 
791 141 11 13 0.023751913 
718 465 67 76 0.023412818 
554 252 20 27 0.023344465 
15 373 10 11 0.022390822 
386 252 28 34 0.022352014 
848 309 19 24 0.022055127 
328 252 24 31 0.021964412 
402 231 17 21 0.0219411 
280 249 42 48 0.021224272 
594 282 14 17 0.020677065 
31 102 23 30 0.020203618 
932 284 30 35 0.020166492 
