0_Parade_marchingband_1_465
931
677 184 12 15 0.52690905 
592 236 12 14 0.5147985 
81 303 9 12 0.4505005 
900 143 8 11 0.4484846 
997 198 10 12 0.44529197 
662 246 9 11 0.4196983 
320 166 11 13 0.39125675 
430 149 12 14 0.3865833 
877 174 9 12 0.37423828 
503 70 9 12 0.37207818 
232 158 9 12 0.36681932 
110 171 11 14 0.36466154 
72 181 11 13 0.36400896 
543 118 10 12 0.35710415 
129 167 8 11 0.35010698 
72 236 9 13 0.3337433 
977 173 9 12 0.32938126 
46 301 8 11 0.3283966 
127 236 8 10 0.3118884 
89 229 10 14 0.30002898 
626 237 9 12 0.2953443 
520 256 10 12 0.28172842 
1009 255 9 11 0.27537298 
608 208 9 12 0.25748208 
990 294 10 13 0.25270343 
1004 159 11 13 0.25009 
534 165 8 10 0.24645294 
173 157 8 10 0.24360876 
327 157 11 13 0.23930892 
945 175 9 11 0.23365209 
848 159 8 10 0.23095804 
624 281 9 10 0.23005754 
169 224 8 11 0.22742786 
608 254 9 11 0.22273153 
707 91 13 15 0.22030167 
877 222 12 16 0.21977194 
214 179 10 13 0.21907315 
106 602 18 17 0.21482936 
656 143 8 11 0.21421994 
550 96 8 9 0.20805703 
792 166 8 10 0.20535497 
734 240 7 9 0.20374617 
285 134 10 12 0.19571933 
920 180 9 10 0.19347672 
957 139 11 13 0.19236714 
502 143 11 13 0.19180223 
528 166 9 11 0.1890472 
722 201 10 12 0.18889505 
918 175 9 12 0.18872984 
252 112 12 15 0.18273096 
7 263 8 10 0.1805649 
918 150 8 10 0.17837986 
989 156 9 11 0.1774154 
195 159 8 10 0.17618719 
928 235 9 12 0.17593814 
178 189 8 12 0.17254455 
920 144 8 9 0.16695547 
504 182 10 13 0.16586137 
508 115 9 12 0.16232252 
839 141 8 10 0.16152789 
525 254 8 11 0.16136734 
69 205 12 14 0.16091585 
568 149 9 10 0.15957846 
765 198 12 14 0.15851736 
615 119 10 11 0.15638192 
552 103 9 11 0.1557405 
925 231 10 12 0.15468954 
625 251 9 12 0.15464494 
873 143 9 11 0.15320571 
548 173 10 13 0.14565928 
873 166 9 10 0.14552091 
894 166 11 14 0.14179382 
697 237 9 11 0.14119726 
816 206 9 12 0.13946627 
982 248 11 14 0.13732858 
637 142 14 16 0.13627289 
663 240 8 11 0.13605757 
615 246 9 12 0.13519222 
580 94 9 11 0.13374847 
831 175 9 11 0.13146046 
669 256 7 10 0.1292985 
599 179 9 12 0.12844959 
479 101 8 10 0.12829182 
949 149 11 15 0.12808178 
237 180 9 11 0.12786165 
678 168 10 12 0.12768835 
630 245 9 13 0.12681521 
535 101 8 10 0.12621795 
116 191 11 13 0.12566786 
913 174 8 11 0.12557267 
231 181 9 12 0.12486737 
487 143 8 11 0.12328639 
465 94 8 11 0.12182063 
869 199 10 12 0.12131259 
814 169 7 9 0.12107725 
552 109 9 11 0.1199466 
509 111 10 11 0.119163334 
1 270 9 13 0.118120275 
314 210 12 15 0.11745755 
913 168 8 10 0.11702813 
374 47 8 10 0.11608229 
639 247 8 10 0.11376162 
800 205 8 11 0.11350734 
469 207 9 13 0.11304948 
830 182 8 12 0.11281209 
471 95 9 11 0.11246112 
520 165 9 11 0.10852236 
983 193 8 11 0.10806068 
158 165 8 11 0.10772889 
790 199 7 10 0.10733423 
676 272 8 11 0.10714628 
498 217 15 17 0.10629968 
207 159 9 10 0.10550974 
312 183 11 15 0.10548837 
972 294 9 12 0.10522968 
656 246 9 11 0.10520345 
585 209 16 17 0.10432342 
902 173 9 11 0.10404745 
831 158 9 11 0.10332927 
665 254 9 10 0.103039615 
520 128 10 12 0.10229504 
5 270 9 12 0.10187953 
880 216 9 11 0.10171964 
288 115 13 14 0.101693936 
663 160 8 10 0.101659864 
1009 207 10 13 0.1016581 
853 134 8 10 0.10016711 
576 247 10 14 0.09956157 
664 262 8 11 0.09849644 
974 158 9 12 0.09801126 
876 168 8 11 0.09787969 
549 144 8 11 0.09781961 
427 205 11 13 0.09768421 
47 278 8 10 0.09717135 
577 158 8 10 0.09699316 
485 173 8 11 0.09698536 
936 175 8 10 0.09667382 
876 148 9 10 0.09627407 
768 272 9 11 0.096097186 
506 47 9 11 0.096088424 
134 257 12 13 0.09542198 
894 159 8 10 0.0952549 
827 222 9 11 0.0951424 
29 236 12 16 0.09506073 
594 167 7 9 0.09499329 
496 148 11 14 0.09462091 
348 241 11 16 0.09411182 
683 132 10 11 0.09396313 
796 134 9 10 0.09383942 
86 256 9 12 0.093557395 
224 182 9 12 0.093453884 
955 146 13 16 0.09218247 
595 232 10 13 0.09174245 
524 126 10 12 0.0917194 
874 228 11 12 0.090814516 
837 206 10 13 0.08972419 
520 247 10 12 0.08803296 
841 183 9 11 0.0879269 
261 166 8 12 0.087478936 
990 310 13 16 0.08738814 
558 232 7 9 0.08707463 
550 168 9 10 0.087030046 
911 240 8 10 0.086868785 
582 157 8 11 0.0867861 
704 265 8 10 0.086667754 
672 276 11 13 0.08639233 
81 255 8 11 0.08620043 
544 113 10 12 0.08609156 
838 151 7 9 0.08501105 
32 198 9 11 0.08451887 
217 115 11 14 0.08450938 
518 205 9 11 0.084284216 
702 246 8 11 0.083811186 
832 214 9 11 0.083805 
427 212 11 13 0.08368309 
581 245 9 14 0.08366578 
1 287 9 13 0.08354736 
902 224 9 11 0.083075985 
137 221 9 12 0.08303493 
567 144 9 11 0.08238856 
232 272 10 12 0.082350425 
560 124 9 11 0.082161754 
606 221 9 11 0.08130369 
468 175 11 14 0.08056424 
101 246 9 11 0.08000321 
794 173 8 10 0.07924312 
855 149 8 10 0.079221904 
534 136 8 10 0.07917308 
512 103 8 10 0.07897104 
349 218 11 13 0.078932814 
192 192 8 10 0.07832368 
1003 295 10 12 0.078120574 
237 272 9 11 0.07771928 
559 237 8 10 0.077600606 
487 236 9 12 0.07737264 
70 198 11 14 0.07713511 
473 159 9 11 0.077027775 
965 182 9 12 0.076964565 
229 249 9 10 0.076819874 
913 157 9 11 0.076114714 
95 255 10 13 0.07596843 
870 160 10 10 0.07583245 
641 261 8 10 0.07573005 
479 120 8 10 0.07538171 
88 224 9 12 0.074191436 
177 185 8 10 0.073973075 
814 186 10 13 0.073924124 
934 236 9 12 0.07387609 
463 262 11 13 0.07353432 
600 220 10 12 0.073467195 
330 149 12 15 0.07335192 
669 261 9 10 0.07296295 
702 231 8 11 0.07269108 
527 248 8 11 0.07256964 
504 52 7 10 0.07234316 
606 199 8 10 0.07230449 
824 183 9 13 0.072031744 
583 152 10 12 0.07182266 
60 201 14 17 0.071475446 
521 143 9 11 0.07099232 
198 220 9 11 0.07060718 
575 151 8 11 0.07047412 
55 319 8 9 0.0695921 
519 238 9 11 0.06949255 
945 151 9 13 0.069442764 
464 178 11 13 0.06939612 
657 147 9 11 0.06874642 
254 132 9 11 0.06851908 
974 167 11 13 0.067747384 
222 135 9 10 0.067477316 
617 263 8 10 0.06723151 
392 95 10 13 0.067121886 
661 269 9 13 0.06680201 
583 142 9 11 0.066594206 
519 229 9 12 0.06633219 
455 112 10 14 0.06629752 
632 160 9 12 0.06609087 
427 221 10 13 0.06604787 
209 152 7 9 0.0658386 
647 253 10 12 0.06547296 
952 141 11 13 0.06541291 
600 167 7 9 0.065221906 
558 199 7 9 0.06516995 
695 245 10 12 0.06515062 
567 166 8 10 0.06507926 
127 195 11 15 0.06502336 
227 252 12 16 0.06489339 
855 143 10 12 0.06486156 
599 255 8 10 0.06484354 
878 192 8 11 0.06466396 
928 280 8 10 0.064385474 
878 135 7 9 0.06430125 
545 95 8 10 0.06402499 
897 222 9 12 0.06390029 
84 284 11 13 0.063616924 
221 141 9 13 0.063248925 
956 156 10 11 0.063194685 
942 230 8 11 0.063139535 
628 232 8 11 0.062935844 
157 161 7 9 0.0628579 
664 276 9 12 0.06264952 
961 190 9 12 0.06250547 
680 146 10 12 0.062451124 
546 148 9 12 0.062373836 
985 141 8 10 0.06194023 
174 237 8 11 0.06154692 
582 135 10 12 0.06153408 
984 155 10 13 0.061361834 
160 263 7 9 0.059978604 
901 147 8 11 0.059882898 
793 213 8 10 0.05947919 
527 180 10 13 0.059329398 
77 230 9 13 0.05914101 
101 232 9 10 0.05897403 
129 311 6 8 0.05895776 
101 239 8 11 0.058796354 
697 189 8 12 0.05868888 
431 176 10 12 0.05846219 
477 96 9 11 0.058289047 
866 165 7 9 0.057931956 
865 200 9 12 0.0578508 
425 102 9 11 0.057785276 
424 118 9 12 0.057767786 
960 173 10 13 0.057635013 
696 169 7 10 0.05750932 
696 253 8 9 0.057419397 
22 320 9 11 0.05710728 
654 193 10 11 0.057065137 
492 110 10 11 0.05700742 
118 303 9 11 0.05671859 
616 141 9 11 0.056637265 
492 125 10 13 0.056324147 
493 93 11 13 0.056061916 
478 246 8 11 0.056022502 
684 142 9 12 0.05541387 
833 153 9 10 0.054919012 
810 187 9 11 0.054874927 
103 260 9 11 0.054690063 
197 192 8 10 0.05447968 
998 180 10 11 0.05441351 
465 210 9 12 0.054127548 
95 236 10 12 0.054000687 
581 100 9 11 0.05368904 
983 239 8 11 0.05367877 
567 245 9 14 0.053361993 
111 254 8 11 0.053046174 
833 164 10 13 0.052904412 
792 206 8 10 0.052690703 
598 189 10 13 0.052621707 
644 142 10 12 0.052592523 
850 127 9 11 0.052557457 
669 247 9 10 0.05232675 
649 160 9 11 0.05194267 
165 197 8 11 0.051875442 
486 148 10 12 0.051800266 
590 124 13 15 0.051749233 
487 110 9 11 0.051519636 
977 251 11 15 0.051292703 
225 159 9 11 0.051135994 
466 257 8 10 0.050693914 
513 255 9 11 0.05063872 
974 206 10 11 0.05063567 
689 247 8 10 0.050597463 
936 151 9 12 0.050517634 
493 101 10 12 0.050465602 
112 286 8 9 0.05039509 
35 237 12 14 0.050350614 
372 114 12 14 0.050310913 
890 164 10 12 0.05030944 
536 85 7 9 0.050146163 
814 173 8 10 0.050083358 
882 220 12 16 0.049916107 
589 151 8 11 0.049865454 
502 155 9 12 0.04984118 
993 316 15 16 0.04975764 
924 224 10 12 0.049750246 
565 263 10 11 0.049658287 
550 252 8 11 0.049637068 
525 118 10 13 0.049626276 
25 221 10 14 0.049466778 
622 175 7 9 0.049163066 
33 202 11 14 0.04914304 
518 110 8 10 0.04898917 
112 177 11 14 0.048893176 
704 168 8 10 0.048877504 
826 158 8 11 0.04880863 
0 329 9 15 0.048766736 
484 508 17 20 0.048737552 
732 146 11 14 0.04824771 
62 210 14 17 0.048141338 
328 215 12 14 0.04805595 
505 64 7 11 0.047952335 
167 240 9 11 0.047898233 
235 152 13 16 0.0477649 
1010 143 7 9 0.047718167 
294 254 11 13 0.047575254 
769 180 8 10 0.047508802 
673 167 9 11 0.047365222 
966 172 10 14 0.047264658 
991 174 10 13 0.047109354 
689 253 8 11 0.047091506 
839 201 9 11 0.04706459 
373 64 10 12 0.04701413 
770 159 7 9 0.046997745 
607 160 8 9 0.046799928 
216 149 8 10 0.04676627 
184 280 7 9 0.04666423 
911 180 10 11 0.0462346 
601 77 9 12 0.046160255 
567 187 11 13 0.046018433 
601 160 7 9 0.045967903 
224 269 9 13 0.045933127 
122 237 9 12 0.045842636 
175 279 8 11 0.045741227 
53 277 8 10 0.0457175 
978 237 8 12 0.045678787 
721 261 8 11 0.045552418 
936 232 9 12 0.04542721 
558 119 10 12 0.045338914 
528 161 9 11 0.045219462 
0 276 10 15 0.045089804 
988 250 11 14 0.044869922 
513 96 8 9 0.044717256 
528 96 9 11 0.044642646 
861 222 9 11 0.044388834 
806 206 10 12 0.044236027 
600 195 10 12 0.044222523 
661 197 9 12 0.04412544 
896 147 10 12 0.044095173 
481 142 9 12 0.044080053 
1012 213 10 13 0.04407326 
325 68 15 17 0.043925863 
606 165 7 9 0.04388293 
947 178 10 13 0.043829437 
623 141 8 12 0.043823004 
593 256 10 11 0.043653045 
41 297 9 12 0.04361388 
534 271 8 11 0.04360744 
559 191 8 11 0.043560173 
810 175 9 10 0.043522 
552 160 8 10 0.043450218 
526 149 8 10 0.043306574 
993 180 9 12 0.043295708 
969 166 10 13 0.04293561 
5 576 40 55 0.04293027 
577 135 8 10 0.042673852 
565 95 9 10 0.042649228 
703 159 7 8 0.042646453 
937 179 9 12 0.042368583 
548 117 9 12 0.04229963 
825 177 9 11 0.04228825 
532 247 9 11 0.042242378 
710 264 7 8 0.04213905 
661 144 8 11 0.04211505 
486 244 10 13 0.042030532 
734 244 8 10 0.0419779 
258 157 9 11 0.041720487 
993 290 20 23 0.04168664 
966 205 11 13 0.04168236 
488 120 9 11 0.041592695 
546 253 8 10 0.041577574 
13 270 9 11 0.04152783 
745 198 8 10 0.04143982 
88 349 8 10 0.041405436 
559 174 8 10 0.041280773 
663 232 8 11 0.041063495 
365 248 8 9 0.040967233 
936 142 9 10 0.040864404 
958 205 11 14 0.04071258 
498 72 8 11 0.040654898 
975 178 10 13 0.040474255 
937 136 7 9 0.040444255 
1013 247 9 14 0.040286392 
727 268 9 11 0.040084552 
936 199 10 13 0.040018883 
112 596 18 20 0.03996548 
116 181 11 13 0.03988335 
1005 152 10 11 0.03987866 
552 192 8 10 0.039771233 
783 175 7 9 0.039616555 
940 203 10 13 0.03957552 
553 198 8 10 0.039161924 
785 203 9 11 0.039060183 
161 239 9 13 0.038829688 
166 192 8 10 0.03879636 
207 143 9 11 0.038770735 
921 236 9 12 0.03874712 
836 166 11 12 0.038718693 
119 308 8 10 0.03869068 
1006 199 9 11 0.038605414 
436 155 10 13 0.03860033 
998 245 9 12 0.038595084 
80 320 8 10 0.038588863 
975 152 9 12 0.03839957 
925 142 8 10 0.038131855 
872 178 12 14 0.037842844 
597 132 9 12 0.037679825 
1000 253 10 13 0.037668988 
632 142 12 15 0.03766831 
529 101 10 11 0.03766486 
1000 212 10 13 0.037664153 
196 162 11 13 0.037553895 
621 264 9 10 0.03749684 
1003 234 15 17 0.03740735 
1005 268 10 12 0.037385482 
966 198 9 11 0.037328616 
574 142 9 11 0.03727524 
873 137 9 9 0.03719509 
960 197 9 11 0.037188977 
1014 220 10 14 0.037070677 
512 247 8 11 0.037009735 
377 150 10 12 0.036916845 
951 228 10 12 0.036860086 
864 182 9 13 0.036687862 
508 68 9 13 0.036592614 
664 286 8 10 0.036586214 
411 134 15 18 0.03644414 
111 295 9 11 0.036382105 
198 153 8 10 0.036346924 
52 350 10 11 0.036291108 
-1 243 8 14 0.03623132 
237 255 11 14 0.03619152 
749 198 8 11 0.03618994 
720 256 7 10 0.036189906 
959 240 8 11 0.03611464 
592 260 9 11 0.036014598 
161 192 9 11 0.035998233 
575 165 8 10 0.035792615 
175 285 9 10 0.03577671 
84 269 12 14 0.035773057 
625 159 8 11 0.035607897 
479 125 9 11 0.03554255 
521 175 8 11 0.03549991 
620 116 10 13 0.035461433 
527 174 9 12 0.03542293 
515 260 8 10 0.03538447 
152 286 8 10 0.03531752 
886 173 9 13 0.035256553 
793 182 8 10 0.035246518 
423 123 9 13 0.035206504 
92 225 9 11 0.03507503 
704 223 8 11 0.035070527 
927 151 9 12 0.03506596 
898 137 8 10 0.035062715 
497 156 9 11 0.034999017 
656 122 12 15 0.034937683 
849 152 9 10 0.034928627 
1014 309 10 14 0.034843612 
569 158 10 11 0.034796596 
14 278 9 12 0.03474593 
286 127 12 14 0.034744766 
710 239 8 11 0.03470611 
46 307 9 11 0.034640364 
1000 152 9 10 0.03463588 
221 149 9 10 0.0345969 
751 205 8 11 0.034527045 
94 283 9 13 0.034418825 
608 259 9 11 0.03441712 
499 180 9 13 0.03433531 
553 238 8 10 0.03432907 
1006 173 11 13 0.034322795 
567 206 9 11 0.034308452 
873 190 10 12 0.034299664 
588 86 10 11 0.034265794 
708 229 9 11 0.034182288 
750 271 10 11 0.034159772 
502 35 10 12 0.034156777 
28 227 13 16 0.03406236 
871 261 10 14 0.033905726 
1014 142 7 10 0.03389826 
974 269 9 13 0.033860147 
980 244 21 26 0.033781566 
497 176 8 11 0.033780042 
525 133 9 11 0.033714347 
193 153 8 9 0.03364509 
708 207 9 11 0.033614982 
177 194 10 13 0.033575613 
2 262 9 13 0.033392448 
376 105 10 12 0.03330903 
208 163 9 11 0.03325525 
535 141 9 11 0.03324234 
345 77 9 13 0.033227038 
121 230 10 12 0.033093713 
239 188 10 12 0.033027112 
917 156 9 11 0.03299281 
623 126 10 12 0.032987043 
607 126 8 11 0.0329729 
501 204 10 12 0.032922808 
641 255 8 11 0.032890495 
773 166 8 10 0.0328814 
930 264 8 11 0.032750912 
669 160 9 11 0.032749698 
23 260 10 13 0.032735065 
502 235 10 12 0.032665342 
567 125 9 10 0.032648854 
246 139 11 14 0.03262917 
118 169 11 12 0.032620464 
1006 258 10 13 0.0326181 
654 252 9 11 0.03261537 
733 191 9 11 0.03248379 
39 282 10 13 0.032451577 
614 149 9 11 0.03239994 
221 125 9 12 0.032377757 
1007 247 11 13 0.032367002 
511 176 8 11 0.03235332 
102 254 10 13 0.032351315 
502 247 9 12 0.032248385 
611 212 9 12 0.03218688 
1014 283 10 15 0.032103494 
345 165 8 11 0.032066956 
461 112 9 12 0.03199081 
169 253 8 11 0.031985 
585 236 10 14 0.03197474 
84 277 12 15 0.03193768 
593 275 9 12 0.03187408 
132 196 11 14 0.031784594 
709 109 11 13 0.03175541 
641 204 9 12 0.031620506 
951 238 8 11 0.031513683 
866 160 8 10 0.03146107 
977 191 8 10 0.0314494 
75 203 12 15 0.031334035 
634 606 45 63 0.031297803 
609 142 8 10 0.031290922 
172 228 9 12 0.031216916 
208 189 9 12 0.031187871 
526 111 9 10 0.031071771 
943 223 10 13 0.031004716 
930 270 8 9 0.030983433 
734 167 7 9 0.030958561 
561 143 8 11 0.030921875 
709 246 8 11 0.030913146 
953 136 10 12 0.030776562 
217 134 10 11 0.030652247 
671 127 12 14 0.030555647 
929 198 9 12 0.030530958 
328 182 10 13 0.030462258 
246 183 8 10 0.030408084 
173 244 10 12 0.03036894 
5 327 11 13 0.030361375 
85 294 10 13 0.030290829 
600 212 10 14 0.030273102 
103 269 9 10 0.030142915 
255 151 10 13 0.030019367 
863 143 9 11 0.029914362 
837 158 9 10 0.029896665 
128 162 9 11 0.029844802 
423 110 10 12 0.02982595 
996 202 13 15 0.02981108 
561 149 8 10 0.029772008 
685 166 8 11 0.02969731 
685 188 9 12 0.029674472 
419 139 12 17 0.029515712 
603 181 9 11 0.029493216 
477 157 9 12 0.029470844 
137 295 8 11 0.0294582 
170 279 8 11 0.02944073 
762 264 7 8 0.029416792 
538 118 10 12 0.029353729 
991 192 10 13 0.029336853 
511 132 9 11 0.029320141 
648 199 8 10 0.029268028 
639 271 8 10 0.02926531 
790 192 8 9 0.029254949 
127 244 9 12 0.029247586 
959 168 10 13 0.029245958 
648 248 10 12 0.029244957 
560 245 11 14 0.029195627 
613 158 9 10 0.029171687 
624 133 10 13 0.029133467 
464 274 12 14 0.029128544 
85 307 9 11 0.029127225 
729 136 10 12 0.029122988 
504 252 8 11 0.029063106 
957 227 9 11 0.02904695 
430 247 13 16 0.02903089 
509 51 9 11 0.02900204 
543 159 8 11 0.028925356 
704 117 11 13 0.028888538 
889 160 9 10 0.028864693 
388 211 9 12 0.02881753 
654 159 9 11 0.028804695 
703 252 8 9 0.028799713 
54 294 9 11 0.02856726 
754 651 12 14 0.028550453 
87 320 8 9 0.028536154 
25 543 8 10 0.0284577 
847 141 10 11 0.028452832 
704 96 13 16 0.02837989 
927 156 10 12 0.028324306 
127 183 10 12 0.028300801 
565 101 10 12 0.02828706 
674 171 9 12 0.028246107 
551 89 8 10 0.02813126 
334 245 9 12 0.028121954 
159 170 10 13 0.028096447 
382 157 9 12 0.028095867 
521 179 10 13 0.028092286 
432 263 9 11 0.028090356 
783 182 8 9 0.02802222 
751 94 8 11 0.02800146 
989 240 11 13 0.027964672 
739 115 12 14 0.027931707 
942 135 8 10 0.027879339 
871 254 9 12 0.02782479 
606 227 10 12 0.027757982 
1007 179 9 12 0.027739605 
120 246 9 11 0.027710577 
470 141 9 13 0.027703486 
478 205 10 13 0.027626729 
844 187 10 12 0.027611552 
977 199 9 11 0.027476808 
480 167 9 12 0.027413793 
424 95 10 11 0.027380642 
0 308 7 13 0.02734423 
535 125 9 11 0.027332796 
470 254 8 10 0.02729312 
704 199 8 9 0.02723669 
473 100 9 10 0.027173119 
562 265 9 11 0.027173052 
838 173 10 12 0.027132101 
729 156 10 11 0.027082847 
645 260 9 11 0.027064783 
1013 175 10 14 0.027052812 
972 211 12 15 0.027033372 
385 174 10 13 0.027028557 
784 191 9 11 0.026926767 
981 202 11 14 0.02691725 
182 215 10 12 0.026837412 
157 285 10 11 0.026813842 
581 88 10 11 0.026742995 
369 82 11 15 0.026659602 
446 115 12 15 0.026604762 
597 243 9 12 0.026553823 
558 134 9 11 0.026549736 
295 249 7 10 0.02651809 
213 165 9 11 0.026508022 
495 245 10 13 0.026463466 
982 178 10 13 0.026442453 
989 140 10 12 0.026427492 
351 133 12 12 0.026414828 
470 196 8 11 0.026385443 
999 238 12 15 0.026356917 
498 198 9 13 0.026350852 
128 338 9 10 0.026255026 
416 84 10 13 0.026186146 
877 262 10 12 0.026167622 
140 216 9 11 0.02616361 
169 152 10 12 0.026088914 
55 313 8 9 0.026049674 
45 238 10 15 0.02601296 
4 275 11 14 0.025988214 
773 160 8 9 0.025958214 
624 110 10 12 0.025956549 
500 226 15 17 0.0259543 
607 135 8 11 0.025937337 
74 186 11 14 0.025904302 
38 365 14 16 0.02589697 
57 220 12 15 0.025889914 
942 168 17 23 0.025877114 
936 223 10 12 0.025868421 
594 173 9 12 0.025813373 
671 140 12 14 0.025810381 
463 88 8 10 0.025756897 
517 103 8 10 0.025694117 
314 175 10 11 0.02567125 
942 235 10 13 0.025654187 
507 187 10 12 0.025646804 
1006 246 18 26 0.025577284 
760 272 11 12 0.025565665 
78 245 8 11 0.025546735 
512 87 8 10 0.02544465 
589 71 9 11 0.025349706 
367 53 9 11 0.025333306 
329 133 11 14 0.025318928 
481 149 9 13 0.025310786 
347 230 12 15 0.02520717 
70 320 8 10 0.025196062 
566 279 9 11 0.025154853 
367 255 9 11 0.02513458 
359 117 11 14 0.025127046 
494 87 10 12 0.024956563 
404 99 12 13 0.024956377 
980 167 11 14 0.024904205 
599 94 10 13 0.024896795 
0 299 8 14 0.024872629 
361 254 9 11 0.024857443 
368 260 10 13 0.024854213 
474 629 12 15 0.024835778 
606 86 9 11 0.024757428 
-1 548 23 28 0.024755312 
145 287 8 9 0.024734829 
606 192 9 12 0.024716975 
37 241 12 16 0.024696 
808 212 8 11 0.024681766 
215 184 11 14 0.02465948 
330 138 13 16 0.024597237 
736 255 8 10 0.024567727 
973 288 10 12 0.024488786 
126 304 8 10 0.024447612 
40 309 9 12 0.024443047 
981 231 10 13 0.024404986 
664 164 8 10 0.024383277 
719 167 7 10 0.024327349 
513 159 7 10 0.024216725 
560 167 7 10 0.024185617 
589 218 13 15 0.024132753 
966 245 10 11 0.02413134 
593 295 7 8 0.02411533 
1013 200 9 13 0.024110915 
657 109 11 14 0.024095476 
750 175 8 11 0.024090229 
509 64 8 11 0.024085246 
132 237 9 11 0.024084622 
75 211 12 15 0.02407882 
511 228 9 13 0.0239716 
728 232 9 11 0.02396024 
566 108 9 11 0.023941321 
584 119 9 11 0.023870079 
566 240 9 11 0.023813603 
680 252 9 11 0.02374587 
354 213 10 12 0.023742147 
945 168 10 13 0.023735514 
425 68 9 12 0.023727298 
641 278 9 11 0.02371465 
558 204 9 11 0.023709252 
409 212 14 16 0.023678865 
109 187 19 23 0.023633236 
976 260 10 14 0.023627397 
47 203 12 16 0.023602976 
398 93 12 14 0.023552587 
989 166 9 12 0.023459576 
797 129 8 10 0.023431605 
535 80 8 10 0.023289332 
742 255 7 10 0.023285912 
698 264 8 10 0.023280585 
616 190 9 11 0.023255743 
729 183 8 10 0.023212811 
181 185 9 10 0.0231866 
469 190 9 13 0.023183146 
590 158 8 10 0.023152463 
480 239 9 12 0.023147577 
863 213 10 13 0.023128107 
461 126 10 14 0.023119098 
992 192 19 23 0.023019059 
487 105 9 11 0.023005048 
429 118 8 11 0.022977123 
173 311 9 12 0.022969332 
504 102 8 9 0.02295304 
345 220 11 14 0.022944784 
695 151 8 11 0.022931801 
736 215 9 11 0.022857143 
488 252 8 11 0.022708612 
257 170 10 12 0.022660164 
679 234 11 13 0.022648698 
423 64 8 11 0.022639612 
574 125 10 12 0.022523867 
533 254 8 10 0.022521319 
623 198 9 11 0.02248805 
583 287 7 9 0.022446645 
927 167 9 10 0.022427186 
657 100 11 12 0.02235626 
532 173 10 13 0.022345256 
616 112 10 13 0.02232695 
48 272 9 13 0.022270625 
702 188 9 12 0.022261348 
137 288 7 9 0.022225184 
390 179 8 11 0.022212671 
152 231 9 11 0.022203816 
741 150 10 12 0.022200732 
631 271 8 9 0.022182252 
468 491 14 17 0.022175262 
31 372 11 13 0.022146143 
825 216 9 11 0.02214245 
617 240 8 11 0.022095118 
361 245 9 13 0.021994857 
750 180 9 10 0.021954427 
561 95 8 10 0.021860357 
909 221 11 14 0.021839388 
113 300 10 14 0.021734504 
560 181 9 12 0.02173197 
874 128 7 9 0.021656241 
88 325 7 9 0.021649938 
864 173 10 12 0.021649605 
544 167 8 10 0.021643851 
1006 220 13 14 0.021641415 
588 140 11 13 0.021623135 
478 279 8 10 0.021619398 
890 150 9 10 0.021618893 
730 166 8 11 0.021594971 
614 100 9 11 0.02155321 
517 95 8 10 0.021548988 
750 168 8 10 0.021542937 
483 189 12 14 0.021521498 
515 165 8 10 0.021504039 
62 227 14 18 0.021500621 
656 240 9 12 0.021490231 
678 247 10 11 0.021425977 
469 277 10 12 0.021423146 
878 129 8 9 0.021422883 
624 148 8 11 0.021422392 
545 198 9 12 0.021402579 
926 175 9 11 0.021398742 
500 175 18 25 0.021393768 
876 159 9 11 0.021373441 
585 261 9 10 0.021368103 
598 260 9 10 0.02133579 
745 175 9 11 0.021313984 
167 183 8 11 0.02129256 
654 134 11 13 0.021242741 
126 221 10 12 0.021218015 
381 103 8 11 0.021201102 
344 93 10 12 0.021182252 
876 231 13 17 0.021159278 
755 286 13 14 0.021115439 
324 150 20 23 0.021075474 
184 172 9 11 0.021068366 
624 190 8 10 0.021061862 
681 159 9 11 0.02103501 
534 198 9 12 0.021028332 
855 227 10 12 0.020998504 
675 126 20 23 0.020995324 
773 174 9 10 0.020978084 
617 285 9 10 0.02096701 
623 270 9 10 0.020886946 
735 286 9 11 0.020854741 
121 221 10 13 0.020832153 
294 157 9 10 0.020815134 
744 140 10 14 0.020809222 
661 95 10 11 0.02078943 
623 203 8 11 0.020763878 
966 149 9 12 0.020746421 
510 126 10 12 0.020743549 
954 197 9 11 0.020733513 
843 206 10 12 0.02071614 
576 229 10 13 0.020716103 
330 125 9 11 0.020671168 
696 157 8 10 0.020622374 
886 198 10 12 0.020620955 
1008 282 22 28 0.020551108 
517 211 11 14 0.02054914 
457 94 8 11 0.020548988 
567 309 9 11 0.020548373 
533 239 9 12 0.020534951 
261 187 10 14 0.02049018 
114 308 10 11 0.020472685 
589 76 11 13 0.020471156 
729 190 9 10 0.020440858 
582 229 11 14 0.020424975 
102 301 9 12 0.020367874 
906 180 8 11 0.020322658 
894 215 11 14 0.020298926 
142 197 8 12 0.020287797 
177 293 8 10 0.02024468 
486 154 12 14 0.020240303 
651 191 8 11 0.020225111 
193 221 10 11 0.020217607 
997 287 14 16 0.020210426 
481 109 9 12 0.020191813 
1011 234 13 17 0.020190548 
646 272 9 10 0.020170419 
567 212 11 14 0.020148287 
1005 261 23 30 0.02014259 
190 280 7 10 0.02012844 
70 325 7 11 0.02011258 
637 173 10 12 0.020105816 
438 118 13 14 0.020100959 
420 132 11 14 0.020046515 
910 191 10 11 0.020033726 
557 103 10 13 0.020012425 
260 126 12 15 0.020011656 
