0_Parade_marchingband_1_488
143
445 267 22 31 0.9785986 
41 267 20 26 0.97782284 
270 332 14 17 0.93144536 
323 314 14 19 0.8090414 
610 323 13 19 0.6829161 
895 391 9 12 0.49489683 
684 330 11 15 0.36380032 
86 114 13 17 0.3335406 
763 372 12 15 0.2536385 
910 383 9 12 0.25166717 
698 383 14 16 0.22445135 
854 364 9 12 0.2126375 
678 327 12 17 0.2094609 
760 367 10 13 0.17328413 
938 376 8 10 0.17253666 
973 390 7 11 0.16858676 
728 360 9 12 0.16280648 
59 120 14 16 0.15231046 
605 319 14 19 0.13628845 
79 267 22 27 0.131805 
912 386 10 13 0.12836896 
906 383 8 11 0.10411383 
372 344 10 13 0.10363469 
860 213 11 13 0.09763597 
645 350 10 14 0.09318939 
784 395 12 13 0.08291071 
850 365 10 13 0.082039095 
919 421 13 18 0.07611141 
948 407 11 12 0.07333916 
725 338 13 16 0.06880137 
95 70 11 13 0.060976494 
939 380 11 14 0.060786933 
985 406 8 10 0.058007836 
215 124 8 10 0.0568229 
809 383 8 10 0.055135857 
851 357 10 14 0.054742433 
872 405 10 12 0.05346628 
617 322 14 20 0.052232273 
968 406 9 11 0.051845443 
673 329 13 18 0.05120588 
601 320 12 14 0.05048607 
600 327 13 18 0.04917652 
900 388 10 13 0.047412537 
689 330 13 17 0.046052862 
81 115 12 17 0.045840304 
823 402 13 16 0.044788793 
848 370 10 12 0.043163195 
915 383 13 14 0.041665 
889 396 10 13 0.04091308 
940 385 13 16 0.04085078 
870 378 12 15 0.04045071 
853 369 10 12 0.04013241 
737 326 10 12 0.03869465 
856 207 10 12 0.038527668 
760 122 12 14 0.037743833 
512 352 10 11 0.03698845 
758 387 12 14 0.036947273 
721 364 9 13 0.036086958 
985 401 9 11 0.035755012 
93 367 10 12 0.034353644 
844 396 9 12 0.03385138 
66 120 14 15 0.03383292 
984 414 9 12 0.033308323 
430 275 12 18 0.032896936 
448 195 9 11 0.032272644 
253 290 16 20 0.03207402 
736 388 10 11 0.031830665 
805 398 9 12 0.03180777 
392 302 11 13 0.031616375 
758 373 19 23 0.031095566 
741 384 9 11 0.031043192 
849 200 8 9 0.031017695 
649 1 87 112 0.030624306 
1 243 11 16 0.030300159 
865 380 11 14 0.029952252 
725 369 12 15 0.029710747 
1002 210 21 36 0.029691288 
721 358 8 11 0.029140936 
503 312 11 14 0.028917791 
77 102 10 14 0.028715063 
646 349 22 28 0.02808416 
104 296 15 20 0.028051717 
860 365 8 11 0.027956044 
752 347 10 13 0.027788147 
399 318 22 31 0.027705733 
941 397 12 13 0.02766199 
605 333 15 20 0.027450424 
845 391 8 12 0.027329126 
949 364 9 11 0.02725013 
1013 309 9 15 0.027216269 
307 347 42 44 0.02651122 
756 328 215 191 0.02645667 
75 229 21 28 0.026429852 
398 298 12 14 0.025907382 
983 435 9 12 0.025890915 
807 388 10 11 0.025722627 
764 387 12 13 0.025180843 
899 396 11 13 0.02499644 
122 60 13 18 0.024972767 
944 368 8 9 0.024911605 
969 395 9 12 0.024908466 
837 423 9 11 0.024835274 
639 343 11 15 0.024804087 
836 221 11 13 0.024502702 
907 378 17 22 0.02450139 
753 366 10 14 0.024427466 
463 308 11 13 0.024242787 
326 340 14 16 0.023960669 
757 347 10 12 0.023946293 
734 333 10 13 0.023808196 
86 263 13 16 0.023568813 
911 414 10 12 0.023482013 
425 277 12 18 0.023392074 
730 362 12 14 0.023344615 
876 376 11 12 0.023332585 
989 420 9 11 0.023244968 
639 352 13 17 0.023108965 
54 124 24 27 0.023070337 
837 429 9 12 0.02304048 
591 330 11 16 0.022803985 
685 389 10 13 0.02255904 
854 206 20 24 0.022078011 
849 212 10 12 0.021937001 
890 364 8 11 0.021731626 
428 339 31 32 0.021553906 
969 411 9 11 0.021549793 
59 112 21 25 0.021332463 
494 333 13 16 0.02131836 
688 302 10 12 0.02123187 
863 396 9 12 0.02114743 
68 108 13 17 0.021005025 
855 200 8 10 0.020981183 
720 238 9 10 0.020747421 
766 395 10 12 0.020739695 
772 373 10 13 0.02070805 
71 103 10 13 0.02069375 
757 395 11 13 0.020525718 
677 333 15 21 0.020481007 
329 319 15 19 0.020418307 
833 223 8 11 0.02032701 
657 325 24 30 0.020205902 
742 330 10 13 0.020078093 
719 348 11 14 0.020026838 
