0_Parade_Parade_0_102
461
84 539 14 19 0.9872032 
741 539 17 19 0.9546402 
524 539 21 26 0.9454184 
269 531 16 21 0.9386373 
934 438 27 30 0.9356056 
331 542 15 21 0.9264969 
183 535 20 25 0.92615455 
425 540 16 21 0.90802795 
804 441 29 34 0.8707195 
58 542 16 19 0.84214807 
661 528 19 21 0.8274239 
595 524 19 23 0.80181473 
495 523 14 18 0.7757313 
380 542 12 16 0.72527456 
222 529 11 14 0.6422944 
548 540 17 21 0.6129305 
48 528 10 12 0.60809684 
866 539 18 23 0.5879692 
515 524 15 20 0.57325065 
294 526 11 14 0.55495757 
749 499 15 18 0.49831992 
10 526 10 13 0.46930918 
135 528 10 13 0.4360437 
30 527 8 11 0.388411 
294 502 11 13 0.37618575 
64 519 9 11 0.36427438 
365 539 10 12 0.35802066 
12 532 9 11 0.34477782 
389 472 8 11 0.33504027 
613 526 13 17 0.29682246 
260 477 11 14 0.29253983 
352 494 7 9 0.28075197 
779 394 14 17 0.26539147 
327 530 14 17 0.26468113 
296 540 11 15 0.26280233 
637 541 12 17 0.24146703 
336 478 9 12 0.23938426 
376 492 8 11 0.21599868 
538 539 18 25 0.21486256 
717 527 10 13 0.20974216 
405 505 9 11 0.20885769 
360 487 7 9 0.20678625 
368 470 8 10 0.19823283 
66 523 9 12 0.19720219 
110 555 9 12 0.19677563 
675 532 11 14 0.19378798 
638 533 12 15 0.19167243 
236 479 10 13 0.18767816 
292 493 11 14 0.18508494 
342 533 13 18 0.18047325 
684 542 10 14 0.18006125 
246 467 10 12 0.17708045 
328 508 9 12 0.17310834 
375 524 9 11 0.16858852 
514 557 11 14 0.16709147 
328 503 8 11 0.16390121 
440 445 8 12 0.16070905 
832 493 27 35 0.15594399 
679 538 11 15 0.15295172 
584 531 11 15 0.1448204 
141 550 8 12 0.1381977 
30 532 10 11 0.13642192 
402 509 9 11 0.13567339 
845 569 13 17 0.1305098 
478 524 11 14 0.12963477 
313 471 10 11 0.12910537 
125 559 9 11 0.1278544 
333 472 9 11 0.12557033 
120 558 8 11 0.123349555 
359 471 8 10 0.113494284 
565 526 9 13 0.113272876 
167 519 9 13 0.111004904 
148 516 12 15 0.11096354 
292 486 10 13 0.10896972 
69 520 9 11 0.10798126 
385 563 10 13 0.10652438 
294 471 9 11 0.10649293 
78 519 8 10 0.10484411 
688 564 11 14 0.10426022 
128 527 10 14 0.10255062 
639 526 10 13 0.102185085 
576 524 10 13 0.09939758 
353 471 8 10 0.09937945 
238 509 9 13 0.098282784 
185 501 9 11 0.09793647 
553 471 9 11 0.09673733 
444 590 11 14 0.09553232 
400 564 12 14 0.09436071 
162 638 10 11 0.09254418 
0 511 7 11 0.091082625 
221 516 11 14 0.09009642 
527 477 13 14 0.08997595 
406 472 6 10 0.08955066 
557 532 15 20 0.08802128 
385 477 7 10 0.08600329 
289 525 12 15 0.085810594 
724 526 9 12 0.08573915 
440 517 11 13 0.085615724 
583 524 10 15 0.08539864 
301 534 11 13 0.08443233 
270 495 8 13 0.08377215 
249 499 10 13 0.08309188 
392 493 7 10 0.08257303 
276 528 11 14 0.08237952 
645 538 11 16 0.08232056 
511 472 8 10 0.08160475 
418 502 7 11 0.08104275 
620 410 11 14 0.076407716 
409 591 10 13 0.07521741 
205 524 11 15 0.07402876 
756 547 15 18 0.0730752 
487 524 12 16 0.071186 
962 503 16 20 0.07048042 
127 509 9 12 0.069549896 
57 518 8 11 0.069182076 
139 525 12 15 0.068432 
566 654 10 12 0.06766008 
106 555 10 13 0.06763995 
447 485 10 12 0.06658116 
454 479 8 11 0.06653106 
445 574 10 13 0.06652503 
253 496 9 12 0.06597674 
31 582 8 11 0.065529555 
340 480 9 11 0.06505029 
342 485 8 10 0.06485041 
416 430 7 8 0.06411409 
117 552 8 10 0.06318462 
583 499 11 13 0.06265132 
453 484 8 11 0.0624687 
382 537 11 15 0.060904954 
311 525 10 13 0.06024271 
338 540 16 19 0.059380688 
473 479 7 9 0.058779165 
446 492 10 12 0.058733653 
375 472 6 9 0.058728684 
402 476 8 10 0.058219705 
200 525 12 16 0.057363294 
422 522 12 13 0.05576981 
39 521 8 10 0.05576392 
766 503 25 33 0.05572626 
207 518 10 15 0.055182155 
693 531 11 13 0.05517525 
963 491 24 31 0.05484586 
286 530 12 14 0.05454193 
835 546 12 16 0.05387759 
95 525 11 14 0.05370207 
417 424 7 10 0.053681165 
464 452 10 12 0.053259235 
263 474 8 11 0.053176716 
152 395 11 14 0.05305509 
26 532 8 11 0.05300283 
406 486 7 9 0.052867148 
591 518 13 17 0.05267665 
184 472 8 10 0.05230428 
64 599 8 11 0.05215523 
33 575 8 11 0.051818687 
687 525 10 13 0.051590797 
326 496 9 10 0.05131545 
302 494 9 14 0.051235043 
377 479 7 9 0.051120795 
522 499 10 13 0.05018849 
104 551 10 12 0.049818605 
440 511 11 13 0.049755305 
473 525 11 14 0.049517855 
51 531 11 13 0.049494855 
300 500 9 12 0.04897542 
742 504 16 17 0.048360325 
190 495 9 10 0.047983628 
470 453 9 11 0.047811773 
742 597 10 14 0.047049113 
80 583 10 13 0.046753235 
445 580 11 14 0.046519436 
93 480 8 10 0.04579821 
0 559 10 15 0.04557951 
479 477 8 10 0.045058455 
136 555 11 13 0.044914965 
40 525 9 12 0.044874944 
318 526 10 14 0.04452887 
158 517 10 14 0.044062786 
631 477 13 17 0.04394517 
406 494 8 10 0.043756858 
349 526 11 14 0.04350563 
269 509 9 12 0.043279506 
391 503 7 11 0.043095116 
142 509 13 16 0.04266207 
388 558 10 14 0.04225395 
416 521 8 11 0.042183936 
840 566 13 17 0.0418973 
370 493 8 10 0.041882224 
742 505 24 26 0.041810546 
79 588 12 14 0.041546024 
444 447 9 11 0.041487463 
294 476 11 14 0.041409716 
439 484 12 14 0.04136628 
330 477 8 11 0.04119601 
265 509 9 12 0.0411608 
247 540 11 14 0.041100774 
479 447 8 10 0.04103122 
400 398 8 12 0.041027892 
68 532 11 15 0.040877678 
400 488 7 9 0.04077046 
757 532 13 15 0.04029378 
361 534 11 14 0.040122032 
182 476 9 12 0.040104706 
216 526 12 16 0.040017057 
561 528 10 13 0.03996486 
421 501 10 12 0.039769266 
433 432 6 9 0.038908917 
853 530 24 32 0.038697526 
445 453 9 11 0.03865239 
269 519 11 14 0.038584035 
496 477 9 11 0.038203802 
343 470 8 11 0.038180955 
504 473 7 10 0.03806237 
966 461 10 13 0.03803748 
9 521 8 11 0.03799363 
53 585 8 10 0.037542474 
375 534 10 13 0.03752919 
588 494 10 13 0.03718359 
863 524 12 15 0.036864974 
360 480 7 9 0.03680774 
701 545 14 16 0.036708195 
261 524 17 22 0.036228698 
281 477 10 14 0.03612158 
680 508 12 13 0.036103416 
311 475 11 13 0.036033195 
286 477 11 14 0.036017686 
642 545 12 16 0.035972472 
479 470 10 11 0.03593697 
708 652 13 15 0.035867926 
346 494 9 10 0.035734713 
439 522 12 15 0.03550803 
208 511 9 13 0.03546578 
747 513 14 16 0.03534734 
232 482 12 15 0.035221245 
250 528 208 219 0.034925908 
24 521 8 10 0.034885786 
415 545 12 17 0.034832876 
438 441 8 11 0.034815162 
421 478 11 13 0.034764934 
266 501 9 11 0.03454869 
423 447 8 10 0.034090888 
478 492 11 14 0.03402318 
531 484 11 13 0.033515256 
571 468 13 16 0.033451214 
759 496 23 32 0.033362363 
409 547 10 14 0.03334486 
367 466 8 10 0.033275597 
754 539 15 18 0.03318713 
221 468 12 12 0.033092614 
381 524 10 12 0.03294609 
150 546 11 16 0.03286236 
121 562 9 13 0.032795504 
701 526 10 12 0.032585822 
463 471 8 11 0.032528095 
618 524 12 17 0.032326665 
32 522 9 10 0.032187745 
440 450 9 13 0.03195322 
742 521 25 29 0.031857464 
-1 580 6 12 0.031856354 
383 510 8 11 0.03183485 
65 606 9 11 0.03181709 
317 477 9 11 0.031724915 
422 423 8 9 0.031719018 
446 564 12 15 0.03170865 
309 532 10 13 0.031685136 
185 374 10 13 0.031662658 
392 509 7 11 0.031554572 
576 530 11 15 0.031545423 
457 454 9 11 0.03140889 
728 383 10 12 0.031337492 
478 452 9 12 0.031326648 
215 471 9 12 0.031312197 
96 640 9 12 0.031279538 
65 614 8 11 0.03103253 
50 588 9 12 0.031015515 
215 515 11 15 0.031012665 
396 638 9 13 0.030969633 
776 582 11 14 0.030832678 
445 556 13 16 0.030821366 
160 507 9 13 0.030747648 
381 518 9 12 0.03067037 
810 437 19 22 0.030569129 
38 533 10 12 0.03045061 
255 472 10 12 0.030393662 
367 488 7 9 0.03038182 
831 572 11 16 0.03015858 
685 532 11 16 0.029904367 
439 492 11 12 0.029754113 
460 646 10 13 0.029753217 
683 587 12 14 0.029701702 
561 538 13 19 0.029677154 
288 505 14 16 0.029518496 
433 439 9 11 0.029453577 
37 573 9 12 0.029208995 
586 526 20 26 0.029174423 
321 531 10 15 0.028971823 
431 467 10 12 0.028969614 
131 523 18 23 0.02874437 
687 366 9 12 0.028714692 
302 477 9 13 0.028708396 
231 375 212 234 0.02851285 
191 472 8 10 0.028510213 
278 492 11 15 0.028457198 
329 485 7 10 0.028422927 
602 519 16 19 0.028392736 
186 507 10 14 0.028272819 
816 404 12 15 0.028239993 
321 495 8 11 0.028109446 
523 531 16 22 0.027981816 
358 613 10 12 0.027975515 
247 525 9 14 0.027882295 
302 485 9 12 0.027853299 
502 477 8 11 0.027818736 
369 477 8 10 0.027724572 
386 539 13 16 0.027423646 
439 502 11 13 0.02741651 
175 381 9 13 0.027405025 
494 512 14 15 0.027383478 
401 403 9 12 0.027220134 
231 493 10 11 0.027084576 
765 511 16 21 0.027029809 
327 515 12 14 0.026989207 
440 592 13 17 0.02690486 
434 545 13 17 0.026903728 
95 520 10 12 0.026873713 
878 564 14 17 0.026812296 
13 521 9 11 0.026754105 
319 486 9 10 0.026694497 
134 540 12 15 0.026536066 
382 493 8 11 0.026489817 
261 516 14 18 0.026444687 
434 444 9 13 0.026307223 
358 491 8 11 0.026192842 
501 511 13 15 0.026166784 
44 523 19 22 0.026132155 
664 391 9 11 0.026102532 
385 466 17 23 0.025983196 
451 563 12 14 0.025965184 
839 511 27 36 0.025918625 
452 491 9 13 0.025892263 
656 531 15 19 0.025768744 
33 567 9 11 0.025760964 
358 519 8 11 0.025709307 
122 511 8 11 0.025699144 
28 646 9 13 0.025693173 
401 392 7 9 0.025664434 
413 575 9 11 0.025609175 
63 514 9 10 0.025595866 
127 538 12 15 0.025497362 
524 494 12 14 0.025490759 
280 472 9 11 0.025482304 
32 540 9 11 0.02541547 
686 519 10 13 0.025383849 
411 581 10 11 0.025382202 
583 487 212 214 0.02511946 
827 564 12 16 0.024990572 
723 532 12 15 0.02494572 
4 510 8 11 0.024909947 
429 597 10 14 0.024828205 
438 462 9 11 0.02475016 
360 565 10 12 0.024650674 
382 486 8 11 0.024590809 
481 461 10 13 0.02454589 
939 477 25 34 0.024421353 
448 480 10 12 0.024378888 
288 471 10 12 0.02433943 
292 534 20 24 0.024306487 
713 520 8 11 0.024296528 
321 501 9 11 0.024248082 
353 499 7 11 0.024112323 
853 576 11 15 0.023952782 
390 535 10 12 0.023934957 
484 493 9 11 0.02391239 
178 477 10 13 0.023715742 
358 525 9 13 0.02368375 
830 533 22 28 0.023619844 
968 490 15 17 0.023502044 
428 523 12 15 0.023444146 
46 547 11 15 0.023413468 
360 466 8 10 0.023407742 
470 490 13 16 0.023353098 
640 519 10 13 0.023343632 
560 398 9 11 0.02326743 
365 509 8 11 0.022855109 
7 522 17 23 0.022722844 
426 606 10 12 0.022673609 
150 555 11 14 0.022655785 
444 501 11 13 0.022649582 
630 519 10 13 0.022596397 
506 517 20 26 0.022571879 
308 494 10 13 0.022509282 
633 649 9 11 0.022492955 
726 541 11 14 0.022473352 
70 598 9 11 0.022394067 
121 526 10 13 0.022311604 
535 395 9 11 0.022295933 
4 558 11 14 0.022253128 
480 564 11 14 0.022212433 
742 496 14 17 0.022186013 
78 574 11 13 0.022097643 
343 465 9 10 0.022068763 
535 429 10 11 0.022052607 
753 516 25 30 0.022038674 
440 565 11 14 0.022003965 
398 494 8 10 0.0219723 
524 519 11 14 0.021952879 
667 543 13 17 0.021890149 
90 533 13 17 0.02170427 
837 576 14 17 0.021696439 
325 354 192 232 0.021675613 
283 538 14 18 0.021656767 
101 519 9 12 0.021637915 
372 486 20 25 0.021634098 
692 540 12 16 0.021612823 
391 527 9 11 0.021611098 
603 436 14 16 0.02155123 
416 438 7 9 0.021537833 
836 588 13 16 0.021507595 
404 559 11 13 0.021455333 
421 493 11 14 0.021437831 
430 492 11 13 0.02143459 
901 553 16 21 0.021393558 
268 485 10 14 0.021338958 
78 565 12 13 0.021322649 
232 508 11 14 0.021261098 
398 527 8 10 0.02125493 
361 509 8 11 0.021236155 
577 499 11 14 0.021215992 
397 589 11 14 0.02119585 
430 484 12 14 0.021155555 
241 469 9 11 0.021137843 
682 366 9 11 0.021136997 
754 503 14 19 0.021121465 
632 543 13 18 0.021115748 
301 519 10 14 0.021108326 
455 438 7 10 0.02100314 
938 430 19 22 0.0209991 
56 514 8 10 0.020932429 
424 417 7 9 0.02091992 
31 587 9 12 0.020915762 
397 533 8 11 0.020911643 
399 502 19 23 0.020826776 
287 490 18 22 0.020819815 
197 495 8 10 0.020804169 
165 510 9 11 0.02078114 
860 521 22 27 0.0207644 
818 562 25 35 0.020627612 
178 485 9 11 0.02055156 
369 525 11 14 0.020538477 
35 580 10 13 0.020423764 
693 546 12 15 0.02039606 
572 579 10 14 0.02033164 
831 526 12 15 0.020236492 
290 526 20 22 0.020233879 
208 471 8 10 0.020186711 
522 476 21 24 0.020167874 
61 536 13 15 0.020110508 
38 541 9 11 0.020109927 
71 511 8 11 0.020080466 
399 515 9 11 0.020013317 
