0_Parade_Parade_0_353
154
494 238 26 35 0.989776 
836 262 21 27 0.9430006 
325 295 30 35 0.8932963 
693 247 14 18 0.8921258 
389 259 20 26 0.88572896 
887 247 14 18 0.8824995 
288 288 14 16 0.87802494 
456 284 10 12 0.6195862 
742 248 25 33 0.5951018 
259 298 14 17 0.42113227 
571 256 53 58 0.39304736 
203 304 16 19 0.37926114 
254 289 14 18 0.3389011 
315 265 13 16 0.31915194 
664 218 15 18 0.30316857 
860 249 14 18 0.3025282 
171 294 23 23 0.27791685 
207 300 22 25 0.17767866 
799 256 11 13 0.17542446 
103 246 9 12 0.17374454 
450 241 20 22 0.14809261 
600 235 43 46 0.14284131 
198 309 23 29 0.13291836 
155 374 10 11 0.12965862 
245 310 12 16 0.12627786 
151 388 11 14 0.114882186 
34 339 14 18 0.113253 
724 253 11 14 0.11180703 
824 277 11 15 0.1103999 
732 253 21 30 0.107127234 
0 367 8 12 0.10582302 
796 275 10 13 0.105248034 
295 340 15 17 0.10485451 
258 311 22 29 0.097787336 
121 370 18 21 0.09606271 
1 398 17 23 0.09225251 
937 249 9 12 0.07217211 
218 305 14 16 0.07073331 
296 336 23 28 0.06805002 
902 242 12 15 0.06782817 
796 267 14 17 0.06661625 
42 331 14 16 0.06594469 
562 266 36 47 0.06201733 
146 40 44 58 0.061880987 
721 255 22 30 0.058517043 
156 319 8 11 0.057232272 
904 302 8 11 0.057137456 
654 204 11 12 0.056761928 
942 248 7 11 0.056000117 
187 300 13 15 0.05588123 
458 278 13 17 0.05436119 
278 358 10 13 0.050626434 
42 338 15 17 0.04955712 
97 369 17 18 0.04954908 
782 269 11 16 0.0471398 
792 260 13 16 0.045003183 
724 289 15 20 0.044107623 
849 255 19 24 0.04367838 
445 267 11 15 0.043234106 
824 254 11 13 0.042728867 
317 329 13 17 0.042462602 
268 219 24 29 0.04224615 
309 258 21 28 0.04146108 
255 301 23 28 0.041398 
262 328 14 18 0.041304566 
752 249 22 27 0.040970746 
155 380 13 17 0.040776342 
148 307 13 14 0.040077616 
908 238 12 15 0.04005285 
432 280 9 12 0.038835093 
897 233 22 25 0.038332812 
189 355 11 15 0.03825753 
460 288 12 16 0.0378975 
926 240 9 11 0.037621513 
616 252 38 46 0.037069835 
256 288 22 26 0.037062418 
191 362 11 14 0.03677089 
68 365 11 15 0.036115833 
438 282 10 12 0.036109474 
5 371 9 12 0.035922196 
174 349 10 12 0.03554179 
276 323 11 15 0.035149697 
789 267 15 19 0.034440752 
926 246 8 10 0.033602107 
301 308 14 16 0.033103187 
290 315 26 29 0.032666683 
449 277 10 14 0.032626674 
255 308 13 15 0.032035664 
121 390 11 13 0.03149193 
382 266 24 29 0.031405948 
794 254 19 23 0.031374782 
827 272 17 21 0.031158064 
814 253 9 12 0.03057364 
718 255 16 21 0.030068308 
336 310 29 33 0.029762214 
910 253 9 11 0.02914182 
26 311 8 11 0.028733388 
917 239 11 13 0.028527807 
254 323 14 17 0.028140185 
377 276 24 31 0.02804029 
308 331 14 18 0.027606139 
183 349 12 14 0.027484657 
989 255 7 9 0.027447551 
529 192 9 13 0.026864242 
30 334 13 17 0.026752187 
167 317 11 13 0.026591733 
343 322 28 31 0.026377244 
919 254 9 11 0.026332034 
686 260 12 15 0.026234042 
302 303 11 13 0.02596587 
571 259 16 19 0.025829498 
52 333 12 14 0.025336385 
323 292 20 25 0.025222791 
244 305 21 27 0.025036436 
433 180 13 17 0.024910133 
284 345 14 16 0.024862528 
84 322 13 15 0.024809886 
155 402 16 21 0.024794344 
837 290 11 15 0.024738785 
300 312 18 21 0.02470511 
149 383 21 26 0.02466153 
59 366 22 28 0.024180822 
434 235 27 31 0.024146894 
428 335 14 15 0.024063934 
888 236 22 25 0.023988444 
51 340 13 15 0.023717158 
344 297 20 23 0.023693485 
732 251 14 19 0.023530917 
849 265 14 19 0.023452962 
376 285 13 17 0.02336793 
861 250 20 27 0.023023166 
259 266 11 14 0.022981394 
868 246 12 16 0.022934034 
184 342 23 29 0.02291307 
849 232 9 12 0.022667548 
71 324 12 13 0.022630436 
999 263 7 9 0.022320136 
1002 284 8 11 0.022241686 
897 301 9 11 0.022143532 
710 250 11 15 0.022140207 
276 349 14 16 0.022079458 
267 308 12 15 0.02188103 
919 245 9 12 0.021584425 
274 354 11 15 0.021430995 
195 346 15 19 0.021388022 
195 364 13 14 0.021129966 
186 321 28 35 0.020888703 
470 289 11 15 0.020765148 
197 328 15 20 0.020613749 
827 311 11 14 0.02054822 
282 356 13 16 0.020330481 
668 247 10 12 0.020236302 
60 386 14 17 0.02003436 
48 353 28 33 0.020027952 
