0_Parade_marchingband_1_379
228
956 314 13 16 0.87655056 
900 313 13 17 0.8564095 
425 304 33 39 0.83383375 
660 325 14 19 0.7822479 
850 316 13 18 0.7736401 
787 322 12 16 0.7413261 
537 313 21 28 0.7169179 
767 322 11 14 0.69919735 
600 321 13 16 0.6418196 
989 327 10 14 0.61253846 
189 323 21 27 0.5546438 
813 318 16 17 0.53800434 
696 285 23 28 0.48817366 
508 309 9 13 0.2724233 
878 323 10 14 0.24073264 
220 336 15 19 0.19920047 
285 318 28 31 0.18970667 
932 323 10 14 0.18425222 
878 317 10 13 0.17850688 
294 307 29 33 0.17344798 
61 3 14 16 0.16240089 
791 392 12 15 0.15581463 
265 328 17 21 0.15401077 
91 331 17 19 0.15268324 
280 305 28 32 0.14463012 
906 315 12 16 0.13766104 
283 303 17 21 0.13678123 
952 368 9 11 0.12952594 
875 294 12 15 0.12297933 
886 364 9 11 0.12184253 
99 332 16 19 0.11658287 
327 0 15 16 0.11126117 
765 365 11 14 0.11076064 
307 319 17 23 0.10935917 
815 328 14 17 0.10811417 
88 322 17 19 0.103242554 
382 319 23 27 0.102875315 
873 327 9 12 0.09895031 
381 302 24 26 0.098385505 
577 302 10 12 0.09129322 
742 356 14 17 0.084712334 
903 304 10 13 0.082135886 
228 331 14 19 0.08077861 
476 321 13 19 0.08068254 
639 391 13 17 0.078904115 
741 311 9 11 0.078534186 
828 315 12 16 0.077939115 
556 328 14 18 0.07742912 
393 325 15 18 0.07338817 
508 312 13 18 0.0716584 
911 343 9 11 0.07133829 
457 310 26 32 0.070852794 
954 359 8 10 0.07082201 
929 321 9 11 0.070536554 
373 320 13 19 0.06846818 
505 304 10 14 0.06846575 
547 321 21 26 0.06735814 
740 345 22 29 0.06377075 
829 363 11 13 0.060272425 
946 318 10 13 0.057299316 
1014 325 8 11 0.05544306 
819 310 14 17 0.055238236 
946 342 8 10 0.055076737 
823 364 12 14 0.054611657 
517 339 13 16 0.052981704 
380 314 17 20 0.052684084 
916 317 9 13 0.0523898 
819 312 20 25 0.05208849 
106 337 13 15 0.05103198 
298 321 20 23 0.05048172 
273 320 24 29 0.050074436 
996 326 9 12 0.04986601 
236 329 14 21 0.049407896 
310 11 12 13 0.047534972 
318 3 13 15 0.047526706 
99 322 19 22 0.047432292 
699 295 25 29 0.04699358 
536 325 16 21 0.04606615 
861 325 10 13 0.045853842 
230 406 12 15 0.044910938 
741 315 12 14 0.04490746 
798 376 10 11 0.044642363 
333 9 14 16 0.043683212 
856 348 8 11 0.04360178 
788 310 11 14 0.043575663 
752 317 11 15 0.043429025 
758 316 13 17 0.04318172 
663 397 13 15 0.04279203 
984 378 10 12 0.042586714 
919 343 11 13 0.041930716 
664 403 16 19 0.04174586 
841 365 10 13 0.041623324 
955 372 10 14 0.04113705 
198 327 25 30 0.04035979 
554 314 16 20 0.040188987 
439 311 34 38 0.039413843 
749 122 14 20 0.0393832 
392 303 16 20 0.03923203 
810 321 12 16 0.039196428 
716 305 15 18 0.03915789 
85 334 17 20 0.03895918 
999 356 9 12 0.03854072 
824 294 9 12 0.03817282 
999 350 10 12 0.0375207 
848 295 10 13 0.0368712 
219 354 16 19 0.036390074 
776 339 9 12 0.035780866 
468 318 16 22 0.03567837 
308 357 25 33 0.035009198 
339 5 11 14 0.034821894 
844 370 10 14 0.034726333 
418 313 28 35 0.034708682 
838 316 11 14 0.03460969 
636 401 13 18 0.034574024 
853 273 14 18 0.034233972 
242 330 15 20 0.03408025 
1005 342 9 12 0.0340167 
747 349 14 18 0.033607747 
770 317 12 16 0.03356259 
228 354 13 17 0.03295706 
999 344 10 11 0.032541115 
509 346 12 15 0.032489657 
952 319 13 16 0.032328743 
994 357 8 10 0.031961102 
870 203 12 15 0.031868257 
902 215 13 17 0.031059792 
881 383 9 10 0.030914178 
227 345 14 19 0.03080222 
943 350 8 10 0.030379264 
753 263 24 32 0.030360082 
820 301 11 14 0.030240655 
321 0 27 29 0.029435907 
791 355 10 13 0.029423185 
447 317 21 24 0.029316694 
67 1 13 12 0.029252645 
958 380 8 10 0.029227702 
793 381 11 13 0.02913999 
317 115 13 15 0.029057387 
756 286 17 21 0.028938243 
103 358 24 30 0.02857045 
510 333 12 16 0.028542273 
943 373 10 12 0.028088916 
304 324 25 32 0.028073885 
250 326 21 27 0.027916655 
213 332 16 20 0.02764351 
503 338 14 18 0.027623925 
861 357 9 12 0.027274212 
860 343 10 12 0.026978599 
896 376 10 11 0.026793543 
143 354 11 17 0.026488796 
944 367 9 11 0.026488537 
853 301 10 12 0.02647488 
1015 342 8 12 0.026270175 
525 331 12 16 0.02603629 
522 322 24 30 0.025940133 
956 366 10 13 0.025728859 
950 334 9 13 0.025681896 
830 332 12 14 0.025673749 
984 320 9 11 0.025640931 
874 319 18 23 0.025526475 
829 288 11 13 0.025415016 
819 336 14 16 0.024972836 
957 304 10 13 0.024953308 
895 283 11 13 0.024835227 
859 267 13 17 0.024814134 
977 356 9 11 0.024810225 
772 372 11 16 0.024801457 
410 323 16 20 0.024786586 
309 5 28 32 0.024785547 
1007 326 9 10 0.024719693 
965 359 8 11 0.024686173 
563 338 13 16 0.024656741 
372 320 23 30 0.024471732 
782 329 13 16 0.024448153 
622 318 12 15 0.024427328 
353 387 14 17 0.02427342 
714 288 16 22 0.024240956 
930 261 93 114 0.024097707 
334 56 12 16 0.024044571 
654 320 13 16 0.023864703 
211 413 13 14 0.02378917 
926 318 20 24 0.023725022 
749 350 21 27 0.023540774 
927 331 10 13 0.023501573 
1008 320 8 10 0.023468778 
572 312 15 20 0.023164682 
888 350 9 12 0.023032457 
294 20 10 11 0.022911597 
885 314 11 16 0.022898 
927 391 8 10 0.022872794 
880 375 9 11 0.022704449 
99 339 25 30 0.022644334 
836 311 11 14 0.02253751 
894 236 14 15 0.022352466 
400 322 23 28 0.02227689 
976 341 9 12 0.022266008 
924 348 9 11 0.022187829 
679 289 210 226 0.022144936 
680 314 12 16 0.022097003 
896 320 12 15 0.021786535 
758 341 10 12 0.021746062 
976 350 10 11 0.021694433 
515 310 11 15 0.021660386 
839 348 10 13 0.021495026 
854 263 12 15 0.021463545 
1005 333 10 12 0.02142157 
581 296 10 13 0.021420494 
743 342 12 16 0.021396158 
608 349 11 13 0.021388227 
124 415 10 12 0.02131813 
294 15 9 11 0.021218032 
989 374 11 14 0.021145362 
803 259 24 32 0.021133818 
668 319 21 26 0.021113295 
229 334 23 31 0.021068027 
976 269 27 33 0.021067673 
885 334 11 14 0.02096597 
861 348 10 12 0.020962568 
507 321 14 17 0.020928862 
881 360 9 11 0.020611966 
427 297 21 26 0.020586738 
563 322 13 19 0.020569535 
613 320 12 17 0.020436725 
982 358 7 10 0.020214992 
675 338 13 18 0.020194262 
772 308 11 14 0.020088406 
781 203 21 26 0.02006111 
316 362 16 21 0.020041067 
