0_Parade_marchingband_1_360
257
473 102 52 65 0.9982146 
855 132 48 57 0.990409 
90 157 48 51 0.98949695 
933 298 15 18 0.9702637 
578 225 24 28 0.85227495 
763 317 14 16 0.65112966 
244 260 15 21 0.46930858 
42 196 12 15 0.42702186 
325 322 11 12 0.3124773 
676 309 10 13 0.263061 
1000 326 7 9 0.22540307 
374 246 12 14 0.2137126 
650 264 8 11 0.17945439 
661 287 9 11 0.1349421 
693 315 9 12 0.12206239 
310 262 8 10 0.112552084 
193 343 9 10 0.10957878 
361 237 10 11 0.10493839 
754 300 12 15 0.103418455 
9 335 8 11 0.101946585 
421 148 11 15 0.095778085 
211 248 44 53 0.08689266 
958 73 7 8 0.07657665 
965 94 8 10 0.07567312 
289 299 11 12 0.071658425 
1001 278 9 10 0.06938566 
394 244 10 14 0.06714549 
743 323 9 12 0.066655435 
639 324 9 11 0.06662327 
1002 71 7 10 0.06336606 
710 309 9 12 0.062617585 
953 79 7 10 0.059242614 
887 72 8 10 0.056778908 
714 294 9 10 0.056227617 
214 222 7 10 0.05583669 
222 261 13 14 0.053898536 
624 307 11 12 0.05385823 
721 323 16 18 0.053839758 
1002 55 7 9 0.05345777 
749 323 11 13 0.052309208 
657 309 8 12 0.051618602 
235 258 26 33 0.051225122 
704 305 9 11 0.05119926 
688 310 8 11 0.05100889 
950 31 8 10 0.050839577 
896 71 7 9 0.050681062 
817 24 8 9 0.049278133 
361 244 10 12 0.048638385 
776 48 8 9 0.048195135 
977 73 6 8 0.047643557 
757 308 13 15 0.047429085 
663 317 8 11 0.047105413 
717 300 12 14 0.046764314 
364 233 9 12 0.046695545 
672 313 11 14 0.044904854 
711 317 10 13 0.044644684 
367 245 10 14 0.044147994 
1014 96 7 10 0.043834437 
673 306 10 11 0.043298878 
656 304 8 11 0.042418603 
983 71 7 8 0.042161323 
1009 94 7 10 0.04206693 
712 302 9 12 0.04196176 
967 328 8 10 0.041012283 
30 204 9 12 0.040231533 
865 40 7 9 0.039883986 
998 111 9 10 0.039789103 
879 107 13 16 0.039469447 
910 49 8 9 0.039361704 
985 64 7 9 0.039342158 
1001 88 7 9 0.03929148 
983 342 7 9 0.0385628 
866 47 6 8 0.038525533 
719 309 11 13 0.038512982 
992 88 7 8 0.03841631 
724 308 12 14 0.038178317 
714 289 8 9 0.037576098 
722 315 15 17 0.03741755 
293 296 9 12 0.037078284 
306 263 8 10 0.03700715 
303 300 9 11 0.036714043 
9 231 8 11 0.036451723 
911 53 7 10 0.03628213 
954 72 7 9 0.036157023 
1015 86 8 10 0.035881754 
991 64 7 9 0.035415504 
733 111 8 10 0.035098087 
952 86 7 10 0.03485866 
966 292 8 10 0.034616992 
336 262 7 9 0.034384377 
334 301 8 10 0.034158662 
966 88 7 9 0.03401863 
427 157 12 14 0.033957683 
711 133 8 10 0.033765543 
822 186 15 18 0.033369362 
1001 62 8 9 0.033145823 
929 71 6 9 0.033064414 
961 89 8 10 0.032835003 
775 237 10 11 0.032799866 
985 32 7 8 0.032766446 
976 111 7 9 0.032732926 
807 318 8 12 0.032601517 
903 71 7 9 0.032137502 
976 78 7 9 0.031963754 
743 280 9 11 0.03181178 
634 342 9 11 0.031540927 
243 255 13 17 0.0314805 
670 287 8 10 0.03141767 
946 31 8 9 0.031367373 
847 47 8 10 0.03119544 
688 327 9 10 0.031103238 
1000 48 7 8 0.030932507 
1008 47 7 9 0.030914297 
786 40 7 9 0.030614002 
654 255 9 11 0.030440811 
208 383 9 12 0.030264301 
1006 71 7 10 0.030028984 
1007 62 7 9 0.030002447 
686 288 8 10 0.029926416 
672 261 7 10 0.029868767 
961 46 7 9 0.029857516 
672 256 8 10 0.029494856 
721 256 8 9 0.029384881 
992 48 7 9 0.029367357 
662 310 8 12 0.02914998 
730 112 8 10 0.029132396 
658 316 8 11 0.028915366 
922 62 7 9 0.028794453 
823 55 8 10 0.028673174 
696 295 7 9 0.028513055 
320 248 8 10 0.028446203 
680 288 8 10 0.028441302 
0 356 7 11 0.028323483 
871 47 7 10 0.028289434 
970 73 6 8 0.028068218 
381 143 8 10 0.02805184 
849 71 7 9 0.028015118 
748 298 21 26 0.027858049 
976 56 6 9 0.027854627 
313 278 10 12 0.027794462 
1014 101 8 11 0.027764289 
985 55 8 9 0.027562074 
361 252 9 11 0.027442439 
39 194 20 23 0.02730103 
711 128 8 10 0.027040523 
961 288 9 11 0.02682187 
280 269 10 13 0.026794773 
724 342 10 13 0.026619498 
686 304 9 11 0.026506988 
992 70 6 8 0.026444932 
237 271 14 18 0.026382923 
968 57 7 8 0.026327334 
16 358 8 10 0.026297618 
1007 88 8 10 0.026271895 
652 266 10 12 0.026222393 
1002 78 8 9 0.02621441 
460 123 12 18 0.025965266 
663 271 9 10 0.02559038 
790 64 8 9 0.025493173 
946 79 7 9 0.025473729 
1009 24 7 10 0.025444599 
973 286 8 10 0.025362846 
905 48 8 9 0.02520717 
1009 29 8 10 0.02520022 
960 335 8 9 0.025006743 
776 121 7 8 0.02492888 
1005 271 8 11 0.02483495 
977 103 8 10 0.02482959 
798 47 8 9 0.024822706 
311 256 9 11 0.024818031 
921 87 7 9 0.024707053 
673 140 8 10 0.024671368 
895 38 7 10 0.024632992 
975 334 8 10 0.024385516 
1006 326 8 9 0.024152042 
975 328 7 10 0.024147522 
1007 111 8 10 0.024064569 
344 246 10 11 0.024038289 
928 80 6 8 0.02378051 
1006 77 7 10 0.023697276 
672 240 8 9 0.023683771 
744 257 7 9 0.023667913 
711 95 8 11 0.023544025 
848 78 8 10 0.023441514 
679 273 8 9 0.023265291 
983 119 8 10 0.023242617 
976 63 6 8 0.023164438 
912 72 7 9 0.023139557 
995 111 8 10 0.023098318 
286 276 10 13 0.0230892 
350 341 8 10 0.023054838 
663 279 8 11 0.022906194 
1007 335 8 10 0.022882888 
791 39 8 10 0.022869745 
823 39 7 9 0.02271309 
687 294 8 10 0.022642272 
678 255 8 10 0.022607733 
934 340 11 14 0.022423586 
957 78 8 9 0.02234513 
335 257 8 10 0.022307247 
433 134 8 10 0.0222843 
984 47 8 9 0.022223912 
1013 326 9 12 0.022120923 
1 352 8 11 0.022051958 
26 199 9 13 0.022039725 
982 366 9 11 0.022038696 
855 47 7 9 0.022037627 
800 31 7 8 0.022017946 
907 54 7 9 0.022011828 
329 262 7 10 0.021999892 
978 47 6 8 0.021986457 
1008 40 8 10 0.021909207 
639 285 8 10 0.021903927 
695 303 9 12 0.02181644 
702 142 9 10 0.021676494 
377 251 13 14 0.021659948 
848 23 7 9 0.021654757 
982 336 8 10 0.021647943 
706 128 7 9 0.021624546 
326 248 8 10 0.021585302 
999 116 9 10 0.021584004 
927 86 6 9 0.02156172 
729 94 7 9 0.021456335 
785 63 7 10 0.021407304 
935 118 8 9 0.02132437 
872 55 8 9 0.021306831 
726 72 8 10 0.021286024 
783 48 8 8 0.02122444 
628 303 8 12 0.02118806 
727 119 9 11 0.021172555 
749 262 8 10 0.020988375 
655 351 10 12 0.02093885 
783 318 9 13 0.020917483 
961 40 7 9 0.020889932 
328 255 7 10 0.020863293 
888 54 8 9 0.020741375 
864 73 7 8 0.020670425 
661 304 8 10 0.020631392 
993 336 8 9 0.020585507 
1005 286 7 10 0.020562511 
969 62 7 8 0.020557214 
718 302 22 26 0.020496465 
350 254 8 10 0.020495666 
1000 93 8 10 0.020434996 
990 30 8 10 0.020424547 
617 299 10 14 0.02037128 
810 95 7 10 0.020346643 
800 317 10 12 0.020336282 
716 324 23 29 0.020298956 
811 181 25 30 0.020269174 
335 286 8 10 0.020250045 
835 187 14 17 0.020202495 
969 22 7 9 0.02015822 
319 262 7 9 0.020148925 
728 279 8 9 0.020118644 
753 120 7 9 0.020087669 
376 259 10 12 0.020038815 
