0_Parade_marchingband_1_147
103
306 131 54 61 0.9988097 
504 88 76 84 0.9965738 
88 152 30 35 0.98998904 
215 159 44 49 0.98905087 
164 125 40 42 0.96453077 
613 148 36 42 0.8875562 
867 158 38 43 0.8368663 
405 178 57 58 0.590188 
752 99 15 19 0.4509213 
244 0 15 17 0.32322145 
315 34 19 22 0.28507802 
779 16 14 17 0.23302008 
422 41 55 71 0.21305831 
712 9 12 16 0.1828903 
0 43 10 16 0.1779351 
778 82 16 19 0.15591934 
297 2 17 17 0.13143088 
0 11 17 30 0.12837274 
17 160 26 33 0.11552518 
281 102 15 20 0.10998459 
808 12 14 18 0.10898229 
896 75 14 18 0.10564412 
201 2 15 16 0.098763764 
848 28 12 15 0.09444687 
637 161 37 42 0.09389596 
385 37 24 30 0.087262735 
410 2 20 19 0.07409982 
413 56 16 22 0.073412925 
854 53 11 15 0.07103172 
250 59 14 18 0.070913434 
555 7 30 36 0.06720008 
306 0 17 18 0.06290827 
215 -1 14 12 0.059476513 
350 540 11 14 0.050869726 
355 61 16 18 0.050845068 
29 55 21 27 0.050208516 
549 495 62 56 0.04932399 
964 311 55 55 0.048364617 
368 -2 23 16 0.045567628 
829 15 15 19 0.04295294 
885 5 12 14 0.040682737 
824 81 12 15 0.04049408 
928 4 13 16 0.039271977 
418 61 26 35 0.039119318 
264 6 24 28 0.038922925 
393 48 51 68 0.03709791 
714 108 18 21 0.03677579 
591 142 53 64 0.036504835 
965 22 12 16 0.035719234 
749 52 15 20 0.035664 
27 66 24 30 0.035534304 
123 13 45 56 0.034323417 
314 0 18 19 0.033597857 
181 116 32 45 0.033229534 
884 34 13 17 0.032110855 
955 52 12 15 0.03128984 
700 74 13 16 0.03092898 
609 50 14 18 0.03068047 
798 34 13 14 0.029974544 
268 93 42 54 0.029722994 
401 54 30 34 0.02948366 
938 51 13 17 0.028972853 
373 30 89 107 0.02883654 
846 51 14 18 0.028495084 
163 142 32 40 0.027879037 
425 1 18 20 0.027588762 
320 28 23 30 0.02757972 
419 54 11 17 0.027306812 
24 80 25 34 0.025921501 
699 139 13 16 0.025871126 
393 43 29 36 0.025632055 
797 57 13 16 0.025544267 
442 64 41 47 0.025538346 
912 36 12 16 0.025319852 
276 99 26 32 0.025166264 
952 39 10 12 0.024932 
476 52 81 100 0.024887877 
649 74 14 18 0.024622213 
380 29 47 57 0.023322035 
926 32 13 18 0.023283947 
338 101 50 67 0.02320451 
836 46 13 16 0.02292144 
0 23 19 33 0.022885915 
198 41 15 18 0.022742257 
952 45 11 15 0.022447644 
716 89 14 16 0.022388345 
629 149 37 41 0.022289772 
50 31 25 29 0.022231558 
260 68 12 15 0.022218602 
650 173 20 26 0.022115732 
828 119 17 19 0.021947626 
906 55 14 19 0.021462873 
744 44 10 13 0.021451086 
41 57 15 20 0.021353642 
386 184 37 44 0.021195078 
211 59 14 17 0.021179207 
386 20 26 33 0.021101493 
246 65 14 17 0.020901803 
816 44 12 14 0.020518102 
421 70 17 21 0.020509165 
851 33 12 14 0.020505117 
957 37 11 13 0.020302316 
400 198 46 51 0.020241367 
