0_Parade_marchingband_1_525
317
399 384 24 29 0.9922537 
676 382 22 26 0.9884043 
900 422 20 24 0.9526782 
537 395 21 26 0.94792163 
291 395 19 23 0.9460734 
193 374 22 26 0.92928505 
764 437 17 20 0.90455854 
135 412 18 22 0.83010364 
860 482 14 19 0.73578477 
833 417 16 20 0.69402957 
260 396 13 18 0.68070775 
44 429 10 12 0.62611216 
986 461 16 19 0.5700797 
813 420 12 15 0.5634996 
783 422 11 14 0.5198614 
222 322 12 15 0.50069827 
121 411 12 14 0.38227868 
624 413 13 16 0.3500413 
841 529 16 20 0.30841905 
796 431 12 15 0.28359264 
329 395 15 19 0.2715378 
927 429 11 15 0.27122954 
956 467 12 17 0.25446832 
156 419 11 14 0.2475589 
22 423 9 11 0.22522318 
945 435 12 15 0.22429623 
15 423 7 10 0.21978812 
240 390 9 13 0.21082777 
512 416 8 10 0.19887432 
725 397 13 18 0.19125354 
97 455 9 12 0.18522994 
458 477 10 12 0.17647275 
62 423 7 10 0.16453877 
711 504 14 18 0.16270792 
79 423 8 11 0.14749408 
118 241 12 15 0.12982503 
348 400 15 21 0.1255636 
292 363 11 14 0.12344609 
1000 441 14 17 0.12313952 
738 523 25 30 0.11962149 
730 400 15 19 0.11941604 
334 408 14 17 0.117220946 
616 445 12 14 0.11656902 
941 498 13 16 0.116495125 
484 487 10 12 0.115901165 
811 598 27 30 0.11569543 
794 420 13 16 0.115377076 
525 486 13 14 0.10372277 
583 422 11 14 0.10098546 
584 414 11 13 0.08788992 
777 421 11 13 0.08731663 
228 371 16 20 0.087037906 
24 427 9 12 0.08592703 
448 460 12 13 0.08326702 
790 427 12 16 0.082463846 
923 447 12 14 0.082392745 
105 479 8 11 0.08195984 
70 476 9 13 0.08022773 
211 377 14 19 0.07785009 
331 379 13 16 0.07709952 
735 435 13 17 0.07568607 
369 409 15 17 0.07503689 
87 428 8 12 0.07440766 
39 425 13 15 0.07400594 
79 480 9 12 0.0713301 
944 443 10 13 0.07116668 
819 427 12 15 0.07028734 
55 323 15 20 0.06751798 
243 395 11 16 0.06669331 
731 441 13 18 0.066642776 
124 244 10 13 0.065683395 
454 471 10 11 0.065536134 
317 536 11 13 0.06533353 
813 415 20 25 0.06469984 
435 472 12 12 0.064697765 
472 495 7 10 0.06440275 
257 378 12 16 0.060833644 
730 519 9 12 0.059551023 
1014 529 9 15 0.05726768 
340 402 16 21 0.05718467 
930 515 12 16 0.05661269 
949 473 15 20 0.05649153 
53 431 7 9 0.056189597 
277 373 12 15 0.056067728 
696 412 13 17 0.056063235 
973 459 15 17 0.05566686 
815 454 9 11 0.055378113 
481 491 10 11 0.055010892 
1001 32 25 47 0.054270275 
373 487 13 15 0.053293474 
238 403 12 16 0.052837044 
567 404 16 17 0.052669022 
601 427 11 15 0.052332334 
720 400 12 17 0.052243438 
471 511 7 9 0.052050058 
358 346 12 15 0.051730704 
739 415 14 18 0.05166759 
572 411 11 14 0.051403742 
72 407 9 11 0.051382918 
805 548 11 14 0.050903466 
949 452 9 11 0.05082685 
807 428 12 15 0.050697584 
515 414 10 12 0.049962103 
8 455 8 10 0.04977455 
739 439 14 16 0.04911453 
39 532 8 10 0.049024817 
338 394 15 20 0.048849784 
79 447 8 10 0.048419926 
740 404 13 18 0.04799805 
628 549 8 10 0.04731682 
340 388 14 18 0.046930965 
820 435 11 13 0.04684502 
463 503 9 11 0.045918074 
376 332 12 14 0.04582508 
84 423 11 12 0.045334235 
571 460 12 13 0.04529135 
157 322 12 14 0.045160968 
31 428 11 13 0.045098282 
170 397 10 12 0.044890326 
74 424 8 10 0.04466874 
887 504 24 28 0.044576794 
0 407 10 14 0.04449574 
111 476 8 11 0.04414903 
914 410 13 17 0.043086614 
584 549 8 11 0.04301586 
174 371 12 16 0.04279144 
447 466 12 13 0.042785432 
184 370 22 30 0.042142563 
815 433 11 13 0.041754246 
935 445 9 11 0.041597027 
173 390 10 13 0.041561924 
527 525 8 10 0.040737335 
316 474 12 13 0.040248543 
553 551 9 10 0.04023265 
124 407 19 23 0.040211774 
951 463 13 17 0.04019973 
184 334 12 15 0.039895695 
831 561 12 15 0.039498635 
776 415 9 13 0.039336666 
235 462 14 17 0.039114475 
418 535 9 11 0.03898636 
588 426 10 13 0.038571585 
525 504 11 13 0.0384362 
898 513 16 20 0.03817078 
218 370 21 26 0.03814991 
625 528 7 10 0.037974477 
65 472 9 12 0.037924033 
447 391 10 12 0.037738524 
773 426 14 19 0.037614606 
52 283 10 14 0.037423287 
734 400 21 28 0.036914017 
59 424 7 10 0.03676588 
727 373 10 13 0.03666651 
807 445 10 12 0.0364946 
478 520 7 9 0.03628953 
78 453 8 10 0.03587635 
972 494 10 12 0.035517063 
494 503 8 10 0.0349637 
29 509 12 15 0.03488127 
809 414 13 16 0.034108028 
287 494 12 14 0.03358316 
265 400 15 19 0.03357346 
496 444 10 13 0.033503205 
933 436 10 13 0.033457715 
512 502 8 10 0.033449 
506 415 9 12 0.033190876 
456 511 8 9 0.033147734 
429 490 11 13 0.032816887 
23 406 9 11 0.03276644 
558 422 9 11 0.032424018 
838 555 13 20 0.0323676 
828 528 24 31 0.032276407 
940 535 11 14 0.032235306 
323 348 15 19 0.031859707 
829 539 12 16 0.0314913 
808 452 9 11 0.031306148 
783 542 11 14 0.031169862 
49 448 9 11 0.0311516 
309 402 13 18 0.031092169 
842 423 13 18 0.031070312 
418 542 9 11 0.031042812 
516 421 11 13 0.031013623 
474 518 8 10 0.030947674 
104 403 11 15 0.030735053 
5 413 10 12 0.030674012 
998 411 14 15 0.030620709 
465 508 8 11 0.03018064 
946 499 14 16 0.03009335 
348 389 12 15 0.029870356 
726 418 10 13 0.02978011 
15 427 9 12 0.029526906 
78 406 9 12 0.02947454 
894 520 15 18 0.02934238 
781 432 13 18 0.029297452 
791 429 21 24 0.029022336 
624 545 9 11 0.028929453 
746 520 19 22 0.028743064 
100 459 9 12 0.0286079 
575 422 10 12 0.028516022 
884 405 10 14 0.028288005 
630 528 8 10 0.028178973 
720 418 11 13 0.027773662 
638 544 8 9 0.027450863 
84 229 12 15 0.027370738 
607 411 22 27 0.027362147 
545 535 9 11 0.027339928 
709 462 13 15 0.02717789 
354 401 22 27 0.027111523 
825 539 22 32 0.026650501 
108 361 24 24 0.026504269 
583 449 13 16 0.026299795 
25 536 9 12 0.026293613 
834 517 24 29 0.026274312 
271 378 12 17 0.02623061 
333 467 14 19 0.026089232 
82 238 24 36 0.026080431 
877 506 15 21 0.025733067 
85 388 11 13 0.025671871 
986 470 16 18 0.02566462 
733 425 21 26 0.025486493 
976 459 22 26 0.025293812 
226 319 11 14 0.0252445 
640 529 8 11 0.025222687 
30 536 8 10 0.025096357 
469 412 11 15 0.024991954 
548 395 22 27 0.024950333 
947 490 15 19 0.02492173 
567 419 11 12 0.024846299 
256 388 14 20 0.024571933 
364 408 24 27 0.024555892 
429 559 9 10 0.024525268 
231 405 13 16 0.024505654 
973 513 12 15 0.024503043 
584 477 11 12 0.024498979 
995 448 15 20 0.02445948 
323 490 13 16 0.024274476 
630 544 9 11 0.024272999 
813 425 24 27 0.024267139 
338 380 15 18 0.024073742 
552 544 8 10 0.024071177 
144 397 11 13 0.023998085 
934 524 11 14 0.023945445 
843 488 18 21 0.023845838 
29 423 10 14 0.023831854 
15 436 9 11 0.0237343 
713 479 17 21 0.023595681 
173 378 12 16 0.023557622 
798 547 13 16 0.023481676 
899 530 17 21 0.02346951 
244 401 11 16 0.023274345 
785 546 16 18 0.023193575 
734 417 13 17 0.023192734 
936 493 14 17 0.023094703 
727 377 12 17 0.023025788 
284 368 14 17 0.022972042 
624 496 10 11 0.022829372 
597 420 20 27 0.022751471 
633 510 8 10 0.02274215 
715 567 10 13 0.022722777 
822 452 11 15 0.022662254 
512 525 8 10 0.022590429 
838 435 11 15 0.022461576 
837 443 13 17 0.022432877 
696 529 11 14 0.022403164 
446 493 8 10 0.02235649 
9 448 8 11 0.022325473 
79 440 8 11 0.0222712 
780 550 16 18 0.022140034 
631 497 8 10 0.022039292 
520 503 10 12 0.021958807 
615 544 8 11 0.021896627 
780 442 11 15 0.021877926 
338 471 15 18 0.021724973 
852 525 11 16 0.021715991 
367 389 14 16 0.021651322 
688 358 10 13 0.021571822 
0 422 6 11 0.021522954 
49 544 7 9 0.021513766 
577 405 22 28 0.021507815 
895 538 13 17 0.02148193 
9 426 11 13 0.021415113 
884 502 16 21 0.021363778 
640 495 8 10 0.021349458 
829 449 12 17 0.021311577 
942 483 16 19 0.02117113 
768 420 12 15 0.021136615 
236 379 11 16 0.021130498 
776 406 10 13 0.021094095 
625 533 8 10 0.02107581 
54 435 8 10 0.021067576 
776 417 18 24 0.021039458 
183 377 13 18 0.021036727 
237 364 12 15 0.021008633 
110 422 9 11 0.020990288 
816 460 11 13 0.020888159 
184 328 10 14 0.020749738 
722 501 13 16 0.02074909 
375 327 11 14 0.020730155 
461 472 10 12 0.02072954 
836 467 15 18 0.020722285 
803 434 13 15 0.020713797 
258 459 17 21 0.020629875 
382 575 9 11 0.020617513 
111 410 10 14 0.02057852 
709 485 24 30 0.020546407 
851 545 23 31 0.020347819 
62 427 8 10 0.02033262 
423 420 14 17 0.020326236 
461 409 15 20 0.020299943 
616 573 10 11 0.020251838 
21 414 10 12 0.020241465 
109 485 10 12 0.02023829 
49 453 9 11 0.020216119 
23 475 9 12 0.020198686 
741 407 23 31 0.020159703 
719 388 12 18 0.020138878 
436 503 10 12 0.02000225 
