0_Parade_Parade_0_468
29
470 640 258 318 0.99984944 
15 592 83 117 0.9581607 
188 555 36 43 0.14343764 
824 1219 28 35 0.11084814 
-1 811 21 45 0.09637217 
99 609 40 55 0.08718757 
520 527 341 507 0.07222215 
837 1232 35 34 0.06337029 
850 1229 29 30 0.05657429 
170 736 68 83 0.050381824 
85 382 200 276 0.045434218 
39 296 373 474 0.043899294 
153 494 52 47 0.042903595 
570 825 406 548 0.042185035 
200 987 111 177 0.03685019 
635 404 26 29 0.03680774 
989 1207 35 43 0.033294026 
618 400 31 31 0.030035764 
867 1223 17 26 0.028933704 
808 1222 50 52 0.027145222 
835 1211 44 46 0.026551846 
222 1012 415 502 0.026522575 
879 1168 30 39 0.026148753 
770 1045 37 38 0.024526475 
828 1245 40 48 0.024128137 
693 114 100 144 0.022844236 
936 1160 33 41 0.022287827 
696 35 107 155 0.021193692 
69 609 52 68 0.02018323 
