0_Parade_Parade_0_317
428
308 78 14 18 0.9671409 
245 88 16 19 0.93338495 
605 106 16 19 0.9152149 
381 84 13 16 0.89651364 
223 98 13 17 0.88905674 
302 102 13 15 0.84353536 
331 75 13 16 0.81893367 
451 342 76 65 0.7134777 
540 94 14 18 0.71287906 
566 85 13 15 0.6997157 
103 69 13 15 0.6772748 
430 86 13 15 0.65559334 
566 125 14 17 0.6200255 
271 71 11 14 0.600382 
999 82 22 29 0.59408295 
836 71 14 18 0.5940328 
486 93 13 15 0.5746513 
308 343 44 48 0.5537674 
178 103 13 16 0.5471617 
697 100 13 16 0.5385087 
389 119 13 18 0.52567166 
784 101 11 14 0.52286583 
903 89 15 18 0.4852579 
171 198 24 29 0.48484772 
852 90 12 15 0.47175542 
159 92 14 16 0.47119242 
542 78 13 15 0.4627971 
869 92 14 16 0.45350012 
947 91 14 18 0.43374538 
123 76 21 26 0.42966005 
355 120 14 17 0.42477113 
658 75 12 16 0.40906504 
838 120 12 15 0.36078444 
642 77 13 16 0.35172552 
276 100 12 16 0.34293973 
743 115 11 14 0.33585998 
574 67 13 15 0.32694685 
644 131 16 19 0.3155227 
522 105 13 16 0.31101125 
653 102 13 16 0.2898632 
759 127 9 11 0.27937528 
624 84 14 17 0.26855457 
819 102 13 15 0.25402984 
491 69 11 12 0.25226235 
927 74 15 17 0.22849558 
32 96 12 15 0.22629942 
390 322 13 15 0.2237722 
182 68 14 16 0.22062036 
7 74 14 18 0.21858422 
708 116 14 16 0.21751817 
201 107 12 16 0.2150514 
685 81 15 17 0.20728116 
799 111 10 12 0.20550911 
279 94 12 16 0.20458396 
660 155 16 18 0.20271379 
479 87 11 14 0.20232041 
452 73 13 16 0.2009215 
771 85 13 16 0.19883661 
837 98 11 15 0.19841215 
406 345 136 94 0.19591688 
413 73 14 15 0.19458614 
263 106 11 14 0.18891862 
510 91 13 16 0.18874528 
742 76 11 13 0.17931454 
641 108 13 16 0.1785667 
808 90 13 18 0.17508218 
659 107 12 15 0.16978484 
76 71 11 14 0.1565596 
261 90 11 16 0.14605603 
815 99 12 15 0.14393935 
410 91 12 15 0.14185742 
271 104 12 14 0.14083356 
792 76 11 13 0.13077809 
349 84 11 14 0.12877539 
352 100 12 15 0.12703727 
294 93 11 15 0.11698664 
854 70 11 13 0.11679851 
607 69 13 15 0.11502357 
549 71 11 13 0.112186 
930 83 17 21 0.111564964 
384 103 13 16 0.11153302 
445 94 11 14 0.10763394 
128 88 16 18 0.10660977 
236 69 10 12 0.103482604 
430 66 13 15 0.102099046 
347 64 13 16 0.10098749 
231 78 13 16 0.0981576 
639 70 11 13 0.09802085 
908 70 11 12 0.09642637 
502 88 11 16 0.09621372 
547 98 14 17 0.09472905 
743 100 12 15 0.09285939 
50 90 16 19 0.09227486 
831 93 13 16 0.09044656 
446 117 12 17 0.09027532 
894 84 15 18 0.089791365 
647 101 13 16 0.08868007 
296 98 12 16 0.0883599 
794 100 11 13 0.087199494 
612 130 14 17 0.086516134 
187 74 13 16 0.08577066 
606 131 13 16 0.085580826 
853 76 13 16 0.08537239 
297 157 11 13 0.08465755 
491 85 17 19 0.08459925 
811 86 13 16 0.08410009 
898 75 16 19 0.080769844 
197 81 14 18 0.08053447 
863 91 13 17 0.07963213 
351 91 13 16 0.07776499 
859 203 45 54 0.07707476 
969 89 16 20 0.07613689 
781 94 12 17 0.075352594 
386 108 15 19 0.07488859 
288 70 11 13 0.074766055 
371 66 12 14 0.0742181 
700 93 14 18 0.07383382 
567 73 19 23 0.07180833 
95 91 11 14 0.0715812 
302 126 11 14 0.07093438 
284 97 14 17 0.07077752 
490 75 15 16 0.07058021 
921 102 16 21 0.07045751 
775 110 9 12 0.07039915 
700 85 12 14 0.0701856 
436 91 12 14 0.069095224 
470 70 12 14 0.06902737 
604 185 14 16 0.0684534 
515 85 12 14 0.06828937 
788 94 15 17 0.06825841 
719 77 13 15 0.06492519 
702 113 15 18 0.06477578 
347 78 13 14 0.06308658 
757 73 13 16 0.06288127 
164 88 13 16 0.06280919 
341 77 12 16 0.062141895 
97 69 12 14 0.061941966 
791 83 11 13 0.061900955 
959 107 14 17 0.061731245 
55 67 12 15 0.06167795 
452 98 13 16 0.060991347 
430 79 13 16 0.060557984 
2 107 13 17 0.060358994 
112 101 10 14 0.06008051 
507 123 11 14 0.05864446 
316 71 11 14 0.05853948 
589 91 16 18 0.05837506 
104 69 21 26 0.05832017 
406 87 13 16 0.05762947 
141 116 16 20 0.056883156 
855 186 24 35 0.056120776 
239 82 17 22 0.056044113 
924 80 16 20 0.055921167 
455 83 12 14 0.05567329 
355 109 12 16 0.054933924 
589 77 11 14 0.05461102 
487 65 11 13 0.054006867 
267 69 9 12 0.05314007 
613 82 14 17 0.053121507 
13 90 11 16 0.052990694 
888 89 12 16 0.052981272 
512 141 11 13 0.05286199 
607 138 13 15 0.05269819 
147 155 11 14 0.052355677 
833 121 12 17 0.05199214 
899 210 15 20 0.051953208 
622 70 12 14 0.051836815 
797 93 13 16 0.051813297 
620 130 13 17 0.05148931 
911 87 21 26 0.051260334 
860 69 10 12 0.051071733 
397 152 13 15 0.05046845 
237 119 11 14 0.05045968 
172 93 13 16 0.04948862 
806 70 10 11 0.04933866 
414 101 11 15 0.049177743 
419 69 13 15 0.04902444 
735 75 13 15 0.048653625 
446 86 10 14 0.04754665 
858 85 13 17 0.04725084 
611 76 13 15 0.047208205 
481 116 11 14 0.04704363 
939 86 16 21 0.046822414 
791 250 12 14 0.04672859 
860 78 11 14 0.046666052 
568 69 13 15 0.046280704 
925 90 21 27 0.045435537 
901 70 13 15 0.045236804 
2 117 13 16 0.045033228 
638 136 16 17 0.04497074 
622 76 16 19 0.044590022 
789 105 12 13 0.044426076 
863 155 13 15 0.044208217 
212 161 13 16 0.04395849 
703 71 11 12 0.04362578 
802 115 13 14 0.043525193 
737 109 13 15 0.042820834 
768 109 11 13 0.041851543 
393 115 13 18 0.041526623 
171 85 12 14 0.041196413 
115 69 24 27 0.040798165 
192 127 10 13 0.040667184 
172 211 18 22 0.040329646 
906 74 14 18 0.039915502 
225 81 19 22 0.03984002 
629 68 12 14 0.039703377 
723 82 14 16 0.039654158 
687 71 13 15 0.03959434 
798 70 9 11 0.03958866 
956 99 14 15 0.039553575 
752 125 10 12 0.039391823 
598 126 13 17 0.03935112 
340 107 13 17 0.039335836 
389 137 13 16 0.03929352 
569 64 21 24 0.038927644 
419 101 11 14 0.03815592 
338 129 14 17 0.038024247 
693 71 12 14 0.038021244 
477 68 12 14 0.03782709 
670 77 11 14 0.03757848 
1011 78 11 17 0.03753473 
917 86 13 16 0.037185494 
677 84 14 17 0.037168164 
519 77 11 14 0.03703334 
683 88 15 17 0.03683309 
15 98 11 16 0.03676271 
1012 249 11 15 0.036555145 
452 106 13 16 0.03650802 
510 69 10 12 0.036500808 
710 75 12 14 0.0363442 
173 74 13 17 0.03601519 
374 137 14 18 0.03598562 
797 85 12 14 0.035982348 
670 100 12 17 0.035897665 
767 101 12 14 0.03557774 
847 84 14 18 0.035201266 
539 155 11 14 0.034915842 
548 199 9 11 0.034685627 
819 94 13 16 0.03452405 
581 83 13 16 0.03445491 
141 78 12 15 0.03436515 
1008 94 15 21 0.034346774 
759 81 13 16 0.034270074 
342 114 12 15 0.03409088 
701 75 13 16 0.03373506 
389 68 12 14 0.03372317 
388 126 14 20 0.033506397 
706 98 14 17 0.03323137 
964 95 16 19 0.033172064 
5 90 14 17 0.033163887 
555 105 13 16 0.033140484 
777 99 12 15 0.03269736 
591 160 12 15 0.03263285 
190 81 14 17 0.032479182 
357 83 11 15 0.032469705 
806 77 12 14 0.032451466 
560 123 13 17 0.032064073 
844 98 13 15 0.032000974 
202 78 15 17 0.031980738 
790 345 57 61 0.031827707 
214 66 11 13 0.0318048 
519 68 11 14 0.03178359 
822 117 11 14 0.031598713 
2 98 15 19 0.031252243 
843 70 13 15 0.030921455 
176 116 13 16 0.030870901 
30 88 19 22 0.030757478 
748 74 13 16 0.030755641 
887 211 26 33 0.030748742 
765 79 13 15 0.030604739 
21 76 11 15 0.030552609 
347 203 13 16 0.030542718 
597 97 19 23 0.030533452 
228 154 11 14 0.030522507 
223 76 13 17 0.03051072 
685 104 15 18 0.030375568 
473 84 12 15 0.030304488 
870 79 11 14 0.030223127 
198 89 14 17 0.030167565 
191 108 11 15 0.030135691 
762 132 11 14 0.029963769 
773 114 10 13 0.029883984 
605 148 10 13 0.029763358 
857 198 26 37 0.029536067 
677 99 15 18 0.029476147 
579 76 14 16 0.029430825 
292 85 13 17 0.029177142 
621 105 11 16 0.029157877 
747 94 12 15 0.029134762 
868 218 49 59 0.0289188 
447 64 10 11 0.028917653 
342 102 13 16 0.02874164 
291 75 13 16 0.028594626 
715 122 11 13 0.028591221 
423 294 26 35 0.028583622 
503 68 10 12 0.028572243 
519 127 11 14 0.028308041 
758 110 10 13 0.02830261 
279 88 11 14 0.028104262 
179 123 13 16 0.027781686 
217 98 12 16 0.027636055 
587 84 15 18 0.027436074 
867 201 30 35 0.027421763 
0 105 20 29 0.027331958 
528 161 23 29 0.027311582 
470 138 12 13 0.027304241 
53 74 14 16 0.027213039 
301 114 12 14 0.02713317 
141 109 14 16 0.026973786 
235 135 12 15 0.026865311 
425 84 12 16 0.026819728 
354 68 12 14 0.02679036 
906 98 23 26 0.026701933 
596 157 12 15 0.02669305 
747 109 11 15 0.026656331 
671 84 11 16 0.02663842 
375 76 18 21 0.02651629 
537 81 14 18 0.026411735 
852 172 26 30 0.02628162 
423 92 11 14 0.026237125 
977 95 17 21 0.026234485 
570 88 14 16 0.026212312 
831 82 14 17 0.026183583 
888 151 11 12 0.026169432 
525 113 11 14 0.02582964 
859 163 14 16 0.02571768 
302 162 10 13 0.025657246 
465 180 11 15 0.02565034 
460 74 13 15 0.0256092 
71 71 19 23 0.025564667 
252 95 14 18 0.025492296 
254 157 10 12 0.02548827 
553 124 11 15 0.025450656 
207 158 12 16 0.025386108 
231 118 11 14 0.02536182 
476 76 12 14 0.025230478 
952 85 18 20 0.02504029 
651 112 15 18 0.02497395 
470 160 13 16 0.02488764 
363 123 11 15 0.024858506 
779 87 11 14 0.024828216 
354 307 214 167 0.024797685 
535 169 14 17 0.024713706 
318 99 12 15 0.024629373 
268 66 18 23 0.024567213 
400 92 11 13 0.024469828 
351 128 15 17 0.02439139 
338 62 20 22 0.024311023 
815 118 11 13 0.024211563 
222 68 12 14 0.024112178 
32 71 11 13 0.024088323 
885 209 14 17 0.02389589 
501 148 12 15 0.02383999 
605 155 11 14 0.023801902 
15 118 10 13 0.023783593 
84 75 12 16 0.023704033 
902 103 13 17 0.02369071 
464 164 10 14 0.023618035 
773 274 15 17 0.02361433 
670 89 14 19 0.023489056 
628 131 15 20 0.023443447 
873 85 14 17 0.023308842 
758 120 10 12 0.02328148 
785 69 10 12 0.023260497 
256 109 11 13 0.023168165 
649 92 21 25 0.023038777 
313 349 23 26 0.022977658 
251 238 15 16 0.022943856 
607 66 21 24 0.022877462 
323 340 15 21 0.022757458 
188 138 13 14 0.022652805 
265 394 28 36 0.02260188 
972 103 15 18 0.022595983 
460 109 11 13 0.022561276 
263 98 19 24 0.022554947 
384 318 22 25 0.022408042 
526 169 12 16 0.022399813 
582 90 15 17 0.022387628 
263 75 12 16 0.022376519 
441 242 16 17 0.022369666 
941 70 11 13 0.022366928 
900 65 22 25 0.022331866 
335 330 58 50 0.022308951 
639 88 13 17 0.02218218 
407 98 13 15 0.022076227 
677 76 13 16 0.022059321 
300 152 11 13 0.022053534 
502 141 11 14 0.02204722 
97 76 21 25 0.02200622 
363 82 13 16 0.022003941 
181 167 15 17 0.021916494 
613 157 10 13 0.021825522 
599 179 14 18 0.021793755 
441 100 10 12 0.02178788 
0 93 10 15 0.02165091 
219 132 11 13 0.021521062 
908 250 14 18 0.021496719 
758 91 12 14 0.02143152 
603 192 16 20 0.021405613 
20 84 13 17 0.021377973 
285 85 13 16 0.021355325 
638 65 10 13 0.021222547 
896 238 28 37 0.02116973 
166 108 11 14 0.02115991 
732 157 11 14 0.021101324 
434 325 73 65 0.021099327 
382 69 12 14 0.020995611 
447 108 11 15 0.020954296 
317 139 12 14 0.020933796 
644 93 13 17 0.020830141 
866 162 13 15 0.020816555 
269 93 14 18 0.020672323 
167 78 13 15 0.02065282 
724 88 15 17 0.020607062 
29 75 13 15 0.020553604 
823 124 10 12 0.020524029 
940 75 13 17 0.02050611 
891 156 10 13 0.020410132 
648 124 16 20 0.02038465 
222 155 13 15 0.020221673 
192 116 10 13 0.020162754 
556 68 12 14 0.020157376 
775 133 10 13 0.020153556 
396 110 13 17 0.020113446 
231 64 12 14 0.020110061 
425 116 11 17 0.020051006 
571 115 15 19 0.020012844 
579 107 14 18 0.020007277 
