0_Parade_Parade_0_247
390
69 429 9 12 0.46599856 
312 419 9 12 0.43743417 
80 469 12 15 0.29982105 
52 490 14 16 0.24715935 
988 445 18 22 0.23784548 
125 494 12 17 0.23340821 
39 446 11 13 0.195483 
891 450 10 13 0.19027552 
46 452 10 12 0.18166967 
879 488 9 13 0.18000765 
100 440 11 14 0.17587818 
733 157 15 15 0.17154697 
917 438 12 15 0.14823404 
560 360 9 11 0.1435473 
821 437 10 14 0.13965514 
79 8 376 428 0.13747114 
254 447 8 10 0.1341798 
543 455 7 9 0.12709981 
522 454 6 9 0.12551647 
415 464 8 9 0.12115254 
17 494 10 12 0.11951492 
54 452 9 11 0.1129278 
710 465 8 10 0.11155349 
400 361 10 11 0.10130921 
343 455 6 9 0.101052165 
352 470 8 9 0.098825045 
35 437 10 13 0.09590105 
351 464 7 9 0.095253095 
473 456 7 10 0.09395647 
576 464 7 9 0.09349139 
765 494 8 10 0.09206789 
514 470 6 8 0.08976822 
599 464 6 8 0.0888893 
136 434 7 10 0.08885948 
173 438 14 15 0.088403516 
455 431 8 10 0.08785298 
58 488 12 14 0.08578462 
465 448 6 8 0.08448837 
293 486 8 11 0.08098883 
462 481 8 10 0.08015269 
513 465 6 9 0.0797495 
648 508 8 11 0.07920819 
503 471 7 8 0.07894302 
583 329 13 17 0.07811179 
616 454 7 9 0.07740347 
791 430 10 14 0.07724475 
576 350 11 13 0.07665463 
862 447 9 10 0.07478892 
521 450 7 9 0.073310465 
788 381 16 17 0.07322757 
478 456 7 10 0.073184244 
168 443 12 15 0.07175898 
710 446 8 10 0.07100088 
489 471 7 9 0.06996858 
497 455 7 8 0.06993728 
551 464 7 8 0.068122745 
563 471 7 9 0.06751931 
717 496 8 11 0.066623814 
994 294 29 36 0.06656718 
235 87 246 257 0.06638172 
665 455 7 10 0.06583863 
478 480 8 10 0.06485144 
15 452 9 12 0.06462979 
198 12 25 29 0.06434562 
760 493 8 9 0.063609496 
76 451 9 12 0.0629976 
595 465 6 9 0.062303517 
315 416 11 14 0.060830366 
400 456 7 9 0.060621627 
22 445 9 12 0.060079526 
496 479 8 10 0.059741315 
386 423 8 10 0.058925062 
538 463 7 8 0.058654144 
329 463 8 9 0.05815098 
704 448 9 11 0.056204792 
342 472 7 9 0.05581289 
338 138 132 146 0.055676047 
863 487 9 14 0.05562359 
539 455 7 9 0.05506438 
519 470 6 8 0.05486973 
294 438 8 11 0.05448352 
621 487 9 12 0.05407635 
554 480 7 9 0.052724678 
902 444 10 12 0.052111506 
416 448 7 9 0.05148627 
663 342 37 51 0.051162556 
350 167 30 29 0.04943703 
607 334 11 14 0.049386427 
303 445 9 11 0.049337167 
587 317 13 16 0.049138565 
543 461 6 9 0.048078403 
829 363 14 17 0.048006963 
550 376 7 10 0.04742626 
731 154 25 25 0.047284734 
102 449 11 13 0.047047634 
65 425 10 12 0.046174172 
17 489 9 11 0.046051245 
440 447 8 9 0.045608845 
559 480 7 10 0.045490958 
757 454 7 10 0.0454721 
901 254 33 54 0.044177495 
176 459 12 15 0.04377757 
544 472 7 9 0.04279066 
584 489 7 9 0.0424637 
496 463 7 9 0.04235217 
972 493 16 22 0.042299863 
360 455 7 9 0.042007983 
751 505 10 11 0.041824054 
346 462 7 9 0.041803088 
552 471 7 9 0.04150258 
504 465 7 9 0.041260477 
328 447 8 10 0.041253813 
287 232 29 40 0.0410652 
882 113 22 33 0.04102262 
496 449 8 9 0.04084012 
180 438 11 12 0.040716395 
665 478 8 11 0.04071442 
470 438 7 9 0.04069448 
296 470 8 9 0.04055895 
576 469 8 10 0.040411282 
727 518 8 9 0.040290643 
616 470 7 9 0.040282834 
601 480 7 9 0.039939106 
281 439 8 10 0.03985764 
622 429 7 10 0.039257698 
780 319 15 17 0.039223533 
854 355 14 19 0.039186265 
171 451 15 17 0.03909999 
288 437 8 11 0.038967088 
45 421 11 13 0.038926844 
860 355 15 19 0.038908772 
337 470 8 10 0.038775604 
702 480 7 9 0.03875452 
720 513 7 8 0.038736764 
470 433 7 10 0.038366713 
670 473 8 10 0.03822428 
713 379 11 12 0.03816752 
456 439 7 9 0.038035903 
232 494 10 13 0.037920024 
804 400 15 20 0.03768667 
799 396 13 17 0.03758 
529 480 8 9 0.03749333 
705 463 9 11 0.03740692 
121 453 11 12 0.037264314 
617 425 8 9 0.037191026 
246 463 7 9 0.037084874 
549 456 7 9 0.036606774 
543 438 6 9 0.036365084 
999 172 23 30 0.036324322 
655 463 8 10 0.03628161 
537 471 7 9 0.036205664 
130 437 8 10 0.035826128 
593 469 6 9 0.03538111 
687 419 9 11 0.035022423 
296 445 8 11 0.034544002 
577 489 8 9 0.034320805 
248 455 8 9 0.034220733 
669 454 8 10 0.034099177 
517 414 9 11 0.033857696 
712 10 24 31 0.03377341 
795 386 14 16 0.03372468 
581 336 13 17 0.033722382 
441 431 7 10 0.033650346 
405 360 8 10 0.033512224 
393 447 7 9 0.03340737 
448 454 7 8 0.03338917 
537 449 7 8 0.033346906 
872 414 10 13 0.0332615 
568 465 8 9 0.033076975 
466 454 7 10 0.03289763 
637 326 11 15 0.032804757 
980 494 16 22 0.03271187 
352 456 7 9 0.032588337 
605 480 7 8 0.03256492 
621 425 7 9 0.03246918 
882 101 124 153 0.032308683 
86 503 23 35 0.03192132 
415 351 7 10 0.03186457 
344 448 7 9 0.031666502 
576 343 10 13 0.031390972 
754 493 8 10 0.031195598 
341 478 8 9 0.03086458 
528 199 15 18 0.030855982 
53 499 12 14 0.030611018 
36 431 11 13 0.030601958 
6 443 12 15 0.030600242 
168 438 21 24 0.030551486 
632 469 7 9 0.030492887 
553 325 9 11 0.030421164 
832 422 10 12 0.030337246 
327 439 7 9 0.030310135 
622 479 7 10 0.03008813 
496 471 7 8 0.030004196 
337 454 7 9 0.030002892 
18 496 14 16 0.029553877 
273 440 7 9 0.029508943 
261 431 8 10 0.029490849 
698 180 20 22 0.0294722 
109 508 11 13 0.029229404 
616 463 7 10 0.029210996 
513 479 7 9 0.029110426 
947 466 18 21 0.02897081 
999 179 13 18 0.028931566 
554 484 7 10 0.028876841 
358 473 8 9 0.02879679 
88 496 40 52 0.028783347 
865 397 9 11 0.028681992 
541 310 8 10 0.028593061 
410 464 7 9 0.028546937 
322 439 8 10 0.028484032 
87 509 13 19 0.028419375 
100 502 15 20 0.028410837 
942 465 15 19 0.028311016 
74 467 12 17 0.028240666 
862 429 9 11 0.028155552 
737 438 8 10 0.028015712 
502 479 8 9 0.027950766 
645 192 17 22 0.027934555 
127 145 52 59 0.027753595 
617 449 6 9 0.027636927 
797 330 17 24 0.027497863 
277 494 9 12 0.02740858 
293 217 17 21 0.027287517 
665 448 7 10 0.027129322 
335 464 6 8 0.027007105 
733 480 8 10 0.026902765 
801 55 50 63 0.026816305 
418 455 6 8 0.026751323 
609 472 6 8 0.026592538 
479 484 9 11 0.026581198 
108 453 11 12 0.026566027 
649 448 7 8 0.026562944 
982 187 39 56 0.026559655 
520 463 7 9 0.026402734 
343 174 27 30 0.026391927 
477 540 11 13 0.0263725 
551 496 7 8 0.026280163 
488 448 6 8 0.026264274 
934 435 11 15 0.026157731 
128 474 10 14 0.0260799 
294 419 11 14 0.025993658 
943 459 12 16 0.025884457 
438 397 9 10 0.025854306 
913 443 12 15 0.025852783 
752 520 10 13 0.025851643 
802 389 15 17 0.025847306 
874 419 13 15 0.025831465 
519 421 8 10 0.025737891 
327 431 8 10 0.025715586 
601 487 8 10 0.025672527 
831 70 50 56 0.025591515 
786 220 16 19 0.02554552 
623 464 7 10 0.025516199 
831 428 9 11 0.025487628 
60 447 10 12 0.025402198 
401 390 9 11 0.025379376 
733 123 10 12 0.025367042 
207 17 28 31 0.025215255 
11 430 12 15 0.025188642 
416 441 7 9 0.025166258 
508 309 9 11 0.025125233 
464 432 8 11 0.025112052 
95 499 24 32 0.024994843 
745 520 7 10 0.024972318 
892 47 39 54 0.024968272 
261 191 14 16 0.024835419 
811 399 16 21 0.02482417 
525 455 6 9 0.024817817 
156 485 12 15 0.02461065 
512 486 8 9 0.024559075 
553 319 9 11 0.024440287 
304 472 7 9 0.024425182 
7 436 12 14 0.02433943 
557 323 9 12 0.02430972 
826 436 11 14 0.024285438 
615 440 8 9 0.024275206 
962 284 32 44 0.024273213 
451 173 18 20 0.024270067 
759 519 10 13 0.02422126 
623 470 6 9 0.024194848 
849 86 52 58 0.024174675 
289 445 8 10 0.024108844 
473 479 8 9 0.024100265 
480 440 6 8 0.02406223 
816 444 11 15 0.023977978 
96 431 9 12 0.023946999 
895 431 8 11 0.023925897 
96 448 11 15 0.023901498 
606 487 7 10 0.023883373 
374 431 7 9 0.023784967 
447 469 8 11 0.023772817 
322 445 8 10 0.023735443 
126 486 12 17 0.023729904 
439 439 7 9 0.02367026 
489 478 9 11 0.023513207 
-20 296 102 153 0.023424275 
871 487 11 13 0.02336739 
784 323 24 30 0.0233665 
335 448 7 10 0.023343269 
32 441 12 16 0.023335082 
73 448 9 12 0.023322416 
724 33 46 56 0.023293776 
815 432 11 14 0.02308135 
745 503 9 11 0.023069644 
565 365 8 10 0.023052685 
48 487 23 28 0.023045873 
550 293 8 10 0.022984248 
395 455 6 10 0.022983504 
165 459 12 16 0.022923352 
135 445 10 14 0.02289533 
353 477 8 10 0.02284619 
843 3 16 17 0.0228224 
263 470 8 10 0.022708597 
263 454 9 11 0.022560842 
0 283 57 92 0.02255891 
665 485 7 9 0.02249139 
94 505 15 19 0.022478899 
394 364 10 12 0.02247136 
801 463 8 11 0.022406446 
727 158 16 19 0.022394614 
828 46 43 52 0.022377906 
560 305 8 10 0.022372728 
895 485 14 17 0.02237096 
503 449 8 9 0.02234148 
296 164 118 131 0.02229713 
822 389 15 20 0.022199336 
945 470 29 34 0.02212746 
988 142 23 30 0.022122469 
124 457 12 15 0.022117188 
434 439 7 10 0.022107031 
969 297 37 43 0.022094373 
981 453 23 27 0.0220116 
647 495 7 9 0.02197496 
542 478 8 10 0.021953758 
96 440 18 22 0.021952871 
302 464 7 10 0.021932967 
738 150 17 18 0.021927198 
409 448 7 10 0.021717042 
664 460 8 10 0.021715371 
696 412 11 14 0.021686237 
305 477 7 10 0.02165654 
558 318 10 12 0.021650039 
805 199 16 21 0.02162552 
290 218 29 36 0.021623218 
837 430 8 10 0.021608574 
344 440 7 9 0.021580076 
862 440 9 11 0.02134205 
305 420 11 13 0.021301495 
686 446 8 11 0.02129913 
619 347 12 15 0.021264924 
465 439 9 10 0.021260386 
830 21 29 36 0.021235835 
399 461 7 9 0.02119389 
669 449 8 9 0.021181718 
746 509 8 10 0.02116803 
447 448 6 9 0.021071676 
795 429 11 14 0.021059839 
759 502 9 11 0.021025613 
469 447 7 9 0.021006959 
297 464 8 9 0.02099658 
360 477 7 9 0.020952422 
640 480 8 9 0.020892417 
590 488 7 10 0.020832494 
358 447 8 8 0.02079969 
922 437 14 16 0.020727001 
403 364 9 12 0.020721646 
498 167 22 27 0.020675208 
584 311 10 14 0.020646831 
727 513 7 9 0.020606821 
255 440 9 11 0.020580953 
364 170 19 21 0.020484364 
535 486 8 10 0.020451019 
894 438 10 12 0.02036513 
618 480 7 9 0.020345379 
820 503 15 17 0.020312702 
490 424 8 9 0.020302504 
888 437 9 11 0.020297647 
783 385 15 17 0.0202974 
433 464 7 8 0.020263776 
942 232 30 37 0.020246496 
24 439 10 14 0.020232458 
567 315 12 14 0.02021846 
741 438 9 12 0.020198116 
535 392 6 9 0.020176789 
7 449 12 17 0.020149412 
646 479 8 10 0.020110628 
150 153 12 14 0.020100856 
53 421 9 12 0.02009197 
329 454 7 9 0.02006938 
915 431 13 16 0.020032218 
