0_Parade_marchingband_1_410
2080
694 481 32 45 0.996163 
562 465 27 41 0.99410397 
463 486 24 36 0.99293476 
876 449 34 47 0.9920095 
385 477 25 36 0.9901688 
659 220 13 16 0.9899115 
59 459 15 19 0.9866327 
652 397 14 17 0.9828651 
176 259 11 15 0.98009 
219 480 22 30 0.9658875 
16 502 18 24 0.9609064 
236 338 13 17 0.9600608 
412 432 15 21 0.9550063 
828 299 12 16 0.9498909 
782 226 13 15 0.93981004 
86 504 20 26 0.93469995 
267 480 13 18 0.93173325 
837 317 11 14 0.93065256 
398 5 11 15 0.9247338 
276 436 12 16 0.9202034 
267 330 12 15 0.9169988 
469 26 14 15 0.9167434 
86 212 14 17 0.91434073 
916 46 11 14 0.91396046 
468 130 13 15 0.9096728 
249 36 12 15 0.90289336 
939 26 12 15 0.9027475 
568 379 13 16 0.90203035 
156 219 11 15 0.90090245 
40 346 11 14 0.90057874 
940 214 11 14 0.8966277 
405 347 13 16 0.8921736 
965 298 13 17 0.8913199 
892 70 10 13 0.8905545 
862 211 10 13 0.8861331 
382 78 12 14 0.88480043 
358 316 11 14 0.88093644 
727 352 14 18 0.8768416 
846 280 12 16 0.8731501 
94 179 12 15 0.8686825 
566 333 14 16 0.8645621 
312 481 20 29 0.86002445 
116 213 12 15 0.8592538 
926 246 12 15 0.85801953 
686 324 11 14 0.856513 
350 414 12 15 0.85410166 
199 215 12 16 0.8526602 
237 294 12 15 0.85006213 
214 308 13 16 0.84663564 
924 281 14 17 0.84360814 
39 111 10 13 0.8432955 
48 131 12 14 0.8413159 
309 335 12 16 0.83935785 
263 76 11 15 0.8382276 
885 317 11 14 0.83553684 
109 311 12 16 0.8349894 
323 317 12 17 0.8289506 
203 375 12 14 0.8207286 
575 133 11 14 0.8187116 
64 67 11 15 0.8166666 
822 107 10 13 0.81477 
391 414 11 14 0.8121567 
567 169 13 15 0.8032943 
129 36 10 14 0.79847586 
98 52 10 13 0.7955813 
317 10 16 18 0.7943233 
677 263 12 15 0.78663176 
126 461 13 17 0.78121454 
497 315 13 17 0.7794657 
38 230 11 14 0.7773559 
254 313 13 16 0.771487 
982 212 11 14 0.7670823 
167 314 12 14 0.76511496 
263 252 12 16 0.7636369 
170 463 14 17 0.76138586 
240 217 12 16 0.7596076 
651 319 12 15 0.75691724 
665 333 12 16 0.7563594 
547 149 12 15 0.7535496 
208 38 13 16 0.7515347 
609 395 13 16 0.7514184 
831 174 13 16 0.7513596 
141 487 12 15 0.7501703 
145 73 10 14 0.7497979 
510 77 9 12 0.74958074 
628 224 12 16 0.7458378 
826 339 11 16 0.7434092 
244 446 13 16 0.7425342 
144 269 10 13 0.7394812 
472 79 10 12 0.73946476 
743 263 13 16 0.7371034 
538 67 10 13 0.7355444 
356 22 13 16 0.73322445 
164 383 12 14 0.732287 
998 278 12 15 0.722519 
902 338 11 15 0.71822166 
630 289 11 13 0.71652764 
140 370 12 15 0.7092907 
47 487 15 19 0.700557 
75 244 15 18 0.6999496 
453 42 12 13 0.6985106 
139 146 13 16 0.6984608 
575 113 13 15 0.69414365 
330 450 14 18 0.689126 
419 43 12 15 0.6870149 
136 388 10 13 0.6797805 
14 136 14 17 0.6794829 
121 334 13 16 0.6756969 
170 228 11 16 0.6743586 
810 275 12 15 0.67150545 
944 135 9 12 0.655083 
880 47 11 13 0.65067697 
504 6 10 12 0.6469621 
141 49 12 15 0.64645827 
657 67 8 11 0.6461363 
446 367 9 11 0.6310932 
276 409 11 15 0.63099694 
209 236 11 15 0.6304563 
734 125 11 13 0.6285518 
183 178 11 14 0.62729454 
705 192 12 15 0.6250868 
95 141 12 16 0.62370867 
969 333 12 16 0.616987 
222 76 10 13 0.61383915 
72 310 11 16 0.6015104 
254 382 13 15 0.60113037 
608 170 13 16 0.5904807 
615 374 13 16 0.58937204 
387 96 14 17 0.5849054 
750 281 13 16 0.580967 
894 210 10 14 0.57357347 
547 39 11 14 0.571234 
20 87 11 14 0.57121855 
669 471 13 20 0.56600124 
48 31 11 15 0.5649723 
868 31 10 12 0.56420964 
794 476 21 30 0.56302845 
115 381 11 15 0.5617675 
915 320 11 14 0.5580217 
597 61 10 13 0.5573339 
358 107 9 13 0.55565387 
807 136 10 11 0.5549005 
1010 181 9 12 0.5540047 
487 71 13 14 0.54930353 
72 84 13 16 0.5476065 
25 322 14 18 0.5470678 
261 145 11 14 0.5466712 
636 334 12 15 0.5456206 
492 113 12 15 0.5416229 
126 230 13 16 0.5411087 
177 151 11 15 0.5394975 
937 7 9 12 0.5363995 
664 122 9 12 0.52977395 
182 75 11 13 0.528259 
586 158 12 14 0.5230571 
0 165 8 12 0.5169383 
224 134 11 14 0.5134242 
864 443 17 22 0.5124786 
236 15 12 14 0.5096178 
517 169 13 17 0.5053848 
679 156 12 16 0.50265545 
614 8 10 11 0.4957745 
139 177 12 16 0.49462342 
88 335 11 14 0.49388045 
847 202 9 13 0.493687 
0 108 10 15 0.48981926 
615 116 11 14 0.481037 
838 133 9 11 0.48072904 
771 123 11 13 0.47884306 
790 299 12 16 0.47728378 
423 93 12 16 0.47251984 
24 220 11 14 0.46786427 
359 85 10 13 0.46579158 
180 51 11 15 0.46288723 
27 315 14 17 0.46192414 
982 139 10 12 0.45924917 
610 339 9 12 0.45783952 
641 97 11 15 0.45703956 
557 58 10 13 0.4531671 
558 398 10 13 0.44872737 
228 138 10 13 0.44749433 
775 333 12 15 0.43437183 
932 119 11 15 0.4326752 
438 261 12 15 0.4281163 
639 64 9 11 0.4265119 
447 318 11 16 0.42587742 
47 174 12 14 0.42323753 
285 150 9 13 0.42127267 
57 405 9 11 0.4191636 
0 19 8 12 0.4159285 
374 241 18 20 0.41233417 
313 415 11 14 0.4079719 
977 435 14 19 0.40535575 
695 124 11 14 0.40317017 
631 155 12 16 0.4027626 
542 25 10 13 0.40188095 
220 255 10 13 0.40124053 
822 203 10 13 0.3957727 
873 2 9 9 0.3896142 
507 24 10 13 0.38607746 
721 163 11 13 0.38412893 
229 402 10 14 0.38357204 
219 467 14 19 0.37991646 
339 429 12 16 0.37834528 
191 13 12 14 0.3735016 
1008 341 13 16 0.37340134 
355 356 12 16 0.36678842 
129 14 8 10 0.3661991 
785 189 10 11 0.36563486 
580 27 10 13 0.36260587 
993 443 14 18 0.3622932 
341 468 13 16 0.3601226 
601 296 9 12 0.35975292 
214 416 14 17 0.3511065 
287 114 10 12 0.35056022 
716 66 10 13 0.3502535 
806 269 13 17 0.3415534 
453 7 10 12 0.3414489 
349 354 13 16 0.34052265 
741 197 11 12 0.33664444 
645 12 12 13 0.33565655 
905 43 10 13 0.33421865 
661 7 10 13 0.3310749 
276 316 13 17 0.33032894 
837 -1 9 9 0.32973588 
245 174 8 12 0.32717708 
64 229 10 13 0.32650205 
738 155 12 15 0.32497415 
149 289 11 14 0.31889546 
299 218 13 15 0.3182303 
88 35 10 13 0.3147417 
749 391 19 28 0.31458786 
241 241 11 14 0.30753657 
453 450 10 14 0.30725002 
166 30 12 14 0.30692333 
805 204 8 11 0.3065273 
778 95 9 11 0.30607426 
157 179 9 13 0.30178195 
1005 155 10 12 0.30099607 
942 192 8 10 0.3004267 
310 187 10 11 0.30037794 
800 317 11 14 0.299844 
599 323 11 14 0.2990454 
348 117 11 13 0.29721946 
659 175 11 13 0.2941788 
230 423 12 16 0.2913562 
718 325 13 17 0.29115552 
762 360 14 18 0.28975755 
983 414 14 19 0.28280833 
25 70 10 13 0.2824058 
378 132 12 14 0.27790388 
155 522 16 21 0.27269003 
0 307 10 15 0.26897496 
221 128 9 11 0.2683628 
5 470 11 15 0.26823884 
571 435 11 14 0.26736665 
521 319 10 12 0.264075 
221 326 12 16 0.262374 
130 227 15 18 0.26180944 
950 302 8 11 0.25701544 
686 68 9 11 0.25555176 
6 126 12 16 0.25480026 
206 417 12 16 0.25458482 
44 431 9 13 0.25145212 
679 281 11 14 0.24686466 
651 278 10 13 0.24573486 
841 30 9 10 0.2439919 
869 132 12 13 0.2415093 
1012 176 11 15 0.23819537 
61 56 9 12 0.23567723 
683 278 12 15 0.23430079 
676 245 11 12 0.23394619 
970 120 7 10 0.23024705 
119 285 12 15 0.2286547 
575 260 9 11 0.22388834 
647 285 12 14 0.22187555 
14 317 11 14 0.22167863 
432 418 14 18 0.22017924 
226 45 10 13 0.21959473 
26 390 9 11 0.21922599 
179 348 9 13 0.21895748 
928 304 10 13 0.21660058 
886 196 9 12 0.21646668 
244 124 10 13 0.21466888 
930 73 10 13 0.21394138 
526 388 9 12 0.2123315 
789 186 10 13 0.21084072 
112 4 8 10 0.21080111 
436 130 10 14 0.2083168 
326 28 10 12 0.20751417 
604 78 10 12 0.20462286 
656 444 14 17 0.20355184 
431 261 13 16 0.2025238 
558 362 10 14 0.20186605 
44 202 12 16 0.20069654 
932 352 9 12 0.19947165 
380 466 12 16 0.1989574 
171 28 13 15 0.19820544 
288 71 9 12 0.19647844 
808 166 9 11 0.19482821 
617 66 10 13 0.19294493 
958 158 8 10 0.19237098 
966 173 8 11 0.1917464 
676 118 9 13 0.19129878 
498 460 13 17 0.1912351 
271 270 11 13 0.1911336 
284 293 10 13 0.18926269 
660 50 11 13 0.1854226 
51 126 11 13 0.18454592 
719 38 10 12 0.18434098 
180 405 11 14 0.18396263 
837 246 11 14 0.1838498 
174 21 13 15 0.18270013 
174 365 12 14 0.18207078 
852 264 10 12 0.1813199 
809 88 9 12 0.18094082 
45 70 12 15 0.1780929 
32 227 11 15 0.1777031 
332 74 12 14 0.17696656 
660 107 10 13 0.17690311 
565 28 9 12 0.17523387 
280 375 9 13 0.17502654 
671 118 10 13 0.17370686 
353 0 11 12 0.16964552 
481 382 10 14 0.16824313 
709 146 10 13 0.16779889 
725 276 13 16 0.16586187 
48 137 12 16 0.16342084 
196 18 10 12 0.16150112 
699 410 13 18 0.16149506 
31 1 8 9 0.16127332 
309 443 10 12 0.16099687 
635 150 12 15 0.16046572 
352 108 11 14 0.15996368 
757 95 8 11 0.15975776 
558 390 11 15 0.1595738 
42 12 9 12 0.15926827 
790 380 10 13 0.15854266 
785 7 9 11 0.15846437 
647 414 15 20 0.15553768 
281 3 11 13 0.15498759 
193 302 9 11 0.15278612 
391 344 10 13 0.15248442 
973 120 8 10 0.15211162 
473 284 9 12 0.15186717 
977 136 9 12 0.15164839 
694 131 11 13 0.15065074 
183 141 10 13 0.14989044 
918 220 8 11 0.14762633 
903 283 10 13 0.14665058 
103 99 11 14 0.14400283 
859 450 37 50 0.14349899 
308 167 9 12 0.14315088 
516 44 11 15 0.14230871 
628 442 15 21 0.14104536 
302 52 11 13 0.14038639 
604 317 11 14 0.13878548 
159 14 9 11 0.1382851 
656 47 10 13 0.1379804 
909 0 8 9 0.13698044 
327 52 12 15 0.13653356 
805 397 10 14 0.13639799 
552 55 10 13 0.13607737 
121 464 12 15 0.13600722 
937 192 10 12 0.13464965 
658 462 22 31 0.13453683 
727 15 11 13 0.13414769 
688 12 10 12 0.13405152 
384 148 12 15 0.1339868 
281 356 9 12 0.13292697 
127 178 9 12 0.13279362 
189 455 9 13 0.1322963 
492 283 13 15 0.13147551 
673 150 9 13 0.13088985 
1016 140 8 13 0.13066252 
262 300 11 13 0.13045214 
500 136 13 17 0.129715 
16 60 11 14 0.12936015 
672 198 11 13 0.12935516 
655 12 10 12 0.1293523 
670 301 9 12 0.12752427 
753 96 8 11 0.12658763 
390 42 11 13 0.12647109 
396 325 11 13 0.12643287 
641 7 10 12 0.1263082 
582 37 10 12 0.12626307 
676 151 12 16 0.12615995 
865 34 9 12 0.12602586 
429 10 11 14 0.1258804 
449 40 10 12 0.12558955 
71 167 12 14 0.12531044 
516 69 11 13 0.12499318 
840 379 11 16 0.124623455 
695 7 10 13 0.123868465 
942 61 11 12 0.123656146 
119 60 9 12 0.12354227 
807 6 10 11 0.123524934 
336 289 11 15 0.12348023 
335 433 14 18 0.12344413 
883 278 11 15 0.1232733 
993 180 9 12 0.12279912 
284 285 10 13 0.12194002 
241 77 10 12 0.121503554 
277 269 9 12 0.120776445 
165 421 9 11 0.12039605 
95 507 17 21 0.12037988 
177 497 15 21 0.11892884 
865 134 9 11 0.118727624 
246 179 10 12 0.11871907 
990 205 9 14 0.118438356 
417 323 10 12 0.11835325 
166 71 9 12 0.11814912 
789 6 8 10 0.11744943 
78 363 10 12 0.11726492 
887 132 11 13 0.11725229 
893 135 11 13 0.11654343 
840 205 10 13 0.116411485 
960 166 9 12 0.116221905 
532 411 11 16 0.11601407 
599 66 11 14 0.115748 
872 139 10 12 0.1153813 
664 295 9 11 0.115243025 
945 247 10 12 0.11478464 
90 138 11 15 0.1147147 
711 116 10 13 0.11444398 
981 41 14 17 0.11410615 
220 413 13 17 0.11404713 
724 245 11 15 0.11394236 
601 364 10 13 0.1133522 
189 141 9 13 0.1123818 
453 188 11 15 0.11195658 
160 416 10 12 0.11153841 
200 110 9 13 0.11140821 
13 467 11 15 0.11122707 
288 93 9 12 0.11105697 
784 109 10 12 0.11070457 
706 375 15 22 0.11068229 
161 28 11 14 0.110352494 
651 566 18 22 0.109901115 
589 0 8 9 0.109889634 
253 94 11 12 0.109770335 
763 198 10 13 0.10961773 
101 269 12 15 0.109567106 
259 309 11 16 0.10939056 
175 16 11 12 0.10935283 
853 22 9 11 0.10892879 
804 262 12 15 0.10885087 
262 213 12 14 0.10884071 
621 64 9 11 0.108803414 
420 459 14 19 0.10812373 
804 411 14 19 0.10799028 
591 171 11 15 0.10744089 
1009 94 10 13 0.107354194 
176 343 10 13 0.10686698 
335 47 10 14 0.10650211 
925 475 20 28 0.10648068 
595 332 12 15 0.10619708 
688 38 9 12 0.105692245 
101 419 10 13 0.10542791 
201 419 10 13 0.104088575 
834 413 17 21 0.10391085 
599 23 9 12 0.103903204 
100 47 11 13 0.103805564 
432 247 10 13 0.103573926 
437 387 11 13 0.10346848 
840 84 11 12 0.103388265 
343 419 12 15 0.102581955 
386 104 15 17 0.10201477 
583 349 10 13 0.10198849 
877 135 10 12 0.101330265 
59 276 11 13 0.101068735 
179 256 11 14 0.10079189 
108 101 11 13 0.100760736 
142 27 9 13 0.100406475 
884 262 10 13 0.0999274 
16 23 8 11 0.09979329 
70 237 13 16 0.09949322 
898 213 11 13 0.0991919 
40 196 13 17 0.09878068 
159 21 11 14 0.09760375 
912 131 11 13 0.09717373 
0 264 7 13 0.096878216 
540 180 13 16 0.09664591 
472 0 10 11 0.09563657 
287 263 10 12 0.09542966 
344 60 11 15 0.09521382 
823 142 9 11 0.09479827 
167 222 12 16 0.0940554 
556 108 10 12 0.093963124 
303 375 8 12 0.09393937 
724 266 14 18 0.093579106 
781 101 10 13 0.09343936 
560 315 11 14 0.09258021 
552 174 10 13 0.09219943 
120 24 8 11 0.09200349 
1 538 10 15 0.091980085 
931 278 13 17 0.09197347 
801 21 9 11 0.09179246 
877 0 9 11 0.0914693 
213 149 11 12 0.0913842 
21 52 9 13 0.09123028 
86 0 8 9 0.09097776 
222 29 9 11 0.090561636 
24 431 8 10 0.09015994 
61 429 9 11 0.09006813 
680 384 13 17 0.09001884 
751 156 10 13 0.08992283 
95 8 8 10 0.08973731 
988 139 10 13 0.08920746 
15 195 10 14 0.08881669 
527 14 10 13 0.08876621 
198 132 11 15 0.08876554 
42 381 10 12 0.08844217 
675 309 11 14 0.088294744 
495 0 9 9 0.08767374 
167 109 10 13 0.087058656 
982 0 10 11 0.08702553 
77 278 9 11 0.08694674 
351 167 10 13 0.08680609 
28 438 9 13 0.086735584 
316 383 9 13 0.08668332 
550 415 8 12 0.08657273 
64 132 10 13 0.08655837 
822 377 14 17 0.08650593 
940 12 10 12 0.08579107 
967 248 10 12 0.08574426 
175 6 9 10 0.0857144 
332 125 10 13 0.08527264 
170 470 15 20 0.08486522 
805 22 9 10 0.084575914 
72 437 10 12 0.084501244 
44 8 10 11 0.08386561 
907 278 11 14 0.08367812 
115 451 11 14 0.08355007 
463 92 11 14 0.08352709 
648 46 9 12 0.083314426 
412 76 10 12 0.083205484 
24 47 9 11 0.08320273 
78 462 10 12 0.08300238 
89 102 10 14 0.082692415 
363 432 13 18 0.082610734 
429 147 13 16 0.08255966 
113 448 10 13 0.08229632 
380 257 14 16 0.08203141 
769 183 9 11 0.08149674 
256 282 12 15 0.08113173 
920 216 9 12 0.08109615 
752 382 12 16 0.08080005 
284 0 10 11 0.08074134 
152 155 9 13 0.08058578 
711 211 12 15 0.080582015 
138 514 12 16 0.08037301 
113 182 9 11 0.08035122 
364 85 11 14 0.08016384 
318 52 13 16 0.07981644 
957 152 8 10 0.07979376 
485 281 14 17 0.07977191 
295 165 9 11 0.07947417 
214 388 13 17 0.07919771 
241 120 10 12 0.07906659 
244 250 11 14 0.07895421 
974 385 12 15 0.07883709 
476 22 11 14 0.07874471 
392 1 9 11 0.07872669 
1 210 11 14 0.07856436 
485 336 10 13 0.07831053 
847 266 12 16 0.077729434 
477 283 11 14 0.07769024 
30 373 9 12 0.07732143 
0 170 9 14 0.07729671 
117 376 10 13 0.077110775 
1015 164 9 12 0.07679612 
205 79 9 12 0.076617144 
868 93 9 12 0.076576 
158 287 10 13 0.07656974 
388 153 13 16 0.076544195 
686 109 9 11 0.07650081 
549 178 13 17 0.076361276 
801 260 10 14 0.0762633 
485 126 13 19 0.07586894 
22 225 13 17 0.075558856 
104 479 11 13 0.075555004 
634 62 10 11 0.07555015 
758 222 11 15 0.07552331 
1003 281 11 14 0.07533217 
525 0 10 9 0.0751517 
285 172 9 11 0.075138815 
312 386 11 15 0.075101115 
230 40 10 12 0.074918084 
207 85 9 12 0.07482256 
201 78 9 11 0.0746629 
965 83 12 14 0.07444007 
909 40 13 16 0.074429825 
54 219 12 15 0.074307285 
981 382 10 12 0.0741326 
494 52 10 13 0.07405955 
62 224 11 13 0.07390161 
119 182 8 10 0.07379874 
441 72 9 11 0.07355017 
932 333 9 13 0.07322128 
233 297 12 15 0.07292888 
454 342 9 13 0.072766945 
3 403 10 14 0.07273599 
869 175 10 12 0.07204478 
784 163 11 15 0.07178982 
784 470 24 37 0.071341984 
91 275 11 15 0.07130141 
0 283 18 29 0.07126931 
209 143 9 13 0.07122442 
139 379 12 16 0.07117448 
4 365 10 14 0.07100838 
279 264 8 11 0.07088477 
158 271 9 12 0.07073439 
246 83 10 12 0.0705951 
345 351 11 16 0.07055667 
542 0 10 11 0.070230074 
4 206 12 16 0.07018317 
324 294 11 14 0.06991322 
78 15 8 11 0.06987068 
964 285 13 17 0.06959171 
238 72 9 12 0.069465086 
610 177 13 15 0.069431856 
632 54 9 10 0.06931521 
881 375 9 12 0.06925867 
125 78 10 14 0.06909877 
843 78 11 14 0.068975784 
856 72 9 11 0.06878271 
201 396 11 15 0.068718195 
246 133 10 13 0.06850826 
246 109 9 12 0.068320975 
192 307 12 15 0.06827886 
1012 184 11 15 0.06825964 
294 117 9 11 0.06821552 
20 235 11 14 0.0680214 
417 21 11 14 0.068002455 
485 428 13 18 0.06790349 
108 274 11 15 0.067881644 
734 223 11 13 0.06784098 
377 466 23 30 0.067572735 
72 14 9 11 0.067501344 
8 6 10 12 0.067296736 
175 410 10 13 0.067263655 
287 167 9 11 0.06724288 
92 107 11 13 0.06718091 
950 341 10 12 0.067025304 
294 3 11 14 0.06698055 
884 86 11 13 0.066698015 
54 443 11 13 0.06668958 
335 338 11 17 0.06668881 
16 462 10 14 0.066613406 
94 268 12 15 0.06657493 
57 59 12 17 0.0665541 
768 277 11 15 0.06639518 
368 54 12 16 0.06618536 
889 211 10 13 0.06610959 
6 14 9 13 0.06595467 
177 48 10 13 0.06591213 
273 311 10 12 0.06580612 
609 94 10 14 0.065736264 
309 52 12 15 0.06562664 
16 54 10 13 0.06549478 
954 199 8 11 0.06549128 
189 149 9 12 0.065303154 
226 273 13 16 0.0652848 
181 229 10 12 0.06453022 
404 414 12 14 0.06425342 
160 8 9 11 0.06423522 
646 52 10 12 0.06414628 
64 1 10 9 0.06378353 
133 31 10 13 0.063649245 
65 383 8 11 0.06361633 
857 76 9 12 0.06361067 
862 428 10 13 0.06345445 
791 364 11 13 0.063289635 
709 2 11 13 0.06325414 
682 69 8 11 0.062933214 
134 44 11 14 0.06291241 
644 62 10 12 0.06283295 
547 22 10 14 0.06279537 
29 74 9 12 0.06269516 
40 75 10 12 0.06268407 
638 142 11 13 0.06259909 
356 2 11 14 0.062529385 
560 418 12 15 0.062344998 
817 102 10 14 0.062272377 
997 180 9 12 0.062245056 
524 179 11 15 0.06214402 
527 363 12 16 0.06198887 
1000 239 10 12 0.06179666 
806 117 10 12 0.06178189 
620 113 11 12 0.061764315 
651 445 24 30 0.061731167 
355 418 11 15 0.06172551 
56 228 11 14 0.061711267 
892 452 34 42 0.061590087 
168 125 10 12 0.061582394 
636 133 11 13 0.06154336 
791 373 13 17 0.061407413 
149 150 10 14 0.06113702 
669 102 9 12 0.06104736 
281 172 8 11 0.06099427 
510 38 11 14 0.06087329 
635 126 12 14 0.0607511 
43 116 11 15 0.060711496 
917 109 11 15 0.06053327 
936 55 11 13 0.060515564 
1012 353 12 17 0.060486928 
144 15 8 11 0.060369223 
632 47 10 13 0.060368203 
919 29 11 13 0.06029051 
945 300 9 13 0.060004853 
228 411 12 15 0.059991904 
527 217 12 15 0.059973452 
30 180 10 12 0.05974156 
998 176 9 11 0.059698004 
423 144 12 14 0.05962213 
30 397 8 10 0.059615925 
1014 380 10 15 0.059494838 
533 106 13 16 0.059412204 
838 406 11 14 0.059375416 
821 54 8 10 0.059302643 
759 390 19 29 0.05927107 
69 383 8 10 0.059215188 
838 55 9 11 0.059182633 
213 232 9 13 0.05916672 
990 350 10 12 0.05902361 
225 173 10 12 0.058899608 
278 277 10 13 0.058852285 
989 436 15 21 0.058789037 
478 433 14 17 0.058776334 
182 223 8 12 0.058765545 
537 335 8 11 0.05868906 
74 430 8 11 0.058620427 
776 306 11 15 0.058180343 
701 384 17 23 0.05812126 
213 142 10 12 0.057914957 
640 460 26 35 0.057757687 
831 168 10 13 0.05772561 
1000 164 11 12 0.057692558 
17 267 10 12 0.05768556 
475 129 13 16 0.05765418 
544 211 12 17 0.057616033 
814 184 8 12 0.057461426 
174 109 10 12 0.057447296 
637 290 11 13 0.057319116 
798 416 20 25 0.057219304 
802 324 11 14 0.057071242 
783 300 12 16 0.057049114 
255 0 9 11 0.05691668 
658 62 12 14 0.056861546 
430 45 10 14 0.056814767 
324 20 13 15 0.056653466 
77 397 10 12 0.056313112 
804 401 14 19 0.056230523 
952 307 10 13 0.056206413 
298 125 8 12 0.05612636 
569 256 9 12 0.056115497 
830 93 10 12 0.0560194 
900 99 10 14 0.05581168 
475 356 12 15 0.055619888 
7 193 13 17 0.055609595 
986 35 14 18 0.055486396 
281 299 10 13 0.05547378 
630 0 11 10 0.055266943 
785 213 15 17 0.05524042 
909 71 10 13 0.055083413 
527 106 11 15 0.055078253 
676 253 13 17 0.054874465 
558 171 11 15 0.054852597 
772 282 11 16 0.054847244 
269 364 11 14 0.054839827 
217 313 13 16 0.054725457 
462 477 14 20 0.054573294 
789 159 9 12 0.05451548 
211 242 11 15 0.05450533 
562 380 11 17 0.054494 
67 221 13 15 0.054360844 
712 123 9 13 0.05426609 
536 21 10 13 0.054263342 
57 272 10 12 0.054177493 
590 5 9 10 0.05412252 
184 237 10 13 0.054064885 
681 260 13 17 0.05405517 
855 205 10 14 0.053964872 
420 320 11 13 0.053955667 
575 144 11 16 0.053878017 
115 125 12 14 0.053753715 
800 201 10 12 0.053600583 
574 349 10 14 0.053545024 
2 399 9 13 0.05342919 
783 12 8 11 0.053327862 
47 389 9 12 0.0533259 
132 322 12 15 0.053304948 
214 12 8 11 0.053279042 
893 174 9 11 0.053229608 
509 133 10 14 0.053222205 
137 23 9 11 0.053166494 
56 429 10 13 0.053120248 
808 2 10 10 0.053063728 
14 6 9 10 0.05302255 
386 83 13 16 0.05290808 
663 155 10 12 0.052652825 
836 60 9 13 0.052649673 
421 357 10 13 0.05256025 
8 382 8 12 0.05254073 
254 183 10 13 0.05253964 
207 33 11 13 0.052493375 
173 191 10 11 0.05247616 
72 213 10 13 0.05245838 
645 150 10 14 0.05235724 
223 453 11 14 0.052222688 
988 29 11 15 0.052153073 
681 62 10 13 0.052070294 
78 283 10 12 0.05201488 
181 399 11 14 0.052009914 
926 214 9 12 0.051951822 
225 167 9 11 0.05186414 
807 161 9 11 0.051790703 
302 159 10 12 0.051719338 
982 119 8 11 0.051420502 
767 251 13 16 0.051136114 
70 183 11 14 0.051135994 
187 175 11 14 0.0510899 
829 21 9 11 0.050925743 
521 101 10 15 0.050896965 
637 472 14 17 0.050716966 
890 206 9 13 0.050668024 
272 98 12 15 0.05064785 
607 27 9 11 0.05060787 
748 195 12 14 0.05055339 
417 91 13 17 0.05055016 
1013 158 9 12 0.050546087 
509 1 9 9 0.05035487 
521 1 9 10 0.050336737 
58 235 10 13 0.050229035 
122 220 14 16 0.05021423 
726 235 12 15 0.050205335 
71 37 8 10 0.05016451 
752 6 9 11 0.05010095 
892 388 10 14 0.05002817 
166 375 12 16 0.049858022 
608 38 10 13 0.049835768 
380 140 13 15 0.04981848 
158 254 11 14 0.04979922 
340 258 12 15 0.04972915 
951 116 9 12 0.049712863 
3 300 11 15 0.04960632 
694 109 9 12 0.0495695 
268 236 11 13 0.049521424 
794 183 11 13 0.049487516 
159 111 8 11 0.04947052 
680 267 14 17 0.04942986 
622 447 16 22 0.04923657 
991 200 9 11 0.049161628 
431 368 12 17 0.049144737 
461 188 14 17 0.049103007 
267 258 13 15 0.048936795 
515 76 10 13 0.048832096 
813 172 9 11 0.048730765 
471 309 9 13 0.04863241 
150 116 10 13 0.048629165 
89 16 9 11 0.048463352 
223 270 12 15 0.04839993 
625 155 12 17 0.04813914 
176 180 10 13 0.048092544 
655 311 10 13 0.0480709 
111 108 10 13 0.047995955 
173 2 10 10 0.047964722 
181 81 13 15 0.047952224 
56 410 12 14 0.04785296 
830 197 9 12 0.0478324 
376 460 13 18 0.047819056 
375 82 12 15 0.047738317 
524 4 11 14 0.047731213 
232 334 13 16 0.04756592 
2 473 10 15 0.047510732 
941 279 9 13 0.047472876 
773 21 9 12 0.047467273 
422 -1 8 8 0.04745779 
839 138 10 12 0.047437146 
247 139 11 14 0.047374565 
415 87 11 14 0.047355007 
853 199 9 13 0.047305565 
972 124 9 11 0.047209185 
117 244 11 13 0.047172282 
36 106 18 23 0.04711888 
508 113 12 16 0.04707152 
224 40 9 12 0.047059014 
289 223 9 12 0.04704115 
639 108 10 13 0.046996064 
864 180 10 12 0.04698271 
113 377 9 12 0.04676641 
24 310 13 15 0.046608344 
820 312 13 17 0.04658716 
492 130 14 18 0.046453044 
952 4 11 13 0.046424497 
864 114 10 13 0.046368875 
220 360 13 17 0.046366125 
597 100 12 15 0.046364617 
469 300 10 13 0.04635825 
120 227 13 17 0.0462569 
41 178 10 12 0.046246514 
523 90 13 15 0.046209343 
582 5 10 12 0.04620222 
609 123 10 13 0.046198227 
491 290 13 16 0.046144933 
754 88 7 10 0.046113666 
632 314 13 16 0.046052616 
208 8 10 11 0.045991935 
94 13 9 12 0.045949023 
600 310 10 13 0.045897502 
802 163 9 12 0.045789033 
257 77 11 14 0.045731653 
940 208 11 13 0.045718893 
461 6 10 11 0.04568933 
702 4 11 13 0.045687355 
183 244 10 13 0.0456779 
103 382 8 11 0.045649637 
721 249 11 15 0.04562654 
741 120 9 12 0.045570366 
119 0 8 9 0.045537982 
21 486 15 18 0.045501426 
62 19 9 11 0.045416802 
687 118 10 14 0.045324367 
404 11 10 14 0.04525635 
639 355 10 14 0.04523289 
23 173 10 13 0.045183808 
616 2 8 10 0.044951946 
302 438 12 15 0.044920288 
128 8 8 10 0.044858754 
928 175 8 10 0.044809673 
129 420 12 14 0.04477467 
182 13 9 12 0.044762474 
217 132 11 13 0.044687063 
605 83 10 12 0.044615015 
930 469 16 23 0.044582505 
76 165 12 15 0.04454346 
604 478 15 22 0.04449254 
951 236 10 12 0.04448275 
256 189 11 13 0.044438437 
393 9 11 15 0.044403397 
813 92 9 11 0.04436827 
7 84 10 14 0.044343047 
533 166 12 14 0.044325426 
802 331 13 17 0.0443167 
997 259 11 13 0.04422783 
596 173 11 13 0.04407033 
889 167 8 11 0.044053078 
396 69 11 15 0.044008207 
295 110 9 13 0.0439632 
49 93 9 12 0.043931246 
129 386 11 13 0.043928377 
241 109 9 12 0.043925337 
695 103 8 11 0.043910723 
646 301 10 12 0.043867126 
168 196 11 14 0.043836836 
848 168 8 11 0.043799393 
62 163 11 14 0.04378275 
590 108 12 13 0.043702256 
390 71 13 16 0.04363228 
439 369 13 16 0.043511547 
886 229 9 11 0.043510396 
789 387 11 13 0.043484695 
423 7 9 12 0.043429952 
565 354 11 15 0.043369915 
333 371 12 15 0.043323938 
73 359 10 13 0.043266464 
480 334 9 12 0.04318632 
469 292 11 14 0.04314253 
912 254 9 11 0.043106865 
516 435 11 15 0.043092985 
856 135 9 12 0.042890616 
815 376 14 19 0.042723525 
316 44 13 17 0.04263463 
459 38 11 13 0.04246971 
974 36 13 17 0.0424613 
56 340 10 14 0.042454712 
342 66 10 15 0.04245329 
761 165 10 14 0.04243706 
85 485 10 14 0.042434882 
255 195 10 13 0.04242137 
56 437 11 13 0.04235038 
606 312 9 12 0.042303994 
799 159 10 11 0.042295415 
560 261 8 11 0.042271625 
303 181 12 15 0.04213911 
773 395 14 20 0.04213664 
732 282 11 14 0.042061217 
567 37 9 11 0.042007096 
693 259 15 18 0.04199718 
217 70 12 14 0.04199454 
396 329 12 16 0.041986056 
406 37 9 12 0.041951064 
878 30 9 12 0.041895732 
612 286 11 14 0.0418494 
101 398 9 11 0.041784685 
799 412 13 17 0.041752774 
340 46 10 14 0.041703887 
567 348 11 15 0.04165605 
582 68 11 13 0.041650638 
79 20 8 12 0.041599106 
488 221 9 12 0.041584246 
4 222 11 14 0.04154697 
265 435 11 15 0.04152385 
967 180 8 10 0.041520152 
678 112 9 11 0.041455925 
949 251 10 12 0.04143949 
7 430 7 10 0.0414352 
92 37 10 13 0.041427646 
59 348 11 14 0.041394275 
469 442 15 19 0.04136236 
477 375 12 15 0.0413116 
300 224 14 15 0.0412928 
825 19 9 11 0.041251518 
807 14 9 11 0.041188363 
930 386 11 16 0.04107497 
578 140 12 15 0.041073073 
347 57 15 19 0.041025937 
69 6 10 11 0.040957596 
491 421 12 16 0.04090842 
872 44 12 14 0.040748812 
655 1 10 10 0.040737282 
30 407 8 11 0.040659502 
125 19 11 13 0.04064667 
785 380 10 13 0.040636852 
996 255 10 12 0.040635325 
85 463 8 11 0.04061256 
897 28 10 13 0.040587615 
333 11 9 13 0.04054619 
800 16 9 11 0.04049612 
284 351 10 13 0.040360767 
991 246 11 11 0.040358983 
524 188 11 14 0.040232662 
200 84 10 12 0.04018153 
790 116 8 10 0.040131677 
28 413 10 12 0.04012925 
503 301 11 15 0.04012805 
122 280 14 16 0.040126003 
804 256 10 13 0.040117547 
102 376 8 10 0.04002572 
686 0 8 10 0.039992973 
672 432 13 19 0.039987054 
174 355 12 16 0.03997986 
239 27 10 13 0.03990818 
742 300 13 16 0.039895944 
365 351 10 13 0.03989167 
772 131 10 12 0.039784677 
121 174 10 13 0.039763987 
40 375 10 13 0.039704457 
408 72 11 14 0.039670855 
834 126 10 12 0.03964728 
764 203 11 14 0.03962976 
311 374 9 12 0.039610587 
998 479 12 17 0.03956535 
861 78 10 12 0.039560985 
300 108 11 13 0.039536167 
49 24 10 12 0.039516676 
545 90 10 14 0.03949634 
46 144 13 15 0.039492667 
849 22 9 12 0.03949109 
147 273 12 14 0.03937178 
104 70 10 13 0.039364316 
872 354 13 17 0.039339803 
864 59 11 15 0.039302565 
1013 13 9 14 0.039272476 
359 428 13 16 0.03925535 
281 110 10 13 0.03924636 
473 388 11 14 0.03922657 
844 374 9 14 0.039049998 
929 14 10 12 0.038937405 
46 62 10 13 0.03891703 
204 404 12 16 0.03886653 
160 456 9 12 0.038788665 
616 44 10 12 0.038782448 
765 411 12 16 0.038649656 
770 331 11 16 0.038499504 
462 14 10 12 0.038439136 
417 428 15 20 0.038402006 
724 44 11 14 0.03838445 
549 220 9 12 0.038381804 
214 31 9 12 0.03830112 
136 341 10 14 0.03826985 
565 318 9 12 0.03826201 
94 0 8 9 0.038237464 
694 156 10 13 0.038215905 
848 14 10 12 0.038188186 
662 326 13 17 0.03817425 
264 267 10 13 0.038172007 
415 13 10 12 0.038165342 
951 141 8 10 0.038146507 
250 446 10 13 0.038130328 
167 357 10 13 0.038113654 
550 -1 9 9 0.038052127 
63 517 13 16 0.037993487 
410 343 12 15 0.037985962 
278 167 9 12 0.037952274 
335 121 9 11 0.037935164 
28 214 11 14 0.03792777 
82 244 11 15 0.03786495 
671 96 8 10 0.037856333 
5 116 11 16 0.03784477 
392 332 10 13 0.037729304 
54 389 9 11 0.037656322 
637 45 11 15 0.037604615 
109 70 9 12 0.03756099 
937 3 9 10 0.03752861 
784 36 10 12 0.037496965 
7 47 10 14 0.03749474 
908 465 28 34 0.037481453 
655 303 9 11 0.037366748 
493 214 10 12 0.037311032 
161 460 11 15 0.03729607 
783 193 12 14 0.037252545 
215 357 12 16 0.037202537 
267 245 13 17 0.03717257 
477 4 10 12 0.037111077 
70 79 11 13 0.037105765 
927 221 9 11 0.03709093 
447 362 10 11 0.037067432 
781 22 10 11 0.0370559 
667 53 12 14 0.03704965 
445 253 12 17 0.0370426 
500 281 10 14 0.03702987 
225 397 12 15 0.036980476 
596 107 11 13 0.036973726 
240 168 9 12 0.036950663 
142 151 12 15 0.036932856 
223 236 11 13 0.03692369 
510 62 14 16 0.03688822 
573 46 11 13 0.03688076 
418 49 11 15 0.03682588 
494 22 12 15 0.036767263 
916 127 10 12 0.036693092 
577 13 10 12 0.03665557 
466 190 15 17 0.036642984 
663 38 9 11 0.036597405 
557 68 11 12 0.036554944 
846 51 11 13 0.03653693 
304 171 12 15 0.036465716 
97 212 12 16 0.036444355 
610 11 10 13 0.036387153 
344 111 11 14 0.036378104 
901 308 11 16 0.036321647 
743 274 14 17 0.036318857 
727 229 12 15 0.03628542 
503 35 11 15 0.03627864 
112 131 11 13 0.036275428 
505 71 10 12 0.036265526 
230 85 11 12 0.03625492 
362 355 12 15 0.036200803 
305 218 14 15 0.03619666 
7 20 8 12 0.03619621 
581 149 12 16 0.03619021 
565 430 19 23 0.036173142 
486 20 9 13 0.03615231 
604 69 11 14 0.036105447 
498 4 11 13 0.03609635 
177 142 11 13 0.03605222 
646 38 9 12 0.03593061 
932 396 10 14 0.035925772 
878 254 9 12 0.0358723 
766 419 10 13 0.035846204 
61 436 10 13 0.035781115 
596 179 12 15 0.03573736 
904 49 11 14 0.035615966 
972 246 11 12 0.035601843 
966 278 12 16 0.035550624 
569 131 11 15 0.03546735 
992 357 11 14 0.035464417 
449 340 10 14 0.035448845 
959 251 8 11 0.035438925 
724 343 15 19 0.035437915 
209 292 10 14 0.035430964 
111 216 14 16 0.035421055 
756 157 10 13 0.03537357 
344 121 11 14 0.035347458 
150 456 8 11 0.035344522 
837 239 10 13 0.035178855 
133 523 24 31 0.0351538 
607 438 23 29 0.03514823 
192 156 8 12 0.03511848 
581 43 10 13 0.035113014 
773 460 22 35 0.03511183 
840 24 9 12 0.035109658 
89 269 11 14 0.035016123 
151 175 12 16 0.035004005 
855 5 10 11 0.034990747 
32 4 9 11 0.034979984 
893 298 13 16 0.034838825 
126 166 11 14 0.034772653 
38 105 10 14 0.034718968 
573 365 12 15 0.034718648 
983 424 21 26 0.03466217 
262 124 10 11 0.034654204 
148 51 10 14 0.03458566 
877 40 11 13 0.03457235 
295 438 10 12 0.034570124 
972 253 10 12 0.034564134 
166 350 10 13 0.034564015 
141 392 10 14 0.03454147 
493 62 10 13 0.034533024 
743 54 10 11 0.034512885 
296 159 10 13 0.034491878 
639 1 9 10 0.03446337 
5 228 11 13 0.03438078 
622 337 12 14 0.034362078 
535 185 12 16 0.034354463 
659 204 14 16 0.03434551 
468 89 14 17 0.034252502 
322 491 17 24 0.0342511 
103 39 9 13 0.034247518 
823 306 13 17 0.03421115 
204 388 13 17 0.034200896 
239 84 11 13 0.034163937 
441 323 11 14 0.03412195 
858 207 18 22 0.034110148 
889 181 8 11 0.034084283 
437 46 9 11 0.034065824 
1014 147 9 14 0.034043647 
983 244 10 12 0.034038525 
841 34 10 12 0.03403681 
656 117 10 12 0.03401719 
713 35 10 12 0.033937287 
181 459 11 15 0.03392631 
106 164 13 16 0.033917863 
403 138 13 14 0.033844355 
495 455 13 15 0.03379284 
64 308 11 16 0.033777677 
29 47 9 12 0.03376967 
839 198 10 12 0.033690866 
887 223 8 10 0.033686366 
414 354 11 14 0.033655323 
630 177 13 15 0.033649955 
254 86 10 11 0.03364293 
622 301 8 11 0.03361966 
588 354 12 17 0.03360156 
62 224 19 22 0.033584353 
7 1 10 10 0.03357714 
205 368 12 15 0.03356314 
300 3 13 15 0.033562116 
974 261 9 11 0.033488594 
358 15 14 18 0.033465154 
254 393 13 17 0.033445988 
602 357 12 16 0.033445742 
190 314 14 17 0.033437062 
553 101 11 15 0.033406753 
101 390 9 11 0.0333993 
56 1 9 9 0.033398286 
564 402 12 16 0.0333828 
895 38 10 14 0.033353824 
478 91 12 15 0.03332427 
643 197 14 16 0.033320118 
118 328 12 14 0.03330467 
734 54 10 11 0.033293728 
791 253 10 13 0.03328554 
942 67 12 14 0.03325722 
26 1 7 8 0.03318036 
465 21 11 15 0.033110734 
45 190 11 15 0.033082675 
806 36 8 11 0.03299468 
878 342 11 13 0.03297784 
959 118 9 11 0.032964945 
164 414 12 14 0.032938 
142 116 12 14 0.032909635 
855 443 26 37 0.03286602 
728 52 9 11 0.032837182 
342 52 12 17 0.03283103 
762 298 14 17 0.032820612 
267 71 11 15 0.032790165 
983 376 10 13 0.03275322 
646 141 10 12 0.03275138 
372 92 13 16 0.032750748 
331 365 13 15 0.03273195 
132 212 13 15 0.032714423 
212 372 11 14 0.032713316 
710 346 12 16 0.032682747 
679 55 10 13 0.032631084 
461 149 12 15 0.032609597 
582 315 10 13 0.03256925 
53 166 12 14 0.03252102 
717 340 14 18 0.032482967 
255 53 11 13 0.03242588 
114 290 10 14 0.0324179 
296 172 9 12 0.032358784 
525 39 11 14 0.03235272 
814 141 8 12 0.032341525 
313 125 8 11 0.032320835 
98 416 9 12 0.032261036 
889 65 18 22 0.032205917 
765 219 10 15 0.032159816 
79 488 13 19 0.032147635 
797 309 12 16 0.03204176 
73 269 10 13 0.03202713 
254 236 10 13 0.032002814 
693 37 9 12 0.03197079 
220 245 13 16 0.03196737 
711 30 10 14 0.031957094 
937 209 9 11 0.031929515 
612 158 14 16 0.03188902 
335 257 11 15 0.031869594 
536 0 10 10 0.03186211 
564 4 10 14 0.03182526 
737 203 11 14 0.031793416 
188 84 12 15 0.031761765 
126 327 12 15 0.031759392 
91 283 12 13 0.031718317 
2 438 8 13 0.03170663 
127 32 17 23 0.03161485 
351 373 10 12 0.031540077 
686 53 10 13 0.031513814 
687 43 11 14 0.03151377 
111 459 11 17 0.031503104 
138 268 11 13 0.031475738 
889 74 11 14 0.031444497 
261 182 9 12 0.031444017 
319 311 13 17 0.03143591 
493 182 11 13 0.03142463 
80 215 13 16 0.031413652 
501 114 11 15 0.031383604 
888 138 10 13 0.03132284 
49 397 9 11 0.031276762 
400 135 11 13 0.03126342 
469 413 9 13 0.031163238 
226 324 13 17 0.031150507 
167 179 10 12 0.03114442 
583 205 10 15 0.031123674 
562 408 20 26 0.030950904 
675 460 26 37 0.030950414 
262 375 11 15 0.03092221 
813 263 11 13 0.030870585 
57 14 9 12 0.030794472 
52 146 12 13 0.030785756 
684 161 10 13 0.030766563 
788 356 13 17 0.030761726 
591 13 10 12 0.030754663 
997 133 10 12 0.030745493 
570 415 16 21 0.03074436 
910 388 12 14 0.03070169 
801 6 9 12 0.030685944 
807 480 26 32 0.030681424 
493 300 10 14 0.030676922 
720 52 8 12 0.030669464 
501 2 18 21 0.030668218 
232 92 11 13 0.030637952 
381 490 17 27 0.03057708 
47 99 9 13 0.030568885 
222 382 10 13 0.030564941 
958 204 9 13 0.03055277 
347 463 13 15 0.030538114 
287 11 10 12 0.030455848 
156 155 11 14 0.03040681 
413 423 12 16 0.030399334 
55 313 12 15 0.030392708 
802 135 8 11 0.030384686 
576 318 10 12 0.030381216 
329 164 9 13 0.030353105 
876 349 12 16 0.030345598 
718 409 14 19 0.030320624 
112 187 10 13 0.03031122 
633 452 24 33 0.030308831 
631 142 12 15 0.030299332 
356 58 14 19 0.030224118 
626 291 10 13 0.03018356 
23 37 10 13 0.030173425 
120 67 10 12 0.03017274 
38 209 13 16 0.030168088 
968 435 21 28 0.030167496 
575 51 11 14 0.030163182 
784 388 10 14 0.0301608 
860 155 11 14 0.030151274 
830 159 8 11 0.030093273 
0 464 9 13 0.03008696 
351 381 12 15 0.030080806 
673 70 9 10 0.030070573 
395 43 12 13 0.03006785 
46 54 8 11 0.030016119 
541 163 14 16 0.030010587 
62 127 10 14 0.02999804 
464 98 11 16 0.029987853 
69 389 10 12 0.02996072 
822 405 10 13 0.029945062 
95 49 17 21 0.029937997 
475 83 11 14 0.02993062 
946 342 8 11 0.029913995 
511 48 13 17 0.029900163 
37 158 10 13 0.029868823 
584 76 10 13 0.029859476 
865 26 17 22 0.029820694 
85 345 12 15 0.029785583 
269 44 11 15 0.02978282 
21 191 11 14 0.02978063 
60 399 9 12 0.02971553 
1012 97 10 15 0.029670758 
16 430 9 11 0.029654136 
448 11 11 13 0.02962785 
599 81 11 14 0.029618204 
104 27 9 12 0.029612938 
455 2 10 11 0.029599415 
579 416 14 19 0.029557314 
437 334 11 13 0.02950044 
314 187 11 13 0.029470844 
298 374 9 13 0.029441316 
781 372 13 17 0.029428395 
702 277 10 14 0.029422423 
487 308 12 18 0.029420938 
814 15 9 11 0.029338922 
0 422 8 13 0.02931685 
487 174 9 11 0.029203055 
968 139 9 11 0.029201588 
183 8 9 11 0.029196735 
30 52 10 13 0.02918802 
446 447 18 23 0.029145967 
837 211 11 13 0.029121839 
588 115 13 16 0.029113997 
31 195 13 16 0.029112648 
181 475 11 15 0.029092044 
272 165 10 13 0.029036516 
772 270 12 15 0.029023401 
919 240 9 13 0.029012477 
783 352 13 18 0.028962767 
983 21 12 14 0.028874572 
342 13 10 15 0.028829705 
620 45 11 13 0.028789733 
88 5 8 10 0.028764825 
197 104 10 13 0.028763387 
940 405 13 15 0.028756713 
877 127 12 14 0.028750775 
518 137 12 17 0.028750308 
782 253 10 13 0.028738827 
126 1 9 9 0.02872595 
336 285 18 23 0.028711008 
164 23 13 15 0.028691381 
636 326 12 16 0.028690903 
895 267 11 14 0.028683536 
662 197 12 15 0.028671602 
832 251 12 15 0.028661404 
663 129 10 14 0.028641902 
270 373 11 13 0.028606378 
728 140 11 13 0.02858531 
743 175 11 13 0.02857827 
943 185 8 10 0.028570477 
671 110 9 11 0.028545115 
101 22 11 13 0.02854329 
778 401 12 17 0.028523084 
191 135 10 13 0.028507885 
229 77 9 12 0.028504828 
287 87 10 13 0.02847059 
613 315 9 13 0.028454812 
109 235 13 16 0.028369907 
773 110 11 12 0.028341636 
1006 0 9 9 0.028291883 
966 36 11 14 0.028291514 
761 117 9 11 0.02827633 
383 19 11 14 0.028264193 
926 393 13 19 0.028257009 
774 16 10 12 0.028255425 
887 39 10 13 0.028233819 
439 12 9 11 0.028222281 
46 209 13 16 0.028184371 
193 108 9 12 0.02818254 
681 4 9 12 0.028175699 
161 314 12 15 0.028172193 
741 314 14 17 0.028098283 
789 2 10 10 0.028094806 
869 24 10 12 0.02806233 
829 204 11 13 0.028005924 
245 407 10 12 0.02798434 
98 381 9 11 0.027980177 
422 362 11 16 0.027978512 
843 412 12 19 0.027970456 
718 4 11 12 0.027937869 
599 397 11 16 0.027920932 
319 374 9 12 0.027903987 
941 129 19 23 0.027899565 
333 441 20 26 0.02785403 
204 114 11 14 0.027849019 
508 306 12 16 0.027786896 
552 114 10 14 0.027781157 
508 185 13 19 0.027742617 
947 27 11 15 0.02774036 
640 36 11 13 0.027737662 
340 341 11 15 0.027684944 
735 191 11 14 0.027684432 
506 71 19 23 0.02762425 
89 174 12 16 0.027586222 
160 357 9 12 0.027549362 
900 193 12 15 0.027546957 
694 390 21 28 0.027538572 
983 190 8 11 0.027509443 
291 69 12 14 0.027509408 
207 172 10 13 0.02748987 
87 282 11 13 0.027486607 
284 279 11 14 0.027484395 
917 70 11 13 0.027458707 
690 122 10 14 0.027455574 
562 396 12 16 0.027452888 
254 70 12 14 0.027414683 
735 266 12 17 0.027390346 
613 99 9 13 0.0273683 
808 235 12 14 0.027345818 
164 14 11 12 0.02727523 
564 364 12 15 0.027272053 
932 371 10 13 0.027154775 
692 68 10 12 0.027099183 
414 373 13 15 0.027097939 
688 104 9 11 0.027088497 
900 139 10 13 0.027048085 
253 461 11 14 0.027040975 
168 363 11 15 0.027020318 
621 6 8 11 0.02701301 
622 355 10 13 0.02698166 
814 20 9 12 0.026979243 
243 21 10 13 0.026962752 
672 238 12 15 0.026962336 
658 125 9 12 0.026961429 
136 347 11 14 0.026946371 
261 52 12 14 0.026928956 
898 334 12 16 0.02691614 
955 389 14 17 0.026903728 
22 290 10 13 0.02689841 
702 -1 23 24 0.026896687 
734 6 8 11 0.02684403 
626 287 19 21 0.026835276 
127 307 11 14 0.026815396 
36 465 12 15 0.026815074 
840 268 10 15 0.026799422 
61 215 11 13 0.02676419 
581 52 11 14 0.026762089 
968 231 9 11 0.026756767 
716 216 11 15 0.026742337 
630 5 10 12 0.026740354 
155 531 15 22 0.026718222 
997 37 11 15 0.02669212 
184 300 10 13 0.026668618 
615 40 9 11 0.026648238 
268 148 9 12 0.026637653 
228 179 11 13 0.0266236 
373 452 13 19 0.026609177 
768 112 9 11 0.026595194 
639 56 10 11 0.026586726 
480 175 9 12 0.026549544 
831 -10 22 24 0.026538769 
214 383 11 14 0.02652965 
437 53 10 12 0.026508272 
917 7 10 11 0.026504692 
783 113 10 13 0.026497934 
507 11 11 13 0.02647648 
30 86 9 12 0.026462654 
84 195 13 16 0.026440956 
520 12 11 14 0.026432727 
444 76 10 12 0.02642755 
896 190 10 13 0.026411539 
703 29 11 14 0.026406314 
707 183 15 18 0.026400724 
133 7 9 11 0.026386939 
108 159 10 13 0.02637435 
527 416 12 17 0.026370298 
870 299 10 13 0.026365504 
943 127 11 14 0.02636381 
959 29 9 13 0.02634247 
541 334 8 12 0.026340356 
542 414 11 15 0.026313733 
502 144 13 16 0.026309555 
131 134 11 14 0.0263043 
599 6 9 11 0.026288781 
818 102 18 23 0.026264787 
1014 52 8 12 0.026258033 
8 70 9 13 0.026247634 
99 173 12 16 0.026245305 
807 128 10 11 0.026232008 
336 423 12 15 0.026231442 
767 15 11 14 0.026177024 
199 30 10 12 0.026130756 
254 109 9 13 0.026079062 
705 403 15 22 0.026069729 
55 348 10 13 0.02606526 
485 16 9 11 0.026059875 
950 386 13 16 0.026049232 
559 0 10 11 0.02604359 
534 339 10 12 0.026043214 
101 218 11 14 0.026033875 
267 301 12 13 0.026029678 
41 424 10 14 0.026029056 
295 224 12 15 0.026026966 
470 434 15 19 0.026021888 
844 406 12 14 0.026020607 
901 71 11 13 0.026012644 
638 401 13 19 0.026008518 
219 156 12 14 0.026007753 
53 101 9 12 0.025980404 
364 292 10 13 0.025963748 
581 60 13 16 0.02593399 
550 92 10 13 0.025917234 
588 152 13 16 0.02588385 
228 390 12 16 0.025878385 
-1 295 16 27 0.025873167 
26 490 13 17 0.025870083 
776 89 10 13 0.025864549 
533 283 11 14 0.025842482 
968 28 11 13 0.025824776 
880 243 10 14 0.025782062 
957 125 10 12 0.025735585 
356 163 13 16 0.025722483 
432 126 17 24 0.025683085 
903 181 10 13 0.025679415 
310 424 15 18 0.025675686 
175 71 11 13 0.025640812 
191 297 9 12 0.02561327 
774 344 13 17 0.025585173 
25 539 12 15 0.025559373 
132 513 22 26 0.025537955 
318 294 14 19 0.025530193 
827 14 11 14 0.02550792 
558 36 10 12 0.02550325 
597 151 11 13 0.025499837 
34 349 10 13 0.025472997 
634 159 14 16 0.025460213 
54 22 9 11 0.025443409 
110 172 11 15 0.025439765 
688 93 10 12 0.025427237 
76 229 12 15 0.025408681 
614 219 12 16 0.025389068 
729 119 9 10 0.0253645 
854 14 10 13 0.025357379 
903 174 10 12 0.025350032 
836 348 12 15 0.025341466 
488 168 9 13 0.025322987 
58 489 13 18 0.02531713 
53 120 9 12 0.02531567 
654 132 10 14 0.025281642 
501 175 11 13 0.025258936 
785 2 9 11 0.02525705 
696 2 9 10 0.025254313 
925 21 10 13 0.025239445 
116 252 11 13 0.02522953 
710 23 8 10 0.025212662 
591 397 12 15 0.025177002 
264 22 10 13 0.025170872 
255 124 10 12 0.025159532 
652 272 12 14 0.025153035 
549 162 13 18 0.02515237 
266 142 10 14 0.025127783 
402 202 13 16 0.025126461 
919 301 10 14 0.025123855 
604 62 11 13 0.025116911 
324 476 13 19 0.025106246 
100 489 15 19 0.025104728 
347 497 14 17 0.025100894 
692 218 13 16 0.025093907 
881 311 11 16 0.025085084 
620 39 10 12 0.02505979 
560 22 11 14 0.02505538 
997 205 10 14 0.02504427 
5 75 12 16 0.0249963 
310 119 9 12 0.024981635 
481 284 21 25 0.024974553 
356 81 17 22 0.024969347 
189 70 11 13 0.02494138 
269 381 9 11 0.024932845 
712 329 13 18 0.024876047 
397 38 12 14 0.024868302 
686 216 13 17 0.024858251 
872 165 10 12 0.02485486 
78 48 11 12 0.024850994 
106 483 12 15 0.02484969 
513 428 12 16 0.024844153 
805 109 10 14 0.024819123 
615 310 9 12 0.024774708 
750 54 9 10 0.024767764 
648 67 8 11 0.02476735 
777 220 13 17 0.024764523 
671 61 10 13 0.024756502 
385 0 11 11 0.024749314 
57 420 10 14 0.024744872 
299 208 14 16 0.024720015 
72 19 10 12 0.024680024 
845 115 12 14 0.02466717 
727 5 10 13 0.024666041 
29 460 14 17 0.024665823 
285 144 10 12 0.024650024 
1005 162 11 14 0.024645958 
0 46 10 13 0.024641888 
610 221 10 13 0.024608137 
64 93 11 13 0.02457789 
654 442 37 46 0.024554636 
24 29 9 13 0.024552718 
531 133 13 16 0.024536094 
802 140 8 11 0.024531998 
100 14 10 12 0.02453189 
119 82 11 14 0.024530469 
1 227 10 14 0.024526635 
167 117 10 13 0.02450757 
233 19 11 14 0.024492702 
169 155 11 14 0.024469875 
56 66 11 16 0.024468562 
151 15 9 10 0.024449883 
365 372 12 15 0.024440898 
775 187 10 13 0.02443809 
575 266 12 15 0.024423113 
56 6 8 10 0.02438475 
934 269 11 14 0.0243679 
582 343 10 13 0.024365522 
669 35 10 12 0.024358928 
184 35 10 13 0.024349654 
653 64 19 23 0.024347316 
104 157 10 13 0.024336474 
85 365 8 12 0.02432184 
361 108 12 14 0.02431851 
389 426 14 18 0.0242981 
632 66 12 14 0.024296494 
927 325 10 13 0.02429422 
918 181 10 12 0.024294216 
806 213 11 13 0.024289535 
855 419 12 16 0.0242848 
448 483 24 40 0.024273928 
179 109 12 14 0.02420681 
436 340 12 15 0.024148151 
8 314 11 16 0.02413095 
898 285 10 13 0.024124712 
854 166 9 12 0.024123125 
286 334 110 138 0.024099074 
604 196 14 18 0.024082651 
333 159 10 13 0.024060717 
622 53 10 12 0.024050418 
351 -6 20 23 0.024044298 
435 148 14 18 0.024005724 
22 15 8 11 0.024003109 
347 425 12 18 0.023995496 
385 37 11 15 0.023978466 
223 49 12 15 0.023948515 
543 53 10 14 0.02391946 
766 187 12 15 0.023899361 
166 340 12 16 0.023894737 
133 383 18 22 0.02389002 
613 195 14 17 0.02388203 
756 20 11 14 0.02386941 
686 174 11 15 0.023855932 
357 112 12 15 0.023805058 
905 387 11 14 0.02378995 
188 244 10 12 0.023789339 
346 195 11 15 0.023781568 
415 140 11 14 0.023778047 
832 322 13 15 0.02377404 
575 36 11 13 0.023742687 
654 167 12 15 0.023727616 
15 14 9 12 0.023714123 
225 460 15 18 0.023710169 
480 14 9 12 0.023661926 
139 492 16 20 0.023657333 
1004 270 12 15 0.02365565 
234 420 12 17 0.023653425 
59 282 13 14 0.023626823 
509 316 11 14 0.023619013 
580 104 12 13 0.023613984 
772 258 13 15 0.023609998 
863 85 10 13 0.023602886 
555 150 11 14 0.023599455 
918 267 12 15 0.023581706 
858 181 9 12 0.023580348 
868 360 14 18 0.023555664 
459 450 13 18 0.023552708 
532 14 10 14 0.023532068 
142 480 12 16 0.023517631 
181 30 9 12 0.02350874 
503 19 18 22 0.023503385 
755 452 23 32 0.023493137 
957 60 10 13 0.023476737 
862 150 10 13 0.023452083 
132 305 12 15 0.0234412 
117 367 10 12 0.023430558 
177 397 10 14 0.023416309 
908 384 24 30 0.023408981 
717 125 9 13 0.023403913 
592 22 10 13 0.023374245 
281 437 12 14 0.023365792 
885 237 9 13 0.023346866 
827 101 12 15 0.023285752 
118 5 8 10 0.023282478 
644 333 11 15 0.023277886 
566 91 10 14 0.023277175 
718 198 10 12 0.023272127 
613 138 11 15 0.023249744 
140 460 12 16 0.023242969 
993 156 10 13 0.023229709 
919 24 10 12 0.02321919 
932 325 11 14 0.02320367 
917 139 10 13 0.023189092 
998 325 11 14 0.02318744 
630 466 22 30 0.02318411 
398 169 14 17 0.02316372 
494 175 11 13 0.023135126 
464 0 11 11 0.023126269 
213 484 18 26 0.023115242 
795 392 20 26 0.023092272 
229 108 12 14 0.023054738 
732 121 18 21 0.02304281 
1 6 8 12 0.023029335 
386 112 14 17 0.023009919 
570 326 14 16 0.023004482 
198 71 10 13 0.022990027 
197 8 10 12 0.022989461 
917 348 13 17 0.022972502 
282 315 11 15 0.02294174 
989 342 10 13 0.022906153 
679 77 9 12 0.022891432 
886 381 11 13 0.022882994 
15 47 9 13 0.022866039 
425 457 16 21 0.022863407 
401 162 16 19 0.022862602 
815 199 10 13 0.02284586 
911 4 9 12 0.022830136 
197 139 11 14 0.022811992 
221 148 12 13 0.022790207 
456 474 13 19 0.022776585 
268 83 10 13 0.022764979 
247 456 12 16 0.022762999 
869 -6 19 23 0.022761585 
88 270 19 24 0.022751158 
839 260 9 14 0.022737531 
976 199 8 10 0.022728292 
952 203 10 12 0.02272734 
367 266 13 16 0.0227196 
849 458 30 47 0.022718117 
733 417 13 19 0.02271239 
111 207 13 16 0.022693856 
141 109 13 16 0.022691622 
676 142 10 13 0.022624277 
542 12 12 15 0.02261791 
100 332 12 16 0.022586128 
83 164 12 15 0.022585286 
525 166 13 16 0.02257705 
560 271 9 12 0.022563102 
189 36 11 14 0.022545302 
432 50 10 13 0.022541674 
24 423 9 12 0.022537738 
279 45 11 16 0.022535022 
656 47 18 22 0.022526408 
881 191 9 13 0.022524524 
28 430 10 13 0.022522496 
173 85 12 14 0.022511179 
264 231 10 12 0.022474106 
752 226 12 15 0.022459649 
432 69 9 12 0.022443037 
117 188 9 12 0.022441868 
838 70 11 13 0.022439918 
621 308 10 14 0.022422954 
151 163 11 14 0.022387829 
2 428 7 11 0.022382628 
921 104 20 26 0.022378458 
750 141 11 12 0.022377837 
190 125 10 13 0.022372952 
846 92 10 12 0.022363076 
95 117 10 12 0.02235962 
134 188 10 12 0.02234057 
133 111 10 12 0.022288648 
79 5 10 11 0.02228016 
91 494 15 18 0.022261253 
838 342 10 12 0.02224487 
113 373 18 23 0.02222868 
946 61 14 15 0.022212692 
510 178 12 18 0.022204015 
510 374 11 14 0.022199271 
704 22 9 11 0.022193978 
839 452 29 44 0.022174384 
25 441 12 17 0.022169478 
135 152 11 15 0.022162909 
943 318 9 14 0.022142872 
949 125 11 14 0.022127615 
859 270 11 13 0.022125449 
977 0 11 11 0.022122014 
216 250 17 22 0.02209379 
109 76 10 14 0.022080367 
38 163 11 14 0.022065055 
579 124 13 16 0.022047192 
388 59 13 15 0.022038775 
856 30 9 11 0.02201688 
86 70 10 12 0.022013765 
902 219 9 12 0.02200838 
867 207 11 15 0.022005897 
904 117 9 13 0.02199779 
430 248 18 22 0.02196764 
631 326 12 15 0.02195498 
8 29 10 13 0.021927746 
966 396 13 16 0.021920992 
686 75 11 13 0.02190178 
692 180 11 15 0.021896407 
978 135 18 22 0.021862987 
124 52 11 13 0.021860255 
670 113 18 23 0.02185063 
654 198 12 16 0.021844199 
897 94 10 13 0.02183601 
912 28 12 14 0.021835024 
78 108 10 11 0.021830622 
888 397 11 14 0.021829993 
520 357 11 14 0.021829473 
821 47 9 12 0.021826625 
685 357 11 15 0.021819487 
881 267 11 14 0.021816282 
39 61 10 11 0.021808904 
798 335 14 18 0.021808192 
757 33 11 14 0.021800462 
28 29 12 15 0.02179907 
76 99 11 14 0.021784484 
135 115 10 13 0.021778082 
166 7 10 10 0.02177526 
832 259 10 13 0.021768104 
720 12 12 14 0.021767125 
0 25 9 14 0.021758815 
448 2 10 11 0.021750616 
961 35 9 12 0.021747675 
607 432 15 21 0.021743488 
890 315 12 16 0.021732558 
659 184 16 18 0.021728726 
575 69 11 13 0.021728719 
31 102 11 13 0.021710321 
395 99 12 16 0.021701813 
71 31 9 12 0.021692734 
492 221 11 13 0.02164204 
46 221 13 16 0.02163525 
967 387 13 16 0.021628264 
902 269 10 14 0.021620607 
391 183 13 17 0.021613896 
606 159 14 16 0.021607287 
310 45 13 15 0.021597302 
809 188 12 13 0.02158896 
559 351 10 14 0.021580406 
303 11 12 14 0.021571334 
966 271 10 12 0.021554278 
703 95 9 11 0.021551723 
245 169 9 12 0.02154938 
255 118 9 12 0.02152527 
886 14 8 10 0.021518448 
642 286 19 23 0.021510761 
717 170 13 14 0.021502508 
244 286 11 14 0.021460993 
623 0 9 10 0.021455068 
563 310 10 13 0.02145252 
182 315 11 15 0.021449778 
310 75 12 15 0.021446522 
616 301 9 12 0.02143504 
747 254 14 17 0.02142425 
255 465 11 17 0.021423453 
73 404 8 11 0.021416184 
303 150 9 12 0.021388326 
961 79 10 12 0.021379022 
550 70 11 13 0.021362202 
150 264 10 12 0.021358455 
16 230 12 16 0.02133494 
1002 339 12 17 0.021318812 
749 180 10 11 0.021316877 
217 463 12 17 0.02131295 
102 469 12 15 0.021298928 
804 131 19 22 0.021296583 
796 487 31 37 0.021292688 
669 6 9 11 0.021287395 
328 435 13 18 0.021269917 
239 439 12 16 0.021258773 
94 20 10 13 0.021243332 
645 29 11 13 0.02123412 
348 202 12 15 0.02123383 
223 24 9 11 0.021207673 
805 30 10 13 0.021191448 
797 390 11 16 0.021189392 
95 469 10 13 0.021184286 
470 419 10 15 0.02118319 
283 309 10 15 0.021152928 
590 310 9 12 0.021123033 
217 72 20 22 0.021119578 
639 270 9 11 0.0211074 
-1 484 9 14 0.021102022 
487 423 21 27 0.021081632 
453 475 23 32 0.021077443 
283 373 12 15 0.021075951 
643 437 23 30 0.021071874 
694 32 11 12 0.02106912 
1010 158 21 26 0.021038318 
139 466 12 16 0.021034116 
279 94 10 14 0.021018965 
143 8 9 11 0.020985764 
180 353 10 14 0.020977585 
103 6 9 11 0.02096852 
124 8 20 25 0.020968264 
472 279 20 25 0.020960856 
590 54 12 15 0.020955553 
63 139 11 14 0.020953732 
964 211 10 12 0.020931343 
565 76 11 14 0.020914797 
487 461 22 26 0.020909427 
29 382 9 12 0.020899756 
959 212 10 12 0.020897316 
365 147 13 15 0.02088927 
224 399 18 22 0.020885376 
768 115 18 22 0.020883895 
162 460 20 26 0.020875918 
328 129 11 14 0.020863455 
64 244 11 13 0.02086313 
533 158 11 13 0.02083371 
926 316 11 13 0.02081645 
349 262 10 14 0.020809619 
983 199 8 11 0.020803131 
1007 143 11 12 0.020790195 
512 441 12 15 0.02076404 
87 468 9 12 0.02075279 
741 256 14 17 0.02075189 
824 159 8 11 0.020732777 
808 372 11 14 0.020731485 
608 1 9 11 0.020730434 
349 342 12 16 0.020713719 
935 403 11 15 0.020711333 
139 221 14 17 0.020710554 
327 370 11 14 0.020679109 
979 207 20 23 0.02066599 
65 463 14 17 0.020664828 
363 321 11 14 0.020639211 
149 197 11 13 0.02062624 
519 421 11 15 0.020580731 
576 274 10 13 0.020568796 
0 0 8 9 0.020537456 
287 227 10 13 0.020535769 
181 485 12 17 0.020531893 
745 100 10 12 0.020509662 
661 166 11 14 0.020509187 
197 260 11 13 0.020508114 
343 19 12 16 0.020497715 
881 321 11 15 0.020496069 
756 151 11 13 0.020490976 
80 349 10 13 0.020482356 
740 306 15 19 0.020477772 
799 151 9 10 0.020476578 
77 404 9 11 0.02046803 
893 394 10 16 0.020461805 
575 92 11 14 0.020460362 
368 452 10 16 0.02043444 
968 359 10 12 0.02041867 
669 346 11 14 0.020410335 
478 419 11 17 0.020410331 
934 175 7 10 0.020406485 
844 323 10 14 0.020397518 
974 374 12 15 0.020396193 
310 449 12 15 0.020383375 
363 162 16 17 0.020376088 
181 343 10 14 0.020353146 
335 346 11 15 0.020340735 
910 391 15 19 0.020328846 
745 323 15 17 0.020316763 
499 179 14 17 0.020313902 
809 474 17 22 0.020313634 
238 238 18 22 0.020310149 
239 187 11 13 0.02030694 
774 290 10 14 0.020300312 
166 269 10 13 0.020300204 
319 126 8 11 0.02029936 
52 87 10 13 0.020265222 
975 111 10 12 0.020254549 
239 133 10 13 0.020240365 
696 189 10 13 0.02022966 
534 72 12 15 0.020222431 
329 121 10 13 0.02021472 
444 419 11 15 0.020207115 
823 92 12 14 0.020197129 
556 156 11 15 0.020191295 
417 0 10 9 0.020162636 
328 316 13 17 0.020140765 
894 180 9 11 0.020136619 
812 5 9 11 0.020131888 
112 116 10 12 0.020128412 
536 3 12 15 0.020117644 
133 251 12 14 0.02011712 
51 206 11 14 0.02010882 
469 74 17 22 0.020107694 
896 442 21 23 0.020100132 
785 295 10 13 0.020089624 
972 22 11 14 0.020083254 
700 254 14 15 0.020078223 
200 268 12 16 0.020056779 
523 311 12 15 0.020051192 
998 187 11 13 0.02004698 
702 118 10 14 0.020040104 
636 58 17 23 0.020034375 
232 70 9 12 0.02001752 
