0_Parade_Parade_0_68
968
453 390 10 14 0.82020473 
503 419 11 15 0.7604578 
526 367 8 12 0.6564782 
201 231 8 11 0.5753155 
714 421 13 17 0.50033146 
485 432 10 12 0.40983716 
116 373 10 13 0.4095247 
711 387 9 12 0.3948712 
278 375 10 12 0.3575724 
153 358 7 9 0.35167027 
730 364 9 12 0.34566614 
536 385 8 10 0.3399665 
333 411 11 14 0.33434647 
315 453 10 13 0.31449735 
450 359 9 11 0.3097636 
255 208 9 12 0.2923248 
503 303 8 10 0.27491403 
358 301 8 11 0.24487615 
654 380 8 10 0.24386524 
407 392 10 12 0.24376272 
216 405 10 13 0.22634903 
607 399 9 11 0.22112414 
313 414 9 12 0.21951269 
268 475 11 16 0.21406652 
322 358 8 10 0.21239129 
799 385 8 10 0.20723161 
808 391 9 11 0.19735308 
277 397 9 12 0.19497065 
408 413 11 15 0.19375554 
391 380 11 14 0.19023699 
391 325 7 10 0.18751259 
391 376 10 12 0.18656161 
425 287 8 11 0.17918907 
502 480 14 17 0.17863572 
225 357 8 10 0.17836247 
376 439 9 13 0.17541248 
505 366 9 12 0.1733141 
736 388 10 12 0.16607161 
150 399 10 14 0.16323783 
665 391 8 10 0.16274105 
290 367 8 10 0.15694618 
751 286 7 10 0.15678303 
415 380 8 10 0.15603885 
152 381 10 13 0.15099224 
352 279 9 11 0.15063913 
638 388 8 10 0.14880498 
454 364 8 10 0.14848687 
250 352 8 10 0.14795172 
454 383 11 13 0.14754522 
271 223 7 8 0.14482178 
399 432 9 12 0.13948861 
414 300 8 11 0.13918068 
433 374 9 11 0.13474143 
346 366 8 10 0.13414995 
167 366 7 9 0.13410126 
394 475 12 15 0.13122533 
720 403 11 13 0.13019152 
798 449 12 15 0.12942381 
414 276 9 12 0.12911288 
872 415 11 13 0.12910023 
281 183 7 9 0.12849206 
240 368 9 10 0.12795292 
193 367 7 10 0.12568656 
185 396 10 13 0.12451279 
329 412 8 12 0.12326293 
318 244 10 12 0.12285003 
551 287 7 9 0.122631125 
454 440 11 13 0.12218978 
381 359 9 12 0.122045495 
647 403 9 12 0.12198547 
247 381 10 12 0.12163766 
209 201 8 9 0.11934251 
514 294 7 10 0.11785705 
477 389 11 12 0.11666545 
317 415 9 12 0.115710735 
181 371 9 11 0.11559419 
519 391 8 11 0.1139413 
420 444 10 14 0.11190075 
509 374 8 10 0.11134787 
85 352 9 12 0.11022513 
325 341 8 11 0.109449975 
345 391 9 12 0.10778576 
416 271 9 12 0.10778136 
314 447 10 13 0.10761807 
470 405 8 10 0.10648737 
289 343 9 12 0.10618293 
471 446 9 13 0.106121905 
422 440 11 13 0.105859995 
529 420 9 12 0.10560976 
591 408 8 11 0.104343556 
864 391 9 11 0.10377799 
82 357 9 11 0.10362642 
110 280 6 9 0.10298315 
104 356 11 14 0.102881245 
309 476 11 14 0.102767654 
864 366 8 11 0.101975426 
584 364 8 10 0.101839386 
236 397 9 12 0.09974744 
263 214 8 10 0.09973187 
116 379 11 13 0.09923038 
119 341 7 10 0.09746286 
855 392 7 10 0.09595819 
190 230 8 10 0.095932074 
640 366 8 10 0.095326066 
521 396 8 11 0.09502429 
248 255 8 11 0.09421493 
757 305 8 10 0.09319855 
526 398 8 10 0.09273853 
644 431 10 12 0.09166655 
797 294 8 10 0.09143171 
143 369 7 10 0.09142927 
494 382 8 12 0.090157434 
226 248 8 9 0.09011305 
873 439 10 13 0.09001278 
411 419 12 16 0.089011 
464 397 8 11 0.08852015 
401 365 10 12 0.08847997 
328 263 8 9 0.08840217 
350 397 9 12 0.08766079 
296 382 10 12 0.08761792 
710 367 8 10 0.08729523 
271 192 7 9 0.086775854 
576 365 7 10 0.08626515 
462 311 8 10 0.086183354 
461 374 9 12 0.086033165 
505 372 9 11 0.08467211 
462 272 7 10 0.084671155 
332 469 9 13 0.08466768 
799 358 8 10 0.08308321 
182 201 9 11 0.08277644 
583 397 9 10 0.08194256 
809 231 7 9 0.08189918 
809 395 9 12 0.08176284 
449 395 9 12 0.08127132 
817 423 8 11 0.08120353 
224 352 8 12 0.08113314 
551 293 8 9 0.08112607 
510 277 8 10 0.08100381 
72 374 9 12 0.07980752 
225 232 9 11 0.07869806 
205 231 9 11 0.078569666 
270 198 8 9 0.07831619 
409 300 8 11 0.07733679 
100 380 10 13 0.076646395 
439 390 8 12 0.07602653 
670 342 7 10 0.075067736 
424 430 9 11 0.07490551 
437 430 8 10 0.07469941 
263 190 8 10 0.07464245 
322 350 9 12 0.073968075 
407 296 8 11 0.07394741 
271 447 9 11 0.07389699 
367 373 7 11 0.07253425 
185 225 8 10 0.07248774 
458 276 8 11 0.07223329 
634 389 8 10 0.07222243 
366 268 8 11 0.07192352 
151 386 12 15 0.07149375 
537 405 8 10 0.07137092 
181 350 8 11 0.0713282 
303 376 7 9 0.07093408 
558 413 7 11 0.07036757 
654 399 9 11 0.0702308 
662 309 8 10 0.07010009 
353 406 8 11 0.069782495 
458 390 11 14 0.0697589 
87 183 8 10 0.06943341 
278 237 7 10 0.06937692 
329 463 9 11 0.069229506 
432 431 8 9 0.06902787 
505 349 8 11 0.06902656 
586 342 8 10 0.0688219 
196 183 8 10 0.06813691 
454 416 10 11 0.06797765 
750 325 8 10 0.06776884 
247 192 7 8 0.067220755 
456 373 10 13 0.06717615 
356 167 9 11 0.067010574 
417 264 9 10 0.06685185 
391 398 9 11 0.066804715 
168 375 7 10 0.06655126 
421 460 11 15 0.06621467 
578 288 7 10 0.06588568 
571 427 11 15 0.06581038 
357 182 9 12 0.0657149 
400 396 10 13 0.06560106 
495 388 9 13 0.064823784 
511 382 9 11 0.06476072 
109 351 8 10 0.06450958 
190 391 10 13 0.06355463 
272 452 9 13 0.06314195 
537 458 10 12 0.0630438 
546 287 8 9 0.06299923 
96 377 9 11 0.062765025 
94 340 10 11 0.06203026 
247 231 7 10 0.06195298 
382 468 8 12 0.061403286 
173 389 10 12 0.061358318 
734 413 9 11 0.06113436 
870 397 9 10 0.061124608 
424 390 8 11 0.060841646 
472 415 9 13 0.059866097 
381 429 9 12 0.059573572 
426 292 8 10 0.059339236 
278 404 10 13 0.059111673 
153 334 8 11 0.058832504 
554 389 9 11 0.058796026 
214 231 8 10 0.058559936 
157 352 8 10 0.058340706 
178 368 9 10 0.05833924 
473 389 9 13 0.058130212 
449 440 10 13 0.058025684 
261 208 9 10 0.0578862 
157 358 8 10 0.057881754 
500 461 12 14 0.057786345 
688 367 7 9 0.05704083 
665 395 8 12 0.05666512 
513 271 7 10 0.056555714 
362 265 8 10 0.056352686 
249 225 7 9 0.056060184 
661 285 8 11 0.05604849 
624 414 8 11 0.055999734 
869 392 9 10 0.055750366 
504 437 10 12 0.055720214 
557 398 9 11 0.05570846 
174 382 9 10 0.055672836 
353 191 8 10 0.055590734 
833 205 8 9 0.05552101 
479 395 10 12 0.055341505 
519 384 8 9 0.055297647 
302 406 9 11 0.055182625 
129 381 9 12 0.05512904 
649 375 10 13 0.054954052 
154 353 8 11 0.054924894 
368 369 7 10 0.054802176 
526 361 9 12 0.05477247 
854 397 9 10 0.05476077 
607 393 9 11 0.05433117 
591 390 9 11 0.05426729 
498 414 10 14 0.05405806 
390 343 8 10 0.05386323 
318 476 11 15 0.053485096 
412 407 10 14 0.053441092 
271 176 7 8 0.053304486 
439 408 9 11 0.053239465 
240 190 7 9 0.053032313 
96 188 8 10 0.052982096 
168 391 10 11 0.052697297 
857 203 9 11 0.052149005 
552 428 12 15 0.052146345 
561 304 8 10 0.052063234 
351 170 11 13 0.051792614 
437 366 9 11 0.0517413 
742 429 8 10 0.051641237 
327 382 8 10 0.0515068 
177 373 10 11 0.051378176 
726 406 8 11 0.051177338 
377 432 9 11 0.051131554 
58 222 9 10 0.05053111 
433 368 9 12 0.050375436 
641 435 12 16 0.05028167 
270 217 8 10 0.050166782 
314 437 11 13 0.049856506 
192 415 10 12 0.049831115 
113 367 9 12 0.04976781 
812 392 9 12 0.049556617 
406 428 10 12 0.049554378 
191 403 10 12 0.04950122 
423 312 9 10 0.04944372 
887 446 9 11 0.0493663 
791 230 6 8 0.04918779 
256 357 7 10 0.0491095 
420 270 9 11 0.049068443 
352 295 9 12 0.04903778 
472 271 7 10 0.048994303 
436 166 11 15 0.048941787 
253 331 9 11 0.048858587 
599 383 8 9 0.048840404 
528 416 8 11 0.048483197 
495 406 8 11 0.048457667 
861 430 9 13 0.048400406 
168 361 7 10 0.048396096 
548 311 8 10 0.04820207 
132 359 9 11 0.048199758 
353 412 9 12 0.047125213 
616 271 7 9 0.047062285 
303 423 8 10 0.047005195 
403 436 11 14 0.04697349 
554 383 9 11 0.046851262 
789 343 8 10 0.046820864 
198 366 8 11 0.046799622 
725 400 9 11 0.046727587 
576 294 7 9 0.04672323 
731 359 11 14 0.046723194 
622 437 10 14 0.046718396 
101 375 10 12 0.046703316 
870 368 8 11 0.046533115 
669 397 8 11 0.04648685 
463 415 9 12 0.04640601 
701 399 9 11 0.0463458 
463 444 10 12 0.04622027 
335 374 7 9 0.04582516 
504 395 8 10 0.04566798 
265 185 7 8 0.04560136 
431 391 9 11 0.045495387 
246 375 9 11 0.045492887 
429 294 8 10 0.045461897 
295 197 7 9 0.04530185 
133 188 9 10 0.045130383 
842 293 8 10 0.045092445 
849 334 9 12 0.045033854 
489 405 8 10 0.044995625 
327 199 8 9 0.044842143 
463 302 8 10 0.044498492 
481 435 10 13 0.044358343 
557 406 9 11 0.044334985 
234 389 10 12 0.04405813 
312 279 9 12 0.04393469 
694 222 8 10 0.043909494 
690 424 9 11 0.04384181 
848 326 8 10 0.043833274 
545 280 7 8 0.043652028 
632 558 11 14 0.04362238 
697 400 8 11 0.043620486 
361 374 8 10 0.043603066 
215 236 7 10 0.043590866 
223 335 8 10 0.043577593 
394 436 10 13 0.043545075 
301 381 8 10 0.04354109 
289 230 8 9 0.043505058 
401 358 10 13 0.043473 
313 432 9 11 0.043420933 
448 414 9 13 0.043377344 
473 287 8 9 0.043289624 
461 318 9 10 0.04320654 
830 367 7 9 0.043204132 
856 406 9 12 0.043027714 
863 437 10 13 0.042998847 
828 406 10 12 0.042922337 
389 406 10 12 0.042910613 
862 383 9 12 0.042869586 
189 224 9 11 0.04282998 
144 381 8 12 0.04279915 
462 439 9 12 0.04266494 
799 429 12 15 0.04260963 
462 296 8 10 0.042442694 
417 451 11 13 0.042264853 
385 335 8 10 0.04215394 
850 393 8 10 0.04208523 
324 484 10 13 0.04200924 
696 557 10 12 0.042008135 
567 383 8 12 0.041934185 
849 397 8 11 0.041465193 
799 316 8 9 0.041312404 
854 430 9 11 0.04122586 
304 192 7 9 0.041156143 
248 236 7 10 0.041111156 
480 349 8 10 0.04105894 
742 222 8 10 0.041035354 
222 375 9 11 0.04072299 
432 343 7 10 0.040721465 
801 353 8 11 0.040702224 
477 172 9 11 0.040671006 
248 197 8 9 0.04064723 
129 353 7 9 0.04058637 
550 270 7 9 0.04051589 
689 463 9 12 0.040501304 
214 205 8 10 0.040497992 
413 390 9 12 0.040428918 
177 358 8 9 0.04036785 
642 246 8 11 0.040360026 
238 207 8 10 0.04026068 
583 453 9 13 0.040217727 
804 436 11 13 0.040171087 
320 382 9 12 0.03999436 
209 185 8 9 0.039817195 
177 327 9 10 0.039687537 
716 414 12 15 0.039638367 
340 413 10 13 0.039628822 
193 189 9 11 0.039532427 
229 352 8 11 0.039487623 
552 423 10 13 0.03947373 
254 254 9 11 0.0394619 
429 437 9 12 0.03938628 
432 379 9 11 0.039188903 
513 288 8 9 0.0391765 
794 388 8 10 0.038962577 
733 344 8 10 0.038808998 
457 296 8 10 0.038791828 
131 184 9 11 0.038708948 
735 407 9 12 0.03868225 
642 442 10 14 0.03852201 
497 480 13 17 0.038496755 
576 407 9 11 0.038493082 
441 396 9 12 0.038449723 
289 224 7 9 0.038337532 
407 374 10 12 0.038209174 
512 397 9 10 0.03816258 
182 358 7 10 0.038144737 
747 326 7 10 0.038127728 
274 392 9 12 0.03808317 
507 359 11 14 0.037911154 
192 383 8 10 0.037886653 
590 366 7 10 0.037817784 
77 518 10 13 0.037801262 
159 405 10 14 0.03778123 
438 381 8 11 0.03777838 
279 462 9 13 0.037777312 
310 368 7 9 0.03774016 
311 408 8 12 0.03759811 
292 347 9 12 0.0375122 
526 391 7 11 0.03751169 
353 309 9 12 0.037455004 
792 301 7 9 0.03744358 
263 431 8 10 0.03742288 
305 246 8 11 0.03730438 
480 468 8 11 0.037279263 
703 312 7 9 0.037264295 
382 364 8 11 0.03723215 
730 348 8 10 0.03700018 
263 366 8 9 0.036952928 
814 445 10 14 0.036673483 
192 362 8 9 0.03667203 
785 348 10 13 0.036655016 
809 225 8 10 0.03660336 
273 230 8 10 0.036548868 
296 467 9 12 0.036531374 
486 373 11 13 0.03648108 
507 280 7 10 0.03645626 
406 342 7 9 0.036328893 
744 294 8 10 0.036315147 
190 256 7 9 0.036293317 
450 385 17 23 0.036204986 
280 189 7 10 0.036176987 
887 430 8 11 0.0361582 
350 447 13 16 0.036139 
752 281 7 9 0.036113467 
751 321 8 10 0.03611264 
129 364 8 12 0.036087163 
387 326 8 11 0.0360807 
527 405 8 10 0.035970844 
345 344 7 10 0.03588455 
358 382 9 11 0.035838425 
769 252 8 10 0.03562101 
489 382 10 12 0.035541687 
128 231 8 11 0.035514086 
535 286 7 9 0.0354806 
385 390 8 10 0.035470877 
449 351 9 12 0.0354083 
401 182 10 13 0.035402 
864 371 9 13 0.03537242 
317 458 10 13 0.03534043 
218 367 7 10 0.035330538 
421 278 9 11 0.035195347 
526 454 10 13 0.035149958 
450 335 7 10 0.035137214 
588 419 11 13 0.035105243 
266 197 8 10 0.035065856 
455 336 8 11 0.035015624 
448 373 9 12 0.034943447 
775 221 8 10 0.03492146 
846 231 8 9 0.03490731 
577 398 10 11 0.034779575 
294 387 10 11 0.034775287 
743 397 9 10 0.034613438 
272 458 11 15 0.034579154 
734 419 10 13 0.034578145 
741 405 10 12 0.034561694 
286 492 13 16 0.034535557 
503 456 11 13 0.03450111 
289 191 7 9 0.03445177 
526 157 7 10 0.034384534 
702 413 9 12 0.034134258 
327 366 7 10 0.034047566 
546 271 7 9 0.0340365 
207 413 9 12 0.03400371 
325 476 11 14 0.033884175 
289 199 7 9 0.033805482 
487 399 8 10 0.033737767 
783 419 8 11 0.033646703 
296 407 10 12 0.03359773 
414 426 11 12 0.033554897 
476 419 10 12 0.033554208 
233 190 8 9 0.03354114 
301 399 9 10 0.033520754 
692 428 11 15 0.033477094 
255 176 7 8 0.03342641 
328 375 8 9 0.033356592 
719 304 8 10 0.033341035 
256 192 8 8 0.033339314 
645 366 8 10 0.033297114 
805 248 8 10 0.033290558 
136 373 9 11 0.03314129 
281 199 7 9 0.03311759 
740 383 9 11 0.033083912 
862 412 10 13 0.03293614 
72 368 9 11 0.032854293 
248 356 9 10 0.032831915 
236 402 11 13 0.03272944 
129 395 10 13 0.032709915 
591 296 7 10 0.032702144 
800 301 7 9 0.03264248 
210 406 9 12 0.03260355 
585 336 8 10 0.032556362 
600 368 8 10 0.032529414 
336 368 7 9 0.03251275 
321 364 9 10 0.032511767 
599 390 9 10 0.032491297 
847 319 8 11 0.0323737 
300 462 10 12 0.03235369 
263 382 8 10 0.03229421 
144 397 12 15 0.032280594 
402 412 10 14 0.03226204 
305 240 7 10 0.032250833 
303 470 10 12 0.032235436 
297 374 8 11 0.0322159 
544 478 9 11 0.032156724 
558 327 7 9 0.032120977 
356 308 10 12 0.03210668 
472 365 10 12 0.03203604 
240 381 9 12 0.03199516 
169 380 8 11 0.031978004 
593 383 8 11 0.0319663 
575 411 11 13 0.031948302 
358 357 7 10 0.031901166 
530 344 7 9 0.031856537 
791 422 8 11 0.031798318 
270 207 8 9 0.031733304 
273 415 9 13 0.031731296 
687 406 10 13 0.03166337 
217 215 9 11 0.03156358 
134 365 10 12 0.03148994 
262 397 9 12 0.031472698 
496 296 8 9 0.031450655 
695 442 11 13 0.031442188 
716 389 9 11 0.03143517 
247 386 11 14 0.03139484 
431 302 8 10 0.031375207 
624 287 7 9 0.031239638 
612 405 10 13 0.031219082 
540 389 9 10 0.031196158 
416 439 12 15 0.031193517 
798 288 7 10 0.031144409 
184 382 8 10 0.03113691 
504 345 9 10 0.03109293 
181 327 9 11 0.031052353 
823 216 8 9 0.03094538 
455 162 11 15 0.030917156 
117 386 11 14 0.030910088 
105 311 8 11 0.030903872 
872 429 12 14 0.03088372 
628 436 11 14 0.030802166 
163 411 13 15 0.03079038 
566 476 9 12 0.03078188 
120 286 8 9 0.030774128 
553 375 9 11 0.030694366 
521 157 9 11 0.03068485 
557 375 9 11 0.030664677 
356 187 9 12 0.03055622 
566 305 8 9 0.03050762 
397 481 12 14 0.030497825 
584 407 9 11 0.030448463 
720 310 8 9 0.030408792 
805 384 8 11 0.030398307 
791 444 13 17 0.030370627 
534 414 10 13 0.030364968 
486 462 9 12 0.030363789 
541 398 9 11 0.030229395 
327 453 10 14 0.030187674 
834 304 8 9 0.030178385 
484 477 11 15 0.030156696 
484 467 10 13 0.030134935 
346 285 8 11 0.030113773 
695 406 9 12 0.030023921 
255 231 8 10 0.029901143 
83 182 8 10 0.029841045 
623 398 8 10 0.02983525 
703 294 7 9 0.029729886 
328 232 7 8 0.029726751 
327 421 8 10 0.029658033 
162 366 8 9 0.029646795 
888 437 9 13 0.029617714 
206 237 8 10 0.029594222 
585 412 9 12 0.029508237 
401 335 8 9 0.029492445 
241 248 7 9 0.029477416 
245 368 9 10 0.02946851 
736 428 10 12 0.029459735 
799 278 7 9 0.029416636 
320 406 9 12 0.02934166 
541 455 8 12 0.02933056 
399 390 10 12 0.029286042 
566 309 7 10 0.029220972 
199 225 9 12 0.029219609 
271 440 7 10 0.029182985 
198 373 8 11 0.029166678 
383 422 10 13 0.029144853 
786 303 7 10 0.02905705 
695 412 9 11 0.028979838 
1013 179 9 16 0.028897442 
194 372 7 10 0.028887969 
403 294 7 10 0.028856078 
472 166 10 13 0.028787093 
285 462 11 14 0.028767409 
530 280 8 10 0.028711438 
583 270 6 9 0.028651409 
521 454 8 11 0.02861942 
367 301 9 11 0.028596917 
496 311 7 10 0.028549548 
686 387 10 13 0.028487984 
313 389 8 10 0.028483128 
377 365 8 11 0.028466316 
248 396 9 11 0.028444888 
164 404 13 15 0.028352682 
355 326 192 209 0.028344644 
512 264 6 8 0.028299391 
496 465 12 15 0.028284505 
461 324 9 11 0.028271757 
200 161 8 10 0.028145416 
368 294 9 11 0.02810744 
229 236 8 11 0.028100014 
221 214 8 10 0.028036656 
513 390 9 11 0.027980909 
716 445 9 13 0.027906952 
534 281 8 9 0.027858509 
160 420 11 14 0.02781658 
87 337 8 10 0.027798368 
496 397 7 10 0.027742865 
530 349 8 10 0.027712336 
166 427 9 13 0.027702227 
750 398 8 10 0.027677486 
303 454 9 12 0.027672587 
673 304 7 9 0.027649 
392 430 11 13 0.027643008 
354 452 12 16 0.027573429 
398 405 11 14 0.027556518 
551 453 10 12 0.027549991 
827 411 12 14 0.027494753 
735 396 9 11 0.027431794 
832 310 8 11 0.027428327 
719 333 7 9 0.027326275 
528 383 8 11 0.02730706 
623 420 8 11 0.027304262 
532 366 9 11 0.027260223 
158 376 9 11 0.027237512 
250 207 9 11 0.027215553 
448 438 19 23 0.027205387 
829 222 8 9 0.027149135 
569 359 9 10 0.027092181 
377 397 9 11 0.027048277 
456 340 8 11 0.026993455 
277 419 10 13 0.026937826 
184 185 8 9 0.026925739 
657 453 9 10 0.02690359 
487 447 9 11 0.02687271 
544 305 8 8 0.026872478 
375 383 8 10 0.02680843 
89 340 8 12 0.026806265 
255 397 8 11 0.026692374 
294 359 8 11 0.026594108 
287 383 10 12 0.02657476 
813 224 7 9 0.026533596 
555 434 11 13 0.026529312 
658 305 7 9 0.026499216 
208 263 7 10 0.026485402 
461 341 9 12 0.026469 
215 222 8 10 0.02645042 
520 447 7 10 0.026445303 
78 364 9 11 0.026416073 
352 211 9 11 0.02637779 
263 359 7 9 0.026358193 
496 465 21 28 0.026357342 
473 380 197 220 0.026333973 
247 249 7 9 0.026301414 
665 352 9 11 0.026289238 
470 439 8 11 0.02624388 
351 420 11 13 0.02623545 
522 372 8 11 0.026230734 
500 302 7 10 0.026199875 
774 246 8 12 0.02611017 
416 326 7 9 0.026107239 
266 472 8 13 0.02609176 
583 264 6 8 0.02606609 
759 320 8 10 0.026063597 
558 383 10 12 0.026050685 
303 446 8 10 0.025990002 
658 309 8 10 0.02597765 
382 197 9 11 0.025960622 
447 165 11 14 0.025946967 
148 422 11 14 0.025924351 
231 366 9 11 0.02592205 
663 356 8 10 0.025921004 
786 480 8 11 0.025897348 
251 212 8 10 0.02589018 
787 230 7 9 0.025859438 
545 319 7 9 0.025810963 
233 207 7 10 0.025705082 
629 413 9 11 0.025646994 
277 232 8 10 0.02563619 
477 310 9 11 0.025625996 
200 207 8 10 0.025595283 
558 368 8 9 0.025553219 
841 184 8 11 0.025526091 
735 375 9 10 0.025501383 
0 213 6 11 0.025467584 
537 295 7 9 0.025396215 
432 423 8 12 0.02536837 
647 358 8 9 0.025356045 
310 156 8 11 0.02535035 
397 373 10 12 0.02534907 
351 383 9 11 0.025341455 
849 429 10 13 0.025292654 
332 262 9 11 0.02526076 
552 462 9 11 0.025246121 
113 343 8 10 0.02523496 
327 508 12 14 0.02522216 
791 225 7 9 0.025173692 
240 360 9 10 0.025155256 
698 318 7 9 0.025078472 
316 430 11 13 0.02504118 
470 430 8 11 0.0250217 
192 214 7 10 0.02499219 
760 365 9 11 0.024977595 
285 486 12 14 0.024969023 
399 443 11 14 0.024955217 
481 334 7 10 0.0249538 
663 413 9 11 0.024940277 
729 390 8 11 0.0249201 
777 399 8 10 0.02490159 
151 410 11 13 0.02489392 
159 197 8 11 0.024880014 
663 281 7 10 0.024876496 
176 332 9 11 0.024854219 
486 344 8 10 0.02483354 
375 310 8 11 0.02475576 
440 470 10 14 0.024753986 
741 423 9 12 0.02472495 
606 349 7 10 0.024718752 
803 443 13 17 0.024689099 
253 390 9 12 0.024665974 
254 343 9 12 0.024659503 
347 294 8 11 0.024641622 
645 422 10 11 0.024636958 
223 379 9 12 0.024621429 
877 444 9 12 0.024567561 
517 430 10 12 0.024523802 
759 325 8 9 0.024506673 
847 311 8 10 0.02450356 
736 452 10 13 0.024477204 
232 383 9 11 0.024473654 
729 439 8 11 0.024448672 
726 253 8 10 0.02443458 
422 422 9 13 0.024419848 
405 444 11 13 0.024413224 
213 200 8 10 0.024385909 
273 404 10 12 0.024367448 
518 438 8 11 0.024364702 
649 353 6 9 0.024340142 
791 340 106 137 0.024322227 
510 437 9 12 0.024321917 
642 399 9 11 0.024320738 
871 381 9 13 0.024304096 
460 160 13 17 0.024215164 
417 255 9 11 0.02412898 
233 185 7 9 0.024097718 
352 272 10 12 0.02406063 
429 158 11 15 0.024045303 
249 177 7 8 0.024030773 
809 263 8 9 0.024009334 
729 413 9 13 0.024004571 
647 392 9 10 0.023959313 
449 341 9 11 0.023910187 
238 214 8 9 0.023900291 
256 365 8 10 0.023886796 
475 445 11 14 0.023851266 
310 190 7 10 0.023817478 
375 288 8 10 0.02379088 
761 360 7 9 0.023786284 
888 451 9 12 0.02377667 
534 343 8 9 0.023775179 
439 452 9 13 0.023769846 
186 255 7 10 0.023766432 
223 364 8 11 0.02370187 
279 369 9 11 0.023680905 
386 382 9 13 0.023657896 
783 389 8 11 0.023651982 
845 286 8 12 0.023630265 
198 215 8 9 0.023613483 
401 350 9 12 0.023584785 
616 382 8 10 0.023566112 
312 383 8 11 0.023564193 
818 428 11 14 0.02354498 
32 174 8 10 0.023531346 
519 350 8 10 0.023529889 
582 279 6 9 0.023482561 
319 388 8 10 0.02346193 
815 436 9 13 0.023449942 
408 310 8 11 0.023415685 
172 395 11 14 0.023397675 
842 230 9 10 0.023384199 
578 264 7 9 0.023375314 
198 224 18 24 0.023345502 
864 419 9 14 0.023343626 
356 411 10 12 0.023329388 
719 279 6 8 0.023281403 
520 414 8 10 0.023235086 
472 316 9 12 0.023233991 
478 303 8 10 0.023229316 
327 445 10 14 0.023215655 
313 241 8 10 0.023198092 
496 159 9 11 0.023161868 
33 252 10 12 0.023118 
427 459 11 16 0.023115886 
152 363 8 10 0.023103498 
522 359 9 11 0.023085527 
488 387 9 13 0.023081813 
111 284 8 11 0.023047278 
655 447 9 12 0.02299869 
601 375 8 10 0.022970047 
105 316 9 12 0.022950606 
546 293 8 11 0.02290631 
568 375 8 10 0.022895642 
781 431 9 11 0.022880713 
656 352 7 10 0.022875294 
751 405 8 12 0.022868749 
794 433 21 26 0.02283728 
577 391 8 10 0.02283544 
383 397 8 11 0.022824524 
209 191 8 9 0.02282172 
783 398 8 11 0.022777773 
373 294 8 10 0.022769582 
663 384 8 11 0.022730188 
231 174 7 9 0.022674965 
309 373 9 10 0.022668863 
744 357 8 12 0.022541542 
557 295 7 9 0.022507053 
473 263 7 10 0.022492822 
815 405 8 12 0.022483135 
185 235 9 11 0.02242545 
707 389 8 10 0.022415591 
592 375 7 10 0.022408806 
320 374 9 10 0.02240424 
392 367 8 11 0.022404125 
754 309 8 10 0.022373147 
641 404 10 12 0.022354163 
842 325 8 10 0.022325752 
279 484 11 14 0.022323344 
295 438 9 12 0.022322392 
430 163 13 16 0.02229307 
390 348 9 11 0.022264963 
464 431 9 11 0.022264263 
557 288 7 9 0.022242973 
87 381 10 13 0.022208296 
418 174 8 11 0.022191668 
351 374 8 10 0.022160554 
669 350 8 10 0.022146877 
335 360 8 10 0.022134323 
856 222 7 9 0.022047013 
176 288 7 8 0.022041718 
424 395 9 12 0.022017157 
356 315 10 13 0.021994984 
727 248 7 10 0.021969292 
845 184 8 10 0.021958856 
331 473 12 17 0.02195666 
877 406 10 12 0.021952596 
550 156 9 11 0.021932522 
656 358 7 8 0.021931348 
241 350 9 11 0.021906378 
622 431 9 12 0.021847522 
288 206 7 8 0.02182836 
231 410 11 15 0.02179385 
329 406 20 24 0.021768324 
569 366 9 10 0.021766698 
447 432 9 11 0.021765998 
367 468 9 12 0.021761905 
693 434 13 16 0.02171279 
656 391 9 11 0.021678621 
385 341 8 10 0.021640558 
521 405 8 10 0.02162302 
355 398 11 13 0.021614484 
797 363 12 14 0.02159608 
877 398 10 12 0.021576308 
440 445 10 14 0.02157465 
700 404 9 13 0.021546917 
581 287 8 9 0.021537218 
367 276 9 12 0.021531591 
625 311 8 10 0.021504631 
765 438 9 11 0.02149251 
376 391 9 11 0.021483725 
272 183 7 9 0.021475444 
166 396 12 14 0.02146733 
579 280 7 9 0.021440884 
614 391 10 11 0.02142069 
625 319 8 9 0.021412646 
590 396 9 11 0.02135236 
294 230 7 9 0.02133322 
760 223 7 9 0.021323867 
653 414 8 11 0.021317195 
405 187 8 11 0.021304062 
437 344 8 10 0.02130222 
311 446 18 23 0.02124047 
390 334 7 10 0.021212138 
791 397 9 11 0.021189414 
376 406 10 13 0.021187814 
398 318 8 11 0.021169659 
537 336 7 8 0.021141013 
334 221 8 10 0.021136371 
868 409 19 24 0.021111067 
479 371 11 13 0.021078672 
720 264 8 9 0.021071954 
860 406 10 12 0.021048537 
242 254 10 12 0.021046324 
540 384 8 10 0.02097974 
798 422 11 13 0.020977413 
298 378 197 209 0.020960689 
181 343 9 11 0.020939562 
401 341 9 11 0.020912927 
523 361 17 23 0.020885358 
344 371 10 11 0.020878183 
218 374 8 11 0.020866668 
561 350 7 10 0.020855619 
601 396 9 12 0.020814974 
487 453 9 11 0.020799741 
368 380 8 11 0.020786624 
241 236 8 11 0.020774553 
595 538 14 17 0.020769047 
799 457 10 13 0.020766707 
384 475 10 14 0.020737808 
409 382 9 11 0.020719692 
478 264 7 9 0.02068572 
201 199 7 9 0.020644179 
365 460 10 14 0.020563599 
97 358 10 13 0.020546548 
698 312 7 9 0.020543443 
265 462 8 12 0.020531047 
713 280 7 8 0.020513551 
690 221 8 10 0.020503068 
231 373 9 12 0.02049044 
135 430 10 12 0.020476237 
740 412 10 13 0.020465543 
120 318 9 11 0.02045827 
792 428 10 13 0.020446176 
425 159 10 14 0.020430123 
198 361 9 11 0.020395178 
96 287 8 10 0.020377481 
770 222 8 10 0.020373465 
166 327 8 9 0.02036588 
119 349 8 10 0.020342339 
206 438 8 10 0.020341646 
569 320 7 9 0.020340173 
826 221 7 9 0.020323941 
565 447 9 12 0.02032326 
704 383 9 12 0.020311676 
504 286 7 9 0.020270608 
599 406 9 11 0.020263199 
425 343 8 11 0.020242663 
423 383 7 10 0.020239908 
735 446 10 12 0.020230303 
608 345 7 9 0.020227266 
580 533 9 12 0.02022013 
788 483 9 12 0.020111788 
241 184 7 9 0.02010039 
408 317 9 11 0.020098891 
425 350 10 12 0.020095259 
472 383 9 12 0.020038905 
534 476 9 13 0.020027036 
664 318 7 9 0.020024426 
189 206 8 11 0.020004997 
