0_Parade_marchingband_1_355
74
563 83 29 46 0.99888366 
455 109 26 37 0.9969194 
689 102 42 54 0.9960532 
885 106 29 39 0.9956792 
815 176 31 41 0.99418604 
537 112 17 22 0.57149357 
352 106 25 30 0.57066923 
342 111 28 34 0.28818125 
814 125 23 28 0.16607767 
963 109 11 16 0.13365373 
907 83 24 28 0.12978296 
139 53 13 16 0.11561084 
696 55 10 14 0.09475178 
983 164 13 15 0.090206884 
326 12 28 36 0.08836832 
533 86 9 11 0.07438146 
584 163 37 50 0.07192479 
205 61 13 18 0.07139033 
333 119 30 35 0.07115385 
331 113 48 58 0.06762043 
988 184 16 20 0.062017508 
464 167 38 48 0.054897744 
898 88 41 49 0.05458623 
513 153 15 19 0.05400734 
772 237 12 15 0.04898437 
429 126 8 11 0.048365716 
542 100 26 34 0.04780107 
959 102 19 27 0.04746617 
789 108 14 17 0.04277301 
338 128 18 21 0.042553924 
111 324 9 12 0.039613396 
810 81 13 17 0.037449438 
658 111 13 16 0.037033513 
422 119 10 13 0.03668223 
750 127 31 35 0.03651067 
965 62 13 18 0.03636415 
660 112 24 32 0.03631976 
161 37 11 14 0.035830684 
928 130 17 22 0.03576781 
379 124 12 15 0.035694 
196 57 23 28 0.035263542 
120 301 8 9 0.033908486 
922 103 27 36 0.03384762 
125 84 15 19 0.03363942 
191 2 31 33 0.03315333 
423 124 11 15 0.0298913 
867 135 14 19 0.029849114 
549 88 29 37 0.029697202 
563 42 13 19 0.02887505 
106 303 7 9 0.02869653 
124 77 25 31 0.028570158 
981 160 20 26 0.027997509 
333 125 14 18 0.02794124 
408 162 12 17 0.027441826 
436 51 10 12 0.027347725 
136 47 12 15 0.026895626 
594 112 16 21 0.026274202 
590 105 29 33 0.025735954 
389 120 15 18 0.025284693 
196 77 15 20 0.024732986 
201 8 17 21 0.024490999 
336 136 12 16 0.024379613 
367 103 26 31 0.023108998 
126 301 8 9 0.02242221 
73 303 7 10 0.02221981 
530 97 23 30 0.0221891 
179 0 17 15 0.021869842 
429 120 10 11 0.02112757 
178 1 31 31 0.020805404 
777 104 25 31 0.020787489 
147 46 11 14 0.0202863 
117 51 11 14 0.020170014 
415 116 11 16 0.020125713 
327 129 13 16 0.020022105 
