0_Parade_Parade_0_757
85
241 66 198 276 0.99982905 
768 241 18 21 0.4217914 
605 269 12 15 0.36888748 
660 238 17 21 0.3660457 
717 259 15 23 0.3227886 
705 262 21 25 0.18190604 
586 268 12 15 0.17952766 
655 238 14 18 0.120318405 
915 572 33 36 0.083405346 
829 260 9 14 0.07690859 
842 260 14 17 0.07543586 
919 537 37 40 0.073666714 
512 250 11 14 0.073656924 
556 259 16 18 0.06714174 
854 259 15 19 0.06625598 
573 255 12 16 0.06600979 
914 551 32 34 0.06059621 
840 255 12 14 0.056521483 
539 267 12 18 0.05577368 
554 252 16 17 0.05552973 
755 268 16 19 0.05446109 
887 568 14 18 0.052065775 
564 253 14 16 0.0453546 
858 250 16 19 0.040960796 
413 491 15 16 0.03983994 
904 576 30 37 0.035809405 
504 246 11 13 0.035614 
930 529 33 37 0.035487507 
700 259 18 20 0.034612656 
868 251 13 17 0.034261085 
551 257 14 17 0.033160117 
838 264 15 18 0.03307966 
410 499 16 17 0.032350417 
444 568 24 24 0.032162264 
542 254 40 49 0.03176886 
549 264 16 21 0.03132783 
420 554 16 20 0.03086919 
787 585 12 15 0.03052403 
568 252 21 26 0.029692763 
723 271 15 20 0.029559296 
588 597 13 15 0.02940527 
414 529 30 33 0.029208867 
501 232 331 406 0.028572652 
542 262 11 15 0.028491309 
840 558 12 15 0.028189003 
694 266 25 28 0.02812086 
391 530 15 21 0.028094338 
761 248 23 29 0.027581714 
800 637 12 13 0.027412858 
792 568 9 11 0.026740365 
546 238 8 11 0.026530784 
599 262 14 17 0.026398078 
796 581 11 12 0.025869176 
890 531 47 57 0.025742112 
427 562 15 18 0.025582854 
838 259 29 32 0.02535887 
916 568 16 20 0.02524916 
389 497 15 17 0.025248373 
762 266 17 23 0.02450796 
396 495 12 14 0.024507247 
654 286 28 33 0.024420727 
831 256 9 13 0.024252266 
419 487 13 14 0.024215179 
761 241 14 20 0.023935089 
1006 556 20 36 0.023504516 
807 580 10 13 0.023361282 
845 253 37 45 0.022939894 
947 537 17 20 0.022927422 
21 128 34 49 0.022744706 
795 597 11 14 0.022486506 
813 571 13 17 0.022169773 
921 562 19 21 0.021830877 
775 597 10 12 0.021517588 
910 562 27 32 0.02146751 
856 246 12 16 0.021441594 
537 261 22 31 0.020950368 
578 256 19 26 0.020922218 
973 415 36 42 0.020897774 
396 527 24 28 0.020695498 
544 246 22 30 0.020659065 
410 544 17 20 0.020479763 
767 546 10 16 0.020132279 
645 292 42 50 0.020032361 
706 253 17 20 0.020020284 
245 630 37 51 0.020012768 
