0_Parade_Parade_0_465
54
513 122 101 125 0.9998578 
409 113 93 125 0.9996526 
1004 122 16 21 0.9583142 
106 86 21 32 0.95067585 
946 119 15 20 0.88334024 
903 101 12 13 0.41982663 
501 233 345 487 0.20031555 
678 84 12 17 0.16705383 
914 130 16 21 0.13232985 
76 97 24 30 0.10258304 
931 133 12 15 0.10143658 
925 132 13 20 0.09811989 
341 196 388 472 0.077731 
877 77 10 12 0.07483205 
1004 143 15 20 0.069052026 
846 75 11 15 0.06764152 
863 116 15 19 0.061652523 
444 382 22 23 0.06006786 
910 126 13 18 0.049510155 
928 101 10 12 0.046966184 
848 138 17 21 0.046439447 
853 101 13 16 0.046435274 
894 99 13 16 0.045562696 
888 99 12 15 0.041446757 
1009 69 8 11 0.040019944 
899 97 20 22 0.036926713 
889 143 11 14 0.036529765 
896 107 13 15 0.03545871 
902 123 13 16 0.03468746 
847 107 12 16 0.032790933 
892 108 23 28 0.03261094 
902 111 22 28 0.030628309 
92 86 27 33 0.029215327 
84 92 40 43 0.028508143 
269 91 61 52 0.028420081 
87 435 29 43 0.027305085 
895 110 38 49 0.026142783 
906 106 13 16 0.025848327 
989 93 10 11 0.025001345 
933 94 10 12 0.024996255 
852 123 26 33 0.024532897 
-1 74 21 35 0.02427953 
715 136 22 31 0.02425415 
933 119 21 27 0.023582358 
867 112 24 33 0.022991085 
713 223 11 14 0.022969952 
766 214 8 11 0.022875773 
860 109 14 18 0.021975458 
692 157 27 43 0.021816282 
724 104 13 19 0.021673633 
717 96 22 30 0.021480847 
893 122 15 18 0.020856692 
910 115 24 30 0.020293506 
671 90 12 15 0.020176725 
