0_Parade_marchingband_1_653
728
123 148 16 18 0.9879023 
323 136 16 20 0.9848763 
510 131 15 19 0.97544247 
960 180 18 21 0.9721986 
603 138 14 18 0.9694381 
226 140 15 18 0.96783274 
870 193 16 20 0.9656821 
738 132 14 19 0.9615729 
874 116 16 21 0.95750767 
69 98 12 16 0.9393848 
47 46 10 13 0.90534997 
537 194 14 18 0.8969425 
533 95 13 17 0.8936265 
26 139 16 22 0.89003336 
77 143 16 20 0.88772315 
649 128 15 19 0.88738775 
418 141 15 18 0.88541913 
556 36 10 12 0.8676434 
599 185 16 19 0.86697245 
508 33 12 15 0.864343 
848 91 13 17 0.8523932 
374 144 14 19 0.8520866 
675 93 13 16 0.84893787 
396 88 14 17 0.8477808 
932 94 12 16 0.844272 
559 128 15 18 0.84302944 
763 191 16 21 0.8429271 
173 133 16 24 0.83877623 
460 147 14 18 0.8301338 
959 38 12 16 0.8128416 
480 205 13 17 0.8128206 
364 45 13 16 0.8075473 
166 95 13 16 0.8047904 
603 39 12 15 0.8031772 
925 116 15 17 0.78840196 
302 96 13 16 0.78574467 
807 92 12 16 0.76377654 
890 97 13 17 0.7584512 
45 197 15 20 0.75754714 
320 43 11 14 0.7472036 
351 94 14 18 0.7386303 
488 84 12 15 0.7373962 
211 96 14 16 0.7345912 
396 199 14 18 0.7279531 
759 88 13 16 0.70056665 
980 129 15 18 0.69951576 
222 205 13 17 0.6858757 
743 43 10 13 0.6813801 
678 192 15 22 0.67865914 
443 94 12 15 0.669723 
780 134 16 19 0.653411 
828 32 10 13 0.6402311 
273 154 15 17 0.63321066 
188 44 10 13 0.62505585 
700 27 10 14 0.6209325 
259 109 13 16 0.6150326 
913 31 10 14 0.61361885 
114 89 13 16 0.61337656 
630 90 12 15 0.60641307 
101 53 9 11 0.5846038 
151 58 11 12 0.58314526 
645 103 14 16 0.562952 
987 92 17 20 0.54632634 
571 148 16 19 0.54081106 
522 153 15 17 0.5385108 
129 202 13 18 0.52204055 
691 121 17 20 0.5204699 
641 75 10 13 0.51990277 
22 96 15 19 0.5143776 
476 55 14 17 0.5114003 
411 38 10 12 0.5030863 
753 63 9 13 0.48275992 
184 156 19 22 0.47941446 
466 38 11 13 0.4705523 
784 35 10 13 0.468961 
864 40 11 13 0.43302378 
665 42 11 14 0.42226204 
712 45 10 12 0.41187605 
716 84 12 15 0.3969575 
322 197 13 16 0.37933013 
798 53 11 13 0.37331554 
159 74 10 12 0.36671016 
274 55 11 13 0.36281475 
774 103 13 17 0.35494652 
310 208 15 20 0.35046345 
839 145 15 18 0.3486267 
521 52 10 12 0.34234345 
330 60 14 15 0.33983132 
407 104 13 17 0.3292921 
862 109 12 15 0.32383856 
584 90 12 15 0.31371272 
231 47 11 15 0.31183007 
78 115 16 19 0.31105515 
511 199 12 15 0.3045789 
455 111 12 16 0.29857093 
652 23 13 16 0.29719558 
200 62 10 12 0.28709126 
395 239 18 22 0.2845142 
174 112 15 17 0.2842405 
840 48 10 12 0.26830035 
973 59 9 12 0.26273406 
873 60 9 12 0.25366604 
318 111 13 17 0.2297085 
547 219 12 16 0.21833181 
375 64 14 16 0.2133831 
465 211 12 16 0.21103817 
89 162 18 20 0.20530002 
879 59 10 12 0.20330805 
710 140 14 18 0.20169328 
823 127 14 17 0.19920292 
821 54 11 13 0.19475606 
796 150 14 18 0.19381094 
334 157 16 19 0.1886306 
943 109 13 17 0.18759087 
136 168 14 17 0.18551648 
508 76 11 14 0.18489845 
284 68 12 13 0.1839205 
905 88 10 13 0.18283051 
926 51 11 13 0.18250513 
901 45 10 12 0.1802867 
716 91 13 17 0.17742118 
470 165 15 18 0.17447735 
539 92 12 17 0.17309406 
154 37 8 12 0.16914608 
568 54 10 12 0.16891627 
804 54 9 12 0.16673625 
944 34 10 14 0.15637763 
884 56 10 13 0.15284449 
755 67 10 14 0.14891668 
439 59 10 12 0.14572743 
558 218 10 14 0.14516723 
755 150 15 18 0.14182705 
816 113 14 17 0.14009924 
126 110 14 16 0.13969219 
503 102 11 14 0.13878152 
53 63 11 13 0.13703366 
549 110 12 16 0.13693413 
628 98 15 19 0.13686842 
689 216 16 20 0.13643424 
101 31 8 11 0.13631023 
969 20 10 12 0.1358162 
980 77 13 17 0.1357 
586 100 14 17 0.13451251 
875 226 16 19 0.13417725 
903 115 12 14 0.13396181 
240 69 10 13 0.13392206 
735 104 12 15 0.13361865 
364 112 12 16 0.13341759 
598 21 7 10 0.13319679 
421 54 11 14 0.13319154 
152 98 10 14 0.13124037 
113 97 15 17 0.13096 
63 145 13 17 0.13019884 
545 87 10 13 0.12865013 
135 63 9 11 0.12712869 
159 211 9 13 0.12630817 
375 206 11 14 0.124967225 
598 110 12 16 0.12408219 
941 100 13 16 0.12352746 
744 24 7 11 0.122649536 
895 76 8 11 0.12235995 
316 202 17 21 0.120314725 
602 258 22 25 0.11891321 
244 63 13 15 0.11567338 
97 48 10 13 0.11382197 
671 88 13 16 0.110524304 
947 103 11 14 0.11002502 
775 52 9 11 0.10867963 
491 223 12 17 0.108081006 
216 112 14 17 0.10682206 
752 24 8 11 0.10577341 
823 48 9 11 0.10436705 
621 104 15 18 0.103224605 
592 15 8 11 0.1029838 
967 138 14 17 0.10195914 
112 69 8 10 0.0991099 
183 59 9 11 0.09807779 
950 52 10 11 0.09740975 
317 83 12 17 0.09710983 
308 225 29 35 0.09700161 
285 171 14 17 0.09691292 
797 138 14 17 0.095493585 
408 41 11 14 0.09534761 
976 35 10 12 0.09458045 
431 107 13 15 0.09406559 
156 55 11 14 0.091411665 
972 145 14 15 0.08933313 
893 140 14 18 0.089305185 
677 249 17 20 0.08735118 
614 57 11 14 0.086589515 
949 32 9 12 0.08638428 
483 58 11 14 0.086330846 
544 112 13 16 0.084998675 
966 87 10 13 0.08464918 
926 158 13 16 0.08206289 
128 77 9 12 0.081343114 
247 214 9 12 0.081055075 
239 160 15 18 0.08048178 
459 108 12 16 0.08046835 
310 207 25 34 0.079873644 
536 60 9 12 0.079430506 
357 30 9 12 0.07894565 
48 61 11 12 0.078469634 
942 25 9 11 0.07779917 
115 104 15 17 0.07753553 
854 56 10 11 0.07517027 
803 151 15 18 0.075169794 
184 53 10 13 0.07446388 
216 234 27 32 0.07363058 
646 19 14 19 0.07318962 
867 108 16 19 0.07311665 
870 54 10 13 0.072813794 
991 152 15 17 0.07252106 
939 94 12 14 0.072291285 
356 84 16 21 0.072020754 
639 105 12 16 0.070474714 
436 161 12 16 0.07043767 
184 235 10 14 0.070247725 
931 110 16 19 0.06952403 
600 218 25 27 0.06932273 
462 101 11 14 0.069148615 
654 67 11 13 0.068512194 
912 43 10 13 0.06837898 
382 168 14 17 0.06803483 
188 51 10 12 0.067523405 
119 63 8 11 0.06603128 
103 70 8 10 0.065787144 
216 209 12 16 0.065606155 
357 62 9 12 0.065205894 
207 86 10 13 0.06516658 
757 24 8 9 0.06327005 
696 36 11 14 0.06219801 
494 119 11 15 0.062109515 
677 201 23 30 0.062081188 
552 44 11 14 0.06176473 
430 163 13 15 0.061674345 
653 145 15 18 0.06114298 
974 205 16 18 0.060627777 
515 36 10 12 0.060129855 
687 109 11 14 0.06003854 
644 72 11 13 0.059839625 
206 136 15 19 0.05960887 
645 2 10 13 0.05949753 
967 55 12 14 0.059490114 
928 87 12 16 0.059188098 
1009 55 9 11 0.059088368 
222 62 9 11 0.05908161 
917 45 10 12 0.058964264 
573 196 11 13 0.058738977 
797 20 9 12 0.05853456 
661 146 14 19 0.058372937 
912 8 8 9 0.057866164 
456 162 13 16 0.05749817 
725 100 12 15 0.056852162 
803 101 16 18 0.05656032 
473 124 15 18 0.056379307 
127 72 9 11 0.056094576 
935 26 11 14 0.055613667 
110 159 11 15 0.055574026 
857 92 14 16 0.055366345 
862 102 12 15 0.055158954 
453 93 11 14 0.054479484 
95 68 9 11 0.054168638 
971 93 13 15 0.054138668 
502 16 10 13 0.053901516 
83 112 12 15 0.053886354 
921 51 11 14 0.053771175 
312 114 14 16 0.053025622 
943 45 10 13 0.052613094 
694 43 11 11 0.052489948 
553 32 10 13 0.052304197 
951 36 13 15 0.05189673 
132 171 21 26 0.051717784 
188 23 9 12 0.051454786 
975 125 15 18 0.05137929 
25 104 18 19 0.05116404 
622 156 13 16 0.05099089 
310 61 10 12 0.05080167 
29 112 15 18 0.050677486 
983 71 11 15 0.05065705 
829 47 10 11 0.050305497 
96 61 10 12 0.05030233 
1007 35 10 12 0.05027763 
934 46 10 12 0.04994841 
748 137 13 17 0.049486004 
281 153 15 18 0.048857614 
73 130 21 27 0.04870122 
110 140 12 15 0.048491668 
846 52 9 11 0.04847805 
111 47 7 10 0.04788829 
103 95 10 13 0.047858853 
766 101 13 17 0.04765234 
952 45 11 14 0.047540113 
854 23 9 11 0.047109213 
464 33 10 13 0.04692574 
97 35 10 12 0.046859186 
102 60 8 10 0.046789005 
759 56 10 12 0.046431106 
133 233 17 23 0.04636066 
828 116 14 17 0.046140168 
551 50 10 12 0.045720838 
703 44 9 12 0.045523398 
119 262 10 13 0.04544172 
595 216 18 22 0.04471111 
927 27 10 12 0.044215243 
975 83 11 13 0.044097822 
864 52 10 11 0.04409358 
1012 173 11 17 0.04404447 
886 137 15 17 0.043984525 
1012 60 9 12 0.04389323 
906 110 13 16 0.04351369 
37 29 9 12 0.04332299 
302 60 10 13 0.04329065 
547 89 12 16 0.043007817 
401 84 15 19 0.0424989 
834 14 8 11 0.04247989 
113 65 8 10 0.04245598 
910 13 9 11 0.042376406 
439 87 12 15 0.042120595 
325 54 13 15 0.042011973 
15 96 14 19 0.041959282 
888 68 9 12 0.041877713 
757 30 8 10 0.041824166 
682 184 23 29 0.041803572 
40 50 12 14 0.041444227 
580 79 11 14 0.04137697 
408 32 11 15 0.041295175 
461 93 12 15 0.04121853 
780 52 10 12 0.041050915 
38 37 12 15 0.040999178 
879 90 12 16 0.040928967 
974 21 10 12 0.040764477 
419 209 14 15 0.040722523 
495 100 12 14 0.040677432 
269 129 13 18 0.04060628 
817 58 12 14 0.040561307 
357 107 15 19 0.040535603 
787 30 11 13 0.040333867 
613 156 14 16 0.040234298 
527 110 11 14 0.04017319 
389 67 10 13 0.040065568 
395 229 17 21 0.039819553 
896 41 9 11 0.039590113 
680 46 8 11 0.039530523 
483 83 11 15 0.039477002 
466 218 14 16 0.0393642 
990 62 9 13 0.03930715 
522 47 13 15 0.03919154 
191 212 11 13 0.039090004 
893 61 9 12 0.039081343 
952 16 7 9 0.039074846 
197 44 10 13 0.039038956 
793 16 10 11 0.03893858 
767 52 10 12 0.03893296 
165 59 11 13 0.03884209 
758 78 11 14 0.03882706 
671 105 13 17 0.03856402 
470 130 13 16 0.038507763 
1000 39 10 11 0.038308892 
235 49 12 15 0.038059298 
742 92 11 13 0.038012814 
470 109 12 16 0.037992753 
777 59 10 13 0.037963323 
858 41 10 11 0.03793245 
982 23 8 10 0.03768162 
17 79 9 12 0.03733091 
254 236 12 15 0.037262894 
102 76 10 13 0.037210155 
151 69 11 13 0.037180696 
646 93 13 18 0.03701848 
646 37 10 12 0.037008796 
474 112 15 18 0.036882956 
957 49 13 15 0.036859293 
564 38 9 11 0.03676168 
293 61 13 14 0.036604922 
510 15 9 12 0.036404185 
750 56 9 11 0.036383353 
558 52 11 12 0.036326323 
172 121 18 23 0.03616093 
549 195 12 15 0.03585002 
748 39 10 12 0.035536274 
160 44 9 12 0.035414495 
220 202 22 27 0.035404053 
657 25 13 16 0.03537231 
912 25 9 12 0.03524406 
22 111 15 18 0.035199646 
19 84 15 18 0.035025835 
743 51 10 12 0.035013188 
593 19 9 13 0.034988165 
770 215 17 20 0.034857493 
226 114 14 16 0.03473368 
360 50 11 14 0.034702472 
455 99 11 14 0.03465152 
97 101 10 13 0.034624368 
702 171 13 16 0.03446416 
995 84 23 28 0.034400556 
74 94 12 16 0.03426611 
753 92 10 13 0.034155313 
775 21 8 10 0.034131348 
79 83 10 14 0.03403951 
828 52 10 13 0.033907425 
680 52 10 13 0.03387865 
328 132 15 20 0.033868507 
617 107 12 15 0.033779744 
686 46 10 11 0.033647645 
934 75 12 14 0.03314674 
847 62 10 11 0.03296308 
386 220 13 17 0.03292619 
532 103 14 18 0.032923568 
151 44 10 12 0.032820906 
190 60 11 13 0.032817576 
656 129 15 19 0.032800995 
387 227 16 21 0.032678876 
265 107 14 18 0.032668613 
337 58 12 15 0.032626122 
596 101 12 15 0.0324817 
108 52 9 12 0.032400023 
24 87 23 28 0.03234269 
412 161 15 16 0.03231246 
216 62 9 11 0.03220804 
645 83 12 16 0.032171853 
740 75 11 13 0.032162204 
271 66 12 14 0.0320796 
762 221 24 28 0.03191367 
504 44 10 13 0.031865958 
166 155 14 18 0.031809475 
639 46 10 12 0.031797335 
961 91 11 13 0.031794146 
894 86 11 15 0.03175242 
843 198 11 15 0.03168048 
937 38 9 12 0.031539336 
448 113 12 16 0.03149735 
234 69 9 12 0.031472072 
153 33 8 11 0.03146788 
219 235 16 19 0.03131219 
849 23 9 11 0.031304512 
499 115 13 16 0.03126736 
553 31 17 22 0.031224106 
150 117 11 14 0.031062584 
290 65 13 16 0.031001262 
309 83 16 20 0.030959167 
981 119 14 18 0.030839363 
276 35 11 14 0.03077382 
211 133 19 24 0.03066432 
782 44 10 13 0.030574227 
127 62 9 12 0.03042922 
910 50 11 12 0.030387709 
172 147 21 25 0.030386074 
226 44 18 24 0.030222941 
877 136 14 17 0.030153085 
225 51 11 15 0.030142268 
420 37 10 12 0.030124845 
183 39 18 22 0.030044058 
278 169 15 18 0.029983455 
798 76 11 14 0.029920597 
735 94 10 14 0.029874502 
143 71 10 11 0.029863566 
508 43 11 13 0.02979273 
217 92 15 18 0.029781468 
710 77 13 17 0.029704493 
455 53 11 13 0.029692937 
900 87 18 23 0.029665897 
244 53 16 19 0.029641366 
223 221 25 31 0.029622443 
349 104 15 18 0.02960989 
4 93 15 22 0.02948816 
680 245 24 29 0.02948443 
917 220 10 14 0.029428333 
164 68 11 14 0.02939814 
903 40 9 12 0.02939616 
824 26 18 22 0.029345606 
159 97 13 16 0.029336125 
463 83 13 15 0.02929506 
251 212 12 15 0.0291678 
121 223 10 14 0.029138135 
381 225 14 20 0.029112913 
276 62 20 23 0.029102154 
686 164 16 19 0.029101681 
126 84 11 15 0.028969094 
1013 45 9 13 0.028826674 
380 15 13 15 0.028806617 
32 64 9 10 0.028794453 
889 75 9 12 0.028738085 
993 46 10 13 0.028687978 
138 181 17 22 0.02859701 
353 35 11 13 0.02848689 
501 248 9 11 0.028465452 
206 210 40 51 0.028421558 
358 38 11 15 0.028316502 
920 60 11 13 0.028201325 
261 120 14 18 0.02818856 
769 47 10 13 0.028112503 
945 51 9 12 0.028021766 
640 120 20 25 0.028017791 
119 68 9 11 0.028002871 
311 54 11 14 0.027797658 
311 240 28 31 0.027797064 
158 143 15 20 0.027668703 
695 22 18 23 0.027586116 
571 131 13 16 0.027552294 
771 93 13 16 0.027533768 
902 79 9 11 0.02751241 
275 45 13 16 0.02733011 
587 244 15 18 0.02723206 
637 51 11 15 0.02716791 
825 24 9 11 0.02716632 
603 82 13 15 0.027150732 
420 161 14 16 0.027143408 
509 22 10 12 0.02695397 
841 62 9 12 0.026940104 
830 24 9 12 0.026913304 
965 201 14 17 0.026885131 
502 94 11 14 0.026817312 
380 212 13 16 0.02671476 
684 101 11 15 0.026637277 
735 59 10 12 0.02663721 
424 144 15 18 0.026623927 
319 1 11 10 0.0265143 
624 87 14 17 0.026481565 
145 54 10 13 0.026331382 
599 32 10 13 0.026209053 
838 200 14 18 0.02620073 
76 156 22 25 0.02617836 
836 30 9 12 0.026136117 
2 163 12 17 0.026131218 
942 132 13 17 0.026120892 
950 22 8 10 0.026116822 
21 78 10 13 0.026085768 
599 0 12 11 0.026076267 
203 55 13 15 0.026045732 
373 51 11 13 0.025987227 
50 50 13 15 0.025868649 
265 22 8 10 0.025867498 
590 0 12 11 0.025858145 
454 266 13 17 0.025820332 
740 116 15 19 0.025813749 
744 60 9 11 0.02575905 
823 14 8 10 0.025727982 
920 119 13 17 0.025638383 
230 59 10 12 0.02563488 
879 45 10 12 0.02556054 
120 55 9 12 0.025546791 
585 14 10 12 0.025541395 
70 114 16 19 0.025480738 
207 78 11 14 0.025459519 
947 211 11 14 0.025438262 
839 38 8 11 0.025384014 
468 92 12 15 0.025337411 
736 216 12 15 0.025308095 
980 29 10 14 0.025231127 
391 98 13 17 0.025215238 
319 60 10 13 0.025179392 
398 18 11 14 0.025106553 
683 177 19 22 0.025032315 
20 162 14 17 0.02503135 
500 155 13 15 0.025021287 
550 203 12 16 0.02501654 
977 145 15 18 0.025002588 
861 220 23 30 0.024865976 
507 105 11 15 0.024790978 
24 115 23 30 0.024785763 
676 256 25 29 0.02476716 
466 155 14 17 0.02475652 
653 87 11 14 0.024737647 
966 28 12 15 0.024725167 
444 55 11 14 0.024637414 
16 83 10 15 0.024612995 
818 47 9 11 0.024489218 
309 254 26 27 0.024446482 
96 47 18 23 0.024444994 
919 24 10 12 0.024439115 
982 52 10 13 0.024356777 
269 54 19 23 0.02432959 
997 51 11 14 0.024317957 
71 79 9 12 0.02424139 
462 52 10 13 0.024240883 
276 126 14 19 0.024177358 
310 323 16 20 0.024115788 
511 0 10 10 0.02411026 
528 86 11 14 0.024023237 
688 39 10 13 0.024001164 
899 98 13 16 0.02388646 
116 164 13 16 0.023879036 
31 68 9 12 0.02386757 
111 79 9 12 0.023857383 
361 90 13 17 0.023809357 
237 73 11 14 0.023801867 
78 77 10 14 0.023711085 
983 44 10 14 0.023696586 
927 38 9 13 0.023680551 
348 237 11 15 0.023615176 
711 96 14 17 0.023461817 
596 241 15 18 0.023414962 
233 227 14 18 0.023332018 
500 83 12 14 0.023263637 
309 66 13 15 0.023240507 
949 131 13 17 0.02321183 
926 76 11 14 0.023208186 
815 130 12 16 0.023157284 
792 21 10 12 0.023140106 
561 135 16 18 0.023118367 
757 37 10 12 0.023116611 
777 36 10 13 0.023110399 
816 31 10 13 0.023066537 
39 60 9 12 0.023045452 
762 153 15 18 0.023021204 
879 39 9 11 0.023005879 
956 122 14 17 0.022966946 
652 119 13 17 0.022963004 
646 144 16 19 0.02291559 
517 262 8 10 0.022906417 
751 57 17 23 0.022900261 
827 216 15 19 0.022888474 
772 84 12 16 0.022821557 
78 71 9 12 0.022800699 
598 51 11 13 0.022794914 
486 115 12 17 0.022751417 
476 48 13 16 0.022725847 
518 58 11 14 0.022683512 
604 52 13 14 0.022538444 
652 35 11 13 0.022507569 
741 70 10 12 0.022476193 
162 75 12 14 0.022438558 
99 156 16 20 0.022420883 
365 59 13 15 0.022419205 
738 44 10 13 0.02241174 
151 50 18 24 0.022390833 
263 70 11 13 0.022304354 
82 318 23 29 0.022293255 
263 59 12 14 0.022254236 
166 112 15 17 0.022251526 
664 86 10 14 0.022214074 
612 210 16 20 0.022207048 
164 52 13 15 0.022171197 
303 68 10 13 0.02214028 
59 61 11 14 0.022101806 
752 74 11 14 0.022099003 
504 72 12 14 0.022087475 
465 138 17 21 0.022070896 
188 107 12 14 0.022061072 
34 109 14 16 0.022060217 
768 38 10 12 0.021979054 
300 228 14 21 0.021953218 
533 77 10 12 0.021948544 
308 108 15 17 0.021904854 
109 237 10 12 0.021853967 
421 48 12 13 0.021714235 
227 122 16 19 0.021704875 
161 134 21 28 0.02168747 
351 54 11 14 0.021667954 
366 21 10 13 0.02165077 
874 54 19 24 0.021543652 
444 162 13 15 0.021528427 
870 32 9 11 0.021512743 
807 21 9 10 0.0215098 
48 58 19 23 0.021499805 
298 224 26 34 0.021481339 
637 114 12 15 0.021456284 
641 37 11 14 0.021446262 
662 38 19 22 0.021440934 
927 17 9 10 0.021440642 
998 106 12 15 0.021418372 
260 237 12 15 0.02135549 
3 154 12 18 0.021336017 
170 159 17 19 0.021287045 
250 60 13 15 0.021273509 
968 51 19 23 0.021256695 
479 99 11 14 0.02124342 
435 112 14 17 0.02121043 
380 55 13 15 0.021184659 
960 21 9 11 0.021160861 
759 199 25 30 0.021153906 
116 141 17 21 0.02115121 
157 80 13 18 0.021127697 
144 47 8 10 0.021114377 
554 107 12 17 0.021108467 
638 1 14 17 0.02109834 
605 98 12 16 0.021077422 
790 318 26 31 0.021029746 
462 16 9 12 0.020972013 
673 236 24 28 0.020970466 
1012 88 12 17 0.02095833 
643 172 15 18 0.020946926 
592 52 9 12 0.020941332 
144 60 9 12 0.020921838 
959 16 8 9 0.02092087 
819 163 15 19 0.020909246 
809 86 14 17 0.02089387 
132 77 11 14 0.020876382 
583 60 9 12 0.020851051 
398 104 15 18 0.020832017 
484 98 13 15 0.02076538 
930 130 15 17 0.020764587 
959 222 10 12 0.020752273 
395 95 16 19 0.020748949 
118 111 14 18 0.020717949 
564 260 12 15 0.020706333 
308 0 13 11 0.020691086 
426 52 12 15 0.020689197 
204 66 12 14 0.020671235 
367 202 15 18 0.020661468 
706 28 12 15 0.020658478 
134 67 10 13 0.020649044 
557 92 12 16 0.020604013 
549 324 13 17 0.020562682 
894 54 10 12 0.020543648 
764 79 12 16 0.020483883 
722 84 12 15 0.020474048 
886 39 8 10 0.020461893 
594 228 24 27 0.020432657 
495 52 10 13 0.020429872 
163 202 15 18 0.020399708 
510 93 11 14 0.020374512 
339 150 14 18 0.020356264 
893 122 14 17 0.020313846 
974 67 12 15 0.020274471 
199 236 10 13 0.020266665 
956 131 14 18 0.020231105 
176 59 10 13 0.020214498 
776 182 21 27 0.020205425 
740 40 18 22 0.020180678 
883 104 15 19 0.020175777 
909 122 13 16 0.020151164 
269 22 9 11 0.020139782 
380 132 13 16 0.020132642 
33 98 14 17 0.020130623 
816 54 21 23 0.020126164 
540 59 11 14 0.020116266 
