0_Parade_Parade_0_906
47
440 259 107 138 0.9998018 
242 258 97 123 0.9997002 
640 237 128 162 0.99889344 
352 287 66 91 0.9976023 
561 265 72 96 0.99295056 
898 516 32 38 0.6108906 
300 271 82 112 0.34922513 
927 607 12 15 0.15922134 
523 253 84 124 0.124147795 
953 592 15 19 0.105499506 
939 570 17 20 0.10452355 
918 604 23 28 0.061808236 
915 625 12 14 0.059651196 
700 592 10 12 0.04948227 
832 557 10 13 0.038980752 
623 14 11 13 0.038131315 
931 276 101 153 0.037957057 
49 719 8 9 0.034217536 
39 135 12 15 0.032239743 
879 574 12 15 0.031883646 
413 564 12 14 0.030975558 
697 637 11 13 0.030806458 
105 719 7 9 0.02982537 
230 523 52 61 0.02895158 
612 29 10 13 0.028045723 
911 526 21 24 0.027361877 
79 742 9 10 0.02723779 
215 294 8 11 0.026143026 
28 60 11 12 0.024889005 
836 563 11 13 0.024502475 
913 613 23 27 0.024211237 
48 117 10 13 0.023908054 
9 670 7 9 0.023791553 
938 577 23 28 0.023638254 
935 480 28 34 0.023268893 
663 590 9 10 0.023179848 
709 671 9 10 0.022745341 
687 654 8 10 0.022568356 
711 638 10 12 0.022490902 
924 516 16 20 0.022480147 
54 718 8 9 0.022331387 
709 675 11 13 0.021953214 
104 725 8 11 0.021908857 
624 8 9 10 0.020869313 
808 231 46 80 0.020709284 
37 110 8 10 0.020616563 
710 218 103 142 0.02000873 
