0_Parade_marchingband_1_869
77
70 194 60 77 0.99969614 
302 200 59 81 0.99880946 
519 200 52 73 0.9967781 
704 326 45 56 0.9955135 
176 468 67 68 0.90904653 
2 339 54 57 0.836503 
888 336 46 58 0.6880333 
166 452 34 47 0.3165785 
451 278 28 38 0.2573726 
746 382 18 26 0.2399297 
140 231 48 59 0.17876796 
805 427 31 38 0.16653425 
667 495 26 39 0.16104633 
549 272 22 35 0.114448 
854 538 14 18 0.10270381 
10 316 55 56 0.0967252 
862 333 47 54 0.08704498 
252 186 46 68 0.071599774 
460 268 41 48 0.065061845 
248 183 30 49 0.057599828 
1006 591 9 12 0.056307603 
770 351 36 47 0.055183873 
160 442 27 43 0.052099667 
832 542 11 15 0.048858516 
248 275 50 72 0.047874812 
734 583 43 36 0.04760205 
169 477 44 51 0.046642493 
0 359 39 48 0.04459856 
821 559 11 13 0.04250517 
1000 611 12 17 0.042306487 
755 361 38 49 0.042278606 
49 217 31 40 0.042050246 
1006 574 9 13 0.04158753 
1001 581 8 10 0.041397132 
652 465 41 52 0.0391541 
483 259 26 35 0.03855341 
873 523 16 20 0.038552288 
822 442 13 19 0.03826846 
860 351 28 36 0.037792776 
1013 564 10 14 0.03777387 
755 403 23 30 0.037409518 
860 414 27 33 0.036019366 
858 530 19 26 0.03444154 
653 502 29 37 0.033746906 
602 253 42 52 0.03348344 
754 552 17 22 0.033157136 
637 462 22 28 0.03194609 
538 253 36 51 0.03012418 
646 461 32 35 0.02977972 
974 509 8 10 0.0293121 
82 376 27 38 0.028835848 
884 521 16 19 0.028531935 
676 459 30 35 0.028035358 
419 375 16 19 0.02764158 
961 472 9 11 0.027078297 
810 518 17 20 0.027041538 
615 347 44 57 0.026394011 
960 478 9 12 0.026016438 
1002 589 10 12 0.025753513 
960 485 9 11 0.025727907 
691 462 17 21 0.02568196 
204 588 22 26 0.025114166 
769 582 35 40 0.024385614 
261 257 48 71 0.024357928 
1005 617 10 15 0.024320168 
128 251 53 66 0.023627484 
453 648 30 33 0.022690725 
971 489 13 15 0.021730663 
993 510 9 12 0.021711858 
132 371 25 29 0.021440323 
747 375 37 50 0.021245845 
1014 621 9 14 0.02079141 
699 247 16 21 0.020498836 
958 532 10 13 0.020352785 
891 529 13 17 0.020275397 
861 520 22 29 0.020036222 
990 610 12 16 0.02000482 
