0_Parade_Parade_0_873
637
818 503 64 81 0.998705 
319 461 48 61 0.99842024 
402 324 25 33 0.9977278 
298 354 25 30 0.99740416 
149 411 34 38 0.9970521 
612 488 51 73 0.9962205 
745 355 24 31 0.99613816 
772 358 24 32 0.9944886 
450 395 32 44 0.9939547 
627 364 24 31 0.9921079 
716 406 34 45 0.9911317 
727 485 45 64 0.9897098 
453 521 66 84 0.9888121 
957 343 31 36 0.98680204 
95 585 77 105 0.9844318 
853 328 21 27 0.98373204 
29 432 31 44 0.9815553 
867 579 104 122 0.9766947 
902 376 24 35 0.9740165 
964 296 15 20 0.9721871 
211 308 19 23 0.971422 
370 322 20 23 0.9696185 
23 299 13 16 0.9646806 
131 386 27 33 0.96276623 
932 297 22 28 0.96195054 
60 336 14 17 0.9573718 
277 373 23 29 0.95403916 
927 404 46 50 0.9539993 
702 290 14 18 0.95151675 
743 314 20 25 0.94959193 
668 363 22 28 0.94852424 
665 393 26 36 0.94837314 
480 310 17 22 0.9467299 
808 352 20 27 0.9462063 
818 319 22 27 0.9323938 
189 358 17 22 0.9234365 
467 349 16 21 0.922411 
317 403 33 45 0.9222476 
426 307 16 20 0.9137648 
901 350 28 36 0.88680726 
318 322 14 18 0.8823371 
14 362 22 29 0.8773849 
587 322 14 17 0.8750038 
991 308 22 28 0.87175435 
974 458 50 74 0.870225 
78 461 47 59 0.8669656 
907 307 16 19 0.8647608 
572 309 13 16 0.8567345 
0 390 22 32 0.84217054 
980 294 15 20 0.839888 
32 338 15 17 0.8328071 
856 380 26 35 0.82583076 
631 310 17 22 0.8139699 
624 333 18 28 0.7990036 
735 300 15 18 0.78430176 
663 312 13 19 0.78208256 
79 371 22 27 0.77163917 
657 616 64 65 0.75947434 
446 371 25 32 0.7527354 
934 271 16 18 0.74853736 
995 363 25 37 0.745998 
501 322 16 20 0.71111363 
553 424 38 55 0.7087421 
511 372 20 28 0.69267297 
982 283 17 21 0.6853115 
777 416 36 42 0.66432065 
459 317 14 18 0.6423201 
178 336 15 18 0.619014 
721 366 20 28 0.6160384 
810 438 42 50 0.61012954 
534 359 24 30 0.5926264 
247 323 14 16 0.5924976 
523 345 17 22 0.5531959 
336 369 26 30 0.5475929 
691 389 28 35 0.53719056 
140 481 31 55 0.533552 
794 315 15 20 0.53168905 
293 331 14 18 0.5228858 
96 465 47 64 0.4905669 
246 344 15 18 0.45916933 
77 355 13 15 0.45326707 
969 423 37 54 0.4510371 
811 296 13 17 0.45011905 
807 265 12 15 0.4334575 
151 333 12 14 0.40900928 
99 342 12 13 0.40737522 
275 318 16 18 0.40425053 
161 346 14 17 0.40357646 
533 300 11 13 0.40078807 
586 369 25 29 0.391658 
350 345 16 20 0.38504216 
534 317 14 17 0.38476935 
785 300 15 18 0.38436103 
528 351 22 29 0.3838245 
238 370 23 26 0.3808343 
154 327 11 13 0.37813458 
873 267 10 13 0.372837 
501 359 17 22 0.37087414 
254 351 16 22 0.36683744 
920 275 12 15 0.34816962 
678 388 28 40 0.33434105 
15 546 28 39 0.31323427 
831 301 12 13 0.30046737 
710 307 15 19 0.30029213 
59 364 13 18 0.29648674 
691 358 15 19 0.29333895 
78 392 22 27 0.28103614 
322 326 16 19 0.27917808 
202 399 21 26 0.27124903 
905 358 33 48 0.27085096 
708 270 9 11 0.26422092 
773 328 16 19 0.25680178 
4 326 14 19 0.25525016 
726 336 14 19 0.25514004 
1011 320 13 23 0.25091612 
785 344 22 27 0.24882635 
320 352 20 26 0.24835156 
230 342 12 16 0.23588252 
744 268 10 13 0.22908904 
560 311 10 13 0.2213269 
143 392 18 21 0.21226865 
342 328 15 18 0.2099699 
252 327 16 18 0.20409948 
593 325 12 15 0.19868188 
864 341 24 29 0.19673276 
956 384 34 40 0.19054028 
789 424 42 54 0.18831192 
1001 310 18 31 0.18723014 
299 326 12 15 0.18698853 
796 346 23 27 0.18643612 
172 382 22 26 0.18620935 
791 409 33 37 0.18596697 
258 351 22 27 0.18398598 
603 377 22 27 0.17538594 
761 394 30 39 0.17367442 
502 342 13 17 0.17311029 
35 372 13 17 0.17195338 
65 443 30 34 0.17128985 
472 303 12 16 0.17037518 
861 284 13 16 0.1697655 
870 305 17 21 0.16623455 
1003 293 14 19 0.16593996 
436 327 13 18 0.16422193 
771 402 31 42 0.15999176 
913 412 42 51 0.15821122 
12 317 10 13 0.15792924 
214 353 15 19 0.15784174 
158 363 13 19 0.15702575 
324 378 29 37 0.15567139 
17 345 15 18 0.1555908 
665 341 17 22 0.15102954 
708 353 17 21 0.15092258 
876 319 17 22 0.15085804 
237 326 12 15 0.15058492 
-1 372 8 15 0.14571209 
567 330 12 16 0.14355215 
681 311 11 14 0.14344685 
519 367 23 30 0.14141732 
967 393 33 43 0.14032698 
779 351 22 28 0.13952872 
150 368 14 18 0.13726984 
327 358 20 27 0.13560236 
573 395 24 29 0.12959036 
948 383 26 34 0.12864248 
582 316 14 18 0.1259735 
10 329 13 16 0.12534498 
835 308 15 18 0.12512796 
598 389 24 29 0.123839565 
247 307 14 16 0.12134529 
535 309 13 16 0.119606204 
130 378 19 25 0.119541876 
758 300 13 15 0.117974035 
81 350 13 15 0.11696168 
812 263 10 14 0.11680132 
773 374 28 37 0.113378696 
700 397 32 40 0.11262354 
24 367 18 22 0.109127186 
679 361 19 27 0.10761253 
642 428 27 39 0.10748546 
201 339 12 14 0.10699948 
185 374 23 26 0.10578536 
126 342 11 13 0.10398341 
548 331 11 14 0.10126559 
739 308 14 18 0.10123463 
908 316 21 28 0.10117634 
135 350 12 14 0.10011541 
697 353 17 21 0.09996109 
857 280 10 13 0.099890776 
766 330 14 20 0.097346075 
761 285 11 13 0.096771285 
348 349 24 28 0.09641661 
898 336 16 20 0.09637121 
44 416 15 19 0.09598609 
954 440 55 67 0.09559672 
530 349 39 48 0.09413318 
539 320 15 18 0.09372818 
111 440 35 41 0.09366368 
378 308 14 18 0.09304597 
592 398 22 26 0.09205906 
226 416 30 33 0.09149808 
118 323 11 13 0.0910777 
654 430 30 43 0.09046943 
39 316 10 12 0.090407915 
101 335 12 13 0.09018111 
857 349 24 31 0.08925593 
802 400 28 32 0.08894923 
936 313 24 28 0.08871002 
163 319 12 13 0.08825017 
758 256 8 10 0.08793975 
779 339 21 24 0.08690843 
750 245 8 9 0.08683985 
743 275 11 14 0.086198695 
61 432 26 34 0.08439507 
18 356 17 22 0.08411089 
322 319 14 16 0.084002815 
199 352 20 25 0.08362604 
235 341 13 18 0.08314161 
784 255 8 10 0.08161245 
99 353 15 18 0.081221335 
529 342 16 18 0.081166476 
282 322 14 19 0.08114281 
449 343 16 21 0.08114154 
894 346 22 31 0.08035088 
166 384 17 21 0.08010289 
650 355 16 20 0.079637624 
71 361 13 17 0.078747444 
526 337 10 14 0.07792721 
204 388 22 27 0.07729791 
584 347 18 21 0.0771595 
727 307 15 19 0.07596006 
801 322 14 17 0.07506886 
54 357 12 15 0.07442827 
460 329 15 20 0.074102364 
345 361 19 24 0.07342779 
775 388 30 37 0.07212938 
123 478 36 55 0.07170175 
198 409 22 30 0.07160876 
334 353 23 29 0.0715941 
956 404 45 54 0.07120905 
822 279 8 11 0.07058365 
351 454 41 62 0.06993276 
685 325 14 19 0.069772236 
706 299 15 18 0.06941431 
21 413 22 26 0.06919 
146 341 10 12 0.06907526 
789 295 12 14 0.06768184 
224 341 12 14 0.06751291 
100 361 21 26 0.06750394 
120 342 11 13 0.06729206 
578 374 26 32 0.06700914 
95 446 40 51 0.06683981 
30 395 14 17 0.06666106 
48 356 10 14 0.06545333 
856 365 25 36 0.06529069 
212 369 15 21 0.06262303 
31 317 10 12 0.062501505 
287 361 22 32 0.062425774 
537 437 45 62 0.062150463 
904 437 31 42 0.06209845 
109 334 8 11 0.06192092 
729 362 17 25 0.06175008 
8 547 45 59 0.061620034 
567 312 13 17 0.060616624 
483 335 16 20 0.060451016 
23 323 10 13 0.060072813 
44 340 11 14 0.059669193 
667 386 18 25 0.058930326 
149 389 23 27 0.058782514 
534 372 26 36 0.058544148 
507 451 44 60 0.05854289 
981 375 30 37 0.058442164 
862 322 21 27 0.058284488 
1016 270 8 13 0.05804155 
10 312 10 13 0.05773094 
942 393 39 43 0.05762768 
87 363 23 28 0.057286993 
159 378 13 20 0.056639366 
564 436 43 61 0.056365535 
760 292 12 14 0.05614714 
64 474 36 40 0.0561083 
45 348 11 15 0.05587446 
274 325 18 21 0.055745937 
328 313 10 11 0.055509303 
217 360 16 21 0.055234473 
8 372 12 16 0.055225905 
72 361 22 28 0.054090343 
429 328 13 19 0.05380269 
37 312 10 12 0.053719964 
911 300 18 22 0.05356117 
162 368 14 17 0.053304367 
988 302 35 48 0.053076908 
29 467 21 30 0.05261137 
844 380 25 32 0.05240427 
880 326 19 25 0.052315436 
830 311 20 27 0.052014306 
257 284 14 16 0.05201049 
925 271 18 21 0.051915012 
321 419 40 46 0.051875256 
218 410 25 32 0.051610887 
915 343 29 34 0.051519938 
229 364 24 28 0.051256325 
864 223 8 11 0.050730564 
249 375 16 22 0.050612558 
82 539 29 43 0.0504692 
106 372 15 20 0.05032004 
968 346 39 50 0.05026733 
748 263 10 12 0.050254997 
158 353 14 20 0.050249252 
713 347 17 22 0.050106972 
198 325 10 13 0.049817257 
22 402 21 26 0.04979621 
233 330 12 15 0.049726445 
132 370 16 21 0.049707275 
792 298 19 24 0.04949692 
644 359 23 30 0.049381066 
4 370 24 33 0.04923022 
542 380 26 32 0.049138654 
574 338 13 16 0.04909351 
470 310 19 25 0.04888449 
65 453 39 42 0.048761975 
1001 237 9 11 0.048480835 
997 297 22 28 0.04847572 
582 390 26 31 0.048055187 
202 374 21 26 0.04789222 
582 327 15 19 0.047853 
745 241 8 10 0.047678724 
361 394 24 28 0.04741773 
1 474 15 22 0.047153413 
214 397 23 30 0.04665916 
17 299 12 16 0.04630807 
455 404 43 52 0.04615569 
712 468 44 63 0.045832817 
914 327 18 22 0.045810778 
761 280 10 12 0.04577998 
513 323 13 16 0.04577802 
760 354 24 30 0.045704965 
688 365 22 27 0.04561568 
128 337 8 11 0.045587976 
94 371 21 27 0.0455448 
829 353 14 19 0.04536377 
266 340 22 27 0.045300767 
609 370 16 22 0.044804845 
902 336 23 31 0.044634588 
701 339 15 17 0.04449703 
928 336 24 30 0.044436242 
87 305 9 10 0.044412244 
677 330 14 21 0.044395205 
329 326 19 23 0.04434057 
787 277 10 12 0.043785825 
373 449 38 60 0.04375978 
963 270 11 13 0.043140274 
18 423 26 34 0.04311607 
7 397 23 32 0.042776484 
803 304 15 19 0.042673353 
7 434 26 34 0.042449743 
44 326 11 13 0.042216875 
56 424 25 30 0.04190705 
900 322 15 21 0.041789144 
715 338 18 20 0.04158462 
774 302 11 14 0.04138589 
78 342 12 13 0.041093268 
837 295 10 13 0.040877953 
692 330 15 20 0.04075547 
37 516 27 32 0.040554438 
139 364 20 24 0.04042189 
49 413 21 26 0.04040003 
763 383 19 25 0.040394276 
171 340 20 24 0.040169165 
533 428 35 41 0.04016205 
752 255 9 11 0.040037572 
150 358 13 17 0.039879397 
161 395 31 36 0.03939462 
530 317 11 15 0.039287146 
864 269 10 12 0.039145242 
341 345 20 26 0.039124317 
45 428 28 38 0.03910957 
984 317 23 30 0.039007984 
564 389 23 30 0.03894391 
318 392 25 36 0.038938295 
327 349 18 22 0.038775757 
306 360 23 34 0.038702194 
931 281 16 20 0.038364332 
632 512 51 71 0.03831556 
31 417 19 27 0.038139 
538 347 14 18 0.038084105 
763 365 27 36 0.03806712 
314 376 16 24 0.038003854 
921 392 35 42 0.037946485 
985 359 27 33 0.037826713 
356 344 21 25 0.03767901 
444 349 16 22 0.03754371 
824 387 25 29 0.037419885 
790 392 31 37 0.037404556 
284 348 14 21 0.03730577 
949 359 44 53 0.03726715 
1005 354 16 21 0.037256632 
658 351 17 23 0.037170287 
911 381 34 40 0.037121214 
683 336 14 20 0.037062474 
355 362 16 21 0.03693228 
269 361 22 28 0.036677916 
947 341 24 33 0.03654229 
667 355 17 22 0.03651314 
555 340 14 16 0.036415387 
952 377 20 25 0.03635029 
232 325 20 23 0.03633776 
134 333 10 12 0.03623071 
651 321 14 21 0.036002256 
747 347 20 24 0.035969976 
224 400 27 30 0.035884187 
570 324 14 17 0.035166174 
220 347 14 19 0.034979325 
644 321 15 21 0.034915745 
704 373 24 29 0.03490287 
78 335 11 12 0.03476687 
952 425 39 56 0.034545828 
732 315 14 18 0.034521554 
888 252 9 11 0.034454644 
888 247 8 11 0.03434858 
253 339 20 24 0.034307342 
816 255 10 11 0.03428697 
745 257 9 10 0.034199037 
337 360 41 48 0.03398696 
938 326 18 24 0.033972804 
824 238 8 10 0.03393082 
58 373 15 20 0.033575702 
47 334 10 14 0.033551373 
312 353 18 24 0.033551216 
105 395 14 20 0.033464774 
111 327 10 12 0.033364106 
252 672 15 16 0.03318261 
476 338 15 20 0.033152714 
15 372 25 31 0.03302072 
35 399 14 18 0.032867473 
955 281 15 20 0.03276702 
774 320 12 15 0.032653376 
367 358 25 31 0.032571048 
372 342 15 19 0.032474454 
980 328 16 20 0.03233055 
580 361 24 31 0.032287546 
454 358 23 29 0.032169603 
910 243 8 11 0.03202385 
321 371 22 32 0.031855326 
30 307 10 14 0.03182666 
7 353 22 31 0.031798594 
93 394 22 28 0.031776216 
645 307 13 17 0.031690214 
911 332 25 32 0.03158672 
292 344 24 31 0.03151763 
549 318 12 15 0.0312662 
226 387 17 20 0.03108763 
579 341 15 17 0.030912459 
589 310 14 17 0.030910566 
574 345 15 19 0.030834245 
926 284 13 17 0.03082876 
682 373 17 25 0.030808931 
1006 232 9 12 0.030623123 
912 269 10 12 0.030566925 
489 333 18 25 0.030482091 
-1 465 13 23 0.03045133 
11 471 22 32 0.03037137 
889 215 8 11 0.030319147 
504 341 20 27 0.029997295 
726 322 14 19 0.02982537 
435 331 20 25 0.02976921 
521 341 13 18 0.029695833 
230 301 12 15 0.029010026 
1014 274 11 16 0.028946163 
654 314 14 20 0.028838124 
880 345 24 31 0.028823724 
356 332 14 16 0.028801603 
600 497 38 53 0.028786529 
905 415 32 38 0.028729463 
229 378 16 20 0.028721308 
52 401 17 20 0.028684337 
237 302 12 14 0.028649392 
397 411 24 27 0.028586892 
789 272 8 11 0.028581146 
703 274 13 16 0.02857319 
855 247 10 12 0.02856454 
523 457 49 62 0.028514825 
9 303 10 13 0.028437575 
35 354 14 18 0.028350037 
714 360 19 26 0.028264364 
667 332 16 21 0.028103543 
116 371 20 29 0.028058873 
130 443 28 35 0.027923817 
1011 346 13 19 0.027861338 
212 372 22 28 0.027736988 
835 373 16 21 0.02773643 
820 309 14 17 0.027698822 
889 321 21 27 0.027676858 
492 366 15 21 0.027659554 
742 223 9 11 0.02764972 
119 335 9 12 0.02763352 
219 392 17 21 0.027526453 
868 291 12 16 0.027505733 
85 343 11 14 0.02747359 
650 302 12 17 0.027461266 
331 317 12 14 0.027448025 
816 278 11 12 0.027370535 
339 333 20 24 0.02719498 
198 337 21 24 0.02708471 
563 402 27 40 0.027070416 
819 332 17 22 0.02700254 
71 303 9 11 0.026965402 
673 342 17 21 0.02694299 
517 331 12 16 0.026941359 
581 471 50 69 0.02669211 
15 552 16 23 0.026665509 
957 273 16 18 0.026624577 
234 402 29 33 0.026586467 
653 308 13 18 0.026442531 
71 572 49 71 0.026353762 
69 398 23 27 0.026252387 
324 338 16 20 0.026182571 
259 376 14 20 0.02607346 
240 307 12 15 0.026055887 
188 390 16 21 0.025923055 
710 246 9 11 0.025900127 
876 555 72 104 0.025885722 
106 494 36 52 0.025838604 
1012 334 13 22 0.025822466 
774 346 16 20 0.025751812 
796 291 14 18 0.025725376 
690 315 15 19 0.025699738 
26 356 16 20 0.025617654 
795 326 15 19 0.025522444 
820 259 10 13 0.025369218 
553 362 18 22 0.025355835 
968 334 25 31 0.025301097 
150 346 12 16 0.025160532 
144 441 28 34 0.025085878 
829 298 20 23 0.024792535 
132 342 11 14 0.024685679 
458 337 19 25 0.024677305 
231 388 26 30 0.024665102 
97 295 8 10 0.024508584 
757 239 9 10 0.024484903 
464 319 15 20 0.02444234 
783 249 7 10 0.024408232 
174 295 10 12 0.024369402 
188 332 12 16 0.02433688 
177 311 10 13 0.024326043 
659 442 19 26 0.0242285 
404 362 14 17 0.024185872 
830 240 9 11 0.024156597 
845 220 10 12 0.024064211 
707 340 16 18 0.023954151 
196 349 15 18 0.023715034 
239 315 19 23 0.02370461 
845 286 10 12 0.023680164 
167 334 12 14 0.023626074 
493 324 20 25 0.023614539 
190 325 13 15 0.023597296 
710 265 9 12 0.023506718 
557 331 13 16 0.023492305 
949 325 24 29 0.023398688 
753 486 48 65 0.023326257 
902 311 16 20 0.02328417 
55 348 12 16 0.023275208 
587 339 16 19 0.023236241 
225 430 20 23 0.023122704 
166 349 21 25 0.023108501 
819 283 11 15 0.02308907 
100 385 16 23 0.023083758 
549 338 13 16 0.022997621 
695 295 15 18 0.0229718 
80 303 9 11 0.022923736 
151 321 18 22 0.02291307 
736 410 28 35 0.022890965 
27 382 21 27 0.022839386 
816 381 25 30 0.02280179 
889 240 8 10 0.022768855 
366 318 17 20 0.02276508 
255 361 22 30 0.022711521 
-2 366 19 30 0.022673015 
500 376 17 22 0.022667093 
148 378 15 20 0.022612333 
788 330 15 19 0.022593983 
94 303 9 10 0.022592232 
790 224 8 10 0.022578266 
120 380 23 32 0.022410352 
1 453 22 34 0.022407768 
28 324 12 13 0.022230966 
7 354 12 18 0.022105671 
332 312 10 13 0.022092005 
915 293 14 18 0.021988899 
192 367 18 22 0.02196226 
636 324 23 29 0.021899858 
526 382 23 33 0.021872666 
974 317 38 50 0.021765482 
364 373 28 35 0.021737624 
70 309 11 13 0.021708647 
870 276 11 13 0.021560593 
19 330 21 22 0.021500973 
664 372 35 48 0.021452582 
286 335 15 20 0.021330087 
40 394 22 27 0.021229932 
44 317 11 13 0.021182666 
531 371 17 25 0.02116892 
174 315 11 14 0.021053655 
729 339 22 28 0.021000553 
22 395 13 18 0.020999964 
495 344 14 18 0.020941332 
183 355 15 20 0.020912131 
235 382 19 23 0.020908471 
221 333 10 13 0.020872407 
765 304 13 18 0.02085611 
1009 296 13 19 0.020854684 
684 345 14 19 0.020849181 
216 329 10 13 0.020805428 
595 382 17 21 0.020757526 
905 240 8 11 0.02075621 
631 425 27 41 0.020722479 
77 382 16 22 0.020720031 
616 373 23 32 0.02070385 
790 286 11 13 0.020676795 
83 367 16 19 0.020669952 
197 395 17 22 0.020669708 
472 425 45 57 0.020643491 
435 452 45 70 0.020634394 
819 299 12 16 0.020601945 
46 361 12 18 0.020600192 
102 317 10 12 0.020496873 
705 264 9 11 0.020409677 
1005 287 13 16 0.020330036 
402 401 18 20 0.020313757 
397 449 42 63 0.020299867 
43 455 28 42 0.020276513 
195 317 13 16 0.020216154 
839 231 8 9 0.020186815 
133 352 21 22 0.020184655 
363 430 29 42 0.02008331 
667 303 13 16 0.020061128 
445 641 43 52 0.020049311 
17 392 23 29 0.020037606 
