0_Parade_marchingband_1_1045
221
660 267 31 41 0.99843746 
88 260 34 49 0.9936713 
942 259 41 56 0.9927395 
282 295 24 33 0.9671803 
586 254 29 42 0.96695966 
356 293 21 26 0.91416234 
180 315 20 26 0.88720006 
503 305 18 21 0.87195307 
438 304 15 20 0.8083649 
384 299 16 19 0.75290984 
149 320 14 20 0.7397723 
202 322 13 19 0.7323902 
468 293 13 16 0.6515696 
756 307 15 18 0.63816786 
420 308 11 13 0.61239135 
776 298 12 15 0.5804597 
693 257 21 28 0.5398369 
0 312 14 23 0.4647805 
212 307 12 17 0.4218299 
332 308 10 13 0.40290833 
484 310 13 16 0.3333529 
238 316 12 16 0.3288037 
465 317 10 14 0.2962541 
395 268 11 15 0.23153791 
314 287 10 13 0.21633011 
943 193 27 32 0.2048883 
463 296 13 17 0.2021546 
140 325 17 21 0.1981198 
244 315 11 16 0.19662374 
777 326 10 13 0.16140209 
57 290 15 20 0.15647607 
596 307 15 17 0.15185651 
233 285 10 15 0.14853139 
844 308 12 16 0.14820471 
307 300 13 19 0.12843259 
446 261 16 21 0.12835719 
292 298 19 26 0.12546718 
271 300 26 30 0.11325465 
220 245 9 12 0.11096891 
407 279 10 13 0.107052065 
791 301 10 14 0.10300696 
213 311 15 21 0.102043554 
236 291 12 17 0.09498392 
328 302 12 15 0.09423634 
680 258 25 32 0.09301446 
138 306 15 18 0.088317394 
245 299 12 17 0.08540062 
884 318 10 13 0.08242364 
173 237 14 17 0.078138664 
883 323 12 17 0.07578791 
533 296 12 15 0.073584676 
144 398 10 13 0.07319619 
269 306 17 21 0.069918275 
512 307 13 16 0.06953007 
437 351 10 12 0.06834448 
229 259 9 13 0.066372655 
584 290 30 35 0.06508205 
880 317 10 12 0.063494936 
365 259 10 13 0.06339736 
300 276 10 14 0.063224055 
12 296 11 13 0.061851025 
813 279 8 11 0.061348017 
865 326 8 12 0.06010653 
484 279 13 15 0.060067073 
462 308 12 15 0.058967315 
780 324 11 12 0.05854813 
634 33 14 18 0.05735798 
415 280 9 11 0.057230808 
348 257 13 16 0.056317843 
329 294 10 14 0.055191156 
494 307 16 18 0.055124357 
115 312 17 22 0.05419636 
990 0 11 10 0.053731956 
503 267 13 16 0.052509148 
433 306 13 17 0.05140898 
245 320 14 18 0.051276963 
759 298 18 24 0.050449006 
872 318 9 12 0.05032054 
326 313 13 17 0.050222825 
790 325 9 11 0.048444103 
405 317 13 16 0.047732033 
840 303 11 14 0.04763473 
284 243 14 20 0.047530245 
188 217 14 16 0.045947872 
762 311 12 15 0.04584096 
529 292 12 16 0.04509146 
406 268 11 13 0.04498908 
372 298 13 18 0.04319278 
741 353 12 14 0.04273027 
364 346 11 14 0.04176447 
193 317 18 24 0.04152887 
414 315 11 14 0.0412961 
802 254 8 11 0.041252065 
264 359 25 29 0.0409733 
570 263 31 37 0.04012655 
753 238 11 14 0.04010521 
548 300 26 28 0.038779028 
444 310 12 17 0.038706943 
391 261 13 18 0.03827515 
415 302 12 16 0.03826672 
172 370 15 20 0.037998766 
420 284 10 13 0.037931975 
148 396 11 14 0.037582964 
276 344 17 19 0.036942124 
412 293 11 15 0.036877856 
34 178 39 67 0.036566652 
135 314 16 21 0.036189403 
295 269 11 14 0.03534875 
276 246 17 22 0.035283938 
431 334 11 13 0.03526018 
389 342 10 13 0.03507334 
185 281 12 16 0.034967143 
457 380 9 12 0.034653403 
215 241 11 14 0.034647234 
360 258 11 14 0.03456926 
778 331 12 14 0.033972625 
815 303 9 11 0.033713263 
505 348 11 14 0.033281323 
599 260 29 40 0.032968234 
222 420 16 18 0.032872982 
197 258 14 18 0.03274398 
206 316 18 25 0.032407586 
497 268 10 14 0.03234437 
157 397 11 14 0.032344315 
352 299 15 19 0.032009024 
416 303 19 23 0.03165873 
276 258 14 17 0.03160389 
246 294 19 27 0.031262785 
398 274 11 14 0.031251755 
400 318 11 15 0.03109791 
764 274 12 15 0.031049494 
488 359 10 11 0.030840201 
311 265 13 18 0.030458935 
789 276 10 13 0.030438619 
411 322 11 14 0.030393565 
392 272 11 14 0.03035199 
364 287 15 21 0.030162401 
734 299 9 11 0.029484654 
174 354 15 20 0.029378893 
334 284 12 17 0.029351614 
784 277 10 12 0.029070305 
480 283 10 13 0.028887797 
205 244 12 15 0.028724173 
408 300 10 14 0.028699176 
504 340 12 15 0.028632531 
455 298 13 18 0.028630728 
725 284 8 11 0.028483562 
473 299 14 18 0.028430237 
798 319 9 11 0.028330361 
224 253 10 13 0.028130893 
467 325 11 13 0.02806392 
407 309 10 13 0.027637076 
448 237 8 11 0.027432514 
293 260 11 15 0.027402123 
704 264 15 20 0.026763706 
276 354 17 21 0.026709152 
231 280 19 25 0.02655373 
452 270 14 19 0.025924409 
850 314 12 15 0.025865972 
644 271 30 32 0.025807621 
767 332 9 12 0.025711898 
275 364 16 20 0.0256197 
814 284 8 11 0.025511427 
446 248 8 10 0.025497828 
374 269 9 11 0.025041193 
242 302 19 26 0.024918951 
724 320 14 19 0.024879873 
178 374 15 18 0.024872348 
184 277 21 27 0.024565557 
816 325 8 10 0.02448741 
246 328 16 19 0.024453295 
59 282 23 30 0.024432557 
846 324 10 13 0.024299823 
775 320 12 14 0.024212126 
470 334 10 14 0.02415377 
270 345 14 19 0.024009656 
335 239 9 10 0.02398856 
840 334 10 13 0.023907473 
268 248 16 21 0.023809392 
864 319 9 12 0.023401912 
748 264 10 12 0.023078714 
285 255 13 19 0.023044521 
122 307 15 20 0.023033187 
197 415 10 12 0.023020979 
544 259 12 18 0.022955319 
309 286 19 23 0.022907134 
330 289 17 25 0.022833947 
766 325 12 15 0.022655565 
680 203 10 12 0.022216307 
195 219 13 15 0.022144185 
218 317 14 20 0.022078328 
97 210 22 32 0.021997668 
290 249 13 19 0.021859786 
998 308 24 41 0.021810487 
663 339 40 50 0.02177417 
841 313 13 16 0.021760501 
359 269 12 14 0.02174627 
876 320 21 27 0.02167584 
399 284 11 13 0.021526845 
365 363 12 15 0.02145941 
230 318 15 19 0.021306353 
46 293 12 16 0.021249996 
379 312 16 19 0.021097878 
453 315 12 16 0.021058284 
817 319 8 10 0.021005454 
809 272 8 10 0.02091214 
790 319 10 12 0.020868802 
982 231 36 43 0.020850953 
262 310 18 20 0.020846896 
148 308 13 19 0.020783965 
525 238 26 34 0.020728033 
462 338 13 16 0.020658912 
781 304 13 16 0.020603782 
3 301 14 18 0.020598259 
527 287 19 25 0.02034301 
296 271 19 25 0.020341264 
249 314 15 18 0.02029422 
449 340 8 12 0.020281278 
783 286 10 11 0.02028092 
214 239 20 23 0.020137593 
493 277 11 13 0.020089382 
