0_Parade_Parade_0_205
280
264 301 73 98 0.9944887 
660 328 44 53 0.86163664 
592 328 23 31 0.8372688 
812 320 25 30 0.67286557 
523 464 14 17 0.42761472 
163 32 15 19 0.31427842 
708 337 27 36 0.28553158 
670 0 28 28 0.24107476 
474 220 12 15 0.23985064 
832 287 9 12 0.2334485 
386 290 26 34 0.21897957 
626 543 23 30 0.19828182 
711 305 36 39 0.17906219 
495 210 11 14 0.17035697 
348 194 24 28 0.16867581 
543 469 13 17 0.128709 
477 340 11 16 0.12683953 
497 542 10 13 0.12607795 
149 300 9 10 0.10853726 
730 355 15 20 0.10473856 
830 292 10 12 0.103102975 
664 266 12 15 0.101059064 
674 552 15 19 0.09939908 
370 450 13 15 0.098941654 
644 335 27 35 0.09846532 
358 164 11 14 0.09545695 
176 48 26 29 0.09536166 
177 301 10 14 0.09473334 
146 295 9 11 0.09249533 
718 346 26 33 0.08791953 
995 198 23 30 0.083299145 
736 567 13 16 0.07967426 
417 231 27 30 0.07948785 
630 475 13 18 0.07905957 
762 291 26 37 0.07789195 
142 312 10 12 0.07327626 
679 271 10 12 0.06927222 
700 324 48 55 0.06697657 
855 325 9 12 0.0667101 
998 83 12 15 0.064788185 
575 321 37 44 0.06381175 
534 403 13 18 0.06325595 
623 245 10 13 0.060790334 
728 582 9 12 0.060381267 
837 284 10 12 0.060179174 
185 43 18 21 0.059782248 
392 176 9 11 0.058161538 
862 558 7 10 0.056709353 
853 300 9 11 0.056039132 
1006 77 19 27 0.054915637 
696 275 13 16 0.053838436 
849 567 9 11 0.052700687 
533 219 11 14 0.052124854 
802 308 41 48 0.051721174 
415 237 15 22 0.050699763 
1011 131 13 22 0.050570387 
136 316 9 11 0.05010333 
303 332 37 58 0.05009027 
707 282 44 52 0.050080445 
511 451 10 14 0.049796432 
872 421 11 13 0.049661424 
687 524 12 15 0.04949051 
770 339 14 16 0.04916966 
591 262 13 15 0.047886066 
519 529 12 17 0.047616538 
257 113 14 17 0.047346555 
528 211 12 16 0.047225744 
693 271 25 29 0.046883464 
896 412 10 14 0.045416173 
641 270 9 13 0.04485849 
389 275 27 33 0.043233 
168 37 24 29 0.04309135 
397 268 22 27 0.04264777 
172 41 14 18 0.04231406 
773 289 15 22 0.04207687 
520 171 9 12 0.041827798 
891 445 14 18 0.041635983 
596 251 12 14 0.041379176 
475 371 16 22 0.041143615 
833 281 10 12 0.041062742 
725 277 13 16 0.04092565 
795 323 16 18 0.040828943 
848 296 9 11 0.040704146 
973 204 17 18 0.040657178 
1012 510 10 13 0.040398993 
489 211 11 14 0.040256858 
886 317 9 12 0.0399099 
447 355 14 17 0.039580848 
596 518 15 20 0.039452508 
870 354 12 14 0.039354723 
683 267 11 16 0.03918227 
644 277 10 12 0.038911656 
373 382 10 13 0.03890305 
582 245 14 16 0.038576744 
628 261 11 14 0.038549837 
148 27 13 17 0.037864693 
428 227 26 30 0.037797414 
732 583 10 12 0.037742425 
179 303 14 18 0.037267976 
896 473 10 15 0.036868148 
162 560 92 145 0.03666345 
784 430 9 11 0.036532618 
509 435 11 14 0.0364564 
486 161 8 10 0.03643178 
806 322 17 23 0.03636085 
493 600 15 21 0.03633796 
727 548 11 15 0.036310382 
573 253 10 15 0.036094908 
630 558 14 18 0.03605299 
722 299 19 23 0.036016252 
392 180 11 14 0.036000807 
801 441 8 10 0.03578755 
614 373 47 56 0.034977987 
597 563 11 12 0.03477672 
710 565 9 12 0.03433224 
824 329 15 19 0.034318317 
946 398 15 18 0.03431516 
711 558 10 13 0.03431323 
493 471 9 13 0.03404926 
373 532 36 44 0.033920843 
471 217 21 26 0.03382871 
814 440 10 12 0.033788774 
462 325 22 30 0.033536937 
574 445 14 19 0.033335947 
512 158 8 11 0.033263803 
148 34 15 18 0.033247277 
882 357 12 14 0.03303185 
776 439 9 11 0.03301655 
352 187 18 21 0.03293739 
677 543 12 16 0.032892138 
441 233 18 22 0.032538593 
543 536 10 13 0.032035273 
589 438 13 17 0.031890623 
715 461 21 28 0.031045709 
718 557 10 12 0.031022768 
733 546 15 18 0.030864155 
686 260 9 13 0.030834157 
800 446 7 9 0.030811926 
329 469 11 13 0.030542053 
738 542 17 20 0.030121824 
750 371 15 16 0.03006236 
621 238 11 14 0.029964495 
159 351 10 12 0.029748846 
465 367 21 26 0.029658543 
589 252 14 16 0.029639363 
721 328 19 23 0.029442828 
436 256 16 18 0.02936928 
824 439 10 12 0.029298516 
349 179 14 18 0.029263107 
169 302 10 14 0.029207047 
166 357 14 16 0.029146552 
462 357 13 16 0.029134465 
710 278 29 35 0.029072883 
761 726 12 13 0.028979894 
733 589 10 13 0.02897577 
746 522 13 14 0.028889207 
459 367 17 21 0.028408559 
513 447 20 27 0.027949322 
563 325 27 34 0.027600367 
149 383 36 38 0.027321413 
782 535 11 13 0.027308706 
149 309 9 12 0.02721272 
159 343 10 12 0.027092243 
374 401 16 21 0.027084397 
996 336 25 40 0.027005756 
718 534 11 14 0.026728742 
487 450 12 16 0.026570404 
532 467 13 17 0.026564572 
729 306 15 21 0.026510114 
117 317 10 12 0.026376417 
768 533 11 13 0.026301214 
622 250 12 16 0.026271993 
208 327 8 12 0.026183764 
389 459 14 15 0.02616528 
824 286 11 12 0.02615823 
760 339 10 16 0.025995884 
166 46 43 52 0.025945352 
482 163 9 11 0.025821961 
604 246 10 13 0.0258066 
759 309 25 34 0.025784127 
471 334 20 26 0.025775941 
304 194 28 36 0.025673062 
761 305 13 20 0.025485821 
363 169 12 15 0.02544856 
629 265 12 17 0.025310518 
726 566 11 15 0.025249822 
858 372 12 17 0.025190117 
882 373 13 16 0.02506845 
397 402 12 14 0.02468322 
808 441 8 10 0.024545826 
605 426 14 17 0.024467275 
597 448 14 20 0.024431432 
165 348 12 15 0.024269897 
533 393 23 34 0.02409575 
436 438 16 18 0.024067666 
139 478 13 16 0.024064193 
652 251 13 17 0.02400511 
758 501 13 16 0.02391317 
686 276 11 15 0.02369963 
683 581 15 19 0.02356971 
723 291 16 19 0.023500238 
194 32 16 20 0.023483576 
792 330 13 16 0.023363464 
1013 482 10 16 0.023280699 
766 331 22 27 0.023221213 
821 311 11 15 0.023151869 
829 437 10 14 0.023139697 
733 730 10 14 0.02307176 
712 532 11 13 0.022998678 
692 550 9 12 0.022991376 
789 430 9 11 0.022919914 
517 484 14 18 0.022883078 
529 461 12 16 0.022855964 
836 334 10 14 0.022845123 
470 159 7 10 0.022823174 
157 38 16 22 0.022807641 
166 308 10 13 0.022805706 
580 245 22 26 0.022680914 
651 333 15 20 0.02264293 
846 334 11 13 0.02246731 
783 398 10 12 0.022274429 
492 207 18 23 0.022267357 
717 273 15 18 0.022211138 
141 42 25 29 0.022175936 
753 607 9 11 0.022151362 
761 315 41 49 0.02213303 
500 411 15 18 0.021953452 
629 533 13 16 0.0219389 
1001 493 10 15 0.021865545 
760 312 12 22 0.021780806 
1013 125 10 17 0.021762323 
814 418 10 14 0.021742182 
485 363 14 17 0.021714296 
987 108 12 15 0.021690974 
681 532 9 12 0.021591173 
356 379 11 13 0.021580832 
586 259 22 28 0.021546518 
749 583 10 12 0.02146973 
519 192 9 12 0.021351675 
594 558 10 13 0.021272862 
637 337 15 19 0.02126743 
551 535 10 13 0.021234 
301 539 12 16 0.021227013 
742 580 13 15 0.021223487 
759 494 10 12 0.021214984 
766 506 11 15 0.021214662 
576 509 10 14 0.021211905 
434 242 23 30 0.021177644 
717 588 16 18 0.021099905 
326 179 14 17 0.021025516 
774 346 12 14 0.020940464 
720 540 12 14 0.020917216 
815 286 10 12 0.020913234 
445 238 22 31 0.020862143 
798 557 7 10 0.020837193 
863 295 9 10 0.020795215 
497 274 29 32 0.020719923 
685 549 12 15 0.0207195 
127 316 11 13 0.020587848 
670 273 13 15 0.020587383 
903 536 10 13 0.020579835 
893 338 12 16 0.020501036 
741 344 24 32 0.020432277 
589 429 11 13 0.020392828 
528 402 14 19 0.020368457 
630 345 29 32 0.020316198 
156 48 15 19 0.020315435 
740 533 15 17 0.020298438 
500 482 13 17 0.020238817 
838 339 11 15 0.020175157 
1013 434 10 14 0.020173471 
704 565 12 14 0.020145288 
721 467 13 17 0.020129878 
845 444 11 14 0.020114066 
902 518 8 12 0.020107718 
607 543 11 15 0.020100547 
725 586 13 17 0.020067815 
671 445 41 52 0.020050041 
478 383 15 20 0.020014565 
523 455 15 17 0.02000028 
