0_Parade_Parade_0_120
375
523 332 34 37 0.9971769 
950 305 42 49 0.9962746 
106 302 47 54 0.9924293 
45 324 23 30 0.98416936 
444 326 15 19 0.9666708 
327 314 16 20 0.9335252 
27 376 23 28 0.8414503 
488 311 23 28 0.7774724 
748 314 11 14 0.74379 
992 230 20 30 0.73943365 
664 324 19 22 0.6976247 
627 319 14 17 0.5713663 
562 320 14 18 0.5687372 
391 333 15 17 0.53843737 
851 306 14 17 0.5302529 
699 319 14 16 0.5109632 
285 340 15 18 0.5019758 
813 302 11 14 0.46101832 
809 331 12 16 0.38460115 
13 359 16 23 0.32953733 
726 319 9 11 0.3290479 
231 336 15 21 0.3141799 
796 316 9 13 0.29618847 
209 352 21 23 0.27072415 
765 318 10 12 0.25451526 
602 395 32 33 0.22328624 
377 343 10 14 0.21608737 
836 341 16 21 0.21452807 
219 346 14 21 0.20557009 
270 337 11 15 0.20198038 
301 333 12 15 0.1954574 
977 141 12 14 0.18440951 
262 356 12 16 0.17579597 
720 317 9 11 0.17070274 
483 358 27 30 0.1659369 
600 326 11 14 0.16320403 
317 346 13 17 0.15565619 
316 291 10 12 0.15286599 
235 342 14 21 0.15144236 
859 355 13 17 0.15033147 
404 384 16 21 0.1436513 
365 358 10 13 0.14066389 
836 352 16 21 0.13864991 
824 319 12 14 0.13714892 
327 299 14 15 0.12913823 
807 337 13 18 0.1266881 
364 403 10 13 0.12503992 
914 321 18 24 0.12377399 
367 296 9 11 0.1208685 
14 364 22 28 0.12050161 
287 430 15 19 0.11626002 
225 354 14 19 0.11477936 
407 341 11 13 0.11340348 
861 302 12 15 0.112282366 
65 621 18 24 0.10237804 
0 300 8 13 0.101646386 
423 307 11 14 0.10043762 
794 313 9 11 0.09783454 
436 303 10 11 0.09781962 
777 358 10 12 0.09759253 
224 340 18 25 0.097266905 
5 300 11 13 0.095100895 
392 349 12 15 0.09391949 
733 325 9 10 0.09300267 
761 322 10 13 0.09274579 
0 337 13 18 0.09085862 
367 332 10 13 0.0864026 
908 302 14 18 0.084022075 
804 262 8 11 0.082455605 
829 276 8 11 0.082402855 
202 350 19 21 0.08036679 
830 272 8 10 0.07931113 
0 378 10 18 0.07774374 
279 338 13 17 0.07704977 
1004 347 19 26 0.07690046 
361 346 11 15 0.076853015 
1000 237 18 25 0.07654719 
255 352 13 19 0.07642344 
474 303 29 36 0.0758133 
729 322 9 12 0.07430931 
429 306 11 14 0.07357664 
2 354 17 22 0.073338754 
20 357 15 21 0.072836876 
636 298 11 15 0.071792774 
892 320 13 18 0.07093518 
310 366 11 14 0.07054571 
28 356 13 17 0.070538685 
993 339 24 34 0.07053048 
272 276 9 12 0.069389425 
364 341 11 15 0.06858113 
847 310 16 20 0.06852492 
863 297 9 11 0.06715769 
277 272 8 11 0.06620926 
780 119 13 18 0.06616527 
909 311 21 28 0.06599872 
553 476 9 13 0.06488381 
961 158 9 11 0.064771324 
903 305 13 19 0.06308748 
616 325 12 14 0.06287734 
886 323 14 18 0.06281567 
463 294 24 38 0.062200814 
945 134 7 10 0.061888635 
884 330 13 19 0.06161455 
439 425 24 29 0.060708493 
264 288 9 11 0.060137432 
805 255 8 10 0.05982243 
964 232 16 21 0.058676258 
596 501 12 15 0.05821922 
367 286 8 9 0.057541553 
372 334 10 13 0.057507236 
973 283 17 19 0.057007972 
836 333 15 19 0.056616884 
798 348 10 12 0.055508077 
235 326 14 17 0.05510176 
352 302 9 12 0.054729417 
801 256 10 11 0.054438844 
829 345 15 20 0.05437967 
781 254 8 10 0.054212883 
366 280 8 11 0.05400617 
818 150 13 15 0.053370748 
12 297 14 16 0.052211955 
718 312 10 13 0.05217677 
412 348 12 14 0.05193563 
808 248 8 10 0.05136565 
332 295 9 12 0.050622843 
896 299 9 13 0.050542492 
766 312 9 12 0.0504282 
799 239 8 9 0.050137505 
693 354 14 16 0.049942218 
265 339 10 15 0.048726257 
901 321 13 19 0.04795515 
865 340 19 26 0.047417577 
406 333 12 15 0.04734492 
343 347 12 15 0.047188196 
428 338 13 16 0.047098998 
760 395 16 18 0.046820864 
357 388 11 14 0.04608754 
793 301 8 11 0.045490775 
294 388 15 18 0.044683985 
826 327 22 27 0.044584576 
880 173 7 9 0.043748334 
557 324 16 20 0.04366722 
850 6 13 13 0.043495495 
268 286 9 11 0.04284661 
877 331 14 18 0.04258834 
713 312 9 13 0.041993342 
374 296 9 11 0.04182365 
902 215 7 9 0.04166161 
874 337 17 22 0.041621044 
598 320 11 14 0.041278288 
818 326 20 26 0.041271623 
476 341 14 17 0.04123475 
784 327 8 11 0.04115375 
267 361 13 17 0.04082502 
629 310 13 18 0.040455967 
415 309 13 16 0.040128693 
922 224 7 9 0.039762277 
346 248 8 10 0.039713517 
772 362 14 16 0.03961407 
908 326 18 25 0.039464857 
2 380 20 34 0.039113212 
1001 226 19 25 0.03891107 
701 313 11 13 0.03850722 
981 320 28 42 0.03819188 
774 318 8 11 0.037571967 
621 324 21 25 0.03748947 
815 297 10 13 0.03748555 
864 222 10 11 0.036886394 
928 208 8 10 0.036859065 
823 346 12 16 0.036810968 
988 220 17 26 0.036593813 
295 332 20 25 0.03619343 
633 295 11 14 0.036144573 
0 110 11 16 0.036059577 
898 310 20 26 0.035993878 
242 346 14 20 0.03555224 
2 347 14 19 0.035457946 
372 300 10 12 0.035457946 
720 365 12 13 0.035241812 
279 348 21 26 0.03521428 
863 336 13 20 0.0350718 
937 224 9 11 0.034970604 
797 323 11 15 0.03484828 
336 272 8 10 0.034740493 
327 286 8 11 0.034516692 
766 365 15 16 0.03441229 
198 314 11 14 0.034386907 
617 285 9 12 0.034193907 
367 305 11 14 0.034193434 
655 311 37 44 0.034032706 
826 272 9 11 0.033992495 
868 332 13 18 0.03389409 
352 285 8 11 0.033804167 
285 288 9 10 0.0337401 
843 331 15 21 0.03361566 
791 153 9 11 0.033523906 
869 223 9 10 0.033458553 
336 285 9 11 0.03345046 
711 317 9 12 0.033417344 
350 333 10 12 0.033393856 
286 399 12 14 0.032928806 
277 360 16 19 0.032847483 
6 368 15 23 0.03283638 
700 329 14 16 0.03266548 
793 296 9 11 0.032583583 
370 394 12 15 0.032578547 
967 279 29 31 0.032423962 
351 280 7 10 0.032412156 
605 296 9 11 0.032198913 
727 338 9 13 0.03219369 
817 337 20 28 0.03208151 
377 268 9 11 0.031918682 
733 334 9 13 0.03146614 
406 354 12 15 0.031370692 
19 299 15 20 0.031211546 
350 246 8 11 0.030702733 
504 562 90 130 0.030479513 
840 286 10 12 0.030429844 
792 324 9 13 0.030271325 
814 272 9 11 0.030165583 
388 50 58 59 0.029876268 
397 390 15 18 0.02969818 
726 313 9 12 0.029625377 
303 370 13 18 0.029507367 
381 295 8 11 0.029327078 
383 279 9 11 0.029164182 
934 135 8 10 0.028925128 
572 324 10 15 0.028875602 
551 321 13 19 0.02886775 
406 325 12 16 0.02886596 
867 301 12 16 0.028815877 
532 452 16 20 0.028746411 
851 327 15 22 0.028718589 
36 297 15 17 0.0286055 
842 360 14 18 0.02852402 
281 286 8 12 0.028437048 
199 358 15 19 0.028350448 
337 278 9 10 0.028091567 
304 366 11 14 0.027859062 
913 304 18 23 0.027723093 
869 318 10 13 0.027703172 
839 308 10 13 0.027523099 
966 151 9 11 0.027509673 
792 350 10 12 0.02725619 
816 315 11 13 0.02712917 
937 230 8 10 0.02706958 
2 293 18 25 0.026990224 
396 355 11 13 0.02692192 
863 324 11 15 0.026907641 
721 323 9 11 0.026797934 
813 343 13 18 0.02662518 
932 316 23 31 0.026480338 
677 279 8 10 0.026367491 
929 136 8 10 0.0263503 
470 339 24 31 0.02600089 
374 404 13 17 0.02580974 
962 153 8 10 0.025760451 
358 316 10 13 0.025707144 
891 329 13 19 0.02565261 
382 284 9 11 0.025556566 
493 296 24 36 0.025509188 
774 325 8 10 0.025420845 
373 363 10 12 0.025380956 
418 335 22 25 0.025366208 
624 310 11 14 0.025296386 
213 341 17 20 0.025295319 
927 225 7 9 0.02527517 
846 322 15 20 0.025257533 
383 334 13 15 0.025168508 
941 223 8 10 0.025085228 
951 141 7 9 0.02506606 
839 293 10 13 0.025049558 
693 342 22 27 0.02504672 
41 504 29 37 0.025022078 
905 285 9 12 0.025020625 
406 370 13 17 0.024978794 
373 342 18 23 0.024709763 
937 237 8 10 0.024699258 
22 382 18 24 0.024696764 
810 307 10 12 0.02464097 
801 247 8 10 0.024612525 
801 331 10 14 0.02455854 
986 220 34 51 0.024536345 
736 294 9 11 0.024492204 
389 284 10 12 0.024373045 
888 191 9 11 0.024269884 
852 347 14 21 0.024259144 
315 360 13 17 0.024195092 
1011 223 14 23 0.024073742 
895 309 13 18 0.023983322 
389 279 9 11 0.023949062 
293 375 22 25 0.023948604 
974 213 9 13 0.023902088 
949 136 7 10 0.023871785 
893 188 9 11 0.02385927 
360 285 9 10 0.023815323 
358 300 11 13 0.023796026 
777 304 9 10 0.023737283 
702 302 9 11 0.023686588 
326 280 8 10 0.023643503 
777 352 9 12 0.023615919 
789 354 13 16 0.023612754 
381 317 10 13 0.023536429 
806 287 9 11 0.023512648 
701 336 12 16 0.02350849 
750 286 8 10 0.023488414 
388 405 13 16 0.023471978 
321 279 10 11 0.023434574 
428 324 14 17 0.023421023 
685 355 16 18 0.023356697 
856 295 10 12 0.023276715 
352 306 11 16 0.023155628 
751 302 9 12 0.023142638 
532 466 16 18 0.023119183 
382 367 9 11 0.023029914 
864 287 7 9 0.02297827 
422 324 13 15 0.022970784 
702 286 8 10 0.022970155 
76 314 12 16 0.022910712 
720 304 8 9 0.022748496 
623 336 23 30 0.022694586 
830 311 12 14 0.022679865 
403 439 38 38 0.022608798 
330 305 20 26 0.022548 
0 383 13 27 0.022501081 
708 334 10 12 0.022433072 
352 382 12 16 0.022384178 
399 293 12 14 0.022352893 
352 296 9 12 0.0222333 
453 315 11 18 0.022149263 
412 277 10 12 0.021979481 
264 272 9 10 0.02195496 
412 322 13 18 0.02186635 
750 320 11 14 0.02186221 
872 176 8 10 0.02185236 
463 354 14 18 0.021821128 
376 285 9 10 0.021811327 
719 340 11 14 0.02170319 
797 149 10 12 0.021690467 
766 304 8 10 0.021667767 
540 467 12 15 0.021530544 
838 301 10 12 0.021454865 
0 424 23 35 0.021423882 
402 349 22 26 0.021418234 
942 238 8 10 0.021405265 
871 215 9 11 0.021390937 
349 263 8 9 0.021377124 
108 262 12 15 0.021362498 
620 479 11 12 0.0213325 
399 372 11 15 0.021323841 
635 305 14 20 0.021255694 
864 176 9 11 0.021190993 
776 311 9 11 0.021180393 
407 336 21 25 0.021093313 
362 461 12 15 0.021012131 
280 294 10 12 0.020979388 
630 293 19 26 0.020966867 
615 402 18 20 0.020940688 
333 356 12 16 0.020887833 
623 301 9 13 0.020760516 
846 285 9 11 0.020582864 
520 478 11 13 0.020574873 
896 223 10 11 0.020473383 
474 322 28 33 0.020442242 
852 358 16 20 0.020387363 
389 343 20 24 0.020384459 
960 232 12 15 0.020344594 
395 326 14 18 0.020311838 
278 241 9 10 0.020286277 
863 216 10 12 0.02023969 
361 280 9 10 0.0202158 
213 317 11 13 0.02019137 
407 376 25 32 0.020163435 
895 184 8 10 0.020037387 
683 357 24 27 0.020021431 
