0_Parade_Parade_0_901
25
281 676 177 213 0.9977095 
0 396 223 356 0.99607867 
682 317 334 412 0.9948427 
537 346 338 424 0.3540462 
126 461 218 308 0.21807219 
615 241 16 19 0.21437594 
159 463 362 473 0.1466014 
515 275 12 14 0.103466906 
299 483 395 485 0.08631067 
683 245 12 16 0.08215381 
131 245 15 19 0.0666775 
195 531 203 300 0.050202787 
263 244 13 19 0.04657522 
735 246 13 17 0.037400525 
627 243 15 21 0.036199573 
715 272 14 17 0.032372296 
520 245 11 15 0.029530987 
726 245 13 16 0.028896112 
525 244 11 14 0.026348356 
731 244 23 28 0.025816293 
534 242 13 16 0.022835948 
268 247 15 18 0.022295497 
512 265 21 26 0.022156492 
215 273 24 31 0.022005886 
183 230 11 12 0.02138376 
