0_Parade_Parade_0_478
193
837 474 16 22 0.94688886 
909 478 12 14 0.7996515 
215 375 13 18 0.77783376 
117 348 10 13 0.6565319 
308 415 16 27 0.6543862 
654 450 10 12 0.2955231 
206 357 12 14 0.2012302 
201 423 18 25 0.17453088 
634 453 10 13 0.17108311 
46 374 8 11 0.16707967 
152 379 14 19 0.16413487 
691 461 11 16 0.1385274 
205 392 13 18 0.13746409 
353 377 24 31 0.12240895 
775 481 14 18 0.12001117 
93 376 10 13 0.11542049 
47 389 10 13 0.10747031 
850 480 14 19 0.10232713 
572 427 11 13 0.10069228 
612 447 9 11 0.0997749 
635 469 11 15 0.09523418 
622 463 9 12 0.0949231 
81 396 9 12 0.09053992 
734 471 10 14 0.08936531 
751 482 13 23 0.08879869 
191 381 11 15 0.08601067 
25 373 9 12 0.08030227 
78 391 9 11 0.07973274 
726 456 7 9 0.079555996 
801 459 8 12 0.07882673 
671 486 8 11 0.07509581 
703 454 10 13 0.07382642 
775 459 9 13 0.07312863 
569 429 10 12 0.070910536 
220 392 15 19 0.07034272 
631 459 11 15 0.06969551 
157 376 11 15 0.06465362 
607 487 10 11 0.06392379 
226 379 12 15 0.06209013 
538 419 12 16 0.06172013 
575 479 9 11 0.060574144 
617 468 9 12 0.060183134 
912 482 14 15 0.059452236 
524 432 10 12 0.056471586 
597 470 9 12 0.055294454 
191 236 13 18 0.054934047 
258 388 15 18 0.054653477 
679 453 8 11 0.053830333 
761 464 9 10 0.05368705 
686 494 11 13 0.05326911 
768 455 8 10 0.052298717 
821 461 8 11 0.052030582 
197 381 9 14 0.051356457 
752 497 11 16 0.050899524 
674 452 8 10 0.050597206 
89 379 11 13 0.05054204 
731 502 13 16 0.05043536 
536 427 11 13 0.04853463 
214 365 13 19 0.048251 
8 375 11 13 0.046972502 
165 378 12 17 0.044883437 
686 474 12 16 0.044555496 
765 483 14 18 0.044372503 
680 502 9 13 0.0441069 
722 461 9 12 0.043985415 
200 388 11 16 0.043693878 
53 389 10 14 0.043645002 
262 381 24 31 0.04358718 
219 367 14 19 0.0434423 
673 447 9 10 0.043085705 
358 419 16 19 0.041890133 
445 405 10 13 0.04179175 
677 447 8 10 0.041369885 
551 498 11 13 0.041265402 
47 381 10 13 0.039129723 
273 381 27 36 0.03899497 
766 460 10 12 0.03881336 
108 372 12 14 0.03773577 
650 446 11 13 0.037603747 
302 412 17 23 0.037213266 
178 372 15 18 0.035774924 
678 485 10 13 0.035759997 
566 436 10 12 0.035701297 
708 454 10 12 0.035602078 
608 451 9 12 0.03557319 
183 378 13 15 0.034416333 
508 484 12 16 0.03440862 
837 431 10 13 0.03435978 
114 344 17 21 0.034152012 
570 423 11 13 0.033817865 
123 88 389 493 0.033512708 
709 461 9 11 0.033475034 
764 465 13 15 0.033000477 
488 421 10 12 0.032970514 
694 454 11 14 0.03284262 
356 408 17 21 0.032781076 
623 479 8 10 0.032381006 
28 414 17 19 0.03223874 
200 350 11 14 0.031806692 
781 438 8 10 0.03170057 
71 368 11 13 0.03151766 
23 368 9 11 0.03137166 
775 467 11 15 0.031268522 
626 454 9 13 0.031241119 
553 438 9 11 0.030707628 
680 493 10 13 0.030701566 
313 410 22 30 0.03069929 
208 379 12 17 0.030287944 
104 396 12 15 0.030160556 
674 502 8 11 0.030108253 
261 368 13 17 0.029852426 
267 393 14 19 0.029773826 
40 390 12 14 0.029647551 
188 393 13 17 0.029477974 
276 401 23 30 0.029411633 
735 463 9 12 0.029383462 
680 459 11 15 0.029220263 
551 429 10 12 0.028992439 
780 468 11 14 0.028675597 
794 454 8 11 0.028667245 
219 384 16 19 0.028449092 
729 474 11 15 0.028260402 
825 493 10 14 0.027892362 
788 492 10 15 0.027667627 
237 281 591 387 0.027605072 
808 471 8 11 0.027500944 
851 517 11 12 0.027122008 
576 483 9 12 0.026952982 
1 363 9 12 0.026913702 
680 467 11 15 0.026788935 
803 514 11 15 0.026584234 
686 482 11 14 0.02645208 
137 348 11 14 0.026399653 
734 484 12 15 0.026337652 
472 423 10 12 0.026243405 
138 340 13 15 0.0261789 
84 389 12 14 0.026159843 
226 386 14 18 0.026147226 
173 377 12 16 0.026111709 
749 489 21 27 0.026024353 
5 359 9 12 0.025663085 
672 492 9 12 0.025596367 
742 484 13 18 0.025402647 
59 390 11 12 0.025382599 
829 497 12 15 0.025327098 
39 463 9 12 0.025290273 
761 489 16 19 0.025259009 
111 354 13 16 0.025146047 
760 498 17 18 0.025120901 
559 438 9 12 0.025048662 
74 389 10 12 0.024963178 
833 471 11 16 0.024942057 
101 379 14 16 0.024046937 
600 445 8 10 0.02402236 
256 391 23 27 0.023959894 
276 387 15 21 0.02389191 
597 463 9 12 0.023864591 
94 369 10 11 0.023580173 
686 455 12 14 0.02338308 
337 418 15 19 0.023204574 
212 385 15 20 0.022973742 
104 355 10 13 0.02278688 
782 455 9 11 0.022415731 
659 446 10 12 0.022309449 
144 387 13 16 0.02225094 
814 470 9 11 0.022141865 
608 469 9 12 0.021946115 
329 390 11 13 0.021850232 
786 482 12 17 0.021819748 
535 435 11 12 0.021766145 
727 446 8 11 0.021724228 
779 460 11 13 0.021698827 
734 492 12 16 0.021500451 
53 383 10 12 0.021438932 
103 374 11 13 0.0213219 
258 366 23 30 0.021191016 
135 354 12 16 0.021159656 
636 448 10 13 0.021152155 
672 439 9 12 0.021098409 
350 393 26 31 0.020989299 
796 508 16 19 0.020912014 
28 366 10 12 0.020829618 
557 444 10 11 0.020811116 
526 413 9 12 0.020787 
7 387 12 15 0.020767493 
757 282 29 35 0.020722633 
42 384 19 24 0.020654619 
628 448 19 23 0.020601815 
807 475 10 13 0.0204596 
317 319 11 15 0.020431275 
735 456 7 10 0.020324044 
792 448 9 11 0.020323534 
598 440 8 10 0.020319093 
