0_Parade_Parade_0_913
36
623 212 204 215 0.9997656 
248 150 196 243 0.9994338 
36 109 65 101 0.9979658 
868 59 41 61 0.74212074 
74 42 67 78 0.5144903 
582 16 55 71 0.44844624 
15 71 49 66 0.23204748 
151 372 163 245 0.205795 
769 47 30 38 0.18410301 
970 65 39 50 0.16494556 
835 187 198 305 0.10118121 
189 72 92 122 0.05531662 
5 145 46 80 0.054849945 
55 67 79 107 0.051459827 
156 147 194 262 0.04616186 
907 430 65 73 0.039775867 
809 37 29 39 0.03844333 
210 436 58 78 0.036956858 
974 2 27 30 0.036596414 
144 261 66 64 0.03426562 
749 147 402 393 0.033262085 
612 20 49 77 0.033165257 
684 12 46 67 0.03212513 
568 32 52 77 0.030980883 
554 51 48 79 0.027756335 
12 68 75 112 0.024539398 
54 56 59 71 0.024480963 
178 419 97 143 0.024441207 
87 188 194 256 0.02437093 
612 6 84 118 0.023047052 
645 33 45 68 0.022974508 
30 267 166 235 0.022268595 
18 115 54 87 0.020652315 
504 41 44 64 0.02063473 
268 428 21 30 0.020250516 
1004 103 20 46 0.02006211 
