0_Parade_marchingband_1_822
48
636 135 60 72 0.9983108 
181 101 66 99 0.9980842 
878 71 65 76 0.9972646 
751 96 34 42 0.9958389 
441 129 57 66 0.99074286 
364 146 49 58 0.62324834 
415 80 48 60 0.44688168 
641 424 101 114 0.3891775 
813 74 23 31 0.12053817 
363 104 53 70 0.082954414 
841 91 46 53 0.082409024 
387 81 48 68 0.07912613 
267 176 25 33 0.06609773 
421 150 53 66 0.06485521 
556 200 53 56 0.059350755 
306 148 34 38 0.05529227 
707 474 19 19 0.052094966 
468 141 34 38 0.048932713 
367 116 34 41 0.046901096 
405 103 35 43 0.04428897 
589 208 57 59 0.042837225 
289 139 59 64 0.04163843 
265 160 43 58 0.04161768 
813 82 39 48 0.035560574 
752 119 33 39 0.03510963 
341 130 83 89 0.033468705 
57 235 25 32 0.029550027 
397 65 77 97 0.02925092 
827 101 33 39 0.028123504 
293 127 94 96 0.028117288 
318 68 81 100 0.028109616 
763 155 52 71 0.025875876 
63 232 10 13 0.025787247 
383 197 52 63 0.025763478 
941 90 14 18 0.02460319 
800 92 38 51 0.024573293 
1012 355 12 22 0.024491556 
61 237 14 18 0.024363833 
377 125 34 42 0.024363501 
288 63 78 99 0.024164913 
731 103 10 14 0.02273771 
564 236 16 17 0.022444777 
365 134 36 47 0.021250317 
441 137 35 43 0.021065824 
269 171 17 22 0.02053122 
491 153 15 19 0.020470409 
789 123 41 52 0.020340638 
380 104 32 42 0.020262556 
