0_Parade_Parade_0_502
128
467 404 28 37 0.9959085 
-1 332 36 43 0.99032825 
857 364 23 32 0.9888504 
281 383 25 30 0.96628946 
711 363 30 40 0.943691 
530 363 19 25 0.9281979 
402 365 18 22 0.84735304 
90 494 26 30 0.8434786 
936 384 22 34 0.8345393 
568 369 17 21 0.8004794 
348 393 11 15 0.3944468 
428 393 27 33 0.373006 
175 397 27 34 0.33709788 
942 393 25 35 0.2901307 
631 337 12 15 0.28654373 
1001 385 20 29 0.22183186 
326 406 13 16 0.16871773 
152 337 48 57 0.1377418 
181 363 33 31 0.116716325 
241 342 18 23 0.10453763 
844 369 19 25 0.09960613 
154 359 28 37 0.09177157 
156 366 46 56 0.087112665 
392 399 23 30 0.0855339 
166 380 49 59 0.08205467 
243 407 55 60 0.076469086 
811 461 25 31 0.07502279 
360 381 11 14 0.07167517 
404 479 15 22 0.070513934 
780 202 54 57 0.06791269 
1010 392 12 20 0.06542423 
838 370 15 21 0.06263003 
274 371 45 52 0.05964994 
163 328 31 46 0.056168407 
95 521 23 29 0.05613618 
862 357 14 18 0.05482065 
997 576 13 18 0.054091748 
194 338 47 56 0.053693376 
577 369 14 19 0.05328495 
572 421 10 12 0.05220471 
100 485 27 33 0.05062894 
94 505 30 33 0.050622065 
957 348 11 16 0.05060977 
931 392 18 27 0.050590567 
827 357 13 16 0.048173852 
175 402 16 21 0.04742079 
829 370 15 19 0.04667395 
722 371 33 36 0.045447372 
621 378 14 18 0.045405034 
622 371 15 17 0.044097155 
256 378 49 57 0.043759637 
326 433 15 18 0.042928096 
161 391 32 39 0.041042957 
94 529 14 18 0.040932857 
90 574 12 14 0.040852126 
386 440 14 17 0.04051098 
297 384 15 21 0.038886167 
990 386 17 23 0.038444884 
852 371 18 25 0.03812296 
877 338 14 15 0.037610628 
830 352 10 12 0.0370494 
440 388 17 21 0.037000064 
46 300 42 57 0.036337655 
209 322 43 58 0.03604073 
116 545 16 19 0.03603185 
950 348 13 17 0.035993528 
436 408 25 33 0.035868526 
166 316 53 65 0.035333797 
43 310 27 38 0.03419895 
104 528 26 29 0.034177642 
784 532 10 13 0.033594117 
950 401 26 31 0.0335743 
184 404 17 20 0.0332533 
143 354 28 35 0.033073775 
938 370 16 22 0.033020385 
447 403 25 34 0.032243725 
44 311 18 22 0.032091048 
829 610 20 28 0.031329308 
678 298 29 34 0.031163953 
54 677 8 11 0.030649215 
392 249 10 13 0.03054286 
195 300 13 15 0.03040364 
394 395 17 21 0.029828463 
5 308 44 58 0.029345773 
407 361 25 30 0.029145433 
45 559 10 11 0.029014377 
795 443 13 15 0.02892048 
73 73 31 39 0.028575225 
188 371 18 19 0.028292766 
237 368 48 64 0.028258963 
924 396 17 24 0.02809527 
268 378 27 36 0.028050862 
773 370 14 20 0.027477495 
568 425 12 14 0.027280083 
292 374 13 17 0.027035916 
988 377 14 19 0.026564103 
424 395 16 22 0.026083166 
330 428 16 18 0.025504546 
247 378 26 34 0.025503203 
561 370 15 19 0.025451425 
189 448 33 41 0.025084784 
1014 573 10 18 0.024959963 
233 559 64 61 0.024361406 
866 349 16 19 0.02427645 
612 371 14 16 0.024226157 
934 378 16 24 0.024120951 
796 421 14 19 0.023885628 
396 464 28 35 0.02360258 
151 366 80 94 0.023472901 
49 630 9 12 0.02330347 
230 336 24 35 0.023246894 
868 338 16 17 0.023154112 
501 398 16 22 0.02308423 
306 380 15 20 0.0229734 
828 384 17 19 0.022446452 
981 376 15 22 0.022398705 
823 355 21 26 0.022237964 
85 496 20 23 0.022075204 
36 654 8 11 0.022004183 
86 646 8 11 0.021596475 
252 380 14 20 0.021246124 
136 369 30 36 0.021083277 
846 154 11 13 0.02065884 
338 432 16 17 0.020520847 
997 586 12 16 0.02046236 
248 338 16 24 0.020198803 
943 354 14 19 0.020067213 
139 352 18 24 0.02003749 
