0_Parade_Parade_0_459
30
124 639 123 143 0.9957586 
425 783 114 152 0.994599 
394 751 106 149 0.98632413 
278 629 128 173 0.9813535 
169 802 102 168 0.9158875 
314 788 65 83 0.35016719 
296 699 107 163 0.20033032 
380 920 48 71 0.14298114 
919 478 46 58 0.1348288 
193 603 146 205 0.116215736 
-3 445 71 139 0.109721676 
690 1101 38 45 0.071398005 
840 728 58 76 0.05906751 
364 720 110 136 0.057522766 
290 488 389 477 0.05497518 
36 926 59 72 0.054064453 
337 886 95 125 0.05049844 
200 785 169 217 0.046141945 
325 764 95 112 0.04324803 
438 607 53 61 0.03489277 
620 1085 13 17 0.032705233 
904 462 75 101 0.031506516 
482 837 108 144 0.030965783 
617 844 368 493 0.02987797 
-2 429 36 71 0.027529914 
148 1003 17 18 0.024459666 
984 772 33 51 0.023114288 
153 202 40 48 0.021806896 
311 70 260 264 0.02169406 
249 569 203 275 0.020871611 
