0_Parade_Parade_0_917
123
650 122 29 36 0.83903396 
150 237 9 11 0.47253802 
52 399 26 33 0.39149883 
135 261 11 12 0.30947936 
0 317 8 14 0.20937562 
156 254 11 13 0.17446265 
324 429 10 13 0.1570524 
728 460 27 33 0.14484821 
991 351 23 30 0.14323983 
136 254 12 15 0.14220025 
544 323 11 15 0.13427003 
593 412 26 39 0.12872784 
533 295 12 15 0.12663706 
23 328 8 10 0.12622438 
113 247 11 14 0.10966864 
587 197 15 17 0.09555072 
821 337 30 38 0.08225269 
936 323 40 49 0.074149385 
563 418 13 19 0.072471544 
642 108 45 60 0.0693884 
116 261 10 13 0.068435244 
634 325 18 23 0.06511475 
419 302 8 11 0.061793536 
153 259 11 12 0.05837404 
140 248 10 12 0.057181004 
397 384 12 16 0.05634257 
495 347 10 13 0.054945108 
81 294 7 10 0.05138038 
584 438 100 125 0.04924988 
592 299 13 17 0.04904334 
152 244 10 12 0.046314538 
692 109 17 23 0.045689404 
493 393 59 72 0.045659523 
157 247 10 13 0.045620456 
690 418 43 57 0.04498367 
457 397 10 12 0.043903757 
519 360 21 26 0.04296704 
635 132 13 16 0.041841432 
560 425 11 15 0.041799113 
808 335 26 32 0.04065496 
502 318 15 19 0.040588263 
487 278 7 9 0.040342133 
823 283 11 14 0.040298186 
489 343 10 12 0.039925102 
943 289 34 41 0.03913117 
145 232 10 12 0.038954288 
129 262 9 12 0.03830865 
500 147 400 490 0.037714474 
111 287 9 12 0.03755929 
448 263 8 9 0.037496876 
529 292 20 26 0.037494574 
81 288 7 9 0.03748264 
835 344 18 24 0.03731488 
134 232 9 11 0.03637322 
600 332 11 15 0.03574063 
662 128 18 23 0.0355686 
641 328 19 24 0.03553148 
458 405 10 12 0.035272207 
500 349 9 12 0.034818713 
633 126 26 32 0.032786287 
535 287 10 14 0.032448962 
7 325 9 12 0.032218758 
541 286 11 13 0.031002197 
19 253 12 15 0.030852547 
472 363 11 14 0.030819852 
129 232 9 11 0.030606093 
110 241 20 24 0.030584907 
836 514 14 17 0.030435497 
595 295 11 13 0.030120568 
3 316 10 14 0.02940731 
37 253 13 17 0.029177487 
441 344 7 10 0.028361185 
601 408 17 27 0.028359227 
517 493 13 13 0.028318923 
488 361 13 16 0.028282462 
939 338 19 22 0.028137779 
540 293 10 13 0.02760633 
566 406 11 13 0.027191259 
95 287 6 9 0.027159397 
190 244 14 16 0.027069071 
145 230 19 24 0.026868895 
40 246 10 12 0.026702385 
799 323 44 49 0.026559036 
446 343 8 10 0.026545145 
676 122 11 16 0.02614608 
591 351 12 15 0.025926262 
675 82 42 53 0.025764711 
590 390 25 32 0.025722852 
33 258 10 14 0.025539016 
243 382 10 13 0.02518966 
861 318 10 14 0.025006294 
619 351 25 33 0.025004482 
605 109 42 58 0.024917305 
494 357 11 15 0.024794264 
595 402 18 24 0.024748174 
47 285 7 10 0.02467994 
563 408 23 30 0.02457143 
662 259 143 170 0.024440365 
405 304 8 10 0.0243639 
986 152 40 82 0.02435567 
586 300 22 27 0.024255302 
541 316 19 26 0.024109606 
574 478 33 41 0.023314813 
576 460 52 75 0.023258341 
15 333 9 10 0.023079414 
538 298 13 17 0.022524025 
0 248 8 12 0.022509074 
60 251 11 13 0.022505986 
96 295 7 9 0.022407878 
814 318 12 16 0.022228573 
771 313 22 25 0.022003012 
64 401 19 24 0.02192646 
290 391 8 11 0.021614883 
295 400 9 11 0.021348724 
780 303 14 16 0.021339083 
296 406 9 12 0.021169549 
320 -29 398 471 0.02100622 
14 341 11 14 0.020921465 
629 318 14 18 0.020754503 
684 384 15 18 0.02044865 
797 357 16 22 0.020238645 
88 288 7 8 0.020187428 
475 359 11 14 0.020081518 
