0_Parade_Parade_0_286
141
958 552 65 83 0.9937616 
531 546 19 23 0.94389033 
460 527 15 22 0.6853075 
617 596 105 115 0.6602211 
584 561 23 29 0.6056441 
900 528 18 21 0.50830835 
344 504 23 28 0.4895916 
511 537 14 18 0.33679688 
582 526 12 14 0.29426852 
507 421 9 12 0.21918213 
903 518 15 17 0.19553518 
82 522 17 19 0.19078963 
959 498 14 18 0.17182527 
0 510 44 66 0.17040457 
453 524 16 23 0.14632477 
285 578 29 39 0.13275748 
59 501 14 17 0.13014926 
943 504 13 15 0.12952234 
523 537 20 27 0.1227188 
576 342 7 10 0.118066765 
623 501 11 15 0.1155918 
309 466 37 39 0.09973929 
453 491 10 12 0.09868656 
564 522 10 13 0.09584469 
898 524 29 33 0.0884524 
447 526 15 20 0.0859811 
79 548 22 35 0.08451877 
520 508 11 14 0.08240362 
501 337 9 12 0.08041137 
611 514 11 14 0.07897265 
541 573 28 41 0.07878864 
972 508 15 17 0.06937452 
822 566 56 80 0.06364794 
52 493 13 16 0.06306069 
898 527 52 65 0.06281413 
651 510 9 12 0.062030435 
468 533 13 19 0.061861318 
596 516 10 13 0.058283687 
486 493 9 12 0.055191923 
512 535 23 29 0.05336291 
49 496 21 26 0.051632177 
964 503 17 20 0.05131242 
474 467 11 14 0.048741393 
598 524 10 13 0.048026796 
462 480 8 10 0.045952637 
549 537 15 19 0.045036014 
464 486 7 10 0.04483153 
596 559 12 15 0.044459395 
517 339 10 14 0.04268335 
618 500 10 12 0.041925468 
668 525 32 34 0.041801024 
488 488 8 11 0.03983223 
576 561 15 19 0.03982081 
536 514 11 14 0.03967547 
558 511 12 15 0.038852785 
578 531 11 15 0.038183246 
586 529 13 15 0.037841212 
341 360 12 15 0.037450023 
552 585 24 35 0.037378464 
458 477 8 10 0.03582448 
579 537 14 16 0.035674766 
-3 535 49 77 0.0356655 
540 512 9 12 0.03542858 
897 532 12 17 0.03481076 
542 534 11 14 0.03465145 
938 513 19 22 0.033708155 
571 558 38 45 0.0336815 
0 501 36 43 0.03295884 
476 530 13 19 0.032611195 
963 183 12 13 0.03239134 
842 557 82 107 0.03170577 
454 520 12 15 0.03140904 
585 333 7 9 0.031189572 
695 168 9 10 0.030698936 
557 516 20 25 0.030442223 
934 539 55 72 0.030041557 
525 469 10 13 0.029901048 
853 507 27 36 0.029550543 
936 464 10 13 0.029541217 
473 556 12 17 0.02949483 
232 544 30 38 0.029428149 
276 548 30 46 0.029416023 
504 538 15 18 0.029316029 
308 480 47 55 0.028851112 
1 580 44 63 0.028680962 
951 468 12 13 0.028606456 
133 -9 233 207 0.027769819 
973 448 10 14 0.027550142 
941 502 20 25 0.027249826 
467 512 15 22 0.026942577 
576 358 8 12 0.026904438 
731 442 46 58 0.026674546 
0 574 26 40 0.026630322 
72 560 45 59 0.026532963 
512 463 8 11 0.02638973 
752 327 9 12 0.025701692 
470 486 9 11 0.025701579 
329 499 33 40 0.02532662 
462 516 14 20 0.02502403 
454 471 8 10 0.024987865 
588 352 12 16 0.02439225 
489 477 9 12 0.024317322 
575 502 11 13 0.024284005 
879 465 34 42 0.024014305 
437 519 10 14 0.023999568 
21 476 47 56 0.023805458 
606 509 20 27 0.023770997 
959 187 15 16 0.023523886 
577 520 19 25 0.023465315 
541 160 9 11 0.023246408 
593 341 9 11 0.023204934 
470 502 10 14 0.023202734 
511 529 13 16 0.023118118 
16 503 49 64 0.022834608 
469 519 22 33 0.022714656 
617 497 21 27 0.022389969 
549 599 13 19 0.022284633 
704 440 25 31 0.022155782 
512 335 10 13 0.022060012 
550 560 27 39 0.022031792 
524 503 9 12 0.022030363 
606 524 10 13 0.021891601 
896 504 48 58 0.021794163 
829 177 9 11 0.021586148 
445 477 9 12 0.021392863 
968 505 24 30 0.021341713 
950 503 27 32 0.021291118 
620 526 12 17 0.02127724 
926 513 31 38 0.021231702 
517 503 19 24 0.021203835 
10 543 29 44 0.021049045 
622 493 13 17 0.020807113 
479 487 10 12 0.020563776 
591 513 12 14 0.020504758 
505 426 11 13 0.020367641 
340 350 12 17 0.020357063 
905 508 26 30 0.020272804 
511 468 9 12 0.020220136 
537 531 20 27 0.020157158 
854 168 9 10 0.020084327 
607 499 9 11 0.020057783 
