0_Parade_Parade_0_382
85
791 213 28 39 0.9993303 
446 231 49 56 0.9970758 
595 136 33 45 0.99439704 
909 301 24 28 0.9937262 
118 183 44 63 0.9776374 
84 92 28 39 0.6544391 
839 275 24 36 0.2109501 
732 217 16 23 0.15792151 
703 218 18 25 0.14209408 
663 398 41 65 0.12782606 
317 335 8 11 0.12029043 
402 94 16 19 0.11791744 
82 223 16 19 0.10582446 
110 69 14 14 0.096554644 
934 63 9 12 0.088241324 
990 311 14 19 0.08197756 
927 62 11 13 0.08065411 
320 621 29 30 0.074044794 
968 126 9 12 0.07307527 
969 307 11 15 0.05736701 
714 226 16 19 0.055517014 
87 102 16 23 0.054009296 
327 379 9 12 0.047539484 
978 142 9 11 0.045786846 
961 125 9 11 0.04349242 
94 239 17 23 0.042088613 
188 325 16 25 0.03973533 
509 403 23 27 0.039663017 
724 225 15 20 0.038722035 
78 87 48 58 0.03842937 
304 400 9 10 0.037407707 
402 199 34 48 0.037020247 
845 292 17 22 0.036873978 
245 326 14 18 0.036751233 
921 61 10 15 0.033625435 
286 273 11 14 0.032557767 
963 288 14 18 0.032415584 
304 374 9 11 0.03238065 
254 349 7 10 0.03177209 
364 446 17 20 0.030075818 
922 46 9 12 0.030036505 
514 416 17 19 0.029982472 
393 210 47 66 0.02975873 
652 112 36 49 0.029550923 
534 428 12 15 0.028559508 
79 228 24 29 0.028199654 
148 256 16 20 0.0280264 
364 476 15 20 0.027970973 
305 405 8 9 0.027716551 
251 325 10 13 0.027688833 
918 67 11 13 0.027248798 
668 138 13 20 0.026970534 
926 53 10 12 0.026913416 
75 231 18 21 0.026862536 
99 267 15 19 0.026628742 
105 65 26 25 0.026626838 
995 531 31 42 0.026264837 
337 343 8 11 0.025929723 
379 414 22 29 0.025895718 
901 75 12 16 0.025609301 
701 211 15 22 0.02501921 
106 101 29 35 0.024967372 
941 66 10 14 0.024449438 
912 72 10 13 0.024394693 
712 211 18 21 0.024325222 
698 285 26 33 0.023866324 
309 374 8 11 0.023262687 
771 302 36 41 0.02303636 
424 219 46 62 0.022955842 
539 408 17 25 0.02244842 
67 305 30 34 0.022136103 
972 292 14 18 0.022049962 
394 424 16 20 0.02182862 
404 550 13 14 0.021565918 
237 342 8 12 0.021467602 
137 303 24 33 0.021432767 
722 233 16 19 0.021036934 
313 339 10 12 0.020921186 
720 241 19 21 0.020819522 
379 244 47 62 0.020753102 
124 292 15 21 0.02065703 
68 224 38 46 0.020598952 
555 356 12 16 0.020554729 
725 622 14 18 0.02037642 
90 226 16 21 0.020206222 
