0_Parade_marchingband_1_309
264
497 73 36 39 0.9976319 
45 84 26 28 0.9945781 
386 94 30 34 0.9835745 
955 84 24 27 0.87076396 
125 113 26 31 0.8668506 
845 95 26 31 0.81487596 
438 91 24 29 0.7734207 
272 94 23 28 0.7620861 
210 87 24 31 0.6806662 
891 94 25 29 0.6515452 
611 100 27 35 0.6501189 
297 96 19 22 0.6026205 
818 106 26 30 0.5988391 
920 104 23 28 0.5910311 
907 32 14 18 0.58523685 
29 17 18 24 0.41457555 
983 89 22 30 0.41360784 
730 91 24 28 0.3815657 
49 43 18 22 0.36238736 
70 56 20 24 0.3485527 
169 50 24 28 0.30707863 
115 0 14 12 0.29197043 
1009 137 14 22 0.24422833 
709 106 23 27 0.23038214 
796 57 29 33 0.23036458 
143 82 17 21 0.2262511 
410 52 24 29 0.2148121 
488 46 35 36 0.2109978 
102 145 21 29 0.20387085 
640 0 22 20 0.20367257 
193 105 16 21 0.19713806 
668 81 17 21 0.17587711 
981 19 15 20 0.16877444 
0 84 12 18 0.16434832 
2 74 15 19 0.1617247 
25 63 18 23 0.15236212 
90 90 17 19 0.14986275 
590 94 17 22 0.14835347 
833 99 27 32 0.14455071 
717 96 25 30 0.14288536 
900 95 29 33 0.14212991 
958 4 15 18 0.13867646 
307 52 12 16 0.13597675 
9 29 16 21 0.13552628 
664 69 23 29 0.13459311 
578 7 28 33 0.13441905 
762 100 15 19 0.1317663 
982 67 21 28 0.12245412 
305 95 23 27 0.111612014 
315 11 13 17 0.1076088 
674 94 15 19 0.106521785 
638 131 11 14 0.09969913 
19 0 16 14 0.097736865 
693 161 18 23 0.096478395 
18 107 14 18 0.09494369 
545 87 23 30 0.09098807 
599 94 24 31 0.09085015 
458 1 26 26 0.08885788 
599 137 24 31 0.085858196 
908 70 23 26 0.08249187 
715 118 17 22 0.081000865 
41 14 20 28 0.07519892 
196 96 22 30 0.07464904 
757 103 22 28 0.07452581 
193 0 19 19 0.07311409 
147 127 24 27 0.07157112 
369 120 15 17 0.0688895 
592 19 18 20 0.06367111 
644 1 33 30 0.0629283 
976 24 14 19 0.06272857 
553 89 15 19 0.062463745 
726 93 17 21 0.062021323 
183 42 22 28 0.06172462 
259 0 17 14 0.061314955 
155 150 26 33 0.060845133 
15 3 27 25 0.06026394 
744 99 26 33 0.05971671 
52 17 15 21 0.059437815 
706 50 28 32 0.057161633 
408 39 24 29 0.056748524 
291 1 17 18 0.055829775 
123 51 17 21 0.055748556 
554 0 15 17 0.0553938 
419 115 13 16 0.055295005 
350 166 24 32 0.05514759 
217 92 28 35 0.054883283 
966 88 23 30 0.05387659 
34 0 17 13 0.0536617 
621 107 27 36 0.051980294 
317 83 13 15 0.051770315 
685 77 16 23 0.05175703 
319 113 12 15 0.05169818 
782 108 10 14 0.051481575 
29 132 14 20 0.050452594 
358 116 16 20 0.049345348 
1003 -3 18 22 0.049313206 
325 123 10 13 0.049046047 
769 106 13 17 0.047601547 
66 65 23 29 0.047463175 
898 76 27 36 0.04732097 
669 54 24 31 0.047168877 
710 101 16 20 0.046341546 
1003 218 17 23 0.04595652 
17 102 13 16 0.04549091 
423 73 39 49 0.044916548 
252 24 15 20 0.04471742 
658 58 25 31 0.044348784 
176 61 17 22 0.04429611 
607 60 22 26 0.04310961 
796 140 12 14 0.042927355 
296 83 24 28 0.04261106 
619 59 16 20 0.042534824 
541 99 15 18 0.042022146 
738 83 18 22 0.041493658 
237 133 11 14 0.040909808 
298 78 15 16 0.04073035 
259 116 13 16 0.040357236 
742 76 14 17 0.040067468 
686 46 40 50 0.039804004 
957 114 16 18 0.03962615 
350 123 14 18 0.03958609 
172 35 26 32 0.03925235 
402 87 42 51 0.03899464 
699 132 17 22 0.03841249 
253 66 16 19 0.038332433 
801 153 15 21 0.03829059 
956 76 17 21 0.03802547 
69 43 24 28 0.0379817 
814 110 19 22 0.03736275 
801 51 19 20 0.03663497 
86 95 24 30 0.0359651 
719 41 24 30 0.03550909 
183 108 23 27 0.03528615 
958 104 17 20 0.0352608 
324 116 11 13 0.034844484 
181 53 21 29 0.03470364 
251 -1 18 14 0.034653515 
324 108 12 16 0.034043297 
8 0 25 20 0.033667684 
340 0 14 13 0.033642948 
765 36 22 28 0.033581935 
139 9 17 20 0.033457525 
580 114 28 35 0.032830033 
993 88 17 23 0.0327176 
162 0 15 13 0.03236407 
918 141 14 19 0.03226875 
369 193 28 32 0.03212124 
5 0 15 15 0.032096323 
57 77 25 30 0.032071445 
189 65 15 20 0.031994544 
3 9 24 30 0.031961586 
243 1 17 16 0.031861156 
497 48 21 23 0.03157415 
237 93 12 14 0.03143127 
895 60 13 15 0.031001331 
417 60 26 32 0.030958889 
17 116 22 29 0.030768305 
318 121 13 16 0.03049535 
817 100 19 23 0.030164007 
374 49 22 28 0.03002904 
81 56 18 22 0.03000157 
414 109 24 30 0.029729027 
585 1 18 23 0.029711846 
387 71 40 48 0.029547084 
368 88 43 55 0.029473761 
911 88 28 34 0.029374419 
986 15 13 16 0.02936463 
41 0 16 17 0.029079324 
831 111 17 22 0.028757159 
585 139 32 37 0.028343804 
139 126 18 22 0.02826175 
332 107 12 14 0.028215267 
122 107 20 24 0.028119983 
839 84 26 32 0.028026026 
114 118 26 33 0.028017916 
850 53 16 19 0.027708698 
481 54 37 46 0.027259726 
150 124 15 19 0.027017467 
9 65 21 26 0.027006533 
581 95 16 21 0.0269644 
678 62 24 34 0.026825665 
305 48 11 12 0.026789961 
274 106 18 22 0.026380863 
318 102 20 26 0.02617041 
916 186 26 31 0.026091455 
435 83 19 24 0.02592302 
167 45 46 54 0.025831847 
310 124 12 16 0.025787545 
954 117 24 29 0.025771117 
379 0 18 17 0.025759362 
407 49 16 21 0.02570125 
2 -2 46 43 0.025688715 
599 68 25 30 0.025276436 
963 0 16 16 0.025271209 
703 82 42 50 0.025149228 
644 100 11 14 0.025105964 
342 43 11 13 0.0250317 
4 104 21 28 0.025026113 
896 62 24 28 0.024883658 
547 102 16 20 0.024848174 
852 115 24 30 0.024822226 
220 78 12 15 0.024499536 
138 111 24 31 0.024498085 
895 90 49 58 0.02447033 
771 124 11 15 0.024085365 
659 117 24 31 0.024064647 
277 99 27 30 0.02403504 
2 112 14 19 0.024027305 
838 97 17 22 0.023898415 
814 98 45 55 0.02364312 
574 98 15 18 0.023619382 
696 60 42 52 0.023599537 
362 76 13 17 0.0234581 
206 93 17 24 0.023385571 
880 58 25 29 0.023225056 
246 52 26 31 0.023168607 
503 44 18 19 0.023105541 
285 142 16 21 0.023020549 
398 38 40 47 0.02294962 
82 11 17 18 0.022945363 
406 33 15 18 0.022887183 
415 129 14 19 0.022838898 
501 128 28 29 0.022755742 
809 83 41 49 0.022712974 
346 71 17 21 0.022698393 
663 94 27 32 0.022379374 
369 50 11 15 0.022375444 
29 123 24 31 0.02236923 
229 97 25 32 0.022340842 
675 79 23 30 0.022223486 
594 100 17 23 0.02212485 
341 68 15 20 0.022093052 
401 65 29 34 0.021996455 
236 99 15 18 0.02197986 
354 120 23 29 0.02191642 
612 93 16 19 0.021886228 
102 125 25 32 0.021857306 
968 8 22 27 0.021822205 
99 70 22 27 0.021671513 
601 107 29 38 0.021544224 
318 114 22 29 0.021539142 
0 10 12 19 0.021526325 
393 83 20 23 0.021512482 
756 121 15 18 0.021451013 
47 63 27 36 0.021211753 
438 56 26 33 0.02111022 
646 67 14 18 0.021045735 
227 103 15 20 0.021003503 
783 113 11 16 0.020930087 
590 4 28 31 0.020908361 
708 44 18 21 0.020889707 
219 2 15 18 0.020859865 
653 130 13 19 0.020809405 
635 115 15 19 0.020799391 
405 67 41 47 0.02071411 
981 79 18 24 0.020696672 
324 41 16 18 0.020545993 
56 46 18 22 0.020481952 
445 65 39 49 0.0203429 
615 64 23 28 0.02028102 
263 98 15 18 0.020189587 
423 103 28 36 0.02010624 
668 101 16 20 0.020063002 
399 99 29 34 0.020030528 
