0_Parade_marchingband_1_746
113
746 87 28 38 0.9995004 
141 79 33 42 0.99946886 
815 94 31 42 0.99923265 
372 91 28 36 0.998882 
763 46 29 37 0.9988525 
544 88 35 44 0.99876994 
425 80 27 36 0.99869907 
627 112 26 34 0.99806434 
300 75 26 33 0.99587125 
597 89 32 39 0.9937848 
169 65 25 39 0.9458174 
963 182 15 18 0.9304948 
927 182 12 16 0.8786559 
453 98 23 30 0.8471609 
1002 180 13 15 0.72303796 
957 159 10 13 0.7159643 
1005 164 12 13 0.58085686 
1001 135 11 15 0.56445545 
949 178 11 13 0.50166124 
942 138 11 14 0.47222343 
886 231 11 14 0.30945194 
19 104 22 28 0.27959463 
920 164 10 13 0.22758964 
998 212 12 15 0.21504322 
155 72 29 38 0.19076036 
599 80 25 30 0.14452033 
929 229 19 22 0.1352546 
436 87 25 33 0.13109665 
889 234 12 16 0.12258381 
879 175 11 14 0.11566044 
610 97 29 36 0.09670184 
892 213 11 15 0.088617615 
858 201 15 19 0.08363207 
560 95 29 38 0.07545975 
589 93 25 36 0.07390468 
983 172 11 15 0.07368268 
3 212 12 15 0.06565253 
1003 171 15 18 0.06563579 
935 212 10 13 0.06503372 
35 97 14 21 0.062708065 
915 212 16 20 0.061952244 
767 99 26 35 0.060702674 
853 197 14 19 0.05975491 
924 175 12 14 0.059099324 
937 135 13 15 0.058951665 
882 179 12 15 0.05627299 
908 214 15 18 0.052935485 
932 221 13 16 0.051238682 
936 206 9 12 0.051075224 
576 93 22 33 0.049408995 
29 94 14 17 0.048016988 
972 172 11 15 0.04631983 
974 166 10 13 0.045623206 
287 74 25 30 0.04528047 
1005 219 13 17 0.043425184 
964 164 12 15 0.04320469 
889 151 10 13 0.042537242 
1011 159 12 15 0.041907858 
739 221 14 17 0.040475547 
950 149 10 12 0.039071314 
1000 197 11 13 0.03878913 
1012 170 10 14 0.03764394 
921 170 11 15 0.037530318 
886 221 12 15 0.03741774 
811 227 16 17 0.036172673 
20 116 17 24 0.035664972 
1015 149 9 13 0.0354236 
1015 141 9 13 0.034897685 
923 159 11 14 0.0322836 
796 238 12 15 0.032115538 
944 145 11 13 0.031336747 
796 95 17 22 0.03128734 
1006 154 19 25 0.03005863 
960 194 10 13 0.029502923 
918 225 13 16 0.029339679 
1010 180 11 13 0.029285321 
1013 133 10 13 0.028994983 
975 142 8 10 0.028803034 
949 182 14 18 0.028463144 
925 220 14 17 0.027876673 
1006 129 9 12 0.027827026 
920 141 8 11 0.027743533 
25 110 25 31 0.027627185 
903 213 12 16 0.027349167 
969 134 9 10 0.025729736 
955 152 19 24 0.025487833 
892 154 10 14 0.025370529 
1014 204 10 14 0.025097726 
432 218 34 43 0.025041359 
927 238 16 20 0.024905855 
940 134 19 23 0.02447435 
925 214 13 15 0.02422387 
459 334 16 20 0.024155086 
989 237 13 15 0.024105918 
871 218 12 15 0.024104437 
42 99 13 19 0.024017658 
885 166 12 15 0.023924783 
28 239 10 12 0.023729924 
887 206 10 16 0.023559269 
14 111 17 21 0.022613902 
177 84 17 22 0.022539604 
846 198 15 20 0.021959338 
916 204 14 17 0.021781582 
754 75 30 41 0.021462718 
878 220 13 16 0.02143098 
601 209 30 38 0.021409651 
952 237 12 15 0.021360004 
573 96 16 23 0.02108994 
933 165 11 14 0.02093615 
940 212 10 12 0.020699093 
580 261 13 18 0.020698117 
460 298 54 63 0.020349354 
902 235 11 14 0.02001244 
