0_Parade_marchingband_1_104
135
316 252 32 40 0.998944 
451 262 26 31 0.9899805 
238 246 14 16 0.90431666 
738 230 16 21 0.81820315 
1003 216 17 26 0.71176285 
127 253 13 17 0.69194186 
150 243 11 14 0.53572994 
579 255 13 18 0.3076002 
835 229 12 15 0.30560523 
37 254 11 14 0.30350572 
602 229 8 10 0.2721056 
549 244 10 13 0.21079633 
502 226 10 13 0.20900404 
84 280 10 13 0.19452697 
968 232 9 10 0.19123246 
214 246 7 11 0.14731885 
25 240 7 10 0.1288489 
451 220 11 16 0.12726673 
103 240 10 12 0.11142038 
605 225 8 11 0.09915731 
57 260 9 11 0.090296194 
168 263 10 12 0.086463936 
23 244 8 10 0.08555949 
283 235 10 14 0.08292002 
197 246 8 10 0.077469386 
912 238 11 13 0.076300375 
830 226 19 25 0.07039775 
691 380 60 77 0.06750572 
407 241 12 13 0.062836595 
402 252 25 32 0.0612258 
480 230 12 14 0.06035404 
725 237 14 16 0.059787 
38 296 7 10 0.058327507 
264 237 8 10 0.056473438 
173 262 11 14 0.056195196 
70 246 9 12 0.054140117 
894 236 9 11 0.05347692 
240 287 9 11 0.05303622 
750 196 11 13 0.051922016 
62 255 8 11 0.05101995 
4 268 11 13 0.050051168 
581 247 12 18 0.049140763 
890 236 9 11 0.04741256 
718 238 11 13 0.046867583 
587 286 9 12 0.04300303 
352 234 13 17 0.042300634 
532 253 13 17 0.042015173 
167 243 9 11 0.041909058 
98 244 10 13 0.040990707 
110 255 9 11 0.0403039 
228 277 9 12 0.040168796 
543 238 12 15 0.04016111 
53 280 8 10 0.039135054 
112 261 9 11 0.038471468 
412 254 12 15 0.037632093 
190 277 8 10 0.03698946 
509 229 9 13 0.036744747 
215 241 7 10 0.035726435 
541 250 12 16 0.035131656 
25 277 9 12 0.034333825 
66 247 8 11 0.034314603 
146 240 11 13 0.034129005 
599 234 10 12 0.03392863 
296 236 11 15 0.033059366 
549 269 10 13 0.032711428 
541 260 11 15 0.03248378 
234 246 12 14 0.03224197 
73 277 7 9 0.032077167 
158 238 10 13 0.03155415 
829 212 9 10 0.031323824 
114 269 10 12 0.03122224 
544 267 11 14 0.030922916 
614 223 9 12 0.030428378 
461 244 12 15 0.03030664 
476 255 15 21 0.030158386 
588 252 12 17 0.029772889 
586 291 9 12 0.029338863 
855 260 9 14 0.029244022 
974 194 16 19 0.029134333 
141 278 10 12 0.02871632 
833 234 25 30 0.028525596 
73 271 8 11 0.028211193 
39 301 7 10 0.02804163 
645 222 8 10 0.027871775 
85 272 9 11 0.027841209 
616 228 9 11 0.027782457 
29 238 8 10 0.02740999 
775 223 11 13 0.02697281 
232 240 9 10 0.026715506 
904 237 10 12 0.02630958 
120 296 8 10 0.02627153 
245 240 10 12 0.025993755 
208 239 10 12 0.025693007 
31 310 8 10 0.025506426 
152 262 10 12 0.025380095 
32 249 19 23 0.025026347 
180 263 10 13 0.02498935 
193 241 8 10 0.024388086 
104 253 9 11 0.024249805 
108 239 9 11 0.024248 
716 288 36 43 0.023712663 
34 302 9 10 0.023423549 
972 235 10 13 0.023366729 
449 206 10 12 0.023176102 
249 233 8 10 0.023114275 
163 230 11 13 0.023105677 
797 238 10 11 0.02291307 
43 254 10 13 0.022813093 
132 248 12 15 0.02275769 
463 251 23 31 0.022694966 
158 269 9 11 0.022563348 
239 292 8 11 0.02249682 
754 196 15 17 0.0224741 
383 261 13 16 0.022472918 
190 271 9 12 0.022102945 
842 205 8 10 0.021936914 
716 238 21 25 0.021804268 
512 235 9 12 0.021793297 
747 200 24 28 0.021791333 
542 232 9 11 0.02178803 
598 245 9 13 0.021583833 
397 238 12 14 0.021472441 
554 243 14 17 0.021403985 
233 294 9 11 0.021264086 
18 245 8 11 0.021093005 
228 270 11 14 0.020950455 
641 238 9 12 0.02077463 
223 245 9 12 0.020736331 
546 239 18 23 0.020678433 
80 271 8 10 0.020660399 
385 257 26 31 0.02058034 
23 252 8 12 0.020565208 
853 253 10 15 0.02043195 
164 262 20 25 0.020430835 
588 302 9 13 0.020033354 
