0_Parade_marchingband_1_227
362
461 135 30 40 0.9984831 
289 139 23 32 0.98906904 
413 112 24 31 0.9795523 
511 106 23 30 0.9712812 
912 137 43 51 0.9657849 
840 123 32 40 0.96428496 
597 131 22 30 0.96364677 
291 100 22 29 0.9519135 
177 108 23 29 0.9442542 
558 85 19 26 0.8474941 
713 32 97 119 0.76327205 
348 104 15 19 0.72232395 
489 95 21 27 0.66448313 
4 106 16 22 0.6487116 
250 83 15 19 0.5678276 
429 98 16 22 0.50606525 
69 96 16 20 0.46441135 
328 89 14 18 0.46162814 
252 96 18 22 0.45143378 
212 73 13 16 0.4393897 
733 78 65 67 0.43049303 
151 103 15 20 0.4269386 
132 92 12 15 0.40226611 
36 93 14 18 0.3633584 
22 61 14 17 0.34087226 
380 98 13 16 0.3356988 
57 67 14 17 0.33365473 
223 115 20 27 0.31364217 
498 86 22 27 0.2981648 
363 91 13 17 0.2741904 
779 90 49 62 0.27138463 
166 78 12 13 0.26306528 
0 83 11 18 0.2627103 
607 106 14 18 0.25131598 
191 85 12 16 0.23073253 
507 95 24 31 0.20315997 
389 99 14 18 0.19194359 
587 92 10 13 0.18107331 
599 82 11 14 0.17949323 
99 107 16 21 0.17502229 
123 104 16 20 0.17120852 
470 113 17 21 0.16998331 
605 137 22 29 0.16756098 
615 93 11 13 0.16185074 
525 91 14 19 0.15855442 
309 92 13 17 0.15634601 
237 118 16 21 0.15346764 
33 96 20 26 0.15201966 
101 83 13 17 0.15157832 
174 78 10 13 0.14187615 
101 99 15 19 0.14168699 
390 163 25 36 0.13258523 
507 82 23 28 0.13176233 
165 71 10 12 0.13155429 
127 87 12 15 0.12522352 
615 143 22 30 0.12418448 
294 94 15 19 0.12275931 
988 155 16 20 0.121143505 
197 77 9 12 0.11985995 
148 92 13 16 0.11911019 
422 89 20 27 0.118403785 
393 105 16 21 0.11787297 
879 115 48 58 0.117721 
635 94 11 14 0.11588431 
531 92 13 19 0.112093516 
118 150 15 22 0.11107799 
380 141 15 19 0.111046456 
300 137 23 32 0.1106461 
292 77 9 12 0.10993779 
868 6 87 98 0.108794 
226 107 17 21 0.107059635 
578 163 17 20 0.10449269 
339 148 19 27 0.10361882 
712 98 47 47 0.10007444 
638 103 13 17 0.09752528 
270 77 11 15 0.09654388 
181 77 8 11 0.095873855 
145 76 10 13 0.09533602 
619 125 20 31 0.094180696 
612 102 13 18 0.093013346 
210 70 11 14 0.09231392 
832 105 51 66 0.08679551 
365 114 15 17 0.08467931 
100 133 19 27 0.08398909 
787 84 26 32 0.083288684 
31 106 22 30 0.08241916 
3 67 11 14 0.08158987 
130 96 15 19 0.08125661 
223 132 24 32 0.0810418 
193 80 10 12 0.0806091 
278 170 16 21 0.079278305 
300 99 20 26 0.07865019 
931 106 31 36 0.07832288 
358 124 16 20 0.076802224 
258 84 14 17 0.07674992 
143 163 14 18 0.07516433 
68 75 12 16 0.07391436 
36 157 17 24 0.07327299 
199 70 9 11 0.0710251 
375 54 13 16 0.06851584 
422 86 14 18 0.068006895 
67 84 14 18 0.067525685 
84 55 12 14 0.06682446 
518 98 21 29 0.064963356 
324 152 15 21 0.06397928 
528 109 21 28 0.063964546 
455 93 12 16 0.062866025 
141 92 12 16 0.062104117 
605 123 16 22 0.061853457 
332 189 14 23 0.06161063 
158 137 15 19 0.0606843 
949 194 47 60 0.060588263 
104 109 21 26 0.060303453 
107 92 12 15 0.060229987 
191 60 9 11 0.05981098 
621 116 11 16 0.05968325 
288 72 10 13 0.05835915 
311 167 20 22 0.058277857 
106 106 14 19 0.058202937 
372 106 14 17 0.058004554 
466 118 25 28 0.05789815 
374 91 14 18 0.057794258 
163 146 15 20 0.05748493 
663 92 9 11 0.057385314 
580 106 10 15 0.056900673 
221 144 17 23 0.05678713 
245 99 19 25 0.056295954 
278 132 14 18 0.056217495 
590 88 10 12 0.05370011 
143 72 10 12 0.053006925 
309 113 12 16 0.052965075 
575 100 11 13 0.052773062 
355 99 14 18 0.052658938 
324 187 17 25 0.052187346 
612 112 14 20 0.052182123 
378 84 14 17 0.0519685 
30 147 14 17 0.05185266 
620 121 14 22 0.050789967 
198 64 8 10 0.050449327 
620 88 9 11 0.050409704 
654 92 11 14 0.049873345 
547 107 12 16 0.049435243 
11 102 20 27 0.049376428 
96 79 13 17 0.048743345 
759 62 81 104 0.04805061 
266 99 14 18 0.04688259 
801 103 30 39 0.0467985 
104 69 11 13 0.046093356 
854 10 64 61 0.046072427 
414 88 16 19 0.04599147 
373 142 19 26 0.045797836 
171 161 15 20 0.04568592 
116 112 15 22 0.045552507 
177 199 18 21 0.04536086 
331 159 15 22 0.045326866 
493 79 39 49 0.044940237 
599 105 13 17 0.044511903 
506 78 15 21 0.04449188 
86 108 12 15 0.044301797 
537 113 15 20 0.044211302 
954 1 62 74 0.04409036 
36 60 14 17 0.043961093 
533 124 22 29 0.043922845 
135 70 9 11 0.04384017 
473 104 22 27 0.04376082 
315 91 15 19 0.043462377 
150 73 10 12 0.0434458 
0 81 18 28 0.043385547 
366 153 16 22 0.043121148 
230 56 11 13 0.042682707 
491 55 16 19 0.042455655 
164 62 10 12 0.041566268 
651 100 13 17 0.041427094 
317 69 10 13 0.04111068 
155 92 13 17 0.04054649 
2 77 14 19 0.040378876 
314 107 13 17 0.040327657 
316 151 15 19 0.03971402 
643 98 19 26 0.039635263 
648 92 10 15 0.03952285 
135 53 11 14 0.03944312 
648 86 9 12 0.039420288 
662 106 11 15 0.039258827 
29 104 16 21 0.03893286 
262 54 11 13 0.038753238 
110 150 16 23 0.03852536 
581 100 10 14 0.038328916 
400 161 27 39 0.0382469 
556 129 23 32 0.037937354 
354 77 21 27 0.03723207 
585 89 9 13 0.03708136 
211 204 12 16 0.03705086 
402 104 24 30 0.03703751 
537 40 16 20 0.037025783 
180 101 17 20 0.036945 
33 127 16 19 0.036832765 
234 108 16 21 0.03664572 
854 127 31 44 0.036588274 
42 104 16 21 0.03641948 
106 142 17 23 0.03620714 
388 172 17 23 0.03602365 
340 187 17 23 0.035926465 
220 76 11 15 0.035923842 
317 116 10 13 0.035725504 
161 75 10 14 0.035373595 
108 54 10 11 0.03508066 
125 53 9 12 0.034582883 
319 158 21 27 0.033606116 
61 132 15 19 0.033388108 
184 84 11 16 0.032744613 
550 101 10 14 0.032453045 
277 62 10 12 0.032428376 
529 45 11 14 0.032355003 
223 62 11 13 0.0323241 
543 100 10 13 0.032203283 
926 118 35 44 0.032192037 
313 64 9 12 0.032085985 
559 140 23 33 0.032082148 
92 134 16 22 0.031950314 
533 139 25 35 0.031895056 
770 105 31 40 0.03178268 
348 72 17 20 0.03165896 
608 128 17 26 0.031618364 
668 106 11 14 0.031570084 
262 158 15 22 0.0314366 
16 60 13 17 0.03124667 
76 116 12 14 0.031235049 
632 90 19 24 0.03109166 
472 90 12 17 0.03105238 
175 73 10 11 0.030849027 
493 47 14 17 0.03082779 
519 116 24 32 0.030784938 
159 56 10 11 0.030649455 
590 135 18 24 0.030591821 
542 128 24 33 0.030488746 
618 13 196 237 0.030285487 
60 177 15 20 0.030254787 
619 109 12 15 0.030134505 
590 100 11 14 0.030035388 
86 130 14 18 0.030016396 
165 202 17 21 0.029966483 
178 163 14 19 0.02976552 
273 71 11 14 0.02971989 
971 156 26 29 0.029589308 
442 99 14 18 0.029506907 
238 125 22 27 0.029369028 
774 108 15 20 0.029277245 
371 122 13 16 0.029217629 
435 94 15 20 0.02889935 
42 118 17 21 0.028856259 
167 55 9 12 0.028837094 
84 99 12 16 0.02866361 
380 113 13 17 0.028518746 
216 65 9 11 0.02843454 
194 119 13 20 0.02842339 
618 98 13 18 0.028413082 
337 81 15 19 0.028210565 
248 69 11 14 0.028116925 
207 65 9 11 0.028050981 
334 145 16 24 0.0280209 
425 106 21 28 0.027999835 
8 161 20 30 0.027809786 
345 91 23 27 0.027799793 
169 148 16 22 0.027157722 
358 115 12 16 0.026970806 
104 242 17 19 0.026560443 
37 55 22 26 0.026549375 
753 103 38 39 0.026519226 
378 133 16 19 0.02648951 
188 195 15 20 0.026384024 
382 148 23 34 0.026317278 
104 62 11 13 0.026292546 
413 97 24 29 0.02627251 
317 74 11 14 0.026229717 
234 144 17 24 0.026204476 
548 121 15 22 0.026055882 
680 104 100 110 0.025986427 
195 89 12 16 0.025944995 
69 115 14 17 0.025928592 
293 85 12 16 0.025454324 
249 62 10 13 0.025409909 
456 62 11 13 0.025220893 
507 64 16 19 0.025179181 
75 73 13 17 0.025125936 
98 86 20 24 0.025079412 
219 70 11 13 0.024988271 
862 123 47 58 0.024987308 
810 110 18 24 0.02495611 
243 135 19 25 0.02473929 
125 119 15 22 0.024584245 
654 86 10 14 0.024519563 
143 86 11 14 0.024410246 
172 89 13 16 0.024355536 
958 154 12 17 0.024276821 
107 76 12 14 0.024105221 
277 106 12 17 0.024062915 
884 60 85 114 0.02360375 
270 54 8 10 0.023598097 
120 49 9 10 0.023516765 
939 107 19 22 0.02334386 
337 90 15 19 0.023119539 
287 81 13 16 0.022954457 
290 175 16 21 0.022950692 
481 147 26 35 0.022935113 
340 138 15 22 0.022851452 
623 79 9 11 0.022798004 
256 55 11 14 0.022656849 
164 88 15 18 0.02261308 
489 -67 397 435 0.02261032 
540 154 17 25 0.022554716 
591 106 11 15 0.022552073 
302 86 12 14 0.022532798 
271 78 20 27 0.02240918 
358 129 21 27 0.02237676 
183 54 11 13 0.022224205 
173 53 11 13 0.022221165 
189 187 15 20 0.022101227 
326 124 12 15 0.022081325 
854 88 83 99 0.022027686 
134 76 12 13 0.02201998 
43 65 14 17 0.021951377 
210 10 103 119 0.021832865 
94 101 14 16 0.021592222 
33 138 15 19 0.021517608 
85 110 22 26 0.021483155 
17 117 20 28 0.021422273 
622 67 10 12 0.021415886 
637 123 13 17 0.021393022 
613 87 20 24 0.021382408 
408 85 11 14 0.021337604 
31 86 12 15 0.021299144 
333 121 12 16 0.02114761 
655 101 20 25 0.021005189 
98 65 22 27 0.020995224 
961 145 28 34 0.020964688 
263 79 12 15 0.020962752 
307 173 16 23 0.02095135 
94 62 9 11 0.020928968 
539 92 11 17 0.020904984 
130 126 15 21 0.02089628 
531 38 25 32 0.020893281 
602 53 343 458 0.020812375 
670 88 9 11 0.020809019 
571 152 21 29 0.020785829 
119 101 13 18 0.02075807 
279 56 8 10 0.020727001 
368 126 19 26 0.020659173 
605 80 9 12 0.020633738 
163 102 23 29 0.020632446 
378 106 21 28 0.020612875 
352 149 21 28 0.020550681 
75 84 13 17 0.020506507 
678 94 10 13 0.020486383 
52 137 14 19 0.020484632 
-1 63 18 27 0.020411918 
53 -46 229 217 0.020405808 
390 112 15 20 0.02039828 
183 91 12 16 0.020387964 
476 97 17 21 0.020331195 
49 106 14 19 0.020108446 
583 87 18 24 0.02004886 
142 100 19 26 0.020004125 
