0_Parade_Parade_0_639
249
711 78 29 32 0.99781954 
637 579 46 63 0.997556 
339 206 33 43 0.98644304 
515 162 24 30 0.9851141 
980 537 47 99 0.9697749 
593 103 24 28 0.96102494 
436 271 29 34 0.89022434 
271 200 32 40 0.86983585 
950 421 15 20 0.85683453 
939 408 11 14 0.6006282 
900 565 41 69 0.58875406 
289 229 24 29 0.55986553 
840 474 12 14 0.47587252 
968 405 10 13 0.3606316 
578 153 18 20 0.35579962 
882 428 12 14 0.31246823 
421 280 35 39 0.28167087 
512 148 16 18 0.26435062 
867 462 11 15 0.25009832 
929 437 10 13 0.2435251 
762 19 17 21 0.21949324 
936 431 11 13 0.20221704 
981 419 10 13 0.19821753 
1007 421 12 15 0.19401808 
962 486 29 42 0.18966764 
345 590 13 15 0.17232355 
909 413 8 10 0.15365854 
878 555 48 72 0.1521989 
826 434 14 16 0.13804114 
1007 414 10 13 0.13606502 
1013 308 9 13 0.13550502 
1002 399 9 11 0.13328026 
255 179 26 29 0.13003808 
881 424 10 12 0.12833145 
989 398 8 10 0.12338137 
805 437 12 16 0.12187461 
852 252 18 20 0.118278526 
270 268 25 28 0.11805732 
670 453 13 14 0.11574156 
469 131 12 15 0.115584046 
966 400 9 11 0.11156093 
989 406 9 12 0.11128151 
893 511 13 16 0.10831152 
1001 404 9 11 0.10702328 
756 409 13 16 0.1068742 
905 413 8 11 0.106715836 
919 436 9 13 0.100880906 
285 171 12 14 0.09518811 
1005 406 9 11 0.09058887 
961 469 24 35 0.09054357 
514 153 20 25 0.08801094 
1001 382 9 11 0.08796202 
999 420 11 14 0.08736603 
932 442 12 16 0.08450928 
949 458 23 32 0.08094467 
959 537 44 85 0.07866231 
913 435 10 14 0.07776778 
810 55 40 50 0.07475353 
828 467 11 15 0.073744245 
926 415 8 10 0.07229934 
794 74 13 17 0.07117467 
540 245 33 41 0.06939802 
943 428 11 15 0.065123774 
579 288 18 22 0.06508279 
903 479 12 15 0.06405531 
956 415 13 16 0.06394765 
839 424 8 11 0.063710734 
496 670 11 13 0.062745996 
1002 389 10 12 0.062665574 
1010 426 12 17 0.0625436 
1015 406 8 13 0.061182328 
925 420 10 12 0.06110264 
964 390 8 11 0.060445346 
977 414 9 13 0.060347315 
643 298 14 16 0.058169883 
666 1 29 22 0.05688915 
290 301 19 22 0.056548335 
893 429 10 13 0.055346467 
805 431 10 14 0.054742154 
963 396 9 11 0.0533887 
233 233 13 17 0.053238757 
587 174 15 19 0.050557435 
744 9 34 33 0.049099598 
827 443 13 15 0.04798596 
504 287 26 40 0.04749071 
893 422 10 13 0.046242695 
523 276 25 31 0.046142817 
962 426 13 17 0.04604717 
251 303 32 38 0.045473054 
924 551 48 84 0.044820286 
814 436 11 16 0.043798715 
654 71 38 37 0.043593302 
318 203 12 16 0.04338963 
326 249 15 20 0.043337125 
820 505 16 20 0.043305505 
952 417 10 13 0.043155808 
351 615 17 20 0.042973403 
988 420 12 15 0.042484418 
715 22 12 14 0.042048723 
479 166 9 13 0.041044723 
904 391 7 10 0.04022848 
434 154 17 19 0.039844994 
873 415 8 11 0.039144002 
344 485 9 13 0.038711328 
995 515 13 18 0.038698144 
934 448 13 16 0.038212642 
922 415 7 10 0.038204674 
479 261 25 30 0.03809494 
910 472 11 14 0.037847966 
884 510 21 24 0.037680462 
983 427 11 16 0.037673384 
979 500 26 35 0.037574295 
988 412 10 12 0.037155367 
790 67 23 27 0.03692419 
547 218 15 20 0.036695667 
631 193 13 16 0.036470663 
678 0 23 17 0.03638551 
920 505 12 16 0.0363742 
988 435 11 15 0.03549433 
990 393 8 10 0.035417024 
687 455 11 12 0.035109907 
571 247 13 18 0.034705542 
526 258 34 38 0.034650836 
822 461 13 16 0.03405828 
454 274 18 23 0.033996258 
869 433 12 16 0.033125035 
831 423 10 12 0.032984205 
828 448 15 19 0.032958526 
835 468 19 24 0.032912705 
271 171 26 28 0.032805506 
518 666 10 12 0.032508105 
838 451 10 14 0.032132354 
413 606 18 20 0.032016248 
990 443 11 12 0.03129417 
985 393 9 10 0.031218035 
273 349 38 39 0.031083465 
804 444 15 20 0.031005083 
921 384 9 10 0.030843383 
815 577 54 57 0.03067393 
527 164 16 24 0.030504491 
877 428 20 22 0.030482639 
1016 400 8 11 0.030169293 
578 236 14 17 0.030158274 
612 444 15 19 0.030136902 
704 36 31 36 0.030100562 
960 367 8 10 0.03001285 
941 451 12 16 0.029793087 
730 4 33 32 0.029704507 
333 192 32 35 0.029522672 
269 299 27 30 0.029420886 
968 484 42 58 0.029329833 
783 422 11 15 0.029299969 
878 442 14 17 0.029189093 
895 415 9 11 0.029173525 
724 115 18 23 0.029012334 
817 445 23 28 0.028993944 
81 642 12 15 0.028903594 
537 661 8 12 0.028833859 
715 62 30 39 0.028737675 
926 398 9 12 0.028286517 
811 443 11 16 0.027984478 
648 28 43 52 0.027981894 
789 52 27 32 0.0276956 
586 283 16 22 0.027673177 
617 212 11 13 0.027575659 
526 200 14 18 0.027564326 
512 278 28 38 0.027494032 
620 447 14 17 0.027199458 
836 276 12 13 0.027007574 
964 401 19 23 0.026970945 
583 290 24 32 0.026892917 
936 422 11 13 0.026662974 
781 52 10 13 0.026619734 
754 21 24 31 0.026541049 
273 604 10 12 0.02635908 
510 169 19 22 0.026283793 
916 472 10 12 0.026274366 
808 503 13 17 0.026269041 
962 406 10 12 0.02609918 
540 419 10 12 0.026009979 
667 66 44 49 0.025963197 
964 460 13 18 0.02558255 
977 381 8 10 0.025150465 
1007 408 18 25 0.025149906 
307 235 14 19 0.025072485 
1006 446 12 14 0.024543732 
718 42 34 39 0.024490405 
942 380 9 12 0.02421385 
975 435 10 13 0.023974903 
824 422 10 13 0.023869362 
642 455 10 12 0.02379088 
864 483 11 15 0.023742184 
878 406 9 10 0.023661206 
698 405 23 34 0.02363161 
1010 303 9 13 0.023582945 
292 510 21 28 0.023552766 
651 308 12 15 0.023363136 
887 417 9 11 0.023240428 
898 544 33 59 0.023111664 
923 77 11 13 0.02310213 
974 401 8 10 0.023019452 
608 147 16 20 0.022898553 
866 431 9 13 0.022813382 
961 383 10 11 0.022725672 
263 162 47 58 0.022675427 
269 280 27 31 0.022548158 
927 437 20 25 0.02247936 
587 91 38 46 0.022456981 
636 293 16 19 0.022368614 
964 500 17 25 0.022353904 
725 24 33 35 0.022155268 
580 304 15 21 0.022106009 
999 446 10 13 0.022097025 
1003 480 19 34 0.021977188 
369 536 9 12 0.021964984 
274 184 28 34 0.021834418 
575 229 14 16 0.021812709 
282 166 22 28 0.021797616 
603 432 27 31 0.02178302 
837 491 13 18 0.021703668 
281 265 18 24 0.02150968 
960 359 8 10 0.021494994 
878 416 10 11 0.021456296 
826 461 18 24 0.021426857 
474 130 14 17 0.021314774 
1001 414 11 13 0.021314302 
522 296 16 21 0.02116704 
837 481 13 17 0.021100812 
344 595 23 29 0.02101576 
-50 229 178 261 0.02095952 
756 116 12 16 0.020917354 
307 200 25 30 0.02083802 
474 212 21 29 0.02081354 
916 579 36 61 0.020790186 
707 3 14 15 0.020656914 
365 240 15 22 0.020611158 
844 246 17 18 0.020534726 
712 25 30 36 0.020508358 
663 85 34 33 0.020445831 
943 459 14 20 0.020425405 
449 281 19 26 0.020345856 
457 499 11 16 0.020289078 
636 349 11 15 0.02025207 
873 420 9 12 0.020221146 
942 375 9 12 0.020182334 
296 348 40 38 0.020163644 
808 431 20 28 0.020162724 
764 406 10 14 0.020057864 
929 407 8 11 0.02004741 
