0_Parade_marchingband_1_593
740
358 383 9 11 0.7337366 
802 302 7 10 0.7137183 
624 377 8 10 0.6754439 
445 347 10 12 0.65861094 
863 335 9 12 0.656781 
648 302 9 12 0.63812 
181 331 9 12 0.610031 
533 292 9 11 0.6039783 
908 349 10 14 0.5869773 
392 377 9 12 0.5772114 
239 307 9 12 0.569393 
697 347 9 11 0.5504482 
468 380 9 11 0.54072356 
437 287 9 11 0.5329161 
629 311 10 11 0.5135196 
487 308 8 10 0.49849245 
597 347 9 11 0.49145937 
542 376 7 9 0.48949403 
580 303 10 12 0.4762775 
753 328 8 11 0.4666475 
77 343 8 11 0.4605219 
475 341 9 11 0.45623574 
430 376 7 9 0.44195852 
502 293 9 11 0.43393818 
351 359 9 11 0.42330113 
273 303 8 11 0.41377145 
614 301 9 11 0.41033018 
471 312 8 10 0.4093726 
103 332 9 11 0.40154833 
624 337 8 11 0.399119 
253 320 10 12 0.39444113 
229 359 8 10 0.3937775 
176 303 8 11 0.38463753 
318 321 8 10 0.38121068 
584 378 8 9 0.37761697 
592 285 10 12 0.3719075 
561 288 9 11 0.3718835 
153 336 9 11 0.3702775 
599 364 11 14 0.35257223 
222 321 9 10 0.35157114 
110 310 6 9 0.34704074 
542 326 8 10 0.34041345 
310 352 9 12 0.3374887 
477 336 9 11 0.3350885 
137 308 8 10 0.33316657 
196 351 9 12 0.328144 
782 326 7 10 0.3188841 
455 302 8 11 0.298017 
506 376 7 9 0.28417465 
726 352 7 9 0.27738553 
305 304 9 11 0.27232483 
503 288 9 11 0.2702757 
801 325 8 10 0.26717827 
599 317 9 11 0.26227865 
206 304 8 11 0.26215318 
373 323 8 11 0.26101142 
695 310 7 10 0.2609985 
653 341 8 10 0.25791183 
405 391 7 10 0.24969897 
761 345 8 10 0.24873039 
438 321 8 10 0.24659391 
405 320 8 11 0.2395315 
125 329 8 10 0.23720458 
504 326 8 11 0.23663722 
533 343 8 10 0.23609447 
265 359 8 10 0.23588854 
598 303 7 9 0.23572472 
269 359 7 9 0.22202212 
565 343 8 10 0.21667497 
722 294 7 9 0.21639651 
773 303 7 9 0.21088038 
593 270 8 10 0.20866576 
800 339 9 11 0.20844202 
176 308 9 11 0.2063286 
127 333 7 10 0.20602503 
535 301 8 11 0.20424567 
213 357 9 11 0.20260799 
345 318 8 10 0.19572164 
360 303 7 10 0.19288087 
632 294 7 9 0.19231074 
661 377 8 10 0.18974715 
632 342 8 10 0.18782394 
402 325 9 10 0.18123211 
677 336 7 11 0.18086623 
519 304 8 10 0.18046802 
141 309 8 11 0.1802331 
762 313 8 10 0.17661615 
141 305 8 9 0.17565961 
502 343 8 10 0.17098631 
519 309 9 10 0.1671447 
703 328 8 10 0.16632563 
157 351 8 11 0.16627139 
792 319 7 10 0.16557644 
360 309 8 10 0.16294321 
181 357 9 11 0.1605867 
376 336 9 11 0.1567103 
397 288 8 10 0.15472241 
305 287 7 9 0.15437153 
456 287 7 10 0.14550148 
271 386 8 10 0.14490066 
710 325 8 10 0.1439222 
210 333 7 10 0.1386818 
273 285 8 10 0.13867068 
560 301 9 11 0.13846545 
567 302 8 10 0.13831228 
230 407 9 11 0.13825484 
647 320 9 11 0.13787247 
538 376 7 9 0.13706467 
599 311 9 12 0.1369827 
191 354 9 12 0.13621241 
565 350 8 9 0.13044627 
701 345 8 10 0.13013113 
538 326 8 10 0.12882297 
448 373 8 10 0.12803693 
765 311 9 11 0.12721714 
359 344 7 9 0.12667234 
263 335 7 10 0.121250704 
567 327 9 11 0.120542146 
737 304 7 10 0.12002747 
153 395 9 10 0.119102575 
394 422 8 10 0.11821807 
775 310 7 9 0.117502786 
680 318 8 10 0.11622969 
576 335 9 10 0.11540167 
529 376 7 9 0.11520052 
352 325 8 10 0.11429417 
415 341 7 10 0.11390098 
350 319 7 10 0.112945 
442 343 10 12 0.11158308 
519 327 9 11 0.11077791 
286 319 10 11 0.11033799 
393 415 8 10 0.109597005 
359 296 8 10 0.10762283 
613 287 8 10 0.10741021 
383 364 9 11 0.10710376 
599 325 9 12 0.10630539 
502 319 8 10 0.10486708 
805 326 8 10 0.10363907 
649 287 8 10 0.10100535 
625 317 9 13 0.100775264 
137 356 8 11 0.09970191 
297 342 8 10 0.09767053 
138 288 7 9 0.09592184 
471 297 8 9 0.095723905 
568 364 8 11 0.09556155 
631 304 9 11 0.09533864 
277 303 8 11 0.09501162 
479 326 8 9 0.09436974 
222 303 8 10 0.094119936 
569 319 8 10 0.09321643 
630 337 8 10 0.09289058 
511 352 9 11 0.092101954 
503 312 8 10 0.09187563 
399 292 7 9 0.09179804 
370 321 8 10 0.08969594 
214 352 8 10 0.08959191 
120 319 8 10 0.08914271 
489 351 8 11 0.08898974 
108 327 9 11 0.0882643 
503 300 9 10 0.08816643 
87 343 9 10 0.088043354 
654 319 8 10 0.08663171 
582 319 8 11 0.08634308 
815 333 8 10 0.08625804 
729 321 8 9 0.086231716 
543 332 9 11 0.08555388 
648 349 9 11 0.08496813 
541 321 8 10 0.084601335 
580 351 9 10 0.08448971 
447 327 8 10 0.08421541 
447 367 9 12 0.084155224 
337 327 7 9 0.083401024 
496 344 8 9 0.08280415 
153 353 9 12 0.082748756 
561 350 9 12 0.08248214 
557 356 9 12 0.08196673 
509 377 7 10 0.08179784 
564 294 8 11 0.08100671 
94 342 8 10 0.0809007 
593 302 8 11 0.08045228 
453 358 9 11 0.07970399 
214 334 7 10 0.07885846 
638 342 8 10 0.07881624 
597 295 8 11 0.07861692 
578 308 8 10 0.07844018 
594 344 10 12 0.07832882 
318 351 8 11 0.07826536 
401 303 8 10 0.07809862 
345 313 8 10 0.07800329 
695 294 8 10 0.077584885 
614 308 8 11 0.07733086 
505 271 7 10 0.07717896 
218 319 7 10 0.07681473 
560 327 8 10 0.07666469 
593 291 9 12 0.07661799 
528 358 8 11 0.07516964 
406 396 9 11 0.07498983 
309 287 7 10 0.074462265 
358 327 7 9 0.07401835 
800 321 8 10 0.07378297 
433 320 9 10 0.073717244 
312 335 8 11 0.07351357 
527 327 8 11 0.07338143 
466 311 8 11 0.07337782 
632 348 9 11 0.07290475 
513 303 8 10 0.0728607 
680 351 7 9 0.07274425 
143 317 8 10 0.07263838 
250 323 9 12 0.0725146 
726 334 8 10 0.0724602 
215 303 7 10 0.072277084 
653 287 8 10 0.07219428 
437 271 8 9 0.071915634 
448 355 10 12 0.071696915 
575 319 8 11 0.0716636 
231 335 8 9 0.07130607 
430 333 9 12 0.07127991 
497 320 8 9 0.07108488 
254 303 8 10 0.071071245 
478 319 9 11 0.070969105 
283 319 7 9 0.070712626 
574 359 9 11 0.06933871 
729 326 7 9 0.06878958 
326 335 7 10 0.068640694 
890 382 9 11 0.06852467 
651 336 8 11 0.06844319 
410 358 7 9 0.06809681 
741 343 8 11 0.06790144 
225 392 9 11 0.067184225 
576 340 10 12 0.06702206 
680 313 9 11 0.06697812 
321 334 9 10 0.06694396 
232 410 9 12 0.066933 
498 325 8 11 0.066787265 
414 357 8 10 0.06665125 
721 288 8 10 0.06589426 
208 317 9 10 0.065289035 
140 350 10 13 0.06440684 
638 335 8 10 0.0643632 
607 311 9 11 0.064250454 
615 352 9 10 0.06412138 
791 342 8 10 0.063799374 
223 343 8 10 0.06345909 
534 278 7 10 0.063279934 
279 358 7 10 0.06270415 
258 359 8 10 0.06268442 
208 293 7 10 0.06261396 
534 359 8 10 0.06252537 
648 296 9 11 0.06248977 
510 328 8 11 0.06234933 
472 302 8 10 0.062216103 
343 350 7 9 0.0621775 
688 296 7 9 0.061991986 
707 320 8 10 0.06145749 
137 315 9 11 0.061302472 
478 349 9 11 0.060997788 
765 344 8 10 0.060878824 
566 334 10 11 0.060606476 
777 350 8 10 0.060252354 
223 334 9 10 0.060109586 
177 352 8 11 0.060000613 
256 344 7 10 0.059964232 
398 382 8 11 0.05987895 
234 304 9 11 0.059835505 
297 336 7 9 0.05961019 
425 327 8 10 0.059586104 
519 317 8 10 0.05939645 
568 310 7 10 0.057490766 
344 343 8 11 0.057089828 
375 350 8 10 0.057028506 
641 302 8 11 0.05637519 
177 364 9 11 0.05615547 
455 307 9 12 0.05607436 
241 408 9 11 0.05595492 
688 311 9 10 0.055892486 
396 375 8 11 0.05542742 
431 342 8 12 0.05542545 
631 289 9 11 0.055183847 
505 357 8 12 0.05460168 
611 294 10 12 0.054601323 
605 342 8 11 0.054519918 
698 327 8 11 0.054377884 
367 366 8 10 0.05432628 
856 294 8 10 0.054194625 
456 296 8 10 0.053916253 
273 297 8 10 0.053838253 
504 350 8 11 0.053824954 
673 339 9 12 0.0537876 
533 349 9 11 0.05377569 
535 335 9 12 0.05321339 
561 334 8 10 0.053132676 
671 358 8 10 0.05284003 
806 320 7 9 0.05239398 
74 347 9 11 0.0523712 
126 317 8 10 0.051972944 
135 342 8 10 0.051440652 
606 316 8 11 0.05117665 
734 321 8 9 0.051161405 
681 297 9 11 0.051073685 
208 289 8 10 0.051065844 
384 416 8 9 0.050970223 
230 320 7 9 0.050502528 
477 366 9 10 0.050488472 
518 288 8 10 0.05036348 
294 319 8 10 0.050242163 
361 280 7 10 0.050241806 
123 331 8 12 0.050131965 
178 326 11 15 0.050084144 
384 393 8 10 0.049804322 
722 279 6 9 0.049717903 
778 319 8 11 0.049529973 
623 325 8 10 0.049499612 
655 359 9 13 0.049450714 
376 398 7 9 0.04936332 
493 350 9 12 0.04927122 
309 306 8 11 0.049240775 
437 302 9 11 0.049174037 
565 272 8 10 0.049142092 
768 296 8 10 0.048955802 
409 342 8 11 0.048790935 
687 318 8 10 0.048480835 
315 323 8 11 0.047927663 
224 352 7 9 0.04772627 
431 325 9 11 0.047647618 
433 358 8 11 0.047411367 
167 318 10 11 0.047315184 
722 334 7 10 0.047174975 
624 358 9 12 0.047126457 
559 320 7 9 0.047029894 
364 423 8 11 0.04673648 
402 349 8 10 0.046574034 
225 405 10 12 0.046437807 
653 309 8 11 0.046275206 
499 295 8 10 0.046269342 
248 359 7 9 0.04621549 
327 399 9 11 0.04601988 
487 317 8 11 0.045936547 
537 308 9 10 0.04585725 
225 396 11 13 0.045826007 
238 289 8 9 0.045729868 
628 375 8 11 0.04569214 
328 405 9 11 0.045660216 
848 295 8 10 0.045605853 
271 318 8 10 0.045420315 
334 391 8 11 0.045364834 
847 303 8 10 0.045341972 
581 335 8 11 0.045306794 
528 335 9 11 0.04527073 
353 342 8 11 0.044930376 
408 351 8 10 0.04484567 
344 296 7 10 0.044814415 
176 296 9 12 0.044811863 
640 326 8 11 0.044576045 
265 385 8 10 0.044416737 
296 326 7 10 0.04436283 
238 294 8 10 0.044280127 
399 332 9 11 0.044104207 
580 342 9 12 0.04399592 
350 311 9 10 0.043821797 
510 287 8 11 0.043743968 
618 341 8 10 0.04344195 
774 286 7 9 0.043262616 
223 310 8 9 0.04299709 
782 320 8 11 0.042894743 
472 359 9 13 0.042892527 
577 377 8 10 0.04281251 
285 302 8 10 0.042742636 
289 344 7 9 0.042662114 
225 361 9 12 0.042362314 
210 340 8 10 0.04200006 
594 310 9 11 0.041910287 
434 292 8 11 0.041910242 
615 319 9 11 0.04181819 
263 351 8 10 0.041762065 
158 312 8 9 0.04164412 
454 318 8 10 0.041611597 
657 390 9 11 0.04122409 
582 357 9 11 0.040956102 
439 280 8 11 0.040752765 
818 342 8 11 0.040730327 
593 327 8 12 0.040620036 
367 359 8 10 0.04059508 
279 309 8 10 0.040373124 
695 305 8 10 0.040353823 
280 352 7 8 0.04033729 
398 408 9 11 0.040288966 
393 409 8 10 0.040187772 
480 309 8 11 0.03992916 
505 331 9 12 0.039851982 
802 306 8 12 0.039647717 
776 344 7 9 0.03902893 
713 421 7 10 0.038995072 
317 304 8 10 0.038806804 
282 325 8 10 0.038799107 
358 350 8 10 0.03877633 
560 309 8 10 0.038633976 
623 351 8 10 0.03851421 
640 287 8 11 0.03849385 
472 346 11 12 0.03826727 
639 296 8 10 0.03822912 
631 326 9 10 0.038228996 
127 339 9 11 0.038208097 
678 325 8 10 0.038160753 
438 357 10 12 0.038083423 
482 303 8 11 0.03807365 
553 303 9 11 0.03802901 
487 295 8 9 0.037992064 
262 342 8 10 0.03799101 
806 309 8 10 0.037883162 
695 318 8 10 0.03785495 
366 309 8 10 0.037773978 
215 343 8 10 0.037755612 
307 356 9 11 0.03775462 
542 369 7 9 0.037666027 
528 301 8 11 0.037541054 
674 326 8 9 0.037498284 
346 358 8 11 0.03748308 
487 288 7 10 0.03738006 
175 288 7 9 0.03723506 
744 350 8 10 0.037233215 
495 357 8 11 0.037200965 
574 326 8 11 0.03702596 
453 364 10 13 0.03692789 
653 348 9 11 0.036840033 
361 286 7 9 0.036794234 
606 327 8 11 0.036760096 
712 304 8 11 0.036722105 
359 366 9 11 0.036597576 
464 326 8 11 0.0365756 
368 350 8 11 0.03651019 
761 295 8 9 0.036401697 
528 349 9 12 0.03631462 
510 294 8 10 0.0363111 
606 335 8 10 0.03629747 
239 316 8 10 0.03629174 
401 367 8 11 0.036281094 
841 304 8 9 0.036147453 
184 340 7 10 0.036134385 
552 327 8 11 0.036047917 
298 286 8 10 0.03597888 
183 320 10 11 0.0359399 
665 352 8 10 0.035915203 
673 320 8 10 0.03589835 
793 337 8 10 0.03587647 
98 334 8 10 0.035823975 
521 333 8 11 0.035801947 
596 279 10 12 0.035782564 
521 342 7 10 0.035405375 
151 318 7 10 0.03540465 
112 317 8 11 0.035342705 
216 326 8 11 0.03530676 
745 327 8 10 0.035152737 
118 343 9 11 0.035095964 
395 292 8 10 0.034996375 
353 352 8 11 0.034985457 
782 350 7 10 0.034871835 
792 313 8 9 0.03486652 
311 341 8 11 0.034858152 
202 308 9 10 0.034709103 
519 294 8 10 0.034655683 
311 396 8 10 0.03461553 
406 405 11 13 0.034511972 
804 341 8 10 0.03446146 
338 350 7 10 0.034394212 
597 264 9 11 0.034380812 
653 294 8 11 0.033946857 
301 343 8 10 0.033760116 
735 349 8 11 0.03374851 
551 332 8 11 0.03362266 
353 303 7 9 0.033578426 
584 288 8 10 0.033412337 
144 325 8 10 0.03339673 
320 392 7 9 0.03339265 
559 366 8 11 0.03334765 
146 335 8 11 0.033327978 
814 312 8 9 0.033305664 
358 377 9 11 0.03330115 
401 395 9 10 0.032977033 
277 279 9 12 0.032827903 
525 310 8 10 0.032802008 
279 296 8 10 0.03279874 
536 367 7 9 0.03275548 
224 412 9 11 0.032713216 
589 376 8 10 0.032672577 
756 331 9 10 0.032612152 
423 359 8 10 0.03258334 
461 287 8 10 0.032460686 
542 310 7 9 0.03243673 
777 357 9 10 0.032424353 
354 387 9 12 0.03229449 
629 359 9 12 0.032018848 
480 296 7 9 0.03181613 
799 296 17 24 0.03180652 
619 336 8 10 0.031765882 
88 317 8 10 0.03164691 
817 348 8 10 0.031619444 
174 314 10 12 0.031418264 
166 324 10 12 0.03138088 
824 319 8 9 0.031255938 
99 328 7 10 0.031243067 
698 332 8 10 0.031173833 
425 333 9 11 0.031095278 
864 345 11 13 0.031039845 
207 375 9 11 0.030996148 
616 356 9 12 0.030894691 
336 359 7 9 0.030884609 
455 335 9 11 0.030844515 
447 381 8 10 0.030812837 
244 407 9 11 0.03079911 
665 358 8 11 0.030709635 
569 375 8 10 0.030703535 
191 344 7 9 0.03068112 
438 366 10 12 0.030542435 
494 302 8 10 0.030533852 
405 385 8 10 0.030511 
725 286 7 10 0.030487617 
255 311 9 11 0.030347016 
649 391 7 10 0.030275088 
477 358 9 12 0.030201443 
566 277 7 10 0.030082768 
88 312 8 10 0.03005664 
905 344 10 13 0.03001977 
224 277 8 10 0.029961439 
454 327 8 11 0.029938297 
345 302 7 9 0.0299314 
746 358 8 10 0.029841995 
713 359 8 10 0.029744001 
78 337 10 13 0.029688718 
394 334 7 10 0.029648898 
321 397 8 10 0.029604143 
454 341 9 11 0.029553836 
633 399 8 10 0.029507328 
159 317 9 11 0.029342692 
169 407 7 10 0.029283658 
720 300 9 11 0.029196452 
463 303 7 9 0.029086664 
451 302 8 11 0.029013898 
104 319 8 10 0.029009415 
367 304 8 10 0.028924525 
390 360 8 10 0.028803095 
198 374 9 12 0.028750308 
391 396 8 10 0.028665692 
171 302 8 11 0.028575571 
405 366 9 12 0.028545877 
520 357 8 11 0.028505072 
582 324 8 11 0.02841948 
380 335 9 11 0.028349249 
326 351 7 10 0.028319139 
513 310 8 10 0.028315809 
767 327 8 9 0.02827652 
751 351 9 11 0.028198712 
551 352 9 13 0.028137779 
519 351 8 11 0.028087022 
854 304 9 10 0.028076677 
387 381 8 10 0.028064264 
231 272 8 9 0.028013885 
581 295 10 12 0.027959064 
151 328 8 10 0.027945071 
165 351 9 11 0.027842294 
265 286 8 10 0.027840165 
327 392 8 10 0.027831906 
256 349 8 10 0.027797814 
231 262 8 9 0.027761748 
129 313 7 9 0.027691517 
246 303 8 11 0.027660772 
440 332 8 11 0.027577322 
529 380 8 10 0.02753813 
280 343 8 10 0.027452696 
262 319 8 10 0.027442703 
249 349 8 10 0.02742965 
701 391 9 11 0.027401995 
134 335 8 11 0.027398666 
358 319 8 9 0.027285479 
624 295 9 10 0.027211124 
369 343 7 9 0.027144596 
441 339 18 22 0.02711699 
180 302 8 11 0.02711007 
152 312 7 10 0.02687228 
695 289 8 10 0.026864568 
400 344 9 11 0.02675151 
831 311 7 9 0.0267444 
432 350 8 11 0.026697157 
726 278 7 10 0.026616571 
230 326 8 9 0.026546994 
693 414 8 11 0.026362106 
424 390 9 12 0.026327292 
433 301 8 11 0.026198916 
785 344 7 9 0.026174009 
671 353 7 9 0.026155535 
286 312 9 10 0.026118679 
620 380 8 11 0.02603018 
533 272 9 11 0.026005227 
373 304 8 10 0.025997618 
366 285 7 10 0.025966376 
464 295 7 10 0.025956502 
463 351 8 10 0.025893312 
696 339 17 23 0.025860997 
633 405 9 10 0.025752207 
367 400 7 9 0.025750222 
495 310 7 11 0.02561818 
619 376 8 10 0.025600756 
208 240 212 246 0.025437513 
191 344 18 24 0.025423018 
462 334 10 11 0.025416758 
454 373 9 12 0.02538439 
258 364 8 10 0.02536929 
358 425 10 13 0.025352381 
408 334 8 10 0.025330044 
287 350 7 9 0.025313823 
233 288 8 10 0.025235062 
599 382 8 9 0.025070913 
607 280 10 11 0.025048254 
448 320 7 10 0.02503533 
792 324 8 10 0.025033284 
857 289 9 10 0.025001634 
181 310 8 10 0.024972463 
759 379 10 12 0.024943233 
214 294 8 10 0.024900308 
285 297 9 10 0.024848493 
326 341 8 11 0.02484038 
728 302 7 9 0.024829349 
499 375 7 9 0.024774209 
494 262 9 10 0.024766076 
207 365 9 11 0.024746085 
224 272 8 10 0.024734119 
668 413 9 11 0.024703454 
663 312 8 10 0.024663312 
392 392 8 10 0.02465518 
297 294 7 10 0.024630368 
593 365 9 12 0.02455693 
270 363 8 10 0.024447268 
639 375 8 10 0.024354672 
720 318 7 10 0.024346862 
254 279 9 10 0.024299646 
505 279 8 10 0.024288937 
199 366 9 10 0.024218583 
344 324 8 10 0.024210224 
576 298 18 22 0.024207348 
466 316 8 11 0.024197575 
95 318 7 9 0.024192981 
355 378 17 22 0.024172178 
88 348 9 11 0.02416182 
743 333 9 12 0.024141658 
234 294 8 10 0.024091808 
695 396 11 13 0.024072211 
370 334 8 11 0.023975326 
642 319 8 11 0.023919962 
486 384 8 9 0.023906147 
711 343 8 11 0.02387608 
394 272 7 11 0.023799442 
672 365 9 11 0.023796305 
702 398 9 11 0.023733156 
365 280 8 10 0.0237248 
249 278 8 10 0.023721872 
141 405 9 13 0.023648888 
562 279 7 9 0.023630355 
143 341 9 11 0.023574244 
592 333 9 11 0.02357026 
166 343 8 9 0.023505948 
624 303 9 10 0.023496747 
200 335 8 10 0.02344965 
473 329 18 23 0.023413073 
400 359 8 10 0.023403697 
544 351 8 11 0.023337496 
199 343 7 10 0.02331034 
387 374 9 13 0.023296112 
157 339 8 11 0.023258526 
640 279 9 10 0.023231784 
616 325 8 11 0.023213906 
711 310 8 10 0.023138965 
712 254 8 9 0.023072576 
344 335 8 10 0.022970745 
415 351 8 11 0.022868402 
149 329 18 24 0.02285626 
449 286 8 11 0.022840785 
529 272 9 10 0.022774963 
247 333 8 10 0.022744356 
750 322 18 23 0.022736799 
224 262 8 9 0.022687273 
486 334 8 11 0.022575542 
540 303 9 11 0.022573045 
394 279 7 10 0.022511289 
719 312 8 9 0.02244234 
687 326 9 10 0.022421364 
689 303 8 9 0.022386577 
143 293 7 9 0.022283131 
770 287 7 9 0.022280399 
593 317 9 11 0.022203187 
334 382 9 11 0.022155203 
353 375 8 11 0.022085825 
368 314 18 24 0.022068191 
806 334 9 11 0.022054994 
296 348 9 11 0.022029357 
358 358 7 10 0.021974018 
398 272 7 10 0.021858938 
822 342 8 11 0.021856578 
166 356 9 12 0.021836286 
463 371 17 23 0.021640697 
473 325 8 10 0.02163359 
362 442 9 13 0.021623755 
782 312 8 9 0.021606404 
302 327 7 10 0.021541309 
363 382 10 12 0.02151555 
672 286 8 9 0.021479214 
303 334 7 11 0.02139478 
503 264 8 10 0.02138744 
210 353 8 10 0.021375762 
216 271 8 10 0.021369526 
671 373 8 11 0.02130564 
527 319 8 10 0.021300653 
496 392 8 10 0.021228729 
305 294 8 10 0.021222597 
166 334 9 11 0.021217743 
606 373 8 11 0.021143708 
295 358 8 9 0.02106263 
338 320 7 9 0.021059494 
861 293 10 10 0.02096578 
638 348 9 12 0.02093002 
426 320 7 10 0.020851968 
214 310 8 9 0.020811489 
296 279 8 11 0.02076983 
600 332 8 11 0.020727996 
230 277 8 10 0.0207153 
327 358 7 9 0.020649932 
511 343 7 9 0.020642094 
669 391 8 11 0.020616766 
638 398 8 10 0.020552296 
577 296 9 10 0.020469405 
689 407 8 11 0.020419464 
262 326 8 11 0.02040929 
455 281 9 11 0.020382907 
489 262 8 10 0.02035211 
721 396 9 12 0.020344423 
248 262 8 10 0.020335266 
721 273 7 10 0.020304732 
499 288 7 10 0.020298488 
522 376 7 9 0.020257264 
214 287 8 10 0.020130232 
397 279 8 9 0.020087767 
589 280 18 23 0.020013692 
