0_Parade_marchingband_1_932
75
851 356 31 37 0.9993674 
434 336 32 37 0.9992455 
47 331 31 40 0.99913955 
721 344 32 35 0.997898 
482 339 23 28 0.42147776 
642 375 18 22 0.40635905 
541 344 17 20 0.31974098 
712 299 12 16 0.20371124 
114 358 13 16 0.111505836 
727 222 12 15 0.11034084 
106 354 23 27 0.08976939 
498 347 13 16 0.08047304 
847 274 10 13 0.07950412 
485 87 9 10 0.07778835 
855 276 10 12 0.0771488 
163 364 11 13 0.07621932 
78 365 14 18 0.07159147 
648 366 11 14 0.06370427 
83 433 13 16 0.061519377 
679 368 11 14 0.060535826 
745 282 22 32 0.057646386 
729 226 13 17 0.05576912 
692 371 14 18 0.048504118 
410 96 8 10 0.046601385 
566 135 8 9 0.04223266 
541 333 16 19 0.04195235 
641 302 10 11 0.041509304 
684 366 12 16 0.041261744 
875 505 13 14 0.04093358 
455 121 8 10 0.039471 
122 379 16 19 0.039228834 
499 355 13 18 0.03913992 
84 357 15 18 0.03733396 
661 329 10 14 0.03595842 
517 359 11 13 0.035265494 
526 351 11 14 0.034887254 
106 367 16 21 0.034137677 
88 431 25 29 0.033850007 
653 364 12 14 0.033377293 
705 279 15 19 0.032401633 
406 115 10 12 0.032389984 
509 356 11 15 0.032388665 
757 286 11 15 0.031849425 
437 245 10 12 0.031438246 
82 370 15 17 0.03134517 
859 270 11 14 0.03125868 
660 378 12 16 0.03067064 
160 371 12 14 0.03058967 
859 276 12 14 0.030521756 
110 352 13 16 0.030495072 
732 198 10 13 0.03043233 
659 369 14 18 0.027932458 
648 383 15 19 0.027198348 
852 222 11 12 0.027020821 
170 417 14 18 0.026738638 
85 378 13 16 0.026673267 
161 359 11 13 0.025783606 
893 437 15 17 0.025704952 
819 304 14 19 0.025168872 
991 350 11 14 0.024895567 
422 111 9 11 0.024779236 
1008 332 10 14 0.023918502 
95 440 14 17 0.023451341 
542 337 27 33 0.023276623 
436 250 14 15 0.022764856 
518 364 13 15 0.022648424 
808 306 10 14 0.022583857 
679 377 22 27 0.021846505 
869 276 11 14 0.02163359 
446 142 9 11 0.02162879 
471 354 12 17 0.021557538 
500 85 10 14 0.021091072 
460 276 12 16 0.02107276 
528 313 11 13 0.020572647 
91 364 12 15 0.020275054 
