0_Parade_Parade_0_72
129
132 333 32 43 0.9684515 
665 347 25 36 0.9680548 
459 389 24 28 0.9296346 
774 344 14 19 0.8548472 
206 365 22 26 0.8042902 
413 382 15 20 0.7723823 
625 344 18 21 0.7561404 
347 466 25 31 0.75066596 
256 384 18 22 0.73847383 
627 368 20 27 0.7168455 
496 339 17 20 0.6770355 
736 366 22 26 0.659851 
546 378 18 23 0.5962719 
790 266 17 19 0.30766332 
86 294 37 39 0.29430872 
2 475 18 21 0.2814256 
567 593 47 46 0.27339965 
349 376 15 18 0.23757458 
56 526 9 12 0.1980331 
23 543 12 15 0.18520969 
66 558 22 25 0.15369959 
541 372 15 24 0.1521689 
73 533 10 11 0.12565431 
347 498 13 15 0.093717076 
159 446 11 13 0.0872142 
136 460 11 15 0.08603928 
451 401 26 32 0.08171 
539 381 26 35 0.06852613 
347 366 12 14 0.0673242 
580 356 14 18 0.06449335 
642 562 25 33 0.063819334 
550 351 11 13 0.06356076 
578 362 14 19 0.060343158 
343 370 13 17 0.05751448 
159 515 8 11 0.054830857 
81 516 9 11 0.054227553 
572 376 16 22 0.05057133 
556 376 21 27 0.050140943 
699 351 18 26 0.048714142 
168 479 9 11 0.048014432 
23 516 10 13 0.047694117 
454 370 15 21 0.047643665 
778 447 10 13 0.045714617 
541 364 14 19 0.044508733 
104 477 10 13 0.043183032 
565 343 11 13 0.04261886 
831 340 9 12 0.041941598 
632 352 18 21 0.04098434 
790 329 15 19 0.040538106 
619 399 13 17 0.03971098 
808 407 7 10 0.039288912 
543 356 11 15 0.03890259 
154 512 8 11 0.038847595 
684 355 23 29 0.037608698 
583 351 12 14 0.03658628 
204 375 24 28 0.03602597 
85 511 9 11 0.03593112 
344 494 12 15 0.035353716 
567 382 23 31 0.03511827 
805 379 10 14 0.034199275 
669 361 29 37 0.03405706 
205 359 16 20 0.033993986 
245 394 14 17 0.033807073 
342 465 41 49 0.032249548 
61 550 10 13 0.032237228 
453 374 23 32 0.032060478 
94 499 9 12 0.032048397 
167 512 7 10 0.03191967 
532 403 33 36 0.03188744 
186 447 13 16 0.03048143 
738 378 18 23 0.03026746 
602 628 18 22 0.029134925 
268 381 11 17 0.02880739 
766 374 11 14 0.028086694 
139 413 11 14 0.028014222 
83 563 14 17 0.027487384 
784 268 12 15 0.027355306 
12 469 13 17 0.02697281 
559 602 35 43 0.026943013 
777 349 15 19 0.026813341 
185 431 10 13 0.026506593 
104 310 18 22 0.026299233 
800 373 11 14 0.026116373 
494 326 23 26 0.025891926 
173 469 9 13 0.025807608 
356 364 12 15 0.025658296 
558 348 13 15 0.025414428 
666 342 16 21 0.025359323 
76 528 10 12 0.025285613 
784 237 9 11 0.025239855 
200 509 9 11 0.02504087 
126 492 10 12 0.025038881 
590 614 32 36 0.024982449 
592 609 18 20 0.024905223 
96 477 9 11 0.024892975 
554 386 41 49 0.024877205 
31 510 10 13 0.02477823 
390 485 11 14 0.024778046 
69 443 12 14 0.024764821 
80 493 10 14 0.024479233 
108 483 9 12 0.02432015 
341 361 22 25 0.024217237 
56 549 10 13 0.024159765 
343 477 24 30 0.024009977 
64 558 12 15 0.023919389 
540 410 40 42 0.023520336 
22 521 13 16 0.023245433 
347 460 19 21 0.023082543 
411 442 24 36 0.02295304 
88 499 10 13 0.022743603 
622 362 16 22 0.022219114 
532 404 13 20 0.02218702 
111 508 10 11 0.021977803 
803 266 13 17 0.021877114 
247 388 24 27 0.021845628 
3 486 17 22 0.021774437 
1012 364 10 14 0.021415578 
448 419 13 17 0.021384738 
335 365 12 16 0.021131914 
219 387 16 20 0.021041147 
157 412 15 20 0.020992564 
108 369 13 17 0.020973863 
799 461 10 12 0.020846242 
-1 538 21 30 0.020754863 
247 381 13 17 0.020570265 
320 533 10 13 0.020416582 
458 363 17 20 0.02015493 
61 519 9 13 0.02003106 
166 482 10 13 0.020018164 
