0_Parade_Parade_0_519
66
417 256 115 129 0.9998258 
863 251 93 111 0.99935263 
88 249 31 40 0.99633753 
755 264 29 32 0.983115 
172 266 72 87 0.97926086 
666 309 38 53 0.8458492 
116 266 38 50 0.75626236 
708 269 19 29 0.28483835 
739 313 28 43 0.1653556 
100 257 36 47 0.15925099 
658 253 15 17 0.102163486 
655 258 12 14 0.090124115 
289 282 32 44 0.087053485 
979 227 11 14 0.07734853 
590 281 32 48 0.06896769 
996 253 22 30 0.068964876 
731 275 14 19 0.060501467 
922 342 45 60 0.05742615 
725 269 13 18 0.055414066 
235 278 20 31 0.05126028 
717 270 20 27 0.050338566 
276 300 29 37 0.04949432 
702 272 16 21 0.04877687 
293 285 47 58 0.04583131 
797 235 10 12 0.045644443 
17 638 41 48 0.03962756 
220 382 46 54 0.03864983 
979 235 12 15 0.034197826 
813 277 21 28 0.033634007 
65 740 28 29 0.03201879 
642 299 46 58 0.028553793 
654 265 12 14 0.028502451 
738 276 13 17 0.028258044 
1015 198 8 13 0.028154213 
924 70 10 13 0.028069219 
283 274 30 36 0.027746214 
700 253 24 33 0.02676558 
333 427 40 53 0.026760984 
271 313 14 18 0.026245963 
60 715 28 41 0.026199013 
678 266 15 18 0.026065005 
275 283 91 100 0.025967343 
348 387 48 60 0.025206069 
21 697 30 41 0.02479872 
1003 212 12 15 0.024608457 
337 361 31 38 0.024228448 
594 266 25 39 0.02393749 
930 192 17 19 0.023572663 
14 629 24 32 0.023317486 
9 688 52 66 0.022959339 
604 274 37 53 0.022924056 
623 287 28 37 0.022885457 
154 265 55 68 0.022422913 
733 269 22 28 0.022287289 
742 260 12 17 0.022180293 
956 330 29 37 0.022052791 
136 268 33 47 0.022015173 
326 490 35 51 0.021965127 
204 270 43 46 0.021597253 
257 308 27 37 0.021012567 
923 181 13 15 0.020803997 
695 274 14 17 0.020676281 
646 287 68 94 0.020626334 
919 187 30 34 0.020486401 
614 259 12 17 0.020453895 
814 289 17 22 0.02003866 
