0_Parade_marchingband_1_78
2157
725 134 8 11 0.8051766 
782 69 9 11 0.74241596 
698 468 9 12 0.69081515 
464 142 8 9 0.6584878 
752 596 11 14 0.6101529 
908 572 9 11 0.5924087 
860 595 11 14 0.579672 
977 567 7 10 0.54696554 
992 312 10 12 0.539118 
863 95 11 13 0.52053237 
678 253 9 11 0.5121793 
647 479 8 10 0.505692 
655 360 9 11 0.50009763 
680 93 8 11 0.48283285 
830 197 10 13 0.46247992 
750 215 9 12 0.46016487 
613 36 10 12 0.42106295 
290 167 10 11 0.41598284 
743 111 9 11 0.4114174 
914 30 11 13 0.40452433 
700 591 10 14 0.40292534 
966 88 9 11 0.39729363 
442 126 7 9 0.3895698 
494 159 8 11 0.38338214 
525 37 8 11 0.37499106 
785 32 9 10 0.36382395 
961 188 8 11 0.36265126 
973 152 8 10 0.35776561 
724 283 10 13 0.35699198 
717 28 8 10 0.34478027 
534 126 7 10 0.34371895 
896 205 9 11 0.3370767 
877 135 9 10 0.33556443 
416 160 9 11 0.33375597 
686 167 8 9 0.3308508 
861 37 10 12 0.32365713 
709 197 8 10 0.3213616 
303 181 8 9 0.31613094 
253 93 8 10 0.3123868 
239 149 8 9 0.31016538 
576 205 9 10 0.30456537 
425 128 8 11 0.3041403 
851 76 11 14 0.302654 
369 169 8 10 0.3026107 
206 190 8 11 0.299218 
510 127 8 10 0.29887056 
841 150 8 10 0.2972452 
720 167 8 11 0.2949213 
127 341 13 17 0.29434744 
487 133 8 11 0.2942789 
786 94 8 11 0.293431 
799 195 10 12 0.292745 
558 96 8 11 0.28642505 
851 60 11 13 0.28232336 
878 157 8 10 0.28208476 
510 133 8 11 0.28205702 
373 173 7 10 0.28062108 
820 109 9 12 0.27983466 
304 160 9 10 0.2781085 
830 231 9 11 0.27648914 
642 142 9 11 0.27469075 
481 215 8 10 0.27362767 
581 200 8 11 0.27049378 
311 166 8 10 0.26954445 
399 191 8 10 0.26875123 
910 124 8 11 0.26841366 
391 159 8 11 0.26748243 
664 15 7 9 0.26209104 
559 152 8 10 0.26108477 
737 166 7 10 0.25697476 
940 109 10 12 0.25639957 
880 153 7 9 0.25277844 
640 13 8 10 0.25277165 
740 199 8 11 0.25128156 
835 32 14 16 0.25048494 
909 85 9 11 0.24915217 
686 141 8 11 0.24900426 
640 9 7 9 0.24881947 
287 126 8 11 0.24817167 
809 182 8 10 0.24491057 
758 207 9 11 0.2433486 
344 158 8 9 0.24280633 
1010 168 7 8 0.2397886 
810 120 9 11 0.23912452 
655 199 7 10 0.2375435 
625 144 8 11 0.23665458 
640 151 8 10 0.23634346 
599 117 8 10 0.23180537 
970 198 9 12 0.23173894 
655 191 8 10 0.22891033 
904 61 11 13 0.22427727 
936 232 8 10 0.22229299 
712 225 9 12 0.22221886 
695 190 7 10 0.2218477 
15 242 10 13 0.2212026 
589 343 7 9 0.22034998 
720 211 9 11 0.21970314 
696 490 8 12 0.21810749 
424 174 7 9 0.21806231 
917 77 8 11 0.21718068 
845 119 9 11 0.21661694 
828 588 9 13 0.21368313 
490 158 8 11 0.21170472 
167 121 8 10 0.21005447 
669 111 8 11 0.20904614 
328 292 11 13 0.20888813 
269 205 8 10 0.20883556 
270 126 7 9 0.20867181 
410 208 8 10 0.20765594 
551 214 7 9 0.20652756 
431 414 7 10 0.20625572 
1012 528 10 14 0.2060262 
929 200 7 10 0.20588544 
545 205 9 12 0.20551008 
898 320 8 10 0.20489809 
975 112 8 10 0.2035906 
704 263 9 12 0.20267789 
510 87 8 10 0.2024727 
1007 288 7 10 0.201849 
980 628 10 13 0.20100516 
788 36 10 12 0.2009103 
774 53 10 13 0.2005306 
682 167 7 9 0.20052776 
934 236 10 13 0.19877143 
962 271 9 11 0.19860034 
546 200 8 10 0.19848137 
63 397 12 16 0.1967143 
806 247 9 12 0.19591866 
775 174 8 11 0.19590154 
560 180 8 11 0.19566718 
804 613 9 11 0.19335812 
878 206 9 12 0.19156961 
711 127 8 12 0.1915273 
913 35 13 15 0.19133814 
329 158 9 11 0.19111827 
441 214 8 11 0.1905532 
294 160 10 11 0.18919651 
326 119 9 10 0.18865535 
432 190 8 10 0.18855095 
512 79 7 10 0.18842857 
263 169 9 10 0.18767384 
787 100 10 13 0.18761547 
510 192 7 10 0.1857851 
450 143 7 10 0.18572313 
993 196 9 10 0.18508922 
992 606 13 19 0.18424265 
839 182 9 11 0.18364966 
940 104 9 11 0.18271253 
344 151 8 10 0.17917286 
606 190 7 9 0.17819835 
1001 142 8 10 0.17707372 
583 109 9 11 0.17600687 
969 151 9 11 0.175889 
557 343 9 11 0.17507358 
876 196 9 12 0.1748984 
560 39 8 10 0.17451704 
333 165 9 11 0.17417683 
882 317 8 10 0.17413795 
528 150 8 10 0.17387766 
910 45 11 14 0.1738151 
458 167 6 9 0.17352857 
472 198 8 10 0.17297179 
710 486 8 10 0.17121409 
833 176 8 10 0.17056368 
327 150 8 9 0.17042513 
905 120 10 12 0.1700727 
391 164 8 11 0.16959655 
617 361 9 11 0.1695307 
440 208 7 9 0.1684925 
593 149 9 11 0.16812146 
690 16 7 9 0.16732772 
399 197 7 9 0.16653715 
918 308 10 12 0.16476856 
462 191 8 10 0.16258149 
625 112 8 10 0.15959397 
821 103 10 12 0.15880112 
687 137 7 10 0.15879704 
611 31 9 11 0.15834987 
573 120 8 10 0.15792218 
736 231 8 11 0.15760078 
900 587 13 17 0.15719894 
488 230 8 9 0.15670861 
384 151 8 9 0.15666997 
968 167 8 10 0.15661229 
446 216 7 9 0.15611279 
961 149 8 10 0.15601161 
745 24 9 12 0.15492482 
655 30 7 10 0.15374325 
694 206 8 10 0.15204008 
470 135 8 11 0.15176542 
688 160 8 11 0.15133889 
496 191 8 11 0.15051755 
469 80 8 11 0.15013383 
953 213 8 10 0.14956214 
846 110 10 11 0.14773004 
159 303 9 11 0.14570355 
447 221 7 9 0.1455055 
327 124 8 11 0.14507137 
458 199 8 10 0.14455545 
903 103 10 12 0.1443533 
843 126 9 12 0.14425315 
253 269 11 13 0.1425626 
641 136 8 11 0.14248008 
912 307 10 13 0.14221348 
840 213 10 13 0.14187832 
560 70 8 10 0.14073758 
574 125 7 10 0.14073533 
664 118 8 11 0.14026357 
703 53 8 10 0.13999547 
655 160 7 9 0.13934138 
591 174 8 10 0.1387031 
978 223 6 9 0.13845626 
606 7 8 11 0.1381951 
768 175 8 10 0.13815594 
988 125 11 13 0.13804726 
374 230 7 10 0.13779914 
576 183 7 9 0.1376933 
414 208 7 10 0.13761184 
806 190 9 12 0.13751954 
129 313 9 12 0.13730231 
966 189 8 10 0.13686809 
503 182 7 9 0.13648726 
511 216 8 11 0.13628168 
741 95 9 11 0.13623975 
408 213 8 10 0.13602896 
309 161 8 10 0.135623 
573 155 11 13 0.13554925 
318 173 8 10 0.13550273 
977 136 7 10 0.13546914 
463 230 8 10 0.13530636 
710 263 10 12 0.13526195 
234 184 7 9 0.1351965 
605 167 8 10 0.13511828 
402 133 8 10 0.13467987 
511 120 8 10 0.1346704 
662 89 10 14 0.13451825 
549 207 8 11 0.13411944 
511 197 7 10 0.13411792 
808 152 8 10 0.1339186 
488 129 8 10 0.1338776 
407 184 7 10 0.13369142 
322 183 8 10 0.13333875 
189 192 7 10 0.133233 
384 104 8 11 0.13149212 
941 136 8 10 0.1307077 
886 152 7 9 0.13023192 
502 207 9 11 0.13011086 
750 28 8 11 0.12993488 
598 144 9 11 0.129887 
569 176 8 11 0.12965943 
807 176 9 11 0.12927212 
909 52 9 12 0.12894364 
486 142 8 10 0.12852712 
470 85 8 10 0.12820221 
944 151 7 10 0.12818289 
544 152 7 10 0.12771463 
370 229 8 11 0.12762333 
824 118 9 12 0.12730348 
933 327 9 11 0.12725793 
560 157 8 10 0.12716125 
433 149 8 10 0.12698989 
902 609 12 15 0.1265408 
368 143 7 9 0.12616846 
698 23 6 8 0.12501915 
542 183 8 9 0.12491562 
726 189 9 11 0.12486102 
302 258 14 18 0.124672495 
386 158 8 11 0.124660775 
601 206 8 10 0.12444517 
898 325 9 11 0.12416226 
678 260 11 14 0.12408041 
673 168 7 9 0.12399756 
263 136 7 10 0.1235368 
684 237 9 11 0.12343149 
728 129 9 12 0.123313315 
863 33 8 11 0.1231386 
910 142 7 10 0.12274449 
790 119 8 10 0.122598395 
831 192 10 12 0.12206413 
271 142 8 10 0.12198647 
553 135 8 10 0.121706374 
601 113 7 10 0.12140121 
966 184 9 11 0.12125494 
874 191 9 12 0.12121967 
769 158 8 10 0.12067608 
944 169 8 11 0.1205263 
727 158 9 11 0.12041722 
934 199 8 11 0.12004102 
432 168 7 9 0.119393945 
896 212 10 12 0.11935376 
625 17 7 8 0.11910498 
782 135 8 11 0.11894103 
324 310 11 14 0.11816352 
986 151 8 10 0.117418826 
719 14 7 10 0.11623954 
447 86 8 10 0.11615681 
689 206 9 11 0.11609162 
43 439 14 18 0.11599841 
919 118 8 11 0.11583969 
583 30 9 11 0.11542302 
288 171 9 11 0.11539503 
840 252 10 12 0.11530772 
165 292 9 10 0.115208775 
560 87 7 9 0.11510352 
488 112 7 9 0.11488253 
646 136 7 10 0.11461067 
269 70 9 12 0.11429551 
937 188 8 11 0.11400683 
210 196 7 10 0.11376807 
986 349 8 11 0.1137538 
767 151 8 11 0.11346617 
873 223 8 10 0.11342269 
336 215 9 12 0.11321338 
829 125 9 11 0.1131766 
512 221 8 11 0.11299978 
679 98 10 12 0.11290633 
457 175 7 9 0.11271868 
632 117 8 10 0.1123201 
694 15 7 10 0.11229172 
680 249 10 12 0.112170406 
553 176 8 10 0.11198288 
768 138 8 10 0.111772686 
567 157 9 12 0.11155655 
841 262 9 12 0.111461565 
860 42 12 14 0.1112961 
477 168 9 10 0.11114553 
540 471 9 11 0.11049514 
975 141 8 10 0.109484024 
569 124 9 11 0.10947262 
687 172 8 11 0.1091437 
913 80 9 11 0.1089653 
846 183 9 11 0.108679816 
495 152 8 9 0.108540185 
583 23 8 10 0.10842925 
239 200 8 9 0.10837408 
446 135 8 10 0.10784977 
839 188 8 11 0.107792325 
124 335 27 33 0.10773302 
962 87 9 11 0.107718706 
432 144 7 9 0.107580036 
726 151 8 10 0.10682344 
878 141 8 9 0.10647577 
374 183 8 10 0.106153935 
664 124 9 10 0.10611507 
701 475 10 12 0.10591031 
383 144 8 9 0.10577745 
684 246 10 13 0.105491206 
680 125 8 10 0.105312705 
775 136 9 10 0.10528004 
199 208 7 9 0.10518863 
672 253 11 13 0.10403439 
617 199 9 10 0.10355671 
839 156 9 11 0.10334474 
702 48 7 10 0.10330612 
552 165 8 10 0.10305453 
952 208 8 10 0.10297163 
726 199 7 9 0.10290067 
368 150 8 10 0.102569245 
738 172 7 10 0.1025187 
720 8 8 9 0.10246238 
632 158 8 10 0.10210476 
680 89 7 10 0.102036655 
6 476 12 18 0.101451926 
247 268 12 15 0.10105202 
703 175 8 11 0.1009736 
235 200 7 9 0.100754045 
734 160 7 10 0.10069944 
215 198 7 9 0.10047443 
758 168 8 11 0.10046422 
638 155 8 11 0.10041067 
953 121 9 11 0.100116484 
904 91 10 12 0.10000562 
672 23 7 9 0.099965535 
719 159 9 12 0.09950225 
394 191 7 10 0.09942045 
929 215 8 11 0.099414125 
681 232 8 10 0.09927798 
721 190 8 11 0.09863201 
847 144 8 10 0.09854546 
229 280 12 15 0.098537855 
512 206 8 10 0.0979613 
828 120 9 11 0.09793798 
838 177 8 10 0.097663194 
462 223 8 9 0.09760424 
705 126 9 11 0.097569324 
441 122 8 10 0.097275145 
690 191 8 10 0.09722002 
904 201 8 10 0.09717409 
902 204 10 12 0.09714231 
55 387 11 13 0.09696333 
334 255 8 11 0.09695567 
271 214 9 11 0.09666508 
623 95 9 10 0.09663399 
583 134 8 10 0.09656543 
656 205 8 10 0.09632247 
662 182 8 11 0.09590197 
766 141 8 10 0.095692635 
544 158 8 10 0.09538374 
374 135 7 9 0.09503991 
727 214 9 11 0.09485057 
345 177 7 9 0.093754545 
231 166 7 9 0.093672685 
327 191 8 10 0.09330181 
768 167 8 10 0.093272656 
399 224 8 10 0.09324249 
161 293 10 12 0.093137756 
810 142 8 10 0.09298143 
472 216 7 9 0.092710674 
218 159 6 8 0.09268747 
479 221 9 10 0.092573315 
439 159 7 9 0.09256018 
406 129 8 10 0.09255903 
893 232 8 10 0.09245554 
172 553 13 18 0.09235512 
433 208 8 9 0.092306495 
689 198 9 10 0.09198808 
509 94 8 9 0.09184154 
697 183 7 11 0.09163599 
710 282 11 14 0.091374464 
774 206 11 13 0.091350235 
734 128 8 11 0.090847865 
936 144 8 9 0.09084141 
713 166 7 10 0.09078011 
934 32 10 12 0.090649255 
594 118 8 10 0.09054275 
687 112 7 10 0.09046725 
29 125 9 11 0.09040366 
629 112 8 11 0.09034534 
664 316 11 14 0.09012102 
885 312 8 11 0.08986341 
754 167 8 11 0.08983577 
504 102 7 9 0.08946696 
512 160 9 11 0.08946388 
944 253 9 11 0.08922568 
423 167 8 10 0.08917572 
781 140 8 10 0.08888985 
650 198 8 10 0.08881226 
161 206 7 9 0.08865715 
633 23 7 10 0.08865619 
728 184 8 10 0.088628955 
262 108 9 11 0.08847597 
351 176 8 9 0.08841196 
696 120 8 10 0.08838641 
928 246 8 9 0.0883189 
567 111 8 10 0.08830057 
302 141 8 10 0.0882741 
529 120 9 11 0.088199385 
360 166 9 11 0.088098876 
472 103 9 11 0.08801604 
656 88 9 12 0.087994516 
497 183 8 11 0.08783876 
1015 142 7 10 0.08778841 
606 184 7 9 0.0877109 
705 192 9 11 0.08752053 
702 181 9 10 0.08723611 
725 206 9 11 0.08719017 
863 206 8 10 0.08715273 
878 212 9 11 0.08699532 
601 7 9 10 0.086933255 
943 337 7 10 0.08688103 
665 10 8 9 0.086820684 
705 133 9 11 0.08678455 
758 191 9 12 0.08674742 
935 149 8 11 0.086465105 
390 134 8 10 0.08636071 
417 231 7 9 0.08630159 
710 53 8 10 0.08629272 
874 158 9 10 0.08617347 
899 594 14 18 0.08612567 
696 30 8 10 0.08604112 
457 104 7 10 0.08569389 
383 238 7 9 0.08558725 
839 248 9 11 0.08543285 
502 176 8 11 0.0853588 
975 173 8 11 0.085283555 
593 191 7 9 0.08527682 
812 124 9 12 0.08490924 
551 160 8 10 0.0848633 
904 148 9 10 0.08478678 
400 128 9 12 0.084648706 
601 183 7 10 0.08459229 
481 69 10 12 0.08427214 
449 148 8 10 0.08426269 
774 115 9 12 0.08390657 
510 141 8 9 0.08386904 
784 151 9 12 0.08361393 
615 54 9 10 0.08361251 
471 206 8 10 0.0835589 
551 119 8 9 0.08345318 
743 85 11 13 0.08343705 
328 145 8 10 0.08337831 
790 208 10 12 0.08318796 
632 150 8 11 0.08317914 
950 167 8 11 0.08296356 
488 193 9 11 0.08282175 
552 127 7 9 0.08273508 
925 119 8 11 0.08246253 
282 134 7 10 0.08242418 
706 168 7 8 0.082163095 
605 13 8 10 0.082159206 
692 160 9 10 0.0820555 
682 149 9 11 0.08182233 
470 233 8 10 0.08176605 
680 135 9 11 0.08152718 
313 171 9 11 0.081263825 
463 198 7 10 0.081251815 
600 173 8 11 0.08123207 
266 78 8 11 0.0810262 
530 133 8 10 0.08101631 
529 54 7 10 0.08088359 
890 232 7 10 0.08087026 
760 197 9 11 0.0806159 
841 145 8 11 0.080610104 
182 241 7 9 0.07990766 
950 288 7 9 0.0798974 
658 174 8 11 0.07984682 
824 215 9 12 0.079840854 
1002 293 11 13 0.07966525 
737 100 11 13 0.0795815 
584 16 8 10 0.07946434 
263 141 8 9 0.079403944 
959 144 8 11 0.07936261 
463 448 9 11 0.0790749 
453 183 9 11 0.07893712 
625 167 7 10 0.078876086 
775 231 8 10 0.07868626 
296 152 9 11 0.07866488 
937 333 9 12 0.078637995 
997 575 9 13 0.07851774 
416 127 8 10 0.07833893 
506 95 7 10 0.07833058 
568 206 7 10 0.078251645 
945 248 8 11 0.07824769 
439 175 7 9 0.07816147 
693 326 8 12 0.07805757 
822 152 8 10 0.07799202 
465 184 8 10 0.07793577 
269 65 8 9 0.07773576 
389 110 8 10 0.077717304 
718 37 8 11 0.07758922 
624 101 8 10 0.07749563 
529 145 7 9 0.07733243 
665 254 9 12 0.077269204 
809 135 9 12 0.07726324 
855 496 10 14 0.07724395 
864 87 11 14 0.077111036 
190 197 7 9 0.07700973 
912 189 8 11 0.076898016 
583 142 7 9 0.076603994 
472 192 7 9 0.07649633 
369 136 8 10 0.0764765 
456 160 7 8 0.076340675 
520 44 8 11 0.07629513 
318 302 10 12 0.07612942 
727 230 10 13 0.0759341 
958 319 8 11 0.0757988 
733 214 9 12 0.075787276 
247 159 8 10 0.07571224 
789 151 8 11 0.075460546 
458 231 8 10 0.075373255 
440 220 8 10 0.075122416 
607 143 9 10 0.07509641 
958 215 7 9 0.07508612 
640 208 8 9 0.07488445 
673 30 7 10 0.07466505 
1006 190 8 11 0.07445484 
1000 180 8 11 0.0744524 
974 189 8 11 0.07441914 
223 185 8 10 0.07430455 
753 191 10 11 0.07415932 
857 32 10 12 0.07412635 
914 167 8 11 0.073926866 
970 157 9 11 0.073875464 
534 134 8 10 0.0738624 
463 111 8 9 0.073861964 
472 109 8 10 0.073697805 
463 118 8 10 0.07354668 
848 69 13 16 0.073173225 
729 118 8 10 0.07314003 
472 158 7 9 0.07297717 
457 223 7 9 0.072749116 
287 131 9 12 0.072741486 
538 494 24 33 0.07244454 
629 143 7 10 0.072439864 
285 200 10 13 0.07238665 
574 176 7 9 0.07231449 
856 151 7 10 0.07225743 
505 120 7 10 0.07218876 
974 183 8 10 0.07213609 
865 143 7 10 0.07210201 
937 297 8 10 0.07198144 
606 128 9 10 0.07188676 
271 183 8 10 0.07185696 
201 165 8 11 0.07176854 
846 150 7 10 0.07169475 
605 134 9 10 0.07168981 
490 165 9 10 0.07167893 
920 220 8 11 0.071637236 
618 183 9 10 0.0715629 
753 210 9 11 0.07149504 
646 149 7 10 0.071443774 
397 168 7 9 0.07138176 
328 174 8 10 0.071376644 
94 247 9 12 0.0713709 
112 232 9 11 0.07136786 
936 168 7 9 0.07119269 
487 118 7 9 0.07113776 
479 208 7 9 0.07106692 
386 135 8 10 0.07100327 
397 159 8 10 0.0709047 
625 70 9 11 0.070772216 
520 186 9 10 0.07070631 
245 176 9 11 0.070547685 
552 142 8 10 0.07047444 
905 143 8 10 0.0704174 
368 224 8 11 0.07031193 
907 585 13 16 0.07017514 
558 134 8 10 0.0701043 
465 216 7 10 0.07006307 
830 223 9 12 0.07003118 
718 228 9 12 0.07000435 
390 182 8 11 0.06995183 
510 480 9 11 0.069941565 
246 200 7 10 0.06989953 
504 197 7 10 0.06981564 
421 160 8 9 0.0697692 
920 200 9 12 0.069769055 
638 126 8 10 0.0697284 
165 256 9 11 0.06948274 
376 158 7 9 0.06944382 
744 135 7 9 0.06936719 
695 136 8 11 0.069054954 
814 208 8 12 0.069033615 
408 103 8 10 0.06900383 
713 160 8 11 0.06888396 
678 183 8 10 0.06886259 
1014 205 8 12 0.068842664 
395 197 7 10 0.06882905 
650 191 7 10 0.06881615 
784 206 8 12 0.068685375 
930 240 9 12 0.06859258 
408 149 7 10 0.06851257 
1000 360 9 12 0.06844845 
113 38 8 11 0.06823216 
957 207 9 10 0.06813091 
697 125 9 10 0.06810196 
457 191 8 10 0.06798096 
1013 244 8 12 0.06787084 
751 238 8 10 0.067825325 
329 166 9 11 0.06773145 
999 196 8 11 0.06768923 
433 185 7 9 0.067671314 
829 263 8 11 0.06754409 
358 112 8 10 0.06753141 
880 326 8 10 0.067494094 
487 223 7 10 0.06748219 
952 336 7 10 0.067422 
680 120 9 10 0.06741761 
633 30 7 10 0.067408726 
985 208 7 10 0.06740019 
749 62 9 11 0.06739608 
650 31 8 10 0.06732185 
584 104 9 11 0.06714113 
836 231 9 11 0.06709037 
724 292 11 16 0.067002006 
265 200 8 11 0.06684777 
733 223 9 11 0.06666229 
465 206 8 10 0.06666035 
743 126 8 11 0.06639438 
250 116 9 11 0.06631554 
976 334 8 11 0.066310205 
750 38 9 11 0.06622967 
679 266 10 13 0.066136226 
494 127 8 10 0.06611421 
352 167 8 10 0.0660291 
543 191 9 10 0.06590667 
376 189 7 9 0.065844655 
658 183 8 12 0.065831944 
846 263 8 11 0.06564367 
269 76 9 11 0.06555876 
861 78 9 11 0.06553584 
438 167 8 9 0.06534676 
322 118 8 11 0.06524353 
943 142 7 9 0.065147035 
477 173 8 10 0.065108374 
294 173 9 11 0.06498172 
950 174 8 9 0.06497442 
202 185 8 10 0.064861394 
957 119 8 10 0.06474334 
647 206 8 10 0.064697124 
690 8 8 9 0.064616814 
440 100 9 11 0.06457101 
297 142 8 10 0.064523146 
952 136 7 9 0.064464495 
745 15 7 9 0.06441413 
673 184 8 10 0.06432793 
742 232 8 10 0.06431974 
281 174 8 10 0.064302586 
401 185 8 10 0.06411633 
774 59 13 15 0.06410453 
711 49 8 10 0.063905545 
730 222 8 11 0.06383803 
578 214 8 10 0.06383281 
840 207 9 11 0.06382326 
462 174 7 9 0.06382231 
534 120 8 10 0.06375828 
482 119 7 9 0.06373518 
703 485 11 13 0.06371456 
725 173 8 11 0.06365554 
910 205 8 11 0.06365322 
673 189 8 10 0.06360098 
616 43 9 11 0.06356849 
295 134 8 10 0.06349521 
864 151 7 10 0.06304422 
223 207 6 8 0.06298814 
442 69 8 11 0.062944226 
938 300 8 11 0.062862545 
589 464 10 13 0.062421113 
343 146 9 10 0.06237544 
663 21 8 10 0.062341683 
846 175 9 10 0.06232527 
721 110 7 10 0.062246453 
19 240 14 17 0.062188264 
450 184 8 10 0.062128436 
943 301 8 11 0.06194614 
552 221 7 9 0.061538495 
958 197 10 11 0.061533898 
985 214 7 10 0.061459318 
738 108 10 14 0.06143361 
586 230 8 11 0.061427504 
926 125 7 10 0.06127373 
335 275 11 14 0.061220378 
544 177 8 9 0.06118943 
317 293 11 14 0.061119553 
725 167 8 11 0.060911488 
801 174 8 11 0.06088748 
558 65 7 10 0.060841534 
734 183 9 11 0.06080457 
625 88 8 10 0.06079714 
887 325 7 10 0.06074559 
434 223 7 10 0.060698535 
903 80 9 11 0.060605247 
937 174 7 10 0.06035649 
478 103 8 9 0.060285866 
445 208 8 10 0.060237896 
981 366 7 10 0.060223605 
1005 142 8 10 0.060135793 
862 89 19 23 0.060093466 
568 200 7 10 0.060015626 
139 547 13 18 0.0599532 
775 168 7 10 0.05982644 
456 204 8 10 0.05976436 
407 144 8 10 0.059681695 
486 215 7 10 0.05959441 
504 192 8 10 0.059553217 
931 144 7 9 0.05948003 
238 183 8 10 0.059319675 
88 123 12 16 0.05929334 
337 230 9 11 0.059185088 
822 157 8 11 0.059151307 
750 134 8 10 0.05912852 
801 263 9 11 0.059013743 
354 117 8 11 0.05891779 
656 166 7 10 0.058890592 
631 16 8 9 0.05880042 
633 126 8 10 0.058733165 
410 166 8 10 0.058718443 
832 246 8 11 0.058691245 
718 239 8 11 0.058596667 
952 342 8 10 0.058587093 
886 124 8 10 0.058561932 
226 166 6 9 0.05847054 
814 135 8 11 0.05846275 
768 180 8 10 0.058452833 
1013 172 8 11 0.05844521 
919 184 9 12 0.058400694 
614 62 9 10 0.058343142 
517 159 8 10 0.058334522 
320 149 8 11 0.05831001 
688 31 8 10 0.058271695 
150 545 16 18 0.058237158 
665 222 7 10 0.058205128 
349 159 8 9 0.058203097 
384 233 7 9 0.058169138 
473 221 8 9 0.058159735 
206 185 7 10 0.05810719 
943 117 9 11 0.058079273 
552 44 9 12 0.05802551 
360 125 8 10 0.05800565 
535 142 8 9 0.05790966 
110 179 10 13 0.05785289 
338 183 7 10 0.05781462 
28 142 9 12 0.05781325 
615 149 8 11 0.05779714 
359 118 8 11 0.05771012 
194 150 7 10 0.057683706 
504 86 9 12 0.057671823 
977 367 9 10 0.05752097 
334 143 8 10 0.057512987 
959 105 8 10 0.057485603 
461 168 8 10 0.05748257 
702 119 9 11 0.057434395 
513 55 8 11 0.05743008 
744 142 10 11 0.056986265 
209 214 7 9 0.056941703 
-1 487 21 44 0.056838874 
269 167 8 9 0.056811832 
415 150 8 9 0.0566875 
626 159 8 9 0.056549665 
997 316 8 11 0.0565346 
545 143 6 9 0.056176346 
304 127 8 10 0.056164302 
154 239 9 11 0.056064706 
879 175 9 11 0.056063063 
687 212 9 12 0.055970926 
926 220 9 11 0.05581774 
879 128 9 10 0.055756174 
933 244 10 11 0.055740435 
7 472 44 60 0.05573682 
872 329 8 11 0.055686973 
982 190 9 10 0.055678774 
1015 91 9 13 0.055497058 
401 215 8 9 0.055317357 
464 473 18 20 0.05526948 
584 168 8 11 0.055133894 
416 184 8 9 0.055062767 
553 151 8 11 0.05503334 
847 198 9 11 0.055005923 
535 103 7 10 0.054980397 
192 208 8 9 0.05489532 
457 93 8 11 0.05487392 
454 143 9 9 0.054844182 
978 623 10 13 0.054822028 
825 221 10 12 0.054798715 
630 166 7 10 0.05474372 
497 196 8 10 0.05471785 
375 237 8 11 0.054569155 
671 126 9 10 0.054411404 
793 190 10 13 0.054366868 
165 303 10 12 0.054343957 
480 111 7 9 0.054306824 
343 181 8 10 0.05409501 
266 119 9 11 0.054068614 
670 479 8 11 0.054061987 
737 203 9 12 0.054041583 
847 133 8 10 0.053963136 
931 149 7 10 0.05391068 
433 56 6 10 0.053826813 
703 60 9 13 0.053809762 
293 205 15 18 0.05378113 
671 173 8 10 0.053776417 
129 334 47 56 0.053715535 
290 160 9 12 0.053702313 
953 237 8 11 0.053701736 
905 135 9 11 0.053431094 
177 239 7 9 0.053358246 
399 152 8 10 0.05316052 
697 175 7 10 0.052979786 
656 25 7 9 0.05297756 
672 134 8 11 0.05289161 
725 140 8 11 0.05285363 
615 88 8 10 0.052842557 
847 103 9 12 0.05284022 
351 181 8 10 0.052783486 
328 196 9 11 0.052749436 
353 112 8 11 0.05270445 
526 33 9 11 0.052620545 
981 223 8 10 0.05258193 
415 144 8 11 0.052530963 
174 289 8 10 0.052469365 
565 72 7 10 0.052466445 
326 246 9 12 0.052407112 
571 590 15 20 0.05237515 
705 222 9 12 0.052361265 
837 237 9 11 0.052315027 
208 237 8 11 0.052279186 
958 136 7 9 0.05227591 
464 149 8 10 0.052240115 
698 47 7 10 0.052210514 
893 245 10 12 0.05219898 
671 87 8 11 0.05202684 
166 207 7 9 0.051960513 
470 183 8 10 0.051818658 
507 126 7 10 0.051651537 
457 118 9 10 0.05163338 
560 207 9 11 0.05163225 
205 167 7 9 0.05155609 
679 31 7 10 0.051463556 
583 36 9 11 0.051446334 
747 221 8 11 0.051424358 
199 160 8 10 0.051374096 
391 152 8 9 0.051362768 
847 167 8 10 0.05130743 
94 69 23 30 0.051254407 
873 152 8 10 0.051112216 
616 118 7 9 0.05109011 
933 204 10 12 0.050941788 
694 199 8 10 0.05093483 
672 79 7 8 0.050925422 
445 120 9 10 0.050922308 
607 23 8 11 0.050919987 
622 229 8 10 0.05079051 
941 188 10 13 0.050733164 
605 206 8 11 0.05062074 
816 157 8 12 0.05057578 
951 183 8 10 0.05057156 
924 308 9 12 0.050513837 
841 111 11 12 0.050494816 
988 597 14 18 0.05044887 
766 223 8 11 0.050438363 
543 37 8 11 0.050424412 
1006 198 8 10 0.050361566 
270 175 7 9 0.050343897 
272 189 9 11 0.05033061 
431 61 6 9 0.050288897 
720 183 8 11 0.05017402 
1013 254 8 12 0.05011207 
969 111 8 10 0.049880818 
432 79 7 10 0.049852736 
554 100 8 11 0.049843565 
853 246 9 12 0.04977303 
984 143 7 9 0.049730055 
398 173 8 10 0.04963145 
848 53 12 16 0.0495594 
424 209 8 9 0.04950383 
567 151 8 12 0.049365923 
990 131 9 12 0.049257427 
931 263 8 9 0.049177676 
649 24 7 9 0.04915521 
912 215 7 9 0.049117126 
529 102 8 11 0.049093444 
600 190 9 11 0.049063534 
607 112 8 10 0.049040355 
766 198 8 11 0.048956964 
688 78 7 9 0.04894517 
951 232 8 10 0.048933826 
905 47 9 13 0.048825234 
265 181 8 11 0.04880648 
845 207 10 12 0.04872106 
375 128 7 9 0.048665646 
887 157 8 9 0.04862429 
495 119 7 9 0.04861606 
590 168 10 13 0.04860228 
639 31 7 10 0.04858883 
670 223 7 10 0.048581682 
625 63 8 10 0.04857049 
807 239 8 11 0.048561666 
537 191 8 10 0.048504274 
488 151 8 11 0.048474003 
712 254 11 14 0.048400357 
545 212 9 11 0.048384875 
696 38 7 9 0.048363958 
887 171 10 12 0.04830867 
905 310 8 11 0.04822641 
496 85 9 11 0.04822422 
638 22 8 11 0.048206206 
614 4 10 12 0.04819666 
942 231 9 11 0.048185233 
438 151 7 9 0.048058037 
928 167 8 10 0.048041318 
191 213 8 10 0.04801897 
1000 85 10 11 0.047976874 
414 104 8 11 0.047936626 
616 144 8 10 0.04789792 
968 173 9 11 0.04782901 
513 111 8 9 0.047707103 
683 159 8 12 0.047613572 
982 81 9 10 0.047580346 
511 103 7 9 0.047514554 
655 136 6 9 0.047505964 
847 246 9 13 0.047479533 
680 71 7 9 0.047469772 
895 221 8 10 0.047465418 
750 16 8 9 0.04742023 
679 39 7 8 0.04737123 
988 120 10 11 0.04711186 
936 158 8 11 0.04710168 
346 94 9 11 0.047095023 
559 77 8 10 0.047083635 
693 166 8 10 0.047063045 
768 212 8 11 0.04703617 
423 184 7 9 0.047028903 
457 110 8 9 0.046992596 
991 157 7 9 0.046981953 
788 52 13 15 0.04689507 
366 118 8 10 0.0468562 
773 157 9 11 0.046855073 
925 303 8 11 0.04682705 
223 160 7 9 0.04675023 
767 114 12 15 0.046733093 
621 364 9 11 0.04665046 
775 199 10 12 0.04659916 
440 63 8 10 0.04658407 
238 189 7 9 0.046474133 
519 166 9 12 0.046442315 
857 276 11 13 0.04639856 
463 104 8 10 0.046364035 
703 215 7 9 0.04635139 
872 127 8 11 0.04625095 
910 109 9 11 0.046211466 
216 153 7 9 0.046206567 
686 150 8 10 0.04616441 
989 213 8 11 0.046154924 
578 30 10 12 0.046090096 
293 199 13 15 0.0460551 
865 117 8 10 0.04599427 
640 72 7 9 0.045964018 
873 205 9 12 0.045919843 
839 281 10 12 0.04591673 
592 5 9 11 0.04589819 
258 167 8 10 0.045882553 
590 30 8 11 0.045825873 
1013 115 9 13 0.045800213 
1006 135 8 10 0.045606483 
497 14 8 11 0.045585904 
896 191 8 10 0.045573335 
387 165 8 10 0.045570098 
950 246 9 12 0.04553426 
424 62 7 10 0.045506727 
776 48 9 11 0.04545091 
701 24 7 9 0.045447867 
496 214 7 9 0.045445926 
578 22 9 11 0.04543339 
322 124 9 12 0.04541446 
82 377 14 19 0.045336325 
56 192 8 11 0.045318205 
215 252 10 11 0.045301273 
582 215 8 10 0.04528545 
564 38 8 11 0.045269415 
335 119 9 10 0.04524363 
920 216 8 10 0.04523487 
687 87 8 11 0.04522743 
789 220 11 13 0.045188364 
326 112 8 10 0.045030784 
480 229 9 11 0.044994958 
832 132 9 11 0.044989735 
1014 159 8 11 0.04496705 
255 205 8 10 0.044958577 
577 143 8 9 0.04495045 
133 553 17 22 0.044936102 
684 266 10 14 0.044933427 
1000 136 9 11 0.04491193 
336 136 7 9 0.044895463 
342 127 8 11 0.044882108 
480 94 7 9 0.04488129 
677 190 8 10 0.04480299 
559 128 8 10 0.044788647 
762 151 8 11 0.044749737 
686 118 8 11 0.04472621 
681 173 8 10 0.044707824 
1013 291 9 12 0.044680975 
617 190 9 10 0.044643942 
776 150 10 12 0.044623263 
980 636 11 14 0.044619363 
447 167 7 9 0.044599753 
579 78 8 9 0.04459173 
678 24 7 8 0.044548262 
910 199 9 11 0.044511452 
173 568 40 49 0.04446416 
391 175 8 10 0.044444676 
510 72 8 9 0.044440646 
152 531 13 17 0.04443115 
670 247 12 14 0.04437851 
1009 255 8 12 0.04423686 
175 231 7 10 0.044236608 
321 113 8 9 0.04420155 
601 20 9 12 0.044085056 
241 219 9 12 0.04406249 
335 191 8 10 0.044031873 
802 270 10 12 0.043897975 
622 189 9 10 0.043888766 
750 44 9 10 0.04388359 
446 102 8 11 0.043856133 
591 111 8 10 0.043813284 
620 593 17 23 0.04376613 
864 157 7 10 0.043741725 
585 173 8 11 0.043662697 
538 184 7 9 0.04364216 
944 126 8 10 0.043609288 
471 152 7 9 0.043599922 
877 254 8 11 0.043566592 
535 151 8 10 0.043555185 
425 71 7 9 0.043483116 
386 182 8 10 0.04344127 
222 223 9 11 0.04338295 
489 175 9 10 0.043379933 
433 214 8 10 0.043313164 
559 165 8 10 0.043252867 
175 215 7 9 0.043204736 
520 151 7 9 0.043188762 
777 36 9 11 0.04317907 
933 213 8 11 0.043150384 
270 160 9 10 0.04314041 
663 175 8 11 0.04309312 
513 45 8 10 0.04305566 
248 112 9 12 0.042958345 
703 111 8 10 0.0428995 
624 20 8 11 0.04288389 
432 238 7 10 0.04282977 
670 8 8 9 0.042777352 
657 37 7 9 0.04276225 
185 207 8 10 0.042713773 
373 225 8 9 0.042601686 
520 171 9 11 0.042557485 
169 238 8 11 0.04254021 
561 554 10 14 0.04247248 
717 246 9 11 0.04234843 
495 175 9 11 0.04225454 
825 245 9 11 0.042248856 
480 192 8 11 0.042120833 
718 253 9 12 0.042105783 
303 187 10 12 0.042087365 
912 69 10 13 0.042015176 
7 472 19 28 0.041997697 
828 98 11 13 0.04197874 
902 66 11 13 0.041977115 
165 145 11 13 0.041936874 
615 112 8 11 0.04193179 
816 151 7 10 0.041910682 
325 300 10 13 0.041881386 
577 134 8 9 0.041842178 
213 238 8 11 0.041819334 
813 175 8 10 0.04178885 
800 181 9 12 0.04177598 
909 136 8 10 0.041770007 
510 485 10 12 0.041756857 
416 121 8 9 0.04173841 
482 135 8 10 0.041733168 
1000 148 7 10 0.04171444 
918 167 8 10 0.041676324 
591 71 8 11 0.041657846 
340 214 8 12 0.041613597 
424 213 7 10 0.041551042 
662 141 9 11 0.04150651 
807 222 8 10 0.04146053 
863 109 9 12 0.04145674 
457 237 8 11 0.04145642 
518 223 8 10 0.041436117 
943 207 9 10 0.041417897 
534 110 9 10 0.041408814 
920 248 7 9 0.041387975 
447 230 8 10 0.041372407 
230 231 8 11 0.041284356 
495 112 8 9 0.041281763 
498 208 8 10 0.041250862 
237 277 10 14 0.04124333 
181 164 11 14 0.041231498 
719 69 8 11 0.04117746 
983 343 9 12 0.041141804 
983 135 8 11 0.041134257 
185 78 9 11 0.041131295 
783 88 10 14 0.04112612 
634 261 9 11 0.041087665 
495 223 7 9 0.04100037 
454 87 8 11 0.040960856 
826 235 10 13 0.040932786 
703 275 10 14 0.04089091 
283 198 20 25 0.04085065 
854 400 8 10 0.040839028 
265 160 9 10 0.04081868 
632 55 8 11 0.040771887 
567 89 8 10 0.040769726 
790 109 9 12 0.04075222 
303 136 8 10 0.040743273 
967 327 9 12 0.04072139 
952 220 8 11 0.04053896 
520 32 10 13 0.04045762 
116 166 9 11 0.04043959 
897 135 8 10 0.04043158 
758 231 9 11 0.040374484 
973 202 9 12 0.040364996 
722 197 8 10 0.040350176 
688 182 9 11 0.04030591 
259 135 8 11 0.04021214 
231 161 7 10 0.040210754 
298 180 8 11 0.040169016 
328 251 10 13 0.040098608 
241 175 8 11 0.040092 
176 93 11 14 0.040074185 
505 214 8 10 0.040067263 
90 104 8 10 0.040011335 
582 183 7 10 0.039995935 
424 433 25 31 0.039944444 
207 232 8 10 0.03981091 
841 131 9 11 0.039796535 
17 492 48 65 0.039796352 
912 246 6 9 0.039785083 
669 118 9 10 0.039783653 
640 38 7 10 0.03968084 
998 159 8 9 0.03967056 
649 159 8 10 0.039661262 
791 166 8 11 0.03961039 
716 310 10 12 0.03958995 
872 254 9 11 0.039519336 
177 555 14 18 0.039506484 
424 190 8 9 0.039429154 
641 184 8 10 0.039381724 
893 236 9 11 0.039350074 
359 135 8 10 0.039348505 
335 174 8 10 0.039340716 
463 95 8 10 0.039319746 
913 221 7 10 0.039318092 
642 190 7 9 0.0392938 
365 113 9 10 0.039291196 
938 341 9 10 0.039288204 
735 190 8 11 0.039242435 
684 93 8 11 0.03924035 
631 135 8 10 0.039183777 
55 205 11 14 0.03913913 
216 175 6 8 0.03913018 
186 214 7 10 0.039113797 
448 160 7 10 0.039101075 
673 47 8 9 0.039085403 
528 46 8 12 0.03908454 
871 230 10 13 0.039008558 
166 214 8 10 0.038900334 
639 167 8 10 0.038870133 
231 237 10 13 0.038830142 
601 582 11 16 0.03878008 
183 505 12 15 0.03874091 
785 127 8 11 0.03873256 
769 229 8 11 0.038713455 
576 111 8 10 0.03868566 
225 278 11 15 0.038657784 
600 200 7 9 0.038448542 
709 292 10 13 0.0384357 
443 133 8 10 0.03843183 
704 69 8 10 0.038431093 
983 357 7 11 0.03841792 
800 168 8 12 0.038415555 
361 223 8 11 0.038350716 
216 223 8 10 0.03834271 
919 158 7 10 0.038310234 
833 159 8 10 0.038213518 
868 52 11 14 0.038173176 
645 240 8 11 0.0381481 
977 340 8 11 0.038111843 
865 127 8 10 0.038098022 
506 222 7 10 0.038084123 
943 296 8 11 0.03801955 
999 298 11 14 0.03800131 
506 70 7 9 0.037982 
592 198 7 9 0.03796145 
370 38 8 10 0.037909813 
576 188 8 10 0.03789469 
640 199 8 9 0.037768416 
837 219 10 12 0.037744965 
288 211 13 18 0.037687846 
279 150 8 10 0.037682246 
960 177 7 9 0.037681293 
277 215 10 12 0.037670955 
737 14 8 10 0.037627466 
726 110 10 12 0.037591606 
775 126 9 11 0.037590414 
313 150 9 11 0.0375571 
837 198 8 11 0.03745261 
162 332 45 57 0.037447795 
513 151 8 9 0.037331283 
417 226 7 8 0.037329286 
783 229 9 12 0.037286542 
953 200 7 9 0.037235036 
998 175 9 11 0.037193608 
513 39 9 12 0.03715222 
913 158 8 11 0.03713786 
560 43 9 11 0.037084132 
54 242 11 14 0.037064455 
878 235 10 13 0.037050776 
871 182 8 12 0.037024245 
1015 150 8 11 0.036978453 
781 53 11 13 0.036892645 
616 204 10 13 0.0368591 
190 588 13 16 0.036807142 
479 198 8 10 0.036786765 
918 113 9 10 0.03675867 
504 142 9 10 0.03674875 
54 212 9 12 0.036729492 
180 580 13 18 0.03670682 
991 143 8 10 0.0366637 
696 112 7 10 0.036653534 
153 539 15 18 0.036591537 
367 53 9 11 0.03648066 
528 96 7 9 0.036463607 
1009 341 10 15 0.036415596 
37 218 13 16 0.036402006 
536 158 8 10 0.036353305 
999 255 9 12 0.03631283 
813 190 9 12 0.03624378 
340 221 8 11 0.03618989 
432 231 7 9 0.036166314 
881 119 9 11 0.03610815 
375 152 7 10 0.036099024 
600 126 10 12 0.036075216 
518 205 8 10 0.0360617 
497 29 9 12 0.03605069 
56 197 11 14 0.036038905 
695 223 9 11 0.03603488 
511 185 7 9 0.03600809 
747 110 9 12 0.035977487 
785 25 9 11 0.035970606 
66 385 22 29 0.03592829 
415 174 8 10 0.035922717 
614 127 8 10 0.0358996 
700 597 13 18 0.0358837 
193 255 8 10 0.03587923 
1007 347 9 11 0.03587404 
485 64 8 10 0.035850234 
534 48 8 10 0.035846584 
113 327 45 55 0.035764772 
671 230 8 9 0.03567065 
659 16 7 9 0.035659607 
433 160 8 9 0.035634167 
753 159 8 11 0.035631444 
384 190 8 10 0.0356093 
694 86 10 12 0.03559753 
359 183 8 10 0.035572633 
449 110 8 9 0.035555817 
751 232 9 11 0.03548857 
1009 160 7 9 0.035487164 
421 310 10 11 0.035463817 
505 79 8 10 0.03542836 
481 77 8 11 0.035395674 
336 259 9 12 0.0353727 
959 220 8 10 0.035359643 
511 61 8 11 0.035348054 
447 80 8 10 0.035347007 
199 77 9 11 0.03533319 
906 238 8 10 0.03532282 
673 278 9 12 0.035285696 
639 77 8 9 0.035280775 
584 190 7 9 0.03527697 
711 182 9 11 0.035266966 
616 94 8 10 0.035251573 
438 200 7 9 0.035249557 
527 189 7 11 0.035160534 
335 126 8 10 0.035142466 
432 197 9 11 0.035128858 
992 365 9 11 0.035121877 
429 128 8 10 0.034971934 
432 84 8 11 0.03496471 
456 137 8 9 0.03493113 
727 71 8 11 0.034913763 
999 126 9 11 0.034881227 
567 166 9 11 0.03485355 
479 88 7 9 0.034833867 
1006 525 17 26 0.034833 
366 127 7 9 0.034810774 
714 36 9 11 0.034758102 
288 302 10 13 0.034755073 
766 192 8 11 0.034735568 
774 179 9 12 0.034731586 
711 62 10 13 0.034705505 
624 46 8 11 0.034695216 
480 159 8 10 0.034672633 
688 20 8 9 0.034663398 
585 94 8 10 0.034642104 
481 64 8 11 0.03463158 
944 279 7 10 0.03462252 
223 227 10 12 0.034617953 
631 61 7 11 0.034604404 
177 223 7 9 0.03456702 
533 54 8 9 0.034560934 
386 175 7 10 0.03454358 
631 71 7 10 0.034524165 
576 221 9 11 0.034494057 
959 23 9 11 0.03442934 
234 188 8 10 0.03441182 
593 182 8 10 0.034386545 
622 173 8 10 0.0343235 
439 144 7 9 0.034198046 
663 103 10 13 0.034181174 
392 229 8 10 0.03412513 
590 103 8 10 0.034121007 
743 246 10 12 0.0340639 
536 175 8 10 0.034062296 
762 136 9 11 0.034055404 
887 214 9 11 0.03403486 
951 159 8 10 0.033988915 
912 231 7 10 0.033967096 
680 111 10 12 0.033962343 
789 158 8 10 0.03394894 
671 92 11 13 0.033948626 
857 223 8 11 0.03393936 
241 203 8 10 0.033913467 
544 87 6 9 0.033873286 
641 240 9 12 0.033829242 
914 42 13 16 0.03382645 
702 141 9 11 0.033813983 
672 103 9 12 0.03380699 
952 142 8 10 0.033769704 
828 270 9 12 0.033747233 
1007 149 8 10 0.033744413 
489 182 9 10 0.033741932 
26 147 11 13 0.033653352 
577 36 9 11 0.033642218 
918 229 10 12 0.033568878 
862 198 10 12 0.033564426 
176 491 37 45 0.03352916 
992 357 9 13 0.033500887 
336 198 8 10 0.03340812 
698 268 10 13 0.033384446 
631 321 9 11 0.03337229 
191 184 7 9 0.033358004 
169 233 8 9 0.033355854 
549 193 8 9 0.033317864 
943 184 10 12 0.033269737 
745 37 9 11 0.033264924 
677 0 10 10 0.03324201 
335 150 7 10 0.03323342 
602 586 15 20 0.033221554 
322 243 9 14 0.033188254 
660 271 10 13 0.03316333 
919 253 8 11 0.033136465 
893 45 11 14 0.033099808 
583 223 9 10 0.0330973 
537 473 10 13 0.033093795 
785 223 9 11 0.033026617 
751 150 7 10 0.03299334 
680 206 8 11 0.03293542 
719 118 9 11 0.032913096 
865 182 10 12 0.03286621 
679 199 9 10 0.032854334 
605 230 8 10 0.032809515 
703 293 10 13 0.032760553 
718 127 10 13 0.032674853 
527 184 7 10 0.03266944 
601 229 8 10 0.032639578 
894 167 8 10 0.03260759 
560 33 9 11 0.032575104 
541 31 9 11 0.032493155 
558 143 8 10 0.03248752 
647 184 8 10 0.03248646 
59 389 14 17 0.032480024 
629 580 13 19 0.03247753 
705 158 8 11 0.032406177 
605 159 9 10 0.03239122 
345 319 8 12 0.03238138 
214 192 8 10 0.032367874 
464 236 8 10 0.03231979 
718 63 9 12 0.032244377 
1005 126 9 11 0.032220133 
606 173 7 10 0.03217423 
1001 224 8 10 0.03211806 
689 486 9 11 0.032071363 
609 148 9 11 0.03206881 
712 68 9 12 0.032066576 
954 324 9 12 0.032059647 
856 270 11 13 0.03201366 
920 277 8 11 0.03195782 
716 260 11 14 0.03191877 
560 200 9 10 0.03191535 
711 491 8 10 0.031816266 
155 541 22 26 0.031794176 
766 378 8 10 0.03178464 
808 213 8 11 0.03176454 
976 277 9 12 0.03174743 
929 36 10 13 0.03172236 
789 124 9 11 0.03172122 
495 144 8 10 0.031707797 
445 94 9 11 0.03166746 
745 237 8 10 0.03165333 
431 475 11 14 0.031635635 
497 7 8 11 0.031598583 
815 223 8 11 0.031577967 
622 37 9 13 0.031530336 
425 57 7 10 0.031527583 
802 239 9 11 0.0315099 
399 96 9 10 0.031492557 
391 117 8 10 0.031452443 
518 54 8 11 0.03144287 
671 152 8 10 0.031426396 
622 223 8 11 0.031419035 
792 183 10 12 0.03139215 
441 231 7 9 0.031338714 
801 141 8 10 0.031328972 
410 175 8 10 0.03128597 
222 200 7 9 0.031281855 
392 206 8 10 0.03128085 
375 204 10 13 0.03117936 
624 53 9 11 0.031178359 
246 306 12 16 0.031108234 
471 127 8 10 0.031083684 
779 60 18 22 0.03104242 
342 110 9 11 0.031041207 
776 191 9 11 0.031025928 
742 191 8 11 0.030978952 
864 189 11 12 0.030971536 
519 84 8 10 0.030939326 
983 316 11 12 0.030925067 
561 232 9 11 0.030919282 
293 234 11 15 0.030896993 
789 87 10 14 0.03080497 
785 118 8 11 0.030713454 
814 228 10 13 0.030696508 
735 116 10 12 0.030686934 
585 338 9 10 0.030676065 
382 198 8 10 0.030630605 
438 182 8 10 0.03058257 
686 125 7 11 0.03056924 
519 78 8 11 0.030516312 
181 86 12 15 0.03047961 
698 262 10 12 0.030454963 
518 110 7 9 0.030454477 
141 240 9 10 0.030452248 
661 205 8 11 0.03044957 
481 127 8 10 0.030397806 
583 45 9 11 0.03038044 
623 6 8 10 0.030334584 
583 71 8 10 0.030300297 
677 278 9 10 0.030281782 
624 127 9 10 0.030281276 
854 110 8 11 0.030277565 
317 260 10 15 0.030270876 
282 126 9 11 0.030269504 
369 182 9 10 0.030262338 
983 185 8 10 0.030237945 
898 77 9 12 0.030232646 
517 326 7 9 0.030192915 
360 160 8 10 0.03018861 
344 166 8 11 0.0301856 
308 265 13 17 0.030144222 
910 239 8 10 0.030135883 
953 92 8 10 0.030089758 
258 268 11 15 0.03004774 
173 507 11 15 0.03002252 
663 216 8 10 0.02994937 
917 172 8 11 0.029942881 
750 127 10 11 0.029929651 
561 110 8 11 0.029927291 
853 263 9 12 0.029902374 
280 159 8 10 0.029892577 
919 314 8 11 0.029876644 
928 159 8 11 0.029834954 
320 145 8 10 0.029831167 
368 47 9 12 0.029828848 
808 207 9 11 0.02982857 
688 220 8 11 0.02982498 
519 126 7 9 0.029821495 
663 167 8 10 0.029810019 
601 358 8 11 0.029804157 
609 586 22 29 0.029789586 
728 46 8 10 0.029773775 
46 221 10 13 0.029764693 
342 117 9 10 0.0297535 
750 57 9 11 0.029740755 
870 119 8 10 0.029731866 
574 92 9 11 0.029729653 
382 214 8 11 0.029729197 
408 108 9 11 0.029708458 
278 182 9 12 0.02968155 
800 110 9 12 0.029639212 
991 206 9 13 0.029544704 
721 128 18 23 0.029536638 
286 122 8 10 0.029529013 
79 294 10 13 0.029524285 
33 250 16 18 0.029508848 
665 479 9 12 0.029503224 
328 214 10 13 0.029478822 
272 268 9 12 0.029442705 
441 86 7 10 0.029433578 
878 181 9 11 0.02936204 
565 31 9 11 0.029308664 
696 254 9 12 0.029306615 
734 39 8 10 0.029258631 
528 156 9 11 0.029235136 
760 158 8 11 0.0292224 
1014 276 8 13 0.029219463 
217 183 7 10 0.029193878 
633 206 8 10 0.029176043 
829 594 9 12 0.029163256 
887 191 9 10 0.029109538 
802 251 9 12 0.029086487 
422 102 8 10 0.029041491 
615 69 9 11 0.029038612 
869 594 12 15 0.028972346 
954 88 7 10 0.028956406 
981 167 10 12 0.02894883 
917 84 9 11 0.028943744 
855 157 8 11 0.02892342 
951 150 7 10 0.028892186 
787 212 8 11 0.02883972 
278 191 8 10 0.028838957 
542 103 8 10 0.028796373 
566 103 8 11 0.028780695 
672 287 8 10 0.028778989 
631 240 9 11 0.028738499 
440 79 7 10 0.02873649 
714 16 7 9 0.028714444 
784 167 7 10 0.02869871 
703 203 9 13 0.028694391 
464 158 7 10 0.028688183 
362 143 7 9 0.028661435 
720 298 12 16 0.028656173 
484 515 14 19 0.02863826 
986 155 8 11 0.02863302 
184 563 27 33 0.028630676 
590 155 10 13 0.028609117 
504 64 7 10 0.028608283 
943 155 9 11 0.028598221 
544 118 9 10 0.028590156 
89 247 10 13 0.028536139 
360 206 8 11 0.028518056 
685 101 8 12 0.028467378 
607 1 9 10 0.028460031 
536 165 9 12 0.02845942 
861 50 13 15 0.028451238 
783 244 9 11 0.028431239 
617 212 9 12 0.028428031 
121 310 9 12 0.02837425 
530 109 9 11 0.02834708 
353 79 7 10 0.028316252 
741 183 9 10 0.028235205 
56 395 14 18 0.028179305 
783 190 9 11 0.028177967 
960 286 8 10 0.028172133 
977 104 9 11 0.028154442 
656 152 7 10 0.028096266 
48 240 11 16 0.028071823 
369 245 9 11 0.028065031 
972 102 23 27 0.028064499 
201 231 9 11 0.02803927 
423 151 7 9 0.028032975 
698 52 8 12 0.028031325 
919 93 11 13 0.028030066 
189 539 14 17 0.028005611 
589 15 9 10 0.028000407 
393 245 8 10 0.027982892 
896 126 8 11 0.02792648 
912 314 9 12 0.027922904 
942 197 8 11 0.027907286 
425 238 8 10 0.027891438 
618 174 9 11 0.027854351 
759 117 11 13 0.027849896 
897 104 10 12 0.027838312 
309 275 11 13 0.027812252 
831 278 8 10 0.02780365 
231 213 7 10 0.027801726 
563 578 25 34 0.027801348 
905 189 8 11 0.027781188 
865 134 8 11 0.02777104 
460 135 20 25 0.027731989 
486 103 8 9 0.027730264 
873 141 8 10 0.0276974 
384 127 9 10 0.027675465 
168 199 7 10 0.027674206 
389 104 9 11 0.027665518 
479 182 7 10 0.027650896 
409 159 9 10 0.027550243 
273 218 9 12 0.02754188 
967 215 8 11 0.027540194 
158 188 10 12 0.027467195 
678 61 9 12 0.02745228 
1007 229 7 10 0.027448533 
502 29 8 11 0.02744273 
671 238 10 13 0.027396595 
235 143 8 11 0.027322477 
503 159 8 10 0.027314343 
807 165 10 13 0.027298504 
869 59 11 14 0.027292948 
968 220 9 12 0.027281435 
192 262 7 9 0.027262665 
654 447 9 12 0.027220763 
184 325 46 57 0.027216017 
271 135 7 10 0.027204532 
240 244 9 12 0.027174225 
673 258 11 13 0.027168488 
689 53 8 11 0.027151996 
79 245 9 10 0.027142242 
566 231 8 11 0.027127484 
502 319 7 8 0.027104639 
174 578 13 19 0.027098926 
886 143 8 10 0.027097598 
910 149 8 10 0.027086433 
897 602 11 15 0.027078796 
324 324 11 14 0.0270222 
742 80 10 12 0.027002342 
664 135 8 11 0.026998077 
245 151 7 9 0.026987256 
600 78 8 9 0.026974387 
624 77 9 11 0.026961083 
185 184 7 9 0.026935115 
193 157 8 11 0.026932178 
761 111 9 11 0.02689443 
559 119 9 10 0.026882887 
721 77 8 10 0.026867237 
232 205 8 10 0.026862904 
976 217 7 9 0.026846668 
71 286 9 12 0.02682493 
198 256 9 10 0.026821291 
950 292 7 11 0.026816878 
878 166 8 10 0.026795631 
898 330 8 12 0.0267787 
970 332 8 11 0.026777431 
741 173 8 11 0.026729496 
648 166 9 10 0.026720606 
867 45 11 14 0.026682006 
455 151 8 9 0.026677085 
975 85 10 12 0.026673252 
290 196 26 30 0.026665857 
869 31 8 11 0.026651047 
543 62 7 10 0.026633909 
246 296 24 31 0.026627023 
781 174 7 10 0.02662659 
413 154 18 23 0.026600895 
908 103 10 12 0.026582569 
726 77 8 9 0.026573624 
310 68 8 10 0.026567476 
511 28 10 12 0.02654703 
443 449 43 51 0.026517695 
254 109 10 12 0.026517412 
200 284 10 13 0.026507061 
317 266 12 16 0.026502326 
328 69 9 10 0.026464704 
628 86 11 13 0.026396532 
294 128 8 9 0.026379908 
893 264 8 10 0.0263613 
281 120 8 10 0.026347786 
983 198 9 12 0.026328119 
361 237 8 11 0.026317058 
288 152 8 10 0.026313024 
638 320 9 11 0.026309678 
935 255 8 10 0.026282366 
401 101 8 11 0.026265068 
800 136 8 11 0.02625441 
546 491 17 22 0.026231887 
962 266 8 10 0.026218096 
958 323 10 13 0.026153432 
664 30 8 10 0.026152508 
621 0 11 12 0.02613958 
629 184 9 10 0.026137307 
543 352 8 11 0.026088707 
781 198 10 12 0.02608787 
20 479 13 18 0.026060179 
545 165 8 11 0.026057594 
656 118 9 11 0.026030384 
614 24 9 12 0.026011944 
61 246 9 12 0.02596471 
654 70 8 10 0.025949316 
830 70 12 13 0.025942618 
760 222 10 12 0.0259374 
666 78 7 9 0.02592202 
920 124 8 10 0.025899982 
511 240 10 12 0.025896844 
743 69 9 11 0.025883004 
874 215 7 10 0.025878573 
832 167 8 10 0.025858372 
806 262 8 10 0.02585361 
788 42 13 15 0.025819516 
670 159 8 9 0.025798367 
554 63 8 10 0.025787102 
637 270 9 12 0.025769727 
23 241 24 27 0.025734734 
368 157 8 10 0.025708487 
221 248 8 10 0.02570819 
875 164 8 10 0.025705399 
655 223 9 11 0.025687242 
576 16 8 10 0.025669705 
536 215 8 10 0.025659379 
247 165 8 10 0.025654944 
113 161 8 10 0.025651608 
976 80 10 11 0.025640754 
915 24 11 13 0.025617212 
824 191 10 13 0.025574908 
250 88 9 12 0.025565179 
799 222 10 12 0.025547402 
647 118 11 12 0.02554727 
646 16 7 9 0.025543911 
957 333 9 12 0.02552334 
944 307 8 11 0.025521714 
134 30 8 10 0.025504524 
359 376 9 11 0.02544011 
637 119 9 12 0.025437325 
741 166 9 12 0.02543317 
663 39 7 10 0.025429646 
547 485 14 17 0.025425466 
205 277 10 12 0.025414968 
135 247 8 9 0.025409954 
206 263 8 10 0.025398936 
1001 211 9 12 0.025338858 
469 62 9 11 0.025282746 
606 245 8 11 0.025280995 
119 76 10 13 0.02524012 
254 294 12 14 0.025199467 
724 326 10 12 0.025111014 
899 600 19 23 0.02509678 
826 276 9 11 0.025076553 
277 269 8 11 0.025061635 
670 15 7 10 0.025049131 
251 304 13 19 0.025031682 
703 103 8 11 0.025030034 
944 224 8 10 0.025025858 
78 212 10 12 0.025018437 
688 36 8 10 0.024992513 
519 229 7 10 0.024990682 
343 200 8 10 0.024989538 
657 212 8 11 0.024918152 
859 494 10 14 0.024916088 
695 464 17 23 0.024906091 
926 277 9 12 0.024906056 
788 227 11 13 0.024891878 
537 28 9 12 0.024870554 
679 79 8 9 0.024857905 
265 214 10 12 0.024808805 
527 198 8 10 0.024787351 
999 166 8 10 0.024781255 
471 94 9 10 0.024778508 
718 357 9 11 0.024767391 
718 46 8 10 0.024749648 
662 200 8 10 0.024744691 
418 61 8 10 0.024740292 
657 101 10 13 0.024718331 
909 25 18 21 0.024682568 
614 134 8 10 0.024660148 
331 285 12 16 0.024598474 
26 133 10 12 0.02459284 
1015 269 8 13 0.024543539 
418 133 8 9 0.02449968 
695 213 8 10 0.024490986 
801 152 8 11 0.024487067 
926 183 9 12 0.024474353 
224 214 8 10 0.02446946 
584 115 9 11 0.02446583 
904 232 8 10 0.024455002 
929 172 9 11 0.024425289 
840 165 9 11 0.024390867 
1008 212 8 11 0.024380669 
789 256 10 12 0.024375223 
598 1 9 10 0.02437348 
630 189 8 10 0.02434574 
193 144 9 11 0.024333378 
135 38 10 13 0.024325177 
423 231 7 10 0.024277747 
581 149 9 12 0.024266401 
163 118 9 12 0.024265606 
312 119 9 10 0.024249384 
784 239 10 12 0.024241006 
552 112 8 10 0.02422184 
970 366 8 11 0.024211168 
774 85 10 13 0.024169749 
901 211 10 12 0.024150826 
1015 222 8 11 0.024146032 
812 238 10 11 0.024138907 
431 71 6 10 0.024117086 
1008 205 9 13 0.024116453 
702 39 7 10 0.024113713 
868 37 9 11 0.024097694 
833 253 8 10 0.024070159 
647 255 8 10 0.024050238 
674 38 7 9 0.024042452 
980 334 9 11 0.024031393 
567 144 8 9 0.024021024 
351 190 8 9 0.02398714 
970 116 8 11 0.023961226 
71 222 13 17 0.023937618 
132 320 12 16 0.02393037 
493 230 8 10 0.023929505 
111 175 11 13 0.023910208 
943 259 9 12 0.023901397 
953 278 8 11 0.023899421 
488 236 8 10 0.023872104 
367 373 9 11 0.02387034 
317 274 12 14 0.023856506 
464 246 8 10 0.02382768 
309 126 9 10 0.023822375 
208 207 7 10 0.023789372 
957 342 8 10 0.023765933 
712 174 7 10 0.023732089 
162 213 9 11 0.02373125 
726 7 8 10 0.023729837 
906 263 8 10 0.02372651 
129 38 9 11 0.023719145 
929 255 7 10 0.023705231 
654 374 11 12 0.023698505 
432 173 8 9 0.023694143 
112 32 7 10 0.023681141 
992 182 9 10 0.02365364 
481 150 8 10 0.023632985 
761 183 8 11 0.023610229 
992 231 8 11 0.023603678 
376 210 10 14 0.023601834 
624 135 10 11 0.023587765 
824 182 9 10 0.023557896 
736 72 7 9 0.023550121 
376 200 9 11 0.02354669 
256 199 8 11 0.023536474 
711 141 9 11 0.023534907 
1006 182 9 11 0.023534687 
77 220 12 18 0.023520922 
980 102 11 13 0.023485607 
255 102 9 12 0.023469754 
485 77 8 11 0.023448426 
703 285 9 13 0.02338501 
728 39 9 11 0.023382239 
1007 628 10 12 0.023380972 
615 276 10 12 0.023374736 
872 318 9 10 0.02336549 
727 54 8 10 0.02336118 
990 591 12 15 0.023359874 
174 492 12 13 0.023347216 
663 159 8 9 0.02333701 
258 172 8 11 0.023304343 
350 86 8 12 0.023299184 
398 246 8 10 0.023272363 
407 96 8 10 0.023211624 
301 151 9 12 0.023210986 
750 591 18 22 0.023206964 
10 243 11 13 0.023198104 
407 64 6 9 0.023193771 
205 271 9 11 0.023191998 
591 337 8 11 0.023187641 
742 270 12 14 0.023175128 
598 341 9 11 0.023139987 
400 69 8 10 0.023133865 
417 188 8 11 0.02312779 
958 245 9 13 0.023126809 
861 71 10 12 0.023110462 
854 144 7 9 0.023100203 
394 224 8 11 0.023091987 
348 100 9 11 0.023085242 
927 46 9 12 0.023073062 
586 467 9 13 0.023066295 
177 78 9 11 0.02306471 
712 205 9 11 0.02306092 
711 120 8 11 0.023059405 
428 134 8 10 0.023048528 
607 343 10 11 0.023020994 
590 224 8 10 0.023000596 
804 275 9 12 0.022996947 
187 510 24 29 0.022980893 
662 55 8 11 0.022971945 
246 70 9 11 0.022971172 
802 157 9 11 0.022965966 
871 248 8 10 0.022953201 
148 526 22 27 0.022941763 
156 353 26 37 0.022922123 
51 220 11 14 0.022907667 
672 72 7 9 0.022906471 
493 133 8 10 0.022893317 
137 321 30 38 0.022866394 
1005 298 10 13 0.022849994 
693 311 9 13 0.022847746 
178 244 9 12 0.022836922 
971 566 9 12 0.022812434 
527 231 8 9 0.02279539 
464 125 8 10 0.022791682 
976 361 10 11 0.022784805 
189 77 9 11 0.02277311 
575 87 9 11 0.02274489 
537 207 8 10 0.02273559 
821 22 10 12 0.022728717 
578 496 16 22 0.022712514 
656 8 9 10 0.022698868 
749 244 10 13 0.022697633 
1010 110 9 13 0.022692004 
168 192 7 10 0.022677006 
863 176 8 10 0.022584 
563 550 11 14 0.022571472 
702 29 7 10 0.022566179 
801 285 11 11 0.022555178 
175 557 23 30 0.022549033 
438 119 18 25 0.022536475 
544 56 7 10 0.022525422 
906 268 8 12 0.022497997 
606 239 8 10 0.022491697 
519 119 7 10 0.022483593 
567 214 7 9 0.022475796 
676 88 19 24 0.022466674 
477 208 19 26 0.022452846 
590 37 8 10 0.022434214 
744 56 10 11 0.02242724 
119 303 9 12 0.02240048 
366 162 17 23 0.022331167 
583 87 8 10 0.02232107 
134 23 8 12 0.02231632 
1014 135 8 11 0.022307612 
157 551 14 17 0.022276921 
158 243 8 11 0.022261888 
337 206 9 12 0.022252826 
653 499 11 13 0.02224902 
977 310 9 11 0.022236208 
431 263 10 12 0.022234783 
233 175 8 9 0.022232449 
950 310 8 10 0.02222918 
753 184 8 10 0.022186851 
937 128 8 10 0.02218245 
734 151 8 10 0.022160586 
672 0 9 10 0.022158999 
336 109 11 11 0.022138694 
332 315 11 13 0.022135979 
801 126 8 11 0.022090377 
108 598 28 31 0.022088865 
325 267 11 15 0.02207971 
719 55 8 9 0.022032145 
360 200 8 10 0.021994518 
354 135 8 10 0.021984026 
621 565 12 15 0.021945396 
896 143 9 10 0.02193446 
172 542 14 17 0.021914368 
929 294 8 10 0.021900797 
902 221 8 11 0.021890037 
858 100 8 12 0.02188042 
686 503 8 11 0.021875083 
436 191 8 11 0.021871261 
848 158 8 10 0.021849757 
353 393 12 16 0.02182829 
647 113 9 10 0.02178918 
933 321 10 11 0.021768354 
184 152 9 10 0.021753665 
983 119 19 24 0.021736989 
248 101 8 11 0.021735571 
640 62 8 11 0.02172667 
91 377 13 17 0.021716768 
928 230 10 12 0.021712586 
960 27 10 12 0.021709092 
391 239 7 9 0.021687847 
188 563 16 18 0.021662882 
385 54 8 10 0.021651048 
968 145 18 23 0.021635622 
378 103 9 11 0.021614423 
936 307 10 12 0.021612788 
565 252 10 12 0.021604847 
569 191 8 9 0.021596985 
367 205 9 12 0.021595284 
590 348 8 10 0.02159354 
609 54 8 10 0.021593358 
1006 224 8 10 0.021569764 
368 59 8 11 0.021560598 
593 76 8 10 0.02155345 
830 215 10 13 0.021532856 
690 183 18 24 0.021464353 
576 344 8 10 0.021461071 
783 45 10 12 0.02146081 
545 136 7 10 0.02142653 
800 229 9 12 0.02142407 
71 443 40 50 0.021416329 
713 7 8 9 0.021394266 
890 223 7 9 0.02138906 
895 151 8 10 0.021360252 
820 51 13 16 0.021304468 
641 484 10 12 0.02130445 
911 344 7 9 0.021302685 
919 238 9 12 0.021296952 
399 208 9 10 0.02128947 
797 204 10 13 0.02128539 
342 206 9 11 0.02128228 
812 246 9 11 0.021280011 
657 324 9 12 0.02127762 
746 596 11 14 0.021270918 
904 343 7 9 0.021265006 
927 136 7 9 0.021256555 
297 260 11 16 0.02124577 
135 601 29 33 0.021242404 
405 188 8 10 0.021226883 
665 246 11 15 0.021219507 
769 253 10 13 0.021217596 
894 158 7 10 0.021189177 
166 560 13 18 0.021172695 
648 86 10 12 0.021166002 
230 103 7 10 0.021152278 
346 89 8 10 0.021150855 
864 248 9 11 0.02114204 
601 159 9 11 0.0211211 
554 77 8 11 0.021100318 
895 313 9 11 0.021080816 
361 228 9 11 0.021053744 
423 141 8 10 0.021042867 
664 45 7 9 0.021036835 
77 357 11 15 0.021023916 
246 254 9 12 0.02102062 
245 215 9 12 0.021016313 
768 103 10 12 0.021013968 
904 173 8 11 0.02098972 
1005 326 10 12 0.02097328 
906 304 9 12 0.020959582 
48 215 10 13 0.020959007 
194 603 17 20 0.02095075 
926 599 9 11 0.020948905 
486 95 8 11 0.020930072 
701 586 10 12 0.020910691 
181 590 16 20 0.020881936 
515 485 10 13 0.020808512 
669 439 11 12 0.02080687 
825 175 8 10 0.020803576 
232 132 191 215 0.02075062 
370 237 9 12 0.020730773 
959 166 9 11 0.020708539 
509 12 12 13 0.02069113 
942 94 9 10 0.02068718 
757 236 8 11 0.02068341 
374 142 8 10 0.02068063 
256 150 8 10 0.020679375 
497 62 8 10 0.020678822 
207 255 9 11 0.020672375 
256 182 9 11 0.0206693 
126 609 42 49 0.020666605 
174 208 7 9 0.020661997 
812 253 8 11 0.02063055 
936 44 9 11 0.020609768 
656 254 9 12 0.020609662 
320 305 19 23 0.020607386 
437 55 8 10 0.02059785 
707 597 11 15 0.020594865 
341 236 9 11 0.020583654 
928 269 9 12 0.020574002 
738 105 19 22 0.020557119 
405 200 19 25 0.02055251 
1000 325 9 12 0.020547444 
577 73 8 9 0.020545952 
84 219 13 17 0.020544238 
904 245 8 11 0.02054038 
201 237 8 11 0.020536534 
452 469 45 51 0.020535825 
980 644 13 16 0.020531539 
896 118 10 12 0.020514967 
241 269 11 15 0.020496834 
853 135 9 10 0.02049468 
863 222 9 11 0.020477459 
948 302 9 12 0.020476146 
175 192 7 9 0.020436743 
243 143 9 10 0.020415777 
206 160 7 9 0.02041295 
888 44 12 14 0.020405803 
424 420 10 12 0.020401597 
991 223 7 9 0.020378869 
359 172 7 10 0.020366108 
272 149 8 10 0.020346101 
4 508 13 22 0.02034068 
254 230 11 15 0.020324802 
901 55 19 23 0.020311117 
439 239 8 10 0.020304125 
993 254 9 13 0.020303015 
980 108 11 13 0.020297581 
391 128 8 10 0.020293182 
640 212 8 11 0.020281326 
422 121 8 9 0.02026946 
535 22 10 12 0.020267231 
321 332 10 13 0.020265074 
302 272 13 17 0.02025632 
528 174 8 10 0.02025266 
935 223 8 11 0.02024349 
154 303 9 12 0.020241173 
290 231 10 13 0.020240547 
710 102 10 13 0.020237079 
736 192 18 24 0.020207124 
609 31 19 23 0.020162877 
633 7 8 9 0.020155849 
949 251 8 11 0.020153614 
553 23 9 11 0.020152004 
727 0 9 9 0.020134296 
697 285 10 13 0.020091157 
406 222 7 10 0.02008224 
479 239 8 9 0.02004492 
689 46 8 10 0.020035215 
448 176 8 9 0.020024203 
966 292 9 11 0.020013526 
526 214 11 13 0.020012563 
26 469 54 67 0.02001048 
28 257 16 17 0.020008495 
