0_Parade_Parade_0_461
68
505 195 113 161 0.9875119 
29 503 141 111 0.15995462 
83 226 46 72 0.14204723 
147 115 14 18 0.13408102 
146 138 52 56 0.11922482 
860 72 87 127 0.109028 
133 156 11 15 0.098019294 
531 162 76 65 0.08163494 
11 718 17 20 0.08037002 
276 403 121 135 0.06966333 
36 742 12 15 0.06792333 
28 694 10 12 0.06492965 
509 147 125 107 0.062070232 
215 0 26 26 0.055337816 
132 175 22 31 0.054983467 
462 119 186 222 0.052818697 
125 121 84 99 0.05277353 
249 237 11 14 0.052701663 
229 167 10 14 0.04612292 
142 121 14 18 0.044591177 
602 351 397 483 0.043299876 
114 141 25 33 0.043262724 
105 138 46 53 0.04048263 
415 135 13 15 0.03928373 
104 216 45 67 0.039109297 
156 234 27 36 0.038777255 
134 217 43 62 0.03817407 
32 718 12 14 0.03554677 
59 222 88 114 0.035498183 
256 69 34 42 0.03492929 
173 240 15 21 0.033732273 
132 77 26 37 0.033606105 
383 338 59 74 0.033499427 
117 52 23 33 0.03108284 
67 116 15 18 0.031019587 
252 188 17 21 0.03052988 
879 0 33 33 0.030190747 
8 105 16 23 0.029893786 
113 46 46 67 0.02945804 
311 145 46 50 0.028977113 
98 218 26 32 0.02857941 
0 206 11 16 0.028561624 
137 155 14 17 0.028404854 
565 155 44 37 0.02786408 
285 269 10 14 0.027435081 
356 148 12 14 0.02670839 
125 151 15 21 0.026385138 
888 93 118 121 0.02562324 
246 58 60 63 0.025581837 
333 329 96 111 0.025341038 
366 286 14 16 0.025147453 
134 129 14 18 0.024582759 
107 151 18 22 0.024425099 
110 189 48 63 0.023501495 
66 204 25 32 0.02338861 
191 81 28 30 0.023352737 
102 0 14 13 0.023203265 
20 189 14 16 0.023050392 
155 134 28 33 0.022979533 
416 126 28 32 0.022872783 
132 149 24 33 0.021897243 
144 147 30 39 0.021667803 
141 79 16 22 0.021615 
891 1 21 19 0.021230413 
222 192 26 33 0.020813905 
403 -2 93 120 0.02071358 
432 95 47 70 0.020572627 
102 17 46 69 0.02049075 
