12_Group_Large_Group_12_Group_Large_Group_12_286
138
89 157 44 64 0.9986089 
799 226 69 99 0.99644727 
491 242 29 36 0.99408555 
283 154 42 59 0.99330384 
412 259 52 80 0.9801894 
-1 192 31 42 0.9801578 
1002 265 20 25 0.9284362 
919 262 12 17 0.9083769 
969 256 17 21 0.7091911 
264 222 35 57 0.62979496 
484 218 18 22 0.53473514 
400 213 25 28 0.4935111 
596 246 21 30 0.47677308 
726 249 14 20 0.37878785 
643 218 13 16 0.16817275 
355 158 13 17 0.16540073 
836 652 12 14 0.16353445 
410 215 14 18 0.16197644 
142 201 32 35 0.15022635 
475 213 16 20 0.13500534 
163 211 14 18 0.13356262 
147 192 12 14 0.13353847 
590 119 8 11 0.122507036 
910 211 9 12 0.118675895 
958 207 10 13 0.10788649 
567 260 10 13 0.10748212 
573 256 12 15 0.096633635 
976 226 11 13 0.09523381 
139 193 22 28 0.08360791 
976 212 10 12 0.082887076 
486 231 26 34 0.07094576 
430 251 30 50 0.06890299 
889 209 12 16 0.068605684 
1001 189 9 11 0.06853661 
501 204 10 13 0.0647378 
994 221 10 13 0.06388104 
621 119 11 13 0.061861195 
902 258 12 19 0.059339773 
967 213 9 11 0.058983978 
953 229 9 12 0.058328632 
606 119 10 12 0.058214046 
264 165 30 38 0.056011885 
974 269 14 19 0.055766642 
477 221 18 21 0.052002344 
541 139 10 13 0.051263835 
412 157 11 14 0.050500426 
610 271 26 35 0.04999606 
452 207 14 16 0.04982516 
233 222 44 60 0.049363833 
592 135 8 12 0.048705406 
623 136 8 10 0.04650641 
1004 183 9 12 0.046370383 
440 224 9 12 0.045408025 
213 217 42 56 0.045301303 
495 205 11 14 0.044866864 
969 220 11 15 0.04358195 
566 143 7 10 0.04339385 
523 206 10 12 0.04297979 
641 262 43 55 0.042867992 
802 195 14 18 0.04162541 
609 112 8 10 0.03972932 
645 132 9 11 0.03811996 
965 208 9 12 0.03784503 
912 260 12 18 0.03756398 
368 31 27 29 0.037007157 
600 253 23 35 0.036540028 
989 253 10 13 0.034900073 
809 654 10 13 0.0348734 
645 120 8 10 0.034267016 
973 190 8 11 0.034159042 
991 248 11 14 0.033591725 
519 217 15 19 0.03351311 
522 211 13 17 0.03303301 
397 209 41 49 0.03292561 
730 247 40 55 0.032831203 
998 208 10 11 0.03277727 
614 117 13 15 0.032731526 
906 207 9 12 0.032585837 
644 126 10 13 0.032392252 
569 126 8 10 0.032389484 
322 193 15 19 0.032051407 
993 215 9 11 0.031942654 
997 213 10 13 0.031418324 
445 226 10 13 0.030702347 
995 226 12 14 0.03031467 
592 248 16 23 0.030087616 
518 104 9 11 0.030069087 
952 268 10 13 0.029877694 
614 274 15 20 0.029556762 
956 220 12 15 0.029423798 
441 259 30 51 0.029108627 
957 184 9 11 0.02904376 
476 287 33 46 0.028717563 
968 247 11 15 0.02863065 
953 184 8 11 0.02816079 
618 268 18 23 0.028152168 
710 247 10 12 0.028077157 
542 103 8 10 0.027830578 
514 87 7 9 0.027330413 
616 135 10 12 0.027329665 
434 242 25 34 0.0265825 
672 100 10 12 0.025631694 
599 119 10 13 0.025541326 
934 269 10 14 0.025525402 
156 206 17 21 0.02547592 
598 135 10 14 0.02513916 
529 127 7 10 0.025084052 
979 255 14 17 0.025078395 
974 234 12 13 0.02402755 
797 680 14 18 0.023936387 
916 206 8 11 0.02362227 
656 110 9 10 0.023503454 
678 112 12 14 0.023498569 
267 169 18 23 0.023393007 
727 245 29 35 0.02262863 
992 208 9 11 0.022209149 
398 214 17 19 0.022198211 
637 216 23 26 0.022163313 
623 269 32 35 0.022157801 
198 213 13 16 0.022142263 
417 216 14 20 0.022111153 
494 85 8 11 0.02209522 
459 267 46 61 0.022074519 
490 212 20 25 0.022070425 
198 219 24 32 0.022043193 
407 733 47 33 0.021743245 
396 221 20 23 0.021676315 
469 151 12 15 0.021620935 
538 103 8 10 0.021598157 
573 126 7 9 0.02140114 
630 134 8 12 0.02132317 
780 232 51 77 0.021121278 
613 112 10 11 0.02105442 
454 223 10 12 0.020940853 
190 197 12 15 0.020840146 
972 222 19 23 0.020358864 
476 242 39 54 0.020105515 
974 184 8 10 0.020081347 
