12_Group_Team_Organized_Group_12_Group_Team_Organized_Group_12_403
93
751 265 24 28 0.9957029 
436 332 24 29 0.98620343 
232 398 22 27 0.98397416 
880 211 22 28 0.97915983 
183 290 24 28 0.97794443 
602 261 21 26 0.97496074 
358 405 26 32 0.9713855 
318 336 20 22 0.82474166 
767 303 28 38 0.5357815 
204 326 15 20 0.46479696 
190 421 13 19 0.45066014 
308 372 20 31 0.29299912 
338 362 17 23 0.25467405 
368 467 14 20 0.15357201 
198 373 15 20 0.13714975 
410 415 15 20 0.123650275 
181 365 10 12 0.12019329 
364 472 20 29 0.118587606 
411 464 14 18 0.10753102 
258 422 17 21 0.086831115 
230 484 13 18 0.08564148 
745 319 22 29 0.08099098 
400 399 11 15 0.069053225 
291 459 13 17 0.064496666 
365 358 13 15 0.06420516 
514 469 10 13 0.06388755 
454 372 23 28 0.058853075 
500 463 10 12 0.05861103 
307 359 13 16 0.056150664 
260 401 16 20 0.05608931 
460 421 14 15 0.05600465 
328 353 22 26 0.052114666 
231 443 13 19 0.05077732 
334 367 24 32 0.050419115 
407 396 12 16 0.049979653 
216 347 12 15 0.045268085 
866 314 17 20 0.044556614 
332 389 24 28 0.04312483 
877 277 16 21 0.04108327 
561 267 14 17 0.03979458 
320 347 19 23 0.03950488 
455 366 13 16 0.037345223 
134 387 11 14 0.037243128 
501 468 10 13 0.036193654 
456 425 12 14 0.03591476 
872 322 17 20 0.035853293 
284 407 24 27 0.034942932 
291 396 15 18 0.03486564 
590 304 14 19 0.03460399 
229 378 14 19 0.032974996 
403 394 20 26 0.03280815 
414 315 14 18 0.032555215 
447 409 15 18 0.032484632 
219 429 14 18 0.031911265 
448 522 12 13 0.031450424 
318 368 24 33 0.031445514 
302 361 23 33 0.03125969 
576 276 12 16 0.02961232 
422 448 15 20 0.028649 
308 390 17 22 0.027224116 
615 301 23 29 0.026950916 
371 356 14 16 0.026855089 
470 454 10 11 0.026799217 
253 439 23 31 0.025463043 
309 401 16 20 0.025080936 
247 397 20 28 0.024984205 
228 445 20 29 0.024902238 
333 519 24 34 0.024823297 
214 352 13 17 0.024663033 
752 229 11 13 0.024435949 
346 464 15 19 0.02433769 
771 299 19 22 0.024250558 
179 369 13 16 0.024224296 
476 409 12 16 0.024010573 
205 367 13 15 0.023602337 
410 402 16 21 0.023228066 
290 454 24 28 0.022914201 
461 462 12 13 0.022588484 
435 379 13 18 0.022237482 
313 338 15 18 0.022190332 
228 435 14 20 0.022113204 
776 252 224 261 0.022055171 
379 354 12 15 0.021789888 
535 304 10 12 0.021620184 
258 408 20 25 0.020979265 
192 396 12 18 0.020908635 
729 38 8 11 0.020821104 
274 354 12 14 0.02067238 
545 293 10 11 0.02056308 
541 112 42 57 0.020537397 
342 396 27 31 0.020321121 
483 342 14 19 0.02021851 
430 387 14 19 0.020150015 
