12_Group_Group_12_Group_Group_12_478
19
438 279 65 78 0.99462163 
162 242 64 78 0.99343044 
330 286 73 93 0.99117833 
562 234 59 71 0.9859758 
795 246 70 93 0.4130118 
792 147 156 129 0.1660852 
84 479 32 40 0.14679395 
651 342 80 108 0.09846914 
66 501 12 15 0.083038166 
797 183 108 146 0.07313851 
-4 651 106 138 0.03323108 
830 192 86 85 0.026061473 
212 247 53 61 0.024466507 
416 -33 370 450 0.023658045 
73 488 29 33 0.02258959 
970 380 31 45 0.022354852 
203 255 33 45 0.0216321 
424 270 32 38 0.020305205 
57 542 10 14 0.020136917 
