12_Group_Large_Group_12_Group_Large_Group_12_253
122
162 264 31 40 0.9991961 
244 400 32 41 0.9990097 
678 320 28 36 0.99884367 
546 333 30 39 0.9987748 
972 389 32 41 0.9987336 
160 209 27 36 0.99854136 
89 242 27 34 0.99847156 
935 259 26 33 0.9983071 
355 225 28 38 0.99818856 
484 364 34 45 0.9978824 
860 249 28 35 0.9977048 
22 435 30 42 0.99754286 
40 264 34 42 0.9974776 
351 422 30 39 0.99728215 
606 321 28 36 0.99705696 
874 386 29 36 0.9968472 
795 232 25 32 0.99668485 
297 228 24 32 0.99664366 
131 416 36 47 0.9965904 
461 234 25 31 0.9965526 
659 385 26 35 0.9964563 
636 225 23 30 0.9956684 
410 236 24 32 0.99509 
758 373 28 33 0.99470466 
331 200 22 29 0.99445856 
860 222 23 29 0.99372166 
261 221 23 27 0.99338794 
707 245 24 32 0.9931845 
617 285 26 34 0.9924799 
560 206 22 27 0.9914675 
29 202 25 33 0.9852915 
499 210 22 28 0.98230046 
206 196 24 32 0.981767 
895 239 22 32 0.9799167 
119 200 22 30 0.97526973 
394 199 23 28 0.9740596 
613 210 22 27 0.97244084 
211 267 31 36 0.971686 
592 426 25 30 0.9692871 
731 232 21 28 0.96901333 
682 238 20 26 0.9569245 
768 203 19 23 0.9567192 
764 259 22 28 0.95343035 
460 204 21 26 0.94691163 
281 262 26 33 0.90299755 
389 431 43 44 0.90115243 
0 243 20 32 0.8987794 
642 194 15 18 0.57251304 
559 324 27 32 0.44595775 
629 220 22 30 0.33114195 
558 406 20 26 0.29207996 
901 220 13 15 0.20947585 
357 209 17 20 0.13877007 
597 193 13 16 0.13591555 
626 529 38 32 0.13095452 
944 235 12 15 0.12712122 
186 339 26 35 0.09319267 
695 238 24 29 0.08854842 
486 189 13 16 0.084754996 
305 400 27 36 0.07162303 
896 215 10 13 0.07020191 
898 226 16 20 0.066080555 
300 419 15 19 0.06410776 
857 232 28 36 0.06091768 
294 395 24 31 0.0552007 
778 227 15 19 0.05212589 
295 395 16 18 0.050395112 
404 205 22 28 0.049391787 
165 540 35 30 0.04730101 
684 218 23 26 0.04511024 
227 28 14 19 0.044953637 
893 233 18 24 0.044440262 
206 156 12 16 0.044149183 
532 197 12 14 0.041815687 
937 217 7 10 0.041248634 
278 251 15 21 0.040297043 
934 235 14 17 0.036699492 
0 146 12 19 0.03592806 
934 244 13 16 0.03527481 
206 178 12 15 0.034215957 
948 231 10 14 0.03295887 
851 386 13 19 0.032603562 
229 59 12 15 0.03210134 
284 233 26 32 0.031082513 
941 217 8 10 0.030857354 
843 222 11 16 0.030504677 
941 240 14 18 0.030116238 
29 197 16 23 0.029514192 
1003 385 21 31 0.029346732 
551 196 13 16 0.029294308 
873 249 25 33 0.029156769 
942 514 59 67 0.029141955 
781 235 23 30 0.028534386 
63 122 14 19 0.028034864 
5 178 12 17 0.027684331 
906 225 14 19 0.02756057 
492 196 13 16 0.026586395 
255 57 13 17 0.026433446 
218 196 23 32 0.026193686 
748 192 16 20 0.025971897 
447 207 14 19 0.025875647 
368 208 22 26 0.025514906 
862 386 14 19 0.023908796 
222 139 10 13 0.023297522 
538 216 16 19 0.023187485 
500 198 14 16 0.02300071 
369 421 42 48 0.022842748 
991 506 36 52 0.022782557 
941 222 10 12 0.02241916 
904 243 24 33 0.022337371 
516 212 14 19 0.022322323 
787 225 26 31 0.022245066 
486 157 8 9 0.021983976 
0 179 11 16 0.021709882 
525 203 11 16 0.021497397 
422 490 40 54 0.0210643 
481 158 8 10 0.020568155 
844 223 22 30 0.02040109 
418 216 15 18 0.020381851 
380 204 14 18 0.020332647 
128 200 24 32 0.020326903 
743 439 47 58 0.020185363 
