12_Group_Large_Group_12_Group_Large_Group_12_103
112
820 166 25 32 0.9979436 
772 193 29 38 0.9969812 
309 188 45 56 0.99677604 
401 204 27 40 0.99570435 
913 292 57 65 0.9952662 
105 149 44 52 0.99246466 
501 189 39 50 0.992187 
532 173 27 37 0.9901896 
638 141 27 31 0.9874462 
737 132 23 29 0.9835712 
509 127 19 25 0.95844215 
360 136 21 27 0.95688957 
922 181 20 33 0.94738734 
492 316 82 116 0.941557 
297 161 22 31 0.87998754 
400 151 20 26 0.8179922 
644 222 34 59 0.7472761 
385 158 22 26 0.4484221 
663 128 23 29 0.4171406 
193 475 94 115 0.38063446 
379 164 19 22 0.36496666 
160 172 28 35 0.33969146 
409 151 17 22 0.3319671 
692 200 32 43 0.26760602 
579 181 25 33 0.23005344 
313 123 21 28 0.19587527 
444 148 15 21 0.1464168 
260 462 62 105 0.14081478 
406 136 10 12 0.13498016 
702 191 28 35 0.13413258 
417 139 16 21 0.115142755 
333 163 25 32 0.09363579 
401 139 13 15 0.085472174 
929 178 28 30 0.0820369 
739 194 17 21 0.07819409 
526 164 13 18 0.07791134 
1 218 26 45 0.0740977 
455 204 20 29 0.0729409 
625 214 29 38 0.06694936 
591 239 27 30 0.06469858 
233 261 55 54 0.06409649 
98 324 28 37 0.0640479 
420 143 22 28 0.06384848 
636 210 31 49 0.062357374 
302 120 24 33 0.0618947 
451 148 14 22 0.0592557 
691 197 20 25 0.05803853 
523 162 23 29 0.05653468 
678 218 39 56 0.05553481 
658 230 35 44 0.053672366 
408 157 23 32 0.04859408 
464 197 21 27 0.047606766 
66 288 14 15 0.04749878 
767 177 25 32 0.04674159 
930 191 27 32 0.04655034 
281 167 25 34 0.04570923 
580 196 18 22 0.045392957 
956 258 49 62 0.044854194 
414 207 32 39 0.044573598 
345 170 16 21 0.043787025 
438 140 14 18 0.04009128 
402 139 23 29 0.03728882 
389 150 15 20 0.036945116 
942 294 36 45 0.03681364 
471 194 18 21 0.03631272 
620 148 13 19 0.031956036 
580 194 31 36 0.031826455 
481 206 21 32 0.030845605 
137 265 31 36 0.030737404 
614 147 12 19 0.030525995 
938 196 30 33 0.03051522 
249 208 16 18 0.02987721 
730 193 21 29 0.029549584 
394 167 24 31 0.029193973 
754 132 14 19 0.029161345 
940 172 27 30 0.029043615 
452 159 16 22 0.028627332 
414 135 12 14 0.02792039 
308 166 29 35 0.027389856 
210 285 26 32 0.02629167 
272 180 27 35 0.025898939 
758 174 23 27 0.025780175 
588 219 29 38 0.025632212 
550 345 81 105 0.025490781 
351 140 24 29 0.025489109 
58 287 24 24 0.025436882 
362 228 26 32 0.025133016 
-1 206 21 41 0.024726167 
646 131 28 35 0.024711821 
713 201 24 34 0.024075009 
417 157 17 23 0.024023753 
1 212 44 70 0.023540983 
600 244 33 40 0.02314624 
626 227 19 23 0.02300876 
695 181 31 34 0.022836339 
309 135 27 33 0.02267529 
500 181 30 33 0.022644518 
488 201 27 35 0.022529425 
147 171 28 36 0.022146435 
779 177 27 34 0.021638937 
579 171 18 22 0.021628687 
913 190 30 41 0.021491323 
221 241 51 58 0.021458227 
709 224 28 48 0.021162346 
319 167 31 39 0.021127667 
62 175 41 50 0.0209076 
288 160 39 51 0.020866575 
527 153 23 29 0.020835662 
371 171 23 27 0.020776726 
358 183 18 20 0.020701857 
714 192 20 25 0.020443441 
539 183 28 36 0.020285482 
