12_Group_Large_Group_12_Group_Large_Group_12_322
71
818 399 32 43 0.9990722 
1001 380 25 39 0.9975926 
251 354 36 48 0.99714154 
319 366 29 35 0.9958573 
515 372 40 51 0.9935476 
62 351 24 36 0.9857509 
756 359 30 40 0.3836036 
60 44 17 19 0.3472478 
86 52 15 18 0.2794014 
870 116 11 14 0.14705427 
961 538 34 59 0.108896196 
17 17 16 19 0.107120454 
9 120 16 18 0.09200067 
28 29 15 18 0.086798914 
675 358 18 22 0.08249534 
923 77 13 17 0.07533811 
23 41 14 18 0.07004023 
854 121 9 12 0.06273434 
888 116 11 14 0.055591986 
41 78 12 16 0.050994016 
871 124 11 14 0.049834266 
271 16 9 12 0.047546763 
295 16 11 15 0.04736456 
755 335 16 22 0.046480373 
345 348 27 34 0.041314535 
751 340 23 34 0.03872993 
310 36 10 12 0.03864112 
1001 45 16 18 0.038403396 
22 90 15 17 0.03836593 
89 45 17 19 0.036589216 
301 69 9 11 0.036197867 
887 109 11 14 0.03576396 
858 134 9 12 0.035592385 
14 24 14 19 0.03507884 
21 2 14 15 0.032463245 
654 350 24 32 0.032436885 
0 12 8 14 0.03195772 
909 109 9 12 0.030875927 
753 51 9 11 0.030846009 
35 9 16 18 0.030343665 
327 54 10 12 0.030282538 
647 346 11 17 0.029761497 
319 69 9 12 0.029629394 
750 314 10 13 0.02951462 
335 69 12 14 0.028897805 
748 342 17 23 0.028083997 
860 140 9 12 0.02746463 
34 0 18 18 0.027245447 
289 12 24 32 0.027152536 
28 0 15 13 0.026506113 
21 18 21 26 0.026247561 
375 311 14 17 0.025249148 
487 -8 83 105 0.024994897 
8 26 12 17 0.024615124 
904 98 12 16 0.024399346 
386 394 25 30 0.024340663 
298 17 14 19 0.023390044 
5 53 11 14 0.023371004 
2 10 13 17 0.0232017 
850 125 9 12 0.02314415 
85 76 12 15 0.023107534 
424 1 10 10 0.022963874 
28 11 16 18 0.022496039 
83 65 17 20 0.022334665 
305 54 9 11 0.022294633 
869 105 10 12 0.022259053 
743 340 13 16 0.021894507 
917 74 22 28 0.021552386 
13 27 22 28 0.021262996 
376 364 14 18 0.021021865 
868 111 20 26 0.02058323 
