12_Group_Team_Organized_Group_12_Group_Team_Organized_Group_12_707
308
387 270 32 42 0.999749 
490 281 35 44 0.99914336 
280 257 34 45 0.9988771 
298 160 33 43 0.99886835 
604 140 32 40 0.99871445 
600 273 40 49 0.9986389 
210 154 34 45 0.99863416 
179 271 40 48 0.99860877 
720 299 36 47 0.9985275 
501 137 34 43 0.9971813 
389 163 34 42 0.9949654 
684 148 36 47 0.98829824 
795 123 37 48 0.9857749 
527 32 11 13 0.3469061 
485 46 8 11 0.21310893 
466 30 6 9 0.19572285 
29 196 13 17 0.19453904 
38 143 9 10 0.19090958 
628 107 16 23 0.1888241 
49 110 8 10 0.18268704 
0 118 8 12 0.181952 
255 103 8 11 0.1673563 
410 54 7 10 0.15455551 
511 24 8 11 0.15086493 
656 87 10 13 0.14841872 
470 30 8 10 0.1396059 
540 85 10 13 0.13679066 
136 88 7 9 0.13228019 
120 162 8 11 0.124598354 
292 119 9 11 0.122946955 
300 131 12 14 0.12233471 
549 136 13 19 0.11372851 
237 104 8 10 0.11135131 
624 78 9 13 0.11091679 
53 189 9 13 0.103207804 
9 135 8 11 0.10114068 
532 31 10 12 0.09710659 
525 51 9 13 0.08871122 
458 57 8 11 0.0857695 
506 24 8 10 0.08301934 
697 85 11 14 0.08230779 
784 39 9 11 0.08112369 
39 147 8 12 0.07969206 
367 23 7 10 0.079308145 
237 108 9 12 0.07906177 
726 80 8 11 0.07789435 
71 78 8 9 0.07766851 
413 55 8 11 0.07393088 
621 82 13 17 0.07174194 
25 135 8 10 0.06706639 
521 53 9 11 0.066281825 
23 109 7 9 0.06509548 
57 126 7 9 0.06452605 
486 54 8 10 0.06384553 
497 56 8 11 0.060390938 
463 86 7 10 0.060116574 
612 104 23 29 0.060111374 
87 158 6 9 0.059579447 
486 39 10 13 0.058056608 
71 151 9 11 0.05613116 
233 106 9 13 0.05581628 
47 199 10 13 0.055532318 
80 71 7 9 0.055524517 
119 120 7 9 0.054440737 
352 54 8 9 0.05430905 
35 197 13 16 0.053576257 
446 47 7 10 0.053325478 
34 142 8 10 0.053001847 
568 40 8 10 0.052913424 
111 148 8 10 0.052605785 
633 48 8 11 0.05153576 
65 152 7 10 0.051468965 
618 111 25 30 0.051368922 
50 105 8 10 0.0493337 
550 75 10 12 0.048583142 
615 85 12 15 0.04856481 
24 104 7 9 0.048534434 
401 24 7 10 0.048126176 
329 47 8 11 0.048000716 
642 171 16 19 0.047772277 
201 126 8 10 0.047238298 
465 25 7 10 0.047205575 
295 103 7 9 0.046157617 
26 128 7 9 0.045984436 
659 91 10 13 0.045659162 
102 151 8 10 0.04564457 
382 26 8 9 0.04497662 
101 134 9 11 0.044862717 
86 65 7 9 0.044429533 
287 88 6 8 0.043596465 
142 113 8 9 0.043362644 
17 109 7 9 0.043075968 
190 157 9 13 0.04294159 
78 151 7 10 0.04290299 
553 47 9 11 0.042626314 
406 23 7 10 0.042542428 
478 23 8 9 0.042169236 
638 48 9 11 0.041344695 
439 16 6 9 0.04127627 
516 23 9 11 0.040858574 
87 70 7 9 0.040640075 
456 23 7 9 0.04043711 
697 80 9 12 0.040406518 
13 136 8 10 0.04040305 
635 138 14 19 0.039921038 
14 142 9 11 0.039632235 
606 106 15 20 0.03932336 
41 119 7 9 0.039301928 
606 8 9 10 0.03912377 
98 134 7 10 0.03908171 
31 135 8 10 0.038968608 
22 141 9 11 0.03845029 
721 79 9 13 0.038438153 
456 40 7 9 0.03834486 
65 72 7 10 0.03805486 
522 36 9 12 0.037988346 
617 23 7 10 0.03788066 
512 80 8 10 0.037825312 
737 38 8 10 0.03749111 
495 40 8 11 0.03726751 
711 108 12 14 0.037163816 
471 39 8 10 0.037107 
611 127 30 38 0.03665441 
471 24 9 11 0.036584534 
175 124 8 10 0.03658081 
119 123 9 11 0.036500867 
71 157 8 11 0.03638353 
288 122 8 12 0.035909835 
30 127 7 10 0.035801057 
519 30 10 13 0.03575199 
407 29 8 10 0.035646632 
742 37 9 10 0.03535024 
57 121 7 9 0.03520029 
113 55 7 9 0.034803085 
42 112 7 9 0.03459376 
648 85 11 15 0.034460988 
504 80 8 9 0.034150418 
0 111 8 13 0.033233307 
186 134 9 10 0.033197183 
742 32 8 10 0.032832004 
481 40 9 11 0.032794535 
480 17 7 9 0.03262607 
62 121 8 9 0.03260083 
362 24 7 9 0.03256555 
413 131 11 13 0.031688835 
548 303 17 23 0.031612113 
542 79 11 14 0.0315078 
367 16 7 10 0.03119549 
999 72 7 10 0.031084873 
290 105 8 9 0.030887417 
282 87 7 8 0.03081643 
111 85 7 9 0.03075246 
617 88 16 18 0.03070667 
88 110 8 10 0.030344084 
224 56 8 9 0.030168165 
472 45 8 10 0.030086393 
137 33 8 9 0.030014344 
67 77 7 10 0.029989628 
581 16 9 11 0.029962353 
549 129 12 16 0.029821811 
594 20 9 10 0.02951068 
551 161 14 18 0.02947713 
82 64 8 10 0.029400466 
96 71 7 9 0.029076511 
80 110 8 10 0.028965868 
226 109 8 11 0.028962454 
23 61 8 10 0.028922543 
367 88 8 10 0.02871825 
9 139 11 14 0.028664105 
85 152 7 10 0.028639853 
501 60 9 11 0.028604873 
114 161 8 10 0.028251316 
514 84 8 10 0.02823979 
718 38 8 11 0.0281206 
478 30 7 9 0.02809286 
49 96 7 9 0.028073981 
614 78 10 13 0.027746642 
136 92 7 10 0.027600504 
497 80 7 9 0.027578954 
358 49 8 10 0.02738701 
487 61 8 11 0.027335294 
487 22 8 9 0.027196318 
671 79 9 10 0.027094 
71 165 8 9 0.02697751 
402 28 7 11 0.026899219 
250 103 8 11 0.02686772 
376 24 8 10 0.026851352 
101 159 8 10 0.026849708 
560 40 8 11 0.02673916 
247 62 7 9 0.026679968 
558 45 8 11 0.026628109 
295 125 11 15 0.02661854 
590 115 11 16 0.026512735 
96 129 7 8 0.026462052 
104 85 8 9 0.026402622 
57 156 8 11 0.026398567 
31 55 7 10 0.026232405 
312 134 10 12 0.026189484 
512 37 8 11 0.02610928 
6 54 8 10 0.026097005 
362 88 8 11 0.026095467 
38 137 9 11 0.026038602 
407 0 8 9 0.026023531 
281 127 8 10 0.025977595 
168 196 10 12 0.02595003 
119 86 6 8 0.02585848 
502 40 9 11 0.025846101 
111 80 7 10 0.025467195 
3 166 12 14 0.025397876 
497 110 8 9 0.025327979 
89 128 7 9 0.025182236 
145 218 402 422 0.02518116 
487 16 7 9 0.025164105 
256 98 7 9 0.02512735 
383 448 18 20 0.025124926 
752 71 8 10 0.024853213 
738 32 8 10 0.024717974 
96 79 8 11 0.024593743 
210 77 8 10 0.024430487 
399 65 8 9 0.02437865 
48 49 7 9 0.02423549 
266 117 7 9 0.024234656 
47 54 7 8 0.024233554 
543 23 8 10 0.024191236 
52 194 11 16 0.024183545 
95 109 8 10 0.024100548 
645 89 11 14 0.024054253 
399 48 7 9 0.024051437 
72 144 8 9 0.024035426 
993 78 9 11 0.024033457 
392 41 7 8 0.02390469 
119 81 7 9 0.023847913 
104 80 8 10 0.023809899 
47 117 8 10 0.023764675 
433 16 7 9 0.023714747 
0 103 8 12 0.023702664 
997 78 9 12 0.023663584 
136 112 8 10 0.023514872 
866 301 10 14 0.023430297 
15 147 9 11 0.023419127 
302 137 12 14 0.023295354 
25 95 7 9 0.023261469 
312 118 9 10 0.023161788 
502 45 8 10 0.02311505 
486 128 9 11 0.023093846 
31 102 7 9 0.022900784 
270 29 8 10 0.02288503 
713 51 10 12 0.022852842 
601 7 9 10 0.022667632 
1 351 11 19 0.022650097 
238 87 7 9 0.022516163 
111 62 7 10 0.022447571 
665 45 9 12 0.022440251 
25 183 10 13 0.022384135 
142 32 7 10 0.022357535 
150 72 7 9 0.02234565 
575 70 7 10 0.022331242 
464 80 8 11 0.022272069 
458 30 7 9 0.022200681 
49 126 7 9 0.02215826 
442 54 7 10 0.022148084 
313 81 7 9 0.022146987 
599 15 8 11 0.02204347 
105 64 7 9 0.022041379 
345 22 7 9 0.02203731 
559 23 8 10 0.021997942 
263 97 8 9 0.021898746 
433 80 7 9 0.021805976 
656 63 7 10 0.021678505 
261 151 9 12 0.021629589 
394 24 7 10 0.021625075 
205 127 8 9 0.02161233 
487 31 8 10 0.021494387 
447 54 7 11 0.021490652 
191 128 8 10 0.021465903 
113 111 8 9 0.021455515 
454 108 8 10 0.021431245 
449 23 7 9 0.021378923 
670 63 8 11 0.021271572 
97 158 8 10 0.02126005 
282 120 8 10 0.021129668 
655 81 9 12 0.02111915 
392 8 8 9 0.021105304 
184 128 8 9 0.02105227 
247 76 8 11 0.020972168 
497 45 8 10 0.02094717 
266 29 8 11 0.020902686 
305 79 7 10 0.020897014 
520 61 8 10 0.020839829 
57 87 7 9 0.020665742 
619 99 17 22 0.020664519 
449 109 9 10 0.02065392 
241 39 8 9 0.020625737 
538 80 9 12 0.020595273 
103 166 8 9 0.020576406 
208 48 8 10 0.020539546 
151 159 7 10 0.020528171 
25 86 7 10 0.020499725 
88 79 8 9 0.020374008 
767 29 10 13 0.02037348 
536 24 8 10 0.020360352 
7 147 12 14 0.020265954 
30 189 21 29 0.020189436 
453 449 24 30 0.020183587 
56 94 8 10 0.020125126 
663 79 9 11 0.020111201 
72 86 8 10 0.020047333 
384 95 9 11 0.020029036 
