12_Group_Team_Organized_Group_12_Group_Team_Organized_Group_12_353
34
422 -59 454 483 0.96911687 
56 1098 231 317 0.553973 
586 55 257 329 0.36044723 
701 124 154 199 0.21660781 
478 809 207 263 0.1816094 
954 598 50 67 0.12718707 
90 1052 342 463 0.104927525 
754 942 11 14 0.08638916 
648 122 136 181 0.0783218 
803 943 181 287 0.056930605 
403 642 354 511 0.04608274 
336 257 114 147 0.0436891 
788 1077 201 271 0.038298994 
753 980 11 13 0.03571515 
427 0 264 299 0.034573283 
604 1007 354 417 0.031813297 
842 949 130 153 0.031050442 
171 625 204 253 0.029743964 
274 716 38 57 0.0295031 
799 1382 47 65 0.029501202 
736 822 25 32 0.027715854 
529 703 49 59 0.02634964 
326 554 50 58 0.025900945 
50 553 388 416 0.025752349 
299 210 221 286 0.025635196 
912 550 98 107 0.024876533 
859 1412 17 21 0.022251755 
898 528 67 62 0.022159077 
858 1391 30 34 0.02212779 
224 1076 400 456 0.02212049 
553 660 51 61 0.022114258 
951 773 11 12 0.021371495 
950 1349 60 82 0.02107072 
456 36 171 184 0.020115748 
