12_Group_Large_Group_12_Group_Large_Group_12_212
26
477 705 96 129 0.9995055 
684 372 82 110 0.9989109 
270 357 85 102 0.9958261 
973 745 14 18 0.79942477 
11 594 24 38 0.46882886 
871 743 14 18 0.2448301 
906 775 16 19 0.17876668 
597 377 27 28 0.17078869 
935 773 14 19 0.146512 
28 858 40 54 0.09007889 
262 315 31 36 0.086943015 
-1 1247 21 30 0.060261708 
966 740 17 20 0.041024946 
785 1222 39 32 0.040602144 
921 728 22 30 0.036984615 
934 726 11 16 0.031864196 
1000 835 9 12 0.03182247 
51 717 25 33 0.03004483 
338 1088 34 59 0.029888544 
604 371 19 21 0.029265493 
422 744 15 20 0.028153393 
100 603 52 67 0.027136395 
590 374 43 46 0.022898752 
15 1024 35 40 0.021237377 
406 735 24 30 0.020409662 
882 417 23 28 0.020218972 
