12_Group_Group_12_Group_Group_12_59
45
592 123 25 31 0.99874914 
806 146 29 38 0.9959843 
173 109 26 36 0.99331313 
274 86 19 27 0.9896734 
522 90 22 31 0.9830141 
117 88 22 32 0.9825456 
417 85 18 23 0.9750063 
746 175 22 35 0.8986236 
471 64 19 25 0.43266806 
307 528 70 83 0.40635255 
388 118 15 21 0.32595757 
230 243 44 59 0.30934864 
778 175 27 34 0.309264 
488 130 13 18 0.23992947 
393 121 17 23 0.19185919 
203 114 22 29 0.10891038 
7 275 43 64 0.08094242 
401 123 19 23 0.07399103 
190 114 24 31 0.0668107 
153 114 31 38 0.051781602 
482 103 14 19 0.04610041 
318 109 11 16 0.041830745 
779 171 17 24 0.040972345 
443 111 16 22 0.040893856 
789 197 27 34 0.037083622 
791 183 18 24 0.036326386 
195 236 51 67 0.0344398 
993 267 31 66 0.034219347 
111 91 19 23 0.03397066 
311 158 18 23 0.031625703 
282 457 117 95 0.029333105 
0 311 25 37 0.025972445 
321 528 99 113 0.0257546 
770 187 29 33 0.023910599 
803 205 16 24 0.023893427 
220 258 36 47 0.023838712 
465 67 13 18 0.023049302 
387 109 16 20 0.022546355 
196 176 49 51 0.021933254 
295 442 71 55 0.021767262 
270 84 35 47 0.021322777 
222 216 76 106 0.021078806 
463 81 13 18 0.020832133 
597 454 39 53 0.02063273 
253 239 29 47 0.020171681 
