12_Group_Team_Organized_Group_12_Group_Team_Organized_Group_12_115
22
778 75 101 115 0.99928576 
377 148 65 88 0.99924016 
578 173 65 76 0.9992249 
672 106 76 93 0.99619544 
165 146 79 102 0.9950677 
316 245 69 75 0.9941519 
969 807 54 116 0.12232443 
554 446 17 22 0.0762654 
-1 480 366 418 0.054794535 
82 571 199 260 0.046490688 
496 722 60 64 0.034919307 
540 448 16 19 0.033561446 
419 494 46 57 0.03110768 
948 828 56 101 0.028412594 
801 572 53 88 0.027229112 
871 84 53 80 0.026766391 
189 524 44 54 0.024059968 
593 609 112 162 0.023615064 
61 153 42 58 0.021340776 
166 251 183 255 0.021289686 
245 291 93 125 0.021224568 
708 69 97 131 0.02038089 
