12_Group_Large_Group_12_Group_Large_Group_12_13
82
637 347 17 22 0.99175006 
569 368 19 22 0.99015385 
478 367 18 21 0.988607 
232 354 19 24 0.9838074 
311 356 19 22 0.9809795 
117 337 22 27 0.9785364 
730 355 18 23 0.97803247 
904 371 19 24 0.9715949 
866 409 22 27 0.96930736 
805 363 19 23 0.96333295 
357 406 16 20 0.96170706 
680 393 21 25 0.9605467 
517 398 18 23 0.9522102 
408 363 17 21 0.94950986 
165 392 21 26 0.9454488 
377 359 16 18 0.6516802 
34 157 10 14 0.18588181 
55 363 13 19 0.15682442 
458 24 47 70 0.11280162 
828 438 13 17 0.07604626 
297 337 17 20 0.06999382 
616 345 12 16 0.06050469 
22 173 9 10 0.05476689 
907 271 7 9 0.05171482 
814 30 94 111 0.04967156 
713 388 17 21 0.048028845 
822 50 58 65 0.046580534 
521 364 11 14 0.045043 
15 165 10 13 0.043833014 
159 341 13 16 0.04346509 
17 170 10 13 0.03824441 
560 334 11 14 0.036651816 
373 376 16 20 0.03638822 
374 334 11 16 0.03554076 
458 389 14 17 0.03540992 
32 184 7 9 0.035194535 
550 351 10 13 0.034728374 
391 380 12 16 0.034627706 
238 324 9 12 0.034500636 
504 333 8 10 0.03371772 
831 433 19 26 0.03338908 
687 173 49 66 0.031146878 
243 383 16 20 0.030515267 
821 57 33 42 0.029872084 
180 338 14 18 0.027870102 
438 384 15 17 0.027541297 
189 329 13 17 0.027286904 
891 521 47 51 0.027067957 
264 317 11 14 0.026985588 
367 360 15 20 0.02670626 
621 458 10 16 0.026435828 
198 331 11 14 0.026299449 
309 315 10 12 0.025979264 
205 384 15 19 0.025905406 
378 367 14 18 0.025067756 
676 346 12 16 0.02459605 
854 279 8 9 0.024093142 
229 332 12 15 0.023997422 
454 12 83 106 0.023954587 
230 428 11 13 0.023747915 
377 315 10 14 0.023588652 
837 255 9 10 0.023162603 
199 346 13 17 0.022610268 
366 332 11 14 0.022456728 
432 404 10 13 0.022408606 
78 279 10 12 0.022304762 
833 255 9 10 0.022283973 
71 351 11 14 0.02210671 
299 327 14 16 0.021890722 
176 237 8 10 0.021870643 
541 432 12 15 0.02172366 
374 418 13 18 0.021562347 
174 339 13 17 0.021530401 
992 270 8 11 0.021206763 
340 360 14 18 0.021175366 
820 76 35 39 0.021164939 
593 82 49 67 0.021026734 
870 288 8 10 0.020897018 
332 380 16 22 0.020640826 
375 309 11 14 0.020597788 
577 99 57 71 0.020143475 
681 31 201 248 0.020083612 
