12_Group_Group_12_Group_Group_12_112
79
786 122 34 42 0.9994324 
86 302 35 39 0.9993149 
720 453 34 38 0.99902797 
149 231 33 41 0.99858534 
263 238 36 39 0.99828917 
320 460 33 38 0.9980634 
258 315 34 42 0.99805033 
369 318 33 37 0.99782985 
924 317 35 42 0.9977204 
468 150 33 37 0.99764806 
700 206 34 41 0.99761283 
488 262 36 44 0.99726224 
257 116 38 44 0.99725014 
787 456 35 40 0.9970862 
449 235 32 38 0.9970392 
542 480 35 41 0.99646276 
186 480 36 40 0.9957955 
454 478 38 42 0.9956862 
860 152 35 42 0.99555826 
180 305 39 44 0.99525166 
671 275 34 37 0.9946591 
742 316 36 42 0.9942462 
639 485 35 39 0.99415106 
792 197 35 39 0.9935313 
579 145 33 37 0.9933171 
365 264 28 36 0.9926099 
526 212 34 40 0.9904012 
144 174 33 36 0.9892692 
851 244 35 43 0.98902965 
366 155 32 36 0.98839104 
579 253 39 46 0.98614687 
611 239 29 35 0.98405796 
233 272 38 44 0.9822368 
730 249 31 38 0.960112 
399 255 28 35 0.93291247 
701 160 36 40 0.9251224 
581 213 27 32 0.75858396 
659 580 63 54 0.27545983 
584 226 38 43 0.18451111 
717 154 17 19 0.15133676 
227 603 15 18 0.13453445 
705 178 33 41 0.13206725 
595 209 27 32 0.116144195 
972 491 13 19 0.09737489 
242 288 46 54 0.065377645 
974 483 13 17 0.056961812 
787 417 19 22 0.052660283 
891 186 14 19 0.05251527 
614 256 28 38 0.045597315 
555 471 28 39 0.044204526 
282 243 28 38 0.04383072 
363 279 30 38 0.041456856 
816 244 32 39 0.04051857 
596 251 39 48 0.040306583 
744 227 23 28 0.0402778 
719 159 20 25 0.03964436 
601 225 31 38 0.03464961 
624 271 23 32 0.0340245 
677 583 39 32 0.033739384 
564 459 27 34 0.03146413 
186 193 24 28 0.028833056 
631 560 108 86 0.028190468 
530 267 23 30 0.026675556 
366 482 15 19 0.025721498 
464 237 28 36 0.025577398 
888 536 11 14 0.025348458 
871 540 12 16 0.02481042 
253 248 35 42 0.02375841 
234 609 15 19 0.02364996 
358 465 13 19 0.0234038 
695 590 32 29 0.022661975 
630 467 32 35 0.022561604 
305 240 25 37 0.022245245 
456 214 27 31 0.022046585 
724 262 32 36 0.021819323 
799 448 30 36 0.021174269 
744 248 26 35 0.021078348 
636 219 13 18 0.02099858 
158 178 21 23 0.020916259 
