12_Group_Team_Organized_Group_12_Group_Team_Organized_Group_12_551
18
489 73 91 109 0.99912244 
272 -2 85 102 0.99855405 
196 407 17 21 0.51965725 
744 435 19 24 0.4972265 
806 434 21 26 0.29439235 
417 534 157 138 0.088984326 
831 382 28 33 0.05026479 
426 240 62 78 0.03359576 
809 343 19 22 0.028513895 
859 324 20 30 0.028432544 
847 320 37 48 0.027023952 
867 398 15 19 0.026457371 
74 311 218 252 0.025750807 
796 324 18 20 0.025727216 
84 439 59 50 0.024977352 
365 410 114 136 0.023758795 
618 -20 216 208 0.023373252 
456 507 199 220 0.020760477 
