12_Group_Group_12_Group_Group_12_123
29
649 101 29 39 0.9996123 
232 70 46 64 0.99877006 
822 37 66 95 0.99860555 
444 108 27 34 0.99852765 
543 92 40 53 0.99092567 
39 165 10 13 0.12323596 
118 178 10 12 0.08443732 
940 222 30 40 0.08308178 
64 190 10 13 0.07400548 
595 354 116 183 0.06345025 
42 162 13 16 0.063343026 
116 196 16 20 0.062489104 
403 33 18 21 0.05849732 
957 293 24 32 0.057318088 
96 201 8 12 0.05311447 
391 22 12 14 0.048345014 
964 224 43 51 0.03916785 
124 200 13 18 0.038688764 
35 165 9 12 0.031099144 
118 189 12 16 0.029724138 
103 190 7 11 0.029358014 
956 225 32 39 0.02621162 
69 190 9 13 0.025308046 
635 311 46 56 0.02485241 
40 185 10 15 0.02375529 
102 217 12 16 0.023705568 
113 179 11 14 0.021388602 
37 160 20 26 0.02130588 
931 230 30 39 0.020928202 
