12_Group_Large_Group_12_Group_Large_Group_12_112
40
221 30 72 112 0.9871111 
243 410 121 91 0.3216091 
644 392 56 83 0.261161 
511 295 33 60 0.16854823 
399 274 41 36 0.13793778 
-13 366 95 141 0.0867036 
460 332 57 64 0.07608681 
902 287 36 37 0.06522318 
494 530 66 83 0.060801372 
210 396 201 226 0.05647434 
868 298 25 28 0.054277223 
947 219 36 34 0.05418604 
444 233 63 68 0.045626655 
485 312 55 69 0.044711694 
912 275 30 35 0.04238459 
487 222 34 51 0.039802972 
423 253 60 58 0.038483944 
914 260 33 38 0.034319382 
470 180 44 78 0.033975698 
353 497 96 144 0.030337518 
938 235 47 48 0.029958084 
411 268 17 20 0.02895282 
904 333 47 52 0.028315067 
997 447 24 45 0.02794706 
498 497 107 143 0.025484692 
467 214 50 75 0.024904376 
391 522 61 93 0.024704143 
386 478 59 83 0.024395943 
405 264 53 57 0.023737205 
261 105 27 39 0.02312986 
612 366 81 97 0.022154467 
922 283 17 21 0.021524541 
498 246 28 44 0.02138862 
910 551 48 63 0.021248572 
895 299 36 35 0.02115198 
905 356 44 52 0.021120036 
910 302 48 49 0.020951634 
456 243 32 31 0.02079244 
417 273 19 22 0.020493772 
496 269 48 67 0.020273464 
