12_Group_Group_12_Group_Group_12_218
25
221 62 52 62 0.99912375 
77 33 60 79 0.99680424 
463 89 44 49 0.9318001 
711 63 38 49 0.9317904 
843 126 64 98 0.85930777 
856 57 34 61 0.7790797 
678 178 47 79 0.16612606 
863 59 56 78 0.13928549 
845 77 80 122 0.082637176 
821 116 59 84 0.08243453 
898 54 48 66 0.06393481 
961 101 54 85 0.051581208 
808 152 57 72 0.04520425 
991 131 30 52 0.041251294 
153 200 51 69 0.039771844 
815 142 79 111 0.03373087 
680 171 89 115 0.032746337 
128 219 59 59 0.030377949 
726 48 40 55 0.030085975 
95 231 57 52 0.02935823 
807 102 54 69 0.025827384 
916 40 43 69 0.02566401 
840 78 52 80 0.02469596 
703 81 41 48 0.024364566 
676 175 29 59 0.023719335 
