12_Group_Team_Organized_Group_12_Group_Team_Organized_Group_12_101
49
911 509 20 27 0.45885167 
149 377 58 71 0.16641535 
153 958 63 74 0.10863373 
794 525 17 22 0.09678425 
528 507 12 16 0.096003875 
581 502 15 18 0.07616287 
850 510 23 29 0.07125079 
533 549 11 14 0.0662339 
840 513 22 30 0.060537755 
350 1305 16 20 0.05827743 
499 459 14 17 0.046039518 
604 546 13 16 0.04402541 
60 252 14 19 0.04242492 
604 335 14 20 0.038939938 
684 576 15 19 0.038869157 
527 515 13 16 0.038675394 
1000 358 10 13 0.036989205 
740 512 23 29 0.036388166 
697 482 24 28 0.03566492 
691 508 24 31 0.033345565 
484 459 11 15 0.031859457 
631 259 13 17 0.031419065 
919 479 13 16 0.030991506 
779 524 11 15 0.030367324 
251 322 27 33 0.02945095 
709 442 15 17 0.029094731 
256 1162 47 45 0.028053511 
637 483 22 27 0.027297232 
479 453 13 14 0.026884932 
587 315 17 22 0.026722811 
716 441 15 17 0.025932556 
845 473 12 15 0.025690526 
1008 326 10 13 0.025028795 
258 388 61 78 0.024249988 
576 505 13 18 0.024029745 
583 496 13 15 0.023930432 
585 505 26 33 0.022849157 
599 514 24 33 0.022718266 
528 568 11 12 0.022554386 
335 131 16 20 0.022171622 
565 501 10 13 0.021653287 
407 1334 27 31 0.02100288 
815 538 11 14 0.020687344 
165 951 43 51 0.020455858 
733 443 14 15 0.020440416 
835 521 15 21 0.020421589 
328 581 11 14 0.02039935 
920 478 23 27 0.020192672 
674 541 10 13 0.020023134 
