12_Group_Group_12_Group_Group_12_732
35
466 254 29 39 0.9995789 
588 230 30 36 0.99894124 
819 199 30 37 0.9985185 
699 220 29 33 0.98611754 
223 146 34 36 0.9397543 
341 166 31 38 0.73232365 
770 198 23 33 0.5811321 
566 234 23 30 0.090216905 
700 158 10 12 0.06235664 
566 237 14 18 0.05816169 
210 155 30 34 0.04774796 
645 157 10 15 0.044358745 
787 211 13 17 0.042760536 
173 164 31 39 0.042147588 
903 175 11 14 0.040171385 
843 209 14 19 0.039254114 
346 183 21 25 0.03799959 
694 222 21 25 0.03575148 
199 171 29 30 0.032297477 
196 173 15 17 0.029484525 
696 160 12 16 0.029092023 
152 94 9 12 0.027748087 
199 136 50 48 0.027743267 
697 204 26 31 0.026663603 
740 152 12 16 0.025174104 
220 201 30 37 0.024707168 
728 148 12 14 0.022837609 
187 165 14 15 0.022799429 
450 252 15 20 0.022425411 
800 207 28 35 0.022381999 
734 148 12 15 0.022324048 
500 390 36 33 0.022273706 
789 211 29 41 0.021226909 
700 205 13 16 0.020569444 
701 153 9 10 0.020531485 
