12_Group_Group_12_Group_Group_12_434
23
814 208 44 72 0.9993863 
161 177 48 63 0.9932054 
550 183 30 45 0.98267627 
410 179 41 46 0.97667044 
736 234 44 60 0.45489243 
153 215 38 67 0.29897642 
702 198 34 47 0.1780851 
692 250 31 52 0.10822713 
881 207 27 50 0.10032719 
768 263 47 74 0.052362766 
719 242 40 58 0.047857225 
81 167 8 11 0.04518817 
769 216 38 63 0.03917009 
574 215 35 40 0.038481012 
425 171 25 38 0.034011673 
724 209 52 69 0.032321375 
34 201 7 9 0.028290087 
232 299 115 118 0.026035413 
564 186 44 58 0.024374545 
591 196 30 45 0.024249455 
715 188 36 40 0.02149711 
1 196 8 12 0.020103589 
621 -8 102 147 0.020018212 
