12_Group_Team_Organized_Group_12_Group_Team_Organized_Group_12_171
63
580 233 27 34 0.99935323 
94 180 54 69 0.99785584 
489 247 26 29 0.990284 
356 290 30 34 0.98379666 
646 223 25 30 0.97907776 
411 255 26 32 0.9763375 
281 236 31 37 0.9462555 
728 232 14 23 0.8920996 
201 248 28 36 0.5503601 
-1 312 26 40 0.33058384 
825 233 27 38 0.26402834 
822 223 46 63 0.25372016 
44 250 30 37 0.18740653 
39 225 47 59 0.14728907 
371 254 27 35 0.12644991 
849 235 16 22 0.11454118 
827 240 16 22 0.09709886 
417 355 26 36 0.08647953 
10 294 44 60 0.072451204 
344 293 45 51 0.06131785 
734 232 18 23 0.05413011 
440 308 24 31 0.05346775 
817 215 80 98 0.05237616 
51 240 17 20 0.051902775 
176 216 32 38 0.051324125 
938 48 14 16 0.048344538 
790 201 17 21 0.047300056 
40 238 30 35 0.04601688 
386 261 12 18 0.041617256 
905 39 18 21 0.036368176 
464 270 11 14 0.0360841 
18 203 81 98 0.035863034 
507 213 23 31 0.0347084 
577 213 24 29 0.033702753 
182 221 39 49 0.033615954 
357 270 31 42 0.032879416 
-1 150 9 15 0.032831024 
486 241 19 25 0.03209577 
231 504 18 20 0.032093965 
291 352 36 39 0.028942088 
839 225 27 36 0.028703198 
477 220 27 31 0.028374773 
529 355 22 31 0.02830244 
26 252 47 57 0.02770735 
45 236 14 18 0.02746459 
993 51 10 12 0.02669397 
824 216 31 40 0.02630511 
319 296 47 56 0.025754156 
274 204 46 61 0.024621671 
212 243 17 27 0.024506405 
592 236 27 32 0.024328588 
811 234 27 33 0.023907755 
856 235 16 20 0.02336739 
285 362 25 31 0.023264311 
497 220 25 33 0.023031158 
845 229 15 21 0.022328949 
721 233 13 20 0.022242073 
695 466 24 32 0.02199838 
20 228 24 27 0.021980807 
997 63 11 14 0.021264516 
39 242 14 18 0.021070827 
940 38 13 17 0.020147061 
336 291 28 39 0.020095753 
