12_Group_Team_Organized_Group_12_Group_Team_Organized_Group_12_855
60
805 280 31 35 0.9957837 
746 278 27 32 0.99009997 
724 250 25 29 0.9717728 
889 240 29 37 0.9678189 
674 285 25 29 0.82622373 
825 340 24 30 0.70826113 
799 374 35 38 0.3003016 
735 250 26 28 0.18549177 
936 490 13 17 0.11177423 
536 443 11 15 0.11090651 
661 337 16 18 0.10517497 
352 407 9 11 0.093620464 
736 267 26 32 0.0930607 
220 267 22 27 0.071661144 
990 409 25 31 0.06607503 
980 420 23 32 0.057438746 
680 347 12 15 0.05721544 
160 465 11 14 0.056926202 
651 337 15 18 0.05618076 
359 456 11 12 0.055314675 
629 269 30 33 0.05202473 
78 474 10 13 0.05060252 
808 350 17 20 0.047798254 
1011 411 12 18 0.041353766 
900 296 39 49 0.03720911 
608 381 13 16 0.037038088 
823 426 15 17 0.036955725 
1003 409 17 21 0.036929443 
322 389 15 19 0.032154277 
976 491 13 16 0.031435434 
682 276 18 23 0.030361399 
688 283 16 21 0.030213121 
975 427 14 18 0.030145612 
752 252 16 20 0.029895015 
583 398 11 14 0.029590374 
630 288 14 19 0.028774152 
745 261 27 33 0.028133113 
343 453 7 10 0.027700586 
727 271 19 23 0.027629431 
707 253 13 16 0.027437335 
143 478 9 10 0.026781356 
600 267 17 21 0.026395308 
336 452 8 10 0.026321864 
328 454 8 10 0.02609016 
391 419 24 31 0.026038418 
896 235 22 26 0.025375096 
150 469 8 10 0.025139792 
614 323 10 12 0.0240658 
990 407 16 19 0.023951342 
176 345 123 172 0.023678722 
667 344 14 16 0.023270521 
263 488 9 11 0.021697069 
229 523 11 11 0.02165733 
168 393 15 17 0.021351224 
635 297 13 15 0.021181539 
180 473 15 17 0.021132322 
645 290 13 16 0.020765534 
997 429 15 20 0.020274097 
706 251 23 29 0.020083582 
499 464 13 17 0.020029396 
