12_Group_Large_Group_12_Group_Large_Group_12_771
20
168 181 387 488 0.9998258 
534 285 111 209 0.19696863 
599 922 215 316 0.19249022 
7 818 444 524 0.15641792 
775 990 86 110 0.14037918 
567 365 87 156 0.101792425 
936 1512 9 12 0.06578639 
453 131 118 159 0.050116707 
727 977 111 145 0.046124216 
465 13 78 72 0.043804545 
129 43 356 451 0.034144294 
246 359 449 550 0.031197233 
496 134 125 204 0.023967361 
904 1511 11 12 0.023243288 
674 960 131 186 0.023004849 
285 107 132 112 0.022938 
512 810 381 499 0.021991923 
310 55 335 486 0.021717256 
260 17 194 247 0.020454235 
706 834 186 288 0.020169694 
