12_Group_Group_12_Group_Group_12_411
20
530 120 104 144 0.99977535 
735 151 116 146 0.9997416 
219 203 108 131 0.9993641 
352 176 94 118 0.98914564 
761 75 40 52 0.4087028 
106 696 256 310 0.15610328 
301 624 118 177 0.11466832 
733 648 121 144 0.10149026 
746 606 197 245 0.08194107 
356 56 53 63 0.0356117 
311 189 106 126 0.030803965 
301 90 30 35 0.027939785 
688 219 32 45 0.027357064 
335 1014 64 59 0.0257317 
560 758 108 110 0.024091786 
687 512 329 444 0.023771036 
636 629 192 194 0.023669373 
868 591 18 20 0.022485187 
640 690 56 84 0.022306569 
257 177 118 145 0.02040079 
