12_Group_Team_Organized_Group_12_Group_Team_Organized_Group_12_418
421
300 368 26 33 0.99912757 
470 375 25 32 0.9977018 
404 260 23 31 0.9951751 
154 170 16 21 0.9915132 
187 186 16 21 0.98945504 
258 224 16 21 0.9884735 
316 282 22 28 0.9884058 
716 213 17 21 0.9881585 
509 210 16 21 0.9872427 
393 403 23 28 0.98680544 
563 221 16 21 0.98515344 
305 205 18 22 0.9815812 
620 215 16 20 0.9792594 
167 354 22 28 0.9785638 
634 363 22 27 0.9755613 
657 305 22 27 0.97357756 
204 205 18 21 0.97136575 
559 367 24 28 0.9693487 
514 288 20 26 0.95988065 
379 145 13 17 0.9585406 
406 163 12 17 0.95834035 
805 180 19 27 0.95787823 
600 194 14 19 0.95494974 
620 171 13 17 0.9497638 
455 218 16 20 0.9404485 
407 220 15 20 0.93338144 
148 215 19 24 0.9304626 
135 192 15 20 0.92378265 
553 186 13 17 0.91890866 
248 185 16 18 0.9132966 
283 85 15 18 0.9027692 
650 107 12 16 0.879336 
666 212 16 19 0.87466943 
360 227 16 21 0.8695285 
207 167 13 17 0.8511148 
311 182 13 15 0.84956825 
461 139 12 16 0.8372622 
649 187 13 18 0.8329751 
237 348 23 28 0.807971 
325 140 12 16 0.79909015 
403 191 14 18 0.781978 
268 136 13 16 0.7818476 
27 208 23 26 0.7796173 
295 35 12 14 0.74067044 
90 186 15 20 0.720193 
102 174 15 18 0.7169948 
551 158 13 16 0.71650136 
93 227 17 20 0.70441633 
360 137 13 15 0.68402207 
499 189 13 17 0.62378806 
319 83 13 17 0.61504143 
697 189 12 16 0.61363804 
123 140 13 17 0.5711049 
305 158 14 17 0.5685075 
495 168 12 16 0.55930865 
254 162 13 16 0.5121054 
485 153 13 16 0.4922867 
750 202 13 19 0.4617004 
581 126 10 13 0.44660085 
411 74 11 15 0.43495366 
242 76 14 16 0.42792186 
532 147 11 15 0.426447 
578 172 12 15 0.3988654 
501 142 12 15 0.37967384 
599 159 11 14 0.3642534 
429 143 10 13 0.35974538 
611 143 11 14 0.35383716 
357 189 13 17 0.34846053 
22 229 11 16 0.30317432 
221 158 12 15 0.27857825 
647 159 11 13 0.27832788 
306 141 13 16 0.24907067 
222 75 15 20 0.24069658 
266 68 10 14 0.22380681 
550 132 12 16 0.2215797 
622 130 10 13 0.21673907 
542 195 11 15 0.208371 
522 177 14 17 0.2079003 
429 475 11 14 0.20103385 
696 273 13 15 0.19114098 
514 154 12 16 0.17470619 
595 242 16 19 0.17050344 
375 80 10 14 0.16689582 
523 324 13 18 0.16665293 
342 147 12 15 0.16647997 
61 227 13 18 0.16605468 
632 240 11 16 0.14863494 
599 443 13 17 0.14786056 
342 174 12 15 0.13967946 
484 196 14 17 0.13793865 
299 52 11 13 0.13487303 
582 159 10 11 0.13201012 
450 187 14 18 0.12859198 
577 141 11 14 0.1167222 
246 289 24 28 0.116278544 
288 252 22 26 0.11356502 
423 147 12 15 0.10970871 
578 165 13 15 0.10296064 
359 172 13 15 0.094821505 
509 149 12 15 0.09470617 
189 465 14 18 0.09407473 
608 99 9 12 0.09379069 
634 90 13 17 0.09335368 
179 149 12 15 0.093291216 
591 248 13 18 0.09151769 
55 226 13 18 0.09065727 
270 154 14 19 0.08931682 
398 62 11 13 0.086333856 
308 78 11 14 0.086267404 
679 294 12 16 0.084926315 
654 164 11 16 0.082560964 
635 173 11 15 0.082514666 
450 161 13 16 0.08149865 
568 102 10 12 0.0810209 
687 149 11 13 0.07994102 
358 180 14 18 0.07966459 
444 243 16 20 0.07959702 
134 146 11 15 0.07902427 
297 264 22 28 0.076068744 
140 148 10 14 0.07558227 
628 172 12 16 0.07540304 
639 394 12 15 0.0748309 
671 166 11 15 0.07437167 
299 32 12 14 0.074290276 
581 93 9 12 0.074031755 
389 84 10 14 0.06851965 
367 119 10 13 0.06788761 
176 165 13 17 0.06712968 
304 71 10 12 0.065464266 
241 94 11 14 0.065094866 
340 194 14 20 0.06359517 
182 121 11 15 0.06356568 
423 134 10 12 0.063096285 
495 193 13 17 0.062075835 
79 182 10 13 0.06162766 
348 77 11 12 0.06149956 
278 177 11 15 0.06109523 
365 124 13 15 0.060980584 
389 165 9 12 0.060805216 
27 223 16 20 0.060527552 
333 78 10 12 0.060227998 
487 161 14 18 0.059554875 
459 272 18 21 0.059357814 
674 441 14 17 0.05930957 
316 46 9 11 0.05903483 
370 476 14 16 0.05768945 
541 172 10 12 0.057001498 
663 107 12 16 0.05687923 
345 47 10 13 0.056506503 
614 99 10 12 0.05577041 
453 50 12 15 0.05571777 
268 73 11 14 0.055295892 
592 162 11 14 0.055187773 
362 187 12 16 0.05510119 
699 184 13 16 0.052757088 
543 167 8 12 0.05204628 
696 201 11 14 0.051966503 
562 379 17 21 0.051252324 
382 378 15 22 0.05095588 
663 134 12 15 0.05094455 
577 158 10 13 0.050461676 
129 110 10 12 0.050020203 
212 75 16 21 0.04975246 
260 20 11 15 0.0490698 
136 126 9 10 0.04807319 
268 101 11 13 0.04784289 
559 94 11 15 0.047578927 
101 135 9 12 0.047526035 
471 244 13 15 0.04750994 
348 85 11 13 0.047298744 
597 277 11 15 0.0470133 
365 195 13 18 0.046995606 
302 94 11 14 0.04699183 
285 244 17 20 0.04592507 
578 131 11 14 0.045743577 
383 83 11 14 0.04534124 
324 100 11 13 0.045322843 
359 70 10 13 0.045229316 
358 166 12 14 0.04522425 
570 106 12 14 0.04508411 
493 147 13 17 0.044884823 
446 192 13 18 0.044350702 
62 278 12 15 0.044303123 
350 192 13 18 0.043687943 
204 101 10 13 0.04350189 
579 147 11 14 0.04267501 
640 159 9 12 0.041681807 
331 53 11 12 0.041556124 
535 164 11 14 0.04153104 
288 64 9 12 0.041529763 
496 217 14 19 0.041375447 
670 157 8 11 0.04129688 
79 211 13 17 0.041275967 
290 88 14 18 0.04124757 
349 141 11 14 0.041133463 
387 46 12 13 0.041122664 
422 124 12 15 0.040597215 
631 297 12 16 0.04052338 
694 142 9 11 0.04045709 
69 108 11 14 0.040450435 
775 259 10 12 0.03989256 
549 150 13 17 0.03986689 
303 272 24 30 0.03979114 
523 185 15 17 0.039462287 
633 111 9 11 0.03939813 
580 87 9 12 0.039271396 
310 38 10 13 0.039013352 
292 264 16 21 0.038767457 
302 82 11 15 0.038756486 
414 90 11 13 0.038683485 
276 37 12 13 0.038635746 
478 198 15 19 0.038489796 
481 149 12 16 0.038379036 
603 388 12 14 0.038154468 
735 294 11 13 0.038149673 
429 135 10 14 0.038016282 
591 276 11 14 0.037828624 
660 165 11 15 0.037146673 
340 225 14 17 0.037003223 
336 101 9 11 0.036997456 
600 99 10 13 0.03691303 
215 140 11 13 0.036812235 
638 164 10 13 0.036595356 
621 266 15 19 0.03656027 
207 74 13 19 0.03650557 
383 236 11 14 0.036076803 
554 51 101 128 0.03595779 
299 43 12 15 0.035430163 
354 452 14 18 0.035368055 
453 125 11 13 0.03517859 
356 106 13 16 0.034829285 
86 228 16 19 0.0347855 
777 254 10 13 0.03467362 
775 229 11 15 0.03388371 
310 82 12 16 0.033860788 
175 154 14 17 0.033799272 
636 117 11 12 0.033641383 
812 206 14 17 0.033306047 
308 134 13 17 0.033302832 
436 158 10 13 0.03304256 
616 165 14 18 0.032892898 
635 98 12 15 0.032759104 
673 461 11 13 0.032554585 
204 185 13 17 0.032537904 
308 173 15 19 0.032227695 
666 231 15 19 0.032005005 
238 375 16 20 0.03168665 
389 108 11 13 0.031646755 
467 171 14 16 0.03163496 
130 141 12 15 0.031599224 
203 268 17 21 0.031321615 
494 177 15 19 0.031302307 
615 241 12 16 0.031222701 
351 71 9 12 0.031181723 
85 182 15 19 0.031054132 
400 55 10 13 0.030996228 
370 199 14 18 0.03085122 
172 481 10 13 0.030714804 
88 142 8 10 0.030342666 
703 159 8 10 0.030308038 
642 267 15 20 0.030007318 
816 279 11 13 0.029831288 
291 80 13 15 0.029822819 
205 176 15 19 0.029690884 
374 93 10 12 0.029613603 
667 139 10 12 0.029419856 
735 274 14 19 0.02913769 
603 156 11 15 0.029013954 
615 441 13 17 0.028995745 
372 118 10 13 0.02877965 
284 262 16 21 0.028705224 
214 149 12 15 0.028616074 
632 158 11 13 0.02853242 
220 187 13 17 0.02845265 
258 26 12 15 0.028412307 
97 183 16 20 0.0284019 
437 53 11 13 0.028401788 
293 68 10 13 0.028044904 
535 195 12 16 0.027996482 
662 157 10 13 0.027920602 
437 179 13 17 0.027863214 
248 162 14 17 0.027846333 
358 126 13 16 0.027671853 
471 122 12 15 0.02762041 
420 154 11 15 0.027489673 
460 348 12 18 0.027471237 
564 94 11 14 0.027269037 
41 216 15 21 0.027188035 
304 146 18 21 0.02710913 
564 159 10 12 0.02705755 
711 196 10 14 0.026988419 
677 502 9 11 0.026832787 
650 203 14 16 0.026736232 
532 135 11 14 0.026518958 
619 79 11 14 0.026455764 
275 160 13 17 0.026359973 
498 71 109 146 0.02620404 
141 142 11 14 0.026191158 
161 251 17 19 0.026182247 
595 256 14 17 0.02614255 
412 158 12 16 0.026141902 
404 140 10 13 0.026118625 
293 62 10 12 0.026064226 
844 168 13 17 0.026011242 
384 126 9 11 0.026000045 
490 170 12 16 0.025974747 
248 61 10 14 0.025949059 
188 225 15 19 0.02590298 
110 127 9 11 0.025899345 
541 148 11 15 0.025806254 
389 103 10 12 0.025753237 
22 218 16 20 0.025689473 
177 122 10 14 0.025624877 
446 182 12 16 0.025531664 
417 150 10 13 0.025407735 
788 188 12 16 0.02537674 
85 313 18 19 0.025213918 
592 93 10 14 0.02504405 
449 127 9 12 0.025013225 
259 37 10 13 0.024951514 
400 429 17 20 0.024940185 
575 135 18 23 0.024860945 
672 453 12 14 0.024842214 
500 136 11 15 0.024833674 
696 168 8 10 0.024790816 
448 53 12 14 0.024765842 
534 346 15 20 0.024628479 
414 64 9 12 0.024617432 
421 116 11 13 0.0245645 
256 44 11 13 0.024518928 
727 292 10 14 0.024496753 
529 154 11 15 0.02441504 
628 131 11 14 0.024310345 
718 472 9 11 0.024283601 
385 92 9 13 0.024225773 
689 421 11 15 0.024203386 
442 545 22 28 0.02415766 
349 181 12 16 0.024143396 
260 157 12 17 0.024000484 
366 77 12 14 0.023957063 
577 121 18 22 0.023899853 
375 34 11 15 0.023882492 
360 86 10 12 0.023852099 
602 163 12 14 0.023844006 
328 48 10 13 0.023824325 
353 103 11 13 0.023803199 
430 164 12 14 0.023680493 
617 84 9 12 0.023604421 
167 135 11 13 0.023579175 
138 250 16 19 0.023562022 
141 127 8 10 0.023509106 
266 192 15 19 0.023383645 
243 219 14 19 0.023308352 
359 38 11 12 0.023283396 
467 179 15 18 0.023247663 
543 227 14 18 0.023167921 
518 163 12 14 0.023038117 
359 117 12 14 0.023033466 
15 228 13 17 0.02300256 
396 416 23 27 0.022944529 
688 184 11 14 0.02291717 
670 152 9 11 0.022881625 
5 284 10 11 0.02283229 
309 93 11 14 0.022789655 
366 94 10 12 0.022766622 
164 156 12 15 0.022628542 
181 143 12 14 0.02259913 
839 365 25 36 0.022592107 
692 426 10 13 0.022585984 
63 300 10 12 0.022575993 
319 7 11 13 0.022436686 
88 150 8 10 0.02243665 
638 126 10 12 0.022424417 
400 36 9 11 0.022410149 
222 463 10 12 0.022401212 
385 147 13 16 0.022341685 
286 19 11 13 0.022312175 
390 231 10 15 0.022151433 
125 152 13 15 0.022095505 
420 165 11 14 0.02204977 
5 227 15 18 0.022036616 
159 152 11 13 0.02188594 
359 92 11 13 0.02184303 
392 66 11 13 0.021836799 
335 107 11 14 0.021835309 
630 165 12 16 0.021754704 
429 169 14 16 0.021727156 
417 123 10 15 0.021547183 
463 179 11 16 0.021510527 
502 215 15 20 0.021461314 
47 225 13 18 0.021446826 
701 212 13 16 0.021286825 
447 132 12 16 0.021242058 
694 157 9 11 0.021185515 
703 456 9 11 0.0211738 
676 167 10 13 0.021130724 
440 195 12 16 0.021077119 
374 61 12 14 0.021076368 
646 153 19 25 0.021004822 
300 278 16 23 0.020996837 
388 126 10 12 0.020909112 
647 170 11 16 0.020805933 
633 148 10 13 0.020787692 
581 98 11 15 0.020691445 
244 99 10 12 0.020572899 
549 218 13 18 0.020561967 
270 56 10 13 0.02054432 
220 139 11 13 0.020534966 
574 118 13 14 0.020406693 
107 182 14 20 0.020406216 
309 232 13 16 0.020404965 
632 142 10 12 0.020379594 
198 292 14 17 0.020320436 
288 36 11 15 0.020297945 
97 139 9 11 0.02026946 
325 79 12 16 0.020263465 
335 147 11 15 0.020262018 
364 166 11 13 0.02024852 
525 165 11 13 0.020234015 
68 222 12 16 0.020150049 
342 93 11 13 0.020109143 
