12_Group_Group_12_Group_Group_12_417
21
371 242 31 40 0.9996271 
275 218 32 40 0.99957734 
509 225 30 38 0.99954635 
788 233 34 41 0.9994252 
114 214 36 45 0.99890447 
580 228 28 35 0.99883527 
446 216 29 36 0.9986966 
204 231 35 42 0.9985489 
642 236 29 39 0.9975217 
861 210 36 44 0.99728453 
720 219 33 40 0.9965029 
97 238 17 23 0.07276964 
542 46 13 14 0.06692211 
99 229 27 36 0.042183857 
775 57 15 16 0.037711132 
830 215 22 30 0.035256322 
292 35 12 14 0.030195676 
999 300 10 14 0.027921986 
995 343 11 13 0.024850866 
981 315 11 12 0.020986779 
36 17 14 17 0.02001015 
