12_Group_Large_Group_12_Group_Large_Group_12_86
407
900 405 11 13 0.7553075 
620 392 10 12 0.65376866 
717 399 9 12 0.59422576 
919 407 10 12 0.5758469 
823 398 9 11 0.5590705 
702 394 11 13 0.54370266 
747 400 15 18 0.46211833 
984 406 9 12 0.43283373 
673 398 9 11 0.41681078 
598 395 9 12 0.33422294 
637 391 9 12 0.31158555 
958 392 8 12 0.29610562 
965 407 9 12 0.2946789 
712 398 10 12 0.280546 
463 403 13 16 0.28002197 
577 391 7 10 0.2546592 
913 392 9 12 0.24663827 
856 393 8 11 0.2435849 
463 358 12 17 0.2223696 
685 439 9 10 0.21422638 
574 457 9 11 0.20980221 
877 418 15 19 0.20189223 
800 400 8 10 0.17512235 
272 384 9 11 0.17500204 
877 380 9 12 0.1741773 
871 404 10 12 0.1736706 
650 396 9 11 0.17214319 
703 437 7 10 0.16986336 
224 368 8 10 0.15529862 
511 405 10 13 0.14837712 
210 382 7 10 0.14374423 
144 383 8 10 0.13314818 
696 427 10 13 0.1312825 
503 410 11 13 0.12609735 
792 428 8 11 0.12240993 
768 396 9 11 0.117824174 
997 438 8 13 0.11717827 
702 430 9 12 0.11609592 
398 376 8 10 0.11469892 
542 391 7 11 0.10886041 
331 393 12 16 0.10498235 
364 407 9 13 0.10497753 
850 397 8 9 0.104747936 
901 431 9 11 0.10387681 
941 391 8 10 0.10002766 
927 413 9 11 0.0994268 
824 403 9 11 0.098193906 
816 416 9 10 0.09718325 
265 374 8 11 0.09641913 
44 362 11 13 0.09581988 
633 395 9 11 0.09497929 
756 419 14 17 0.09360681 
581 391 8 10 0.09332303 
990 399 9 11 0.09281497 
512 399 10 13 0.09185872 
663 417 8 11 0.091412626 
660 448 10 12 0.08940413 
491 481 14 17 0.08890657 
648 393 8 10 0.08884145 
142 366 11 15 0.086436786 
146 390 8 10 0.08567024 
394 375 8 10 0.0847872 
454 355 11 16 0.08450167 
249 383 7 9 0.08447207 
917 399 8 10 0.08358855 
199 367 9 10 0.08261575 
270 373 9 12 0.080869846 
719 428 12 14 0.07963264 
831 414 8 10 0.07958851 
623 448 9 12 0.07906511 
924 408 9 10 0.07793715 
544 413 9 11 0.07777973 
999 407 8 11 0.07644706 
985 402 10 11 0.07627446 
558 393 7 10 0.07495827 
724 421 11 14 0.074402444 
697 438 8 10 0.07215698 
209 376 7 9 0.07071097 
335 372 11 15 0.069844015 
68 370 11 16 0.06984107 
875 399 10 11 0.068740495 
737 413 9 13 0.06843544 
720 382 8 10 0.06800933 
774 399 7 9 0.067870475 
334 367 9 12 0.067433044 
438 348 10 12 0.067161486 
166 392 7 9 0.06653157 
276 367 9 12 0.06562365 
545 446 8 10 0.064792484 
464 387 12 15 0.06473678 
121 382 8 10 0.06426279 
937 381 9 11 0.063921995 
614 407 9 10 0.06383138 
185 358 8 10 0.06364204 
159 413 9 10 0.0635424 
594 391 8 11 0.06308423 
225 373 8 9 0.062924735 
240 366 7 10 0.061803203 
678 392 8 10 0.06180085 
408 364 8 10 0.060850684 
255 384 8 10 0.060095094 
339 379 14 18 0.059099466 
176 374 8 10 0.059025656 
687 443 8 11 0.05875501 
468 350 11 14 0.05696126 
799 429 10 11 0.056754448 
656 417 8 11 0.05673515 
232 374 7 10 0.05568261 
452 350 11 14 0.05567314 
552 428 10 12 0.05564449 
736 419 10 14 0.055412967 
727 384 9 10 0.055184565 
830 407 7 9 0.05504315 
153 409 8 10 0.05504137 
262 360 8 11 0.05474468 
329 371 9 13 0.054155458 
647 430 10 12 0.054029416 
954 390 9 12 0.053895216 
151 368 8 11 0.05369204 
687 391 8 10 0.053565666 
456 431 10 13 0.052761044 
169 368 8 10 0.052643087 
719 412 12 13 0.05242016 
840 407 7 9 0.05225514 
261 366 10 12 0.051356953 
806 438 9 11 0.051279604 
974 356 8 11 0.050162494 
215 388 7 10 0.050019257 
963 412 9 11 0.049701713 
416 365 8 11 0.04967197 
303 388 8 11 0.04936676 
698 374 8 11 0.049349647 
239 383 7 9 0.048503354 
229 368 8 9 0.048337825 
699 396 9 12 0.047761455 
766 420 10 13 0.04655447 
239 375 7 10 0.046035405 
748 407 17 19 0.04570717 
704 490 11 17 0.04564837 
517 362 11 14 0.045101605 
437 363 9 12 0.044495612 
536 461 8 11 0.04434005 
873 456 9 12 0.043319494 
824 414 9 11 0.043288115 
421 358 8 11 0.042842664 
417 422 10 13 0.042492323 
264 381 7 10 0.04248181 
720 435 12 14 0.042286742 
404 434 11 13 0.041691978 
303 367 9 11 0.041397735 
256 366 10 11 0.041259754 
866 406 9 11 0.04079488 
535 396 9 13 0.040746357 
720 391 9 12 0.040063195 
560 424 9 11 0.039939135 
726 389 9 12 0.039736897 
647 437 8 10 0.039411396 
418 360 7 10 0.03936347 
234 382 7 9 0.039284088 
736 428 10 14 0.039034247 
720 464 7 11 0.039023366 
699 422 11 14 0.039001748 
536 391 9 12 0.038902156 
528 391 9 11 0.038798746 
510 349 9 11 0.038796373 
359 367 8 11 0.038734596 
422 366 8 11 0.038679205 
464 356 20 25 0.03864335 
740 410 13 16 0.03861874 
421 350 10 12 0.03846935 
174 369 8 11 0.038161747 
511 344 7 9 0.038029067 
709 393 10 12 0.03796031 
571 459 10 13 0.03795699 
558 429 10 11 0.037856538 
277 383 8 11 0.037771724 
767 381 9 12 0.037491314 
932 415 9 11 0.037408885 
401 392 9 11 0.037155937 
248 376 6 9 0.036806457 
184 398 8 10 0.036689524 
240 399 7 10 0.03666879 
554 397 9 11 0.03659176 
360 399 8 10 0.036572512 
670 413 9 11 0.036503088 
31 364 9 12 0.036221635 
177 382 7 9 0.036211044 
937 377 8 11 0.0361778 
927 400 8 10 0.03600521 
680 432 8 11 0.0358526 
652 339 10 12 0.03567587 
191 389 8 10 0.035639524 
936 397 9 11 0.035553835 
630 453 8 11 0.035552163 
405 376 8 9 0.03540068 
570 406 7 9 0.035398763 
874 377 8 11 0.035360128 
279 406 7 10 0.035093848 
769 372 10 13 0.034785677 
551 407 8 10 0.034781598 
774 430 9 11 0.034638174 
170 373 7 9 0.034564488 
787 333 11 13 0.0345333 
249 389 8 10 0.034474984 
101 379 10 13 0.034195114 
665 398 9 12 0.033889063 
157 439 16 17 0.033825774 
201 372 8 10 0.033727087 
942 397 8 10 0.033696968 
255 389 7 9 0.033433642 
773 421 8 10 0.033251096 
913 407 9 11 0.033170745 
989 382 9 11 0.033049215 
461 424 10 11 0.033024788 
912 447 10 11 0.032756772 
976 412 8 11 0.03272458 
605 390 8 11 0.032700114 
619 453 8 11 0.032648187 
214 376 6 9 0.032516446 
193 366 7 10 0.031970285 
13 386 12 18 0.03195937 
423 390 10 11 0.03169122 
463 351 11 15 0.03168844 
975 351 9 11 0.031660654 
804 399 8 11 0.031597808 
433 366 8 11 0.031472307 
560 444 9 11 0.03133643 
845 462 10 14 0.031212926 
697 368 8 11 0.031024128 
756 437 11 13 0.031004133 
653 392 8 11 0.030897634 
576 394 10 14 0.030625507 
739 452 12 15 0.030515008 
393 369 8 9 0.030511118 
352 366 8 11 0.030469878 
813 437 8 11 0.030456537 
837 445 10 13 0.03040797 
860 391 8 11 0.030291852 
904 382 9 11 0.030087156 
533 476 16 21 0.029754689 
832 383 8 9 0.029568147 
120 389 9 12 0.029554604 
997 399 7 10 0.029414458 
827 365 8 11 0.029248802 
458 403 11 16 0.029189838 
864 434 11 14 0.029026046 
97 376 9 11 0.02891281 
831 446 10 12 0.028901186 
670 429 8 11 0.028860368 
976 407 9 11 0.028825553 
725 414 11 14 0.028795881 
484 341 10 12 0.02866662 
367 389 9 11 0.028648488 
535 471 11 15 0.028490717 
863 412 10 12 0.028316753 
711 471 9 12 0.028273683 
557 375 8 10 0.028271286 
556 472 11 13 0.028218161 
360 372 8 10 0.02789162 
735 453 10 14 0.027698522 
494 456 9 12 0.027596226 
429 398 10 12 0.02732901 
553 368 8 10 0.027295917 
383 424 11 13 0.027014673 
628 448 9 11 0.026974961 
209 387 9 11 0.026823077 
287 421 8 11 0.026792044 
975 375 9 11 0.026735438 
439 380 9 13 0.02670994 
806 431 8 11 0.026638629 
959 385 8 10 0.026628023 
616 356 8 10 0.026607392 
901 436 10 11 0.026560688 
649 415 9 12 0.026558964 
785 376 9 11 0.026433568 
190 384 8 10 0.026411735 
473 362 15 17 0.026401263 
664 391 8 10 0.026109103 
813 382 8 11 0.02605627 
148 372 9 11 0.02602448 
617 386 17 22 0.025985377 
455 360 13 18 0.025981613 
828 399 7 10 0.025806 
863 398 9 11 0.025758583 
698 393 8 10 0.025733108 
837 453 10 13 0.025714256 
518 349 9 11 0.025689749 
559 438 11 12 0.025586022 
943 376 8 10 0.02547752 
278 361 8 10 0.025386436 
541 472 10 13 0.02534095 
439 375 9 11 0.025331406 
760 383 8 10 0.02522169 
952 384 8 9 0.025219398 
388 405 9 13 0.025218835 
777 437 9 12 0.025183314 
894 367 7 8 0.02512369 
184 382 7 10 0.024989655 
954 438 8 10 0.024947608 
241 361 7 9 0.024917675 
149 383 8 10 0.024894051 
774 381 8 11 0.024745505 
736 406 10 14 0.02470505 
565 422 9 11 0.024454447 
465 396 14 19 0.024366818 
162 391 8 10 0.024357224 
688 432 9 11 0.024311148 
552 392 9 11 0.024252605 
601 413 8 10 0.024249107 
599 405 8 11 0.024141306 
137 371 11 13 0.024130238 
998 431 9 13 0.024081284 
669 423 9 10 0.024021018 
670 337 11 15 0.023879698 
296 358 7 9 0.02384405 
648 420 10 13 0.023765683 
919 382 10 11 0.023722876 
501 419 14 17 0.023719532 
199 361 8 9 0.023716375 
920 377 8 10 0.023681158 
125 352 10 12 0.023586228 
877 388 9 12 0.023556702 
998 351 8 11 0.023527041 
760 391 9 11 0.023492873 
224 383 8 10 0.023450932 
234 438 8 11 0.023363376 
818 404 8 11 0.023303524 
807 415 8 10 0.023287086 
981 367 8 10 0.023230834 
955 395 9 13 0.023124805 
121 352 8 11 0.02312475 
444 606 13 15 0.023080725 
617 374 9 12 0.023065787 
341 367 10 13 0.022982119 
241 405 7 10 0.022922335 
449 356 10 14 0.02289961 
800 415 9 11 0.022899233 
580 461 9 11 0.022895258 
520 344 8 10 0.022894848 
714 460 9 12 0.022825066 
960 422 9 11 0.022691686 
950 375 7 10 0.022645183 
543 441 9 11 0.02257759 
553 381 9 10 0.022567596 
631 386 18 22 0.022548608 
461 384 20 26 0.022506563 
928 420 10 12 0.022439174 
631 462 9 11 0.022391377 
617 382 9 12 0.0223271 
367 368 7 10 0.022275986 
592 349 9 10 0.0222196 
663 383 8 10 0.022210129 
182 375 7 10 0.022194264 
904 377 8 9 0.022173556 
695 417 11 12 0.021911703 
384 381 6 9 0.021845317 
789 380 8 12 0.02173513 
654 429 8 11 0.021633368 
724 397 10 12 0.02158914 
914 412 9 11 0.021573756 
432 355 20 28 0.021556184 
712 393 18 23 0.021555614 
462 371 22 28 0.02152451 
311 367 8 11 0.021440463 
459 434 11 14 0.02142224 
695 443 8 11 0.021303492 
530 396 9 12 0.021296792 
701 391 17 22 0.021293778 
751 392 9 11 0.021285245 
248 407 7 10 0.021278838 
672 373 9 11 0.021275334 
159 384 8 9 0.021206032 
785 421 9 10 0.021154637 
120 377 8 11 0.021136662 
678 412 9 11 0.02111606 
802 382 9 12 0.021107724 
751 381 9 10 0.021079164 
160 374 7 9 0.021057779 
135 359 11 13 0.020987555 
709 476 9 12 0.020943552 
743 382 8 10 0.020943243 
871 410 11 14 0.020867042 
536 445 9 12 0.020866605 
688 374 8 10 0.020827672 
814 431 8 11 0.02079711 
684 468 13 14 0.020796468 
713 381 9 11 0.020779308 
369 352 8 9 0.020750472 
717 375 9 11 0.020710666 
575 406 8 10 0.020700278 
366 399 8 10 0.020663524 
550 436 11 13 0.020651216 
591 408 8 10 0.020638363 
677 405 8 11 0.02052842 
438 387 11 13 0.02044932 
318 428 11 13 0.020444322 
504 396 11 14 0.020373188 
468 343 11 12 0.020351976 
830 440 9 11 0.020351823 
896 410 10 12 0.020255126 
184 406 9 11 0.02021547 
544 420 11 13 0.02018874 
820 393 18 23 0.020179827 
385 376 6 9 0.02006692 
928 376 6 10 0.020051016 
792 416 8 11 0.020049816 
125 383 7 10 0.02000066 
