12_Group_Team_Organized_Group_12_Group_Team_Organized_Group_12_21
65
262 324 41 42 0.9993716 
562 303 24 27 0.9937058 
355 298 27 33 0.99091727 
470 275 20 25 0.8267893 
427 296 15 17 0.8052808 
519 320 20 23 0.75571954 
555 359 24 32 0.56504625 
481 376 15 20 0.51319575 
433 341 23 29 0.42476383 
383 289 14 21 0.3750951 
435 300 13 16 0.3640032 
449 408 26 27 0.17874926 
438 355 16 23 0.16207376 
421 313 15 16 0.14011231 
429 312 14 17 0.10387542 
508 369 18 21 0.09673283 
501 291 17 22 0.08610769 
390 301 407 512 0.08389412 
615 349 13 17 0.080980316 
462 330 16 21 0.069147296 
410 341 16 20 0.064372115 
510 324 15 19 0.05438453 
413 315 14 17 0.05167595 
514 400 16 21 0.05142051 
248 331 28 38 0.05071932 
492 371 14 19 0.05067076 
461 313 14 19 0.050607495 
503 405 13 16 0.049435228 
396 304 13 18 0.046985317 
462 334 24 32 0.041616432 
582 342 17 23 0.039927114 
372 286 23 30 0.03850675 
387 295 13 18 0.037505306 
506 354 24 30 0.034261934 
444 406 18 21 0.03062446 
564 350 26 35 0.029755095 
543 306 11 17 0.02913553 
511 377 21 30 0.029100304 
243 339 22 37 0.02895047 
470 377 15 19 0.028541718 
492 312 15 21 0.027852243 
625 372 13 16 0.027828526 
412 333 17 20 0.02712601 
470 297 15 19 0.025782946 
415 337 23 28 0.025687408 
465 323 18 22 0.024572665 
348 278 31 38 0.024500478 
456 332 12 18 0.023396498 
405 309 13 17 0.023215795 
549 307 13 19 0.022975005 
461 487 410 515 0.022335593 
455 398 26 31 0.022226673 
383 305 13 18 0.021771388 
500 314 13 18 0.021550266 
562 399 29 33 0.021547953 
501 322 16 22 0.021132154 
411 387 22 29 0.021073336 
377 298 22 29 0.02103995 
242 334 51 55 0.02088087 
462 411 18 20 0.020683067 
390 306 12 16 0.020605851 
579 320 16 21 0.020417525 
510 312 21 26 0.020388743 
410 320 23 27 0.02029545 
504 400 21 26 0.020215658 
