12_Group_Large_Group_12_Group_Large_Group_12_276
67
571 201 59 74 0.99963963 
218 241 57 66 0.9995952 
851 88 56 68 0.99958533 
593 93 54 67 0.9994506 
438 230 59 80 0.99943703 
354 37 52 72 0.9993399 
697 156 56 70 0.99914277 
223 63 54 59 0.99905556 
436 67 55 66 0.99902236 
668 263 66 77 0.9988128 
518 82 52 59 0.9986331 
324 224 55 71 0.99848455 
489 2 48 52 0.99641126 
707 75 49 59 0.9955575 
296 7 43 51 0.9929299 
579 26 42 53 0.99103594 
138 10 45 52 0.9888629 
105 291 63 71 0.9831308 
648 65 47 53 0.9826408 
-3 69 37 72 0.91665775 
979 25 20 27 0.7699473 
69 -1 18 13 0.20373458 
47 58 59 61 0.15264218 
819 188 69 82 0.12541433 
443 18 36 42 0.10775055 
786 191 43 66 0.05768932 
931 218 86 140 0.046937253 
966 20 26 33 0.046881594 
741 77 33 38 0.046319764 
1012 6 11 15 0.045177933 
56 11 18 20 0.04215285 
664 3 47 54 0.04133186 
564 40 28 38 0.040233467 
988 23 19 28 0.040131986 
646 222 48 64 0.039537203 
955 7 28 32 0.039380565 
784 185 32 45 0.037460987 
654 31 50 61 0.03688233 
43 78 51 70 0.03628488 
771 208 37 46 0.036165595 
947 47 14 21 0.035576258 
973 10 28 34 0.035218235 
926 47 25 28 0.035090096 
498 124 25 37 0.03488501 
919 39 24 31 0.034013305 
937 40 21 31 0.03161951 
1003 5 21 30 0.031428047 
671 124 41 56 0.03103291 
127 22 32 42 0.030204209 
208 187 39 45 0.029707015 
34 62 33 43 0.029219357 
394 87 27 36 0.029145002 
734 249 45 57 0.02703514 
979 12 17 21 0.026165506 
342 44 25 38 0.02544573 
869 0 12 12 0.024654448 
639 217 36 47 0.02371102 
905 99 27 41 0.022903299 
170 59 22 33 0.022789534 
435 35 47 59 0.021087695 
1003 27 13 18 0.021071559 
237 0 17 13 0.02081762 
885 52 24 30 0.020641988 
988 104 34 66 0.020355247 
45 43 13 16 0.020187648 
713 181 55 67 0.020108812 
47 48 41 46 0.020051057 
