12_Group_Team_Organized_Group_12_Group_Team_Organized_Group_12_283
137
134 332 27 33 0.9979219 
386 230 18 21 0.99437237 
233 256 22 29 0.99400145 
360 339 22 29 0.99200565 
433 246 21 29 0.9919865 
355 263 18 24 0.99161655 
236 345 23 31 0.9914375 
559 239 21 28 0.9878753 
97 260 18 22 0.98517287 
800 240 20 25 0.98496497 
481 215 17 21 0.9836731 
69 234 21 27 0.98303413 
768 243 20 25 0.98214483 
586 237 20 25 0.98207873 
518 345 22 28 0.98179674 
612 232 21 27 0.9807524 
442 330 22 27 0.9798631 
459 250 20 26 0.97984856 
264 249 22 26 0.979542 
522 222 16 20 0.9759295 
283 232 17 20 0.97584814 
478 268 21 26 0.9738601 
177 264 19 23 0.97300154 
667 233 19 24 0.97244936 
736 229 18 23 0.97188085 
889 267 20 25 0.9714938 
331 259 17 23 0.967804 
672 271 19 24 0.96432775 
846 248 20 26 0.962883 
297 349 20 26 0.9623783 
625 261 19 23 0.96235 
63 319 24 29 0.95680326 
360 243 18 22 0.9542872 
137 235 14 18 0.9531123 
645 232 14 19 0.95130527 
825 246 20 26 0.9496601 
306 265 19 25 0.9478051 
734 284 20 25 0.9418661 
469 232 18 22 0.9340485 
701 230 16 20 0.9230197 
317 220 13 16 0.921255 
951 262 22 26 0.91995585 
108 235 20 22 0.9167948 
410 243 19 24 0.9141853 
334 238 19 24 0.90144455 
653 258 20 25 0.899981 
390 258 20 23 0.8996456 
574 357 22 28 0.8869864 
217 230 17 21 0.87948906 
148 253 16 21 0.8716027 
302 248 17 23 0.85515606 
711 244 18 22 0.83833945 
541 250 13 18 0.8081849 
248 233 16 19 0.79555815 
674 358 18 22 0.75980204 
205 239 17 20 0.7303513 
306 232 15 18 0.7210651 
178 228 13 17 0.70005816 
520 260 16 22 0.6905357 
0 330 15 19 0.33778456 
161 338 16 20 0.28743392 
360 293 17 22 0.25778276 
206 254 16 20 0.1721907 
398 356 12 16 0.1542243 
473 219 21 26 0.1309155 
941 298 11 15 0.12706631 
524 232 16 18 0.11641031 
526 239 16 19 0.10268795 
352 226 13 17 0.094989754 
356 228 15 18 0.093928054 
294 247 18 24 0.09390805 
640 235 14 19 0.0925927 
337 211 12 14 0.087214276 
47 254 13 16 0.08613918 
677 299 13 18 0.07548463 
636 240 16 21 0.07525147 
331 247 16 21 0.07063243 
176 224 11 15 0.069297224 
789 361 12 14 0.06709512 
602 235 21 28 0.06705432 
623 356 15 19 0.066709474 
12 330 13 16 0.065586716 
399 250 20 26 0.061415765 
522 251 17 21 0.06079322 
284 245 15 22 0.06038953 
803 263 13 16 0.05923453 
328 349 12 16 0.058795433 
66 210 13 16 0.049738415 
870 230 13 16 0.049737494 
548 239 21 27 0.049555436 
567 349 24 28 0.04944165 
596 439 13 13 0.048934173 
363 231 15 17 0.048804693 
24 423 11 15 0.045866027 
536 461 13 14 0.043714806 
273 240 19 25 0.04244438 
19 332 13 15 0.04201836 
36 308 16 23 0.041507915 
375 273 14 17 0.04029841 
285 264 16 20 0.038675327 
715 434 30 40 0.036955707 
630 250 20 26 0.03668216 
628 241 15 19 0.034919366 
963 364 11 13 0.03468361 
19 277 16 19 0.034461387 
103 404 13 16 0.033849947 
227 398 25 31 0.033723827 
4 327 20 23 0.031832922 
740 313 15 19 0.031710483 
13 312 11 16 0.031153576 
50 242 15 18 0.029297737 
413 261 15 19 0.02907013 
1006 208 12 17 0.027487926 
526 375 15 21 0.026670445 
735 372 9 13 0.026358712 
290 261 21 27 0.026186071 
709 381 13 16 0.025998127 
347 289 15 20 0.02599325 
149 314 13 16 0.025597336 
179 237 16 20 0.024052164 
348 243 20 26 0.023381928 
599 201 24 27 0.022362357 
417 174 9 12 0.02173615 
565 347 16 19 0.021634439 
126 240 13 18 0.021520805 
342 199 10 12 0.021324534 
98 276 16 21 0.021254562 
868 240 16 20 0.021070858 
602 271 16 19 0.020996729 
361 175 9 12 0.02083512 
214 394 27 33 0.020760639 
511 261 20 26 0.020620976 
321 224 15 18 0.020610211 
230 172 12 14 0.020225003 
635 475 14 16 0.020172676 
184 260 16 20 0.020142144 
411 340 13 17 0.020029776 
