12_Group_Group_12_Group_Group_12_28
42
171 39 31 41 0.9996177 
514 57 34 44 0.99945694 
462 235 31 42 0.99881065 
210 104 35 48 0.9983398 
383 198 44 54 0.9977245 
107 70 37 46 0.99746346 
302 133 35 45 0.996777 
178 200 37 45 0.99616075 
704 85 42 54 0.99583036 
70 21 39 50 0.9957171 
126 125 45 58 0.99444276 
519 253 39 49 0.99405235 
791 77 38 49 0.99359256 
902 108 47 58 0.9926795 
245 255 42 49 0.9922619 
551 110 38 49 0.99212193 
261 151 39 51 0.9906833 
612 97 42 55 0.98959035 
614 50 39 43 0.9893283 
664 58 36 50 0.98123014 
231 75 38 51 0.97958046 
919 68 42 48 0.86402303 
797 136 43 50 0.73100877 
220 93 40 55 0.547486 
363 365 26 28 0.058948204 
942 236 39 57 0.045890763 
912 87 49 64 0.041756 
116 256 13 17 0.040629257 
30 263 10 12 0.03824649 
41 249 10 12 0.037245616 
340 269 28 33 0.03576104 
244 130 26 32 0.034696802 
513 110 32 44 0.034074124 
472 215 23 28 0.033329725 
194 249 29 36 0.026291128 
57 436 95 122 0.02526488 
413 349 31 33 0.02454018 
1 305 11 19 0.02303501 
92 298 576 549 0.022996154 
923 287 29 33 0.022902075 
910 290 33 41 0.022289995 
494 260 22 28 0.02080708 
