12_Group_Large_Group_12_Group_Large_Group_12_736
202
571 397 33 43 0.98410505 
938 455 26 31 0.97261673 
398 390 16 20 0.8915677 
302 381 27 31 0.887077 
630 354 22 30 0.8041376 
424 391 17 26 0.80025244 
153 335 21 32 0.75883085 
69 312 11 13 0.6827044 
733 379 27 33 0.5481103 
229 366 14 18 0.5177366 
188 362 16 23 0.40294555 
770 356 14 20 0.3628682 
145 395 18 23 0.34486958 
227 395 17 25 0.25996733 
631 349 13 17 0.24020472 
895 486 13 16 0.22935139 
12 357 22 31 0.21087828 
533 462 48 73 0.20892727 
975 502 26 34 0.20751157 
112 340 11 13 0.1912403 
448 388 13 18 0.162937 
893 285 11 13 0.15236774 
125 341 11 16 0.1332511 
753 444 30 50 0.12408383 
561 444 28 46 0.12252781 
676 370 17 22 0.11961696 
662 438 12 14 0.1158246 
116 339 13 16 0.11463578 
694 371 14 19 0.10467048 
417 398 22 29 0.09895081 
14 315 13 17 0.09539282 
26 631 9 12 0.09194504 
340 701 10 12 0.090941876 
63 337 25 34 0.08874671 
229 389 11 16 0.087480366 
968 418 12 17 0.08741391 
413 410 15 19 0.08507693 
587 379 16 22 0.07883207 
5 683 26 29 0.07732606 
94 347 12 15 0.0772032 
124 377 42 53 0.07445671 
356 701 9 13 0.074370906 
1 671 9 13 0.07011456 
1 309 9 13 0.06864951 
751 389 22 35 0.06780658 
142 340 17 22 0.067376725 
954 436 14 17 0.064906366 
739 294 11 13 0.062057506 
227 373 16 21 0.057925787 
447 384 11 14 0.057041325 
339 707 11 14 0.056085046 
196 360 10 13 0.05565215 
427 404 15 19 0.05409089 
670 366 17 21 0.051889732 
206 384 14 19 0.051217727 
682 365 15 19 0.05065793 
745 390 19 27 0.04982738 
640 354 17 24 0.046899546 
445 399 15 19 0.046726197 
1 338 10 17 0.04586928 
582 391 25 34 0.044341538 
916 442 13 19 0.04404483 
714 396 16 22 0.04297971 
56 317 41 48 0.042775463 
47 341 11 15 0.041073333 
21 310 8 11 0.04106081 
716 345 17 19 0.040864628 
888 453 11 14 0.0406089 
945 442 24 29 0.040158767 
35 618 12 15 0.03986377 
449 449 16 19 0.03923313 
432 397 16 22 0.038597234 
0 303 8 12 0.038391925 
28 355 26 32 0.037508026 
398 742 14 18 0.037356444 
86 317 9 13 0.03680919 
616 356 23 31 0.03643179 
187 373 16 22 0.036426492 
405 702 9 12 0.036153533 
45 337 25 33 0.03460195 
74 315 12 14 0.033873998 
509 610 12 15 0.03372841 
909 438 14 17 0.033386417 
718 389 23 33 0.032883372 
738 372 19 21 0.03245234 
398 722 10 12 0.032312587 
482 412 14 17 0.03230143 
387 432 17 20 0.03228785 
35 341 23 31 0.031941917 
164 451 13 16 0.03180441 
154 448 16 19 0.03173188 
890 484 11 14 0.03167472 
147 383 22 30 0.0315254 
207 366 12 15 0.03137456 
697 419 15 19 0.031175824 
564 375 15 18 0.031024734 
569 372 14 16 0.031021595 
66 308 19 21 0.030425956 
661 322 17 20 0.030315656 
889 481 9 11 0.03027852 
399 383 14 17 0.029589934 
424 384 12 15 0.029426562 
445 409 13 15 0.029409584 
911 462 11 13 0.029378667 
667 683 48 78 0.029045148 
557 419 46 59 0.028694475 
355 707 12 14 0.028358303 
207 343 9 11 0.028304134 
768 352 12 16 0.028070157 
11 678 17 20 0.02806596 
43 353 17 24 0.027986068 
316 372 24 32 0.027965663 
407 416 15 20 0.027844876 
205 347 11 14 0.027684405 
166 361 12 15 0.027535824 
240 341 10 12 0.027533239 
716 407 15 20 0.027512277 
904 442 11 15 0.027275767 
766 408 14 19 0.027201049 
482 402 14 19 0.027062956 
376 700 11 12 0.027034556 
212 370 12 15 0.026831714 
888 466 9 12 0.026696883 
582 410 19 27 0.026673153 
594 386 15 23 0.026597453 
646 389 21 29 0.026471248 
350 683 10 13 0.026143087 
685 355 13 17 0.025872318 
85 344 13 20 0.02584912 
200 336 8 10 0.025629686 
87 312 9 12 0.025549442 
566 373 27 32 0.025530254 
102 384 14 19 0.025483923 
467 448 27 37 0.025393428 
645 320 22 26 0.025348298 
333 370 14 18 0.02530436 
341 694 12 16 0.025216637 
451 390 19 28 0.02488189 
73 634 13 17 0.024792815 
701 396 24 29 0.024742488 
118 344 13 18 0.024567498 
246 303 11 13 0.024437854 
126 326 9 12 0.024419524 
67 370 14 17 0.0243502 
299 379 20 23 0.024299843 
157 325 23 32 0.02429082 
158 327 14 19 0.024222897 
358 394 13 16 0.024211163 
183 396 11 14 0.024013473 
889 459 10 14 0.023869801 
102 341 11 14 0.02384749 
73 350 16 22 0.023752658 
62 316 26 28 0.023597322 
905 487 22 30 0.023498388 
25 367 19 22 0.02340102 
613 360 15 21 0.023330454 
675 339 12 16 0.023240361 
52 669 18 20 0.02322245 
5 304 9 11 0.023190359 
375 362 11 14 0.023174398 
76 341 20 29 0.023134092 
467 452 16 21 0.023061907 
34 371 15 19 0.023041815 
406 375 11 13 0.023024056 
975 442 13 18 0.02293124 
53 333 11 14 0.022923512 
149 317 10 12 0.02256206 
368 711 9 11 0.0224404 
446 432 25 34 0.022394685 
226 403 22 32 0.022336729 
545 397 25 33 0.02224095 
55 309 11 13 0.022119401 
149 372 13 17 0.022100775 
29 423 32 43 0.021929357 
307 370 18 21 0.021891143 
118 319 10 14 0.02184406 
415 395 14 19 0.021831261 
676 357 14 18 0.021710886 
902 469 10 12 0.021699367 
23 305 8 10 0.02163652 
28 634 9 13 0.021621354 
171 338 12 17 0.021609597 
132 335 20 27 0.021245725 
375 653 10 12 0.021235397 
144 309 9 12 0.021170687 
8 322 12 16 0.021152029 
264 389 11 15 0.021149434 
11 354 46 49 0.020996237 
916 459 12 17 0.020927265 
17 305 9 10 0.020917794 
189 383 13 17 0.020906786 
7 360 17 23 0.020812092 
199 385 13 19 0.020704564 
332 701 21 25 0.020694165 
348 693 13 15 0.020459823 
95 334 11 14 0.020409841 
142 304 9 11 0.02032118 
447 368 9 11 0.020237438 
468 401 22 32 0.020198125 
418 416 13 18 0.020158377 
176 363 23 31 0.02007039 
314 362 17 19 0.02000067 
