12_Group_Team_Organized_Group_12_Group_Team_Organized_Group_12_235
28
63 50 193 273 0.99954045 
429 579 55 70 0.9994311 
83 974 180 257 0.998988 
203 391 154 227 0.9891394 
845 495 96 156 0.9878197 
749 985 166 247 0.98581713 
619 141 225 310 0.45784435 
678 769 40 46 0.08260591 
497 127 24 31 0.061395165 
666 497 26 31 0.056000546 
155 788 29 36 0.05304698 
754 777 29 32 0.047644924 
791 728 45 52 0.04656515 
74 777 32 37 0.042696808 
929 237 23 26 0.039208055 
538 401 24 31 0.03396554 
275 982 84 65 0.031839207 
531 19 369 509 0.031286642 
582 597 24 28 0.029240096 
596 710 15 17 0.028660541 
269 737 183 272 0.028575838 
957 249 21 26 0.026649911 
691 726 17 20 0.024710217 
6 900 286 435 0.022609392 
62 400 27 32 0.022558533 
931 745 19 22 0.022068001 
664 916 308 362 0.021650594 
0 762 18 39 0.020802552 
