12_Group_Team_Organized_Group_12_Group_Team_Organized_Group_12_653
35
525 321 35 44 0.9995999 
654 332 37 44 0.99858737 
843 191 36 46 0.99845827 
799 195 34 41 0.9983785 
314 227 37 49 0.9982432 
947 376 46 58 0.99823254 
769 358 46 54 0.9966119 
199 179 39 53 0.995436 
73 170 43 53 0.9949845 
427 387 42 55 0.99485236 
327 304 40 53 0.9935502 
383 289 37 48 0.9927631 
242 361 41 52 0.9894666 
592 376 43 53 0.9867215 
913 386 26 38 0.41084555 
928 243 14 18 0.10348513 
364 450 29 36 0.08764127 
948 564 24 27 0.076991424 
415 286 24 32 0.0568341 
312 487 32 34 0.049075793 
994 387 13 16 0.040066272 
725 342 26 32 0.036275126 
504 565 12 16 0.028294798 
740 279 26 30 0.025608923 
66 167 30 43 0.024684094 
245 514 30 39 0.024541723 
466 505 16 18 0.02399543 
812 369 14 20 0.023275472 
756 358 23 34 0.022451987 
-2 236 33 38 0.022254726 
960 285 11 14 0.022099128 
259 330 30 35 0.021696286 
758 367 13 20 0.021012917 
715 380 23 30 0.020847809 
353 457 31 38 0.020682128 
