12_Group_Large_Group_12_Group_Large_Group_12_107
77
549 193 29 38 0.9996996 
700 194 31 41 0.99963176 
546 297 34 43 0.99942195 
469 377 36 43 0.99938893 
465 202 31 35 0.9993766 
636 313 34 44 0.99916875 
300 201 35 40 0.9990496 
757 198 34 43 0.9989819 
590 206 32 42 0.9989623 
233 176 34 44 0.99876523 
296 324 37 43 0.99865 
512 208 31 37 0.99846834 
616 181 28 33 0.99836355 
385 315 37 47 0.99800235 
409 206 31 35 0.99794203 
161 203 35 45 0.9975085 
432 240 34 40 0.99680185 
643 216 32 37 0.9966625 
717 374 39 47 0.9965959 
837 192 38 48 0.9961205 
78 210 44 54 0.9944922 
187 377 43 53 0.99369615 
346 217 28 35 0.99271834 
915 204 14 18 0.21676485 
691 169 17 21 0.1922975 
732 180 16 20 0.19119118 
893 182 10 14 0.15115586 
845 166 24 27 0.15103623 
886 160 11 14 0.09821698 
853 166 14 17 0.0801891 
909 187 15 18 0.07618931 
860 170 14 16 0.0758405 
220 346 29 33 0.07220866 
227 354 16 19 0.069781564 
905 194 22 26 0.061392225 
386 167 26 31 0.05482063 
866 172 12 15 0.054152146 
785 149 11 14 0.04318754 
917 180 13 19 0.0413587 
925 179 14 21 0.038159296 
636 162 22 26 0.03724698 
427 197 26 31 0.037192605 
867 167 10 12 0.037109498 
785 145 9 11 0.03622344 
900 182 12 15 0.035319846 
31 656 11 13 0.03474812 
396 155 16 19 0.03381695 
759 173 12 15 0.033692397 
822 156 14 17 0.033618122 
522 170 15 18 0.032933924 
446 372 19 27 0.029816138 
911 185 22 27 0.029636867 
901 187 14 17 0.02935694 
214 10 37 48 0.0288191 
229 343 16 18 0.028440647 
-4 283 29 61 0.027503131 
812 139 10 14 0.026989333 
276 322 25 33 0.026932433 
204 150 16 21 0.02600809 
881 158 10 13 0.025876319 
679 157 12 14 0.025488766 
883 157 19 24 0.024886575 
854 160 11 14 0.02479413 
35 519 13 15 0.024465136 
52 387 51 50 0.024297804 
253 92 25 33 0.023890292 
889 181 21 27 0.02365511 
849 330 171 226 0.02356922 
208 333 12 18 0.023030406 
231 338 30 34 0.022915887 
609 190 28 32 0.022370147 
144 387 23 31 0.021003924 
209 339 29 36 0.020823034 
836 159 23 30 0.020506239 
217 71 22 29 0.020276438 
934 468 9 12 0.020131648 
827 161 13 16 0.020044982 
