12_Group_Large_Group_12_Group_Large_Group_12_849
64
211 219 16 18 0.9541936 
778 341 17 23 0.93144506 
435 305 13 17 0.5256604 
394 325 19 22 0.38926786 
651 356 18 20 0.18887524 
441 308 12 15 0.12908852 
590 432 25 42 0.117652625 
365 374 30 37 0.11109052 
645 357 16 20 0.09573172 
803 348 24 35 0.09538139 
323 516 66 54 0.092055075 
207 223 22 26 0.06666213 
207 231 13 17 0.065228045 
672 419 14 17 0.05673935 
641 445 29 44 0.05636785 
134 226 13 16 0.055151556 
816 322 40 49 0.051129308 
805 335 37 52 0.047240946 
781 346 27 40 0.046629887 
299 326 18 19 0.045483213 
376 368 31 34 0.041151382 
387 336 18 20 0.03964393 
401 301 10 13 0.039085455 
399 327 24 26 0.038836602 
380 379 15 18 0.037582092 
377 325 50 51 0.03697377 
357 381 27 33 0.03625328 
445 237 11 14 0.035011563 
827 318 27 34 0.034157645 
2 506 43 63 0.034059513 
371 380 16 21 0.03380941 
267 203 12 17 0.033339083 
197 246 11 14 0.0322988 
200 214 41 55 0.031998336 
767 366 15 22 0.031782214 
787 114 46 56 0.031249672 
772 355 25 37 0.03066367 
379 337 29 33 0.028458923 
421 338 16 23 0.027360076 
255 236 12 14 0.027359923 
282 362 15 21 0.02653327 
171 239 11 14 0.02625202 
722 400 27 36 0.026202055 
390 318 12 14 0.025654327 
148 228 15 17 0.025276879 
390 312 10 12 0.02512389 
812 341 15 21 0.024675358 
804 363 17 25 0.023990523 
252 220 10 13 0.023616487 
237 175 9 11 0.023195326 
333 398 13 16 0.0230756 
377 350 31 35 0.022890462 
251 258 16 22 0.022716288 
208 164 10 12 0.022696419 
408 258 11 14 0.022689424 
157 221 12 14 0.022432262 
320 524 109 81 0.021756973 
811 368 13 18 0.02140957 
383 328 16 19 0.021105886 
431 311 14 17 0.021100791 
754 346 39 51 0.020953203 
264 199 11 14 0.02080776 
233 175 8 11 0.02015937 
815 318 27 32 0.020119244 
