12_Group_Team_Organized_Group_12_Group_Team_Organized_Group_12_685
308
405 160 63 81 0.99952555 
648 982 64 76 0.99938154 
680 719 24 31 0.99743503 
855 858 26 33 0.9967163 
564 765 26 34 0.99558485 
91 632 23 31 0.99519616 
645 774 27 34 0.9943704 
757 866 25 29 0.9927509 
537 988 49 66 0.99023855 
167 765 22 28 0.9883443 
729 757 24 32 0.9873208 
418 982 67 68 0.9856155 
327 760 24 30 0.98355246 
803 770 22 30 0.9813984 
27 641 20 26 0.97697145 
643 871 24 30 0.96300673 
604 720 21 27 0.95577514 
947 615 24 30 0.95069647 
705 666 21 26 0.93088555 
754 713 24 30 0.92547715 
307 860 23 28 0.92492855 
539 718 21 26 0.9162034 
592 609 20 26 0.91135556 
625 659 20 25 0.9000931 
134 1028 102 68 0.87853014 
278 641 25 31 0.8748984 
493 866 24 30 0.86796343 
659 609 19 24 0.8443965 
485 655 22 26 0.83993137 
78 754 24 31 0.8252078 
566 654 20 25 0.7990063 
356 718 25 31 0.71768737 
240 753 16 21 0.67333186 
963 568 18 24 0.66953933 
424 799 57 63 0.5777978 
397 764 20 30 0.5680528 
361 647 22 28 0.5475462 
191 599 22 26 0.51370895 
519 610 19 24 0.4459502 
132 528 17 20 0.44003356 
905 570 19 24 0.43248615 
115 830 18 25 0.42594728 
16 685 39 45 0.40192074 
661 702 21 27 0.4017072 
130 708 18 22 0.3671088 
516 689 18 20 0.35352346 
491 686 16 19 0.31528527 
144 489 23 29 0.31126451 
130 750 21 27 0.2895299 
208 683 21 27 0.28934988 
428 615 24 30 0.2675604 
669 662 20 27 0.25583306 
281 712 17 21 0.2506757 
1009 680 16 27 0.2365949 
107 731 15 21 0.23405679 
778 897 22 29 0.19534677 
581 842 26 29 0.18620457 
628 880 27 33 0.18461326 
626 892 18 25 0.17970629 
162 477 21 26 0.17227535 
39 736 28 36 0.14041601 
121 675 17 24 0.13952503 
91 687 25 30 0.12822184 
255 739 15 19 0.120493576 
167 733 20 25 0.11844044 
734 872 17 20 0.11724477 
1007 561 16 22 0.112261996 
613 771 23 30 0.11158821 
515 809 31 39 0.11156984 
91 811 19 21 0.10933028 
309 603 17 21 0.10663166 
990 633 27 32 0.10360554 
358 681 15 19 0.09859397 
637 711 18 22 0.09449986 
700 694 21 25 0.09209637 
155 482 17 21 0.09037181 
205 509 16 21 0.08974979 
116 859 9 13 0.08441258 
148 498 25 31 0.08391468 
475 767 19 23 0.07846018 
671 714 24 32 0.078052446 
594 880 28 33 0.07686257 
464 900 30 39 0.076484896 
187 491 17 20 0.07646667 
207 696 26 32 0.07635935 
156 674 17 21 0.07436736 
758 809 15 19 0.07354913 
67 619 15 18 0.07312683 
528 617 16 19 0.07305198 
174 1031 53 36 0.07030291 
703 750 22 28 0.06875352 
138 1111 31 33 0.06742186 
901 616 17 21 0.06697099 
558 657 17 20 0.06483791 
571 706 23 27 0.064765476 
500 921 41 55 0.06427954 
619 631 17 21 0.06376757 
263 568 15 20 0.06362377 
889 611 22 27 0.06335505 
366 759 20 28 0.06252087 
730 696 16 21 0.062492512 
66 711 16 19 0.062272202 
248 758 19 25 0.06151801 
686 642 15 18 0.061206482 
545 625 23 28 0.060425177 
811 887 27 33 0.060271792 
388 760 91 107 0.060059234 
930 662 23 27 0.059202336 
219 712 16 21 0.058737792 
506 813 26 36 0.05862357 
754 733 27 31 0.05758945 
204 1061 56 71 0.05645949 
902 1122 15 19 0.055827867 
525 659 16 18 0.055775058 
655 146 27 33 0.05555671 
3 676 27 37 0.055086095 
250 743 19 24 0.05482347 
250 590 16 23 0.052919935 
355 858 13 17 0.0527937 
871 866 23 30 0.052520677 
712 753 26 33 0.05136616 
253 762 22 27 0.050681043 
266 703 22 27 0.04968641 
324 679 21 28 0.0486692 
273 1007 32 53 0.047954075 
529 818 18 22 0.047861118 
107 680 24 31 0.0477966 
152 512 19 24 0.047583096 
464 877 45 56 0.047114637 
482 860 39 53 0.04709844 
751 697 40 46 0.046739683 
105 616 16 20 0.04668148 
210 1026 58 62 0.046562515 
935 614 24 31 0.046107847 
397 975 56 68 0.04583876 
176 534 16 20 0.04564133 
604 885 28 33 0.04539084 
154 1023 57 37 0.045287862 
175 480 21 28 0.044167113 
439 900 34 40 0.042945635 
909 577 22 28 0.042812884 
572 847 41 49 0.042691924 
16 753 17 22 0.042690966 
284 737 18 24 0.042233467 
120 667 17 21 0.04180676 
882 876 24 31 0.041791845 
356 708 17 19 0.041687634 
881 610 18 25 0.04127946 
376 763 23 30 0.04052404 
200 596 19 25 0.04042939 
885 587 13 16 0.040274754 
924 592 14 19 0.039669998 
392 771 54 62 0.039012685 
97 617 23 32 0.03880532 
518 993 32 44 0.037894122 
157 1055 54 43 0.037688565 
52 808 29 34 0.037617818 
416 794 39 45 0.03704381 
781 1099 58 85 0.036659718 
486 907 43 59 0.03612669 
932 618 16 22 0.035774417 
36 684 27 35 0.03548954 
892 647 28 33 0.035469215 
161 679 17 22 0.03519002 
230 754 21 27 0.03500632 
487 181 47 57 0.034830198 
541 633 15 19 0.034802314 
249 535 15 20 0.034352835 
622 691 16 20 0.034340475 
119 574 28 44 0.034021355 
449 697 16 22 0.033623032 
95 727 25 30 0.03331686 
214 736 15 19 0.033288453 
822 829 14 19 0.03328408 
719 877 27 31 0.03320474 
940 596 14 17 0.032957107 
125 882 28 44 0.032695822 
476 628 17 20 0.032638878 
520 115 360 406 0.032151796 
715 702 21 28 0.03214324 
314 684 22 29 0.032108102 
663 869 25 33 0.032028325 
103 585 25 38 0.03194803 
205 668 27 32 0.031919844 
258 876 48 52 0.03141671 
1000 659 25 38 0.031205203 
292 877 12 16 0.030994225 
574 870 45 49 0.030923417 
187 721 20 26 0.030837161 
476 713 13 16 0.03064713 
91 755 25 32 0.030564891 
79 835 24 29 0.030380618 
101 601 23 34 0.030038431 
177 729 18 24 0.030007923 
202 694 20 24 0.02970595 
398 914 48 63 0.02964873 
887 1107 46 56 0.02959583 
84 692 19 22 0.02950432 
93 527 12 16 0.029474074 
894 571 23 30 0.029087517 
954 941 18 20 0.028690873 
853 759 29 33 0.028682359 
930 605 40 48 0.028624957 
112 736 24 31 0.028401969 
0 834 21 31 0.028165555 
68 816 17 21 0.028035196 
129 678 15 21 0.02760756 
740 817 23 29 0.027577762 
532 725 24 29 0.027481306 
6 698 35 44 0.027359532 
951 564 27 32 0.027274169 
106 587 14 20 0.027210714 
991 649 28 37 0.027130561 
273 876 29 33 0.027116258 
483 936 46 56 0.026763132 
449 818 38 44 0.026677804 
929 592 23 26 0.026519122 
563 674 23 28 0.026432646 
170 884 15 19 0.026311059 
127 1673 42 55 0.026127959 
71 743 45 49 0.025955968 
852 898 15 20 0.025909489 
259 576 17 22 0.025827251 
732 656 17 23 0.025810521 
19 853 14 18 0.025484331 
253 546 15 19 0.025366643 
322 1748 110 88 0.025362186 
164 741 18 22 0.025342533 
178 768 21 27 0.025280423 
620 639 24 28 0.025212154 
374 933 14 18 0.02517838 
241 687 22 30 0.024998462 
149 803 24 28 0.02485066 
673 617 15 19 0.024747103 
649 707 20 27 0.0245679 
887 577 23 30 0.02450724 
377 1731 19 21 0.024384642 
558 888 31 35 0.024303786 
675 809 24 29 0.02430174 
634 652 15 20 0.024208896 
480 1067 34 39 0.024181526 
22 704 35 42 0.02415584 
207 601 18 21 0.024095463 
691 638 15 19 0.023815976 
748 657 17 21 0.023781413 
745 868 29 32 0.023760755 
817 953 25 31 0.023685077 
193 496 17 20 0.023679746 
495 658 16 19 0.023632912 
627 753 23 30 0.023602054 
125 747 18 24 0.023456594 
699 642 13 17 0.023311289 
62 614 14 17 0.023196708 
283 874 16 20 0.022924356 
40 612 12 15 0.02290308 
651 614 23 28 0.022890685 
257 1054 19 22 0.02286416 
794 885 40 50 0.022698533 
54 811 45 52 0.022613402 
893 1111 28 35 0.02256748 
106 741 17 23 0.022565776 
525 746 15 19 0.022540066 
596 639 16 19 0.022505434 
710 885 25 31 0.022489699 
159 768 17 21 0.022473624 
5 845 23 30 0.022378804 
309 691 15 21 0.022361673 
6 644 24 30 0.022319134 
842 874 15 20 0.02222751 
361 1762 38 35 0.022110423 
121 691 25 31 0.022080781 
60 714 24 30 0.022046292 
143 476 38 46 0.021895388 
94 622 14 19 0.021782555 
843 865 25 33 0.021733036 
982 641 26 36 0.021620426 
1000 549 22 30 0.021586077 
546 638 17 21 0.021571087 
209 464 14 18 0.0214581 
161 1061 72 67 0.02142703 
85 815 26 31 0.021394221 
161 669 17 19 0.021231404 
486 671 18 23 0.021079654 
529 624 23 29 0.021048702 
688 702 24 31 0.020980494 
1000 641 26 37 0.020965733 
533 770 23 29 0.02083973 
195 502 23 28 0.020810748 
107 783 24 29 0.020784285 
260 739 22 28 0.020772459 
634 921 35 40 0.020731151 
1002 684 25 39 0.020686636 
935 599 25 32 0.02066453 
184 588 41 46 0.020596666 
469 627 15 19 0.0205949 
734 909 44 48 0.020483341 
113 725 15 20 0.020480972 
227 617 22 28 0.020436168 
667 139 17 23 0.020423787 
654 837 26 32 0.020344933 
514 788 40 48 0.020280382 
765 694 26 33 0.020193681 
257 697 24 29 0.020145386 
591 717 24 30 0.020128379 
348 862 22 28 0.020111818 
625 628 17 20 0.020088771 
236 1037 51 71 0.02007494 
27 741 26 31 0.020012747 
