12_Group_Large_Group_12_Group_Large_Group_12_143
326
79 207 26 31 0.99606186 
257 216 32 44 0.9929737 
465 227 35 43 0.99249333 
302 166 33 43 0.99102205 
391 233 28 35 0.9156523 
356 253 27 35 0.89012825 
175 202 27 31 0.8511846 
581 217 26 30 0.8214101 
328 79 9 10 0.2629718 
582 231 27 31 0.25086242 
58 210 12 18 0.22471036 
560 238 23 28 0.21062355 
53 192 13 16 0.20579903 
23 189 12 16 0.19427612 
399 225 14 18 0.1716579 
313 94 9 11 0.14480488 
309 79 8 10 0.13899067 
43 173 11 15 0.12878412 
284 95 10 12 0.1264864 
437 245 13 19 0.12084372 
48 193 12 15 0.11971818 
342 78 9 10 0.11870338 
397 133 9 11 0.11810708 
361 49 8 10 0.11286538 
565 37 8 11 0.10241106 
297 63 8 10 0.10047456 
107 450 12 14 0.09645401 
372 71 9 11 0.09639305 
164 192 28 35 0.09368926 
584 28 9 10 0.09068039 
357 28 10 12 0.08620619 
207 221 13 16 0.08399037 
331 54 10 12 0.08193548 
296 71 9 11 0.079956666 
355 243 25 28 0.076238826 
311 86 8 10 0.07501074 
371 39 7 10 0.070986055 
96 214 21 28 0.07070286 
600 48 9 10 0.06896236 
373 76 8 10 0.067432456 
369 62 9 11 0.06556774 
595 69 10 13 0.065190144 
24 224 22 28 0.065122575 
29 126 9 11 0.06380512 
417 5 8 11 0.06373378 
551 47 9 11 0.062095605 
697 63 8 10 0.061983936 
360 86 9 10 0.061836857 
63 184 10 13 0.057780407 
608 55 10 11 0.057477426 
386 80 7 9 0.057472803 
320 64 8 9 0.055127144 
220 218 22 28 0.054411568 
328 60 10 12 0.05355792 
711 79 8 10 0.053238813 
402 47 8 9 0.053102933 
415 119 9 12 0.051280875 
601 5 7 9 0.0512207 
0 59 9 13 0.050513394 
317 142 10 12 0.05051304 
613 56 9 11 0.050037883 
687 4 11 11 0.0497425 
15 175 10 13 0.049258187 
367 47 8 10 0.049218643 
13 128 9 12 0.04889734 
286 88 9 10 0.048851155 
374 88 9 11 0.04803425 
704 7 8 9 0.0477302 
25 151 10 12 0.047119927 
374 44 8 10 0.046069767 
607 5 9 11 0.045532845 
4 183 9 12 0.044950727 
224 196 11 15 0.044712692 
390 32 8 11 0.04446929 
568 235 38 48 0.043866683 
374 22 7 10 0.043129716 
191 209 15 21 0.043083202 
328 73 9 10 0.04301554 
356 110 10 13 0.043007236 
439 92 9 11 0.04294793 
385 32 9 11 0.04255968 
369 93 8 10 0.04231357 
610 28 8 10 0.04202322 
597 64 10 12 0.041998502 
343 73 9 10 0.041795447 
384 48 7 9 0.041444235 
613 21 9 12 0.040886648 
657 44 8 11 0.040670995 
319 71 8 10 0.040491488 
558 48 8 9 0.040359687 
1 206 8 13 0.04023844 
356 70 10 12 0.04023417 
591 6 8 9 0.0401978 
140 209 13 17 0.040188897 
311 72 8 10 0.040140297 
107 221 15 21 0.040046994 
607 228 14 17 0.040010273 
334 78 8 11 0.038379792 
337 7 10 12 0.038354892 
345 63 7 10 0.038262278 
400 86 8 11 0.037887923 
304 95 9 10 0.037260976 
615 1 9 11 0.03712052 
60 84 10 12 0.036765177 
471 404 241 275 0.036535595 
406 233 22 31 0.036487613 
367 54 8 10 0.036427505 
422 23 8 10 0.03637782 
344 100 10 12 0.03614001 
584 38 10 12 0.03582844 
407 103 9 11 0.035511684 
21 172 11 15 0.035490118 
614 71 11 12 0.03537945 
670 56 9 11 0.035288956 
312 7 10 10 0.034991786 
349 96 8 10 0.034786403 
607 40 9 10 0.034747306 
313 48 9 10 0.03471166 
702 87 9 10 0.034640837 
558 64 9 10 0.034573667 
443 28 9 11 0.03449901 
367 160 10 13 0.033911895 
335 72 7 10 0.033891153 
3 157 11 13 0.03386022 
0 213 9 14 0.033734627 
210 216 22 26 0.033566803 
665 62 8 11 0.033494838 
280 48 8 10 0.033335228 
62 102 8 11 0.03331853 
53 190 20 27 0.03331574 
13 225 20 29 0.03317247 
640 8 8 10 0.033120062 
304 38 9 10 0.032891925 
720 5 7 9 0.032204285 
2 235 11 16 0.032124583 
769 25 9 10 0.032081798 
432 7 9 11 0.032025635 
553 71 9 12 0.031826854 
289 80 8 9 0.031609256 
383 86 8 10 0.031555828 
287 38 8 10 0.031464282 
679 79 8 10 0.031386577 
657 120 8 10 0.031365752 
589 37 9 11 0.031099891 
295 76 9 10 0.031065209 
374 135 10 13 0.030939898 
263 87 10 12 0.03082843 
340 237 13 18 0.03081362 
313 64 8 9 0.030793905 
447 104 11 12 0.030677857 
414 134 10 12 0.030473173 
321 79 8 10 0.03042465 
621 487 48 57 0.030365542 
157 185 23 32 0.030259265 
557 93 10 12 0.030199612 
356 238 16 20 0.030189082 
32 141 10 12 0.03016296 
582 47 10 10 0.030120531 
333 59 9 12 0.030011775 
231 70 9 11 0.029887898 
64 144 10 11 0.029805563 
638 14 8 11 0.029771691 
358 64 8 11 0.029767474 
288 32 7 9 0.029638827 
318 87 8 10 0.029388523 
34 233 18 23 0.02912551 
22 182 12 14 0.029116763 
376 116 9 12 0.02884577 
585 6 9 10 0.028827462 
320 170 26 40 0.028826887 
802 40 7 9 0.028801242 
281 88 9 11 0.028717663 
551 244 14 18 0.028601924 
345 47 8 10 0.02853411 
54 142 8 11 0.028471375 
606 47 8 9 0.028415699 
698 86 9 10 0.028415306 
680 16 8 10 0.028385615 
432 48 8 9 0.028380902 
358 78 10 12 0.028296867 
305 87 8 10 0.028175188 
16 103 8 10 0.028168472 
681 38 7 10 0.02811983 
357 105 10 10 0.028042395 
311 334 12 16 0.027768485 
296 2 9 9 0.0277007 
344 54 9 10 0.02767818 
104 197 12 15 0.027676918 
401 40 8 10 0.027652001 
392 219 12 16 0.027585942 
40 188 11 14 0.027552504 
489 99 10 12 0.027472805 
660 119 10 11 0.02724436 
398 524 10 12 0.027056886 
56 125 8 10 0.027041255 
588 30 9 11 0.026937341 
656 158 9 12 0.026919797 
341 120 9 10 0.026798243 
692 23 9 11 0.02678924 
574 80 9 11 0.026739297 
400 53 8 11 0.026687771 
0 98 8 14 0.026648689 
406 8 8 10 0.026590971 
394 518 9 12 0.026569504 
314 13 8 11 0.026514102 
731 547 92 137 0.026295085 
385 55 8 11 0.026285965 
281 100 9 12 0.026276197 
401 8 8 10 0.02624502 
449 7 10 11 0.026210422 
67 202 25 33 0.026190517 
326 110 8 10 0.026112646 
646 117 9 11 0.026009323 
570 237 17 22 0.026009304 
25 154 13 16 0.02588899 
663 125 9 11 0.025729712 
449 2 10 10 0.02572224 
183 195 21 26 0.025682922 
562 31 9 11 0.025576074 
651 24 8 11 0.0254823 
312 24 7 9 0.025379343 
143 104 10 11 0.025313752 
294 112 10 12 0.025252445 
286 55 7 9 0.025210146 
593 228 26 28 0.025201885 
343 86 8 9 0.025177002 
161 159 8 11 0.02513694 
57 68 10 12 0.024926016 
304 32 9 11 0.024834793 
369 33 7 9 0.024809996 
249 71 8 9 0.024414191 
76 324 17 21 0.024206681 
47 159 9 10 0.024172945 
609 1 9 10 0.024160152 
352 87 8 9 0.024157666 
6 78 9 12 0.024093928 
183 155 11 14 0.024070114 
435 253 17 21 0.02406205 
645 6 10 11 0.023979941 
302 71 8 10 0.023819264 
600 41 9 10 0.023794256 
374 55 8 10 0.02378362 
260 295 39 50 0.02369835 
286 16 8 10 0.023694986 
37 118 9 11 0.023333985 
226 233 15 19 0.023328166 
51 206 20 28 0.023279756 
389 62 9 11 0.023256112 
420 1 9 10 0.023204679 
574 130 12 14 0.023185596 
686 175 8 10 0.023113789 
773 29 8 10 0.023101643 
265 158 9 11 0.023075962 
215 192 13 18 0.02299024 
369 15 7 10 0.022985421 
520 22 8 10 0.022961622 
567 2 8 9 0.022941548 
295 88 9 10 0.022928378 
352 64 9 10 0.022909615 
1000 172 10 12 0.022862703 
317 6 9 11 0.022835549 
235 79 10 11 0.022806726 
584 2 8 9 0.022746962 
367 102 9 11 0.02268308 
284 325 16 25 0.022662748 
391 47 8 10 0.022662677 
203 222 22 28 0.022660522 
359 189 12 16 0.022612397 
680 100 10 13 0.02258532 
336 103 9 11 0.022539519 
367 88 9 11 0.022537956 
421 5 9 11 0.02251471 
239 203 11 13 0.022496507 
455 122 13 15 0.022478532 
67 186 13 17 0.022474617 
574 5 8 10 0.022442954 
302 23 9 11 0.022374306 
588 238 31 34 0.022373138 
664 39 8 11 0.022361511 
296 57 8 10 0.02233299 
5 164 10 12 0.022243451 
382 109 10 13 0.022205494 
657 8 9 11 0.022177009 
250 78 9 10 0.022121813 
593 53 8 11 0.022095274 
265 20 8 11 0.021981573 
409 69 9 11 0.021970283 
386 60 9 12 0.021963881 
334 49 8 10 0.021940047 
405 45 8 10 0.021881523 
615 215 10 11 0.021767084 
910 175 26 31 0.021766372 
550 52 9 11 0.021733705 
352 75 9 12 0.021722412 
249 65 8 10 0.02170203 
350 47 9 10 0.021666164 
383 116 10 13 0.02165505 
128 203 12 16 0.02157297 
316 157 13 16 0.02156868 
559 118 11 13 0.021499688 
72 161 11 14 0.021462664 
134 201 13 18 0.021375101 
390 96 10 11 0.021300787 
240 62 8 10 0.021279238 
656 70 9 11 0.021271491 
34 110 8 9 0.021220822 
372 162 10 13 0.021071862 
60 62 9 11 0.021041423 
693 5 9 10 0.020804256 
391 127 11 13 0.020701153 
318 101 9 11 0.020684209 
351 102 8 10 0.020657187 
309 31 9 10 0.020613704 
375 16 8 9 0.020493455 
354 24 10 12 0.020406436 
680 71 8 10 0.020323941 
687 120 9 10 0.020310739 
660 70 11 12 0.020305937 
597 74 10 14 0.020297047 
416 24 9 11 0.020283818 
406 40 8 10 0.020255495 
219 251 23 34 0.02021314 
337 23 7 10 0.020195356 
208 453 11 15 0.020137677 
662 45 8 10 0.02009508 
156 192 14 21 0.020014219 
