12_Group_Group_12_Group_Group_12_249
57
491 565 68 79 0.99844104 
403 392 50 60 0.9969433 
344 284 49 57 0.99621886 
882 530 34 38 0.9934517 
138 17 77 76 0.99326515 
937 552 38 40 0.9930478 
460 199 38 43 0.99071383 
468 138 34 38 0.9892414 
592 305 38 46 0.9811127 
886 478 32 37 0.9738971 
827 421 30 35 0.9724482 
620 372 45 55 0.96778774 
557 246 40 52 0.9567711 
718 334 26 30 0.95053315 
741 363 28 30 0.93535906 
982 608 39 43 0.92069906 
767 412 24 30 0.9150072 
523 201 36 46 0.83536 
641 581 27 34 0.26025185 
59 213 60 72 0.18159173 
234 142 19 21 0.13554221 
345 229 22 32 0.12866959 
692 150 117 139 0.09771675 
114 452 101 102 0.07085867 
389 161 15 20 0.063846424 
248 588 99 101 0.055104304 
400 203 27 36 0.04676599 
300 127 11 12 0.044896994 
571 16 366 452 0.039749224 
379 154 27 33 0.038132012 
299 288 25 35 0.03740999 
572 643 41 47 0.036410194 
415 214 22 30 0.036130037 
340 122 25 28 0.034513187 
135 491 60 68 0.032294173 
294 129 14 17 0.031071013 
628 566 31 43 0.03026865 
571 268 42 57 0.028627941 
511 214 38 51 0.02831977 
221 437 39 51 0.027207358 
781 418 18 22 0.026800096 
613 618 35 37 0.026125904 
656 586 18 21 0.025510402 
764 160 39 49 0.024899399 
167 428 36 39 0.024512287 
355 132 27 33 0.023724943 
846 570 210 215 0.023562796 
731 132 77 94 0.02322724 
337 228 40 48 0.022872323 
371 142 30 35 0.02276503 
147 436 58 61 0.022673251 
627 551 28 34 0.022474319 
610 544 30 39 0.022311928 
579 317 31 43 0.02189457 
497 233 41 54 0.020825662 
391 158 23 31 0.020671977 
303 273 44 56 0.020329416 
