12_Group_Group_12_Group_Group_12_293
38
371 100 46 61 0.99880326 
106 140 62 54 0.99866617 
521 142 57 65 0.99636394 
6 83 30 38 0.9946672 
648 87 27 36 0.9933548 
903 132 45 59 0.9903674 
577 130 39 49 0.977457 
756 146 42 61 0.9523262 
823 155 37 47 0.93868107 
525 289 63 62 0.41523072 
660 156 27 33 0.36101356 
603 131 29 39 0.25661847 
652 115 24 30 0.1195709 
600 173 24 37 0.11501964 
350 110 24 35 0.09603388 
123 259 25 31 0.05292412 
611 136 18 24 0.052212212 
644 158 34 40 0.045935694 
576 101 12 14 0.04487159 
599 291 47 55 0.040976413 
728 86 27 33 0.039720096 
676 124 33 50 0.035102315 
558 293 58 61 0.034613278 
682 106 20 30 0.03262124 
502 132 11 17 0.030765468 
700 148 348 464 0.029271474 
346 129 26 48 0.028164504 
670 140 29 43 0.026114123 
1 252 15 22 0.025521182 
5 363 31 54 0.024640897 
565 107 45 58 0.024344413 
895 614 24 26 0.023975834 
312 138 40 49 0.022910489 
610 142 27 40 0.022082439 
422 517 15 19 0.021792669 
170 120 40 53 0.021708766 
922 586 26 29 0.020986388 
803 160 34 45 0.020624606 
