12_Group_Large_Group_12_Group_Large_Group_12_354
49
353 336 51 70 0.9987477 
22 303 79 135 0.99802834 
215 359 67 94 0.9960913 
825 240 205 396 0.9884914 
444 369 37 48 0.9783079 
650 365 50 90 0.8728789 
283 337 51 72 0.19130197 
264 457 52 57 0.1670051 
228 496 29 40 0.13825811 
261 529 65 72 0.09123637 
620 499 26 43 0.07853051 
404 314 41 55 0.071006484 
202 478 12 15 0.06402817 
527 420 12 20 0.059140943 
631 222 354 441 0.04893788 
247 475 46 54 0.03924544 
168 464 11 13 0.036263976 
381 77 47 58 0.03463272 
236 508 16 23 0.034422673 
294 475 37 47 0.032336768 
238 541 11 15 0.031435553 
246 342 56 81 0.030940067 
660 369 78 107 0.030197628 
530 424 15 20 0.030119708 
184 529 9 10 0.030030074 
533 423 24 29 0.029764494 
402 338 41 60 0.029201047 
160 524 10 12 0.028870031 
304 455 44 58 0.027834252 
551 474 12 18 0.027401403 
195 599 111 152 0.026882306 
335 311 429 479 0.02687962 
210 508 10 13 0.02659234 
265 529 41 38 0.025499335 
264 326 52 69 0.025389334 
70 37 43 45 0.025369585 
618 472 32 37 0.023927242 
23 54 13 13 0.023358906 
199 605 30 31 0.02323369 
693 380 82 105 0.02249066 
221 495 186 226 0.022311863 
753 361 38 71 0.021873422 
408 180 30 34 0.021532368 
631 389 12 18 0.021017483 
641 393 38 63 0.021003816 
759 327 187 272 0.020765362 
521 419 22 31 0.020543978 
214 527 10 13 0.020474758 
550 419 14 20 0.020445928 
