12_Group_Group_12_Group_Group_12_247
24
529 137 35 45 0.9995652 
404 116 34 40 0.9980769 
807 200 45 70 0.99537766 
121 174 48 74 0.992065 
128 138 38 52 0.9761481 
788 336 49 90 0.9696162 
443 361 51 87 0.35349336 
201 318 50 50 0.14683378 
168 212 42 59 0.094536334 
869 144 40 36 0.057174344 
120 121 37 37 0.056854784 
736 302 92 116 0.055052176 
484 41 30 34 0.04333413 
155 186 46 73 0.03780027 
523 369 53 84 0.037623845 
861 214 33 47 0.03163432 
728 348 35 34 0.026764028 
414 96 16 18 0.02657809 
842 211 45 61 0.02572949 
796 214 33 50 0.024910893 
494 74 399 488 0.024651008 
462 376 58 76 0.022494748 
486 346 74 106 0.021956546 
864 116 24 28 0.02084615 
