58_Hockey_icehockey_puck_58_475
32
568 235 34 47 0.96763235 
318 241 39 56 0.94974023 
681 428 17 22 0.17619401 
393 151 10 12 0.0808196 
782 290 45 51 0.077011265 
421 166 9 11 0.055763558 
152 153 7 9 0.049048852 
280 428 10 13 0.041758176 
795 402 16 22 0.040961754 
243 273 17 21 0.04002636 
300 420 10 13 0.039777227 
416 165 11 13 0.037883483 
423 139 9 11 0.037438568 
646 266 54 42 0.036518976 
168 306 11 14 0.033346865 
396 155 10 12 0.032828465 
223 282 14 16 0.031654775 
385 168 8 11 0.030117437 
415 136 10 11 0.029625019 
678 433 29 35 0.025567401 
885 148 45 55 0.025431339 
409 164 10 13 0.025160754 
637 269 96 92 0.024959754 
633 276 61 56 0.023980713 
308 261 35 47 0.022438783 
377 175 8 10 0.022355827 
622 268 51 50 0.022074614 
683 447 17 21 0.020613091 
408 159 9 12 0.020429622 
410 139 9 11 0.020331832 
145 157 9 11 0.020298047 
145 152 8 10 0.020139715 
