58_Hockey_icehockey_puck_58_655
36
858 75 68 90 0.99835384 
656 86 64 86 0.9943593 
109 174 66 77 0.98776835 
286 210 76 80 0.9565907 
337 125 46 49 0.6136889 
972 2 47 37 0.54689837 
8 259 39 59 0.12908515 
17 6 59 69 0.11896307 
496 53 56 70 0.093288824 
261 248 96 120 0.088571295 
654 347 104 131 0.08325484 
923 23 34 42 0.080466576 
830 446 35 38 0.06484904 
683 82 97 98 0.061021086 
147 272 58 65 0.060496155 
329 129 62 81 0.0502387 
487 29 53 64 0.0456041 
445 493 111 105 0.042320475 
961 3 62 69 0.037242748 
834 58 46 64 0.03599927 
4 129 29 41 0.034427118 
724 62 57 61 0.033499643 
169 360 26 29 0.03123511 
699 144 200 207 0.031038597 
946 0 46 36 0.028957706 
122 167 93 109 0.028222805 
29 268 31 41 0.02486749 
746 89 62 64 0.0243999 
365 203 15 20 0.024373513 
55 238 32 40 0.024350539 
275 300 64 74 0.022840312 
864 408 25 34 0.022485092 
35 234 43 55 0.02141842 
823 456 34 40 0.021093382 
717 128 61 65 0.02098157 
499 18 33 38 0.020597069 
