58_Hockey_icehockey_puck_58_365
24
800 27 57 75 0.9953902 
478 211 64 72 0.9950488 
155 54 61 73 0.7680193 
230 13 35 41 0.24184789 
96 116 56 65 0.15246873 
460 203 54 70 0.102584265 
133 34 69 76 0.09202768 
182 72 38 47 0.08454567 
750 88 46 61 0.083815105 
629 855 430 515 0.04246072 
947 -1 45 42 0.039592978 
764 97 53 80 0.03810922 
197 817 436 509 0.037737824 
134 27 43 48 0.036502287 
328 112 57 55 0.035280973 
689 108 54 60 0.033682678 
115 144 38 46 0.03315525 
728 29 27 32 0.03275247 
461 167 13 13 0.027705874 
36 916 463 466 0.025747973 
112 48 82 109 0.024422903 
859 1 41 48 0.022948205 
707 97 61 68 0.022279162 
727 842 39 35 0.021293076 
