58_Hockey_icehockey_puck_58_880
61
642 275 19 25 0.882641 
393 312 24 27 0.801055 
615 316 23 29 0.69448406 
921 277 23 31 0.39963344 
735 302 15 21 0.3328466 
339 327 17 19 0.3312996 
716 315 24 28 0.14936614 
910 402 13 17 0.11429204 
946 280 31 35 0.10897648 
776 93 13 15 0.07138907 
725 304 21 26 0.06881646 
388 319 20 22 0.061947644 
677 322 12 14 0.056231055 
327 326 25 28 0.055206448 
933 275 32 35 0.054061145 
679 309 10 13 0.053324636 
384 323 13 17 0.050106287 
1012 283 12 20 0.048229255 
743 296 21 32 0.047096085 
665 350 9 12 0.04606109 
328 339 12 14 0.04453782 
601 328 28 29 0.040986132 
807 95 11 13 0.039934535 
717 308 15 19 0.039739016 
1006 372 16 21 0.038268138 
668 343 10 13 0.037780914 
753 92 14 17 0.036348242 
497 139 10 11 0.03398235 
604 322 18 21 0.031620946 
388 324 29 30 0.03106376 
971 287 16 22 0.030969454 
331 337 25 26 0.030174138 
648 366 10 12 0.029801562 
663 354 10 13 0.028666973 
961 288 18 22 0.028472772 
918 266 40 51 0.028386181 
639 271 15 20 0.02737198 
674 318 11 15 0.027203314 
673 303 10 13 0.026853701 
901 410 14 18 0.026341468 
602 347 16 16 0.026320612 
416 366 9 11 0.0250917 
683 311 10 13 0.02486031 
332 354 14 16 0.024748968 
438 403 11 13 0.024693692 
327 347 14 17 0.024091877 
327 327 13 16 0.02364695 
664 134 13 16 0.023582116 
620 311 15 19 0.023309242 
551 166 11 13 0.023135263 
342 319 12 16 0.022693543 
718 294 12 16 0.022357523 
723 299 36 46 0.022317823 
903 398 13 18 0.02145308 
801 93 11 14 0.02137802 
596 329 18 19 0.021328103 
683 317 11 14 0.02131159 
940 394 11 14 0.021100007 
595 325 48 45 0.020869061 
830 95 10 13 0.020587692 
657 350 11 12 0.02023445 
