58_Hockey_icehockey_puck_58_469
316
551 210 35 42 0.994562 
368 239 38 41 0.990328 
338 112 16 21 0.9727147 
88 2 17 21 0.960754 
163 81 17 23 0.95470446 
304 55 17 22 0.9508897 
481 87 16 21 0.9343607 
24 82 20 26 0.9321159 
619 110 21 26 0.9294813 
67 92 19 25 0.92237014 
333 73 19 23 0.90963507 
414 24 19 24 0.90448594 
464 11 18 22 0.8880715 
101 83 18 23 0.8876717 
647 113 17 22 0.8873141 
571 105 19 21 0.87827426 
398 85 20 24 0.8400825 
499 22 14 19 0.82663244 
783 157 16 21 0.813967 
4 45 20 28 0.7859818 
551 139 19 24 0.76228017 
215 58 20 24 0.74245286 
258 48 15 19 0.69699776 
828 118 16 20 0.67618084 
888 68 13 17 0.64942527 
721 22 16 21 0.62888825 
357 61 18 20 0.6082191 
739 134 14 18 0.60637516 
130 11 17 22 0.5954236 
684 26 13 17 0.5589389 
902 164 13 18 0.5329805 
926 154 14 18 0.5021181 
839 162 12 18 0.4923752 
701 170 23 28 0.44170234 
867 117 14 17 0.44058412 
478 0 14 19 0.42764738 
627 178 18 21 0.41259304 
524 164 15 20 0.4042547 
879 93 11 13 0.35968757 
622 0 13 13 0.34626094 
78 177 21 25 0.28973764 
264 69 12 15 0.27971342 
862 159 14 19 0.27034256 
1 111 22 29 0.26550674 
291 173 13 16 0.25242677 
111 179 16 20 0.24936958 
279 133 10 13 0.23208159 
949 75 14 18 0.2317514 
428 174 13 17 0.23119576 
372 90 13 18 0.21672402 
604 18 17 20 0.2133576 
924 124 11 14 0.21184555 
162 28 14 19 0.21110569 
856 186 14 17 0.20971756 
201 11 16 20 0.20167005 
0 59 19 32 0.20019522 
904 115 12 16 0.18457155 
823 70 13 17 0.16256125 
293 130 14 18 0.15874536 
856 18 10 13 0.15736103 
57 159 15 17 0.13442537 
581 -1 14 13 0.11753034 
916 176 14 16 0.112907134 
460 178 15 22 0.107790716 
16 76 21 30 0.10509706 
309 109 21 25 0.10506581 
158 184 23 27 0.10190288 
501 498 29 35 0.09672361 
908 170 13 17 0.088795885 
220 48 22 28 0.08798863 
633 110 21 26 0.086079516 
287 124 13 16 0.08595708 
912 87 9 11 0.085885 
303 93 11 13 0.080972895 
877 22 11 15 0.08033201 
711 6 12 15 0.07512888 
150 49 13 16 0.07391831 
268 96 22 26 0.07321936 
108 147 10 14 0.07217802 
20 137 13 17 0.07153822 
542 35 15 19 0.07104688 
487 9 22 26 0.069223896 
588 0 14 12 0.06868662 
617 180 27 33 0.06862006 
601 265 51 67 0.06696652 
276 70 10 13 0.06691224 
915 95 10 13 0.06487787 
548 9 16 20 0.06428461 
480 3 22 28 0.063673906 
157 157 9 13 0.06289843 
619 100 18 21 0.06207247 
662 137 17 22 0.061229724 
91 200 15 17 0.061086062 
921 121 10 13 0.060207155 
852 146 15 19 0.06009104 
852 154 16 22 0.059608784 
235 104 17 21 0.059031352 
508 0 12 12 0.058943868 
137 16 14 19 0.05866899 
948 116 13 16 0.05819888 
521 213 23 28 0.057947256 
127 4 16 20 0.057078045 
222 289 12 14 0.057014793 
560 143 15 21 0.05584154 
366 180 16 20 0.055794958 
354 172 13 16 0.055620268 
51 182 16 18 0.0553193 
287 167 13 16 0.05507887 
832 162 13 18 0.05505891 
844 155 14 22 0.054117784 
827 149 14 18 0.053998705 
760 13 13 14 0.053386062 
181 193 13 18 0.052938174 
473 5 16 24 0.05279957 
240 151 12 13 0.051538255 
693 153 13 17 0.05089553 
182 126 11 14 0.050851963 
49 193 16 19 0.047760762 
309 120 16 20 0.04678657 
731 200 17 16 0.046587914 
726 306 15 20 0.04613437 
936 183 10 13 0.045385316 
1 75 16 24 0.04523303 
548 0 12 12 0.044815015 
534 43 14 17 0.04442253 
506 512 18 22 0.043655444 
296 122 20 27 0.043005176 
222 365 9 13 0.042284936 
729 301 38 47 0.042206775 
12 148 13 15 0.042063966 
576 0 13 12 0.041990418 
423 177 13 17 0.04153814 
237 33 13 16 0.040805068 
114 5 23 28 0.040707942 
126 98 13 17 0.0406949 
901 42 11 14 0.040533617 
510 162 12 16 0.040158946 
471 88 16 20 0.04015525 
502 146 15 19 0.039668474 
881 190 11 14 0.039555915 
323 109 20 25 0.039499614 
262 70 19 24 0.039132066 
782 90 15 17 0.038991597 
610 170 27 34 0.03764873 
401 -1 18 15 0.0375129 
858 14 13 15 0.037463948 
597 23 16 20 0.03694462 
931 149 13 16 0.036593776 
543 0 12 11 0.036526643 
521 520 22 29 0.03646437 
151 157 12 14 0.036337722 
233 49 16 19 0.03599237 
502 0 16 19 0.035954483 
210 18 15 20 0.035615206 
497 10 20 26 0.035546593 
220 0 13 11 0.035425704 
906 109 12 16 0.035240773 
237 162 14 18 0.035101067 
380 463 41 36 0.035067905 
945 94 10 14 0.034954093 
268 62 10 14 0.034579292 
10 38 15 18 0.034188867 
919 161 15 18 0.033674546 
499 58 16 19 0.033670343 
143 51 12 16 0.033505496 
531 59 16 19 0.033111602 
277 164 11 15 0.032904986 
533 2 15 16 0.03277462 
707 159 26 31 0.032556426 
875 44 11 14 0.03222189 
21 145 13 16 0.03218765 
505 19 14 20 0.032103438 
934 143 11 13 0.032060552 
12 352 166 217 0.03188394 
6 130 13 19 0.03179905 
547 52 16 21 0.03171296 
805 248 15 18 0.031617798 
10 123 20 28 0.03137175 
230 332 11 14 0.031347785 
682 176 13 18 0.030910788 
939 147 12 15 0.030703412 
728 190 27 28 0.0303918 
104 142 11 15 0.030340478 
501 165 13 16 0.030067153 
261 56 13 16 0.02970558 
583 105 14 20 0.029562812 
667 195 14 19 0.029525734 
979 220 13 16 0.029425148 
156 181 17 20 0.029362805 
782 98 15 19 0.029257918 
601 25 23 27 0.029213041 
171 200 15 17 0.029178536 
949 175 11 14 0.02909903 
610 13 16 20 0.029064298 
951 157 10 14 0.029048702 
328 165 10 12 0.029011413 
492 140 13 17 0.028846199 
883 99 11 13 0.028680487 
922 179 12 15 0.028502252 
327 78 17 21 0.028480826 
230 291 12 15 0.028354667 
927 144 10 13 0.02833594 
160 306 95 125 0.028288709 
417 1 17 18 0.028286532 
822 51 11 13 0.02825523 
302 103 22 27 0.02805981 
873 28 12 15 0.028002756 
665 5 15 19 0.02797655 
84 162 16 18 0.02793646 
118 150 14 16 0.027866917 
428 162 17 22 0.027848149 
131 21 16 21 0.027725225 
714 306 24 29 0.027671585 
881 68 12 16 0.027550243 
147 185 23 31 0.027492087 
133 82 15 18 0.026956396 
405 139 13 16 0.026687847 
293 118 12 16 0.02660354 
454 28 20 26 0.026588874 
896 39 11 14 0.026485143 
132 97 14 18 0.026455062 
934 102 11 15 0.026272457 
532 49 15 20 0.02626719 
368 172 17 20 0.02625534 
151 90 13 16 0.026240803 
163 38 15 20 0.026230205 
844 38 11 13 0.02609606 
866 187 11 15 0.025987066 
207 5 25 26 0.02594974 
507 153 15 20 0.025876824 
741 0 13 12 0.025865506 
107 8 17 20 0.025863351 
398 149 11 14 0.025862344 
974 148 11 14 0.02580341 
945 71 12 16 0.025701435 
935 83 10 14 0.025599577 
904 103 11 14 0.025546016 
911 99 12 15 0.025476214 
853 0 14 13 0.025341863 
168 186 19 23 0.02503148 
543 142 18 22 0.024819903 
188 74 13 16 0.024557952 
488 71 21 26 0.024444947 
637 0 14 13 0.024400866 
462 89 14 18 0.024347208 
150 26 13 17 0.024308965 
829 52 10 12 0.02425907 
237 28 21 29 0.02409847 
452 156 13 14 0.024019267 
296 90 12 16 0.023891386 
155 49 14 17 0.023738658 
350 63 19 24 0.023690164 
615 2 13 15 0.02357287 
787 104 14 19 0.023369187 
369 60 17 21 0.023244498 
165 199 15 17 0.023207115 
156 41 15 19 0.023205632 
620 294 30 34 0.023181418 
164 229 30 40 0.023037931 
98 7 16 19 0.023031674 
365 86 15 19 0.022931969 
302 207 10 13 0.022914778 
820 44 11 15 0.022872387 
812 165 11 14 0.022843465 
818 36 12 15 0.022784676 
296 212 12 15 0.022776397 
265 44 15 19 0.022768585 
46 200 14 17 0.022761 
738 190 29 32 0.022755168 
459 20 18 23 0.02273612 
546 26 17 21 0.02272297 
787 45 14 18 0.022663426 
301 117 14 17 0.022640562 
829 62 11 15 0.022562562 
906 121 13 15 0.022531297 
847 13 11 14 0.022529993 
526 45 13 16 0.022525676 
246 51 10 15 0.022494497 
540 0 21 23 0.022427805 
730 297 23 32 0.022123467 
173 86 21 27 0.022094158 
447 153 12 15 0.022062454 
871 137 11 15 0.021945694 
517 157 15 20 0.021928042 
507 169 15 18 0.021776047 
243 40 19 27 0.021714145 
740 297 15 20 0.021689355 
877 137 11 15 0.02168357 
279 188 14 16 0.021503605 
885 113 13 16 0.0214447 
410 0 17 14 0.021411194 
931 125 11 14 0.021373957 
928 42 11 14 0.02137207 
143 186 12 17 0.02131679 
218 3 18 19 0.021271147 
202 75 14 17 0.021207515 
727 -1 14 12 0.021031877 
537 52 20 27 0.020948201 
453 163 14 16 0.02083551 
899 130 15 19 0.020699384 
623 213 26 29 0.020677945 
856 71 10 12 0.020621186 
83 187 22 25 0.020602155 
495 68 21 25 0.020517437 
117 17 13 18 0.020507732 
282 92 12 15 0.02043975 
628 488 22 27 0.020423705 
326 173 11 13 0.020404167 
574 93 22 27 0.020391544 
882 20 11 14 0.020310406 
158 22 15 19 0.020276785 
236 293 13 16 0.020208782 
194 97 16 22 0.020111209 
902 189 13 15 0.020109434 
996 177 14 18 0.020081382 
516 0 13 12 0.020024182 
