58_Hockey_icehockey_puck_58_553
55
913 231 25 29 0.9879935 
480 210 20 26 0.9268025 
565 166 14 17 0.7315004 
88 198 28 32 0.64628065 
140 179 17 23 0.6038886 
559 200 21 34 0.38540763 
854 187 10 13 0.2500118 
152 177 16 21 0.2118929 
22 243 12 16 0.06337296 
593 197 25 35 0.057011675 
572 201 26 30 0.050017152 
81 185 26 33 0.04552008 
198 202 13 18 0.044556126 
603 207 14 22 0.043296684 
938 159 8 11 0.04278021 
41 305 14 19 0.042466167 
846 204 12 17 0.041356847 
73 191 24 31 0.041094694 
463 -3 426 477 0.040338848 
915 188 14 15 0.03795895 
568 206 17 24 0.037582777 
830 172 11 12 0.03752537 
53 280 28 29 0.034956414 
71 195 12 20 0.03488673 
565 173 14 20 0.03272755 
553 206 19 33 0.031947546 
37 234 15 18 0.030593958 
849 183 10 14 0.030090373 
838 173 8 10 0.030066377 
826 172 9 12 0.029763756 
18 -4 500 470 0.029666781 
580 189 16 20 0.028273735 
477 206 15 24 0.02811927 
892 174 10 12 0.027898679 
91 437 14 18 0.027062677 
958 160 7 10 0.02702299 
902 231 17 22 0.025978982 
847 197 12 15 0.025916439 
877 166 9 12 0.025503008 
565 191 24 31 0.025289739 
38 243 13 16 0.024134701 
582 192 27 33 0.024122238 
877 244 13 17 0.023764009 
84 187 15 18 0.023578834 
59 242 15 16 0.02357294 
109 187 14 19 0.023372198 
94 168 10 12 0.023316624 
863 140 7 10 0.02310286 
569 143 9 10 0.023016468 
242 460 9 12 0.022004345 
599 87 8 9 0.021784628 
569 147 11 12 0.021773657 
126 449 15 18 0.02158496 
937 163 10 13 0.020564128 
17 236 12 16 0.020410733 
