58_Hockey_icehockey_puck_58_285
62
567 172 36 45 0.9942403 
287 146 36 39 0.9891649 
434 129 27 30 0.9772181 
568 95 19 23 0.95562345 
39 129 22 25 0.9063711 
964 262 48 52 0.83120185 
787 81 13 16 0.7332466 
607 169 23 30 0.32385632 
941 258 47 59 0.2663016 
315 117 18 23 0.259987 
881 270 65 81 0.2288216 
69 176 40 37 0.16886449 
45 138 22 27 0.1482954 
315 109 15 19 0.114134654 
28 105 18 22 0.085346006 
856 64 8 11 0.062263515 
789 87 13 17 0.061417792 
29 113 24 29 0.06049141 
848 266 64 68 0.05131654 
789 118 11 14 0.041526735 
829 99 10 12 0.041279912 
888 70 10 12 0.0405643 
169 79 8 11 0.040486418 
847 280 36 41 0.04035022 
812 83 10 14 0.039645404 
794 82 13 17 0.03943452 
905 264 76 87 0.03714857 
893 68 10 12 0.03676313 
585 179 32 39 0.035119873 
841 77 10 13 0.033840567 
550 175 31 37 0.03303022 
797 116 12 16 0.032881785 
830 78 9 12 0.03263045 
555 152 43 56 0.032328416 
766 87 9 12 0.031392243 
197 223 382 497 0.030947963 
797 91 11 14 0.029961856 
541 178 25 30 0.029122634 
34 102 12 15 0.028836355 
558 86 10 15 0.028593121 
593 189 32 38 0.028544048 
49 145 25 30 0.02849737 
572 88 15 19 0.027635084 
134 -17 425 463 0.027188592 
319 94 11 13 0.026325043 
804 76 13 18 0.025992898 
419 129 19 25 0.02436647 
839 84 9 11 0.024053805 
805 101 11 14 0.02402153 
23 211 11 14 0.023852775 
964 80 13 17 0.023753483 
544 180 13 17 0.023728097 
30 96 10 13 0.023323024 
79 157 32 33 0.022910519 
846 71 9 12 0.02282715 
31 180 11 16 0.02215046 
901 330 38 43 0.021716386 
520 84 10 12 0.02154587 
387 195 354 472 0.020784391 
421 132 31 35 0.020777717 
314 124 27 36 0.020755684 
430 141 31 36 0.020689057 
