58_Hockey_icehockey_puck_58_221
83
1 695 53 70 0.9981337 
253 332 42 62 0.99625957 
95 359 56 72 0.99582577 
657 462 49 58 0.9929174 
208 468 51 75 0.9919077 
8 458 45 57 0.9880211 
111 455 53 68 0.98790526 
740 158 33 51 0.97968036 
453 522 72 90 0.97892886 
579 33 43 53 0.9576509 
0 74 33 47 0.9504448 
79 581 53 64 0.9414033 
0 192 31 59 0.91006935 
547 486 35 48 0.8419846 
51 192 49 60 0.8254716 
825 144 37 50 0.7976811 
203 202 38 48 0.7916552 
894 476 41 54 0.7268339 
122 79 39 69 0.6469621 
364 288 40 50 0.6391581 
51 71 39 48 0.5287216 
311 242 46 54 0.36858565 
830 475 31 43 0.34730306 
112 341 49 70 0.27031073 
17 67 37 54 0.2662071 
128 332 32 49 0.17779978 
608 642 20 21 0.16885911 
376 274 50 75 0.13331744 
488 461 36 49 0.13122363 
738 661 45 52 0.12857671 
118 413 47 63 0.12800063 
345 273 46 65 0.104179986 
470 244 62 67 0.09425324 
36 67 36 53 0.07205257 
617 -5 46 47 0.07121116 
686 209 37 50 0.06834414 
197 714 14 19 0.06726316 
114 54 66 111 0.064799525 
497 934 46 59 0.062740065 
477 299 52 59 0.06260597 
344 296 25 35 0.049759343 
269 113 56 72 0.0443908 
437 536 26 35 0.042560145 
508 467 26 34 0.03998843 
670 652 30 37 0.039815232 
574 70 49 64 0.038537677 
829 244 54 65 0.037308916 
156 154 45 62 0.035257496 
142 332 35 49 0.03330115 
967 1153 23 32 0.033010107 
516 471 15 20 0.03193811 
147 750 24 30 0.031798594 
603 644 30 32 0.03139935 
302 269 47 60 0.030362034 
396 274 56 74 0.029354442 
64 585 44 47 0.028376456 
298 280 15 19 0.027880006 
170 179 49 67 0.026835823 
276 253 50 55 0.025534581 
288 274 28 32 0.02488986 
593 388 46 57 0.024879199 
466 472 52 70 0.024276538 
903 466 57 76 0.024172986 
883 113 39 49 0.023883872 
854 313 43 54 0.023848824 
258 291 47 58 0.023735594 
129 480 55 70 0.023604888 
472 467 39 40 0.023197435 
844 149 31 41 0.023169637 
235 447 48 74 0.022797782 
744 479 32 40 0.022721445 
511 936 27 36 0.022462476 
1 20 11 17 0.022317918 
276 285 47 56 0.021981334 
443 551 14 19 0.021693218 
522 469 49 66 0.021657305 
519 252 40 43 0.021310154 
143 503 54 64 0.02112007 
149 729 16 20 0.020942993 
237 394 35 44 0.02088209 
58 374 42 60 0.02045787 
428 262 99 111 0.020332938 
299 267 31 39 0.020219298 
