58_Hockey_icehockey_puck_58_182
23
376 171 52 63 0.9964149 
819 124 32 35 0.9523449 
622 93 28 32 0.92631865 
612 164 46 52 0.7596665 
873 191 41 54 0.1610581 
820 211 27 36 0.06551428 
857 211 52 68 0.05206761 
641 141 42 58 0.046715233 
668 140 38 55 0.04525863 
412 295 12 13 0.037285924 
617 206 32 35 0.03568674 
885 177 37 53 0.033364356 
678 235 36 44 0.02919581 
468 40 50 73 0.029193694 
613 223 31 39 0.027785327 
508 270 42 38 0.027297473 
837 164 38 51 0.026568037 
837 230 88 124 0.025336435 
678 63 43 62 0.024110198 
856 196 35 45 0.022679698 
632 158 33 46 0.022475023 
641 96 18 24 0.022315703 
871 271 59 83 0.020415176 
