58_Hockey_icehockey_puck_58_680
596
839 208 33 40 0.99895954 
563 328 35 43 0.9982337 
773 342 38 46 0.99762255 
671 356 33 38 0.99722904 
470 320 38 43 0.9966966 
330 238 36 44 0.9962818 
562 244 36 40 0.99611205 
368 321 38 43 0.9949864 
789 124 15 19 0.99079305 
893 367 37 39 0.98760146 
751 216 35 39 0.98629224 
225 199 35 38 0.984751 
548 192 34 39 0.9808926 
434 226 34 41 0.97905844 
258 174 28 33 0.97436464 
739 118 14 18 0.9623732 
948 224 31 35 0.95504934 
927 79 13 17 0.95403796 
804 150 14 19 0.9537139 
702 153 15 19 0.953379 
259 346 33 38 0.9505366 
670 2 13 17 0.943817 
301 138 13 16 0.9432731 
626 56 13 17 0.94136995 
623 253 33 37 0.9257999 
643 142 15 18 0.92188096 
790 52 11 14 0.9211936 
341 31 11 15 0.9099509 
702 25 11 14 0.90994734 
981 24 13 17 0.90502894 
703 119 13 17 0.89932394 
369 103 15 19 0.8961313 
580 132 12 16 0.89369726 
888 135 14 19 0.88415444 
581 2 13 16 0.88246334 
674 59 13 16 0.8812593 
956 124 13 18 0.87074155 
834 126 16 19 0.8517464 
579 93 13 16 0.84126353 
544 147 13 18 0.8341888 
950 60 11 15 0.8291663 
624 140 13 17 0.8179562 
1002 45 12 15 0.81571835 
513 111 14 18 0.8081597 
500 28 14 18 0.79951835 
377 131 14 18 0.78537506 
831 39 14 17 0.75925636 
694 235 34 39 0.7427307 
230 83 12 15 0.7202589 
974 139 14 17 0.70273536 
895 60 12 15 0.6997738 
772 21 12 15 0.6814192 
291 333 26 32 0.6767632 
638 190 17 20 0.6628557 
246 133 13 16 0.6625833 
450 17 13 16 0.6616846 
983 173 13 17 0.65814173 
526 46 9 12 0.6503436 
936 166 13 16 0.64326817 
686 186 17 22 0.6182669 
485 152 12 15 0.5834962 
918 20 13 16 0.5791823 
417 36 12 15 0.55917054 
116 79 12 15 0.5452442 
20 101 12 15 0.539841 
588 60 11 15 0.5211674 
614 191 14 20 0.494807 
447 95 11 14 0.49334264 
425 111 13 16 0.4851933 
709 50 13 16 0.4804768 
736 370 41 54 0.4647578 
559 25 12 15 0.4522453 
348 135 15 18 0.44819084 
362 26 10 13 0.43212068 
106 45 14 18 0.42531136 
435 133 12 16 0.40007937 
624 0 13 12 0.39570856 
731 63 10 12 0.38681683 
300 80 12 14 0.38668495 
213 14 10 15 0.3712156 
887 103 13 16 0.34777126 
307 17 13 16 0.33786508 
876 43 10 13 0.3344743 
538 114 14 17 0.33373776 
517 1 12 12 0.33126912 
525 68 11 13 0.3052705 
587 45 12 14 0.2955641 
392 21 10 12 0.29223123 
13 265 66 87 0.2878719 
176 51 10 13 0.28354478 
737 141 12 16 0.27498907 
466 112 14 18 0.272525 
465 37 10 12 0.25794357 
589 39 10 13 0.25079834 
720 21 10 13 0.250541 
734 189 14 19 0.24836941 
599 0 11 10 0.24302156 
945 101 11 15 0.22701569 
731 68 12 15 0.22487848 
870 153 13 18 0.22024783 
313 192 16 20 0.21714517 
504 56 11 14 0.21467282 
341 161 13 17 0.21289372 
142 288 42 51 0.21126197 
404 5 12 13 0.21104157 
923 11 13 17 0.19645858 
627 221 12 15 0.19472627 
915 100 12 14 0.19044851 
835 26 14 18 0.18654254 
520 69 11 14 0.1708759 
925 6 12 14 0.16877802 
273 135 9 11 0.16843474 
854 0 16 13 0.16834298 
325 105 10 13 0.16778798 
851 180 15 19 0.16670212 
735 0 9 9 0.16502821 
703 85 12 16 0.15783243 
49 38 14 16 0.15700866 
232 12 11 15 0.15678379 
365 59 10 14 0.1535938 
615 74 13 17 0.15304904 
703 49 12 16 0.14433071 
314 170 17 23 0.14311528 
394 91 13 16 0.14310426 
283 265 27 37 0.13821015 
963 154 12 15 0.13780825 
471 62 11 12 0.1376955 
533 118 16 21 0.13601525 
673 105 15 17 0.1358149 
320 156 10 11 0.13288993 
587 52 13 17 0.13216907 
528 87 11 14 0.12977283 
403 77 12 14 0.12967987 
446 117 10 13 0.12609369 
597 354 18 21 0.12094416 
276 339 32 37 0.11868939 
894 89 14 17 0.117637254 
371 245 15 20 0.117116325 
335 141 13 17 0.116287135 
407 83 11 15 0.11452779 
284 156 12 16 0.110365465 
359 209 15 19 0.10969735 
502 1 11 11 0.10854856 
724 15 11 13 0.10818553 
408 92 11 15 0.10733591 
796 68 16 21 0.106401145 
558 35 14 18 0.103293754 
480 81 11 15 0.10321635 
396 219 15 19 0.10294047 
683 129 13 17 0.102142446 
900 229 15 18 0.10049896 
865 28 11 15 0.100399606 
868 75 13 16 0.10029605 
429 167 11 14 0.09610555 
732 21 11 13 0.095688574 
696 50 12 16 0.093555585 
309 106 9 12 0.09219141 
319 0 11 10 0.09189815 
342 138 13 18 0.08924321 
773 47 13 19 0.08788615 
468 165 13 15 0.08653504 
639 256 29 39 0.08161096 
702 75 12 16 0.07982809 
279 159 13 18 0.07904528 
706 27 11 15 0.0781686 
238 172 15 18 0.078024395 
997 64 13 18 0.07626241 
36 61 15 18 0.07607654 
31 65 14 16 0.075814135 
559 61 12 16 0.075523846 
960 162 12 16 0.07481 
827 348 29 36 0.07476922 
627 153 12 16 0.07449874 
996 74 14 17 0.07340958 
757 62 15 17 0.07232039 
709 361 15 21 0.07194911 
305 102 9 12 0.0718216 
1013 244 9 14 0.07083456 
968 11 12 17 0.07063056 
396 0 14 11 0.07061294 
511 94 10 13 0.07008749 
622 225 14 17 0.06870325 
348 35 13 17 0.068386994 
116 115 22 29 0.067232475 
396 83 14 16 0.0660781 
740 161 16 21 0.06580192 
667 77 12 16 0.065607905 
241 197 27 34 0.0651169 
4 71 12 15 0.063584894 
93 42 11 13 0.0635051 
223 0 10 10 0.06256935 
250 138 14 15 0.061464913 
262 198 16 22 0.0613698 
892 34 11 15 0.06086324 
916 204 11 16 0.060762182 
289 187 11 15 0.060177814 
341 51 10 13 0.0592902 
755 99 14 18 0.05925845 
925 0 12 12 0.05892148 
455 207 10 14 0.05716852 
38 56 11 13 0.05695565 
302 375 23 32 0.056805648 
459 82 13 16 0.05670413 
31 64 26 29 0.05647965 
685 318 30 34 0.056449406 
437 34 11 13 0.056063805 
110 130 11 14 0.055146318 
272 40 10 12 0.054572653 
661 21 11 14 0.053797994 
517 73 11 14 0.053368073 
583 219 13 15 0.05335864 
55 68 10 12 0.053156745 
447 27 12 15 0.05308212 
994 189 22 30 0.05257748 
292 180 13 19 0.052335482 
218 125 11 15 0.05224228 
421 330 28 30 0.051951967 
959 138 10 14 0.0517443 
740 74 12 16 0.050772198 
317 19 11 15 0.050272502 
354 41 13 16 0.05011861 
303 28 10 14 0.0500188 
751 135 19 27 0.049869217 
707 357 25 34 0.04949398 
730 75 11 13 0.048719127 
916 56 14 19 0.048690885 
468 32 11 14 0.04849798 
430 30 11 14 0.048222203 
448 162 11 13 0.048106585 
437 109 12 15 0.048077498 
659 185 15 18 0.047614247 
846 185 15 18 0.047276493 
792 176 12 15 0.047130182 
365 35 12 14 0.04674142 
477 159 19 25 0.04643634 
941 229 19 22 0.045967694 
348 178 14 17 0.045958847 
885 28 15 19 0.045538 
871 266 29 36 0.044674523 
650 265 25 32 0.044634 
913 18 13 17 0.044500597 
44 62 10 13 0.04436338 
446 33 10 13 0.044181064 
105 71 10 12 0.044042673 
992 101 10 14 0.04369706 
485 79 10 14 0.043559756 
469 77 12 15 0.04302068 
164 3 12 14 0.04297531 
870 38 19 23 0.042486988 
496 1 12 12 0.042375326 
839 190 24 28 0.042355046 
709 36 12 14 0.042202745 
421 206 26 29 0.042116534 
934 160 12 16 0.041899808 
735 360 32 38 0.041775096 
593 60 13 17 0.041629493 
315 11 13 17 0.04144326 
807 12 11 14 0.04125122 
339 224 31 39 0.041191768 
565 111 11 14 0.041103404 
47 53 10 13 0.041085612 
715 46 13 18 0.040938515 
528 121 13 17 0.040632688 
782 90 14 16 0.040408246 
863 70 12 16 0.040300358 
344 214 26 30 0.040275034 
239 173 24 27 0.040238846 
249 182 29 36 0.040094227 
180 48 11 12 0.039985552 
440 114 11 14 0.03980513 
904 122 13 17 0.03974036 
778 203 15 20 0.039693967 
715 55 13 17 0.03961942 
824 139 12 16 0.03920388 
401 73 11 13 0.03914605 
995 108 12 15 0.03890923 
296 261 27 38 0.038830534 
706 71 12 13 0.038624432 
649 140 13 17 0.038541056 
794 59 15 18 0.038490128 
701 211 16 17 0.038478255 
414 79 9 11 0.03786472 
319 27 10 13 0.037807677 
677 237 12 15 0.03757251 
334 84 11 14 0.037428327 
54 63 9 11 0.037133843 
259 147 12 14 0.0370659 
916 198 11 14 0.036874484 
855 -3 24 23 0.036544885 
53 52 10 12 0.036366604 
405 117 11 14 0.03632214 
122 119 14 17 0.036221266 
727 227 10 15 0.035982598 
694 308 31 38 0.035894483 
88 169 40 51 0.035860907 
828 62 16 20 0.035782233 
254 165 13 16 0.03570848 
513 75 10 13 0.035707537 
391 26 10 13 0.035670284 
429 200 25 28 0.035638038 
450 98 12 15 0.035582066 
1000 244 14 16 0.035401482 
828 135 16 20 0.03505989 
392 99 12 14 0.034607876 
411 99 11 15 0.0346 
326 211 14 19 0.034539405 
360 54 12 14 0.03428433 
716 91 12 15 0.0342549 
1007 28 13 15 0.034136422 
393 87 10 14 0.03408456 
766 189 15 16 0.034014918 
342 44 11 15 0.03390421 
971 155 12 15 0.03389253 
840 353 28 35 0.033878498 
21 94 20 25 0.033664472 
979 98 13 16 0.03358706 
216 140 11 15 0.03348779 
214 8 10 13 0.03346811 
389 138 10 13 0.033198327 
1012 92 12 17 0.033186447 
847 173 14 17 0.032899536 
774 70 10 13 0.03288316 
980 59 12 15 0.03263142 
353 69 11 13 0.032573152 
662 81 13 15 0.032312483 
505 32 13 18 0.032057624 
455 69 11 13 0.031780645 
926 105 10 14 0.031763483 
712 242 18 22 0.03161106 
33 78 24 30 0.03143471 
597 554 14 15 0.031355802 
209 477 36 45 0.03126715 
28 85 20 27 0.03124127 
774 38 14 18 0.031131314 
776 148 12 16 0.031062512 
274 44 12 13 0.030951422 
357 223 16 20 0.030911373 
149 254 39 37 0.030798407 
550 0 11 11 0.030781431 
360 231 23 31 0.030774206 
934 116 11 15 0.030636275 
679 156 11 14 0.030527342 
552 5 11 13 0.030488363 
540 126 14 18 0.030444762 
207 43 10 12 0.030360151 
397 138 9 13 0.029772587 
721 528 16 19 0.029749887 
734 25 12 15 0.029614605 
520 63 19 23 0.029580655 
476 188 13 16 0.029562494 
399 28 10 12 0.02950769 
367 42 9 13 0.029466778 
440 100 12 15 0.02945806 
326 324 22 29 0.02935724 
798 22 13 16 0.029285675 
468 41 11 15 0.029179614 
348 98 15 17 0.02916842 
396 243 14 18 0.029099034 
315 180 20 28 0.029074514 
930 4 13 15 0.02897792 
558 52 13 17 0.028880822 
841 125 14 17 0.028857648 
582 65 13 17 0.028855637 
72 166 40 51 0.02885059 
101 101 12 15 0.028808031 
118 128 13 18 0.028707901 
768 24 12 15 0.028668858 
139 260 47 59 0.028587842 
316 43 12 15 0.028378744 
188 215 25 31 0.028371911 
409 4 14 15 0.02836962 
407 29 11 15 0.028345143 
312 42 11 14 0.028303897 
341 176 14 19 0.028291978 
79 87 8 10 0.02807233 
499 219 20 30 0.028071685 
248 63 9 12 0.028069127 
573 10 15 18 0.028068583 
956 108 13 17 0.027978081 
793 45 14 17 0.027972728 
429 104 12 15 0.027916018 
929 170 13 18 0.027881553 
668 178 14 20 0.027875898 
1007 1 10 10 0.027761523 
949 94 12 15 0.027711244 
283 175 21 28 0.027544005 
643 227 15 18 0.027501844 
731 54 13 16 0.027434625 
641 263 18 22 0.027338399 
0 38 7 12 0.027280057 
467 102 13 18 0.027279463 
271 276 35 36 0.027217053 
277 126 10 12 0.027205236 
374 146 16 20 0.027184475 
332 211 17 20 0.027073814 
207 211 12 16 0.02698853 
389 222 17 21 0.026912035 
400 281 26 32 0.02682915 
621 -5 20 21 0.026713002 
445 87 12 15 0.026646346 
870 80 14 18 0.026637468 
546 130 14 17 0.02663094 
249 139 21 25 0.026620308 
189 46 11 13 0.026595058 
751 105 13 17 0.0264972 
588 0 13 13 0.026454296 
263 39 9 11 0.026390035 
796 78 15 18 0.026344562 
432 324 24 30 0.026298892 
557 4 11 14 0.02619237 
443 203 14 17 0.026157841 
521 49 12 14 0.026036538 
6 47 8 11 0.026032656 
620 67 13 16 0.026014442 
312 166 13 17 0.025974084 
451 216 15 17 0.02597231 
846 339 30 37 0.025889615 
693 130 12 17 0.02588335 
692 56 13 17 0.02585815 
860 22 20 26 0.025848929 
1006 9 12 17 0.025823835 
1012 34 11 15 0.02576428 
628 217 22 26 0.025760654 
188 38 11 13 0.025731081 
552 41 13 17 0.025671797 
438 212 24 30 0.025425483 
686 58 10 15 0.025424566 
263 45 9 12 0.025418825 
959 179 13 16 0.025328025 
973 163 13 17 0.02528558 
405 23 11 12 0.025254235 
756 356 32 45 0.025195433 
407 108 11 13 0.025191883 
317 3 12 15 0.025149003 
565 177 15 19 0.025148433 
967 1 11 11 0.025139393 
340 184 15 20 0.025102511 
307 24 14 16 0.025077427 
757 205 27 32 0.025045149 
235 327 16 21 0.02497445 
805 18 13 18 0.024923282 
699 364 26 34 0.024916133 
789 21 12 14 0.024860121 
521 2 13 14 0.02484462 
445 149 12 15 0.024786206 
709 90 12 16 0.024765365 
84 269 378 428 0.024737215 
934 148 12 16 0.02468483 
270 153 20 24 0.024665657 
392 61 10 13 0.024638364 
627 47 12 15 0.024532897 
878 28 12 17 0.024481477 
444 107 13 17 0.024458924 
702 143 14 17 0.024416517 
443 140 11 14 0.02441327 
427 21 13 15 0.024378797 
78 28 9 12 0.024286829 
276 38 11 14 0.024284456 
963 116 14 20 0.0242143 
223 174 26 29 0.0242097 
781 105 16 19 0.02417859 
193 266 15 19 0.02415611 
726 93 11 16 0.024122018 
950 117 14 19 0.023969375 
245 144 14 17 0.023898244 
944 55 13 16 0.023822283 
419 20 17 18 0.023820488 
773 57 11 15 0.023812495 
396 14 12 13 0.023803994 
942 112 11 16 0.023785233 
357 35 12 16 0.02378056 
464 251 23 28 0.023732575 
692 226 26 34 0.023712976 
464 43 10 14 0.02370848 
312 6 12 14 0.023699718 
536 195 11 16 0.023699097 
464 168 13 17 0.023673994 
910 103 14 18 0.023595124 
743 89 11 16 0.023467695 
217 120 9 12 0.023446877 
779 43 13 18 0.023437772 
930 11 12 15 0.023390604 
510 -3 20 20 0.02338131 
445 153 18 24 0.023359515 
534 328 17 20 0.023356382 
393 238 25 31 0.023353087 
324 11 13 18 0.023330431 
620 227 26 28 0.023285666 
962 129 14 18 0.023281643 
269 149 13 15 0.023277001 
246 407 238 267 0.023248384 
326 149 11 15 0.02323517 
306 78 13 15 0.023169326 
697 83 13 17 0.023157401 
998 0 10 11 0.023134673 
471 55 10 13 0.023095239 
790 27 13 15 0.02309034 
580 73 13 15 0.022994429 
19 30 14 16 0.022961274 
768 16 12 15 0.02293747 
233 331 26 32 0.022931341 
285 29 11 14 0.022808978 
725 24 11 15 0.022806928 
212 170 24 29 0.022718864 
1013 51 11 15 0.022684686 
506 22 12 16 0.022682138 
311 371 27 34 0.02263514 
368 66 11 14 0.02261149 
888 53 12 15 0.022468256 
701 177 11 16 0.022426171 
290 154 13 17 0.02239456 
558 181 23 31 0.022388194 
835 185 16 21 0.022261804 
702 361 15 21 0.02212952 
961 168 15 19 0.022114377 
562 205 27 33 0.02208848 
53 74 14 17 0.022074187 
324 29 10 13 0.022070518 
397 249 29 33 0.022067584 
327 37 9 12 0.022042748 
252 62 10 12 0.022032162 
266 164 23 30 0.022028731 
361 217 16 19 0.02202609 
614 258 27 35 0.022018727 
398 0 22 22 0.021990865 
930 164 12 15 0.021923987 
716 236 16 20 0.021922944 
398 35 12 15 0.021886788 
261 284 39 46 0.02186806 
525 87 19 24 0.021849437 
300 69 13 15 0.021828884 
183 39 10 11 0.021826496 
376 500 11 13 0.021810604 
624 478 11 13 0.021795074 
605 107 13 17 0.021790031 
363 247 24 30 0.021613795 
374 86 9 12 0.0215975 
443 220 16 18 0.021591136 
899 351 29 31 0.021566559 
852 42 11 15 0.021566207 
286 193 13 18 0.021559527 
207 8 19 26 0.02154732 
739 222 32 36 0.021534365 
611 459 14 18 0.021465244 
659 508 137 144 0.021446722 
812 17 13 19 0.021414906 
949 12 11 15 0.021339908 
300 53 13 16 0.02132436 
798 12 13 15 0.02128334 
309 372 15 20 0.02122606 
445 93 19 24 0.021183072 
531 70 10 13 0.021154089 
599 428 40 47 0.021116674 
578 214 22 25 0.021101713 
302 89 13 16 0.021088462 
614 100 11 16 0.02107623 
220 12 12 17 0.021022739 
627 164 14 17 0.02100818 
12 92 20 25 0.020999063 
977 171 13 18 0.020993289 
228 0 11 11 0.020986175 
312 157 11 12 0.020983992 
459 206 11 14 0.020971408 
199 133 9 12 0.020963976 
907 116 13 17 0.020949611 
510 99 12 15 0.02093422 
778 20 12 14 0.020931745 
453 207 21 28 0.020931607 
909 0 11 12 0.02092659 
662 100 12 15 0.020916585 
781 97 17 19 0.02083892 
570 200 15 20 0.020834615 
356 74 11 14 0.02081857 
48 32 12 14 0.020805014 
543 20 11 15 0.020742897 
757 29 12 14 0.020671962 
104 40 11 14 0.020625984 
638 84 13 16 0.020615563 
461 68 13 15 0.020604735 
255 177 15 20 0.020599885 
536 202 11 16 0.02058743 
916 189 11 15 0.020583114 
453 107 11 15 0.020558156 
1 45 9 14 0.020489465 
779 75 12 15 0.020485966 
275 139 11 14 0.020417688 
450 115 13 16 0.020408848 
262 134 11 13 0.020392898 
461 52 11 12 0.020348359 
370 211 11 15 0.020305637 
310 114 12 16 0.020213455 
240 137 12 16 0.020166773 
95 11 11 15 0.020134797 
171 52 10 12 0.020032905 
260 157 12 13 0.020013975 
677 76 11 14 0.020013254 
