58_Hockey_icehockey_puck_58_248
62
494 187 39 42 0.97786444 
566 68 22 27 0.9148096 
85 44 18 19 0.6159945 
407 239 35 43 0.54680043 
384 240 45 51 0.53933865 
81 129 9 12 0.2711243 
337 523 55 68 0.2658514 
365 241 39 51 0.16867664 
449 220 14 18 0.15975346 
244 491 56 50 0.15871015 
554 194 17 23 0.1586476 
409 463 26 29 0.15592869 
497 146 17 19 0.14833683 
366 472 36 39 0.14707607 
487 282 15 20 0.12444718 
534 135 34 39 0.123024024 
225 34 12 15 0.10559091 
366 31 13 17 0.083943486 
431 214 26 35 0.057405815 
565 119 12 17 0.056477405 
350 517 100 86 0.05532982 
251 485 41 34 0.055154987 
566 37 12 16 0.04734421 
495 140 29 32 0.046432644 
327 53 12 14 0.04488446 
575 0 359 415 0.044126794 
541 186 27 35 0.04175043 
417 248 22 26 0.038839396 
316 27 16 20 0.038212307 
399 254 36 48 0.03747545 
422 223 32 41 0.0368594 
417 428 29 34 0.03636157 
495 142 15 17 0.034366064 
499 323 25 30 0.033946842 
487 274 25 33 0.032822635 
573 103 11 15 0.030720782 
559 120 13 18 0.030568596 
408 415 27 34 0.030122923 
407 537 39 32 0.03009683 
308 27 17 19 0.028723756 
412 433 17 20 0.027519971 
11 108 10 13 0.026800184 
532 111 42 51 0.025704456 
677 36 23 33 0.024316607 
548 102 26 33 0.024168275 
690 18 13 17 0.023954587 
221 31 20 25 0.023777286 
508 197 47 54 0.023519337 
711 22 47 62 0.023356078 
577 79 15 19 0.023068331 
549 100 13 15 0.022691285 
566 107 14 20 0.02213747 
407 405 22 30 0.021914098 
529 209 48 59 0.021852579 
387 224 40 44 0.021791728 
596 131 13 14 0.021460442 
594 447 31 31 0.020993857 
670 33 41 56 0.020933853 
344 494 64 70 0.02089291 
226 474 92 84 0.020691745 
84 52 16 21 0.020629292 
555 132 13 16 0.020121776 
