58_Hockey_icehockey_puck_58_94
49
686 164 46 54 0.9967801 
565 147 51 53 0.9939884 
440 116 35 50 0.99311876 
311 94 37 45 0.9789165 
759 118 40 52 0.97535306 
124 32 40 48 0.9681612 
817 235 43 47 0.9542618 
979 116 29 36 0.917436 
58 14 29 47 0.47933733 
602 105 35 51 0.41533628 
855 90 23 33 0.2917052 
291 98 25 34 0.20760858 
582 115 48 61 0.16685817 
595 383 28 35 0.1354169 
500 33 39 48 0.08978251 
190 339 116 151 0.08366627 
685 263 33 36 0.08099891 
335 162 27 47 0.0707445 
1003 116 20 38 0.06649655 
291 99 15 23 0.05184584 
21 86 13 17 0.041282557 
302 292 211 267 0.038924064 
978 107 18 20 0.038123272 
503 154 15 17 0.036501832 
518 38 28 35 0.03365237 
1007 106 15 19 0.03145593 
1012 130 14 25 0.030262046 
531 225 54 68 0.029845452 
523 176 57 61 0.029064236 
391 165 31 35 0.029003963 
993 114 17 22 0.028281242 
1 50 15 18 0.027340118 
678 285 42 54 0.027122864 
143 31 29 42 0.027064757 
642 186 25 30 0.02665881 
238 384 65 97 0.024058715 
886 343 43 57 0.023085004 
941 105 14 20 0.022177247 
695 300 34 40 0.021730023 
604 373 32 41 0.021462057 
17 124 17 20 0.021400291 
1011 112 14 26 0.021114526 
107 41 26 32 0.02110162 
617 387 17 22 0.02084616 
65 10 18 24 0.020692486 
422 240 207 277 0.020288918 
502 146 22 29 0.020227687 
305 156 40 53 0.02009632 
56 537 51 64 0.020061588 
