1_Handshaking_Handshaking_1_781
26
387 204 190 229 0.99925834 
715 352 178 232 0.9986545 
23 307 99 155 0.9909746 
-17 387 404 478 0.25684866 
656 500 61 79 0.13260308 
621 492 16 21 0.090896524 
579 1286 97 99 0.08527991 
624 389 378 503 0.06926829 
652 515 34 50 0.060408328 
26 57 364 470 0.057369433 
372 902 64 70 0.056859046 
544 1165 162 226 0.04028613 
320 89 287 392 0.036943406 
346 1386 198 174 0.036099188 
629 534 25 31 0.035792716 
663 459 105 132 0.03103755 
625 5 28 32 0.03000986 
668 566 242 275 0.026681952 
637 527 31 41 0.026260914 
126 579 240 230 0.025929864 
458 537 36 36 0.025382161 
620 483 28 34 0.024873434 
195 587 152 136 0.02252221 
643 481 57 73 0.02200681 
189 651 147 139 0.020316584 
-13 209 159 274 0.02007305 
