1_Handshaking_Handshaking_1_602
133
249 344 28 30 0.901606 
639 245 11 14 0.8146053 
915 270 12 15 0.8075996 
609 227 11 14 0.79347694 
842 236 12 15 0.7779673 
372 240 14 17 0.6823543 
645 222 9 13 0.6449978 
754 246 7 10 0.6235488 
506 227 13 17 0.6028986 
687 227 10 13 0.5273037 
509 226 8 11 0.45244926 
719 237 10 13 0.41769555 
944 243 17 25 0.388538 
546 225 8 10 0.3341187 
365 237 15 18 0.3293257 
477 218 10 13 0.30350965 
577 221 9 12 0.2804086 
438 233 8 10 0.26177981 
136 197 8 11 0.23358214 
398 323 12 18 0.22852942 
613 291 12 21 0.22394736 
677 306 13 18 0.20852645 
930 247 20 23 0.19822446 
468 247 13 19 0.18916966 
722 258 13 16 0.1763233 
693 237 11 14 0.14691554 
924 249 17 19 0.14234914 
773 256 9 11 0.14081407 
679 231 9 11 0.12055721 
676 244 12 15 0.10189262 
831 264 9 11 0.095482156 
576 227 11 15 0.093163334 
546 227 11 14 0.08923451 
291 285 14 17 0.08178229 
618 294 15 21 0.07780532 
664 251 8 12 0.07758547 
768 254 9 12 0.07691685 
189 189 9 10 0.07676122 
495 335 33 35 0.073475376 
541 241 15 18 0.072137125 
654 300 15 20 0.0690043 
757 251 9 12 0.0679787 
486 232 13 17 0.06469315 
576 246 12 14 0.0638148 
725 266 12 15 0.06209195 
674 231 9 12 0.061785318 
641 225 12 16 0.058804236 
677 235 11 14 0.053943563 
547 236 14 18 0.052928273 
469 257 13 17 0.052229937 
732 259 13 15 0.05112386 
886 260 10 12 0.049996532 
383 253 424 456 0.046465345 
671 249 11 14 0.04546198 
645 238 11 15 0.044025477 
492 234 12 16 0.044008147 
687 232 12 16 0.04319762 
635 244 11 14 0.042587005 
714 237 11 14 0.041923493 
512 338 46 43 0.041140426 
442 236 12 16 0.040133264 
671 298 13 19 0.040060323 
753 249 10 14 0.04003244 
605 295 16 23 0.03857491 
515 235 13 17 0.037653975 
486 254 10 13 0.036773697 
506 229 21 26 0.035991337 
436 238 14 18 0.035215728 
676 296 12 16 0.035187397 
474 295 16 18 0.035164703 
932 308 12 14 0.03375683 
910 295 11 14 0.032625057 
769 259 9 12 0.03222034 
608 284 13 19 0.031592425 
434 235 11 15 0.03135944 
580 253 10 13 0.030722905 
598 299 21 29 0.030690636 
921 244 12 18 0.03059979 
557 245 10 12 0.029898435 
915 261 16 19 0.029526314 
111 301 10 15 0.029501742 
423 289 14 18 0.029319638 
139 197 10 13 0.02930858 
740 254 12 14 0.029129328 
766 248 9 12 0.029053625 
850 290 12 16 0.02879944 
478 234 12 17 0.028629394 
631 237 12 15 0.028455267 
475 258 12 17 0.02723952 
579 235 11 14 0.027107581 
120 306 10 13 0.027086314 
599 266 12 14 0.026563184 
595 311 17 21 0.026376849 
538 248 15 18 0.026196642 
490 228 20 26 0.026060043 
752 261 10 12 0.0258568 
540 302 27 28 0.025279986 
472 228 11 14 0.025054751 
98 301 23 28 0.024892464 
674 233 19 26 0.024889352 
237 352 16 19 0.024664275 
129 190 10 14 0.024531838 
263 343 17 24 0.024522686 
672 313 12 15 0.024187125 
495 323 23 33 0.024115661 
286 278 13 15 0.02404384 
535 243 13 18 0.024039788 
685 245 11 15 0.023476679 
470 290 15 20 0.02343368 
471 237 11 16 0.023282625 
457 251 12 15 0.0231523 
477 226 14 18 0.023076566 
615 246 10 13 0.022871569 
554 304 13 17 0.022805957 
130 196 10 12 0.022797048 
846 270 10 12 0.022432039 
514 230 12 14 0.022299137 
605 245 11 14 0.021810714 
580 216 10 13 0.021790054 
721 262 21 27 0.021495808 
682 300 15 18 0.021399852 
483 222 12 14 0.021370932 
725 275 11 13 0.021064844 
515 300 12 14 0.021062408 
723 232 11 13 0.020972531 
637 267 14 18 0.02096657 
834 254 9 12 0.020946914 
668 244 20 24 0.020845478 
526 278 11 14 0.020677926 
511 610 127 126 0.020646403 
1010 230 14 22 0.020515947 
530 352 26 32 0.020355342 
838 251 10 12 0.020342562 
