8_Election_Campain_Election_Campaign_8_437
148
731 50 24 29 0.98712534 
649 52 25 30 0.9866621 
364 65 22 26 0.9755387 
571 52 23 29 0.9714957 
522 35 14 17 0.9667304 
438 65 21 25 0.96634465 
755 145 14 18 0.9659235 
215 160 14 19 0.96096075 
682 259 24 30 0.9558308 
581 256 21 25 0.95096534 
641 146 14 18 0.9381244 
132 263 19 23 0.9319791 
258 164 21 26 0.92362165 
475 252 23 28 0.909312 
250 267 21 25 0.9004515 
282 61 15 18 0.89545214 
587 148 15 19 0.8848722 
88 160 14 18 0.8610397 
149 161 15 18 0.85919756 
149 64 15 18 0.85331625 
698 144 14 19 0.8529315 
26 157 14 18 0.8513942 
215 62 15 19 0.823107 
88 66 14 18 0.815012 
701 58 16 22 0.74882466 
621 58 16 21 0.7397442 
369 254 21 26 0.70871586 
22 70 14 18 0.66697156 
611 4 26 26 0.5573323 
530 378 44 42 0.46070093 
410 67 15 20 0.43821067 
490 98 26 32 0.3911223 
125 151 13 17 0.36520654 
692 4 25 25 0.36339623 
63 150 13 17 0.32903457 
695 44 22 30 0.31672955 
258 51 13 18 0.31305102 
352 153 25 32 0.2605294 
784 58 13 19 0.22472066 
627 261 13 18 0.20415355 
158 224 15 18 0.19887891 
302 172 14 19 0.18847182 
495 143 23 30 0.18182613 
190 153 11 16 0.15686628 
615 47 20 27 0.13633947 
447 314 32 54 0.12980689 
352 143 18 22 0.11842471 
491 90 18 21 0.11078046 
424 144 18 20 0.107240826 
733 268 12 17 0.09804963 
191 55 12 16 0.09794371 
293 119 21 25 0.096243516 
75 143 15 18 0.09311171 
627 336 24 33 0.09192537 
204 144 14 17 0.08765688 
829 83 213 291 0.08763675 
126 55 13 18 0.08448437 
755 303 437 472 0.08380882 
516 81 14 19 0.068938605 
22 323 542 537 0.06521351 
250 120 15 17 0.06273846 
531 40 16 19 0.060455058 
484 57 16 20 0.05617607 
483 42 16 17 0.050417442 
139 47 16 20 0.049992822 
63 58 13 17 0.049736608 
593 344 38 47 0.04940157 
495 140 15 22 0.047303107 
226 120 14 17 0.04651366 
791 394 11 12 0.04557744 
404 50 23 32 0.04530005 
172 270 10 15 0.045256227 
195 58 13 15 0.044047732 
197 148 12 16 0.043990202 
284 224 18 21 0.043660574 
524 261 11 16 0.043630403 
777 1 21 19 0.043416165 
294 275 10 13 0.042817336 
766 156 12 15 0.039554756 
422 150 25 32 0.038877133 
476 13 16 19 0.038644206 
461 311 29 48 0.036608204 
480 19 23 25 0.03637952 
129 50 20 25 0.03608255 
701 137 20 26 0.035623044 
230 25 14 19 0.03434228 
460 36 14 17 0.03415959 
628 268 15 20 0.034007598 
12 183 15 19 0.033275522 
492 152 31 37 0.03270925 
617 343 28 40 0.032681122 
623 210 24 27 0.03235784 
477 49 18 24 0.03179318 
639 60 353 434 0.03168525 
45 223 21 32 0.031083733 
119 129 12 15 0.030691955 
544 3 13 15 0.029984053 
730 211 24 27 0.028968247 
68 53 13 17 0.028745236 
4 148 12 17 0.028647957 
410 23 17 20 0.028582575 
709 154 13 15 0.028483596 
99 121 13 16 0.028143646 
871 432 136 129 0.028071664 
502 89 22 28 0.027835013 
158 215 12 15 0.027609665 
594 152 15 19 0.027520275 
531 61 16 17 0.027441468 
651 146 15 19 0.02725013 
622 247 21 30 0.02717426 
402 209 25 29 0.027067006 
22 150 16 20 0.027062736 
480 31 23 26 0.026857026 
542 116 23 27 0.026705762 
143 60 15 20 0.026668604 
117 230 15 17 0.026588209 
190 199 10 13 0.02616067 
727 254 21 29 0.026082696 
127 191 9 13 0.025809297 
799 411 13 16 0.02566068 
702 2 18 20 0.025617335 
447 330 13 19 0.025369119 
184 150 12 16 0.024971958 
438 326 26 39 0.024207909 
435 141 14 18 0.023837542 
374 138 13 18 0.02357087 
462 341 26 38 0.023371821 
199 143 12 15 0.022869155 
159 197 11 15 0.022692617 
585 357 32 40 0.022626664 
524 60 14 17 0.022466294 
485 71 15 20 0.02189448 
518 253 20 28 0.021879112 
675 348 16 23 0.021819187 
364 239 36 45 0.021783795 
486 79 22 27 0.021667758 
489 65 16 19 0.021570364 
691 36 20 25 0.021387342 
76 51 13 17 0.021332426 
2 143 20 28 0.02103635 
388 333 15 24 0.021027902 
676 216 363 434 0.020889696 
775 43 22 29 0.020790206 
264 51 15 19 0.020533895 
763 141 13 18 0.020482097 
560 354 42 48 0.020321855 
504 102 17 23 0.020280892 
140 141 13 16 0.020243693 
