8_Election_Campain_Election_Campaign_8_32
67
109 239 28 35 0.9993331 
468 280 26 34 0.9990903 
872 287 26 32 0.99876344 
560 306 22 29 0.9983346 
663 274 25 31 0.9980154 
221 261 29 36 0.9977851 
321 292 23 28 0.99771523 
723 276 22 29 0.99734026 
951 271 27 36 0.9970728 
365 288 23 29 0.9960062 
615 292 23 30 0.9954861 
35 262 25 34 0.982024 
912 264 29 35 0.9757724 
793 290 24 33 0.97301507 
957 252 24 29 0.6886652 
988 254 22 27 0.536398 
886 517 10 12 0.36143994 
862 517 8 12 0.25078067 
124 517 10 12 0.17158557 
741 0 64 42 0.10416908 
477 521 12 14 0.09290487 
861 382 13 16 0.09172484 
830 502 10 12 0.070970036 
843 447 13 18 0.069845505 
875 541 13 14 0.06951595 
665 394 28 26 0.06533939 
819 380 15 17 0.06293182 
33 252 17 21 0.05254906 
816 524 12 13 0.050768096 
926 510 9 12 0.049258947 
438 514 13 15 0.047302824 
695 278 24 31 0.040781595 
120 511 9 11 0.04000108 
904 531 9 11 0.03964481 
873 504 7 10 0.03948151 
914 519 8 9 0.039331675 
135 505 8 10 0.03819835 
880 511 8 10 0.036171578 
117 501 8 11 0.034958858 
827 380 13 16 0.03472524 
831 516 9 11 0.034117676 
119 498 8 10 0.033780694 
108 520 8 10 0.03319011 
799 532 10 14 0.03178954 
60 545 15 17 0.028817438 
422 329 20 26 0.028680954 
109 525 8 11 0.026403263 
478 533 12 14 0.026288517 
813 388 12 14 0.024877064 
863 522 10 13 0.023377165 
869 527 8 10 0.023070147 
412 336 12 17 0.023066118 
128 503 8 9 0.022753762 
924 504 10 12 0.022596953 
1005 495 13 16 0.022592692 
859 428 29 30 0.022307303 
158 396 12 16 0.02229159 
501 405 48 66 0.021898113 
821 521 10 11 0.021785663 
967 517 8 9 0.021533163 
837 538 12 14 0.021530103 
830 478 10 13 0.020991996 
435 519 15 17 0.020672012 
856 386 13 15 0.020655785 
1 548 13 15 0.020495035 
484 522 11 13 0.020137073 
73 510 9 11 0.020054782 
