8_Election_Campain_Election_Campaign_8_174
717
737 484 63 71 0.999303 
266 453 31 39 0.9990433 
129 413 34 44 0.99899286 
899 509 58 73 0.99889684 
311 442 30 33 0.99881446 
608 418 24 29 0.9988122 
584 458 39 47 0.9987159 
69 470 45 54 0.99812263 
742 444 32 36 0.997741 
8 480 46 56 0.99744654 
206 432 33 41 0.99706846 
503 343 32 40 0.99628556 
817 574 86 122 0.99616665 
167 423 30 37 0.9956494 
169 529 71 78 0.99563956 
951 465 40 51 0.9947484 
623 503 42 53 0.9946414 
198 478 37 44 0.9943869 
930 420 29 39 0.99425125 
386 537 73 85 0.9939044 
166 453 37 44 0.9934424 
297 486 45 52 0.9933529 
580 415 28 32 0.99292094 
453 448 40 44 0.9920615 
850 385 18 23 0.9913728 
656 421 23 28 0.99043244 
167 609 83 89 0.9889402 
822 441 29 34 0.98848724 
420 428 28 32 0.98256195 
990 333 13 15 0.981859 
434 446 27 38 0.98013306 
91 393 22 29 0.9794063 
771 380 17 21 0.97808254 
890 391 16 24 0.97413176 
693 397 18 24 0.9706407 
876 460 41 49 0.9694996 
258 422 27 28 0.96612585 
754 372 16 21 0.9630304 
979 405 23 28 0.95508945 
49 426 24 28 0.9462177 
449 616 75 87 0.9405038 
613 359 13 17 0.936063 
805 413 19 24 0.93397725 
247 420 24 29 0.9296927 
346 393 14 19 0.92862976 
954 419 25 32 0.92563426 
52 445 28 37 0.9197802 
432 381 18 23 0.9093984 
320 473 35 46 0.904115 
578 341 11 15 0.8872681 
428 437 26 33 0.88305926 
33 386 21 27 0.8829031 
183 350 9 11 0.8702125 
936 338 19 24 0.84360945 
727 397 18 22 0.8176589 
214 402 22 28 0.8062486 
854 308 11 14 0.80532074 
306 415 23 26 0.79149854 
491 330 13 16 0.79127795 
171 373 14 17 0.78895366 
1011 362 12 19 0.7807383 
675 363 11 14 0.7712911 
667 462 25 35 0.73283035 
932 392 23 26 0.7272065 
291 422 18 23 0.72205335 
557 357 12 14 0.7198274 
721 431 19 23 0.70751774 
428 502 43 59 0.69474167 
577 376 15 19 0.68868464 
871 385 15 20 0.6857124 
402 398 15 20 0.68126005 
627 378 15 18 0.666702 
893 338 11 14 0.64967114 
758 413 27 29 0.6430604 
228 380 14 16 0.6310011 
725 374 11 14 0.6258245 
641 340 10 13 0.6042251 
475 368 14 19 0.6013583 
971 337 11 15 0.5900353 
795 398 19 22 0.5831465 
336 379 11 14 0.5761026 
656 398 19 21 0.5755127 
114 340 13 16 0.55542856 
665 336 10 13 0.5502959 
487 591 66 75 0.5423846 
129 373 11 14 0.5311455 
163 349 9 11 0.52287775 
830 373 14 18 0.5163872 
596 379 12 15 0.493644 
281 373 10 13 0.48989025 
676 385 13 16 0.48645422 
313 379 9 12 0.48374197 
1001 439 25 39 0.4662053 
151 392 15 20 0.45616618 
999 386 18 22 0.4463045 
445 418 25 29 0.44228274 
624 344 9 11 0.4418918 
728 342 9 12 0.4348734 
706 373 9 12 0.42419514 
496 380 11 14 0.39949933 
93 377 12 15 0.39847463 
636 380 15 17 0.39842835 
176 464 40 48 0.39759195 
255 381 10 12 0.35860452 
741 366 10 13 0.3526514 
798 372 15 18 0.34138185 
665 595 74 75 0.33759955 
543 372 14 17 0.32113528 
876 374 12 15 0.3017727 
679 451 27 33 0.29926363 
239 400 15 21 0.29820162 
981 292 9 11 0.28702477 
39 362 11 13 0.2865335 
1 373 11 15 0.27604285 
409 375 9 11 0.27514002 
272 364 8 11 0.2670002 
69 392 17 19 0.26378837 
941 296 9 11 0.25513887 
376 375 12 15 0.2529794 
255 374 10 12 0.2379385 
455 381 13 16 0.23443611 
179 403 13 17 0.2337306 
319 349 8 11 0.22794291 
130 390 17 21 0.2273996 
279 368 9 11 0.22457148 
190 370 9 12 0.2202532 
821 378 15 19 0.21857685 
711 367 11 13 0.2150483 
299 374 8 11 0.21198317 
0 397 9 15 0.21006025 
38 332 8 11 0.20465875 
466 518 36 57 0.20449695 
21 342 8 10 0.20082343 
660 377 12 15 0.20039561 
917 346 11 14 0.19910315 
1014 299 9 13 0.19743453 
55 408 17 20 0.19734007 
996 296 8 10 0.19671701 
12 370 10 13 0.19398548 
95 359 9 11 0.1916263 
800 406 20 25 0.18759204 
928 399 27 36 0.1851848 
564 378 13 16 0.1824465 
398 340 9 11 0.17686789 
467 345 14 18 0.17442153 
186 365 9 13 0.17409106 
206 373 11 14 0.17117752 
319 330 6 8 0.16106968 
215 371 11 14 0.1595308 
718 436 26 32 0.15869181 
263 358 8 11 0.15823272 
409 326 7 9 0.15779652 
136 388 19 25 0.15702486 
437 425 28 33 0.15640579 
255 368 10 12 0.15564112 
21 351 9 11 0.15509963 
845 175 10 13 0.15471417 
406 513 59 74 0.15132588 
231 357 9 10 0.15124436 
184 353 10 13 0.15075997 
430 366 11 14 0.14926708 
387 404 13 16 0.14667322 
903 308 10 12 0.14635906 
835 402 16 19 0.14104737 
920 302 8 10 0.14034395 
219 368 10 12 0.14019641 
716 365 10 12 0.13797519 
760 410 16 19 0.13721225 
902 302 9 12 0.13489164 
24 355 9 12 0.13437149 
916 394 12 19 0.132932 
141 381 13 16 0.132046 
684 327 8 10 0.1292811 
224 342 8 9 0.1259243 
720 377 13 18 0.12540655 
232 335 7 8 0.12275285 
61 364 13 15 0.12064097 
392 326 6 9 0.12006005 
653 377 14 17 0.1185286 
328 367 9 10 0.117802836 
409 400 15 21 0.11638941 
320 345 7 9 0.1162369 
360 381 11 14 0.11373091 
161 343 10 12 0.11348727 
192 333 7 9 0.112687126 
571 422 26 34 0.111590154 
565 356 11 14 0.110397115 
298 380 10 12 0.10976179 
685 380 11 14 0.108926095 
353 365 9 12 0.10751226 
5 418 14 22 0.10475899 
131 381 14 17 0.103660956 
976 521 37 55 0.10363903 
83 447 25 30 0.10359451 
928 300 9 10 0.102290474 
918 319 8 12 0.101376586 
784 311 7 10 0.10054509 
965 299 11 12 0.100019634 
290 358 8 11 0.09956619 
7 366 13 16 0.09882768 
353 329 8 9 0.09794477 
158 335 8 10 0.09787477 
690 446 23 31 0.097310394 
392 352 8 9 0.09672131 
694 373 10 13 0.09658126 
284 401 16 20 0.095755294 
716 449 27 39 0.09360374 
199 342 7 10 0.093393825 
303 337 7 10 0.093387485 
359 375 8 12 0.09262442 
37 375 13 16 0.09214118 
201 372 9 12 0.090827234 
452 334 10 12 0.090516284 
285 408 22 28 0.09043895 
479 359 11 14 0.09042715 
452 359 11 14 0.0901477 
353 361 9 11 0.09003477 
53 346 10 13 0.08996265 
384 415 24 33 0.089144446 
629 347 10 12 0.08872505 
89 374 12 15 0.087148316 
241 410 23 30 0.08702232 
8 349 9 12 0.08641446 
578 443 35 44 0.08611177 
74 340 8 12 0.08548803 
334 341 8 10 0.08541948 
688 376 11 13 0.08474563 
572 354 11 15 0.08416293 
78 336 7 10 0.08348302 
280 395 13 16 0.083401024 
760 437 26 31 0.08330842 
248 359 8 9 0.08326459 
280 390 10 13 0.082751796 
236 374 11 13 0.081761435 
832 369 10 12 0.08060615 
374 325 8 10 0.080498554 
172 309 9 11 0.08022317 
727 368 11 14 0.07938677 
415 350 8 10 0.07930936 
54 366 12 15 0.07915588 
943 392 18 20 0.07914302 
900 335 10 13 0.07901966 
448 333 10 12 0.078017026 
644 376 13 16 0.07799785 
1004 436 19 23 0.07792525 
485 359 10 13 0.07789858 
52 381 14 18 0.07779284 
927 346 11 14 0.077722184 
116 400 15 20 0.077512376 
98 350 8 11 0.07697666 
758 312 8 10 0.07485101 
936 299 9 11 0.07439358 
34 334 8 10 0.07431643 
653 406 24 29 0.07413545 
217 335 6 8 0.073944665 
358 329 7 9 0.07243829 
36 381 15 19 0.072436854 
152 335 8 11 0.07235924 
753 316 9 11 0.0720904 
787 462 27 33 0.0719758 
1003 396 16 22 0.07171303 
272 425 16 19 0.0713869 
772 364 13 16 0.07124423 
730 440 29 35 0.0708167 
152 359 9 11 0.07079045 
791 311 8 10 0.07077207 
351 370 10 13 0.070672415 
78 340 9 12 0.0705018 
31 357 10 12 0.07023811 
238 368 8 10 0.06978821 
193 432 27 34 0.06888433 
744 313 7 10 0.06854506 
613 394 14 17 0.068479285 
319 333 7 10 0.06830335 
961 300 10 11 0.06785681 
285 368 9 11 0.06638628 
753 391 16 19 0.06616633 
335 337 7 9 0.06607107 
771 359 11 13 0.06559615 
431 543 53 67 0.065217346 
444 380 13 18 0.06502566 
37 312 9 12 0.0642146 
766 312 7 9 0.064164214 
248 366 10 12 0.063783586 
591 374 13 17 0.062322214 
696 367 8 11 0.062320303 
902 296 8 11 0.0622993 
76 393 23 28 0.062027868 
389 398 12 15 0.06190652 
633 359 9 12 0.06142099 
207 388 11 14 0.0606806 
122 396 20 24 0.06053724 
636 363 12 16 0.060093597 
666 396 15 19 0.06008277 
302 368 8 10 0.059912972 
693 378 11 14 0.059695613 
620 395 15 18 0.059572864 
22 335 9 11 0.05928703 
390 400 19 24 0.05920623 
990 449 30 45 0.05890668 
452 372 16 19 0.058709826 
155 380 12 15 0.057912674 
446 349 10 12 0.057694774 
337 359 7 9 0.057366714 
315 328 7 9 0.056974415 
407 322 7 9 0.0567679 
898 301 9 11 0.05639724 
49 343 10 12 0.056159537 
263 364 8 12 0.056043155 
896 396 17 21 0.055842336 
708 376 13 17 0.05581442 
324 404 15 17 0.05526576 
909 309 8 11 0.055090986 
424 385 13 18 0.055073254 
603 379 13 15 0.05498212 
101 375 10 13 0.054904968 
74 336 8 10 0.054765806 
658 390 16 19 0.05398106 
136 351 9 10 0.053467523 
147 380 13 16 0.052693322 
399 561 88 104 0.05257562 
757 317 8 9 0.052330498 
256 352 8 10 0.052074086 
63 443 29 34 0.051989093 
358 359 10 11 0.051985957 
981 363 15 17 0.051945813 
31 374 12 15 0.051723972 
213 359 10 11 0.051660553 
369 326 8 10 0.051460475 
548 365 12 14 0.051434327 
340 376 11 14 0.05136756 
186 334 8 10 0.05106515 
223 385 15 16 0.051044013 
97 344 9 11 0.050581403 
982 299 10 12 0.050536267 
710 465 32 42 0.05044992 
382 342 8 10 0.050187767 
676 371 12 14 0.05000922 
565 438 13 19 0.049370278 
45 384 21 26 0.049111187 
206 368 10 12 0.04893293 
186 328 8 10 0.048765726 
816 384 14 18 0.048688844 
189 380 11 14 0.048672043 
978 288 10 11 0.048565052 
867 463 29 41 0.0481111 
393 334 8 11 0.04799886 
34 329 8 10 0.047792476 
384 398 11 14 0.047614817 
21 312 8 11 0.047421712 
408 471 26 34 0.04730062 
415 344 8 10 0.0469226 
265 435 32 39 0.046890944 
693 458 29 34 0.046780437 
238 424 22 31 0.046778873 
206 394 11 17 0.046636146 
130 367 12 15 0.046495177 
538 274 15 18 0.04631237 
992 398 20 27 0.046228133 
446 328 9 11 0.046026807 
993 299 11 13 0.045995917 
62 392 15 18 0.045746695 
910 366 11 14 0.045530044 
224 356 9 12 0.045479767 
8 343 8 12 0.045293994 
364 379 12 17 0.044591546 
443 411 21 23 0.044446062 
45 363 11 14 0.044434015 
636 391 13 18 0.044211663 
174 406 25 28 0.044035766 
368 375 9 12 0.04399129 
761 371 16 20 0.043991208 
980 459 29 37 0.043848753 
165 354 10 13 0.043807846 
896 462 30 37 0.04366034 
600 531 23 35 0.043230597 
945 309 9 12 0.043165814 
22 327 8 10 0.04299965 
175 562 49 52 0.042719133 
133 399 25 31 0.042616103 
825 425 25 34 0.04251179 
415 452 31 42 0.04245259 
671 381 13 16 0.04240503 
788 379 13 17 0.04235513 
790 372 14 18 0.042250134 
181 370 11 16 0.042239513 
181 380 11 14 0.0422172 
912 318 10 12 0.041957624 
383 336 9 10 0.041604947 
912 343 10 13 0.04136974 
380 383 13 18 0.041141786 
918 393 21 29 0.04069206 
560 419 23 33 0.04068795 
262 353 7 10 0.04067414 
286 325 8 11 0.040596735 
592 421 19 23 0.040392842 
234 366 10 11 0.04024203 
299 337 7 9 0.040205423 
385 320 7 9 0.0399108 
777 312 8 9 0.03988088 
342 358 7 10 0.03983872 
20 318 9 11 0.039819885 
225 351 8 10 0.03979849 
685 445 18 23 0.039576042 
493 373 19 26 0.03939511 
46 327 8 10 0.039330527 
16 348 10 13 0.039322622 
713 360 10 13 0.039235417 
680 332 9 12 0.039172027 
387 378 11 15 0.03915194 
291 396 14 17 0.03908318 
716 420 18 21 0.039071526 
733 349 10 11 0.039026245 
30 261 8 11 0.039000157 
713 324 11 13 0.03898872 
59 465 35 43 0.038842008 
629 391 14 20 0.03875875 
600 342 7 11 0.03845951 
987 373 15 18 0.038442604 
644 336 11 14 0.038408864 
475 349 12 17 0.03825442 
329 373 8 11 0.038109604 
25 262 9 10 0.03797655 
314 407 22 27 0.037937995 
224 337 7 9 0.03786073 
294 352 8 9 0.037674524 
334 376 18 23 0.037483398 
344 351 6 9 0.03746995 
88 365 10 13 0.037170373 
534 370 13 18 0.037122995 
8 357 11 14 0.037097603 
655 319 9 11 0.036875173 
732 371 12 15 0.036779083 
305 358 7 10 0.036681797 
991 289 9 10 0.036625847 
492 329 20 24 0.03635054 
825 414 22 28 0.03622834 
655 325 9 11 0.036130678 
238 358 9 10 0.036074024 
910 464 26 33 0.03593988 
670 351 10 12 0.035815693 
903 372 11 13 0.03570253 
668 510 14 20 0.03565928 
214 350 9 12 0.03564957 
421 404 13 17 0.035491847 
468 308 9 12 0.035439055 
620 381 17 21 0.035344813 
272 325 8 10 0.035112683 
406 342 8 10 0.03498007 
177 399 11 13 0.03490075 
150 339 9 12 0.034899496 
1012 352 11 16 0.0347509 
224 403 16 21 0.034693435 
313 351 8 11 0.034692667 
289 351 8 10 0.034677498 
198 335 7 10 0.03441003 
574 435 26 35 0.034406357 
767 431 19 24 0.034300707 
23 302 7 9 0.034034207 
257 335 8 10 0.034023836 
357 386 13 18 0.03400019 
87 389 15 20 0.03392641 
178 435 36 44 0.03390921 
657 334 9 12 0.033876434 
196 278 12 14 0.033794906 
946 351 15 19 0.033632334 
692 392 14 18 0.033569712 
965 317 11 13 0.03345383 
180 345 18 22 0.033400036 
296 367 8 10 0.03330624 
409 349 8 10 0.03325678 
713 334 9 11 0.03318303 
606 395 14 17 0.033182517 
730 303 8 11 0.033169247 
446 372 14 17 0.033038262 
682 386 13 18 0.032971166 
256 357 10 12 0.03291531 
871 340 9 13 0.0328266 
413 366 11 14 0.03274105 
85 342 8 11 0.03273766 
248 374 10 12 0.032684803 
606 386 14 16 0.032631863 
125 341 9 12 0.03254364 
442 327 8 11 0.03242061 
705 443 27 33 0.032316033 
284 391 12 14 0.03214898 
274 407 24 28 0.03206519 
329 361 8 10 0.03204674 
375 321 8 10 0.031971518 
909 482 50 63 0.031929366 
645 345 10 13 0.031914335 
471 377 12 15 0.031862006 
1013 410 12 17 0.031861458 
733 334 9 12 0.031854775 
103 344 7 10 0.031714775 
765 363 12 16 0.031630028 
173 303 9 11 0.03158961 
846 370 12 16 0.031499032 
441 332 9 11 0.031419978 
157 366 11 13 0.03131662 
234 386 13 16 0.031155933 
329 342 7 10 0.031148378 
337 328 7 8 0.031115001 
55 419 20 24 0.031018483 
661 320 8 10 0.030653127 
699 475 38 47 0.030602327 
250 380 10 13 0.030600093 
568 465 27 36 0.030375969 
1009 296 8 10 0.030359415 
334 366 8 10 0.03028377 
596 365 12 14 0.030230759 
443 440 29 37 0.030228322 
328 336 7 9 0.030210618 
442 347 9 13 0.030123804 
869 368 11 12 0.03010546 
544 358 12 15 0.030008262 
911 379 14 21 0.029987907 
498 577 48 57 0.02995144 
850 315 9 12 0.029896686 
237 335 8 9 0.029867206 
297 369 18 22 0.0296918 
448 342 10 13 0.02965732 
983 376 15 20 0.02956762 
211 377 12 15 0.029450618 
466 347 22 26 0.029407978 
311 422 28 33 0.029170716 
911 296 8 10 0.028980844 
735 327 8 10 0.028978575 
591 365 11 14 0.028785333 
476 333 11 15 0.02877486 
369 320 7 10 0.028568678 
427 371 20 25 0.028567167 
593 493 26 33 0.028522676 
361 350 9 11 0.02835121 
312 460 33 41 0.028277228 
184 431 18 24 0.028148845 
497 335 26 33 0.028128719 
424 634 60 64 0.028039139 
611 383 22 25 0.028036918 
23 365 11 14 0.02796023 
554 353 20 25 0.027864598 
605 371 14 16 0.02784725 
277 360 8 11 0.027777422 
975 396 35 46 0.02775667 
313 334 8 10 0.027749712 
183 287 9 11 0.027713472 
391 322 7 9 0.0276982 
455 360 22 26 0.027625166 
62 432 20 24 0.02758669 
401 373 9 13 0.027547458 
159 342 17 23 0.027506454 
565 534 40 59 0.02740277 
911 303 9 11 0.027359074 
669 369 14 17 0.027343053 
160 373 11 15 0.027341144 
857 448 28 35 0.027212039 
232 329 8 10 0.027017849 
214 397 14 19 0.027014017 
684 621 44 45 0.026991136 
873 315 10 14 0.026957707 
718 319 7 10 0.026939983 
200 348 9 11 0.02670055 
8 335 7 10 0.026575202 
423 371 13 15 0.02650884 
984 327 12 16 0.026494022 
158 355 11 14 0.026452066 
249 352 7 9 0.02627224 
20 395 12 17 0.026185252 
686 358 9 11 0.026115451 
789 341 8 11 0.02611301 
46 333 8 10 0.026080268 
952 119 10 11 0.025965234 
397 349 9 11 0.025899643 
285 428 19 23 0.025795022 
424 494 33 49 0.025741873 
213 390 11 14 0.025671257 
174 336 8 9 0.02566004 
424 345 8 11 0.02555361 
655 437 26 35 0.025527388 
714 487 28 38 0.025438854 
272 381 9 11 0.025348023 
791 351 9 12 0.025322542 
249 343 7 9 0.025260454 
983 279 8 11 0.025155462 
475 339 12 17 0.025154626 
523 260 10 12 0.025102481 
661 114 32 41 0.025056928 
887 474 47 58 0.024951203 
613 404 15 19 0.024874311 
192 341 8 11 0.02483685 
444 466 49 61 0.024756104 
33 315 10 12 0.024752041 
411 378 12 14 0.024629904 
457 379 23 27 0.024483498 
87 294 9 11 0.02446662 
824 378 20 25 0.024404574 
476 503 28 51 0.024396382 
418 476 15 20 0.024389211 
333 417 12 17 0.024332255 
695 320 10 12 0.024294617 
879 370 11 13 0.024164775 
419 387 21 27 0.024161587 
88 272 9 10 0.024135178 
574 417 18 22 0.024132617 
610 463 29 34 0.024128048 
38 288 8 11 0.024039542 
305 350 8 10 0.02401979 
793 498 26 41 0.024010008 
903 314 11 13 0.02396928 
399 392 12 16 0.023893239 
752 301 9 10 0.023873702 
917 352 12 17 0.023867946 
803 368 12 16 0.023800027 
608 508 40 56 0.023762293 
256 328 8 10 0.023699908 
724 386 20 26 0.023623899 
1007 286 9 11 0.02360873 
662 327 10 13 0.023505414 
142 351 8 10 0.023496363 
882 372 12 16 0.02347822 
384 350 8 11 0.023433266 
543 360 19 24 0.023357788 
190 294 9 11 0.023356404 
613 381 12 16 0.02329048 
262 336 7 10 0.023255602 
645 393 13 17 0.023239633 
779 374 14 17 0.02322963 
903 391 18 26 0.023222405 
199 396 12 18 0.023219675 
167 486 51 63 0.023200933 
71 269 9 10 0.023198115 
430 344 9 11 0.023110224 
7 317 8 11 0.023105964 
474 571 57 70 0.023069374 
737 357 11 14 0.023049576 
955 347 12 16 0.023039669 
419 479 28 39 0.023010863 
65 267 9 11 0.02300352 
464 372 22 24 0.022850089 
56 286 9 12 0.022842936 
14 357 10 13 0.022767916 
545 541 45 59 0.02274919 
706 363 18 22 0.02266153 
278 368 18 22 0.022619395 
256 342 7 8 0.022615628 
836 327 9 12 0.022527602 
416 357 9 11 0.022523662 
145 342 9 11 0.022518445 
395 419 27 35 0.02243973 
914 463 38 48 0.022436481 
736 318 8 9 0.022385206 
337 351 7 10 0.022339558 
344 327 7 9 0.022333082 
30 363 13 16 0.0222939 
425 410 15 18 0.022293855 
58 401 24 30 0.02227233 
399 367 10 12 0.022196768 
294 389 12 14 0.022176027 
702 336 9 10 0.02213454 
851 305 18 21 0.022102129 
333 393 15 19 0.022064744 
898 308 10 13 0.022011701 
1010 402 13 20 0.022009492 
933 454 28 37 0.02197884 
69 260 10 13 0.021898612 
735 67 60 88 0.02189848 
43 379 15 21 0.021883909 
32 339 10 12 0.021877145 
720 312 7 9 0.021870738 
928 518 49 62 0.021858938 
648 414 23 29 0.021849005 
728 308 9 12 0.02183869 
696 335 9 11 0.021832539 
238 352 8 10 0.02181794 
311 357 8 9 0.021813149 
45 373 12 17 0.021706713 
298 342 8 10 0.021692997 
964 308 12 13 0.02160634 
173 385 12 15 0.021482727 
167 369 12 14 0.021438653 
667 386 20 23 0.021372357 
133 355 12 13 0.021342047 
209 350 9 12 0.021325847 
862 340 11 15 0.021317651 
463 401 12 16 0.021282047 
408 368 10 14 0.021218812 
830 407 16 21 0.021207102 
162 481 36 45 0.021066416 
382 369 11 13 0.021061467 
925 318 9 12 0.02104049 
721 341 9 12 0.021003092 
217 341 7 10 0.020965328 
200 377 12 16 0.020774506 
106 395 15 22 0.020760264 
0 413 11 19 0.020740872 
376 350 9 11 0.020721357 
154 438 29 40 0.020705136 
680 467 33 37 0.020694502 
273 372 10 12 0.020677172 
343 343 7 9 0.020651039 
977 283 18 22 0.020634865 
328 388 11 13 0.020586364 
407 368 19 24 0.020541225 
185 302 9 11 0.020530203 
153 363 9 12 0.020493582 
375 369 10 12 0.020438498 
462 353 14 17 0.020408878 
229 341 9 10 0.020371903 
43 433 31 36 0.020305483 
623 375 13 17 0.020247793 
280 321 9 11 0.020220086 
189 508 57 69 0.020218259 
400 328 7 9 0.020173274 
288 345 7 9 0.020105552 
143 357 8 11 0.020078504 
38 340 9 12 0.020057008 
659 500 24 34 0.020009533 
