8_Election_Campain_Election_Campaign_8_357
35
197 286 133 192 0.97276264 
671 824 8 10 0.08751184 
133 815 12 16 0.083425745 
356 831 9 11 0.057700284 
270 754 9 12 0.050914545 
270 823 8 10 0.04820442 
223 831 11 12 0.046782285 
294 822 7 10 0.038390458 
128 818 13 17 0.03522976 
269 788 8 11 0.035186812 
239 772 9 11 0.034220103 
606 571 41 57 0.033077803 
878 791 13 17 0.031107252 
191 796 8 10 0.030904444 
135 808 10 12 0.028186852 
293 848 8 10 0.027916018 
922 862 7 9 0.027874898 
272 848 8 10 0.02753862 
290 823 9 11 0.027237978 
265 790 9 11 0.026640043 
647 804 11 13 0.02576418 
357 665 16 21 0.023601344 
136 791 8 10 0.023560822 
140 790 9 11 0.022732874 
830 781 10 12 0.022324536 
237 807 9 11 0.022072667 
846 844 13 16 0.022013254 
129 792 9 10 0.021840665 
779 786 15 16 0.021465868 
168 798 8 10 0.021342225 
268 828 9 11 0.021029169 
869 856 39 50 0.020847995 
672 646 8 9 0.0208256 
112 848 9 12 0.020781938 
132 822 14 18 0.020263009 
