8_Election_Campain_Election_Campaign_8_86
78
121 172 51 73 0.9992531 
11 154 54 74 0.99876726 
378 216 40 59 0.9959143 
577 235 52 67 0.99406046 
213 230 39 53 0.96829724 
475 274 37 47 0.95996016 
344 262 31 40 0.93213403 
462 253 26 32 0.6777713 
641 104 109 147 0.67108005 
499 672 18 19 0.15344921 
662 10 116 179 0.14252782 
844 94 114 135 0.12865762 
808 45 184 244 0.11286301 
308 267 24 33 0.10099371 
619 273 356 442 0.09608368 
226 669 17 18 0.07858636 
320 269 21 31 0.07547044 
570 198 15 22 0.07112132 
996 325 26 38 0.06507023 
321 622 8 11 0.06281871 
473 264 19 23 0.05903041 
914 279 14 19 0.05763839 
877 125 64 90 0.057032235 
473 265 29 35 0.055636045 
333 268 24 32 0.051940918 
279 615 11 15 0.05063109 
33 250 12 15 0.049478754 
142 567 24 35 0.0478111 
812 225 26 31 0.0476387 
838 241 13 18 0.04714956 
318 612 10 13 0.039508495 
308 575 10 12 0.038613606 
847 305 11 15 0.037828386 
829 235 13 19 0.037692323 
311 604 13 18 0.03613137 
819 315 12 13 0.035172414 
448 635 30 36 0.035135623 
305 280 24 33 0.035123203 
301 604 12 18 0.03447232 
149 566 12 16 0.034260217 
812 312 15 16 0.034098912 
335 601 11 15 0.034042254 
139 651 16 19 0.033920802 
296 608 11 15 0.033197135 
688 31 59 94 0.032246523 
268 670 19 19 0.03065517 
81 175 39 56 0.030050624 
325 614 11 14 0.02939493 
131 644 13 18 0.028603302 
990 362 32 41 0.028338932 
455 256 15 23 0.028277952 
272 276 27 31 0.028238935 
416 618 28 38 0.027904844 
756 475 117 144 0.027886279 
568 198 27 34 0.027704345 
793 263 17 18 0.027697243 
304 620 10 13 0.026703345 
68 175 17 22 0.02659454 
134 648 15 20 0.025375107 
435 639 50 52 0.02535566 
823 231 23 30 0.02535283 
916 153 36 53 0.024779942 
893 296 53 62 0.024746664 
939 330 27 37 0.024192136 
915 0 84 121 0.023853837 
844 322 95 110 0.023669839 
209 625 14 18 0.023493586 
802 407 10 12 0.023424603 
665 186 67 85 0.023108045 
892 355 16 18 0.023042921 
-3 235 40 59 0.021536881 
500 595 13 18 0.021495435 
358 270 18 25 0.021291446 
870 319 62 70 0.021157539 
421 654 15 19 0.021109259 
800 229 12 15 0.020748273 
875 22 115 166 0.020316659 
7 108 47 71 0.020164153 
