8_Election_Campain_Election_Campaign_8_118
156
712 376 106 129 0.9996939 
291 165 55 69 0.99942493 
532 167 35 46 0.998552 
405 207 72 92 0.99846846 
888 331 58 76 0.99752134 
994 237 31 38 0.9952057 
649 201 36 42 0.9948125 
693 244 88 126 0.9926514 
174 215 38 50 0.98842084 
531 292 66 106 0.9796703 
362 172 41 58 0.9717927 
215 190 41 51 0.9704737 
959 272 35 43 0.95661145 
148 196 45 61 0.9459998 
211 279 37 52 0.87528443 
889 234 23 34 0.5750274 
104 199 36 52 0.51169574 
921 484 106 195 0.4705592 
2 553 23 40 0.44866475 
960 226 15 17 0.41306955 
990 327 36 46 0.3867494 
884 245 24 37 0.35826412 
818 229 35 64 0.2717827 
901 200 10 12 0.2581632 
597 196 12 16 0.25656676 
805 183 11 13 0.24735992 
860 184 10 12 0.23260908 
866 226 38 55 0.21546085 
952 200 11 12 0.21338059 
584 164 10 12 0.20156848 
773 183 10 14 0.19433342 
983 201 12 15 0.18440992 
721 196 19 24 0.16230951 
195 202 40 53 0.16026628 
811 220 31 45 0.15310898 
712 186 9 13 0.13677323 
822 182 8 11 0.13466921 
899 232 12 17 0.12194562 
626 160 13 17 0.11551715 
53 190 29 45 0.105222724 
588 234 21 30 0.10320433 
810 216 18 22 0.101181604 
236 420 14 19 0.09622547 
931 190 11 13 0.09557819 
638 197 13 19 0.09496661 
116 197 47 58 0.088929914 
885 194 11 14 0.08815845 
641 196 29 35 0.08206462 
945 180 11 15 0.07840896 
985 208 19 21 0.0664613 
990 276 28 37 0.06508141 
950 225 14 18 0.06302319 
498 179 25 41 0.06277001 
909 244 11 16 0.05643491 
604 322 60 82 0.055434234 
907 254 21 30 0.054211713 
845 182 8 10 0.05414172 
950 239 17 22 0.052149054 
817 218 18 23 0.051495336 
948 485 68 106 0.048419535 
383 201 34 51 0.046183687 
954 233 18 20 0.04557313 
832 228 30 54 0.04470192 
721 172 10 12 0.04462644 
715 188 13 16 0.04427161 
711 235 56 77 0.043273155 
727 198 26 30 0.042985454 
826 68 17 23 0.042766973 
993 263 27 35 0.04065193 
0 609 42 62 0.039502326 
972 258 39 52 0.039237533 
639 157 10 13 0.03880609 
814 180 12 14 0.03872908 
977 197 11 15 0.038647402 
724 173 12 14 0.038467444 
863 331 56 82 0.03678739 
880 192 11 13 0.03672338 
1012 187 11 18 0.0366349 
832 417 58 93 0.0365443 
92 239 13 17 0.035321128 
632 148 12 14 0.035208113 
87 207 45 61 0.034954466 
913 262 25 33 0.034934253 
947 186 13 15 0.03300542 
688 288 105 178 0.032686204 
70 198 43 57 0.032609597 
815 175 9 11 0.032462772 
928 195 10 13 0.03181369 
763 212 17 20 0.031198354 
946 198 10 12 0.031190407 
855 194 14 15 0.031123318 
651 167 14 17 0.031116216 
868 35 13 15 0.03044832 
840 176 8 10 0.03007526 
915 253 14 19 0.02943348 
804 214 29 38 0.02899945 
1007 203 12 17 0.028947996 
920 190 8 10 0.028866831 
723 190 15 18 0.028855367 
1000 61 22 36 0.027374193 
976 274 18 25 0.02718223 
783 388 92 133 0.026957812 
101 243 15 20 0.026648277 
982 222 25 29 0.026583912 
910 191 8 9 0.026552439 
591 190 20 27 0.026431961 
949 246 28 33 0.026388837 
499 141 13 17 0.026382152 
62 243 12 15 0.026351145 
717 180 13 17 0.026219483 
741 44 12 15 0.02619625 
632 197 22 29 0.025984919 
705 186 11 15 0.025345288 
732 174 11 14 0.025296858 
474 410 61 63 0.025175622 
895 255 16 25 0.025045335 
855 183 19 22 0.025003018 
965 197 10 14 0.024832495 
643 158 10 13 0.024818601 
907 197 10 13 0.024771329 
801 180 19 23 0.024676833 
158 177 31 57 0.02441482 
911 251 12 17 0.024378615 
812 204 15 18 0.02423018 
636 144 10 12 0.0240074 
956 255 28 35 0.023972107 
870 189 9 12 0.023852654 
599 142 9 13 0.02366309 
679 69 9 11 0.02291363 
822 54 10 13 0.022802914 
1001 280 17 22 0.022559932 
733 180 11 14 0.022389201 
565 297 83 105 0.022185113 
823 186 9 12 0.022093542 
655 76 12 16 0.021937253 
827 223 17 29 0.021893762 
646 165 12 16 0.021838883 
85 221 28 38 0.021831682 
597 146 12 16 0.02175203 
913 271 35 48 0.021655668 
958 190 10 13 0.021647297 
884 421 93 134 0.021557827 
789 10 18 22 0.021551656 
994 203 14 18 0.021523133 
959 374 53 65 0.021504262 
0 559 39 68 0.021482907 
980 189 15 18 0.021421673 
807 176 11 14 0.021199312 
920 199 10 12 0.02119053 
589 229 16 21 0.020871965 
949 194 18 23 0.020763973 
731 189 16 19 0.020667974 
981 216 16 19 0.02025734 
-6 331 82 142 0.020242194 
793 3 16 16 0.020193567 
850 408 89 130 0.020141052 
