8_Election_Campain_Election_Campaign_8_252
443
293 441 52 67 0.9984523 
492 378 25 33 0.99621445 
412 391 29 37 0.9956012 
140 453 84 97 0.9951449 
922 309 28 36 0.99162865 
853 302 14 16 0.9602274 
897 297 15 18 0.9291008 
670 350 15 19 0.9281657 
877 311 15 19 0.9225905 
884 333 17 21 0.91029173 
365 387 26 32 0.8683479 
790 335 16 20 0.84694207 
608 365 12 15 0.73740405 
651 363 14 18 0.72089785 
755 334 13 16 0.67486733 
38 423 10 13 0.6622661 
86 449 21 27 0.62594384 
823 353 15 23 0.6127587 
110 423 12 14 0.55472773 
711 298 14 15 0.54412997 
301 379 15 18 0.53264827 
846 331 18 20 0.42592555 
676 377 12 15 0.38224447 
655 301 9 12 0.36062565 
712 323 12 16 0.36005712 
984 288 24 28 0.34424794 
623 359 11 13 0.32252768 
726 452 26 34 0.29328007 
952 314 15 21 0.28954467 
910 302 10 13 0.28672743 
769 316 12 14 0.27410376 
633 344 11 14 0.2727103 
737 335 10 12 0.26288685 
576 356 12 15 0.25070035 
671 403 13 16 0.24851622 
178 407 12 15 0.22420244 
79 412 11 14 0.21592623 
242 397 9 12 0.21551125 
711 384 13 18 0.21465428 
52 477 25 34 0.19842093 
683 333 11 14 0.18953171 
705 351 11 13 0.17275216 
296 404 12 16 0.17176889 
283 389 11 14 0.1701581 
33 422 11 14 0.16996248 
648 342 10 14 0.16761559 
466 377 15 18 0.16457601 
726 354 14 17 0.16349106 
97 410 11 16 0.16220762 
372 364 15 19 0.15877676 
663 304 9 11 0.15337975 
263 388 8 11 0.15332419 
475 345 11 15 0.15303504 
654 339 11 14 0.15183152 
1 426 11 16 0.15071714 
432 367 11 13 0.14601788 
239 391 9 12 0.13860515 
487 334 11 14 0.13602124 
745 301 11 12 0.13384522 
728 314 9 13 0.13210694 
542 350 11 13 0.12888329 
305 403 25 32 0.124225974 
868 292 11 14 0.121512175 
686 363 13 17 0.12131394 
773 297 14 15 0.11908511 
297 379 12 15 0.118171856 
838 275 11 15 0.117886715 
494 339 11 14 0.115803905 
78 419 13 18 0.11477936 
519 341 11 13 0.11299516 
632 410 13 19 0.112599865 
508 335 13 15 0.112320654 
766 322 13 17 0.1107301 
648 358 12 15 0.109758645 
837 243 13 17 0.099051654 
662 323 10 12 0.097723015 
269 453 45 58 0.097510904 
948 386 25 31 0.09694081 
459 358 11 14 0.09592971 
231 380 8 10 0.095884785 
732 348 13 17 0.094879396 
300 390 14 19 0.09472563 
895 305 12 15 0.09393591 
913 300 13 17 0.092922896 
306 374 14 18 0.09260621 
851 345 17 21 0.092543 
1008 274 12 17 0.09214844 
658 334 12 14 0.09132521 
209 391 8 11 0.087690674 
477 333 12 15 0.086518206 
527 335 11 14 0.0860752 
844 243 14 18 0.08474234 
278 368 7 10 0.08318842 
306 384 14 17 0.08238561 
272 373 9 11 0.081515595 
271 398 8 11 0.07864307 
36 430 15 18 0.076788716 
715 319 12 15 0.07648104 
63 436 11 15 0.076122455 
237 382 8 10 0.075851 
831 353 18 23 0.07544711 
105 421 11 16 0.0749781 
226 380 7 10 0.0738809 
580 361 12 15 0.073161 
0 461 8 13 0.07303135 
823 295 10 14 0.072927356 
453 392 14 19 0.07255873 
71 426 15 19 0.07239737 
258 384 8 11 0.07144882 
763 329 13 18 0.07133836 
349 387 11 16 0.07095694 
384 325 12 15 0.07084036 
654 318 9 12 0.07056297 
541 385 25 31 0.07012783 
739 339 11 14 0.06968013 
501 340 12 15 0.06853086 
376 394 16 20 0.06839855 
684 369 13 18 0.06812284 
848 306 13 17 0.068029776 
739 368 15 18 0.06785449 
426 392 24 31 0.067327954 
668 303 8 12 0.06447329 
48 444 10 14 0.06377068 
404 350 9 13 0.06350618 
981 296 16 19 0.06302322 
614 359 12 15 0.06297935 
198 400 9 10 0.06294782 
112 404 10 11 0.06294166 
768 299 12 13 0.06186778 
771 355 12 17 0.061492007 
839 342 24 27 0.061304897 
114 428 12 14 0.0608256 
129 395 9 12 0.06020869 
281 385 8 10 0.06000349 
750 464 32 35 0.05977015 
309 367 9 12 0.059675194 
650 348 12 15 0.059559733 
891 341 16 21 0.05942801 
747 307 12 14 0.058951773 
308 405 15 19 0.058586072 
739 348 12 15 0.057934716 
961 246 8 10 0.057652857 
980 283 35 49 0.05745133 
686 359 10 13 0.05711711 
316 388 12 16 0.056925803 
407 364 12 15 0.056734234 
297 400 21 27 0.056083128 
216 375 8 10 0.056073546 
657 306 11 14 0.05578043 
295 395 14 18 0.055600706 
805 327 11 13 0.055145647 
845 311 14 19 0.054262705 
647 335 9 12 0.052864093 
193 398 9 11 0.052620724 
581 44 10 12 0.0524448 
693 359 9 13 0.051485024 
377 369 13 17 0.050576393 
117 400 9 11 0.04952783 
29 485 13 17 0.049321447 
273 369 9 11 0.04872531 
298 387 12 15 0.04851125 
445 392 13 18 0.04782276 
648 324 9 12 0.04761786 
301 386 25 32 0.047598574 
157 347 9 11 0.04750456 
164 398 10 11 0.047258925 
285 384 9 12 0.046695422 
719 362 12 16 0.046482164 
445 465 34 54 0.046402484 
422 349 10 13 0.04610417 
841 368 17 19 0.04596904 
24 421 11 15 0.045847308 
784 405 25 36 0.045774437 
650 319 9 12 0.045481686 
1008 330 13 19 0.045058027 
306 375 24 31 0.044991475 
779 294 11 14 0.04472512 
883 323 16 22 0.04456644 
404 356 12 14 0.044500608 
64 479 15 24 0.04428539 
265 395 9 12 0.043047212 
893 314 12 16 0.042967986 
52 443 13 16 0.04292271 
794 344 14 18 0.04273501 
44 433 12 17 0.04241012 
33 419 18 22 0.042329177 
245 404 9 12 0.042251877 
118 435 10 13 0.041282576 
903 241 9 12 0.041095186 
570 351 11 14 0.04100717 
920 287 9 12 0.040771205 
279 417 46 57 0.040641107 
915 304 25 32 0.04061694 
277 373 8 10 0.04040566 
360 366 9 11 0.039777298 
287 401 12 16 0.03965961 
227 411 13 15 0.03942663 
655 324 10 13 0.039388217 
687 303 9 12 0.039360348 
688 318 9 12 0.0393426 
43 486 33 39 0.039319985 
734 437 46 45 0.039187416 
898 244 8 11 0.039155703 
72 423 24 30 0.039034124 
822 571 47 60 0.0389626 
539 398 27 37 0.03882685 
772 391 22 32 0.03869782 
368 345 11 13 0.03845101 
535 362 12 16 0.038337722 
316 392 15 20 0.038323186 
705 301 9 12 0.03817396 
925 284 12 14 0.037962917 
572 348 20 26 0.0378978 
586 357 12 15 0.03787456 
673 410 14 17 0.037851498 
685 326 9 12 0.037827726 
268 390 9 11 0.037778404 
866 286 10 13 0.037659295 
600 374 10 14 0.037611507 
814 315 12 16 0.037329696 
798 327 12 15 0.0371262 
763 338 13 17 0.03694593 
910 295 12 15 0.036718428 
438 360 9 12 0.03642294 
15 428 10 14 0.036328774 
374 348 9 12 0.03626491 
716 304 13 16 0.03614742 
720 381 21 29 0.036121514 
30 484 27 30 0.036115315 
182 400 11 12 0.03604834 
280 394 13 15 0.036002398 
677 341 11 14 0.03559693 
15 487 26 32 0.035565082 
833 250 11 14 0.035302386 
696 302 9 13 0.03525044 
175 389 9 10 0.03508901 
575 400 24 32 0.035071593 
45 490 18 19 0.03506864 
841 354 18 20 0.034998123 
604 375 14 20 0.034701355 
726 301 10 13 0.034579825 
525 0 12 11 0.03455643 
789 357 12 15 0.034548294 
499 331 21 24 0.034469146 
797 353 12 15 0.034250516 
998 286 21 29 0.034165747 
670 383 15 19 0.034055892 
413 356 11 13 0.034011886 
444 371 13 17 0.033925988 
459 384 16 19 0.033896804 
291 407 22 27 0.0338821 
916 294 11 14 0.03375199 
244 492 39 57 0.033674695 
890 323 16 22 0.033324704 
716 329 12 14 0.033302527 
216 381 8 10 0.033194505 
599 344 8 12 0.03296939 
73 411 12 15 0.03294375 
753 412 45 47 0.03287883 
473 376 16 21 0.03273018 
758 355 12 16 0.032715674 
448 347 11 14 0.03255831 
232 390 9 11 0.03209844 
1011 338 11 16 0.03193418 
270 381 9 12 0.031893905 
802 331 13 17 0.031890847 
812 323 12 14 0.031845517 
845 462 22 27 0.031823546 
852 308 15 19 0.0318221 
83 426 11 16 0.031810973 
207 396 10 12 0.031550318 
161 393 9 10 0.03154706 
832 458 11 15 0.03148261 
671 356 20 24 0.03119067 
659 369 14 17 0.031174418 
204 415 10 12 0.031003078 
279 359 7 9 0.030759552 
531 337 13 16 0.030732442 
732 371 23 27 0.030652713 
709 305 14 16 0.030640403 
685 350 9 12 0.030582884 
733 461 40 33 0.030523973 
6 498 13 17 0.030479683 
921 365 24 31 0.030379955 
166 404 11 13 0.03037097 
966 306 11 14 0.030154208 
559 371 13 16 0.030125134 
579 417 18 25 0.03002149 
630 339 18 23 0.030020034 
460 363 12 16 0.029919017 
709 343 12 14 0.02986147 
960 253 8 10 0.029860418 
565 365 12 16 0.02973196 
399 352 12 17 0.029658226 
616 358 18 23 0.029657856 
54 417 46 53 0.02961513 
574 25 8 9 0.029577477 
470 341 20 24 0.02943886 
436 370 14 17 0.02932151 
729 308 14 17 0.029239558 
535 37 11 13 0.029066281 
365 466 28 46 0.028834326 
733 364 14 17 0.028752679 
820 315 12 17 0.028587306 
840 314 12 18 0.028581992 
368 360 11 15 0.028427431 
488 330 21 24 0.02842019 
454 100 11 13 0.028390672 
591 375 10 12 0.02837806 
638 353 11 16 0.028296148 
900 459 17 22 0.028192388 
444 325 16 20 0.02794625 
265 376 8 10 0.027912248 
191 405 9 12 0.027791435 
285 412 16 19 0.027620131 
664 349 14 17 0.027603116 
939 291 12 14 0.027443351 
6 416 22 26 0.027362153 
833 236 12 16 0.027216779 
312 383 28 35 0.027206343 
37 441 13 16 0.027088763 
1006 279 16 23 0.02698118 
190 412 9 11 0.02680021 
416 349 11 13 0.026625454 
492 346 14 16 0.026363173 
12 497 15 20 0.026291506 
704 346 18 23 0.026279414 
342 385 15 20 0.026157051 
378 377 15 21 0.026149241 
902 296 18 23 0.02606187 
868 329 14 19 0.025930062 
772 347 13 18 0.025737176 
706 316 10 14 0.025722902 
640 335 9 11 0.025669716 
360 393 14 18 0.025631271 
150 407 10 12 0.0256162 
452 340 13 17 0.02551288 
784 362 12 15 0.025478806 
569 24 9 12 0.025400996 
402 377 26 33 0.0253652 
822 384 14 18 0.025364136 
631 389 11 15 0.025338205 
614 445 12 16 0.025324885 
55 413 10 13 0.025288103 
387 331 11 14 0.025165608 
766 361 13 15 0.025161255 
688 308 10 13 0.025133887 
488 353 13 16 0.025089614 
280 399 41 50 0.025029149 
553 377 30 29 0.024975227 
952 394 41 45 0.024902357 
257 377 8 9 0.024901161 
716 390 16 21 0.024771167 
839 281 11 15 0.024686093 
975 299 11 16 0.024683233 
419 341 13 16 0.024662567 
730 400 29 32 0.024568038 
968 386 37 41 0.024524242 
621 405 21 31 0.024456669 
526 363 14 16 0.024417749 
950 302 14 20 0.024388239 
724 430 31 43 0.024370145 
694 307 10 13 0.024336236 
755 342 15 20 0.02417459 
729 388 27 31 0.024174122 
653 334 20 24 0.024164474 
79 402 21 25 0.024091953 
368 356 23 31 0.02391197 
909 245 9 10 0.02389707 
373 332 11 14 0.023814425 
829 229 11 13 0.023768133 
438 393 21 31 0.023726428 
149 275 15 18 0.0236511 
396 391 25 30 0.023599004 
144 412 12 15 0.023444949 
399 333 11 14 0.023354966 
144 284 11 15 0.023171796 
326 382 28 36 0.023137206 
284 394 21 27 0.023018353 
749 315 10 13 0.022930393 
461 340 13 15 0.022811076 
835 374 16 19 0.022777172 
10 452 23 31 0.022718858 
885 255 9 11 0.022481425 
120 390 8 11 0.022401392 
793 414 16 23 0.022283413 
881 231 7 10 0.022253575 
250 445 46 57 0.022125622 
222 394 12 15 0.022115326 
703 343 12 15 0.02207168 
213 390 11 13 0.02204257 
22 490 15 19 0.021965088 
279 385 20 23 0.021909472 
825 299 13 16 0.021900773 
615 369 21 30 0.021878535 
742 296 20 24 0.021837844 
157 276 16 20 0.021796873 
721 464 28 41 0.021723527 
613 436 11 15 0.021691965 
581 373 11 13 0.021671042 
66 479 26 34 0.02164428 
206 404 10 12 0.021635707 
190 390 10 11 0.02163006 
726 342 11 15 0.021595959 
0 426 18 27 0.021536272 
697 296 9 12 0.02150608 
95 449 17 23 0.0214998 
717 352 19 25 0.021483347 
101 444 12 17 0.021467747 
684 402 12 16 0.02146547 
845 272 10 13 0.021454275 
734 301 11 14 0.0214389 
200 419 11 13 0.021435149 
51 431 20 27 0.021376397 
551 393 31 34 0.021349182 
547 414 34 35 0.021341076 
387 393 14 20 0.021296006 
380 317 21 27 0.021232711 
13 490 13 18 0.021171449 
1001 212 10 13 0.02095606 
779 307 14 17 0.020907033 
653 379 12 17 0.020823501 
315 379 14 19 0.020798381 
790 301 11 15 0.020781832 
592 24 7 9 0.020775035 
957 261 9 12 0.020748189 
538 358 15 19 0.02068289 
-5 186 47 73 0.020667838 
96 484 30 41 0.020646824 
693 316 9 13 0.020552943 
369 325 24 29 0.020526536 
714 433 23 36 0.02052172 
438 328 15 18 0.0205183 
668 323 10 14 0.02034778 
451 366 20 26 0.020296974 
286 368 7 10 0.020283729 
438 387 16 22 0.02028178 
13 420 13 16 0.020256646 
521 333 19 24 0.020176739 
766 346 13 18 0.020159282 
455 351 21 25 0.02011337 
7 495 26 32 0.020037875 
111 433 11 14 0.020002268 
