8_Election_Campain_Election_Campaign_8_269
44
387 201 244 316 0.9999219 
491 1452 16 20 0.088412575 
172 1189 85 64 0.08287371 
627 1305 13 17 0.06696369 
579 1421 13 17 0.059738223 
580 1100 15 20 0.059713334 
493 1322 13 15 0.056590572 
524 1330 13 15 0.047565907 
484 1348 12 17 0.04237636 
519 1294 12 15 0.03937629 
508 1021 15 19 0.038613524 
520 1010 12 16 0.03832365 
180 1171 119 105 0.036007114 
554 1390 14 17 0.035831686 
525 1041 14 19 0.034750823 
519 1329 13 17 0.03346733 
502 1365 13 14 0.032099225 
550 955 13 16 0.031632338 
487 1325 11 15 0.03087384 
484 1169 12 16 0.030168764 
607 1038 14 19 0.029618537 
551 998 12 15 0.029500991 
550 1303 20 29 0.028243748 
599 966 15 20 0.027491018 
481 1296 14 18 0.026941365 
588 1103 15 19 0.026907098 
586 1298 17 19 0.0267116 
565 1348 13 18 0.026468601 
495 1365 11 15 0.026394634 
547 1001 13 18 0.0261157 
629 1449 22 27 0.02607651 
500 1371 16 18 0.026000958 
556 994 12 16 0.025505928 
154 1149 202 202 0.02471782 
509 1390 11 14 0.0243261 
543 1021 13 17 0.023422949 
551 1294 13 16 0.023080166 
575 1152 15 20 0.022426415 
644 1374 16 20 0.022067815 
427 1074 393 486 0.021960963 
555 1427 13 18 0.021582382 
559 1371 14 17 0.02143527 
525 1413 12 15 0.020372845 
526 1374 13 14 0.020312406 
