8_Election_Campain_Election_Campaign_8_157
170
163 420 33 45 0.9993456 
268 441 21 25 0.9826612 
219 456 21 27 0.9654579 
-1 471 20 30 0.954798 
326 460 23 36 0.93446344 
805 461 12 16 0.70883083 
726 415 17 21 0.69629896 
405 460 13 18 0.4574974 
645 443 12 15 0.37513575 
333 433 13 15 0.32540482 
1004 340 15 22 0.22060613 
630 424 13 14 0.21345788 
766 439 23 31 0.19382544 
585 547 18 20 0.17217223 
686 451 14 18 0.16256955 
606 464 15 20 0.15711462 
921 448 8 9 0.15704073 
583 450 22 30 0.14473435 
894 389 9 11 0.14295709 
583 403 13 16 0.13680735 
666 441 14 21 0.13330568 
662 438 13 19 0.123185195 
906 441 7 10 0.12241552 
653 441 12 18 0.10702221 
920 262 17 20 0.10681937 
612 461 12 16 0.10200041 
774 360 8 11 0.09510083 
854 436 11 15 0.09260823 
792 370 10 13 0.08330846 
991 306 11 13 0.079529904 
536 446 9 13 0.079107925 
820 453 10 13 0.07648804 
360 266 12 15 0.074060336 
309 460 26 31 0.0730888 
903 452 11 13 0.07196376 
464 395 13 18 0.07169726 
434 440 25 30 0.0716333 
685 443 14 18 0.07067566 
830 463 9 12 0.06802945 
894 448 7 10 0.06568383 
890 447 8 11 0.064950585 
874 351 9 11 0.06298893 
447 275 11 14 0.06279065 
702 421 9 10 0.06247967 
951 386 11 14 0.06247229 
503 464 13 18 0.060993582 
690 457 14 16 0.06094558 
909 446 9 11 0.058812637 
810 460 11 14 0.05836384 
946 253 10 12 0.056416884 
617 483 11 17 0.055146154 
958 448 11 12 0.05438914 
832 437 11 15 0.053749423 
662 489 14 20 0.05305096 
830 113 31 38 0.05103535 
915 247 25 29 0.047374886 
932 236 10 13 0.04543752 
338 433 13 18 0.044757027 
816 454 10 14 0.04438994 
594 458 21 28 0.042656623 
909 452 11 13 0.04210753 
358 273 13 15 0.040783353 
678 441 14 18 0.04073646 
399 463 14 19 0.040566 
826 185 19 35 0.03994492 
790 450 13 17 0.03906989 
693 438 11 14 0.0384993 
799 306 12 16 0.038215984 
919 250 15 18 0.037955545 
887 342 9 10 0.037888084 
438 449 24 34 0.037717465 
797 452 14 18 0.037289176 
734 441 16 19 0.037123986 
397 474 11 16 0.037090708 
719 453 13 17 0.036245123 
655 430 9 13 0.03572064 
894 397 8 10 0.035629887 
940 437 10 12 0.035166755 
851 323 12 17 0.034521177 
572 415 10 12 0.034272738 
405 449 20 28 0.034081254 
772 453 16 19 0.033293173 
230 540 20 30 0.033237725 
559 457 14 20 0.033177875 
557 451 25 31 0.033148136 
951 454 11 12 0.032964945 
612 474 14 19 0.03280669 
769 364 8 10 0.032770857 
461 413 12 16 0.03260518 
508 439 10 13 0.032542303 
639 438 11 15 0.032456577 
759 376 8 10 0.03214324 
617 438 16 20 0.031896237 
562 437 38 47 0.031844713 
625 348 10 12 0.031810474 
680 451 12 16 0.031681374 
936 445 11 13 0.031426407 
653 327 13 17 0.031403944 
885 410 10 13 0.031194497 
623 425 15 18 0.031177659 
822 461 11 13 0.031172948 
530 503 39 53 0.03087499 
895 453 9 10 0.03048983 
589 440 22 32 0.03031552 
811 315 14 18 0.030205477 
56 607 9 12 0.02975084 
662 360 15 19 0.028875694 
985 300 10 12 0.028072616 
863 455 11 12 0.02787255 
687 432 8 11 0.027820446 
556 438 10 15 0.027561078 
502 441 13 18 0.02747922 
822 447 11 14 0.02743563 
105 527 23 30 0.026904462 
774 323 9 13 0.026466401 
477 440 14 16 0.02636753 
912 236 26 28 0.026326546 
465 459 24 27 0.02628997 
863 470 11 12 0.0259916 
900 388 10 12 0.025722902 
890 384 9 13 0.02559726 
800 464 13 15 0.025450483 
832 432 10 12 0.024950158 
777 447 16 21 0.024914885 
832 338 12 17 0.024821408 
1004 445 12 16 0.02468298 
801 310 25 30 0.024589198 
489 449 22 29 0.024494426 
943 389 13 16 0.02405006 
574 443 13 16 0.023905136 
829 454 11 13 0.023577187 
233 524 22 33 0.023415724 
449 463 14 20 0.023356078 
672 471 10 12 0.02334671 
846 309 21 33 0.023088114 
574 450 16 22 0.023011202 
726 444 12 16 0.02286876 
547 441 22 30 0.022828726 
764 340 10 14 0.022772634 
832 308 10 13 0.022744896 
503 432 10 11 0.022678953 
570 366 215 213 0.022660924 
944 455 10 11 0.022182085 
455 389 21 27 0.022099279 
849 470 8 12 0.021969672 
680 458 12 16 0.021958236 
917 333 13 14 0.021938164 
805 313 15 19 0.021734182 
479 455 24 29 0.021731175 
236 559 13 18 0.021720452 
793 301 42 50 0.021700295 
349 442 12 17 0.021324689 
766 324 10 13 0.021265607 
789 340 11 15 0.021239808 
537 449 13 17 0.021192685 
867 459 11 13 0.021159338 
597 471 16 20 0.021098448 
616 398 11 15 0.021038601 
614 482 20 29 0.021008946 
732 408 12 14 0.020937027 
543 352 12 16 0.020853503 
676 470 11 13 0.020841505 
889 439 7 10 0.020618519 
519 292 9 12 0.020572487 
760 324 9 12 0.020453637 
343 430 22 29 0.02040851 
342 440 12 16 0.02029936 
944 460 10 13 0.020256652 
781 326 8 12 0.020217327 
549 484 11 13 0.020156557 
