8_Election_Campain_Election_Campaign_8_148
469
243 370 102 126 0.9998474 
812 287 67 77 0.999345 
676 254 62 69 0.9991615 
626 348 89 111 0.9990596 
888 422 70 82 0.9986033 
965 295 59 76 0.9985281 
428 293 83 107 0.9980673 
733 259 65 78 0.99777156 
2 208 69 94 0.99760216 
502 212 55 65 0.9973502 
719 440 103 154 0.9971675 
571 319 71 88 0.99715924 
426 228 57 65 0.9965264 
373 120 15 20 0.9960783 
585 189 43 55 0.99479717 
194 113 25 31 0.99400395 
316 273 73 95 0.99377453 
128 84 27 33 0.99362224 
478 149 28 33 0.9932074 
504 284 63 98 0.9730367 
861 493 82 109 0.9595988 
93 205 50 59 0.9580899 
481 112 16 21 0.9401802 
0 377 64 124 0.9369686 
753 101 10 12 0.93387365 
614 134 16 20 0.93348926 
726 131 16 19 0.89872205 
510 152 20 26 0.89796436 
170 96 20 25 0.8839355 
321 98 20 28 0.87990916 
552 120 15 20 0.87524265 
754 219 32 36 0.87102515 
637 179 23 27 0.8705938 
996 142 15 21 0.8570637 
7 8 14 18 0.84299046 
660 108 10 13 0.7716643 
36 11 12 15 0.73737437 
766 117 10 13 0.7138654 
495 148 26 32 0.66541535 
800 125 10 13 0.63576424 
807 98 10 14 0.62965393 
225 103 18 22 0.6149685 
248 287 56 67 0.5801817 
650 86 9 12 0.5654667 
781 100 10 12 0.55925035 
566 150 18 22 0.53836745 
301 70 9 12 0.52635723 
903 598 90 110 0.5147593 
596 156 25 29 0.5146658 
379 245 52 69 0.5118007 
846 124 13 18 0.49607828 
685 91 10 13 0.48926258 
659 148 13 17 0.487275 
687 121 12 15 0.4715478 
324 93 15 21 0.37912458 
908 248 29 36 0.34348887 
704 124 11 14 0.33808148 
889 124 18 21 0.3372772 
557 73 9 11 0.3284803 
838 129 15 18 0.31904224 
232 55 10 13 0.3114217 
706 116 13 16 0.28641808 
682 87 9 12 0.278128 
212 55 9 12 0.2710299 
271 66 12 16 0.25787854 
928 180 19 30 0.25397366 
268 76 11 15 0.25323617 
590 102 11 15 0.24597357 
505 95 9 11 0.24031721 
820 130 12 18 0.2314119 
422 247 66 87 0.21941045 
85 470 38 59 0.2172472 
373 135 12 17 0.20291632 
93 14 10 12 0.19163439 
317 30 10 13 0.18922606 
703 98 10 12 0.18553501 
823 110 12 16 0.18267055 
666 86 8 11 0.17896672 
269 199 13 17 0.17184564 
339 180 16 19 0.16975854 
520 70 8 10 0.16812484 
487 86 8 12 0.16625957 
495 71 8 11 0.16387267 
159 10 9 12 0.16377695 
117 26 11 14 0.16255666 
949 146 16 20 0.16029508 
755 130 11 15 0.15732111 
340 44 11 13 0.15648898 
67 2 13 16 0.14652523 
758 125 11 15 0.1461324 
343 132 21 24 0.14583974 
301 163 12 16 0.14133473 
275 243 15 17 0.13732578 
630 101 9 11 0.13594598 
884 540 96 123 0.13453802 
393 505 88 118 0.12589696 
489 72 8 10 0.12583418 
604 87 8 10 0.123540804 
153 265 54 89 0.12317337 
288 36 9 11 0.12277093 
179 96 22 27 0.12099681 
735 104 10 12 0.120064385 
630 96 9 12 0.12004941 
900 245 26 31 0.116207905 
302 64 9 12 0.11454005 
554 76 9 11 0.112037726 
951 299 28 43 0.11088628 
921 162 15 22 0.10868374 
246 84 13 17 0.106354736 
931 138 14 19 0.103361264 
337 184 23 26 0.100540005 
898 124 16 20 0.096782774 
836 192 30 43 0.09627608 
270 7 11 13 0.0924745 
727 78 8 11 0.09073596 
615 102 9 12 0.0888774 
589 94 8 11 0.08861764 
790 162 13 17 0.08808669 
585 93 8 11 0.08799081 
629 107 10 13 0.087531656 
996 182 11 16 0.084840015 
153 10 10 13 0.08325348 
621 86 8 10 0.081814334 
700 163 16 19 0.07946327 
36 124 19 25 0.07887428 
836 507 66 94 0.07855238 
139 15 13 15 0.07839931 
186 103 24 29 0.077546805 
728 220 31 34 0.07718498 
188 75 15 19 0.07606607 
588 522 49 57 0.07587135 
366 137 12 16 0.07569463 
270 22 8 10 0.075270385 
635 77 8 11 0.0742391 
876 155 19 23 0.074017115 
550 102 11 13 0.07361728 
54 0 15 18 0.073478244 
464 62 10 11 0.072726965 
939 140 13 18 0.072036594 
656 104 12 15 0.07094328 
897 256 29 39 0.070477895 
923 263 16 22 0.07005627 
734 87 10 12 0.0694824 
617 87 8 10 0.06918018 
44 565 43 59 0.06902501 
810 95 11 13 0.0673763 
704 110 13 15 0.067212485 
751 84 9 11 0.067051284 
114 22 11 14 0.06624775 
678 122 12 16 0.06465032 
190 7 9 11 0.06453543 
221 294 66 87 0.0640947 
936 184 20 30 0.064035505 
255 645 131 130 0.06304925 
520 152 15 22 0.062619545 
278 165 10 13 0.06252394 
924 164 24 34 0.061517723 
528 84 11 15 0.06130827 
212 103 21 28 0.06125393 
624 103 9 11 0.06089491 
24 54 10 14 0.060571976 
61 64 15 22 0.059510797 
166 13 9 12 0.059355848 
704 86 8 10 0.058381956 
891 234 26 31 0.05834119 
743 78 10 11 0.058233604 
355 133 14 17 0.0579955 
707 129 14 17 0.05733843 
294 15 8 10 0.05712282 
987 215 22 29 0.056636833 
261 30 8 11 0.05591847 
597 108 9 12 0.055756226 
356 251 58 76 0.055447873 
396 184 42 47 0.055284303 
1010 419 14 29 0.05514818 
729 94 10 13 0.055052444 
624 107 11 14 0.054929197 
247 37 9 13 0.05364504 
987 692 40 62 0.052755732 
654 81 9 11 0.052684385 
297 63 9 13 0.052245397 
158 576 55 66 0.052086677 
575 100 10 14 0.05093722 
233 322 103 121 0.050474163 
756 165 15 19 0.050297733 
17 547 42 68 0.049836725 
187 93 16 20 0.04982379 
647 81 10 12 0.049603283 
772 468 102 121 0.049081758 
584 105 13 17 0.048879415 
577 95 8 11 0.048308734 
942 144 15 19 0.048138086 
851 121 13 18 0.047610905 
482 86 9 11 0.04747268 
388 137 12 14 0.04719689 
29 51 11 15 0.046989128 
517 77 9 11 0.046939358 
756 96 9 13 0.046596333 
845 196 15 22 0.04657742 
663 81 10 12 0.046458475 
391 229 69 91 0.045158274 
598 79 9 11 0.0450686 
726 64 9 11 0.045006882 
216 99 14 20 0.044708572 
266 188 21 31 0.044661503 
651 89 11 14 0.04400565 
743 85 11 12 0.043524828 
47 4 12 16 0.04341712 
650 363 97 132 0.043133046 
310 63 8 11 0.043023292 
887 226 23 29 0.042525157 
696 80 9 12 0.04249345 
397 134 14 15 0.042487632 
293 280 57 70 0.042460006 
885 117 15 20 0.042233907 
313 36 10 12 0.04217674 
434 148 15 20 0.042072754 
233 108 16 21 0.04191372 
772 115 10 13 0.04143368 
657 113 11 15 0.04110648 
830 130 13 19 0.040864516 
816 125 11 17 0.04042207 
265 24 8 10 0.040391266 
404 138 13 14 0.03966584 
781 105 11 15 0.03937952 
43 10 12 15 0.039085384 
788 52 10 13 0.038782492 
776 109 9 13 0.03873474 
69 93 9 13 0.038475312 
270 293 41 45 0.03835089 
876 451 83 104 0.037926532 
294 74 11 13 0.037830327 
406 148 15 18 0.037820186 
934 559 71 96 0.037531737 
226 60 11 13 0.037497 
208 59 11 12 0.03736618 
144 58 12 16 0.037190087 
331 149 12 17 0.037124716 
87 19 11 14 0.037035335 
655 48 8 10 0.037000235 
696 403 103 141 0.036858283 
609 155 15 19 0.036690254 
701 67 10 12 0.036472496 
673 124 11 14 0.035896584 
630 62 8 10 0.035696056 
725 115 14 18 0.035548955 
533 81 9 11 0.03508901 
778 274 65 82 0.03506349 
1 533 38 78 0.035060663 
644 67 10 13 0.03488235 
224 31 9 11 0.034852188 
577 87 7 9 0.034732215 
192 30 9 11 0.03419869 
721 64 9 12 0.034191668 
502 70 8 10 0.03414586 
614 95 9 11 0.034066815 
484 104 13 16 0.034004327 
663 90 11 14 0.03398012 
250 89 13 17 0.033892456 
742 71 9 10 0.033714984 
951 175 25 30 0.03367935 
996 129 22 28 0.033670995 
125 12 11 15 0.03352548 
118 14 13 16 0.033382367 
598 71 10 12 0.033339415 
112 60 11 14 0.03323162 
310 263 52 64 0.03293527 
962 183 17 21 0.032544464 
950 534 61 77 0.032528397 
276 175 16 21 0.032183897 
750 97 16 22 0.032028347 
577 502 46 58 0.03190746 
879 165 24 35 0.031879086 
752 202 28 36 0.031515013 
720 134 15 20 0.031385183 
727 110 11 14 0.03133862 
283 145 13 17 0.031274293 
525 69 8 10 0.031259187 
263 108 12 18 0.031230677 
913 233 25 34 0.03118487 
134 413 32 45 0.031083953 
670 92 10 12 0.031007376 
264 80 13 16 0.030921344 
821 103 12 15 0.03077572 
358 553 95 151 0.030702878 
606 92 10 12 0.03063076 
655 142 14 18 0.030544298 
757 86 8 10 0.030448966 
706 167 15 20 0.030292306 
778 96 10 13 0.030096257 
625 95 9 11 0.029999712 
701 80 10 12 0.02997659 
65 26 10 15 0.02986066 
304 57 8 12 0.029807743 
61 87 15 18 0.029764518 
0 83 7 15 0.02962871 
148 20 13 15 0.029544989 
716 120 19 25 0.029497612 
584 89 8 10 0.02944601 
227 12 10 14 0.029356228 
144 90 17 21 0.029342616 
697 64 8 11 0.029229548 
324 30 9 12 0.029096501 
341 157 10 13 0.028959744 
736 64 9 11 0.028797893 
50 593 47 62 0.0287929 
69 8 12 16 0.0287113 
310 68 9 12 0.028688056 
561 237 15 19 0.028675921 
235 59 11 13 0.028672025 
759 138 10 14 0.028664118 
829 251 36 37 0.028561128 
277 75 11 16 0.028553497 
184 284 71 104 0.028484011 
923 150 23 31 0.028481286 
313 24 10 13 0.028210921 
232 49 9 12 0.028128752 
794 126 10 12 0.028101096 
732 224 19 21 0.028057124 
279 157 12 15 0.02805624 
316 68 10 12 0.02797221 
633 72 8 11 0.02783539 
397 201 47 55 0.02781775 
505 89 8 10 0.027792595 
304 40 8 10 0.027620057 
944 192 16 22 0.02739798 
803 119 12 16 0.027393444 
734 78 11 12 0.027313057 
56 69 13 18 0.027243083 
137 205 25 45 0.02720804 
262 48 7 10 0.027007448 
336 38 19 24 0.026892882 
910 216 13 17 0.026885824 
757 79 8 10 0.02685861 
149 264 37 53 0.026484331 
534 712 17 21 0.026346495 
93 5 12 15 0.02628667 
803 128 12 16 0.026284259 
984 117 37 50 0.026256958 
248 33 8 11 0.02624967 
720 77 9 12 0.02615599 
288 62 11 12 0.02609297 
899 1 12 12 0.025950799 
492 86 9 12 0.025944555 
699 97 21 26 0.025865545 
630 43 10 13 0.02577483 
639 70 9 12 0.025756609 
622 80 9 11 0.025705548 
92 110 16 19 0.025646131 
896 307 42 52 0.025514085 
604 78 9 11 0.025492933 
516 141 16 21 0.025343163 
274 5 11 13 0.025337787 
743 102 10 12 0.025194256 
681 81 8 11 0.025182834 
637 140 12 17 0.02515721 
687 79 9 12 0.0250994 
47 93 10 12 0.025012242 
817 78 11 12 0.024974484 
615 105 11 14 0.024950355 
656 51 9 12 0.024821224 
346 173 14 17 0.024818389 
667 151 15 19 0.024790227 
469 68 10 12 0.024681775 
101 -1 16 14 0.024626689 
0 9 13 19 0.02455788 
265 7 10 12 0.024457015 
794 157 14 19 0.024438193 
741 64 9 11 0.024436671 
199 100 23 33 0.024429511 
100 21 10 13 0.024334049 
185 40 7 10 0.024311373 
116 34 12 15 0.024209257 
481 71 8 11 0.024124611 
238 69 11 14 0.024098536 
223 22 9 10 0.02408541 
550 108 14 18 0.024064975 
777 75 9 11 0.023922259 
752 170 16 20 0.023859715 
67 22 11 14 0.023828613 
369 211 18 21 0.023765564 
494 55 8 9 0.023617564 
347 43 12 15 0.02360778 
772 186 13 16 0.023480134 
783 169 15 17 0.023413653 
954 143 22 27 0.023334034 
646 148 12 16 0.023260355 
96 411 31 39 0.02317745 
774 132 10 14 0.022993732 
655 122 10 14 0.022978393 
141 24 12 15 0.022944188 
757 108 10 13 0.022930251 
308 84 11 16 0.022925237 
448 237 62 70 0.02292381 
304 97 12 17 0.022912633 
293 32 8 10 0.022887792 
756 211 18 22 0.022846006 
195 81 12 17 0.022841046 
407 178 32 33 0.022646219 
989 246 17 22 0.02261054 
15 116 10 12 0.022603849 
150 137 24 37 0.022578627 
509 99 9 13 0.022543125 
782 73 9 10 0.022508657 
887 16 14 17 0.022477947 
261 53 9 11 0.022466565 
544 91 10 14 0.022450712 
459 159 22 29 0.022354323 
511 109 10 15 0.022323621 
346 126 16 19 0.022292284 
815 85 11 12 0.022250017 
892 179 17 27 0.022223787 
938 146 22 29 0.022217521 
655 133 10 14 0.022203805 
597 80 20 24 0.022202821 
457 534 46 66 0.02205895 
333 620 98 131 0.022037935 
358 155 10 12 0.022026291 
257 48 8 11 0.021996822 
174 21 8 11 0.021970928 
649 47 9 10 0.021962339 
688 70 9 11 0.021927597 
760 149 11 16 0.021925839 
890 333 46 56 0.021862527 
53 88 14 18 0.021827161 
532 89 11 16 0.021810733 
977 203 25 33 0.021804227 
191 35 8 12 0.021750387 
266 12 10 13 0.021703543 
314 67 108 126 0.021668611 
335 50 12 15 0.021634208 
288 69 11 14 0.021587554 
910 95 23 30 0.021579362 
920 142 21 28 0.021556325 
668 79 11 13 0.021554127 
286 76 12 16 0.021507902 
223 36 9 12 0.021470472 
495 94 8 11 0.021453938 
762 113 18 23 0.02145109 
694 95 9 12 0.021424381 
19 10 14 18 0.021322448 
489 66 7 9 0.021272236 
388 188 12 17 0.021207081 
235 95 21 26 0.021201544 
95 0 11 11 0.021043397 
22 117 10 13 0.021011706 
478 235 62 71 0.020944325 
49 0 12 13 0.020928606 
55 69 23 32 0.020914791 
736 212 41 46 0.0208656 
794 131 11 14 0.020808434 
1003 405 23 47 0.020790402 
257 53 8 11 0.020773271 
71 187 52 69 0.020582588 
270 29 8 11 0.020467728 
640 83 9 12 0.020449873 
256 24 8 10 0.020438995 
238 47 10 12 0.020405242 
356 147 12 15 0.020339418 
553 67 18 23 0.02030487 
255 35 10 12 0.020216553 
561 39 8 9 0.020187149 
856 154 22 32 0.020167818 
0 54 8 15 0.02013972 
716 115 13 19 0.020094685 
375 236 37 47 0.0200929 
681 86 18 23 0.020091025 
297 64 17 23 0.020070378 
35 50 13 16 0.020049704 
