20_Family_Group_Family_Group_20_447
17
507 367 258 245 0.9997973 
215 305 260 240 0.9993316 
399 517 153 190 0.99914765 
190 109 222 191 0.98612344 
429 74 203 217 0.95864314 
643 229 190 162 0.91688925 
469 460 178 223 0.69470793 
589 335 225 193 0.52628386 
56 204 436 395 0.10896366 
221 180 232 224 0.06375307 
338 420 178 205 0.046106216 
133 41 353 357 0.0427121 
274 152 358 468 0.029783098 
513 105 205 230 0.029318823 
684 251 104 87 0.028199784 
-38 362 465 418 0.026594685 
599 311 318 394 0.02464968 
