20_Family_Group_Family_Group_20_360
24
534 260 65 82 0.99951625 
486 310 53 65 0.9992072 
730 270 71 90 0.99874395 
391 225 56 70 0.9969367 
425 413 35 48 0.066734806 
190 23 10 12 0.06458166 
234 78 16 20 0.05518039 
182 20 12 14 0.051104464 
157 22 11 13 0.03863166 
154 64 13 16 0.038041826 
328 117 40 46 0.037501708 
177 20 10 12 0.037488174 
596 281 14 22 0.028868482 
166 389 9 12 0.027777871 
197 46 14 16 0.026721831 
182 28 11 14 0.026568376 
258 0 19 18 0.026539301 
179 35 11 13 0.024568249 
161 40 9 12 0.024477253 
270 162 15 21 0.023423556 
207 312 8 9 0.022853242 
235 100 13 18 0.021531975 
132 70 14 17 0.021429481 
259 80 14 16 0.020936424 
