20_Family_Group_Family_Group_20_64
63
172 307 52 63 0.999858 
177 436 54 65 0.99963295 
652 122 53 68 0.9996184 
487 166 51 65 0.99960583 
718 325 58 76 0.99955124 
309 320 63 83 0.99917173 
761 488 69 87 0.999003 
464 318 61 84 0.998767 
614 390 72 95 0.9987447 
754 280 52 63 0.9985152 
50 132 54 68 0.9983101 
5 374 62 71 0.99814093 
886 311 51 60 0.9980147 
277 27 39 50 0.9968656 
342 278 49 59 0.9949596 
251 181 39 44 0.9946578 
798 54 44 52 0.9938599 
611 322 48 56 0.99263155 
318 164 45 51 0.99176323 
152 232 43 48 0.9889516 
541 169 43 52 0.9692681 
849 478 52 58 0.93043 
980 204 25 42 0.80684525 
961 221 29 40 0.6060173 
324 303 58 74 0.37927395 
456 186 28 37 0.3368888 
994 212 22 33 0.30206752 
238 440 54 68 0.247734 
1005 219 17 25 0.21120825 
663 257 22 29 0.11216452 
414 312 40 56 0.09039277 
840 330 43 56 0.07686249 
563 341 47 53 0.073933855 
125 392 39 63 0.059762266 
803 304 26 37 0.058599133 
190 233 32 43 0.052807916 
530 185 41 48 0.05203839 
221 271 40 52 0.04986595 
406 264 10 12 0.048399404 
432 311 44 62 0.048104957 
948 455 33 42 0.047072466 
947 337 27 33 0.04516202 
174 236 36 43 0.0403026 
935 286 39 51 0.038412556 
631 320 36 43 0.037656404 
287 264 41 53 0.035594124 
652 333 18 23 0.035153095 
321 75 28 34 0.032168426 
93 255 38 49 0.031236766 
749 161 43 61 0.030792395 
396 305 22 30 0.030397123 
897 372 41 60 0.029839985 
933 319 40 56 0.026804436 
798 398 28 38 0.025430804 
125 429 42 59 0.024992269 
545 355 49 61 0.022801414 
901 417 39 56 0.022402778 
222 381 41 45 0.022177164 
838 493 38 43 0.020998364 
213 223 36 46 0.020966936 
143 424 41 58 0.020099096 
700 669 29 25 0.020027578 
971 231 30 40 0.020015743 
