20_Family_Group_Family_Group_20_27
28
521 45 61 73 0.997962 
713 232 62 80 0.9976573 
907 328 63 93 0.99670047 
784 188 74 100 0.9950113 
179 140 77 102 0.9942204 
300 151 72 96 0.98875016 
595 316 74 97 0.9883604 
328 383 71 102 0.9815555 
445 221 26 31 0.22674403 
737 205 70 104 0.17030917 
20 413 63 53 0.14386916 
282 385 92 112 0.12520185 
248 394 82 113 0.05991814 
457 225 20 26 0.056682557 
491 43 39 56 0.048833013 
8 383 95 90 0.041802973 
353 414 42 61 0.03891062 
26 436 45 43 0.035891753 
475 373 51 88 0.0312017 
880 338 50 77 0.030190125 
357 346 104 144 0.02956088 
889 531 34 49 0.025372574 
359 168 46 67 0.024339462 
637 326 52 73 0.023540067 
578 36 16 19 0.022918558 
503 36 50 66 0.02280339 
535 302 89 120 0.021893784 
379 170 44 62 0.02075238 
