20_Family_Group_Family_Group_20_702
29
658 236 73 96 0.99737763 
278 231 73 92 0.99716526 
514 389 60 70 0.9967572 
753 334 63 77 0.99607533 
308 590 56 66 0.79549986 
159 489 37 37 0.7505562 
342 535 105 97 0.26365903 
9 317 50 70 0.20860773 
438 438 17 20 0.15929498 
315 561 84 94 0.08823342 
120 8 10 11 0.054730587 
366 529 100 61 0.05365091 
93 103 9 13 0.04272963 
78 20 9 12 0.033340096 
748 433 59 74 0.029245203 
403 623 32 36 0.02785155 
84 583 23 31 0.027320985 
419 633 15 18 0.027290875 
101 8 9 10 0.025539763 
18 396 36 34 0.025006209 
125 7 11 12 0.024838297 
370 597 59 72 0.024228597 
74 16 10 12 0.024210945 
144 5 10 11 0.022077827 
119 12 9 11 0.021508344 
96 7 8 9 0.021332651 
391 625 30 38 0.021237724 
104 78 10 12 0.021064423 
80 71 10 13 0.020038633 
