20_Family_Group_Family_Group_20_759
49
760 228 51 63 0.99891615 
103 251 50 65 0.9984761 
798 101 45 58 0.9932555 
360 67 45 58 0.9923488 
574 297 43 56 0.98936355 
445 307 41 53 0.9892264 
659 118 42 56 0.9881692 
501 82 40 53 0.9821878 
307 289 55 67 0.98111546 
601 379 42 49 0.98042446 
220 158 42 53 0.9771969 
101 104 42 56 0.9757293 
525 293 28 37 0.6825807 
442 411 15 19 0.4306674 
283 629 45 60 0.32782614 
814 462 26 29 0.23320098 
623 311 39 52 0.11850004 
971 472 42 59 0.1118258 
553 323 24 33 0.08537544 
641 275 27 32 0.07735015 
738 444 17 22 0.06669074 
71 476 84 61 0.058994118 
267 317 42 59 0.05355505 
538 366 423 485 0.051435515 
668 458 16 22 0.04862559 
792 433 25 28 0.04481211 
305 633 33 39 0.040477987 
512 294 33 51 0.038338427 
845 419 29 34 0.037951592 
608 359 43 57 0.036765125 
661 460 17 24 0.035236206 
632 292 41 53 0.0342513 
633 326 39 57 0.032744523 
476 440 29 34 0.031153023 
430 557 37 39 0.029348737 
637 283 15 20 0.028504005 
659 267 17 20 0.027988134 
529 478 16 20 0.026385734 
524 287 20 26 0.025996808 
556 467 13 17 0.024573887 
570 475 16 19 0.022997942 
488 449 17 20 0.022511384 
601 306 32 44 0.021784896 
64 458 128 103 0.021586834 
374 612 35 39 0.021213822 
322 731 28 29 0.02098836 
426 431 13 14 0.020854536 
549 452 12 15 0.020766435 
525 444 11 11 0.020211201 
