20_Family_Group_Family_Group_20_374
328
628 802 201 243 0.99958605 
86 345 335 452 0.9984315 
504 13 274 388 0.99737215 
583 1126 136 157 0.9968291 
75 1213 14 17 0.6684264 
154 1159 16 18 0.66203684 
116 1111 13 16 0.5683863 
445 1105 13 18 0.55756915 
236 1119 17 21 0.54975253 
30 1316 12 16 0.54412764 
111 1157 17 20 0.5354325 
374 1246 13 15 0.5082987 
405 1123 12 16 0.4665863 
28 1234 13 16 0.38978866 
247 1241 14 19 0.38487217 
53 1073 12 15 0.35950473 
71 1109 12 17 0.35513803 
439 1153 14 18 0.34797394 
111 1179 16 19 0.335555 
470 104 135 192 0.33361408 
380 1074 13 16 0.30926725 
465 47 103 167 0.30025864 
319 1234 12 17 0.29855382 
92 1270 13 17 0.28870818 
392 1149 13 17 0.28771275 
161 1112 17 20 0.28064632 
95 1053 14 17 0.2712895 
233 299 362 467 0.25907627 
99 1198 14 18 0.2588678 
48 1231 13 17 0.24359298 
70 1170 13 16 0.24260388 
135 1099 13 17 0.24156497 
242 1270 17 21 0.24121338 
270 1252 14 17 0.23870397 
19 1130 13 18 0.23703921 
70 1296 14 17 0.22024769 
465 72 477 575 0.21756144 
229 1247 13 16 0.21572848 
442 54 224 294 0.21547516 
204 1247 13 17 0.2142611 
47 1049 13 16 0.20904043 
367 1118 14 17 0.20839569 
319 1103 13 17 0.20412071 
46 1287 13 16 0.20064929 
355 1312 22 29 0.1693209 
341 1082 17 19 0.16792566 
80 1195 12 14 0.16555348 
172 1081 19 22 0.16429143 
147 1246 16 19 0.16415732 
462 1110 12 17 0.16006951 
93 1231 14 17 0.15998527 
13 1091 12 15 0.15963247 
285 1272 14 16 0.15202227 
345 1114 14 18 0.1485838 
430 1257 12 15 0.14405689 
31 1267 12 17 0.14275214 
173 1230 13 16 0.1362156 
13 1174 12 15 0.13474786 
63 1049 12 16 0.1317351 
25 1187 11 15 0.12559678 
306 1146 14 18 0.11999029 
395 1319 15 17 0.11954292 
374 1139 12 16 0.1171871 
115 1135 15 19 0.11315532 
53 1308 12 15 0.1128141 
53 1215 12 14 0.108874805 
55 1126 12 15 0.10859296 
363 1275 15 17 0.10834992 
594 157 36 47 0.104780704 
131 1220 17 20 0.10355855 
43 1140 11 14 0.10025597 
222 1175 14 17 0.10008638 
351 1147 12 16 0.097621374 
125 1255 16 18 0.09632737 
311 1268 13 18 0.096220806 
267 1287 13 16 0.09473054 
119 1091 11 15 0.09471053 
37 1197 13 17 0.091196805 
32 1090 11 14 0.090092376 
3 1115 14 18 0.086363375 
42 1183 11 14 0.08549453 
86 1078 13 17 0.08345656 
30 1024 13 16 0.08251409 
0 1210 8 14 0.08248281 
383 1193 13 16 0.080641344 
377 1097 13 16 0.080091186 
480 1133 13 17 0.07583005 
360 1179 13 17 0.07570743 
404 1074 12 15 0.07501777 
33 1071 10 14 0.074496806 
414 1262 11 15 0.07374045 
261 1194 13 17 0.07212382 
1 1065 10 15 0.07171911 
332 1197 12 15 0.07156851 
70 1258 14 16 0.07058435 
120 1058 12 14 0.070538685 
274 1220 13 16 0.07040802 
266 1129 13 16 0.070176825 
94 1297 12 16 0.06971471 
421 1161 14 18 0.06800585 
352 1301 13 17 0.067836754 
111 1143 20 23 0.066733 
447 1072 12 16 0.06637088 
377 1219 14 16 0.06624663 
92 123 361 469 0.066054225 
291 1242 13 17 0.06494637 
68 1144 14 18 0.06472004 
190 1204 13 16 0.063786656 
46 1091 12 15 0.06303682 
300 1198 12 15 0.06255871 
375 1303 12 16 0.06253885 
31 1112 11 15 0.06232733 
197 1143 14 17 0.060769297 
5 1237 10 15 0.058743678 
172 1268 14 16 0.058252674 
101 1145 13 18 0.05765011 
217 1219 14 15 0.05724004 
350 1241 13 15 0.056820173 
76 1254 12 16 0.05655536 
551 1214 16 21 0.055846944 
434 1179 14 17 0.054494172 
280 1147 11 13 0.053794302 
6 1068 10 13 0.05293691 
536 660 287 427 0.05262637 
93 1178 13 15 0.052526686 
703 1411 11 14 0.052445415 
274 1320 15 18 0.05237573 
356 1143 13 16 0.05144794 
127 -71 399 456 0.05105586 
15 1067 11 14 0.051030755 
424 1133 11 15 0.04837985 
76 1238 10 13 0.048279915 
422 1260 12 15 0.04812079 
330 1295 13 17 0.04800282 
416 1242 11 15 0.04791211 
469 1187 14 17 0.04776445 
33 1203 12 15 0.047548033 
446 1247 11 13 0.047469236 
11 1302 10 14 0.047411796 
85 1190 13 16 0.047401816 
109 1098 13 15 0.047263086 
413 1183 13 17 0.047078792 
354 189 122 146 0.046954002 
129 1176 436 523 0.046715695 
415 1177 185 267 0.046361104 
365 393 439 553 0.045702364 
431 1153 13 17 0.045519583 
15 1222 10 13 0.04546008 
48 1313 12 16 0.045039672 
26 1298 12 15 0.044764362 
40 1135 11 14 0.044499267 
305 1346 15 18 0.04443204 
326 1202 14 17 0.044139765 
23 1230 14 17 0.043700445 
240 1190 11 13 0.043615 
518 1014 12 16 0.043419242 
222 1132 10 14 0.04339019 
394 1258 12 17 0.043205414 
51 1090 12 15 0.04313644 
8 1037 12 17 0.04267281 
36 1230 12 15 0.042576 
422 1237 10 14 0.04184152 
417 1107 11 14 0.041450504 
392 1286 12 15 0.040637907 
27 1156 13 17 0.040628236 
380 51 180 230 0.040301137 
76 1204 16 20 0.04015264 
20 1219 11 13 0.04003655 
452 1194 107 161 0.039397173 
61 1141 14 18 0.03909108 
197 1119 17 21 0.039030723 
21 1091 9 14 0.03839303 
302 1241 13 17 0.038301453 
144 1187 18 21 0.037965856 
43 1195 14 18 0.037802994 
185 1171 13 17 0.03776361 
0 1263 10 14 0.03745774 
41 1290 12 16 0.037355132 
55 1105 12 14 0.037189666 
314 1222 14 16 0.037054934 
60 1254 11 14 0.036969826 
309 1168 13 17 0.036832612 
381 1225 14 16 0.036738988 
455 1001 13 16 0.036668252 
8 1195 11 15 0.036574986 
362 1081 348 443 0.03610933 
124 1053 14 18 0.036054358 
150 1286 14 17 0.035848975 
455 975 11 13 0.035676595 
387 1229 11 14 0.03545205 
109 1351 15 21 0.03523468 
65 1171 12 16 0.034616623 
283 1143 11 13 0.034058075 
235 1244 13 17 0.03402808 
402 1033 13 17 0.033604283 
109 1170 17 19 0.033537425 
22 1214 11 13 0.033442974 
120 1211 12 15 0.03266553 
355 1306 15 19 0.032630645 
372 1105 15 19 0.032489985 
484 1115 18 21 0.032467145 
84 1043 12 15 0.03240734 
113 1312 15 19 0.03215996 
310 1241 13 16 0.032114875 
115 1098 13 17 0.03208902 
495 1019 15 18 0.031853054 
31 1196 12 16 0.031628974 
91 1188 14 16 0.031133953 
68 1343 15 19 0.031121222 
102 1177 13 16 0.031069761 
404 1158 11 15 0.03090558 
188 1052 19 21 0.030796163 
340 1246 12 14 0.030547978 
132 1068 15 18 0.03039944 
0 1119 12 18 0.030378532 
76 1166 13 17 0.030370947 
341 1264 13 16 0.029768664 
36 1211 14 16 0.0295984 
177 1139 14 17 0.029444458 
86 1101 11 13 0.029342495 
99 1048 15 17 0.028983647 
400 1128 14 17 0.02887675 
471 1026 13 16 0.028620081 
48 1218 12 15 0.028559905 
105 1051 14 18 0.028480344 
52 1082 13 17 0.028410435 
241 1109 18 21 0.028254734 
14 1263 12 17 0.028163934 
445 1131 12 15 0.02807354 
125 1204 11 13 0.028020477 
133 1051 14 20 0.028007554 
440 1128 12 16 0.027705034 
84 1201 15 19 0.027556824 
469 1090 13 17 0.027486823 
199 1226 12 15 0.027486248 
351 1217 12 16 0.027341759 
501 1195 46 62 0.027284347 
332 1190 13 15 0.027183251 
102 1094 13 16 0.026880074 
212 1270 14 17 0.026665868 
445 1224 14 17 0.026585603 
449 1101 14 19 0.026570957 
0 1092 9 15 0.026514446 
487 939 13 15 0.0265032 
301 1312 15 19 0.026219381 
86 1050 15 19 0.026082927 
68 1487 16 19 0.026009688 
110 1037 12 14 0.025765363 
422 1213 12 16 0.025671186 
421 1075 15 18 0.025668252 
307 1130 17 19 0.025651993 
406 1163 11 14 0.025639163 
88 1230 13 16 0.025553606 
770 938 338 445 0.025540702 
455 1090 12 14 0.025485711 
788 1491 66 56 0.025264662 
447 1139 13 15 0.025262294 
409 1266 11 15 0.025149627 
441 1101 14 17 0.024964778 
92 1065 15 19 0.024861071 
453 92 56 91 0.024846837 
500 1195 25 32 0.024786158 
6 1204 11 15 0.024710793 
55 1140 13 15 0.02440954 
387 1235 13 15 0.02432109 
337 1250 11 14 0.024201067 
439 1221 13 17 0.024184586 
511 1044 15 16 0.024165668 
52 1193 13 17 0.024096508 
383 152 63 75 0.024085458 
439 1116 13 15 0.024029946 
420 1103 10 13 0.023964722 
484 1201 13 16 0.023900952 
539 1132 15 19 0.023847925 
208 1191 10 12 0.023763623 
73 1242 11 13 0.023633374 
59 1075 12 15 0.023532473 
305 1133 24 29 0.023469245 
526 1060 14 17 0.023373889 
506 1128 15 20 0.023362778 
24 1239 14 18 0.02313655 
46 1037 13 15 0.02290073 
427 1236 11 14 0.022761596 
427 1139 12 14 0.0226528 
25 1110 10 15 0.022623338 
86 1252 11 15 0.022556093 
477 1063 14 16 0.022470064 
12 1187 13 16 0.022352466 
304 1082 18 21 0.022311218 
317 1264 12 16 0.022199543 
453 1148 13 17 0.022150548 
508 1053 14 15 0.022148939 
6 1265 11 16 0.0221426 
122 1085 14 17 0.022122007 
5 988 13 18 0.02211103 
421 1060 14 18 0.02189481 
22 1266 14 18 0.021831643 
121 1114 14 17 0.02182251 
280 1273 13 16 0.021772232 
290 1166 13 15 0.021715563 
505 1085 16 19 0.021636399 
392 1174 10 15 0.021540046 
408 1243 11 14 0.021509407 
381 1237 13 16 0.021491686 
430 1174 13 17 0.021412548 
394 1141 15 18 0.021297062 
57 1217 14 16 0.021202479 
941 180 91 140 0.021141913 
417 1157 12 16 0.021133043 
373 1088 19 22 0.021094399 
37 1156 12 16 0.0210551 
516 1158 17 20 0.021046294 
392 1331 15 18 0.021026634 
309 1251 13 16 0.020976577 
86 1168 14 18 0.020799134 
78 1277 11 14 0.020791614 
415 1163 12 16 0.02074526 
491 1035 14 16 0.02073361 
0 1087 8 13 0.020640856 
274 1246 13 17 0.020561498 
79 1076 14 17 0.020414788 
209 1244 14 17 0.020273862 
512 1196 29 38 0.020155141 
485 1163 15 18 0.02015286 
25 1305 17 25 0.020108642 
364 1126 15 18 0.020031733 
75 1100 15 18 0.02002901 
171 1202 13 17 0.020022778 
