20_Family_Group_Family_Group_20_255
45
606 424 55 68 0.9994931 
141 444 62 76 0.99942493 
488 411 62 77 0.9989459 
893 373 60 71 0.9989335 
304 446 57 67 0.99857736 
742 378 57 78 0.99783653 
518 128 45 56 0.99573356 
787 220 51 62 0.99550194 
197 337 47 58 0.99478626 
365 301 50 57 0.9901518 
659 232 44 54 0.9854256 
714 359 43 63 0.5127422 
909 713 41 47 0.14602272 
983 665 10 12 0.11110277 
247 365 39 59 0.09897321 
480 140 18 21 0.09741191 
255 395 30 41 0.09246781 
781 301 28 39 0.08986762 
974 618 11 14 0.0689802 
229 324 31 48 0.058056414 
438 365 32 41 0.054661013 
370 265 55 71 0.051669177 
14 365 27 51 0.047537163 
494 359 59 67 0.046264943 
720 287 38 56 0.046013106 
578 135 15 18 0.037551947 
826 615 133 138 0.037421763 
338 445 49 62 0.036166046 
647 379 38 48 0.03098087 
484 379 59 77 0.0299557 
295 424 51 65 0.029729303 
779 365 47 62 0.029024601 
926 53 7 9 0.028446464 
1000 659 9 11 0.028201263 
963 645 10 13 0.027260857 
505 -1 42 49 0.02724143 
358 451 48 60 0.027129257 
573 142 26 31 0.026579445 
490 141 13 17 0.025480999 
258 322 44 68 0.02453432 
390 304 34 43 0.023729183 
942 673 12 15 0.021139141 
266 375 34 50 0.020873247 
239 311 42 66 0.020510606 
18 267 20 28 0.020261746 
