20_Family_Group_Family_Group_20_750
89
341 68 179 261 0.9995635 
557 211 178 230 0.9992435 
929 558 9 13 0.31607765 
992 622 11 13 0.16246136 
34 1038 17 20 0.111164756 
992 591 9 11 0.10144466 
985 747 11 14 0.09106444 
594 110 40 49 0.07873965 
981 610 10 13 0.0709575 
998 723 9 12 0.069047764 
1000 603 10 13 0.061962377 
115 1086 105 143 0.05245282 
952 573 11 14 0.04942089 
1005 605 9 11 0.048963062 
993 725 9 12 0.047900368 
934 562 9 13 0.0477339 
41 667 490 578 0.04589299 
944 608 10 13 0.045668624 
940 565 9 12 0.04373945 
990 597 11 15 0.043609727 
910 581 11 13 0.043181628 
1009 662 11 15 0.04291349 
969 782 8 10 0.04191078 
965 708 8 12 0.04111088 
919 536 8 11 0.04072679 
426 145 174 230 0.040367637 
795 1242 40 37 0.040207054 
987 602 12 16 0.039865144 
953 557 11 14 0.03952923 
926 553 9 12 0.038446955 
934 668 10 13 0.038046695 
956 566 12 15 0.03635788 
939 558 10 13 0.036057003 
971 765 9 12 0.035207156 
984 773 9 11 0.034360748 
917 602 12 14 0.03354089 
991 508 11 13 0.03189759 
959 550 11 13 0.031846855 
913 597 10 14 0.03120983 
910 587 12 14 0.030835485 
926 540 9 11 0.030672561 
990 614 12 15 0.03049541 
909 519 8 10 0.030363506 
1006 566 10 12 0.02945486 
1000 566 9 11 0.0292157 
970 774 9 11 0.028011896 
1007 742 10 12 0.02799689 
949 612 8 11 0.027024494 
956 627 10 13 0.026569868 
1007 524 12 14 0.026555143 
911 629 10 13 0.026510404 
904 535 8 10 0.026388746 
910 527 8 9 0.026098073 
905 517 9 11 0.025790578 
952 743 9 11 0.025337907 
927 535 9 12 0.025322719 
975 517 8 10 0.025222002 
933 644 10 12 0.024760181 
965 613 11 13 0.02471393 
1001 743 8 11 0.023917785 
991 638 10 11 0.02386076 
980 575 9 11 0.023835927 
975 733 8 10 0.023638245 
942 574 9 12 0.023496943 
934 604 12 14 0.02348603 
926 604 10 14 0.023478126 
922 555 12 16 0.023213517 
911 603 11 13 0.023040676 
912 535 7 10 0.022890043 
924 613 9 13 0.02280613 
977 816 8 11 0.022634346 
900 551 10 12 0.022403203 
960 675 11 13 0.02205669 
1000 800 8 9 0.021652786 
975 791 8 11 0.021636344 
1006 725 11 13 0.021452561 
926 518 9 11 0.021330342 
1010 775 8 11 0.02129527 
897 556 10 12 0.021289488 
991 557 9 13 0.02116658 
902 541 9 12 0.020896368 
936 705 8 10 0.020866469 
945 696 8 11 0.020862056 
996 507 10 12 0.020744199 
945 523 9 11 0.020726148 
925 553 17 23 0.020607837 
935 572 11 13 0.02041317 
992 821 10 13 0.020304255 
997 614 11 15 0.020215053 
