20_Family_Group_Family_Group_20_101
37
893 294 49 59 0.9992902 
135 90 36 44 0.9989078 
970 54 48 62 0.9985178 
637 73 36 49 0.99797887 
382 27 38 51 0.99777275 
554 70 38 50 0.9977576 
781 276 48 58 0.99694115 
226 64 40 47 0.9966158 
842 94 45 60 0.99627763 
561 244 38 50 0.99583673 
493 53 36 45 0.9956713 
204 214 48 62 0.9936725 
70 265 45 56 0.9871638 
732 74 41 54 0.98418313 
38 65 40 52 0.9776062 
667 261 42 55 0.96515334 
814 280 31 45 0.16415438 
296 411 80 97 0.066234246 
622 87 30 38 0.0660441 
0 89 23 39 0.05371348 
738 505 118 185 0.04947061 
51 104 25 34 0.04698566 
93 145 15 19 0.043443587 
700 423 28 34 0.041244905 
228 -34 389 493 0.03561252 
769 0 15 13 0.031497702 
39 104 26 36 0.030463673 
76 124 35 45 0.029529443 
90 119 23 32 0.028598825 
671 83 21 29 0.02615569 
525 463 44 47 0.02581882 
805 440 25 32 0.025541136 
677 90 13 17 0.024172567 
623 421 70 76 0.023377966 
26 109 26 34 0.023220744 
826 292 17 24 0.02279146 
736 596 59 63 0.022542587 
