20_Family_Group_Family_Group_20_411
73
481 389 57 69 0.999736 
324 405 53 67 0.99972254 
600 387 55 67 0.9996099 
763 401 49 63 0.9996039 
219 393 53 70 0.9994338 
528 92 63 75 0.9994247 
676 74 64 80 0.9993204 
366 64 55 80 0.9992483 
706 757 26 29 0.6767592 
726 751 26 31 0.22869764 
119 727 25 25 0.17874151 
436 764 16 21 0.17865838 
610 757 12 18 0.17497428 
660 428 29 38 0.13778776 
711 767 27 33 0.09181308 
877 749 13 18 0.06940134 
701 754 17 26 0.06927449 
215 698 17 21 0.06876151 
607 759 21 28 0.064825594 
736 747 18 25 0.06207741 
209 703 21 31 0.06060135 
623 761 10 12 0.060051676 
610 752 9 13 0.0579715 
12 777 16 20 0.056473758 
231 772 46 47 0.05609454 
489 330 15 17 0.053097356 
1000 724 14 17 0.04920955 
181 758 34 33 0.04917351 
723 763 31 37 0.047192384 
103 783 15 18 0.046145793 
702 750 12 19 0.046059262 
720 760 20 24 0.044897154 
1006 89 12 17 0.03984753 
1008 261 9 14 0.032170992 
689 773 28 32 0.03195707 
717 786 15 19 0.03173383 
616 763 21 27 0.03170826 
618 776 29 27 0.03125889 
933 787 15 17 0.031061666 
853 766 10 11 0.030737525 
654 399 43 61 0.03007027 
803 740 17 21 0.029447598 
921 124 9 12 0.028907325 
1001 351 8 10 0.027524885 
1005 304 10 13 0.027474804 
695 765 54 53 0.027446926 
992 717 25 31 0.027304007 
1001 283 9 12 0.026331099 
1001 262 9 12 0.025763921 
572 775 18 22 0.02572841 
211 789 13 17 0.025667617 
803 743 24 35 0.025142398 
952 131 10 12 0.024895024 
739 765 17 25 0.0248488 
198 107 11 12 0.024568984 
964 -10 69 110 0.024342904 
498 762 12 15 0.02419207 
635 781 15 18 0.023654398 
494 777 13 19 0.023242202 
238 108 13 15 0.022957183 
203 565 51 53 0.022822758 
141 760 66 58 0.022416255 
626 765 15 18 0.022368139 
1006 217 10 14 0.022102695 
997 761 25 34 0.021828286 
311 87 8 10 0.021761457 
281 92 10 12 0.021679373 
73 763 65 58 0.021150043 
730 764 18 23 0.020746866 
47 751 10 14 0.020593282 
983 744 10 12 0.020577082 
261 102 9 11 0.020352652 
949 745 12 13 0.020344662 
