20_Family_Group_Family_Group_20_72
27
476 169 49 61 0.99780005 
581 270 47 62 0.9941466 
281 204 27 43 0.99171793 
327 203 43 52 0.9736205 
426 264 45 52 0.9641819 
209 233 43 52 0.94626606 
734 145 49 55 0.9410203 
703 215 44 51 0.88118327 
521 227 54 58 0.8369917 
390 318 44 58 0.2498145 
272 296 34 38 0.2072767 
268 216 41 53 0.056287162 
323 301 25 31 0.05393387 
649 289 51 65 0.03647385 
262 244 42 52 0.0351282 
19 186 39 57 0.03373256 
779 140 15 20 0.03185262 
751 324 350 475 0.031620983 
370 305 75 95 0.028694635 
758 209 28 35 0.025468357 
421 133 11 13 0.02369471 
35 190 42 57 0.022856694 
882 286 25 32 0.022435384 
20 184 15 19 0.021363145 
768 136 28 34 0.02079609 
325 315 15 22 0.02041876 
1012 1 11 16 0.020182552 
