20_Family_Group_Family_Group_20_412
22
410 166 67 92 0.9965193 
663 273 60 89 0.99330115 
252 152 70 100 0.97731596 
89 459 49 68 0.39250222 
63 718 88 111 0.2910371 
142 482 59 52 0.094648235 
790 195 100 157 0.08456633 
754 107 184 284 0.077454805 
807 441 371 457 0.07696452 
47 454 31 37 0.06114269 
102 484 59 64 0.040722057 
443 167 63 76 0.039572313 
65 490 29 44 0.03692789 
96 746 32 37 0.036529448 
473 164 58 66 0.034715667 
653 14 361 444 0.031445265 
67 452 53 64 0.030239943 
51 457 45 54 0.026617533 
829 165 12 15 0.024216026 
247 330 50 45 0.022812929 
212 187 57 72 0.020970887 
515 614 32 37 0.020966953 
