20_Family_Group_Family_Group_20_339
49
525 195 30 38 0.99974304 
618 182 32 41 0.9996567 
448 171 32 39 0.999456 
361 127 41 51 0.99693537 
31 90 46 53 0.9963169 
147 160 37 44 0.99555874 
698 165 33 43 0.99353 
242 133 39 51 0.9905703 
856 103 41 51 0.98501563 
767 145 39 51 0.9835101 
829 174 31 37 0.89171183 
665 213 25 31 0.47856352 
829 146 24 29 0.18867582 
412 326 13 19 0.17627458 
172 125 35 37 0.119359 
831 156 26 31 0.11730022 
352 256 16 19 0.08815964 
1014 483 9 15 0.058851596 
838 171 20 24 0.054437473 
362 327 15 22 0.053686492 
377 275 15 20 0.051387772 
209 302 393 451 0.04958572 
634 185 26 36 0.044455398 
428 280 15 20 0.04270002 
675 154 17 21 0.041861385 
276 181 16 20 0.041151207 
668 200 25 29 0.039763518 
835 112 27 36 0.039318364 
973 312 12 17 0.03899747 
177 189 26 32 0.034234356 
552 188 20 27 0.032219686 
565 219 15 22 0.03141562 
909 116 24 28 0.030797666 
175 163 28 35 0.030425461 
651 188 23 32 0.028808828 
1015 268 9 14 0.02878736 
994 412 26 40 0.028527265 
74 142 24 34 0.027956203 
190 125 35 38 0.027657399 
747 173 22 30 0.026995227 
937 330 18 22 0.024870317 
679 187 23 27 0.02475203 
97 176 16 21 0.024367526 
133 162 16 23 0.023548832 
953 108 28 40 0.02121503 
134 151 32 42 0.02082366 
5 103 25 40 0.020603793 
391 307 11 14 0.020355593 
352 168 17 22 0.020313058 
