20_Family_Group_Family_Group_20_90
23
501 77 179 221 0.6125551 
461 -9 165 248 0.4642433 
681 556 108 191 0.27495968 
451 542 63 84 0.20733653 
75 431 186 314 0.09049056 
370 0 159 245 0.084522545 
485 207 113 146 0.06308837 
449 92 335 440 0.060498454 
485 149 226 243 0.04883 
516 176 471 436 0.043748077 
423 566 104 97 0.043223813 
442 -6 110 178 0.0373678 
161 415 203 302 0.036931515 
47 415 81 126 0.036870997 
981 -6 46 48 0.03232077 
768 64 176 202 0.03199013 
522 3 141 177 0.02883323 
383 -4 60 45 0.027201999 
145 533 132 192 0.026632449 
447 628 64 51 0.025410414 
714 644 67 119 0.022549517 
637 165 103 122 0.020910593 
575 150 147 166 0.020468928 
