20_Family_Group_Family_Group_20_1015
59
647 319 94 110 0.9992654 
519 346 83 108 0.998016 
379 280 73 102 0.9898024 
970 228 14 18 0.52643085 
425 189 13 16 0.34303358 
222 363 16 22 0.20697783 
783 268 12 15 0.15828472 
1003 276 15 21 0.15090343 
255 388 14 19 0.126627 
264 340 25 29 0.11728624 
123 341 16 18 0.10357916 
270 378 12 15 0.084154174 
984 284 12 16 0.059092104 
435 200 18 22 0.056844033 
457 20 375 432 0.056782864 
462 324 55 68 0.053043734 
423 188 22 26 0.052666254 
267 463 14 18 0.052230604 
919 231 10 14 0.052024584 
232 367 16 20 0.04780684 
290 262 90 110 0.044382446 
224 363 28 35 0.0433764 
444 195 15 19 0.041639335 
257 433 12 17 0.041234065 
996 408 17 22 0.040771402 
258 379 22 28 0.038424924 
935 299 25 31 0.0366691 
1 260 39 72 0.036606368 
918 235 13 20 0.035824645 
957 256 11 12 0.035261594 
429 301 82 99 0.034561276 
334 263 90 114 0.033446565 
907 205 93 108 0.03232581 
999 189 11 12 0.031942215 
698 212 42 50 0.03189973 
252 414 11 14 0.03145002 
217 342 11 13 0.03022312 
804 289 16 19 0.02980788 
46 506 22 31 0.028595757 
988 253 11 14 0.027106121 
223 228 121 161 0.025692219 
222 374 14 19 0.025139319 
193 391 9 12 0.02489286 
177 423 8 10 0.024818383 
911 233 26 33 0.02433772 
999 336 12 17 0.022936782 
254 419 12 17 0.022908714 
564 77 211 301 0.022836741 
969 239 15 18 0.022521857 
320 265 31 39 0.022340769 
757 388 60 75 0.022068787 
783 268 19 25 0.021840194 
217 341 52 65 0.021609424 
982 233 11 16 0.021232195 
244 377 25 32 0.02094685 
219 347 13 15 0.020916358 
811 288 16 19 0.020888174 
988 244 12 17 0.020431818 
117 275 15 22 0.020167695 
