20_Family_Group_Family_Group_20_696
30
265 292 89 117 0.99966025 
111 392 85 107 0.9989876 
638 310 80 109 0.9989704 
556 569 79 91 0.998809 
380 415 84 105 0.99855334 
798 325 79 110 0.99780303 
476 327 81 105 0.99753124 
22 406 34 38 0.19762991 
-65 -91 393 464 0.19592042 
519 949 430 471 0.14049204 
254 863 44 68 0.121718645 
430 771 121 178 0.09994593 
43 -2 234 307 0.073357254 
301 767 125 194 0.056092683 
669 264 375 443 0.052885897 
269 -1 40 33 0.04561316 
666 660 101 122 0.044740684 
955 791 73 129 0.04424325 
238 0 34 27 0.040686987 
380 1040 202 274 0.040167034 
332 1457 33 47 0.024770107 
136 857 36 47 0.02440913 
550 1002 50 53 0.023822755 
405 1285 16 21 0.0222557 
137 835 37 46 0.022003556 
0 603 21 39 0.021967553 
148 318 32 37 0.021959543 
345 752 163 262 0.020616122 
783 426 207 294 0.02037753 
115 654 352 476 0.020003462 
