20_Family_Group_Family_Group_20_914
84
814 162 29 37 0.99895537 
460 202 28 39 0.9982796 
591 230 25 32 0.9974935 
526 288 29 36 0.99677426 
861 171 27 34 0.9952809 
160 120 25 30 0.99466264 
143 170 26 32 0.99388313 
232 194 26 33 0.9899011 
388 314 28 39 0.98614836 
631 228 22 27 0.9782177 
263 256 23 30 0.96020275 
602 368 26 31 0.88982 
187 192 22 27 0.30520445 
502 287 16 22 0.2845482 
378 306 28 38 0.16510916 
378 302 16 23 0.16065772 
185 171 16 21 0.14519003 
403 315 27 38 0.1401951 
146 118 27 31 0.13165021 
589 209 14 18 0.12540661 
909 206 24 32 0.108143605 
137 230 25 31 0.09944341 
178 204 26 32 0.09587731 
366 314 194 274 0.09018233 
214 214 19 27 0.08737061 
514 319 17 23 0.08235039 
446 312 23 28 0.081574894 
182 179 22 29 0.07757072 
595 211 14 17 0.075765476 
140 123 19 22 0.072124295 
136 210 20 24 0.06874673 
623 285 26 32 0.0652532 
293 312 23 30 0.059824593 
177 219 25 31 0.057008147 
418 317 22 33 0.052680455 
181 234 16 20 0.050753515 
233 188 22 23 0.041436624 
429 294 13 19 0.040815834 
27 212 423 449 0.04054487 
423 285 23 31 0.03933282 
185 239 17 21 0.03921455 
717 218 18 20 0.03760798 
675 261 15 18 0.036036454 
420 328 25 39 0.035873964 
496 271 23 31 0.03553985 
580 385 16 18 0.03482529 
523 384 45 52 0.034500424 
833 199 24 27 0.0335994 
645 306 18 23 0.032964826 
111 288 29 36 0.032913048 
584 213 25 31 0.032867152 
88 170 13 17 0.032315798 
217 258 24 34 0.032032218 
621 269 22 27 0.0314853 
666 214 15 17 0.030513356 
426 315 16 20 0.02907863 
628 213 13 15 0.028782973 
435 310 22 29 0.028743038 
200 194 17 21 0.028495774 
598 302 22 30 0.02815116 
533 276 17 19 0.028004304 
861 158 14 16 0.027902799 
135 124 13 18 0.02739018 
676 228 14 20 0.027109236 
182 199 17 23 0.02612423 
985 144 30 39 0.026035596 
69 133 12 17 0.025692038 
516 280 17 22 0.025132488 
182 166 14 18 0.025070945 
635 303 18 23 0.024879586 
206 249 14 20 0.023858583 
148 156 14 18 0.023631401 
891 205 38 49 0.023395678 
579 224 16 24 0.023297224 
77 139 14 16 0.023162859 
162 101 14 15 0.023108674 
538 330 23 29 0.022273231 
326 242 349 398 0.02145943 
172 211 16 21 0.021125069 
508 277 33 43 0.021069925 
858 155 23 28 0.021011788 
585 375 23 27 0.020648023 
200 203 22 31 0.020608941 
644 192 15 18 0.020402329 
