20_Family_Group_Family_Group_20_109
18
178 33 61 81 0.9993919 
292 157 59 81 0.9991617 
401 91 65 84 0.9968021 
449 162 43 50 0.6283707 
66 607 30 32 0.4028843 
847 419 179 240 0.0888982 
17 635 10 13 0.06569794 
936 474 59 58 0.0574359 
450 177 53 58 0.04145618 
464 200 52 60 0.040040653 
5 648 10 13 0.037037287 
976 504 37 30 0.034923438 
954 490 63 58 0.031316474 
19 620 11 14 0.030790098 
887 434 122 135 0.025974976 
431 113 60 77 0.024064995 
551 323 15 17 0.020907318 
624 254 18 21 0.0200341 
