49_Greeting_peoplegreeting_49_810
87
505 151 74 87 0.9962953 
280 169 58 91 0.9782534 
261 40 33 42 0.9471818 
812 175 22 27 0.9197819 
746 181 24 31 0.8028478 
202 177 68 80 0.21422322 
467 191 24 33 0.20078997 
925 170 17 20 0.17933743 
963 0 47 33 0.14446275 
630 114 44 66 0.11458443 
265 366 28 33 0.11262008 
737 125 26 32 0.09635923 
126 330 26 36 0.085110724 
787 200 15 17 0.079910375 
194 141 63 86 0.07689315 
224 163 85 98 0.07184497 
159 166 89 116 0.07104446 
980 199 17 19 0.07011907 
240 41 32 39 0.06326974 
282 374 17 21 0.0590435 
936 206 12 14 0.05799765 
354 244 18 25 0.056418434 
263 143 58 98 0.05348197 
826 125 18 24 0.053070676 
826 182 17 23 0.052726526 
496 370 25 33 0.049389414 
195 375 16 22 0.04824325 
662 179 42 60 0.047717147 
886 199 16 22 0.046625998 
163 306 121 146 0.044845287 
797 166 39 46 0.044107147 
390 350 39 43 0.043987118 
981 234 18 23 0.04380502 
1004 52 20 32 0.04309613 
99 137 111 168 0.042605303 
634 281 27 33 0.03953067 
607 640 32 37 0.039366145 
565 -28 449 510 0.03842038 
851 112 15 18 0.037856862 
851 216 14 18 0.035588577 
186 422 16 21 0.035367098 
302 373 26 39 0.034641977 
157 196 53 77 0.03435776 
982 69 11 14 0.03324235 
393 329 41 48 0.03277285 
395 384 33 36 0.031587113 
269 342 14 16 0.030507572 
579 320 31 37 0.029967412 
855 236 12 14 0.029538114 
129 503 35 45 0.029508835 
947 -2 42 31 0.02933451 
187 370 15 19 0.029116815 
412 122 25 33 0.028999772 
940 210 11 14 0.028414607 
225 375 29 36 0.027687147 
630 32 44 65 0.027676668 
267 357 13 16 0.027609468 
410 323 30 31 0.027544929 
270 -2 51 52 0.027422601 
887 221 12 14 0.02720413 
834 185 17 21 0.02681389 
830 124 25 32 0.026570678 
631 281 46 56 0.026252754 
862 580 50 73 0.025980853 
182 577 16 19 0.025966464 
521 132 19 24 0.025850622 
144 503 29 37 0.025806049 
249 361 15 20 0.025475577 
228 341 15 18 0.02546477 
1007 115 11 16 0.025393346 
3 288 13 17 0.025289455 
999 288 14 18 0.024907252 
281 35 49 61 0.024728583 
942 160 14 17 0.024528049 
269 23 33 51 0.02442694 
258 469 18 19 0.023550207 
542 302 29 36 0.02336006 
215 371 55 62 0.022694701 
186 395 13 16 0.02218544 
786 200 24 30 0.021999877 
229 363 28 34 0.021515382 
249 363 50 58 0.021065004 
226 42 27 43 0.020557623 
949 112 24 28 0.02043072 
276 -1 32 28 0.020349227 
715 234 42 47 0.020322897 
776 262 52 61 0.020114282 
