49_Greeting_peoplegreeting_49_50
33
327 202 66 84 0.99960715 
651 271 143 188 0.99841154 
352 118 59 75 0.9967019 
282 114 30 33 0.8868452 
229 612 144 110 0.79702026 
961 181 38 73 0.70784193 
981 202 38 73 0.48557323 
805 160 27 46 0.4137147 
194 630 126 118 0.15069215 
915 156 21 28 0.11167069 
189 570 197 212 0.08782272 
850 154 27 45 0.06314197 
398 129 32 45 0.043452486 
430 176 49 72 0.039408423 
168 214 17 21 0.039299183 
271 120 41 49 0.039056357 
808 143 44 57 0.037465665 
109 47 11 13 0.034224354 
438 730 48 40 0.033546146 
954 178 31 55 0.03192481 
108 197 13 16 0.03164166 
388 162 49 67 0.030727731 
275 118 24 23 0.026958354 
423 139 46 61 0.026948465 
225 171 88 111 0.025631603 
411 142 16 25 0.023444321 
416 145 83 114 0.023254605 
179 176 15 18 0.022590896 
146 286 198 258 0.022089262 
419 703 68 60 0.021045286 
430 740 35 27 0.02057003 
121 179 12 15 0.020326337 
115 102 13 15 0.020063153 
