49_Greeting_peoplegreeting_49_53
98
437 338 54 71 0.9989292 
328 644 68 93 0.99831855 
795 394 64 83 0.9977063 
775 669 68 86 0.9976279 
666 213 51 71 0.99644333 
85 387 58 79 0.995992 
223 336 44 68 0.9946683 
568 172 40 64 0.9946254 
348 338 40 64 0.9881116 
705 293 39 59 0.9695681 
174 287 41 64 0.8749118 
113 346 49 72 0.87170315 
225 218 49 70 0.7914924 
332 234 36 53 0.7605218 
827 331 39 57 0.7549999 
684 383 47 64 0.4048589 
391 687 56 76 0.29523286 
233 254 45 69 0.2814508 
848 287 43 65 0.27582783 
508 272 50 61 0.2585816 
222 139 29 34 0.24682045 
452 1163 15 16 0.22017899 
215 126 45 58 0.18409121 
240 205 62 75 0.16803724 
363 -1 18 15 0.15762699 
198 296 39 56 0.12959117 
690 59 36 46 0.11076964 
356 669 78 95 0.09964064 
223 283 43 61 0.097906776 
536 6 35 43 0.09778626 
190 1334 48 51 0.0716714 
261 198 44 50 0.07139817 
214 301 50 75 0.0646564 
786 113 41 54 0.06374954 
775 39 32 38 0.059758395 
499 245 50 64 0.058627956 
151 347 42 61 0.055227514 
204 267 46 74 0.054723658 
219 220 34 50 0.053353418 
707 373 50 69 0.053295877 
367 622 37 42 0.05231115 
372 605 13 13 0.05166846 
808 350 57 76 0.051473636 
582 135 16 21 0.049802322 
577 148 48 63 0.048605595 
111 642 342 470 0.04803085 
524 1064 201 248 0.045243453 
815 265 64 71 0.0419073 
1 81 28 49 0.041034985 
533 406 33 45 0.040741716 
382 169 37 45 0.039081555 
562 235 27 37 0.0390679 
309 208 53 75 0.03778521 
602 4 27 34 0.037401613 
198 362 37 48 0.036320444 
585 120 48 59 0.03599944 
414 23 50 71 0.035095822 
585 178 34 47 0.034998834 
-5 499 68 134 0.034192096 
977 1091 12 17 0.033689424 
450 802 55 74 0.033545744 
180 346 39 62 0.033255033 
599 306 40 55 0.03207729 
769 641 63 76 0.032001805 
719 291 48 68 0.03189244 
263 273 32 42 0.031052712 
197 101 54 75 0.030580282 
812 127 16 21 0.030459382 
344 245 38 48 0.02935434 
275 187 50 62 0.029320832 
369 330 46 62 0.029286042 
174 3 33 22 0.029281981 
240 179 53 67 0.029089201 
853 315 33 49 0.028225813 
539 925 17 22 0.027924554 
282 215 55 70 0.02773245 
572 100 96 116 0.027693905 
625 338 30 39 0.026875285 
789 483 38 48 0.026753685 
833 316 33 41 0.026565647 
446 1160 23 27 0.025120402 
248 239 41 48 0.024725134 
273 250 34 50 0.024716193 
843 338 34 45 0.02433918 
552 0 31 41 0.02385423 
772 87 24 34 0.023340492 
799 325 52 67 0.023303121 
445 1139 13 16 0.023291554 
349 303 54 65 0.022984691 
677 165 30 35 0.02283224 
506 82 33 34 0.021786474 
654 161 42 54 0.02151409 
803 117 26 35 0.021137906 
601 133 31 35 0.020555343 
797 93 33 45 0.020525381 
472 76 51 60 0.02012212 
1 347 42 65 0.020112026 
337 1051 151 211 0.020027202 
