49_Greeting_peoplegreeting_49_943
38
192 432 51 65 0.99965966 
124 444 59 75 0.99947006 
357 443 55 75 0.99934286 
287 443 48 58 0.9983967 
343 77 20 27 0.89702356 
148 97 18 24 0.871 
255 147 18 22 0.7949986 
207 142 15 17 0.79000366 
9 133 27 35 0.16805936 
262 111 16 20 0.10501399 
414 202 138 186 0.100998335 
239 173 11 14 0.09855866 
529 -1 80 72 0.08250278 
815 102 20 27 0.06911408 
192 132 12 16 0.054891955 
319 158 12 17 0.04980842 
0 346 23 37 0.037840992 
199 140 13 17 0.03676517 
210 136 15 18 0.03471087 
915 520 17 23 0.033690654 
414 -5 127 105 0.033538815 
273 132 11 15 0.033225015 
392 91 13 16 0.030872883 
375 -62 330 425 0.030836832 
678 293 12 17 0.029328572 
359 138 20 19 0.0285996 
840 247 181 271 0.028473102 
847 371 178 291 0.02816041 
525 241 187 271 0.027744194 
238 165 14 17 0.027435953 
170 168 23 35 0.025800128 
753 314 13 16 0.024464548 
179 177 12 20 0.024073526 
274 139 16 20 0.023336388 
351 83 17 24 0.022895323 
219 141 11 16 0.02236558 
132 15 39 49 0.021865629 
295 133 13 17 0.021835284 
