49_Greeting_peoplegreeting_49_991
38
638 163 13 16 0.8214748 
460 102 12 15 0.5571188 
611 188 13 16 0.49540275 
405 182 11 14 0.29519 
783 111 11 14 0.22539777 
828 145 13 17 0.22191015 
812 134 13 15 0.21921653 
214 379 55 54 0.12784226 
808 138 14 17 0.10243828 
60 81 209 283 0.0813437 
397 185 14 17 0.078662775 
708 110 11 13 0.062798284 
820 133 10 14 0.05843671 
669 231 10 12 0.053617086 
814 129 11 13 0.05242568 
630 268 13 17 0.048788935 
822 142 13 16 0.04732004 
648 258 22 27 0.045777168 
20 471 105 113 0.042479705 
176 289 27 32 0.041703418 
607 192 14 16 0.040892497 
831 212 9 13 0.040400192 
582 279 16 20 0.036354624 
422 178 13 17 0.0340131 
187 302 16 22 0.032898467 
564 417 367 503 0.032184683 
159 294 32 38 0.030804008 
596 277 15 20 0.029854367 
412 178 13 18 0.028868489 
784 105 10 14 0.028232692 
812 143 14 16 0.027947707 
392 180 14 17 0.027263941 
168 295 19 23 0.02682859 
614 201 11 14 0.022509305 
431 342 374 494 0.022361862 
641 167 15 18 0.022046058 
397 175 14 17 0.021345338 
468 106 13 17 0.020882655 
