52_Photographers_taketouristphotos_52_159
61
586 793 34 46 0.99845195 
441 793 35 46 0.9976376 
289 790 37 46 0.9974311 
746 771 35 48 0.99459547 
321 703 8 9 0.15244669 
302 897 31 38 0.099892505 
339 699 32 33 0.09775467 
305 54 431 542 0.09492857 
251 163 103 122 0.08950596 
179 924 34 38 0.06990557 
309 881 26 32 0.06933812 
455 204 98 101 0.066267006 
766 203 82 96 0.06172997 
456 905 34 40 0.05410016 
743 697 45 57 0.05311992 
171 378 17 24 0.050629698 
785 744 44 56 0.04500436 
325 763 14 17 0.04237108 
766 709 30 43 0.042181626 
295 932 29 31 0.04001071 
751 721 14 16 0.03964083 
510 1008 42 64 0.038856074 
178 907 28 36 0.03863897 
290 893 34 33 0.035033137 
766 753 42 57 0.03360951 
507 925 27 39 0.032026175 
315 702 8 11 0.029889377 
458 883 44 52 0.028882233 
448 759 11 13 0.02886969 
217 918 23 33 0.028623573 
498 743 43 48 0.027948895 
780 695 14 17 0.02758265 
574 218 67 68 0.027471237 
188 231 12 15 0.027185021 
669 893 27 36 0.027106324 
255 851 33 40 0.026277816 
350 987 14 17 0.026205163 
356 738 26 32 0.026020607 
352 705 17 19 0.025392946 
296 911 34 45 0.025183452 
766 669 11 13 0.025086371 
154 217 58 64 0.02489982 
375 751 26 34 0.024733597 
276 892 33 34 0.02404065 
426 887 44 52 0.02397991 
569 862 55 60 0.023960222 
8 1064 7 9 0.023642343 
1012 1006 11 16 0.022447497 
363 752 16 20 0.022269474 
420 755 12 14 0.022031732 
764 716 51 67 0.022011023 
613 765 10 12 0.021786796 
359 750 35 43 0.021707848 
727 706 43 58 0.02146692 
799 701 14 17 0.020929748 
449 762 15 19 0.020865826 
343 709 13 15 0.020835714 
445 563 103 107 0.020724328 
606 761 15 16 0.020571211 
50 1250 34 35 0.020567684 
192 925 40 49 0.020463765 
