52_Photographers_photographertakingphoto_52_666
18
282 255 268 413 0.9989749 
397 261 400 481 0.9954991 
527 189 429 491 0.59283656 
35 415 470 558 0.42741913 
331 780 609 412 0.10837828 
964 403 36 58 0.05982963 
-9 916 504 518 0.05320306 
-4 584 361 524 0.05315111 
806 274 200 275 0.039411925 
876 1137 114 106 0.038431957 
926 396 63 83 0.0365573 
884 358 110 144 0.033486553 
621 373 276 325 0.033136006 
183 104 415 462 0.03198269 
588 166 263 326 0.031713452 
144 322 329 432 0.025979863 
412 516 539 522 0.025763119 
858 444 104 160 0.020187888 
