52_Photographers_photographertakingphoto_52_428
41
499 305 131 113 0.9864422 
632 266 78 114 0.6176099 
555 284 115 125 0.27862543 
987 283 12 15 0.22830547 
999 223 9 11 0.14979705 
961 283 9 12 0.14191374 
926 239 10 12 0.11950915 
972 247 10 12 0.103225715 
985 264 9 11 0.076317295 
1001 260 11 13 0.07595498 
985 280 10 13 0.067102864 
932 244 9 11 0.05412621 
1002 239 8 11 0.052839085 
949 223 9 12 0.052141394 
994 222 8 9 0.05204346 
1004 278 9 11 0.04401028 
926 254 9 10 0.043421816 
1001 245 9 10 0.04175007 
988 266 11 13 0.03641267 
912 251 8 11 0.03584084 
1004 255 10 13 0.03473256 
1005 228 10 11 0.034484066 
938 262 8 10 0.033530213 
970 264 8 10 0.033494588 
643 9 25 40 0.033475183 
967 294 8 10 0.032375306 
999 279 10 12 0.032180157 
998 284 10 13 0.031002497 
964 279 9 12 0.029985458 
960 272 8 10 0.029672837 
1015 243 9 13 0.027558856 
935 255 8 10 0.027027197 
943 280 9 11 0.026739335 
976 182 10 11 0.024964754 
1005 244 9 11 0.024181282 
974 269 9 11 0.023601005 
966 240 8 10 0.023232736 
999 266 11 13 0.022599708 
953 263 7 9 0.02234784 
983 232 8 10 0.02222621 
1014 221 9 12 0.02150904 
