52_Photographers_photographertakingphoto_52_359
21
563 75 53 77 0.9926756 
625 125 145 190 0.48180017 
756 266 56 71 0.21685831 
728 234 94 115 0.095289186 
468 315 27 28 0.092687234 
588 90 57 63 0.076093376 
860 378 19 22 0.06283444 
683 182 124 156 0.045382895 
397 477 44 47 0.04213111 
474 328 19 20 0.040677786 
859 385 26 31 0.03759897 
648 199 73 83 0.037339482 
471 338 18 21 0.036242742 
614 101 40 57 0.034240693 
604 107 115 120 0.034111127 
655 414 71 89 0.031820044 
410 443 16 18 0.031542804 
572 144 237 274 0.027076965 
412 449 16 18 0.024207542 
640 390 122 149 0.023028754 
478 114 37 49 0.02298968 
