52_Photographers_taketouristphotos_52_3
40
268 52 94 117 0.99946994 
702 163 76 98 0.9929523 
383 344 25 34 0.3199331 
108 1067 65 60 0.25929475 
413 286 30 37 0.19960757 
589 387 374 491 0.1786692 
628 534 198 277 0.15206866 
784 156 13 17 0.14974499 
357 387 13 16 0.13082607 
184 363 23 34 0.12104141 
374 352 122 172 0.07575582 
324 514 16 21 0.07070969 
227 404 26 31 0.059276063 
325 508 26 32 0.05051008 
318 441 13 16 0.049144134 
937 569 31 37 0.047442924 
361 380 13 16 0.03904042 
282 450 27 30 0.03638899 
297 343 24 33 0.03383426 
430 274 16 19 0.033687066 
414 398 11 14 0.032616846 
325 347 15 21 0.032224454 
310 503 44 50 0.029748378 
287 443 16 19 0.028278006 
425 296 29 37 0.027169662 
366 225 24 32 0.024792938 
434 309 25 35 0.024719683 
471 395 12 16 0.024522386 
174 401 23 32 0.024500303 
310 341 25 33 0.02437376 
235 290 25 33 0.024278203 
426 280 18 23 0.023850394 
144 340 22 29 0.02379645 
845 489 33 32 0.022350404 
336 515 17 20 0.02191715 
100 1154 65 51 0.021460842 
350 385 23 28 0.020849591 
283 449 51 53 0.020544104 
351 391 13 17 0.020216603 
311 442 14 16 0.02006192 
