52_Photographers_photographertakingphoto_52_96
51
180 337 18 23 0.88368946 
112 364 14 16 0.23988584 
218 334 9 12 0.1205393 
174 325 11 13 0.06987814 
233 344 9 11 0.061902292 
216 350 9 11 0.06048497 
440 593 7 9 0.05561814 
318 585 10 11 0.054696657 
355 749 10 13 0.046546567 
447 632 6 9 0.044360243 
110 358 24 28 0.040372882 
470 599 7 9 0.037966263 
391 438 52 72 0.03559959 
249 574 9 12 0.035470095 
433 592 7 9 0.03343847 
482 606 7 9 0.031017305 
181 350 15 19 0.030054847 
221 403 11 13 0.029925512 
431 583 7 9 0.029051227 
447 592 7 9 0.028086202 
196 389 11 13 0.027473876 
191 405 11 13 0.027134022 
171 389 14 18 0.026950661 
173 333 16 20 0.026493087 
449 616 8 9 0.025942983 
347 604 12 13 0.025808979 
401 584 7 8 0.025564523 
425 592 7 9 0.025454944 
463 616 8 10 0.025339354 
218 339 10 13 0.024907136 
353 639 8 10 0.024673386 
448 584 7 9 0.024041452 
189 388 12 13 0.023868302 
415 607 7 9 0.023745539 
455 592 7 8 0.02371474 
311 638 11 13 0.02235523 
456 598 7 8 0.0220773 
231 337 8 10 0.02172041 
172 382 14 17 0.021556154 
24 333 10 13 0.02148433 
241 631 8 9 0.020926993 
487 606 7 9 0.020755943 
168 339 14 18 0.020745035 
578 352 24 28 0.020465834 
160 348 11 15 0.020447494 
488 600 7 8 0.02038694 
400 623 8 8 0.02030429 
469 591 7 9 0.02019385 
198 405 9 13 0.020151723 
471 618 8 10 0.020118719 
256 616 7 9 0.020055983 
