52_Photographers_taketouristphotos_52_536
65
531 218 118 222 0.99611354 
179 140 25 29 0.52681714 
208 533 56 73 0.21365179 
68 452 16 20 0.14763473 
440 11 15 18 0.13416512 
977 421 47 89 0.122747235 
-18 918 362 452 0.121679865 
546 165 108 167 0.102196634 
20 998 236 268 0.0959393 
861 143 38 52 0.08356825 
573 222 157 236 0.07955389 
965 248 60 78 0.073371954 
85 426 13 17 0.0658248 
66 442 18 22 0.06321304 
542 3 29 37 0.057524536 
872 190 43 58 0.056551747 
254 314 61 78 0.054315712 
21 359 47 65 0.05124684 
641 166 25 31 0.049474288 
821 590 185 325 0.044379856 
146 551 36 48 0.04188518 
295 -2 64 67 0.039907746 
146 445 19 22 0.036584422 
635 21 12 14 0.03634233 
219 140 52 60 0.036273465 
128 483 14 17 0.035573732 
825 284 145 136 0.034935713 
166 377 47 55 0.03490893 
365 548 227 262 0.034626935 
51 397 26 37 0.033391837 
867 158 18 24 0.03262669 
282 307 53 69 0.03171863 
909 182 43 55 0.031684823 
329 182 41 62 0.029030604 
782 125 11 13 0.028845053 
596 894 370 462 0.028619444 
74 445 16 19 0.028097227 
67 349 16 21 0.027886495 
27 343 87 127 0.027670579 
348 3 16 17 0.027460068 
45 507 32 36 0.027359223 
30 367 31 40 0.02725872 
284 -2 96 119 0.026910167 
840 157 42 58 0.026226297 
740 125 11 14 0.025854586 
343 5 13 13 0.025590846 
531 0 50 55 0.025575226 
1012 239 10 15 0.02553957 
164 396 28 34 0.024844676 
740 187 46 71 0.024476066 
237 282 101 125 0.023395082 
155 151 15 19 0.022847893 
264 -4 54 52 0.022708893 
745 225 46 64 0.022175334 
29 15 88 112 0.021336813 
647 14 14 15 0.020665154 
315 23 93 114 0.020624135 
133 91 16 20 0.020616554 
107 427 17 21 0.020552441 
131 434 28 33 0.020461816 
30 505 31 36 0.020363403 
710 246 10 13 0.020263607 
64 422 24 32 0.020246768 
203 581 54 69 0.020231096 
79 417 21 28 0.02018923 
