52_Photographers_photographertakingphoto_52_780
18
746 274 75 111 0.97454745 
366 268 53 77 0.8334878 
696 334 27 38 0.08793874 
679 347 46 59 0.062584996 
280 344 422 471 0.054593097 
780 270 84 106 0.054100234 
365 411 193 296 0.038059805 
683 343 30 42 0.03787899 
619 342 23 27 0.037817765 
365 238 91 127 0.030220294 
818 285 59 83 0.027909705 
382 296 32 48 0.026213605 
422 197 15 20 0.023743339 
664 357 31 34 0.022792663 
669 358 16 17 0.022522235 
419 444 113 195 0.022359446 
633 370 31 39 0.021969248 
645 360 55 56 0.021656344 
