52_Photographers_photographertakingphoto_52_695
53
595 150 166 208 0.9960251 
177 167 65 86 0.99205494 
926 167 31 42 0.35962325 
965 193 26 35 0.3061589 
921 170 48 70 0.22875692 
978 187 23 36 0.11562443 
854 183 43 67 0.107802756 
204 179 37 51 0.08076491 
154 811 58 86 0.07560555 
716 20 10 13 0.07210638 
983 177 13 20 0.069660075 
293 284 112 135 0.06903273 
906 154 78 110 0.06399502 
114 176 52 63 0.05662858 
589 370 434 426 0.053296164 
943 183 45 60 0.052449677 
549 725 442 523 0.049872197 
873 101 9 13 0.045179747 
762 35 14 15 0.045125738 
346 140 29 47 0.04491527 
762 28 13 15 0.043745723 
275 151 25 33 0.042315517 
932 155 24 32 0.039716568 
998 169 15 20 0.03914613 
934 180 28 42 0.038374238 
157 150 67 69 0.034807056 
758 58 11 15 0.03303879 
724 20 12 16 0.032213327 
460 525 395 476 0.02816579 
495 4 27 33 0.02774709 
285 141 41 50 0.02748588 
594 0 26 21 0.027038101 
212 171 71 67 0.026993077 
380 626 74 65 0.0266324 
1006 206 16 25 0.025778862 
412 650 48 39 0.025684044 
376 459 25 32 0.025595238 
187 170 40 55 0.025528232 
988 192 22 34 0.025319109 
763 41 14 17 0.025135824 
704 90 32 44 0.024585752 
356 651 73 56 0.024209086 
303 149 50 58 0.023515677 
724 16 9 11 0.02335349 
765 70 10 13 0.023170846 
954 187 26 39 0.02265335 
752 46 11 14 0.022613503 
931 209 32 47 0.022220656 
328 145 44 56 0.02152441 
750 53 12 15 0.020684205 
973 189 15 21 0.020447168 
201 192 87 94 0.020222656 
142 138 61 55 0.020056086 
