52_Photographers_taketouristphotos_52_266
169
607 450 51 83 0.99825376 
322 388 26 34 0.99744886 
460 374 26 39 0.85929835 
348 378 14 19 0.6854699 
243 415 24 38 0.6551847 
231 417 27 37 0.55177325 
620 376 16 23 0.4663612 
683 633 118 131 0.43854675 
278 338 15 19 0.39882624 
376 342 11 14 0.34506193 
374 372 11 16 0.31846496 
446 378 14 19 0.3056567 
406 563 55 77 0.2848801 
451 376 24 33 0.22061308 
308 338 16 22 0.21927677 
90 407 26 54 0.20357685 
397 279 9 12 0.18968168 
407 369 15 18 0.16863993 
380 338 12 16 0.16527295 
812 562 34 41 0.15811461 
409 300 9 13 0.15004656 
423 388 12 16 0.13899733 
583 318 24 28 0.1332544 
125 215 13 15 0.13007154 
413 300 10 13 0.1300644 
281 397 28 35 0.11394342 
389 358 11 14 0.110669866 
352 372 19 25 0.10462038 
413 341 9 11 0.10141527 
181 219 11 14 0.098877974 
379 370 11 16 0.096347354 
184 239 11 15 0.09086336 
571 324 15 19 0.08664875 
453 318 11 14 0.086069636 
532 331 27 29 0.08379299 
160 222 10 12 0.077451915 
310 305 15 18 0.07390849 
176 229 10 13 0.072995305 
365 371 15 19 0.07123758 
305 322 17 21 0.06816241 
164 228 10 13 0.06754698 
180 404 13 17 0.06522046 
589 323 26 32 0.06326896 
557 338 13 16 0.061278556 
609 377 28 37 0.057999354 
597 302 12 15 0.057978995 
404 383 15 20 0.056356464 
129 218 14 17 0.055889796 
102 408 38 48 0.054847516 
447 318 13 16 0.05463276 
301 344 18 21 0.05246817 
453 300 11 14 0.05238763 
541 306 25 29 0.051688593 
791 542 49 66 0.049440958 
492 309 25 28 0.049076665 
116 402 43 50 0.048830222 
407 335 9 11 0.04771236 
634 310 25 29 0.047614653 
152 222 9 11 0.046435647 
382 364 12 17 0.045564666 
212 406 29 38 0.045142036 
565 331 13 18 0.04455341 
327 528 44 55 0.044471573 
433 343 9 12 0.043821156 
148 179 11 13 0.043333966 
414 385 12 18 0.0429459 
439 333 10 11 0.04261766 
388 339 11 13 0.039433017 
225 418 21 28 0.039431132 
613 374 16 21 0.03906775 
352 334 10 12 0.03838202 
450 371 16 25 0.038272027 
177 222 11 14 0.03776488 
273 340 13 17 0.03710575 
471 374 28 38 0.036972564 
335 383 20 27 0.036909048 
315 332 14 20 0.036687963 
466 371 17 25 0.036599062 
370 341 10 15 0.03578554 
579 392 43 50 0.03573897 
613 339 27 30 0.035503652 
421 301 10 13 0.035356995 
835 567 14 23 0.034908943 
385 356 11 15 0.0342706 
398 273 10 13 0.03340028 
264 391 37 47 0.0329872 
392 281 13 15 0.03284438 
342 342 11 15 0.03280656 
379 344 13 17 0.03262729 
594 314 17 21 0.03212097 
177 214 10 13 0.03163968 
179 396 22 30 0.031487815 
177 396 41 56 0.031311743 
131 225 12 16 0.031175356 
455 341 10 12 0.030902976 
349 299 13 14 0.030726245 
357 365 14 18 0.03035795 
356 299 12 14 0.030299135 
550 332 22 26 0.030287901 
278 274 11 13 0.030144665 
198 399 15 22 0.0300064 
491 320 28 31 0.029479368 
307 312 17 21 0.029159267 
553 312 17 21 0.02906565 
231 344 9 12 0.028678287 
158 248 10 12 0.028588982 
459 301 12 16 0.02815687 
142 195 9 12 0.02743587 
262 278 9 11 0.027282208 
399 380 12 16 0.027168255 
290 387 25 37 0.02706875 
412 436 25 37 0.026876211 
188 401 12 18 0.026786432 
564 316 13 18 0.026463822 
459 315 11 15 0.026439968 
345 299 11 15 0.026340786 
607 378 16 20 0.026019827 
211 381 15 18 0.025851103 
592 367 43 55 0.025811113 
203 383 41 53 0.025631484 
828 321 13 15 0.025609821 
386 353 18 24 0.025535 
713 553 88 145 0.025483118 
751 539 54 76 0.025362676 
298 351 22 26 0.025133306 
489 338 23 28 0.024730813 
493 306 17 20 0.024717912 
205 393 25 32 0.024712883 
272 277 10 12 0.024695542 
402 302 10 11 0.02466653 
350 340 12 16 0.024365474 
236 355 10 16 0.024322232 
219 421 31 42 0.024030074 
427 381 13 18 0.023868281 
164 214 10 13 0.023624375 
550 317 24 30 0.023565533 
145 395 39 53 0.023189224 
165 396 27 37 0.023075791 
174 222 19 25 0.023049835 
399 293 10 12 0.02304304 
589 307 17 20 0.023030171 
474 370 17 25 0.02302533 
846 368 10 14 0.023018887 
600 330 16 20 0.022968106 
336 347 11 16 0.02294043 
446 330 11 13 0.022856878 
539 319 19 22 0.022799214 
796 514 48 65 0.022496248 
184 281 13 18 0.022325234 
448 297 11 13 0.022190792 
175 336 26 34 0.02218466 
600 321 16 19 0.022081489 
390 349 12 16 0.021986006 
295 362 24 34 0.021929784 
531 342 17 20 0.021881247 
368 336 9 11 0.02178383 
123 219 22 27 0.021279197 
830 306 12 13 0.0211275 
483 370 14 21 0.020913938 
583 414 32 36 0.020782 
491 384 16 23 0.020714514 
406 305 11 13 0.020657782 
637 306 18 20 0.020376956 
469 342 12 15 0.020343792 
400 307 12 14 0.02030541 
143 175 12 14 0.02025857 
385 277 8 11 0.02020963 
401 333 9 11 0.020162532 
314 322 14 19 0.020044276 
