52_Photographers_photographertakingphoto_52_219
46
708 433 38 43 0.997566 
420 397 38 46 0.9968335 
661 282 45 57 0.99511766 
564 355 39 50 0.99482155 
766 225 43 56 0.99403316 
186 280 42 56 0.99227726 
302 349 39 52 0.9902028 
863 523 12 16 0.09808736 
878 522 13 14 0.08967088 
318 270 28 43 0.058981024 
49 501 7 9 0.05849007 
866 516 14 17 0.054882105 
887 168 8 10 0.053921264 
990 510 11 13 0.049673248 
733 293 27 33 0.045843907 
732 304 17 21 0.044440717 
870 517 25 25 0.042443365 
101 259 11 13 0.03395985 
551 166 7 9 0.033703156 
774 443 11 12 0.030565487 
318 87 8 10 0.029517442 
547 388 11 15 0.028360158 
934 524 10 12 0.027925843 
76 196 10 13 0.025897026 
294 63 9 11 0.025748929 
456 234 39 59 0.02567041 
1009 345 7 10 0.025163421 
47 519 7 9 0.024451124 
540 505 27 32 0.024303095 
72 522 24 30 0.024156041 
890 525 13 13 0.023717958 
984 512 12 12 0.023601998 
0 519 7 11 0.023534058 
672 142 9 9 0.023487002 
809 660 11 11 0.0232671 
973 536 8 10 0.022868523 
40 502 8 10 0.022787478 
149 151 9 10 0.02265983 
495 141 9 11 0.022435699 
41 520 6 9 0.022322923 
882 152 7 9 0.022063572 
881 160 8 9 0.02202272 
57 495 7 10 0.020897076 
310 69 8 10 0.020846106 
783 441 10 11 0.020623092 
69 510 8 10 0.020355903 
