52_Photographers_taketouristphotos_52_51
108
448 936 35 42 0.9988142 
859 829 16 20 0.30096164 
709 734 11 14 0.26647767 
884 756 15 18 0.15931591 
724 723 10 13 0.12527083 
793 716 13 16 0.12230501 
877 705 8 9 0.11967414 
906 733 10 12 0.11826226 
895 704 8 10 0.10808068 
839 871 10 13 0.08607802 
909 742 11 13 0.08546309 
903 704 8 10 0.075021535 
709 718 9 11 0.07154711 
886 720 9 10 0.06783413 
754 712 15 18 0.06569912 
887 725 9 10 0.06354819 
812 739 12 15 0.06250844 
806 726 14 19 0.060677234 
921 702 9 12 0.058845423 
432 1050 14 16 0.058589235 
421 1271 8 9 0.056950584 
909 748 11 14 0.05434096 
920 733 10 13 0.050464064 
890 710 9 10 0.049526405 
873 703 8 11 0.04924861 
905 728 10 12 0.04751057 
893 727 9 11 0.04750058 
863 703 8 11 0.047292925 
765 1288 16 23 0.046714447 
757 872 10 11 0.04660952 
419 1085 10 13 0.046478312 
908 717 9 11 0.045279365 
418 1278 8 12 0.04352394 
911 757 10 12 0.04349204 
732 887 10 13 0.042857274 
710 713 9 12 0.041736905 
750 871 10 12 0.041676644 
885 734 11 12 0.0399158 
861 726 10 13 0.039831717 
761 859 11 13 0.03983084 
417 1284 8 11 0.039532024 
697 726 9 13 0.038321324 
293 1020 12 13 0.037635207 
701 725 11 13 0.03648019 
414 1235 9 12 0.036320254 
820 838 13 16 0.036267463 
527 867 25 32 0.03586137 
905 709 9 10 0.035535563 
880 735 12 14 0.034294453 
783 879 8 10 0.033554148 
919 741 9 12 0.032937735 
449 1262 8 11 0.03276892 
720 880 9 11 0.031475965 
701 751 9 12 0.029681353 
920 727 10 12 0.029533714 
830 751 12 14 0.029485138 
734 726 9 11 0.029232629 
479 1286 8 10 0.029127697 
875 784 13 16 0.028799295 
908 711 9 11 0.02878664 
416 1252 10 13 0.028607689 
873 709 9 11 0.028413322 
735 718 10 12 0.027819289 
430 975 15 20 0.027718876 
893 733 9 11 0.027580844 
317 42 10 12 0.027340071 
416 1246 8 11 0.027311703 
806 730 23 26 0.027220163 
846 852 12 16 0.027180389 
714 901 13 16 0.026790177 
742 710 10 12 0.026438503 
837 704 10 11 0.02638188 
438 0 16 12 0.026222533 
708 726 12 14 0.026167529 
294 900 12 17 0.026094854 
744 886 9 12 0.026079511 
893 742 10 11 0.025796102 
422 1284 8 11 0.025637982 
855 724 11 15 0.025507651 
744 870 12 14 0.025453933 
822 791 13 14 0.025403805 
454 1052 10 13 0.02468601 
812 747 11 14 0.024240622 
877 722 11 13 0.024104139 
705 740 10 12 0.023849677 
742 727 10 11 0.02355544 
443 667 123 139 0.023488695 
705 713 8 11 0.022481529 
486 728 10 12 0.022479387 
770 1297 15 20 0.022431694 
462 1272 8 10 0.022156976 
855 878 9 11 0.022094142 
278 69 10 12 0.022089798 
502 1063 8 10 0.021521104 
738 710 9 11 0.021198718 
861 871 10 11 0.020986736 
741 732 12 14 0.020941742 
154 -6 60 63 0.020930953 
801 850 15 18 0.020779695 
750 724 12 14 0.020704556 
863 708 9 11 0.020663626 
441 1049 15 18 0.02064649 
863 720 8 11 0.020617757 
416 1120 10 11 0.020432375 
449 1253 9 12 0.020337585 
530 1053 14 16 0.020104352 
901 917 10 12 0.020072961 
918 750 10 14 0.0200347 
