47_Matador_Bullfighter_Matador_Bullfighter_47_703
18
472 113 132 172 0.9998667 
202 93 37 54 0.5580784 
284 331 101 138 0.4843904 
133 109 56 96 0.29065278 
20 323 65 79 0.05959094 
842 197 106 135 0.041558824 
346 371 56 103 0.039858755 
176 105 48 65 0.038271572 
927 197 32 40 0.03817731 
367 30 41 58 0.034478303 
805 36 194 293 0.03107635 
918 201 51 57 0.029728994 
752 122 57 69 0.028705655 
7 37 32 39 0.024513468 
578 0 31 30 0.02255106 
400 356 214 213 0.022343418 
0 -2 25 28 0.02151429 
250 390 138 109 0.02129035 
