47_Matador_Bullfighter_Matador_Bullfighter_47_636
17
81 114 114 68 0.8828806 
612 89 435 430 0.09089002 
322 173 357 453 0.07662204 
152 141 179 214 0.07040939 
109 116 70 41 0.06495073 
60 110 207 168 0.054130636 
197 242 134 119 0.047328863 
249 178 141 148 0.044238996 
379 22 448 528 0.041671515 
901 145 130 185 0.041043 
72 123 45 39 0.034478176 
127 107 46 35 0.032385744 
93 123 60 41 0.031451315 
337 506 138 94 0.029155117 
108 158 54 40 0.028737234 
208 165 223 245 0.02726599 
761 493 30 37 0.026523998 
