47_Matador_Bullfighter_matadorbullfighting_47_152
110
192 216 31 42 0.9979056 
779 275 28 45 0.9895717 
118 10 16 19 0.8505749 
467 0 21 21 0.72725004 
678 52 13 17 0.47335163 
426 2 20 18 0.40665558 
174 20 14 17 0.38721666 
658 73 16 20 0.34948546 
147 28 13 16 0.31764302 
972 52 28 29 0.20183125 
628 11 13 17 0.15324683 
312 8 17 20 0.1301167 
695 58 13 18 0.1297791 
622 60 13 16 0.11730876 
919 22 12 15 0.10659083 
683 57 14 17 0.09388847 
468 38 15 18 0.09033572 
467 46 18 19 0.08299483 
685 46 10 13 0.081252776 
671 100 11 14 0.0759694 
971 17 19 20 0.07502577 
452 30 11 13 0.072664715 
1013 6 9 12 0.06992863 
480 3 14 14 0.06337664 
419 5 22 21 0.060456123 
517 386 54 78 0.05953459 
477 421 95 130 0.059177574 
173 3 15 17 0.05826507 
703 43 10 12 0.054835998 
530 439 29 36 0.0538316 
967 20 14 17 0.05278815 
284 0 17 14 0.052577548 
624 7 21 27 0.051442754 
174 1 11 11 0.0481853 
613 53 12 14 0.04377777 
468 29 12 14 0.043358617 
338 517 46 33 0.04145738 
985 53 17 20 0.041054126 
681 40 9 11 0.039359376 
175 11 18 22 0.033363674 
187 47 13 14 0.03198731 
653 46 10 13 0.031522375 
673 58 10 14 0.03110394 
155 28 12 16 0.031009762 
381 29 14 15 0.030859904 
679 65 10 14 0.030567704 
463 49 13 16 0.029662384 
686 64 13 15 0.029370693 
381 0 12 12 0.028721176 
608 68 12 16 0.028413054 
462 22 12 14 0.028212933 
652 53 12 14 0.028057085 
758 103 21 27 0.028047517 
462 28 13 14 0.028026432 
974 16 29 30 0.02764789 
153 516 32 33 0.027644234 
694 76 12 15 0.027454987 
168 21 13 16 0.027382247 
515 421 52 78 0.027273264 
700 53 21 28 0.026929742 
305 96 29 36 0.026339892 
678 45 21 26 0.025974387 
915 46 13 15 0.02587552 
145 24 11 14 0.025865141 
491 22 15 17 0.0258608 
707 42 13 14 0.025524547 
166 48 10 12 0.025392927 
271 27 22 28 0.025153141 
136 516 33 27 0.0251188 
507 451 55 81 0.024855115 
649 60 11 14 0.024664203 
303 104 44 51 0.02406993 
438 38 12 16 0.024005925 
117 53 12 14 0.023990193 
464 36 13 15 0.023973228 
258 105 15 19 0.023950415 
447 23 22 25 0.023928687 
626 54 11 15 0.023047075 
531 401 17 20 0.02273267 
508 358 55 77 0.022659007 
614 55 19 24 0.022618514 
873 14 11 16 0.022606468 
566 4 13 13 0.02254694 
433 0 18 15 0.022545774 
694 40 10 11 0.022482447 
420 16 17 19 0.022373619 
307 40 26 31 0.02229238 
512 100 13 16 0.022269914 
467 7 26 28 0.022206321 
144 4 12 15 0.02202799 
167 0 12 11 0.021951765 
110 228 154 202 0.021831347 
416 3 14 16 0.021766735 
290 -1 25 24 0.021636399 
468 19 14 15 0.021370633 
278 0 14 12 0.021254648 
984 62 18 21 0.021154562 
211 214 26 38 0.021013075 
959 39 45 52 0.02085771 
506 544 15 18 0.02083917 
748 67 17 21 0.020804724 
876 13 101 121 0.02077029 
417 29 11 14 0.020683954 
483 60 13 14 0.020646347 
255 25 15 19 0.020624982 
265 106 25 32 0.020619242 
686 40 9 11 0.020525215 
165 26 14 17 0.020396378 
998 59 13 18 0.020201512 
106 87 23 25 0.020094652 
