47_Matador_Bullfighter_Matador_Bullfighter_47_617
22
129 46 551 653 0.999992 
876 803 130 171 0.24880965 
90 676 63 86 0.09880838 
339 -1 392 493 0.06957192 
296 553 431 443 0.067770064 
652 1015 27 32 0.054223716 
269 297 362 455 0.044022083 
879 633 122 121 0.041518994 
52 -37 406 546 0.039739743 
449 170 465 480 0.033854872 
810 610 60 71 0.029093714 
991 696 32 43 0.027953591 
892 -14 147 188 0.027935902 
1 1043 15 19 0.027221533 
699 1052 27 28 0.026969858 
653 1005 14 17 0.026016833 
4 674 77 138 0.023712808 
610 1017 16 19 0.023417808 
627 1019 18 21 0.023226494 
492 956 16 21 0.022839695 
585 1070 24 28 0.022553032 
638 1008 27 34 0.021707088 
