47_Matador_Bullfighter_matadorbullfighting_47_511
1386
411 265 14 18 0.5977504 
991 97 7 9 0.5901674 
143 39 7 10 0.5778777 
764 273 10 12 0.49198323 
441 6 7 9 0.4538793 
782 63 7 10 0.44610736 
429 17 7 10 0.43501192 
289 45 7 10 0.40481123 
239 575 11 14 0.3892099 
815 561 14 16 0.35751817 
69 566 12 16 0.35619113 
769 546 12 15 0.33918265 
690 8 408 451 0.33334062 
996 475 10 13 0.33293182 
972 133 9 11 0.3265528 
959 116 9 11 0.31826785 
276 580 14 17 0.31700957 
320 61 8 11 0.31296134 
307 84 8 12 0.31148157 
293 46 8 9 0.2940013 
918 497 11 16 0.29391903 
951 151 8 9 0.27363747 
5 73 8 10 0.26857978 
224 89 7 8 0.25425383 
746 64 6 9 0.24303918 
306 79 8 11 0.23479763 
833 563 11 16 0.23006694 
472 47 6 8 0.22813289 
967 63 7 9 0.21811466 
69 80 8 10 0.21659352 
0 115 8 12 0.21631856 
600 54 9 12 0.21563637 
405 24 8 11 0.21436672 
390 36 8 10 0.21119183 
961 94 9 10 0.20675544 
121 71 8 10 0.20663694 
846 56 7 10 0.20561622 
931 492 12 17 0.20519967 
728 68 8 10 0.20486397 
554 64 7 9 0.20428771 
431 589 10 13 0.20427097 
958 72 7 10 0.19639555 
175 56 7 9 0.1947733 
698 23 8 11 0.19475575 
33 70 8 10 0.19134173 
176 86 7 10 0.19126028 
940 572 13 17 0.18814473 
863 524 12 16 0.18580927 
383 48 7 9 0.18545766 
535 32 7 9 0.18313591 
63 15 7 9 0.18209027 
570 96 9 12 0.1814647 
834 88 7 9 0.18003705 
976 22 8 10 0.17991336 
949 500 14 17 0.17967486 
637 296 9 11 0.1781005 
786 507 14 17 0.17397691 
1004 126 9 13 0.1734154 
660 57 8 10 0.17243084 
159 72 7 10 0.17090152 
889 31 7 10 0.16800693 
19 593 13 18 0.16624904 
984 78 6 10 0.1645799 
502 37 7 10 0.16227649 
206 89 8 10 0.15994975 
196 568 15 17 0.15825881 
912 46 7 9 0.15763356 
215 77 7 9 0.15479168 
89 23 7 8 0.15434226 
918 111 7 9 0.1537748 
1004 613 16 25 0.1507435 
137 128 9 11 0.15012942 
718 79 7 9 0.14779063 
754 94 8 10 0.14749949 
412 255 10 12 0.14728878 
807 64 8 10 0.14718814 
298 54 8 10 0.14580822 
611 488 13 16 0.14373302 
161 77 7 9 0.14367135 
266 8 7 8 0.14348966 
155 69 6 10 0.14340138 
33 125 10 11 0.14326876 
248 7 7 9 0.14294694 
845 517 15 19 0.14279369 
872 119 8 10 0.14207332 
967 39 6 8 0.1411413 
936 576 12 17 0.1403489 
57 50 8 9 0.14007334 
622 7 7 10 0.13971174 
254 62 7 9 0.1393562 
183 604 15 20 0.13880818 
882 48 7 8 0.13831806 
361 32 8 10 0.13821803 
125 70 8 11 0.13783947 
853 116 8 12 0.13695821 
89 54 6 8 0.13567637 
338 88 7 9 0.13528362 
416 8 7 10 0.13464278 
141 128 8 10 0.13451721 
111 554 11 13 0.13379578 
855 31 8 10 0.1335549 
566 36 8 10 0.1335537 
244 565 10 13 0.13328981 
943 54 7 10 0.1326273 
345 62 8 10 0.13248487 
521 38 7 9 0.13182855 
896 128 8 10 0.1312425 
113 6 7 9 0.13067482 
700 575 12 14 0.13055792 
953 77 8 10 0.13042343 
12 587 16 21 0.12980907 
913 144 7 9 0.12890951 
801 30 7 9 0.12860942 
808 89 7 9 0.12819737 
131 606 16 19 0.12806073 
147 579 12 16 0.12687846 
590 1 8 9 0.12546487 
912 531 11 15 0.12530328 
742 587 10 12 0.12469597 
30 14 8 11 0.12390338 
566 121 8 12 0.12371902 
593 76 9 11 0.123636566 
472 65 7 9 0.122721046 
22 104 8 11 0.122412235 
426 55 7 9 0.12202196 
31 53 7 10 0.121562846 
449 48 6 9 0.1210275 
850 112 8 10 0.11981023 
78 69 8 10 0.1191795 
593 6 8 9 0.1189291 
935 80 9 9 0.11887616 
295 2 6 8 0.11843643 
904 84 8 10 0.11790809 
103 22 7 9 0.11745014 
305 72 7 9 0.11735058 
358 88 9 10 0.11728743 
763 588 12 15 0.117069595 
151 570 12 17 0.116681375 
97 151 8 10 0.1157583 
406 85 8 9 0.11540771 
6 586 14 19 0.1143032 
871 39 8 10 0.11369213 
353 87 8 10 0.113488674 
296 589 12 15 0.113360666 
725 32 8 9 0.11322693 
873 77 8 10 0.11317167 
824 6 7 9 0.11310753 
13 54 7 10 0.11248832 
912 41 7 9 0.11132764 
760 533 9 12 0.110721804 
387 39 8 9 0.11030826 
935 110 7 9 0.11020889 
166 23 6 8 0.109771356 
1001 86 7 10 0.10971846 
937 37 8 10 0.10910652 
697 72 7 9 0.108343154 
429 55 8 9 0.10749469 
934 87 10 12 0.107198894 
702 46 7 8 0.10644086 
751 23 8 10 0.10640897 
784 33 7 10 0.105710715 
321 21 7 9 0.10564278 
726 571 13 14 0.10519703 
609 30 8 10 0.105181314 
614 589 12 14 0.10466851 
456 38 8 10 0.10457212 
178 40 7 9 0.103796676 
122 77 8 9 0.10261491 
798 24 8 10 0.10215304 
308 104 10 12 0.10195166 
906 55 8 10 0.10182121 
878 507 9 12 0.101276375 
601 50 7 10 0.10083756 
670 14 8 10 0.10057984 
1002 536 9 12 0.09998622 
216 7 7 9 0.09986416 
910 56 8 10 0.09969815 
768 661 11 13 0.09941985 
958 172 8 10 0.09894997 
134 106 8 10 0.09859709 
322 17 7 9 0.09855213 
166 574 12 15 0.09852874 
456 77 8 10 0.09849875 
770 103 7 10 0.09833726 
759 56 8 9 0.09782603 
496 7 7 9 0.09745434 
650 579 17 19 0.09724124 
990 31 8 9 0.09632885 
494 572 16 19 0.09578936 
337 15 8 9 0.09524426 
183 45 7 9 0.09480272 
836 569 13 17 0.09453836 
858 97 7 9 0.09382815 
69 108 8 10 0.09378429 
246 33 7 9 0.09225403 
793 87 6 8 0.09164601 
737 619 17 20 0.09153937 
80 32 7 9 0.09139707 
727 37 7 9 0.09081358 
271 36 8 10 0.09074402 
576 77 8 10 0.0896565 
802 7 7 9 0.089584835 
888 95 8 10 0.08957873 
968 484 12 15 0.0895188 
934 17 8 10 0.088643625 
250 62 7 9 0.088331275 
962 15 7 10 0.08786341 
210 71 8 10 0.08726437 
498 62 8 9 0.086687066 
341 88 8 9 0.086571604 
57 142 8 11 0.08569855 
0 38 8 12 0.08569669 
866 517 13 17 0.08549294 
963 64 7 8 0.08482551 
38 102 8 11 0.083846554 
123 407 13 16 0.08371714 
378 585 13 15 0.0837124 
183 86 7 10 0.08354932 
798 108 8 11 0.0832652 
575 72 8 10 0.08317787 
878 73 8 10 0.08238293 
713 95 8 9 0.082011536 
553 105 8 9 0.0820002 
238 69 8 9 0.0819244 
198 5 7 9 0.081474 
823 38 7 8 0.081222825 
855 587 13 16 0.08102756 
638 112 8 10 0.08090965 
336 31 6 9 0.08087239 
281 16 7 10 0.08085868 
553 15 8 10 0.08083593 
782 56 7 10 0.08076143 
160 8 8 9 0.08030392 
287 21 8 9 0.080165006 
485 119 8 10 0.08000984 
457 32 9 10 0.079650305 
608 17 8 10 0.07928487 
713 39 6 8 0.07876627 
552 68 8 10 0.07863899 
337 54 8 10 0.078003444 
33 96 8 10 0.07783161 
574 52 8 10 0.07782111 
457 16 7 9 0.07745246 
895 38 7 10 0.07698065 
921 32 7 8 0.07674569 
851 522 13 17 0.07665765 
498 37 7 10 0.07643697 
479 13 7 9 0.0763146 
1005 87 7 9 0.07631056 
774 128 7 9 0.076068774 
763 2 7 8 0.075524405 
886 5 8 9 0.07520638 
609 22 8 10 0.07503882 
270 6 8 9 0.07500654 
105 61 7 10 0.07485135 
224 92 8 10 0.07468736 
950 132 8 11 0.07433672 
216 1 8 8 0.07417231 
296 5 7 9 0.0740562 
345 68 9 11 0.07365647 
887 55 8 10 0.073648915 
6 118 8 11 0.07361404 
761 61 8 9 0.073390804 
62 49 8 9 0.07325554 
301 55 8 9 0.07318801 
507 588 15 18 0.07312695 
79 557 11 16 0.0731187 
101 151 8 9 0.072820224 
902 518 9 12 0.07252029 
744 6 8 9 0.07242684 
243 7 7 9 0.07226284 
886 111 8 10 0.072194315 
265 69 9 11 0.07189669 
366 104 8 9 0.07153956 
839 86 7 10 0.0714844 
664 91 9 11 0.07132335 
245 579 12 14 0.07128543 
396 594 14 17 0.070852414 
576 6 9 11 0.070568755 
961 89 8 10 0.07055409 
842 646 13 14 0.07042902 
842 38 8 9 0.07019687 
368 6 7 9 0.07009214 
557 62 8 10 0.069985166 
759 89 7 9 0.06998239 
911 60 9 12 0.06990371 
182 39 8 10 0.06976623 
13 49 7 9 0.069420956 
677 6 9 9 0.06938887 
312 32 7 10 0.069214046 
745 68 8 10 0.0690459 
105 551 9 12 0.06871338 
969 168 7 9 0.068366945 
750 69 7 10 0.067853734 
869 508 11 14 0.06775776 
696 77 8 10 0.06772679 
56 94 8 9 0.06762724 
558 14 8 10 0.06757668 
557 104 7 10 0.06750585 
668 89 9 11 0.06746347 
103 159 8 9 0.06741358 
432 38 7 9 0.066969216 
6 152 9 10 0.06637384 
337 47 8 10 0.06612927 
671 8 9 10 0.06603861 
937 104 7 10 0.06592804 
501 58 8 9 0.06580572 
240 132 8 9 0.06576728 
954 111 8 11 0.06563951 
936 141 8 10 0.065580554 
33 101 9 11 0.065559365 
343 121 9 10 0.0655471 
70 558 13 18 0.06533923 
343 56 7 10 0.06522025 
489 54 7 9 0.06516521 
520 46 7 9 0.06491651 
551 604 12 15 0.06490226 
74 63 7 10 0.064629965 
234 69 7 9 0.06450569 
68 -57 385 444 0.064417414 
687 40 6 9 0.06431945 
336 9 8 10 0.06426677 
82 539 14 16 0.0641142 
144 15 6 8 0.06365006 
846 37 7 9 0.06364975 
622 13 8 10 0.06358716 
23 33 8 9 0.06358568 
468 584 14 16 0.063076034 
144 585 12 15 0.06304277 
666 13 7 10 0.06301437 
95 558 9 13 0.06275728 
17 109 9 11 0.062363956 
830 8 7 9 0.062126517 
942 33 7 9 0.06190796 
104 80 7 8 0.06189824 
943 497 13 17 0.06189445 
85 559 11 13 0.06173852 
416 13 7 10 0.061356388 
401 80 8 11 0.061307926 
242 32 8 10 0.06121585 
270 64 8 11 0.061171804 
831 49 7 8 0.06105872 
846 80 8 11 0.06102498 
848 32 8 10 0.06028381 
224 135 7 8 0.05989283 
520 581 11 14 0.05975337 
33 160 8 9 0.059749942 
901 548 8 12 0.059738696 
502 32 7 9 0.059659116 
464 72 7 9 0.059583306 
941 492 12 16 0.059482142 
103 86 8 10 0.059444003 
37 72 8 10 0.059400637 
342 14 8 10 0.059175253 
8 30 7 10 0.059096422 
625 40 8 10 0.059034605 
687 88 7 9 0.05886623 
797 589 13 16 0.0588136 
10 47 7 9 0.05879347 
568 8 7 10 0.058790937 
865 45 8 9 0.058671102 
472 7 7 9 0.058627743 
673 72 8 9 0.05860663 
461 585 14 18 0.058555063 
22 136 8 10 0.058412813 
924 571 13 19 0.058381677 
47 29 8 11 0.05835183 
177 46 8 10 0.05825181 
950 95 8 10 0.058132995 
677 70 9 11 0.058025014 
896 16 7 9 0.057942 
920 39 7 9 0.05788924 
624 71 7 10 0.05785978 
711 581 12 14 0.05748209 
886 2 7 7 0.057230704 
112 103 7 10 0.05680644 
361 92 9 11 0.056749772 
749 64 7 9 0.056446493 
362 103 8 10 0.05623031 
847 587 10 14 0.05618641 
910 79 8 11 0.056116015 
703 72 6 9 0.055931892 
105 57 7 8 0.055783384 
181 31 8 10 0.055776715 
878 39 8 9 0.055683494 
681 116 9 11 0.05562838 
728 2 7 7 0.055505216 
825 54 7 8 0.05542682 
926 495 13 17 0.055365413 
216 14 7 10 0.055275418 
167 609 13 18 0.055079993 
223 38 7 8 0.05495861 
171 87 7 9 0.054847036 
586 111 8 9 0.054714784 
265 14 8 10 0.05467728 
30 32 7 9 0.054649103 
831 54 6 9 0.054592226 
930 92 9 11 0.054529857 
504 24 7 8 0.054527868 
414 56 7 10 0.054288927 
208 47 7 9 0.054239944 
957 76 8 10 0.054135166 
324 61 8 11 0.054035537 
560 8 8 10 0.05397001 
806 32 7 9 0.053866964 
97 7 8 9 0.05383982 
584 0 9 10 0.05370922 
521 34 6 8 0.053638745 
807 56 7 8 0.053597324 
120 158 8 10 0.053548336 
591 111 8 9 0.0534204 
167 73 7 10 0.053373497 
928 144 6 9 0.05327654 
986 39 7 8 0.053259995 
985 53 8 9 0.05322388 
734 64 7 9 0.05312793 
998 52 8 10 0.053117547 
31 120 10 10 0.053052746 
101 17 8 9 0.052949794 
896 79 7 9 0.052887943 
194 1 8 9 0.052878246 
278 54 8 10 0.05283795 
824 23 7 10 0.05282237 
193 6 8 10 0.05267663 
263 79 9 10 0.052386064 
861 101 8 10 0.052182946 
880 111 7 9 0.052106492 
1002 121 8 9 0.052016914 
119 46 6 9 0.05187501 
918 144 7 9 0.051668826 
985 48 7 9 0.051647965 
266 32 7 10 0.051634595 
321 7 7 9 0.051631838 
543 48 7 9 0.051577885 
444 6 8 9 0.05144923 
86 594 14 17 0.051414162 
714 80 7 9 0.05139556 
964 118 7 10 0.051319543 
135 0 7 7 0.051260833 
896 523 11 15 0.05105187 
649 85 8 11 0.05102855 
720 573 10 13 0.05102642 
606 60 9 11 0.050990578 
357 434 10 14 0.050930053 
1006 33 7 9 0.050918784 
352 8 9 11 0.05074079 
599 15 8 9 0.050727863 
474 30 8 10 0.050643317 
925 556 11 15 0.050436717 
103 555 9 13 0.050365422 
896 22 7 9 0.05035556 
63 53 7 9 0.050318666 
216 103 8 9 0.05026811 
312 581 10 12 0.050245278 
591 15 9 10 0.049917888 
110 2 8 8 0.049815528 
117 479 15 17 0.049775284 
232 24 6 8 0.049654864 
24 48 8 9 0.049633674 
863 137 7 9 0.049544476 
382 53 9 10 0.049514376 
295 583 12 14 0.04948878 
882 2 7 8 0.04938187 
913 70 7 9 0.049225368 
304 6 7 9 0.049160846 
638 70 11 12 0.049049646 
303 63 8 10 0.04902406 
844 579 11 16 0.04900717 
192 46 7 9 0.048991673 
96 156 8 10 0.048964374 
48 110 8 10 0.04889739 
116 555 10 13 0.04888461 
58 8 8 8 0.04888234 
825 47 7 9 0.048784237 
761 594 12 15 0.04871072 
783 68 7 10 0.04864834 
23 37 7 9 0.04856919 
384 78 7 10 0.048533298 
119 151 9 11 0.04852614 
496 56 7 9 0.048498444 
318 123 9 11 0.048408125 
325 56 8 10 0.04840684 
654 118 8 9 0.0482945 
577 2 9 10 0.04797485 
438 87 8 9 0.047882546 
806 37 7 9 0.04786293 
96 481 16 18 0.04782547 
669 576 13 15 0.04778202 
38 559 14 19 0.047718707 
609 36 9 10 0.047545884 
1000 49 7 9 0.04754188 
529 80 7 9 0.047300056 
605 55 9 11 0.04728364 
822 2 7 7 0.047169946 
119 169 7 9 0.047165576 
425 48 7 9 0.047050826 
879 17 7 9 0.04703195 
867 40 7 9 0.04691738 
836 538 13 17 0.046913225 
127 28 8 10 0.04690056 
871 5 8 10 0.046888664 
798 524 11 13 0.04686718 
290 1 8 8 0.04685782 
641 64 9 10 0.04678944 
678 57 7 8 0.046756066 
695 0 8 8 0.0467518 
941 37 8 9 0.046598326 
699 46 6 9 0.04658695 
632 46 8 10 0.046565164 
23 142 9 11 0.04654267 
568 79 8 11 0.046525333 
700 27 8 11 0.046359967 
127 66 8 9 0.046339944 
802 64 8 10 0.04633338 
776 48 7 9 0.046310622 
32 64 7 10 0.04628497 
173 572 10 14 0.046276797 
873 21 8 10 0.04608737 
478 64 7 9 0.046013158 
278 1 7 9 0.04588036 
254 7 7 9 0.045868568 
754 90 7 9 0.04583975 
537 48 7 9 0.04568059 
919 117 8 10 0.04548425 
612 594 13 15 0.045461692 
728 46 7 9 0.045314524 
534 80 6 8 0.045256406 
177 125 7 9 0.04509586 
777 54 7 10 0.04500772 
31 9 8 10 0.044752926 
869 561 16 18 0.04467047 
76 567 13 19 0.044660784 
542 600 12 17 0.04464923 
365 32 8 9 0.044634346 
943 135 9 10 0.04457327 
64 19 8 10 0.044509675 
96 21 7 10 0.044498343 
776 1 7 8 0.044462096 
511 15 7 10 0.044456936 
360 36 8 10 0.044452555 
600 104 8 10 0.044445403 
625 45 8 10 0.044426646 
632 104 8 10 0.04436472 
925 564 11 15 0.04429482 
882 104 6 9 0.044260394 
597 73 10 12 0.044189736 
989 39 7 8 0.043866873 
253 578 13 17 0.043765604 
224 32 8 10 0.04369394 
170 55 7 9 0.043593977 
102 94 8 10 0.043515638 
85 650 14 19 0.043472387 
856 78 8 10 0.043377183 
616 15 7 10 0.04334175 
599 109 7 9 0.043333013 
338 92 8 10 0.043301772 
750 127 8 9 0.04329856 
996 501 9 11 0.04312908 
875 524 11 16 0.043115046 
933 117 10 13 0.04311312 
975 55 7 8 0.043082662 
136 167 8 10 0.043058705 
97 16 8 10 0.043050747 
790 15 8 9 0.04289035 
379 606 12 16 0.04288758 
769 96 7 9 0.042763747 
250 22 7 9 0.042704985 
928 6 7 9 0.042702917 
986 32 7 9 0.04265571 
737 47 7 9 0.0425949 
966 16 7 10 0.04216949 
737 80 8 9 0.042098664 
431 0 7 8 0.04206453 
969 57 7 9 0.041935656 
454 47 8 9 0.04169354 
1006 94 9 10 0.04169196 
717 95 8 10 0.0416799 
928 2 7 8 0.04167352 
641 56 8 9 0.04157018 
904 8 7 9 0.041568607 
888 15 8 9 0.04135881 
161 14 8 10 0.041332446 
807 1 7 7 0.041306634 
175 61 8 9 0.041245658 
498 32 7 9 0.04123061 
360 2 7 8 0.041126315 
1005 142 8 11 0.041053005 
873 17 8 9 0.040966745 
47 159 10 12 0.040878907 
912 32 7 8 0.040811114 
797 571 14 17 0.04077801 
101 143 9 11 0.040735167 
630 586 12 14 0.04047106 
408 40 7 9 0.040434483 
744 47 7 9 0.040297847 
529 31 8 9 0.040280063 
14 60 8 11 0.040265944 
383 17 8 10 0.04024949 
596 6 9 10 0.040248062 
402 29 8 10 0.040229436 
490 48 7 9 0.04021502 
62 143 9 10 0.040204026 
984 73 7 9 0.04015599 
191 104 8 9 0.040075745 
728 5 7 9 0.040070206 
426 61 7 9 0.039973095 
808 109 8 10 0.039947905 
734 96 7 9 0.03993302 
682 87 7 9 0.039931208 
379 48 7 9 0.03990844 
442 80 7 9 0.039875496 
713 87 7 10 0.039800383 
792 81 6 8 0.03979405 
138 7 7 9 0.039690536 
583 15 8 10 0.039627615 
703 40 6 9 0.039537724 
87 112 8 11 0.039535884 
802 37 8 9 0.039516587 
313 611 16 19 0.039459687 
38 107 9 11 0.039346535 
221 6 8 9 0.039344124 
337 564 10 13 0.0392819 
519 71 8 10 0.039190393 
42 31 8 10 0.039182905 
896 6 8 9 0.03908712 
174 70 8 10 0.03904232 
409 61 8 10 0.03899109 
786 14 7 10 0.038892664 
161 152 8 10 0.038816832 
606 48 8 9 0.038788006 
111 25 7 10 0.03878793 
889 36 8 10 0.03871165 
87 17 8 10 0.038627997 
817 0 8 7 0.03851595 
954 168 9 11 0.038497824 
65 83 8 11 0.038418707 
590 31 8 10 0.038283017 
834 92 7 10 0.038280733 
746 142 7 10 0.03820003 
160 159 8 9 0.038100787 
789 38 7 10 0.038012262 
791 8 8 9 0.03801213 
173 608 14 21 0.037983418 
856 73 6 8 0.03797742 
416 638 8 10 0.037951663 
624 77 8 10 0.037846647 
121 29 7 9 0.03784431 
0 159 9 13 0.037842035 
391 5 8 10 0.03780316 
598 575 12 14 0.037788756 
896 2 8 7 0.037787046 
1004 148 9 11 0.037651584 
129 0 8 8 0.037606012 
350 630 13 17 0.03745114 
414 61 7 10 0.037408207 
721 73 7 9 0.03738994 
746 23 8 10 0.03737366 
445 593 13 16 0.03725722 
353 436 10 14 0.037241668 
602 126 8 10 0.037236046 
541 619 9 12 0.037235778 
326 103 8 11 0.037163615 
486 595 10 13 0.03716107 
136 70 8 10 0.037133057 
736 55 7 9 0.037110772 
250 14 7 10 0.037068933 
48 24 8 10 0.03696931 
767 88 7 9 0.03691608 
751 16 8 10 0.036913775 
628 484 12 15 0.036893167 
463 16 6 8 0.03685505 
352 1 9 9 0.036811523 
840 516 13 17 0.036804106 
487 125 8 10 0.036761764 
89 50 8 9 0.036696102 
730 137 7 10 0.036619194 
74 483 14 16 0.036609013 
542 563 10 13 0.036607865 
590 21 9 10 0.03660341 
960 101 9 10 0.036583316 
38 76 8 11 0.036544777 
474 14 7 9 0.036502957 
461 31 8 10 0.0364934 
656 47 7 10 0.03642384 
908 473 11 14 0.03637865 
655 79 8 11 0.036314905 
199 116 8 10 0.03628474 
990 47 8 9 0.03622266 
945 569 14 17 0.036203645 
952 145 8 11 0.03614268 
646 57 9 10 0.036115866 
240 54 8 11 0.03609096 
95 48 6 9 0.03602973 
832 79 8 11 0.03601482 
88 63 7 10 0.035903644 
639 116 8 11 0.035695028 
505 15 7 9 0.035692893 
751 39 8 9 0.035667002 
431 7 7 9 0.035626244 
729 88 7 9 0.03558881 
549 559 11 14 0.035545126 
520 77 8 10 0.035488863 
272 47 7 10 0.035470616 
175 0 7 8 0.0354555 
46 62 8 10 0.035373807 
102 7 8 9 0.035363887 
58 15 7 9 0.035349768 
568 14 7 9 0.035262804 
73 603 12 17 0.035261966 
857 55 7 10 0.0352199 
752 556 11 13 0.035084166 
639 5 8 9 0.035062555 
434 87 8 9 0.03505032 
447 22 7 9 0.03504002 
288 109 9 10 0.035010904 
664 38 8 11 0.03499765 
859 592 14 16 0.034996666 
221 1 8 9 0.03498802 
77 546 13 18 0.034754712 
188 614 14 18 0.034729373 
157 65 8 10 0.034708254 
298 61 7 10 0.034660965 
277 591 13 18 0.034633648 
12 595 18 23 0.034624383 
441 55 7 9 0.034561727 
697 40 7 9 0.034559447 
792 31 7 9 0.034488004 
513 592 16 19 0.034311526 
289 94 9 10 0.034307484 
247 56 9 11 0.034302473 
816 103 8 10 0.03430139 
505 120 8 9 0.03429829 
954 506 12 15 0.03419786 
734 141 8 9 0.034147527 
158 141 8 10 0.034142945 
425 588 10 13 0.034014184 
32 110 9 10 0.03398425 
919 94 8 10 0.0339715 
477 32 8 9 0.033966772 
63 73 7 10 0.033956673 
514 47 7 8 0.0338948 
281 48 8 9 0.03378854 
530 24 7 9 0.033771344 
441 72 7 9 0.033634238 
537 36 7 10 0.033632375 
38 96 8 9 0.033602897 
241 80 7 9 0.03354878 
987 96 8 10 0.033454847 
83 570 14 18 0.033450972 
67 105 7 10 0.033444077 
968 172 9 11 0.033427462 
472 24 7 9 0.033419855 
499 564 14 17 0.033363637 
447 78 8 10 0.0333559 
176 80 9 11 0.033355296 
74 70 7 9 0.03332931 
655 71 9 11 0.03330692 
15 149 9 12 0.033268284 
987 100 9 11 0.033237908 
448 53 7 9 0.03322183 
279 61 8 10 0.033202704 
103 71 7 9 0.03319868 
622 486 10 14 0.03315191 
783 0 7 8 0.033121265 
344 9 8 11 0.03310078 
1007 103 8 10 0.033038497 
130 105 8 10 0.033037398 
144 22 8 9 0.03297769 
760 151 8 9 0.03293772 
166 78 7 9 0.032932013 
633 109 7 10 0.032929108 
919 62 7 10 0.032906834 
881 52 9 11 0.03284658 
199 559 12 16 0.03280446 
889 24 7 9 0.03277048 
1007 4 8 10 0.03274031 
709 573 12 15 0.032733984 
734 137 8 9 0.03272713 
687 45 7 10 0.032713205 
650 117 8 10 0.03265761 
968 69 7 10 0.032576215 
448 73 8 10 0.03256656 
928 118 9 11 0.032541055 
583 77 8 10 0.03249883 
505 104 8 11 0.032484077 
869 529 13 15 0.032477774 
740 547 11 13 0.032456737 
701 112 8 10 0.032429293 
561 79 9 12 0.032425962 
157 136 9 10 0.03238794 
81 117 8 11 0.032387372 
721 36 8 10 0.032373227 
965 89 8 9 0.032331955 
817 31 7 10 0.032300573 
210 7 8 9 0.03225808 
481 80 7 8 0.032232516 
992 25 8 10 0.03223118 
761 5 7 9 0.03216977 
696 7 8 9 0.03214766 
966 32 7 9 0.03211416 
108 543 10 12 0.032074302 
143 71 7 9 0.032070976 
979 79 7 9 0.03200561 
832 14 6 9 0.031966403 
497 24 7 9 0.031911314 
40 37 8 10 0.03185809 
729 94 7 9 0.031825826 
325 22 7 9 0.03181723 
960 31 9 11 0.031813733 
257 80 8 10 0.031753108 
711 14 8 10 0.031748764 
292 103 9 11 0.03168502 
644 301 10 12 0.031682193 
320 68 9 10 0.031591732 
734 70 8 10 0.031589575 
767 55 8 10 0.03158152 
342 23 8 9 0.031524148 
690 16 6 9 0.031510204 
711 8 8 10 0.03143347 
466 7 6 8 0.03139284 
87 30 7 9 0.031371877 
799 580 13 15 0.03136949 
662 47 9 11 0.031355437 
778 31 7 10 0.031321667 
6 84 9 11 0.0312773 
192 55 7 10 0.03124065 
823 31 8 10 0.031223034 
919 79 7 9 0.031131612 
248 164 8 10 0.031106414 
424 32 7 9 0.031096451 
856 188 9 11 0.031075615 
359 6 7 10 0.031066028 
563 119 8 11 0.031036245 
368 108 8 10 0.03099085 
937 136 9 11 0.030898191 
260 575 10 14 0.030891767 
863 25 6 8 0.030839935 
562 125 9 11 0.030829033 
750 143 7 10 0.030799482 
193 566 11 15 0.030769533 
494 47 7 9 0.030695416 
432 33 7 9 0.030690616 
95 551 9 12 0.030670784 
519 8 7 9 0.03066351 
544 15 7 9 0.03063229 
903 110 6 9 0.030630874 
742 80 8 10 0.030596122 
896 111 7 9 0.030576285 
862 55 8 11 0.030548036 
918 46 8 9 0.030398121 
929 15 9 10 0.030343572 
533 561 12 15 0.03032651 
623 2 7 8 0.030302301 
951 102 8 10 0.03028129 
599 484 13 17 0.030279387 
563 32 7 11 0.030274495 
40 5 8 10 0.030220386 
1001 80 7 10 0.03017434 
677 2 9 8 0.030166639 
673 56 6 8 0.030150674 
510 22 8 9 0.030134212 
153 161 7 9 0.030130945 
477 587 12 16 0.030120347 
104 48 7 9 0.030075416 
248 586 12 15 0.030061334 
525 39 7 9 0.030051243 
118 7 7 9 0.029941173 
496 14 7 9 0.029919192 
808 104 7 10 0.029903745 
143 34 7 9 0.029889133 
427 20 8 10 0.029868905 
305 37 8 10 0.029863752 
392 78 7 10 0.029851956 
160 129 7 8 0.029837286 
575 121 8 11 0.029800622 
82 16 6 8 0.029790377 
461 78 8 9 0.029778935 
746 135 8 10 0.029706307 
84 142 9 11 0.029677209 
441 14 7 10 0.029635634 
80 37 7 10 0.029625112 
326 15 7 10 0.02962125 
584 64 7 10 0.029615115 
37 633 15 18 0.02960323 
134 580 13 16 0.029542653 
121 65 8 10 0.029537417 
234 127 7 10 0.029534929 
970 488 14 18 0.029496957 
888 59 9 12 0.029464776 
425 1 8 8 0.029449739 
721 0 7 8 0.029423784 
336 39 7 9 0.029408578 
5 156 10 12 0.029345244 
110 572 12 16 0.0292977 
727 24 7 8 0.029292407 
542 33 7 9 0.029258829 
555 599 12 15 0.029231746 
233 119 8 10 0.02918775 
194 110 8 11 0.029174477 
623 88 8 10 0.029154338 
942 117 9 11 0.029152729 
882 95 7 10 0.029105632 
169 121 8 9 0.029069163 
808 47 8 10 0.02905909 
209 15 7 9 0.029047059 
456 369 35 36 0.028999468 
678 62 8 10 0.02899446 
96 2 8 9 0.028993003 
695 64 8 9 0.0289874 
695 16 8 9 0.028973179 
944 94 8 11 0.028953932 
308 91 10 12 0.028949643 
310 70 7 10 0.028939275 
897 120 7 9 0.028936341 
424 9 7 9 0.02891573 
553 21 8 9 0.028905956 
936 190 8 11 0.028730495 
576 15 7 9 0.02856418 
117 632 14 18 0.028531633 
542 120 8 10 0.028510995 
265 47 7 10 0.02850085 
821 103 8 10 0.028459387 
311 37 7 9 0.028434454 
655 86 8 10 0.028402263 
552 48 7 9 0.02835826 
159 102 8 9 0.028348833 
907 48 6 8 0.028347487 
112 109 8 10 0.028336016 
111 57 7 9 0.028326645 
947 151 8 10 0.028292503 
382 103 9 9 0.028252212 
719 16 7 9 0.028247142 
1001 31 7 10 0.028193133 
768 106 9 12 0.028148167 
558 55 8 9 0.028146297 
313 63 8 10 0.028106956 
785 80 7 8 0.028087443 
927 62 7 9 0.028076539 
839 48 8 9 0.028064486 
182 81 8 10 0.02804571 
247 559 10 14 0.02803405 
665 32 7 9 0.028009344 
943 49 8 9 0.027992047 
929 111 8 10 0.027959269 
113 29 7 9 0.02795869 
384 72 8 10 0.027956668 
456 586 13 18 0.02791683 
678 78 8 10 0.027865974 
807 15 7 9 0.027838126 
765 62 8 9 0.027765803 
606 125 8 10 0.027738582 
904 13 8 10 0.027736537 
841 23 7 8 0.027728084 
903 23 7 9 0.027713772 
910 8 8 10 0.027683994 
273 2 8 9 0.027658224 
809 558 12 14 0.027647143 
431 61 7 10 0.027622528 
111 135 8 10 0.02759267 
792 505 15 18 0.027579412 
920 24 7 9 0.02752782 
542 38 7 8 0.02752447 
16 31 7 10 0.027489169 
920 1 8 8 0.027465729 
520 65 7 9 0.02745537 
216 95 8 10 0.027453063 
954 491 14 17 0.027450848 
2 524 16 19 0.027449096 
470 2 8 8 0.027425947 
197 602 13 18 0.027414495 
773 269 11 13 0.027397072 
752 532 11 15 0.02736562 
751 6 7 9 0.027325254 
600 30 7 10 0.027302222 
65 39 7 9 0.027288575 
851 511 11 14 0.027245546 
848 24 8 10 0.02724177 
403 596 11 15 0.027204972 
223 436 11 14 0.027153544 
13 125 10 11 0.02711791 
766 71 7 9 0.027105989 
463 23 7 9 0.02710025 
689 80 8 9 0.02708863 
585 38 7 9 0.027069792 
311 2 8 9 0.027060293 
533 592 21 25 0.027043194 
632 2 9 9 0.027040664 
143 159 7 9 0.02702834 
704 7 9 10 0.027025724 
886 100 9 11 0.027018864 
927 38 7 10 0.027016006 
397 614 12 16 0.02697491 
745 15 8 9 0.026967641 
338 61 8 10 0.02693003 
558 21 8 10 0.026854217 
696 87 8 9 0.026846847 
231 30 7 10 0.026846606 
177 25 7 8 0.026832923 
721 47 7 8 0.026832636 
630 40 8 10 0.026828542 
253 22 8 10 0.026798142 
856 25 8 10 0.026754592 
999 207 13 15 0.026737334 
75 595 15 18 0.026706494 
753 55 6 9 0.026694547 
800 87 6 9 0.0266913 
713 23 7 9 0.026631732 
143 144 7 10 0.026630573 
608 96 7 9 0.026590925 
730 565 14 17 0.02657408 
873 113 7 9 0.026571194 
968 21 7 10 0.026546253 
583 71 8 11 0.026455529 
915 527 11 13 0.026434986 
181 564 12 15 0.02642993 
153 141 9 11 0.026418108 
848 6 7 9 0.0264089 
28 636 24 29 0.026354514 
592 105 8 9 0.026350606 
17 134 8 10 0.026348084 
341 102 8 10 0.026342986 
153 166 9 10 0.026259432 
838 136 8 10 0.026215369 
951 32 7 9 0.026198551 
969 128 9 12 0.026193516 
746 126 8 9 0.026185848 
166 586 11 14 0.026182339 
919 105 7 9 0.026179422 
934 124 8 10 0.026119865 
304 15 7 10 0.026116079 
943 61 8 11 0.02608455 
286 32 8 10 0.02604936 
386 33 7 9 0.02604009 
337 23 7 8 0.02600866 
959 484 12 15 0.025943099 
870 572 13 15 0.025942503 
942 86 8 10 0.025937423 
14 118 10 12 0.02588211 
736 102 8 10 0.025866453 
264 2 8 9 0.025848208 
893 94 8 10 0.025823053 
840 80 9 11 0.025809633 
634 299 11 14 0.025763227 
840 71 7 9 0.025739197 
96 112 8 9 0.025707716 
478 38 7 9 0.025701597 
610 584 20 23 0.025681205 
951 155 8 11 0.025677556 
777 24 6 9 0.025672294 
254 543 11 14 0.025627045 
293 94 9 11 0.025626104 
553 55 7 10 0.025624389 
357 80 8 10 0.025611216 
68 573 15 21 0.025540043 
1003 37 8 9 0.025533572 
822 582 14 16 0.025527406 
176 7 7 9 0.025474438 
879 32 8 10 0.025464008 
415 71 8 10 0.025440557 
759 15 8 10 0.025435656 
151 128 8 9 0.025432413 
301 583 10 13 0.025399765 
208 40 8 9 0.025393872 
784 503 12 15 0.025374025 
120 41 6 8 0.025364213 
816 48 7 10 0.025325771 
8 123 10 13 0.025312863 
357 15 8 10 0.0253031 
832 110 7 9 0.025300527 
436 588 12 16 0.025296863 
777 88 8 10 0.025281304 
966 102 7 10 0.025278697 
26 65 7 9 0.025276085 
886 145 9 11 0.025269799 
102 626 12 17 0.025256494 
745 40 7 9 0.025207601 
390 16 8 10 0.025199495 
239 23 7 8 0.025198072 
760 144 8 10 0.025187552 
721 55 7 9 0.025154065 
592 63 8 10 0.025104681 
902 511 11 13 0.025094615 
766 4 8 11 0.025061142 
4 597 17 22 0.02502791 
881 5 8 10 0.025018876 
390 72 7 11 0.025014488 
368 583 9 13 0.0249856 
735 86 7 9 0.024958128 
527 46 8 10 0.024957187 
41 1 9 10 0.024868587 
457 22 8 10 0.024845101 
31 166 10 12 0.024827719 
20 548 11 15 0.02482 
184 8 8 10 0.024802715 
223 71 8 9 0.024801493 
794 516 13 15 0.024800155 
743 85 8 9 0.02479597 
26 69 7 10 0.02477664 
713 101 7 8 0.024774533 
466 64 7 9 0.024713995 
802 2 7 9 0.024676317 
991 53 8 10 0.024676023 
492 578 22 26 0.024673339 
37 159 9 11 0.024655527 
159 97 7 9 0.024651455 
496 69 8 10 0.024633026 
266 22 7 9 0.024628215 
973 168 7 9 0.024626708 
702 78 7 9 0.02462362 
111 159 7 9 0.024583193 
53 30 8 10 0.024552705 
208 53 7 9 0.02455151 
761 71 8 10 0.024518583 
94 427 13 14 0.024513645 
543 53 7 9 0.024502734 
105 2 7 8 0.024476364 
353 572 10 13 0.024388405 
283 593 13 17 0.024365576 
383 85 8 9 0.024352377 
127 8 7 8 0.024340045 
175 567 11 13 0.024331214 
657 93 8 10 0.02432184 
944 102 8 10 0.024268791 
305 32 9 10 0.024243934 
937 47 8 10 0.024209665 
329 31 7 9 0.024190443 
417 47 7 9 0.024160303 
81 8 6 8 0.02414443 
349 63 7 10 0.024128227 
481 87 7 9 0.024127968 
929 80 8 9 0.02412432 
889 78 7 10 0.024056666 
17 142 9 11 0.024050627 
927 32 8 9 0.024023125 
295 575 10 13 0.02401623 
232 541 10 13 0.023992712 
909 518 9 12 0.02398214 
12 555 12 15 0.023980243 
210 78 8 10 0.023958778 
992 228 14 17 0.023906225 
30 20 8 11 0.023880353 
823 111 7 8 0.02387961 
315 605 15 17 0.023826089 
357 564 10 13 0.023822695 
202 87 9 11 0.023785625 
942 111 9 10 0.02375518 
41 24 7 9 0.023749342 
327 8 7 9 0.023745213 
872 86 9 11 0.023711318 
751 29 8 9 0.023695108 
177 15 6 8 0.023646755 
991 134 9 11 0.023643136 
943 80 7 9 0.023620443 
936 73 8 9 0.023612114 
919 87 9 11 0.023587158 
336 101 9 11 0.023583513 
430 48 7 9 0.023562264 
116 571 12 15 0.02355861 
894 57 8 10 0.023525603 
637 76 11 12 0.023487339 
557 109 8 10 0.023478286 
233 55 8 10 0.023437945 
33 548 11 14 0.023427267 
751 47 7 9 0.023424821 
884 508 11 13 0.023406534 
104 166 7 9 0.023405105 
599 558 10 13 0.023399472 
974 173 9 10 0.023342084 
943 505 14 17 0.02332211 
377 16 7 9 0.023317805 
342 79 8 10 0.023310004 
192 454 10 12 0.02328598 
89 157 9 11 0.023269882 
807 563 12 15 0.023264019 
687 94 8 9 0.023249846 
84 547 13 17 0.023215445 
825 63 7 9 0.023199027 
137 149 8 10 0.02319326 
681 47 8 9 0.0231908 
613 23 8 10 0.023177365 
797 494 11 14 0.023151897 
50 118 8 10 0.023146024 
136 144 8 10 0.023134137 
201 22 7 10 0.023116773 
744 120 8 9 0.023090491 
23 147 10 12 0.023086818 
962 38 7 9 0.02306414 
210 2 7 8 0.023050845 
228 437 13 17 0.023011746 
778 38 8 10 0.022995166 
441 47 8 9 0.022969134 
425 40 7 8 0.022965673 
524 586 11 15 0.022940349 
528 85 8 10 0.02287436 
519 54 8 9 0.022838747 
731 141 7 9 0.022833198 
39 63 8 9 0.022829898 
184 92 9 10 0.022814453 
975 18 8 10 0.022800384 
239 14 8 10 0.022753973 
598 478 11 14 0.022749925 
169 48 7 9 0.022746006 
998 94 7 10 0.022745373 
984 126 7 10 0.022710148 
254 57 8 10 0.022678219 
969 46 7 9 0.02266083 
790 160 8 11 0.022651305 
191 572 21 26 0.022630313 
735 1 7 7 0.022625763 
570 47 8 10 0.022621222 
735 24 7 9 0.022614822 
409 8 7 10 0.022599924 
56 89 8 9 0.022579843 
842 32 7 10 0.022559805 
984 120 7 9 0.022539882 
96 81 6 8 0.022530636 
835 559 12 15 0.02251249 
833 137 7 10 0.022497956 
27 52 8 10 0.022398148 
768 48 8 9 0.022391485 
161 31 7 9 0.022379745 
825 70 8 10 0.02237828 
39 388 107 131 0.022376295 
905 59 9 12 0.022372989 
763 534 11 13 0.022363493 
272 576 12 15 0.02232397 
222 15 7 10 0.02231055 
455 65 8 8 0.022305094 
993 175 8 10 0.022302546 
790 46 8 10 0.022261137 
720 23 8 9 0.022255348 
841 119 7 9 0.022250814 
677 576 8 11 0.022233102 
1000 111 8 10 0.022229208 
456 96 9 11 0.022226842 
278 5 7 9 0.022223 
33 75 9 11 0.022219092 
424 584 10 12 0.02221864 
447 16 7 9 0.02218642 
931 561 20 27 0.022185894 
448 64 7 9 0.022183675 
517 601 13 16 0.022167131 
560 134 9 11 0.022142071 
350 69 8 10 0.022135666 
649 45 9 11 0.02210995 
720 7 8 9 0.022109512 
567 85 8 10 0.022104945 
282 586 12 16 0.022083096 
581 5 10 11 0.022081388 
977 87 8 9 0.02207574 
365 88 8 10 0.022074593 
921 559 20 28 0.022073617 
216 32 8 9 0.022064688 
996 183 10 11 0.022059992 
423 80 8 10 0.02199242 
561 96 8 10 0.021985125 
826 15 7 9 0.021977553 
776 144 8 10 0.02196574 
56 2 8 8 0.021940732 
109 645 12 16 0.021940332 
201 16 7 9 0.021927526 
897 86 7 10 0.021915706 
523 551 22 25 0.021884004 
729 158 8 10 0.021878852 
733 539 15 16 0.021865647 
962 20 8 10 0.021865105 
392 96 8 11 0.021862758 
977 518 9 12 0.021857256 
971 618 15 20 0.021847751 
828 580 13 16 0.021842733 
194 610 15 20 0.021836754 
39 143 9 10 0.021819998 
357 556 13 15 0.021814274 
921 15 7 10 0.021806972 
88 151 8 10 0.021805638 
569 52 9 11 0.02180552 
142 9 7 8 0.021751607 
873 32 8 10 0.021739444 
80 148 9 11 0.021737 
358 120 9 11 0.021723274 
782 521 15 17 0.021716546 
235 601 15 19 0.021704182 
113 151 7 9 0.021696726 
319 31 7 9 0.021689525 
432 81 8 9 0.021642607 
734 579 13 16 0.021574913 
830 645 15 17 0.02156668 
110 61 7 9 0.021560524 
92 590 11 15 0.021557007 
97 103 8 9 0.021515654 
711 71 7 10 0.021500485 
800 81 6 8 0.021492427 
198 468 12 15 0.02148213 
510 104 7 10 0.021452863 
793 105 9 10 0.021439306 
415 80 8 10 0.021421723 
855 528 12 17 0.021421064 
448 103 8 10 0.021413848 
731 134 308 238 0.021406908 
733 157 9 10 0.021382295 
703 119 7 8 0.021375805 
353 38 8 9 0.021366023 
439 32 8 10 0.021300174 
378 54 8 10 0.02129708 
569 297 29 35 0.021290895 
431 572 11 14 0.021235809 
601 97 8 9 0.02123166 
183 24 7 9 0.021217022 
819 568 15 16 0.02118747 
439 38 7 9 0.021182835 
728 629 11 15 0.021163251 
71 22 7 9 0.021156074 
400 62 8 10 0.021105973 
840 1 8 9 0.021091096 
248 2 7 8 0.02108678 
441 655 9 10 0.021085864 
286 63 7 9 0.021080688 
861 573 12 15 0.02107692 
773 277 9 12 0.02106854 
61 556 15 18 0.021062735 
84 515 11 15 0.021058256 
54 101 9 11 0.02105231 
155 567 12 15 0.021048004 
752 149 8 11 0.021036904 
30 561 14 18 0.021010911 
760 135 8 10 0.021007849 
1006 109 9 10 0.020930132 
416 86 7 9 0.020915939 
987 609 23 34 0.020892475 
830 30 8 10 0.020892367 
170 578 12 15 0.020877382 
669 38 8 10 0.020857224 
408 45 8 9 0.020855103 
767 553 14 15 0.020797284 
86 137 8 10 0.02079106 
988 90 17 23 0.020786885 
123 627 14 17 0.020781703 
991 494 11 15 0.020771489 
110 626 13 18 0.02074654 
120 25 7 9 0.020744886 
760 583 13 15 0.020742385 
45 1 9 9 0.020694677 
143 573 12 18 0.02067027 
1000 618 21 39 0.020654118 
191 41 7 9 0.02062866 
282 20 7 9 0.020618722 
535 64 8 9 0.02061586 
421 629 10 13 0.020591643 
326 111 8 10 0.020579157 
514 78 8 10 0.020547241 
833 103 8 9 0.020531077 
839 15 7 10 0.020509629 
888 89 7 9 0.020508077 
930 22 8 10 0.020465001 
564 555 12 14 0.020456513 
793 144 9 11 0.02045449 
116 643 14 16 0.020447232 
352 104 9 10 0.020442532 
775 6 7 9 0.020418184 
322 109 8 11 0.02041651 
47 150 9 11 0.020372959 
976 94 8 10 0.0203653 
449 31 6 10 0.020358447 
506 109 9 10 0.0203574 
151 56 7 8 0.020350263 
76 608 13 17 0.02031412 
637 47 9 11 0.020275945 
632 71 8 11 0.020268453 
959 8 8 10 0.020241447 
194 117 7 10 0.020224802 
96 70 7 9 0.020205686 
905 30 7 10 0.020193195 
743 111 7 9 0.020142721 
187 599 15 19 0.020141376 
247 69 8 10 0.020139221 
559 47 8 10 0.020137582 
316 576 11 13 0.020124802 
94 54 7 9 0.020121433 
466 47 6 9 0.020109452 
760 267 17 22 0.020100014 
695 16 17 25 0.020096732 
379 596 12 14 0.020093301 
119 173 8 10 0.020091921 
973 63 8 10 0.020080026 
834 641 23 24 0.020067183 
783 88 7 9 0.020060772 
