47_Matador_Bullfighter_matadorbullfighting_47_236
235
388 276 93 107 0.9987801 
67 196 17 21 0.96334404 
35 191 16 22 0.9058499 
828 126 25 28 0.89032686 
750 48 14 19 0.86366826 
155 140 16 19 0.8498999 
112 195 17 21 0.83599 
388 188 25 31 0.8267986 
717 108 19 22 0.8171362 
124 180 15 17 0.75441736 
351 195 20 26 0.7518225 
160 179 16 19 0.69066316 
387 138 17 21 0.6358902 
681 42 13 18 0.6196123 
265 206 19 23 0.6124509 
87 108 15 20 0.59917545 
603 191 17 20 0.5720501 
591 126 19 22 0.49586016 
795 117 15 19 0.49516574 
54 210 15 19 0.4737546 
993 97 18 22 0.47229213 
436 128 16 19 0.4250198 
365 178 21 28 0.42457485 
94 185 13 16 0.40925384 
417 122 15 20 0.40681845 
414 974 244 298 0.38284442 
945 48 15 19 0.35232115 
548 204 15 20 0.34791464 
160 175 12 14 0.34394956 
279 119 18 21 0.34246838 
357 189 21 26 0.29848826 
729 184 15 18 0.23997493 
225 256 9 12 0.21290584 
777 100 14 17 0.20997036 
854 156 13 17 0.20110956 
232 204 17 19 0.2008497 
156 257 11 15 0.17534699 
638 171 11 15 0.15031302 
638 185 12 16 0.14855506 
101 212 12 16 0.13851005 
85 148 10 12 0.13076095 
517 109 23 27 0.1251567 
645 169 13 16 0.1245317 
376 181 22 29 0.11708635 
80 147 10 13 0.10848798 
384 144 15 20 0.10704792 
97 157 10 13 0.10627041 
414 192 15 19 0.09524082 
121 175 13 14 0.09211498 
59 170 13 15 0.089534566 
795 127 16 19 0.08837137 
296 806 399 462 0.086133145 
929 86 10 13 0.08452441 
216 207 11 13 0.08395448 
129 185 13 16 0.08198397 
713 209 12 15 0.0815088 
706 178 13 16 0.08114127 
118 159 9 12 0.08018392 
424 122 20 25 0.0778896 
839 129 18 20 0.07267116 
263 182 40 47 0.07189831 
991 79 27 33 0.06808727 
238 118 12 16 0.06549104 
186 238 8 10 0.062075682 
164 203 14 18 0.06123293 
621 178 15 19 0.05826714 
443 126 12 17 0.05523226 
72 142 10 14 0.055227514 
342 198 16 22 0.052837793 
597 177 38 46 0.05199056 
876 92 40 53 0.05164772 
963 82 12 16 0.05084365 
419 189 12 16 0.05064595 
102 150 10 12 0.049716037 
437 150 12 16 0.048268292 
70 171 12 15 0.047833942 
322 200 17 20 0.047123183 
454 185 23 28 0.04711084 
815 165 13 17 0.046791278 
62 201 16 20 0.046657126 
400 193 17 22 0.04642822 
289 198 24 30 0.04638854 
682 69 12 16 0.046208274 
455 162 13 17 0.046153948 
384 132 16 20 0.046124555 
181 184 9 12 0.045748055 
152 188 10 14 0.045047995 
610 175 22 28 0.044906963 
112 156 11 14 0.044366915 
64 149 9 11 0.04421907 
629 194 12 14 0.0426434 
153 133 13 17 0.042272534 
283 179 27 29 0.042007156 
89 185 12 16 0.0416046 
414 138 15 19 0.041525103 
628 171 14 19 0.041287854 
95 150 10 12 0.041105524 
392 143 16 20 0.040585056 
125 157 11 14 0.03969515 
109 148 11 14 0.039111625 
436 160 16 21 0.039085016 
113 163 11 13 0.039038345 
120 194 16 19 0.038650136 
155 186 23 26 0.037816655 
458 181 16 19 0.03689752 
824 130 16 19 0.0368157 
583 123 14 20 0.03648168 
562 141 15 19 0.036308777 
0 189 8 13 0.035708893 
515 118 17 23 0.035477977 
153 119 8 10 0.035327125 
542 105 14 19 0.035312947 
86 157 10 14 0.034693114 
444 147 13 16 0.0346382 
740 90 17 19 0.034244146 
227 182 22 25 0.03379986 
230 191 22 26 0.03377153 
386 204 18 24 0.03350988 
307 108 15 17 0.033248357 
162 131 14 18 0.03315498 
582 138 23 28 0.032746006 
173 187 11 15 0.032551322 
748 210 13 14 0.032418422 
753 90 15 18 0.03220657 
157 128 14 17 0.03204008 
80 157 10 13 0.031845253 
143 133 10 12 0.031624872 
381 186 43 49 0.03125559 
775 123 13 16 0.031201106 
529 119 17 21 0.031182688 
682 188 13 17 0.031087248 
87 165 9 11 0.031040536 
326 169 13 17 0.030765537 
94 163 11 13 0.030734593 
4 265 12 15 0.030296221 
219 211 11 13 0.030162163 
612 186 25 28 0.030116988 
191 129 11 15 0.029717611 
108 141 12 15 0.029635686 
76 171 12 15 0.029319849 
487 284 12 16 0.029257596 
701 173 20 25 0.029247927 
190 110 9 12 0.029216286 
639 175 19 25 0.029174253 
608 497 27 32 0.02916549 
974 42 12 15 0.0291247 
438 132 21 26 0.029093936 
652 216 13 16 0.02903739 
980 94 25 33 0.02884382 
94 175 13 15 0.028742531 
724 205 15 17 0.028631803 
484 160 12 15 0.028467698 
702 203 10 15 0.028379591 
65 143 9 12 0.02821845 
580 148 15 18 0.028066408 
903 140 24 28 0.028006392 
751 205 10 12 0.027897805 
995 85 17 19 0.027739495 
152 126 10 13 0.027601557 
698 180 10 14 0.027392058 
223 126 12 14 0.027391762 
667 492 27 34 0.027250793 
372 216 15 18 0.027215285 
905 146 14 16 0.026946234 
779 128 13 16 0.026769383 
601 130 14 19 0.026476791 
119 150 10 13 0.02645206 
670 506 14 17 0.026389042 
433 882 379 472 0.026295865 
375 146 14 19 0.026273472 
764 162 13 17 0.026065426 
631 477 26 32 0.025966208 
635 167 19 24 0.025950583 
480 162 12 15 0.025770558 
725 194 15 17 0.025599103 
683 183 11 14 0.024988186 
152 251 19 24 0.024906352 
347 174 21 29 0.024859212 
802 92 14 16 0.0248471 
216 133 12 14 0.02429951 
781 117 21 26 0.02411364 
731 209 13 15 0.024099704 
226 130 15 18 0.024012014 
522 299 10 13 0.023991255 
77 178 12 16 0.023956325 
825 119 39 48 0.023461105 
290 123 13 17 0.023337126 
110 172 11 13 0.02329482 
670 481 24 28 0.023171077 
392 133 15 18 0.023112588 
124 163 14 15 0.023032302 
251 180 15 19 0.022874499 
434 144 21 28 0.022833703 
1000 99 17 23 0.02282704 
956 78 21 26 0.022620818 
381 209 14 19 0.022393998 
268 73 14 17 0.022295015 
143 139 12 15 0.022109717 
171 201 14 19 0.022072598 
718 76 12 14 0.022044085 
773 200 9 12 0.022015734 
228 122 14 17 0.021932118 
106 201 21 24 0.021712242 
358 363 53 72 0.021605534 
616 164 24 30 0.02157535 
654 99 12 15 0.021538805 
938 124 29 33 0.021518651 
143 187 11 15 0.021478513 
0 195 9 15 0.021444477 
741 182 12 15 0.021425104 
589 182 24 29 0.02139336 
453 162 22 27 0.02133769 
356 201 22 28 0.021312602 
157 168 12 14 0.021256521 
943 76 43 49 0.02122229 
171 570 17 17 0.021173384 
587 185 15 19 0.021112561 
599 246 14 18 0.0210628 
483 197 14 19 0.021059 
625 181 20 26 0.021011446 
173 131 11 15 0.021001035 
158 119 9 11 0.02093271 
341 171 14 18 0.020928921 
349 171 13 19 0.020794768 
1006 131 16 20 0.020752778 
99 207 20 26 0.02074155 
192 161 12 16 0.020717913 
489 75 12 14 0.020716384 
957 46 11 15 0.02062504 
682 174 8 11 0.020580197 
655 482 15 19 0.02045911 
214 173 12 15 0.02026293 
616 489 28 32 0.020072717 
128 595 36 43 0.020065991 
139 147 14 16 0.020058889 
