47_Matador_Bullfighter_matadorbullfighting_47_207
110
923 480 15 20 0.9469795 
884 484 18 21 0.94593686 
375 418 20 25 0.83870566 
744 424 17 23 0.8310147 
576 398 20 28 0.72273034 
61 340 16 20 0.4767256 
468 429 16 22 0.30804884 
601 470 17 21 0.23954871 
818 481 17 21 0.22856101 
458 429 20 26 0.18621084 
401 495 17 24 0.18587843 
642 542 17 23 0.17959493 
914 540 11 14 0.17474285 
871 524 9 10 0.16085635 
413 433 14 17 0.15216224 
718 490 17 20 0.14755036 
442 433 14 18 0.14003329 
418 509 25 34 0.12736173 
411 500 23 32 0.107136644 
777 481 19 27 0.08248443 
409 441 22 27 0.07256596 
871 470 12 14 0.07239156 
597 780 16 22 0.072271354 
529 527 9 12 0.06796925 
781 474 13 19 0.061173365 
383 419 23 29 0.05865192 
590 469 23 31 0.057624314 
787 483 16 20 0.0566964 
78 358 13 15 0.0530597 
827 491 13 16 0.05282658 
404 430 23 28 0.050414965 
837 542 13 14 0.0472269 
238 421 21 27 0.04625553 
627 528 37 49 0.04539169 
403 449 17 21 0.043880764 
631 532 24 29 0.04196939 
536 476 12 16 0.0410387 
590 477 13 17 0.03960283 
862 494 12 15 0.03903083 
229 426 15 21 0.037811562 
511 458 14 15 0.03776129 
890 480 13 16 0.036092963 
231 520 13 14 0.036069542 
166 345 441 497 0.03591834 
786 469 13 15 0.035678662 
650 570 26 30 0.035569742 
386 483 28 34 0.035267532 
771 451 11 16 0.035234977 
831 534 27 29 0.03402565 
1001 471 21 29 0.033786252 
636 500 11 13 0.03347046 
794 484 17 19 0.033282343 
235 430 16 21 0.03325749 
508 477 13 16 0.032781154 
786 444 14 17 0.032512795 
324 440 22 29 0.032294367 
721 481 24 31 0.03221648 
85 373 12 14 0.032171957 
876 525 9 10 0.03161327 
903 469 13 14 0.031403843 
584 484 10 13 0.031154193 
633 495 9 13 0.03109248 
501 480 12 17 0.030444391 
637 549 28 35 0.03027555 
781 487 26 31 0.029361976 
392 500 26 34 0.029321633 
65 341 21 28 0.028923307 
723 477 14 15 0.02891885 
615 511 9 11 0.028766207 
611 676 372 433 0.028667431 
420 526 17 21 0.028388696 
341 443 11 16 0.028362218 
348 462 27 40 0.028326998 
368 419 15 20 0.0278662 
576 467 42 54 0.027755138 
776 475 11 16 0.027727345 
244 413 17 21 0.027436227 
537 365 419 452 0.027233304 
213 454 37 49 0.027099384 
392 458 27 36 0.026723597 
83 362 11 15 0.026697751 
610 473 12 17 0.02640802 
720 479 10 13 0.026274728 
79 372 12 14 0.02564341 
526 477 11 14 0.025496822 
393 438 25 29 0.02545243 
719 483 44 49 0.02530751 
645 501 10 13 0.025248948 
622 478 11 14 0.025078489 
394 423 15 21 0.024890939 
403 483 16 21 0.024874901 
629 518 11 14 0.024691887 
419 465 13 19 0.024560561 
382 441 25 31 0.02454227 
454 414 11 13 0.024405485 
656 485 12 15 0.02439113 
568 386 34 46 0.024285838 
737 466 42 48 0.02379541 
453 437 15 20 0.023554197 
556 417 13 15 0.023461567 
364 425 22 29 0.023453657 
576 372 10 12 0.023394208 
359 444 12 15 0.023374684 
868 491 12 16 0.022922732 
368 444 25 32 0.022407271 
409 490 15 23 0.021977639 
359 457 37 49 0.021135408 
435 453 11 14 0.020946005 
742 468 13 15 0.020546682 
364 444 12 16 0.020388763 
