47_Matador_Bullfighter_matadorbullfighting_47_731
1276
424 169 20 22 0.9520079 
577 136 20 24 0.94917214 
679 115 12 15 0.9265376 
326 142 12 16 0.9086644 
835 110 10 12 0.8582642 
64 116 10 13 0.8466725 
360 118 9 11 0.8357016 
341 5 11 14 0.8328202 
142 77 11 13 0.77471364 
20 135 13 15 0.7728108 
38 124 15 18 0.77086663 
645 119 11 14 0.7601257 
908 133 10 13 0.7363633 
312 19 10 12 0.7345612 
438 129 12 14 0.72425777 
7 116 12 15 0.71263635 
871 112 12 14 0.71212196 
565 121 12 15 0.7081039 
872 93 9 11 0.7069091 
0 147 11 15 0.7018401 
686 59 11 13 0.6883243 
974 34 12 14 0.6830475 
303 135 9 12 0.66756505 
950 111 13 17 0.65750974 
678 90 10 12 0.6552728 
516 70 10 14 0.64640325 
1014 86 8 12 0.62646407 
600 115 12 16 0.6264258 
922 87 11 15 0.62237203 
536 108 10 13 0.6036495 
924 46 10 13 0.5916635 
523 126 11 13 0.59042794 
774 9 10 11 0.5820472 
308 76 10 13 0.58169717 
403 32 11 12 0.5791939 
183 91 8 11 0.5779455 
853 95 10 12 0.56749994 
996 127 14 16 0.5646747 
397 62 9 12 0.552585 
205 79 9 11 0.552063 
99 87 11 13 0.55069077 
913 109 11 14 0.5425456 
767 100 10 12 0.5258855 
961 72 11 14 0.5241968 
59 22 11 12 0.523931 
986 106 12 15 0.5212294 
86 100 11 13 0.5186348 
494 63 10 12 0.51692635 
103 135 11 13 0.5136407 
628 111 10 14 0.5130631 
141 12 10 12 0.5065267 
720 135 11 13 0.5042093 
540 108 11 14 0.50264156 
476 70 10 12 0.4970406 
908 58 10 13 0.4949125 
611 47 10 13 0.49066588 
717 48 9 12 0.48620027 
388 147 12 15 0.4851503 
830 54 8 10 0.48343074 
973 139 13 15 0.4798835 
158 144 7 10 0.46124414 
838 86 10 13 0.45810956 
454 120 10 12 0.45243278 
752 85 10 13 0.44984064 
85 23 9 11 0.4490326 
144 133 9 12 0.44800466 
556 64 10 11 0.44721776 
501 137 14 18 0.44047 
947 45 11 13 0.43946 
969 90 12 15 0.43124768 
622 129 12 15 0.42173108 
83 124 11 13 0.41778237 
757 70 10 12 0.41163403 
587 86 11 14 0.41075698 
30 78 9 10 0.4099568 
495 109 13 15 0.40925387 
641 92 10 12 0.4081472 
445 67 9 12 0.40791097 
776 64 9 11 0.40137297 
905 85 12 13 0.397036 
121 150 12 13 0.391056 
403 133 12 15 0.38625404 
944 52 11 14 0.38510212 
375 95 11 13 0.38014433 
693 39 8 11 0.36349168 
103 120 9 11 0.36121717 
461 146 11 13 0.3594565 
67 94 10 12 0.35588995 
252 7 9 11 0.35540932 
598 60 10 12 0.35022318 
888 103 10 13 0.3500591 
664 39 12 15 0.34921068 
559 81 11 14 0.3478764 
602 20 9 11 0.347412 
478 84 9 12 0.34644997 
917 40 10 12 0.3454669 
855 55 10 13 0.3414867 
113 12 9 13 0.340961 
287 86 9 11 0.33505547 
913 39 9 12 0.3347579 
637 40 10 12 0.33101106 
282 103 8 10 0.32898206 
406 109 11 13 0.32792982 
126 103 8 11 0.32169083 
976 5 10 11 0.3179879 
911 13 9 11 0.3177974 
303 93 9 13 0.31778663 
15 87 10 12 0.31701398 
782 81 10 11 0.31485227 
883 127 11 14 0.3145115 
166 124 8 11 0.311967 
502 43 12 14 0.31103048 
324 4 10 12 0.31097466 
644 149 11 13 0.31027198 
535 134 10 12 0.30987388 
1005 5 9 11 0.30560547 
415 102 10 12 0.30539387 
83 133 11 14 0.3031155 
873 62 9 11 0.30268058 
708 128 10 13 0.30107635 
640 24 10 12 0.29562467 
712 40 8 10 0.29401442 
71 149 12 15 0.2934631 
543 77 10 12 0.2918108 
269 86 8 11 0.287738 
152 102 9 11 0.28270674 
713 78 10 12 0.2808041 
29 153 12 14 0.2786574 
512 7 8 11 0.27841955 
653 14 9 11 0.27173486 
617 24 9 12 0.2716019 
455 142 11 14 0.27054948 
467 177 12 15 0.26846024 
684 155 10 14 0.26676813 
107 140 9 12 0.2659886 
536 5 10 12 0.2655539 
791 186 15 17 0.2615366 
767 30 9 10 0.2562243 
334 162 12 14 0.25386998 
341 87 10 12 0.25370035 
801 116 9 11 0.25340346 
649 63 8 10 0.24964808 
191 141 8 11 0.24904488 
111 79 9 11 0.24780615 
544 114 10 14 0.24681388 
17 91 10 13 0.2468095 
713 109 9 12 0.24653827 
673 91 9 12 0.24350668 
360 12 11 12 0.24104965 
969 51 10 13 0.24007 
789 29 9 10 0.23831192 
12 170 13 15 0.23823784 
801 79 8 11 0.23370607 
164 6 10 12 0.23357597 
209 102 9 11 0.23329045 
167 160 8 9 0.23182555 
230 93 8 10 0.23170757 
447 7 9 10 0.23030314 
51 82 10 13 0.22768712 
1013 51 9 13 0.22691146 
582 56 8 10 0.22648993 
230 117 7 11 0.22551844 
740 60 10 12 0.22055396 
199 85 8 10 0.22000894 
253 84 9 12 0.21971452 
761 39 8 10 0.21726505 
742 32 8 11 0.21557789 
344 103 11 12 0.21414772 
736 55 9 12 0.21076645 
408 164 13 16 0.21022263 
279 144 10 13 0.2099368 
265 135 8 11 0.20795842 
786 24 8 11 0.20520835 
947 39 11 12 0.20333993 
831 128 10 12 0.20083734 
903 77 12 14 0.20077011 
247 55 8 10 0.20028315 
224 89 9 10 0.19983622 
694 23 11 13 0.19963954 
604 15 9 11 0.1973695 
973 46 10 13 0.19726083 
581 6 9 11 0.19706465 
598 110 11 16 0.19648615 
246 129 10 11 0.19576304 
952 15 9 12 0.19504271 
871 33 8 10 0.19347988 
726 103 9 11 0.19337878 
110 105 9 11 0.19184655 
506 227 16 19 0.19132695 
83 79 11 13 0.18561323 
888 53 9 12 0.18528175 
183 71 8 10 0.18347844 
60 63 9 10 0.17927188 
167 79 9 11 0.17852889 
818 63 7 10 0.1784304 
411 155 12 15 0.17783506 
806 93 8 11 0.17708701 
818 158 9 11 0.1766962 
988 78 12 14 0.17655882 
568 63 9 11 0.17481762 
0 80 7 11 0.1744043 
709 64 8 11 0.17367451 
583 61 8 11 0.1729845 
837 28 8 11 0.1729533 
758 91 9 12 0.17239459 
780 140 11 13 0.17026803 
523 149 11 15 0.17020984 
136 7 10 13 0.16951212 
101 79 10 12 0.16905186 
336 117 9 11 0.16842194 
825 30 7 10 0.16765864 
332 77 11 12 0.16646796 
805 8 9 10 0.16528174 
47 36 10 14 0.16460155 
504 52 10 12 0.1610011 
95 153 10 12 0.16006407 
477 78 10 12 0.15907718 
983 64 10 12 0.15851957 
393 92 9 11 0.15772267 
848 46 7 9 0.15760447 
102 125 12 15 0.15582444 
736 30 10 13 0.15580128 
591 108 11 12 0.15567985 
366 154 13 15 0.15510134 
979 31 11 13 0.15498689 
864 76 8 11 0.15427881 
262 69 9 11 0.15243943 
45 7 11 13 0.15233384 
647 40 10 12 0.15203145 
767 56 8 9 0.1500736 
958 150 13 16 0.15004899 
303 4 10 11 0.14921741 
725 70 8 11 0.14731698 
663 64 9 11 0.1459847 
452 101 11 13 0.14583606 
440 64 10 12 0.14557716 
596 103 10 12 0.14491034 
23 1 9 10 0.14309163 
628 79 10 13 0.14279827 
558 15 8 11 0.14273714 
545 43 10 13 0.14238022 
809 31 8 10 0.14151104 
0 6 8 12 0.14149413 
767 126 10 13 0.14131284 
480 110 10 13 0.14046462 
441 109 10 13 0.13935937 
174 104 7 10 0.13897651 
59 175 10 12 0.13889123 
273 8 8 11 0.13762084 
349 109 9 11 0.13720068 
650 6 9 11 0.13687263 
726 13 8 11 0.1352406 
182 5 9 12 0.13502747 
970 29 11 14 0.13490011 
33 96 10 13 0.1343394 
296 119 9 11 0.1340145 
751 47 8 11 0.13287644 
342 91 12 13 0.13144127 
660 135 11 14 0.12969524 
69 155 12 14 0.1295402 
878 53 10 12 0.12917587 
496 104 11 12 0.12905173 
62 1 8 9 0.12904891 
129 6 9 11 0.12897784 
912 9 8 10 0.12881227 
444 125 11 15 0.12631547 
481 48 9 12 0.12577449 
878 6 8 10 0.12568544 
861 128 11 13 0.124948405 
644 22 11 12 0.12428928 
943 59 11 12 0.12401494 
626 7 8 10 0.12387181 
537 54 9 12 0.12322327 
445 108 10 13 0.122436546 
265 91 11 14 0.11992086 
24 23 9 12 0.11917176 
177 4 9 12 0.11840989 
199 135 7 10 0.117885605 
653 63 9 11 0.117793106 
153 142 9 10 0.117384925 
801 54 8 11 0.117036834 
485 111 10 13 0.11648018 
561 37 9 12 0.1161487 
440 6 9 11 0.11569543 
72 68 9 11 0.115642495 
632 55 9 11 0.115123644 
952 92 11 12 0.11438454 
329 72 10 12 0.114354484 
391 71 9 11 0.11345684 
226 71 9 11 0.11221886 
329 110 9 12 0.11171991 
214 153 8 11 0.11167775 
531 182 11 13 0.1113476 
863 16 8 10 0.110827826 
718 109 9 12 0.10994018 
823 62 9 11 0.10917212 
170 103 8 10 0.10840757 
770 7 9 11 0.1083047 
752 32 7 9 0.10782803 
783 14 9 11 0.10781218 
719 70 11 13 0.10769871 
407 79 9 11 0.10689439 
208 96 9 11 0.10680485 
157 101 8 10 0.10663987 
62 27 10 12 0.10437278 
230 112 7 10 0.10404772 
816 188 10 12 0.10402589 
430 107 10 13 0.10390574 
477 64 10 12 0.10313283 
917 13 8 11 0.10303776 
836 23 8 11 0.1023889 
40 13 11 13 0.10211257 
198 165 10 13 0.10101303 
711 68 9 12 0.099828206 
363 163 15 17 0.09963414 
297 92 8 11 0.09955888 
57 16 10 13 0.09928408 
665 22 9 11 0.09865898 
703 16 8 11 0.09828743 
743 8 7 10 0.09827031 
421 94 9 11 0.09795553 
921 69 10 13 0.097815774 
124 144 9 11 0.09725727 
544 150 12 15 0.09717695 
191 10 9 12 0.09708496 
943 0 8 9 0.09678908 
631 61 9 10 0.09659976 
232 136 9 12 0.09608465 
233 103 7 9 0.09591132 
78 142 11 13 0.09528965 
541 55 11 13 0.09473563 
348 5 9 11 0.09456755 
801 84 9 12 0.09424418 
1014 148 8 13 0.09354465 
768 25 8 10 0.09345679 
721 14 9 11 0.09316547 
1015 62 9 12 0.092800446 
782 45 8 10 0.09241616 
756 64 10 11 0.09213436 
855 89 9 11 0.09210265 
879 31 9 11 0.091926046 
744 12 8 11 0.091817796 
333 111 10 12 0.091816984 
517 8 8 10 0.09073411 
654 43 10 12 0.08979702 
464 95 8 11 0.089760266 
385 35 9 12 0.089187086 
607 86 9 12 0.08907141 
97 5 9 11 0.08898788 
865 36 10 12 0.08895803 
503 86 8 11 0.08892458 
664 92 9 11 0.08874503 
815 14 8 10 0.0882695 
264 99 9 12 0.08787561 
20 128 12 14 0.08760899 
177 87 9 11 0.087481685 
199 161 8 11 0.08710233 
375 12 9 12 0.086931035 
184 116 8 10 0.085733 
391 6 10 11 0.08558213 
217 14 10 12 0.08537901 
413 77 10 12 0.08509107 
777 44 9 11 0.08508461 
177 133 9 11 0.08478394 
692 56 10 12 0.08448372 
695 92 8 10 0.08415618 
582 45 8 10 0.083982356 
735 13 8 11 0.08390681 
990 53 10 12 0.08381049 
710 104 10 14 0.08332433 
193 136 9 11 0.0827587 
753 23 9 10 0.08260304 
720 7 9 11 0.08218259 
381 79 10 12 0.08199188 
590 6 8 9 0.08194222 
142 139 9 12 0.08155761 
747 232 94 82 0.08147578 
642 28 11 12 0.080944516 
232 7 9 11 0.08088526 
69 164 11 12 0.08060668 
144 111 9 11 0.08038351 
149 158 9 11 0.0800306 
399 87 9 11 0.079962865 
161 120 8 11 0.079629056 
634 45 10 12 0.07954653 
264 139 9 11 0.07919325 
177 128 8 10 0.078954466 
856 15 7 10 0.078882046 
834 16 7 9 0.07811247 
824 70 9 11 0.07785161 
225 112 8 11 0.07735847 
807 54 7 10 0.07703225 
353 72 9 11 0.07691251 
836 105 11 12 0.07663326 
637 54 11 13 0.07528684 
160 84 9 11 0.07528376 
46 32 10 11 0.07379392 
903 128 12 15 0.07292039 
841 143 9 12 0.072619505 
577 39 9 12 0.0719303 
905 37 9 12 0.07177956 
753 128 7 11 0.07166778 
358 71 9 11 0.071295336 
622 103 11 13 0.07090226 
737 8 9 11 0.07088108 
406 186 12 14 0.0708478 
950 101 14 17 0.07050692 
970 166 15 19 0.07014619 
842 149 9 11 0.07014098 
863 151 10 13 0.06999602 
623 96 10 11 0.0699693 
143 116 8 10 0.0698877 
310 111 9 12 0.0698031 
720 63 9 11 0.06979607 
150 108 9 12 0.069782734 
340 117 9 13 0.069715135 
365 111 10 13 0.06967854 
671 109 11 14 0.069411464 
287 80 9 11 0.06920303 
510 170 13 16 0.069034986 
685 87 10 12 0.06896502 
393 13 10 12 0.0689559 
115 79 10 12 0.06863754 
578 11 9 12 0.06850006 
14 80 9 12 0.06841774 
200 6 9 12 0.06836275 
871 47 8 11 0.06827816 
408 149 13 15 0.068208225 
568 22 8 10 0.06812486 
556 136 13 15 0.06809665 
157 96 9 11 0.068042286 
574 60 8 11 0.06765468 
496 95 10 12 0.06747438 
518 153 13 16 0.0670633 
208 73 9 10 0.06685574 
10 70 9 10 0.066660695 
98 134 9 12 0.06638463 
655 78 9 11 0.06636072 
423 108 9 12 0.06616471 
218 134 8 11 0.06610887 
765 38 8 10 0.06596805 
919 78 12 16 0.06595498 
793 128 8 11 0.065499455 
42 119 13 15 0.06538199 
174 108 9 11 0.0652541 
850 21 8 11 0.065137304 
846 151 9 11 0.06494552 
204 5 9 11 0.06453585 
674 115 12 15 0.064185515 
567 56 9 11 0.06416208 
55 3 10 13 0.064156845 
858 131 9 12 0.063446656 
807 12 8 10 0.06343189 
1014 69 9 13 0.06312864 
829 71 9 11 0.06310092 
850 157 9 11 0.06308642 
136 117 8 11 0.063080445 
15 5 9 10 0.06306149 
30 83 11 13 0.063043326 
1006 78 10 13 0.06277661 
62 45 9 12 0.062206607 
479 290 63 62 0.061918914 
815 55 7 10 0.06137416 
982 95 12 14 0.061351195 
713 20 8 11 0.060789764 
463 84 9 11 0.06045604 
408 104 10 13 0.060394324 
905 30 9 11 0.06036839 
577 57 8 11 0.060160726 
792 70 8 10 0.06012265 
256 71 10 12 0.059974357 
720 129 10 12 0.05990242 
37 98 12 14 0.059536744 
376 7 9 11 0.05932861 
510 157 12 17 0.059071563 
575 23 8 10 0.058672782 
687 42 10 12 0.05855608 
12 111 10 14 0.058430962 
270 118 8 9 0.05827117 
905 22 9 11 0.057932176 
161 80 9 11 0.057926804 
497 39 11 13 0.057888653 
728 31 10 12 0.05785712 
494 8 9 11 0.057842366 
316 15 11 13 0.05766741 
807 72 9 10 0.057517227 
143 150 9 12 0.057021175 
181 129 9 10 0.05695545 
250 10 9 12 0.056846283 
761 119 7 9 0.056786336 
212 71 8 10 0.056746237 
454 96 9 12 0.056446753 
802 111 10 12 0.056246214 
534 87 9 12 0.05621734 
104 108 10 11 0.056122746 
713 6 8 9 0.05551203 
596 138 13 16 0.05523802 
574 29 8 10 0.055230893 
925 64 9 11 0.055161174 
816 68 9 11 0.055064406 
819 162 12 15 0.054912936 
71 12 9 12 0.054857183 
412 54 10 13 0.054810207 
367 20 8 10 0.054725636 
270 80 8 11 0.05455073 
473 76 10 13 0.054211393 
558 20 9 11 0.054126304 
825 47 8 10 0.054056086 
293 87 10 13 0.05402185 
106 103 9 12 0.054014675 
752 53 7 10 0.053963333 
302 117 9 12 0.053938854 
552 21 10 12 0.053768195 
856 152 9 12 0.05359548 
364 7 10 12 0.053583726 
831 50 8 9 0.053297285 
136 111 8 11 0.05326826 
402 80 8 10 0.053143907 
206 120 8 10 0.05298972 
903 72 10 12 0.05291848 
285 107 8 11 0.05283139 
736 24 8 10 0.05254173 
448 95 9 11 0.052527905 
776 150 11 13 0.052405868 
338 90 10 13 0.052117288 
791 54 8 10 0.052071776 
751 79 11 13 0.05169724 
574 78 9 12 0.05163101 
917 8 9 11 0.051353533 
390 1 10 11 0.05133624 
512 64 9 12 0.051262505 
48 62 8 11 0.050914295 
823 153 9 11 0.05091274 
147 78 10 13 0.05038166 
128 11 9 12 0.050352074 
288 13 9 10 0.05027067 
81 82 9 12 0.050253242 
640 60 8 10 0.050148502 
317 30 10 11 0.049996186 
213 174 10 11 0.049897566 
719 20 8 10 0.049882457 
530 108 10 14 0.049878646 
832 28 9 11 0.0497875 
161 10 9 12 0.049779415 
845 6 8 10 0.049772028 
633 23 8 11 0.049754236 
690 7 8 10 0.049532667 
842 2 7 8 0.049415905 
976 11 10 12 0.04924171 
805 86 9 11 0.048965007 
194 88 8 10 0.048929732 
677 14 9 11 0.048697554 
501 92 10 12 0.048628762 
792 48 7 9 0.048534658 
209 156 9 12 0.048518408 
264 152 9 11 0.0484462 
499 59 11 14 0.04841973 
625 61 9 11 0.04835862 
968 23 9 11 0.048336335 
20 87 10 13 0.04828639 
276 6 10 12 0.048231877 
403 125 14 18 0.0481224 
272 112 8 10 0.048082698 
768 77 8 11 0.048060622 
496 56 10 11 0.047908623 
781 40 9 10 0.04784817 
849 54 9 11 0.04776393 
452 108 12 13 0.047742892 
730 36 9 11 0.047729548 
656 68 9 11 0.04770453 
191 174 12 14 0.04769609 
752 38 8 9 0.047584955 
906 15 9 11 0.047496278 
218 129 7 10 0.047484264 
445 48 9 11 0.04747471 
840 48 8 9 0.04742084 
417 96 10 12 0.04716169 
169 153 8 11 0.04707088 
769 61 8 12 0.04707045 
460 154 13 17 0.047007352 
335 103 9 11 0.047000565 
678 79 9 11 0.046931807 
826 127 9 11 0.046909902 
998 78 10 13 0.04676535 
7 22 10 14 0.046587374 
406 4 8 10 0.046504896 
565 78 10 13 0.046487115 
153 97 9 11 0.046379197 
678 68 11 13 0.046332378 
59 115 10 13 0.04626416 
293 70 9 11 0.046219096 
584 67 9 12 0.045972787 
151 151 9 11 0.04587352 
889 15 7 10 0.045709126 
838 54 7 11 0.045686983 
491 163 15 17 0.04558111 
631 70 10 11 0.0455261 
746 85 8 11 0.045521095 
453 6 9 10 0.04547758 
773 95 9 13 0.045362696 
48 196 13 14 0.045337763 
524 118 13 16 0.045333203 
0 182 10 15 0.045311786 
448 117 10 14 0.04523402 
604 133 10 13 0.04513025 
16 1 10 10 0.04508265 
848 16 9 10 0.044991918 
888 22 8 10 0.04487387 
600 28 10 12 0.044651166 
65 151 10 13 0.044596095 
549 56 10 12 0.04446892 
614 93 8 10 0.044275723 
789 16 9 11 0.044205554 
629 12 9 11 0.044006392 
816 47 7 10 0.043883946 
532 127 12 14 0.043765757 
119 109 9 10 0.043749318 
377 84 11 14 0.043694567 
350 1 9 10 0.043629557 
79 43 9 12 0.043536205 
654 18 10 12 0.043525323 
731 225 78 65 0.043519743 
781 68 9 10 0.04348651 
186 141 8 11 0.043169394 
505 6 9 11 0.043168526 
128 119 8 11 0.04316469 
489 9 8 10 0.04311361 
439 54 9 11 0.043113336 
845 1 8 8 0.043081183 
362 157 10 13 0.043064836 
568 29 10 13 0.04282511 
805 123 9 12 0.042815316 
454 162 13 17 0.042806413 
4 152 13 15 0.042685922 
478 91 10 13 0.042642374 
397 92 9 11 0.042582806 
840 6 8 10 0.042542093 
815 88 8 11 0.04207681 
704 45 9 12 0.04190806 
559 109 10 14 0.04189292 
951 6 9 11 0.041891642 
81 95 9 12 0.041865695 
810 37 8 10 0.041844636 
726 2 8 8 0.04174226 
815 39 8 9 0.04174194 
228 45 9 11 0.041735325 
184 76 8 10 0.041707624 
304 86 10 14 0.04170706 
620 27 10 13 0.041560624 
326 162 13 16 0.041411154 
750 15 9 11 0.041395087 
160 60 9 12 0.041215703 
272 55 9 10 0.04119086 
757 22 9 11 0.04104509 
144 165 12 14 0.041044015 
70 36 9 12 0.041021653 
439 2 8 9 0.040975325 
280 86 9 11 0.040958494 
498 197 24 27 0.04092118 
644 88 10 12 0.040668182 
846 186 11 13 0.040653788 
703 54 9 11 0.040590435 
761 6 8 10 0.040557638 
31 117 11 14 0.04047763 
118 53 9 11 0.04045175 
802 12 8 11 0.04039528 
735 48 8 10 0.04035472 
398 56 9 12 0.0403541 
240 133 10 13 0.04020129 
72 144 11 13 0.040108852 
594 55 10 12 0.040034786 
2 116 10 15 0.0398418 
792 38 8 10 0.03983314 
761 112 8 10 0.0396923 
801 93 10 12 0.039561365 
694 6 8 11 0.039525546 
837 133 8 10 0.039302222 
390 76 9 11 0.039201148 
195 169 13 16 0.039192576 
586 109 10 12 0.03914944 
319 162 12 14 0.03891961 
665 109 9 12 0.038898934 
711 115 10 13 0.038895518 
725 63 8 11 0.038879823 
250 79 9 12 0.038763583 
691 22 10 11 0.03874234 
6 62 10 13 0.03873293 
966 61 11 13 0.03864621 
836 127 9 12 0.03857523 
856 8 7 8 0.038483847 
169 108 9 11 0.03847375 
70 8 9 11 0.038468853 
445 86 10 11 0.038432024 
570 123 13 17 0.03841944 
192 147 9 11 0.038334563 
798 261 38 48 0.038312554 
28 158 14 17 0.038292125 
824 76 9 12 0.038283225 
772 127 9 10 0.038263306 
943 15 10 12 0.03823634 
937 0 10 9 0.03818281 
256 118 8 11 0.038129523 
584 1 8 10 0.038072243 
29 132 12 15 0.038062736 
149 128 8 10 0.037917312 
5 6 9 11 0.03790093 
879 2 9 9 0.03782088 
552 27 9 13 0.037819464 
121 102 9 12 0.037701998 
909 20 9 12 0.037645828 
181 133 10 13 0.037642855 
713 141 11 12 0.037624482 
625 55 8 12 0.037513856 
93 60 10 12 0.03751232 
68 31 10 12 0.03737232 
264 65 9 11 0.0373389 
214 94 9 11 0.037202213 
974 62 10 13 0.037166625 
830 59 8 11 0.037142668 
484 53 9 11 0.03712763 
558 31 10 12 0.037103258 
602 121 12 16 0.03708747 
759 32 8 10 0.03708327 
861 54 8 11 0.037061904 
64 99 11 14 0.03696817 
833 174 8 11 0.03695714 
800 150 10 12 0.03693877 
102 5 9 11 0.036868643 
605 8 9 10 0.036807094 
892 106 10 12 0.03678135 
318 72 9 11 0.03653915 
951 194 12 14 0.036514495 
758 15 8 10 0.036417913 
681 55 10 12 0.036417313 
95 175 9 11 0.036310483 
86 174 12 13 0.036303293 
869 88 19 23 0.036284853 
942 20 10 12 0.036208004 
242 55 9 11 0.036197044 
209 107 7 10 0.03599253 
873 55 9 12 0.03570477 
773 30 8 10 0.0356474 
151 84 9 11 0.035548907 
214 168 10 12 0.035539772 
4 189 10 14 0.03553227 
700 21 10 12 0.035498664 
200 128 8 9 0.03547442 
439 104 9 12 0.03545249 
924 149 12 15 0.035416283 
433 131 11 13 0.03537049 
2 195 12 15 0.03532753 
958 4 10 11 0.035327256 
777 135 9 11 0.035304576 
358 113 17 22 0.0352503 
782 90 11 13 0.035162214 
223 39 9 10 0.035150982 
222 134 9 11 0.035122138 
504 2 9 10 0.035055097 
138 142 9 11 0.035028357 
1008 71 10 12 0.035011098 
771 3 18 22 0.03494961 
490 63 9 11 0.034917995 
979 144 13 16 0.034526844 
547 111 11 14 0.034244105 
909 31 9 11 0.033966474 
86 149 9 12 0.03393409 
263 79 10 12 0.033911534 
25 149 12 14 0.033908226 
237 13 9 10 0.033896744 
354 116 9 12 0.033876434 
589 79 11 14 0.03387517 
984 82 11 14 0.033867445 
886 37 9 10 0.033807587 
504 307 31 30 0.033791233 
479 39 8 11 0.033766124 
776 79 9 12 0.033740606 
147 103 8 11 0.03371987 
694 43 9 11 0.03371059 
804 100 10 12 0.033587374 
760 144 10 11 0.03357411 
943 4 10 11 0.03352868 
857 173 9 11 0.033292543 
241 127 9 11 0.03309618 
902 100 11 13 0.03300726 
232 125 8 11 0.03300664 
772 266 67 60 0.03279461 
462 6 9 9 0.032746945 
907 90 11 15 0.032740876 
42 20 9 11 0.032733668 
222 169 11 12 0.032713562 
349 173 11 14 0.032700896 
497 85 10 12 0.032661397 
826 25 8 10 0.03263155 
864 0 7 7 0.032627635 
528 103 10 13 0.032530017 
766 150 10 11 0.03249427 
872 66 9 13 0.032484174 
895 86 10 12 0.032431107 
797 173 13 13 0.03242806 
640 6 8 11 0.03239024 
591 2 7 9 0.032312658 
62 68 10 11 0.032254245 
866 155 10 12 0.032159735 
878 140 11 13 0.032046836 
980 1 9 10 0.032021843 
667 138 12 16 0.03201991 
1002 2 10 11 0.03191248 
31 198 12 15 0.031896792 
799 124 10 12 0.031778093 
82 26 10 13 0.031686593 
637 71 9 11 0.031651642 
1015 153 9 14 0.03163114 
253 166 11 14 0.03158971 
178 93 8 10 0.031537376 
461 134 12 14 0.03149122 
197 150 9 11 0.031482548 
529 92 10 12 0.031473756 
368 30 10 12 0.031442508 
957 19 10 13 0.031417593 
864 166 10 13 0.031415205 
66 111 12 14 0.031398118 
662 146 11 14 0.03135209 
73 172 10 12 0.031241935 
815 153 10 12 0.031119639 
766 120 8 10 0.031102104 
945 114 13 16 0.031092247 
433 61 10 14 0.031081107 
63 37 10 12 0.031029418 
997 118 14 17 0.030981183 
799 103 11 12 0.030944455 
602 138 13 16 0.030866073 
887 149 12 14 0.030861292 
695 0 7 9 0.030716902 
671 104 10 12 0.03069157 
447 2 10 10 0.030662505 
372 140 11 14 0.030645892 
766 1 8 8 0.030636659 
281 95 8 11 0.030624388 
800 141 10 12 0.03057344 
172 79 9 10 0.030540572 
815 32 7 10 0.03052555 
799 48 7 10 0.030514302 
967 1 9 10 0.030502632 
766 46 8 10 0.030479752 
55 178 11 12 0.030458868 
714 51 9 12 0.03043696 
654 55 9 11 0.030372242 
543 29 9 11 0.03036256 
977 134 14 17 0.030277729 
672 124 10 12 0.030208398 
160 55 8 11 0.030077688 
799 23 8 10 0.030064115 
712 32 7 10 0.030056426 
893 22 9 11 0.03004423 
761 1 8 9 0.030036684 
102 175 10 12 0.029916894 
564 103 11 13 0.029883875 
562 44 9 12 0.029873043 
431 6 9 10 0.029866513 
871 100 12 14 0.029748503 
120 135 8 11 0.029715903 
648 66 9 12 0.029710405 
239 151 10 11 0.029697977 
216 31 9 12 0.02967532 
612 87 10 12 0.029670743 
645 112 11 14 0.02963854 
177 180 9 10 0.029619243 
309 16 18 21 0.029614802 
793 102 8 12 0.02959763 
659 570 27 31 0.029421836 
116 6 10 13 0.029408183 
717 83 9 11 0.029340805 
384 6 8 10 0.02933165 
3 179 14 16 0.029302845 
220 19 10 12 0.029293789 
745 233 43 45 0.029284282 
223 128 8 10 0.02926287 
774 24 8 10 0.029149333 
305 14 10 13 0.029146446 
780 8 9 11 0.029039118 
102 72 11 13 0.029028198 
150 6 9 12 0.029026102 
1012 79 17 25 0.028996766 
416 165 20 25 0.028992167 
591 14 8 10 0.028955346 
800 72 8 11 0.028867189 
840 39 8 10 0.028829431 
308 84 10 13 0.028824994 
221 6 9 11 0.028794693 
801 2 8 9 0.028763812 
14 124 11 14 0.02875711 
392 19 11 13 0.028733904 
61 54 10 11 0.028724229 
201 119 8 10 0.0286967 
601 7 8 10 0.02864566 
15 98 11 14 0.028639894 
908 147 13 15 0.028639864 
26 140 12 14 0.028578866 
336 2 11 12 0.028535187 
191 113 9 10 0.028526599 
832 105 17 21 0.028495561 
854 21 8 10 0.028454112 
583 80 10 12 0.028443703 
608 40 10 12 0.02838787 
599 79 10 13 0.02837136 
918 150 12 14 0.028351279 
276 12 9 11 0.028339613 
95 71 10 12 0.02833315 
566 16 8 11 0.02830913 
239 119 9 11 0.02830139 
248 2 8 10 0.028288674 
233 11 9 12 0.028263286 
849 97 10 14 0.028257795 
894 14 8 11 0.028252382 
128 96 8 10 0.028252311 
792 64 8 10 0.028225565 
416 4 9 10 0.028224595 
951 71 10 12 0.028200688 
845 87 10 11 0.028182132 
440 48 9 11 0.02815154 
820 189 10 12 0.028041145 
457 138 17 21 0.02802083 
584 81 17 22 0.02800786 
13 15 9 10 0.028002486 
920 64 9 11 0.02799034 
838 173 8 9 0.027971558 
915 36 17 21 0.027958643 
39 110 12 14 0.027951885 
511 106 11 15 0.027943714 
702 159 9 12 0.027931679 
69 87 11 12 0.027929079 
605 62 9 12 0.02789967 
392 55 9 12 0.027875716 
766 107 10 12 0.02780726 
647 57 9 12 0.027803278 
712 147 10 13 0.027801588 
598 65 12 15 0.027780946 
704 40 8 10 0.027670743 
679 163 12 15 0.027643157 
86 17 10 11 0.027630933 
518 65 10 13 0.027615868 
44 109 12 13 0.027611885 
689 13 9 11 0.02759805 
967 16 9 11 0.027575884 
495 28 10 12 0.027575664 
760 125 9 12 0.027553499 
263 110 8 10 0.027546603 
294 14 9 10 0.027513182 
525 62 10 12 0.027510338 
445 285 110 96 0.02750424 
825 110 9 11 0.027457787 
199 110 7 10 0.027436715 
46 181 10 11 0.027431773 
563 109 14 17 0.027368585 
786 54 8 9 0.027359445 
390 31 9 12 0.027349066 
934 77 11 13 0.0273082 
795 109 8 12 0.027288029 
705 103 10 12 0.02722996 
877 124 19 23 0.027227176 
431 141 10 12 0.027195776 
160 175 9 11 0.02718107 
47 68 8 10 0.02717779 
948 30 11 14 0.02716201 
176 141 9 11 0.027144123 
360 170 13 16 0.027132038 
424 4 8 10 0.027086534 
216 88 9 10 0.027047617 
272 62 9 11 0.027025985 
78 14 10 13 0.02701597 
365 71 8 9 0.026968593 
663 29 11 14 0.026962997 
397 5 10 11 0.02690897 
855 182 10 13 0.026877435 
7 1 8 9 0.02685011 
974 97 12 15 0.026805831 
309 1 10 11 0.02671688 
70 196 13 15 0.02667128 
405 59 11 13 0.02659741 
759 44 9 10 0.02657423 
831 78 9 11 0.02655836 
182 65 9 10 0.026545584 
373 110 11 13 0.026532458 
648 2 10 10 0.02650801 
695 16 9 11 0.026471287 
599 93 10 12 0.026415266 
43 99 12 14 0.026391687 
77 62 9 12 0.026371878 
496 77 10 13 0.026320346 
405 84 10 12 0.026292458 
807 173 9 12 0.026204659 
215 109 8 10 0.026173394 
896 76 10 13 0.026130289 
753 65 19 22 0.026123937 
864 47 9 11 0.026103528 
0 110 10 14 0.026093522 
829 158 9 10 0.025953187 
137 147 10 13 0.025946857 
52 38 10 13 0.025930846 
663 127 9 11 0.025929928 
295 23 9 12 0.025827551 
825 117 9 10 0.025816169 
263 6 8 11 0.025813615 
689 30 11 14 0.025768865 
679 151 18 23 0.02567512 
958 84 11 14 0.025667043 
56 66 10 13 0.025654044 
860 142 11 13 0.025616108 
652 125 10 13 0.02558759 
615 15 8 11 0.025576815 
624 106 18 22 0.025574815 
660 76 10 12 0.02557113 
200 62 9 10 0.02553711 
816 109 9 11 0.025499329 
640 15 8 11 0.025459848 
264 118 9 11 0.025449708 
527 14 8 10 0.025409136 
56 44 10 12 0.025404064 
895 8 8 10 0.025403108 
449 141 9 12 0.025364827 
13 156 11 13 0.025320554 
649 79 8 10 0.02531814 
671 70 9 11 0.02529853 
987 60 11 13 0.025298264 
705 67 10 12 0.02526707 
805 2 8 9 0.025202598 
480 103 10 12 0.025143366 
380 100 8 11 0.025053307 
431 2 9 9 0.02505269 
287 8 9 10 0.025052492 
278 62 8 10 0.025044737 
118 47 9 11 0.025029313 
1003 114 15 17 0.02501381 
807 24 9 10 0.024953568 
39 85 10 12 0.024946725 
373 30 10 12 0.024841085 
704 78 10 12 0.024822503 
225 65 8 11 0.024796834 
168 96 8 11 0.024780568 
617 1 9 9 0.024705166 
301 129 18 23 0.024683747 
502 79 9 11 0.024643855 
800 61 8 10 0.02464071 
140 73 17 22 0.024638778 
207 64 8 10 0.024612537 
41 28 9 11 0.024611922 
470 94 10 12 0.024597147 
295 112 9 11 0.02459084 
22 109 10 12 0.024584921 
159 136 10 11 0.024582837 
7 13 9 11 0.024570305 
53 141 12 14 0.024567863 
424 87 9 12 0.024550525 
348 86 10 13 0.024545718 
717 130 18 22 0.024535136 
272 45 8 11 0.024533208 
118 20 9 11 0.024507618 
159 70 9 11 0.02442297 
338 10 10 12 0.024415605 
151 117 9 11 0.024377063 
28 1 9 10 0.024339449 
733 156 9 12 0.024320643 
238 7 9 10 0.024270281 
806 189 11 13 0.024246633 
319 35 10 12 0.024245631 
396 148 11 15 0.024242986 
617 130 11 15 0.024226952 
822 183 9 11 0.024172723 
264 127 9 11 0.024146749 
137 4 18 22 0.0241404 
894 47 9 12 0.024137096 
590 67 12 14 0.02413026 
249 171 10 13 0.024067555 
553 67 10 13 0.024061618 
591 114 12 16 0.024018886 
638 87 18 23 0.024015948 
257 111 8 10 0.024014853 
678 31 9 12 0.023995526 
305 112 8 11 0.023986148 
830 151 9 10 0.023981137 
761 149 9 12 0.023969999 
551 139 13 15 0.023969786 
399 1 10 10 0.023916066 
853 50 18 23 0.02390586 
847 42 7 9 0.02388405 
138 73 9 12 0.023771178 
141 173 12 13 0.023768133 
400 27 17 22 0.023763431 
559 55 9 12 0.02373841 
365 179 13 14 0.023661315 
720 103 10 13 0.023641665 
614 63 10 11 0.023634182 
759 56 9 10 0.02362052 
605 28 10 12 0.02352933 
601 84 10 13 0.023492878 
185 11 9 11 0.023446353 
54 168 11 13 0.023444748 
201 73 9 11 0.023411145 
742 112 8 10 0.02340692 
903 44 9 12 0.023404403 
21 102 10 11 0.023359232 
847 72 9 11 0.023305109 
885 30 9 11 0.023276113 
797 134 10 12 0.023239331 
904 109 10 13 0.023234567 
524 143 11 13 0.02322352 
136 19 11 12 0.023216257 
528 86 11 13 0.02319878 
849 90 18 23 0.023198672 
588 135 20 25 0.023173003 
385 0 9 11 0.023171818 
134 86 9 11 0.02314056 
161 160 9 11 0.023129579 
168 73 8 10 0.023105994 
936 22 9 12 0.023089807 
455 135 11 13 0.023087647 
110 174 12 14 0.023066504 
934 85 10 14 0.023049738 
751 103 8 10 0.023040446 
548 40 10 12 0.023019038 
473 84 10 12 0.023012362 
835 82 20 23 0.02299642 
303 62 9 11 0.022952972 
705 123 17 21 0.022938842 
481 12 8 11 0.022890685 
952 150 10 14 0.022877328 
905 196 11 15 0.022850506 
820 214 24 37 0.022774529 
253 127 9 11 0.022766098 
7 78 9 12 0.022762455 
904 54 18 22 0.022755018 
460 125 11 13 0.022723459 
622 1 9 10 0.022708124 
370 163 13 16 0.022604745 
535 10 9 11 0.022550818 
272 141 9 12 0.022511445 
313 26 11 13 0.022491181 
933 47 10 12 0.022385934 
671 15 10 12 0.022377778 
247 159 8 11 0.02234304 
527 6 9 11 0.022342531 
790 78 9 11 0.022322508 
300 150 11 14 0.022318183 
988 71 11 12 0.022284025 
41 61 9 12 0.02227519 
308 5 10 12 0.022233015 
847 77 9 11 0.022194227 
400 133 20 23 0.022183836 
311 102 9 11 0.022167819 
257 143 8 10 0.022165302 
128 173 12 13 0.02211366 
863 93 9 12 0.022083031 
720 2 8 9 0.022077274 
868 151 13 14 0.022039171 
841 61 7 10 0.022023318 
554 559 47 51 0.021973696 
861 61 9 12 0.021965712 
79 7 9 11 0.021918148 
1015 212 8 12 0.021917118 
272 2 9 10 0.021855853 
359 85 11 13 0.021854322 
823 38 8 9 0.021846881 
509 92 9 11 0.02179853 
339 157 12 15 0.021746421 
247 1 17 23 0.021738037 
877 102 11 13 0.021714065 
573 70 8 10 0.021704203 
1015 22 9 13 0.021652188 
393 56 19 23 0.021647153 
583 116 13 15 0.021607893 
832 9 8 10 0.021586696 
661 15 10 12 0.021546053 
175 12 9 11 0.021535996 
177 71 8 11 0.021505717 
991 215 8 10 0.021504974 
217 7 9 11 0.021497382 
667 63 9 11 0.021483405 
133 94 9 11 0.02146767 
469 202 15 18 0.02143769 
637 77 9 11 0.02143626 
744 80 10 12 0.021405006 
382 228 50 66 0.021388492 
936 54 10 12 0.02138408 
921 41 16 22 0.021374846 
777 83 10 13 0.021371694 
599 9 19 23 0.021361997 
0 202 9 15 0.021350848 
887 163 10 13 0.021297062 
871 124 12 15 0.021271115 
423 133 10 12 0.021269467 
240 158 9 12 0.02126622 
695 157 9 12 0.021217695 
428 161 12 15 0.021205744 
207 167 9 12 0.02119497 
64 78 9 11 0.021186493 
343 80 9 10 0.02117146 
577 2 9 10 0.021141626 
848 165 9 12 0.021121988 
249 77 18 24 0.021121355 
742 2 8 9 0.021103164 
655 148 11 13 0.021092648 
886 156 12 14 0.021078605 
13 150 10 13 0.02107259 
764 95 19 24 0.021051772 
675 85 17 21 0.021048697 
343 171 11 14 0.021032104 
160 118 18 24 0.021024024 
905 7 9 10 0.020993574 
514 178 13 16 0.02096133 
216 140 9 11 0.020881834 
35 151 10 13 0.020880135 
750 150 9 11 0.020876003 
288 22 9 12 0.020874694 
774 155 9 11 0.02085462 
669 30 11 13 0.020851893 
709 34 19 24 0.020842768 
302 127 10 12 0.020840151 
326 10 10 12 0.020810556 
540 181 12 14 0.020804357 
24 17 9 10 0.020789385 
978 124 14 16 0.020762356 
412 38 10 11 0.020754812 
371 171 11 14 0.020752545 
192 129 7 9 0.020711102 
875 87 11 13 0.020700432 
939 157 12 13 0.020661779 
718 116 10 12 0.020648332 
430 12 9 11 0.020645797 
719 29 9 11 0.020586599 
471 39 9 11 0.020571755 
70 77 9 12 0.020562876 
174 23 8 9 0.020550326 
439 115 13 15 0.020549834 
644 99 12 14 0.020528141 
412 98 18 22 0.020502273 
96 45 9 10 0.020484632 
743 68 9 11 0.020461945 
95 110 9 11 0.020459061 
937 60 10 12 0.020457333 
130 87 8 11 0.020450149 
750 8 9 9 0.020440752 
886 0 9 8 0.020419905 
246 138 10 12 0.020380793 
166 2 11 11 0.02038008 
449 118 18 23 0.020368854 
400 102 9 13 0.020354627 
969 135 11 14 0.020352803 
13 28 9 12 0.020336779 
809 48 7 10 0.020325705 
541 218 23 27 0.020321164 
862 86 10 12 0.020314544 
430 85 8 11 0.020308614 
412 132 12 15 0.020301664 
255 2 9 10 0.02029566 
782 158 9 11 0.020273918 
1009 41 18 25 0.02027016 
943 35 18 21 0.020267064 
412 113 11 14 0.020249136 
479 164 12 14 0.020246778 
334 134 10 12 0.020236198 
623 71 10 12 0.020230012 
880 12 8 11 0.020206593 
304 71 17 22 0.020189064 
736 2 9 9 0.02018528 
198 140 9 11 0.020181296 
725 76 8 10 0.020172296 
39 181 10 12 0.020165002 
513 313 17 19 0.020160941 
45 92 12 14 0.02015322 
216 1 9 10 0.020130226 
767 71 8 11 0.02011741 
841 183 9 12 0.02011698 
773 58 18 22 0.020115666 
880 164 10 12 0.02011271 
670 132 11 14 0.020108914 
230 63 8 11 0.020084884 
