47_Matador_Bullfighter_matadorbullfighting_47_354
20
920 425 18 22 0.0822091 
649 339 26 36 0.06864967 
283 288 47 41 0.06538059 
664 389 50 83 0.044744894 
19 287 360 475 0.040686477 
269 262 73 60 0.03573727 
792 384 58 99 0.035517264 
152 224 392 410 0.03446705 
241 257 68 62 0.03322267 
484 291 381 474 0.03239562 
624 369 26 29 0.032171562 
280 358 245 233 0.02506081 
245 281 118 103 0.024599811 
665 323 84 126 0.024282437 
909 447 10 12 0.024135554 
772 494 37 40 0.023791822 
898 419 17 23 0.0215219 
672 329 51 79 0.021352123 
292 245 431 471 0.021246202 
646 378 88 133 0.021236727 
