47_Matador_Bullfighter_Matador_Bullfighter_47_631
48
732 83 38 61 0.98598206 
92 48 15 20 0.66918075 
982 66 20 27 0.22072577 
368 46 47 65 0.14223707 
944 0 28 32 0.09751407 
150 54 15 20 0.088732034 
765 3 24 26 0.07467259 
124 -2 17 15 0.074116305 
881 15 17 20 0.071440734 
557 56 18 23 0.06791785 
390 342 232 268 0.06381312 
618 456 119 129 0.052910555 
644 56 15 18 0.045009177 
564 221 373 493 0.043867484 
456 397 142 151 0.040736347 
246 290 56 71 0.040730085 
75 111 17 21 0.04059539 
249 -1 18 19 0.037865173 
156 116 14 18 0.032776576 
725 16 16 22 0.032157574 
782 164 32 33 0.03212442 
69 83 17 22 0.03191231 
383 180 367 417 0.031169353 
516 377 113 143 0.030758023 
125 140 16 22 0.030406272 
974 108 24 28 0.030249678 
649 476 63 74 0.03014836 
358 69 64 68 0.028961634 
571 1 17 20 0.028748978 
165 254 433 479 0.028557483 
581 435 92 132 0.027852304 
496 1 19 21 0.027644923 
693 518 16 21 0.025917577 
368 134 48 42 0.025736228 
518 353 186 254 0.025138173 
84 164 14 18 0.02509905 
611 0 16 20 0.025050297 
234 262 90 117 0.024993654 
661 131 14 18 0.02485534 
29 49 14 19 0.02380701 
201 57 20 22 0.022941252 
342 126 115 123 0.02257007 
802 188 14 16 0.022419069 
179 0 17 18 0.022037068 
251 317 34 43 0.021201223 
289 0 21 18 0.020726359 
792 180 26 27 0.020567589 
689 86 17 22 0.020256849 
