47_Matador_Bullfighter_matadorbullfighting_47_536
191
476 317 20 24 0.9224347 
776 285 21 27 0.8758318 
113 413 23 27 0.8523953 
623 266 22 27 0.7201936 
898 339 20 25 0.70859975 
334 282 22 28 0.6869074 
403 219 19 22 0.52251905 
77 189 9 14 0.40171844 
968 339 17 19 0.33108357 
3 195 12 19 0.3236305 
835 325 15 17 0.2578948 
148 433 28 27 0.21421976 
583 301 15 18 0.20026551 
540 297 18 21 0.19541056 
933 350 22 27 0.18535581 
448 791 475 525 0.18287498 
545 290 17 22 0.16095425 
239 389 26 30 0.1426072 
467 226 11 16 0.11917016 
450 261 14 17 0.11201842 
4 432 21 33 0.095298246 
374 294 12 16 0.09333901 
85 189 9 12 0.09129737 
550 287 22 28 0.0903112 
2 192 9 14 0.08415206 
978 346 23 27 0.084113814 
-41 970 489 456 0.08247018 
917 354 15 21 0.08246645 
971 360 12 15 0.072837286 
562 537 29 31 0.07226856 
2 522 18 21 0.070851855 
448 200 9 12 0.0694195 
6 429 11 17 0.06779395 
412 381 15 19 0.06779037 
365 291 14 17 0.06678881 
442 233 16 20 0.06576267 
4 221 14 16 0.06313033 
552 300 23 28 0.06311479 
202 423 17 21 0.06250377 
550 529 26 32 0.062426627 
892 330 19 22 0.061488982 
667 242 13 16 0.061320167 
921 350 22 28 0.060816087 
701 195 9 12 0.05936428 
598 299 12 15 0.059237268 
160 439 17 18 0.058681566 
965 349 20 27 0.05756171 
665 216 9 10 0.05683391 
336 454 13 14 0.056097906 
128 418 14 18 0.05537144 
562 284 16 20 0.053377472 
647 292 13 14 0.052532483 
20 213 10 14 0.052242614 
862 261 11 14 0.05219161 
499 303 18 21 0.05168383 
952 315 11 12 0.04970698 
358 290 14 18 0.049353603 
12 219 11 15 0.049347658 
662 233 16 19 0.048125412 
89 224 10 12 0.047394495 
358 299 12 15 0.046727613 
883 273 13 15 0.046719458 
409 214 15 20 0.045850623 
935 436 11 14 0.04561377 
13 201 11 16 0.045149986 
522 290 14 17 0.044311352 
606 317 10 15 0.044259384 
885 297 12 14 0.043746013 
906 351 16 22 0.043608136 
984 315 10 12 0.043190595 
939 311 12 14 0.04230229 
1008 407 10 13 0.042000078 
575 300 10 15 0.041308153 
407 227 19 23 0.04125712 
2 226 9 14 0.040650945 
105 519 11 12 0.040649436 
379 293 12 15 0.037198365 
93 228 9 12 0.03716539 
180 415 9 12 0.03691082 
30 248 13 19 0.03615694 
649 305 12 15 0.036137044 
340 467 12 14 0.03593993 
594 417 12 17 0.0357057 
403 292 13 16 0.035379224 
421 309 15 17 0.03537338 
91 410 13 17 0.035254624 
507 314 16 19 0.03508268 
69 220 10 13 0.034720354 
31 222 11 14 0.034428336 
2 399 22 29 0.03378403 
15 441 17 20 0.03357653 
514 284 24 29 0.03337636 
491 345 14 16 0.033357866 
1009 396 10 13 0.0332982 
571 293 12 16 0.032030985 
348 460 11 13 0.031874396 
532 287 22 29 0.031747166 
105 221 8 11 0.031273972 
576 543 17 22 0.03107237 
536 304 13 17 0.030863475 
698 192 9 12 0.030678513 
338 278 16 18 0.030432133 
163 317 12 14 0.030295907 
731 322 12 15 0.029869996 
446 229 21 26 0.029669136 
438 229 12 17 0.029631093 
807 336 10 13 0.029600557 
106 399 29 34 0.029395772 
409 371 15 16 0.02924657 
561 312 15 18 0.029195167 
151 414 8 11 0.028833432 
710 295 8 12 0.028733388 
72 191 11 15 0.02870287 
381 347 10 12 0.028392544 
146 433 47 47 0.028285133 
341 457 12 15 0.027683841 
51 459 14 16 0.027582105 
144 412 9 12 0.027352996 
464 300 13 17 0.027340466 
89 255 15 18 0.027115436 
1007 421 9 12 0.027066998 
647 235 11 14 0.026787985 
116 254 11 15 0.026575686 
650 223 23 29 0.02654166 
110 220 8 11 0.026435237 
569 525 27 30 0.02640938 
104 416 14 17 0.026298087 
668 221 11 14 0.026083918 
23 229 8 11 0.026008971 
797 301 12 17 0.025945649 
855 203 10 13 0.025911849 
591 294 21 26 0.025858283 
346 290 13 18 0.025847714 
430 227 11 15 0.025816655 
862 254 11 14 0.025472136 
153 445 21 22 0.025273124 
85 404 22 28 0.025207426 
4 238 10 15 0.024922378 
30 241 11 15 0.02490993 
351 280 24 30 0.02487407 
459 223 19 24 0.02485631 
364 357 9 13 0.024701536 
662 219 22 28 0.024492273 
582 312 14 16 0.024418352 
571 294 20 26 0.024363017 
460 258 14 16 0.024358638 
863 221 9 12 0.024335148 
450 380 12 16 0.024287371 
543 286 15 18 0.024235602 
367 397 12 14 0.023863537 
362 309 12 14 0.023849845 
354 292 23 27 0.023652505 
944 352 15 19 0.023514561 
644 217 14 17 0.02344893 
144 408 8 10 0.023282988 
3 410 26 34 0.02303957 
683 221 14 16 0.023008103 
601 316 11 14 0.022918435 
977 338 14 18 0.022853747 
415 310 10 13 0.022755614 
643 216 24 28 0.02265668 
61 468 15 17 0.022542093 
562 296 16 20 0.022357512 
820 323 26 28 0.022126924 
410 323 14 16 0.021978527 
639 237 36 50 0.021830577 
150 422 13 17 0.021779394 
725 319 13 14 0.021762496 
250 495 9 11 0.02171563 
905 332 15 19 0.021704394 
718 324 14 17 0.021688212 
703 294 11 12 0.021656135 
721 316 24 29 0.021636225 
474 357 29 34 0.0215974 
238 427 12 17 0.021542074 
821 329 13 15 0.021502385 
43 438 23 30 0.021446852 
815 333 10 13 0.021302627 
526 337 14 20 0.02121207 
9 517 14 17 0.021209395 
6 195 19 27 0.021023417 
643 287 21 26 0.02101049 
499 319 22 27 0.02097804 
682 227 15 18 0.020951355 
407 318 11 14 0.020837924 
564 286 22 28 0.02080848 
164 423 25 30 0.020756625 
765 285 35 45 0.020478142 
23 219 8 13 0.020376014 
977 398 8 11 0.020360203 
7 423 28 34 0.02014066 
