47_Matador_Bullfighter_Matador_Bullfighter_47_195
20
762 97 56 72 0.99967504 
566 114 59 84 0.9990994 
286 9 50 53 0.99890697 
898 235 64 96 0.9982406 
700 100 51 76 0.9952905 
742 99 50 73 0.15280928 
717 134 39 59 0.09982964 
197 61 369 439 0.067675404 
721 101 32 49 0.05446718 
699 331 58 62 0.052980695 
722 362 14 18 0.05121593 
553 194 379 518 0.050028726 
727 113 47 70 0.04751736 
223 55 35 38 0.040282458 
352 101 31 34 0.033606477 
564 689 15 18 0.025504798 
662 370 11 13 0.023908751 
662 312 103 109 0.022322688 
712 358 29 32 0.021248989 
740 102 26 42 0.02037405 
