47_Matador_Bullfighter_matadorbullfighting_47_572
18
233 28 26 29 0.98997784 
890 97 23 31 0.9781697 
195 190 45 51 0.9551398 
77 2 31 37 0.9144196 
649 105 22 28 0.19478092 
97 62 33 54 0.101283655 
75 43 24 32 0.05649277 
414 43 241 246 0.042127192 
355 512 83 64 0.04171661 
349 575 38 50 0.037688572 
57 37 24 33 0.03625488 
174 182 33 46 0.03239484 
338 82 13 17 0.025854848 
208 53 24 31 0.025140822 
56 32 42 56 0.021395987 
330 535 55 51 0.021278253 
304 292 11 14 0.020230848 
177 301 12 13 0.020015089 
