47_Matador_Bullfighter_Matador_Bullfighter_47_583
35
379 155 256 334 0.99992204 
127 651 25 31 0.23686162 
804 828 17 21 0.17967749 
902 604 13 17 0.15856771 
118 608 16 18 0.13744716 
223 789 20 21 0.12171828 
325 501 25 31 0.117256455 
283 843 26 39 0.094431445 
212 588 13 16 0.08012938 
98 623 24 36 0.07140304 
100 711 41 60 0.06410052 
392 673 44 40 0.05769096 
326 648 14 17 0.05539787 
892 609 12 16 0.053283107 
651 501 27 40 0.046878606 
787 906 13 16 0.041642208 
382 686 59 59 0.0354355 
384 862 35 43 0.034676716 
673 512 27 33 0.034364957 
141 664 12 17 0.033948984 
332 510 30 37 0.03289749 
760 570 31 38 0.0311474 
290 853 405 523 0.028606415 
267 823 31 41 0.028258935 
334 530 12 15 0.02726766 
173 751 11 14 0.027125131 
293 560 12 15 0.025589159 
125 629 28 40 0.025073014 
287 553 13 16 0.022897977 
222 542 10 11 0.02173111 
341 501 30 37 0.02167137 
308 575 10 13 0.021051811 
772 925 9 12 0.020693023 
134 621 29 39 0.0206382 
109 630 30 36 0.02003913 
