47_Matador_Bullfighter_matadorbullfighting_47_777
17
585 79 218 272 0.9999261 
232 550 94 133 0.08285667 
498 176 19 22 0.08230041 
58 -7 374 474 0.053239223 
791 408 248 252 0.040410165 
808 115 100 154 0.03611758 
905 485 128 169 0.034338363 
471 117 94 120 0.034002975 
790 97 199 252 0.03162457 
756 318 398 412 0.031599466 
21 360 175 220 0.02873637 
472 185 29 32 0.025283704 
518 152 31 41 0.024038283 
270 529 102 134 0.023597559 
427 281 106 135 0.021561539 
355 484 50 65 0.020576164 
-2 467 89 156 0.02000898 
