31_Waiter_Waitress_Waiter_Waitress_31_484
30
334 176 109 146 0.99993825 
574 72 120 172 0.99986553 
126 712 11 13 0.18402496 
87 704 8 9 0.09924851 
130 681 7 9 0.090406194 
95 683 10 13 0.082939155 
112 692 9 11 0.067804106 
577 462 145 181 0.04747374 
159 696 10 12 0.044812605 
119 719 9 11 0.036435448 
28 740 9 11 0.035025526 
116 739 12 15 0.03388076 
89 727 9 11 0.03339242 
103 712 8 9 0.027516278 
100 680 9 11 0.027458204 
153 701 10 11 0.025941184 
64 691 9 11 0.02524388 
113 720 9 10 0.02428457 
118 689 7 9 0.02416444 
61 735 10 13 0.02292971 
110 711 8 9 0.022776527 
117 693 9 10 0.022423685 
81 676 8 9 0.022406936 
164 695 10 11 0.021580985 
94 704 7 9 0.021237785 
73 710 10 13 0.020888096 
61 740 11 15 0.020619348 
134 685 8 10 0.02049714 
77 716 9 12 0.020301394 
144 718 10 12 0.020019818 
