31_Waiter_Waitress_Waiter_Waitress_31_212
20
518 350 84 119 0.52255815 
527 272 58 67 0.42231056 
409 249 111 136 0.2582911 
571 135 48 80 0.1549622 
641 161 67 69 0.1479094 
455 253 104 112 0.08736045 
550 332 96 140 0.07344699 
604 144 82 102 0.0684188 
513 258 53 65 0.060490057 
710 231 44 59 0.05314173 
67 6 29 45 0.0477321 
516 70 313 412 0.044907562 
199 10 356 487 0.04418376 
693 221 46 58 0.04305947 
57 41 42 66 0.0404411 
653 189 62 75 0.030421553 
761 31 110 126 0.025620354 
622 159 101 117 0.023907648 
910 -13 123 136 0.022920126 
360 186 187 234 0.022099374 
