31_Waiter_Waitress_Waiter_Waitress_31_420
183
463 179 29 44 0.99932647 
653 219 26 33 0.99774736 
582 217 28 32 0.9975781 
915 209 32 43 0.997133 
332 301 22 28 0.99311996 
690 236 26 34 0.98865545 
372 299 22 30 0.985642 
552 220 21 32 0.96895903 
40 219 21 28 0.9687103 
532 205 23 28 0.9569731 
240 314 19 25 0.9511778 
489 218 24 29 0.94614875 
281 316 17 21 0.865176 
195 290 17 21 0.83916885 
868 306 23 28 0.5906726 
696 208 23 28 0.57958496 
378 289 23 31 0.5525939 
408 234 17 22 0.5452739 
148 262 19 22 0.5067769 
130 307 16 19 0.4237337 
168 313 15 19 0.42001516 
387 285 21 28 0.3200446 
451 43 30 35 0.28529865 
389 272 15 17 0.22581574 
347 283 12 16 0.21782753 
868 275 12 15 0.21326192 
166 292 14 19 0.20445222 
695 218 27 35 0.19338278 
306 315 14 19 0.1865629 
248 300 14 16 0.14669469 
537 223 24 33 0.146441 
189 293 17 21 0.14494948 
230 284 11 13 0.14040649 
411 221 24 32 0.14026116 
346 222 15 20 0.1394287 
122 298 17 20 0.1309312 
271 344 14 22 0.12116935 
518 282 32 36 0.11429234 
299 296 21 28 0.1137333 
93 220 23 29 0.11045822 
573 201 16 19 0.10773705 
300 288 15 18 0.10759936 
205 323 15 23 0.1063239 
117 291 14 19 0.09767498 
295 290 11 15 0.08605021 
840 159 8 11 0.08186777 
188 275 13 15 0.07682478 
491 213 18 21 0.07565571 
355 282 12 16 0.075206816 
844 283 12 14 0.07334347 
433 168 14 20 0.071092404 
234 282 12 14 0.06912698 
11 264 13 16 0.06873257 
816 246 10 12 0.06852156 
156 340 15 19 0.06808854 
225 285 10 14 0.0676606 
738 198 10 12 0.06367077 
253 296 11 14 0.06365563 
375 277 10 12 0.063437775 
235 294 11 14 0.061305884 
758 222 10 13 0.060664345 
260 281 11 15 0.06008762 
509 208 19 26 0.055081107 
184 298 13 17 0.05492235 
753 208 8 10 0.054905254 
816 239 10 11 0.05338336 
570 220 25 31 0.05318095 
98 276 21 31 0.053007677 
350 196 9 11 0.05279796 
207 276 11 14 0.049178313 
143 363 13 17 0.048846636 
219 323 12 17 0.04841079 
893 220 13 18 0.046314538 
502 214 20 27 0.04426595 
316 260 10 13 0.0442531 
86 274 12 17 0.043537967 
289 306 20 26 0.043308903 
997 294 15 21 0.04309801 
741 192 9 11 0.043091234 
162 354 22 25 0.04221654 
874 189 10 11 0.041760653 
874 207 9 11 0.041037254 
699 226 16 21 0.04076425 
140 330 13 16 0.040048122 
109 287 13 20 0.0391193 
203 285 14 19 0.038862597 
376 253 10 11 0.038809106 
141 271 17 21 0.038688958 
208 316 21 30 0.036830176 
433 40 43 55 0.03682371 
894 190 8 9 0.03636144 
164 329 15 19 0.03626193 
892 215 24 33 0.036212195 
473 306 26 37 0.03607215 
213 271 11 14 0.03593398 
776 224 9 12 0.03501414 
186 270 11 13 0.03453311 
275 350 15 20 0.03450753 
93 273 15 21 0.034488432 
781 229 9 10 0.034293465 
279 362 14 20 0.034106568 
158 313 16 20 0.033830013 
157 353 16 19 0.03347273 
513 144 18 22 0.032837726 
232 298 14 17 0.032549884 
421 307 17 23 0.032309752 
46 375 10 12 0.031788073 
212 292 10 15 0.0312343 
24 285 12 15 0.031157171 
148 278 15 19 0.030971399 
336 289 23 29 0.029755512 
430 160 11 15 0.029626667 
620 211 14 18 0.029531445 
828 116 11 14 0.029378092 
719 204 12 16 0.029172685 
349 272 9 11 0.028769918 
830 263 10 14 0.028685248 
122 372 12 15 0.028557688 
384 275 11 15 0.028067391 
137 311 15 19 0.027927924 
58 251 17 23 0.02786605 
313 313 14 19 0.027396137 
383 284 13 19 0.026983675 
749 224 14 18 0.026725117 
199 263 9 11 0.026405921 
152 275 21 26 0.025980538 
162 348 15 18 0.02594153 
241 111 10 13 0.025895495 
406 252 11 15 0.025875404 
881 312 21 26 0.025857553 
760 199 8 9 0.025523601 
776 239 11 13 0.025489634 
147 357 13 16 0.025435656 
741 205 9 11 0.02422725 
733 215 11 12 0.02397617 
11 284 11 14 0.023954166 
892 318 15 20 0.023949683 
238 355 14 19 0.023697518 
229 278 19 23 0.023688566 
376 191 8 11 0.02362072 
160 264 13 19 0.023513786 
333 284 14 16 0.023503194 
420 212 14 18 0.023441074 
799 246 9 11 0.023312652 
100 238 16 20 0.023307115 
405 261 12 15 0.02324553 
189 285 16 20 0.023155577 
836 274 21 26 0.023140652 
779 250 16 19 0.023056945 
532 235 19 24 0.02298569 
509 288 28 34 0.02285692 
834 158 9 12 0.022845263 
421 180 11 15 0.022741817 
160 289 14 18 0.022399781 
889 222 11 14 0.0223756 
427 51 25 32 0.022366852 
195 269 11 14 0.021999821 
757 214 10 12 0.021988887 
430 54 12 18 0.02194717 
23 277 11 14 0.021839138 
28 301 11 14 0.021725083 
715 232 17 24 0.021549452 
768 211 9 12 0.021428853 
423 194 13 18 0.021342056 
872 185 10 11 0.021301793 
328 263 10 12 0.02118078 
554 212 17 23 0.021137906 
425 297 18 23 0.021053065 
329 268 10 13 0.020927677 
128 263 9 13 0.020882642 
207 261 8 11 0.02072547 
600 220 18 25 0.020545207 
99 215 15 19 0.020538865 
696 205 14 18 0.020526432 
877 211 9 12 0.020521548 
302 29 92 113 0.02042355 
864 281 13 16 0.020392943 
21 268 13 15 0.020357778 
222 279 11 15 0.020282766 
89 226 12 18 0.020273509 
873 247 9 11 0.02026567 
150 299 10 13 0.020087915 
183 284 13 17 0.02006842 
