31_Waiter_Waitress_Waiter_Waitress_31_915
39
463 195 113 164 0.99979407 
941 558 24 30 0.9639696 
619 215 219 296 0.11854407 
714 292 93 117 0.11329742 
114 513 16 18 0.10117128 
40 463 11 13 0.088973425 
37 475 14 16 0.08193677 
1001 640 21 34 0.072437815 
521 210 374 462 0.06590359 
981 554 16 20 0.05997041 
21 505 12 15 0.05383761 
56 487 9 11 0.050669834 
171 532 12 15 0.049263194 
118 494 9 10 0.044122223 
22 484 11 14 0.038727712 
20 461 11 14 0.03774129 
676 337 46 52 0.0331955 
124 515 16 16 0.033152312 
88 621 23 29 0.03135847 
581 361 26 33 0.028444255 
580 -1 190 241 0.027484499 
974 584 26 32 0.02696973 
562 609 18 20 0.026588548 
36 490 12 15 0.025423491 
971 579 16 20 0.025158087 
17 507 11 15 0.024837805 
711 320 57 71 0.024424296 
630 338 48 52 0.024116665 
30 482 13 16 0.023571929 
96 601 13 15 0.022676274 
29 501 12 15 0.02266346 
5 579 15 18 0.022628097 
13 566 11 14 0.022122836 
33 468 12 14 0.021729194 
47 559 10 13 0.021188337 
10 573 14 17 0.0206792 
61 572 11 14 0.020625617 
31 462 11 14 0.020551914 
1001 104 9 12 0.020461118 
