31_Waiter_Waitress_Waiter_Waitress_31_351
64
301 161 140 192 0.99953926 
869 77 52 65 0.9965752 
147 146 35 43 0.9682085 
84 146 27 44 0.51828635 
134 146 29 42 0.22783104 
785 197 16 20 0.19422424 
538 164 368 468 0.1298423 
27 91 13 17 0.098804004 
529 137 17 23 0.07636895 
632 62 43 59 0.068362266 
195 124 29 33 0.065930605 
870 373 14 21 0.060897537 
621 77 9 11 0.0595231 
675 95 15 18 0.058994632 
23 183 23 36 0.05325574 
779 202 20 24 0.05036052 
740 362 12 13 0.049628302 
212 121 24 28 0.044785175 
485 170 12 15 0.044672467 
725 125 14 18 0.044600256 
21 247 22 41 0.043346647 
658 64 18 22 0.04305265 
91 140 38 53 0.04098257 
836 157 15 18 0.03872801 
734 180 11 12 0.038368657 
725 296 120 171 0.036185995 
538 176 13 17 0.03602044 
816 328 9 11 0.035385378 
183 104 47 58 0.03341645 
788 334 11 14 0.032606013 
200 146 25 30 0.03215392 
479 132 26 34 0.031303763 
753 377 19 20 0.031227844 
78 159 25 39 0.030072557 
583 211 14 17 0.02961821 
832 158 12 14 0.028463975 
532 139 23 28 0.028353851 
545 146 14 18 0.02832708 
686 237 204 276 0.028157253 
166 152 28 34 0.02629857 
728 198 9 11 0.02619323 
448 135 26 38 0.026125574 
197 157 14 18 0.025610141 
971 73 23 33 0.024938155 
654 101 11 14 0.024389561 
501 180 10 14 0.024011873 
804 158 15 18 0.023965582 
849 202 26 30 0.0237509 
608 175 10 13 0.023652786 
25 26 10 14 0.02330095 
51 24 15 17 0.023298956 
939 96 30 37 0.022762392 
24 195 28 39 0.02195494 
956 190 40 54 0.021946464 
574 71 10 12 0.02194063 
596 19 407 466 0.021527482 
693 94 11 15 0.021064462 
94 58 15 20 0.02078024 
784 197 26 34 0.020578241 
786 190 15 18 0.020573666 
509 169 14 18 0.020485178 
733 187 11 14 0.02016406 
85 162 35 48 0.020090729 
821 216 14 17 0.020041706 
