31_Waiter_Waitress_Waiter_Waitress_31_788
45
458 -2 58 62 0.99886924 
711 213 51 92 0.9876217 
165 190 50 78 0.9836938 
243 188 36 73 0.43546847 
362 181 42 58 0.3531147 
207 1 34 28 0.304931 
263 4 29 35 0.2426216 
889 243 16 21 0.15522438 
54 224 73 74 0.08373839 
869 117 23 28 0.07464996 
208 195 49 81 0.073411725 
128 355 60 63 0.05064649 
141 196 58 84 0.0448833 
878 124 25 31 0.040768612 
202 134 14 19 0.04026245 
184 202 51 80 0.038105045 
309 1 18 15 0.037286207 
236 216 35 60 0.03705801 
892 121 26 34 0.03657754 
405 329 45 47 0.03646428 
849 279 18 20 0.03591591 
509 261 238 276 0.035180435 
334 109 13 16 0.034388363 
890 253 17 22 0.033550583 
91 216 59 77 0.03226821 
299 2 27 24 0.030577553 
106 94 35 44 0.030448683 
81 3 29 34 0.029526893 
407 0 43 53 0.029176692 
684 230 63 83 0.028263688 
794 191 44 75 0.028024932 
248 0 36 30 0.027740546 
286 3 30 30 0.027114008 
506 7 47 52 0.026234042 
885 269 11 14 0.025713999 
882 167 27 34 0.024599103 
207 75 21 30 0.024515754 
303 431 14 19 0.021914786 
173 184 30 57 0.0218087 
889 289 31 44 0.021804461 
110 88 26 31 0.02177409 
930 243 28 34 0.02167599 
190 141 11 14 0.02127423 
354 0 34 33 0.020444287 
1008 214 11 13 0.020287702 
