10_People_Marching_People_Marching_2_316
25
24 -11 200 241 0.9971547 
365 112 234 196 0.22446184 
386 74 126 132 0.18062277 
851 15 69 75 0.17338456 
94 -1 247 274 0.16929941 
718 263 131 175 0.15848474 
414 119 132 130 0.073830195 
-7 263 425 467 0.060814817 
648 -8 221 211 0.059620414 
895 258 71 79 0.053234223 
362 325 237 311 0.049559377 
415 84 79 84 0.048368894 
892 212 104 136 0.039662562 
335 18 377 382 0.03096551 
255 217 446 438 0.029308014 
791 63 197 213 0.02906608 
935 606 39 32 0.028173346 
381 386 132 188 0.025317835 
382 257 130 135 0.024870124 
7 183 28 42 0.024180401 
918 595 115 113 0.02402684 
88 172 209 228 0.0239195 
0 260 44 69 0.023837846 
166 136 212 223 0.02280138 
254 36 196 228 0.021455767 
