10_People_Marching_People_Marching_2_277
452
50 187 42 62 0.9802478 
369 183 25 31 0.9540784 
838 185 24 28 0.9493031 
869 194 15 19 0.92116547 
818 190 17 21 0.87062675 
332 181 16 21 0.7375365 
913 186 21 25 0.7289087 
422 182 29 33 0.72031313 
470 178 14 18 0.71491784 
621 187 29 35 0.7068966 
195 262 16 21 0.68802834 
506 196 20 26 0.63396364 
942 186 13 17 0.6339141 
974 191 16 20 0.6050149 
1011 184 12 19 0.5873611 
560 181 8 11 0.5731742 
675 193 16 21 0.5414128 
492 202 12 17 0.48817378 
765 194 14 17 0.39533713 
263 177 12 14 0.38642818 
233 177 11 15 0.33407262 
414 172 29 34 0.3010325 
758 187 23 28 0.27475825 
742 195 9 13 0.26141208 
960 178 10 13 0.2573804 
316 188 12 14 0.25016925 
20 202 12 17 0.23153304 
4 202 18 22 0.2108087 
890 219 13 16 0.20530665 
99 262 53 64 0.19993371 
950 238 13 17 0.19208618 
992 194 11 15 0.19202644 
891 197 11 14 0.1913649 
535 181 11 15 0.1768175 
945 219 12 15 0.16474405 
496 175 9 11 0.15887535 
255 214 9 12 0.1582845 
315 273 21 29 0.15297064 
1005 220 13 17 0.14692906 
224 215 8 12 0.14362526 
231 379 25 36 0.14118151 
718 190 9 11 0.1373091 
1006 216 11 13 0.13717239 
521 203 14 18 0.1357336 
922 196 15 22 0.1354505 
311 184 10 12 0.13451375 
423 306 21 26 0.13446032 
781 203 13 17 0.13401054 
875 234 15 20 0.13233864 
589 188 10 14 0.1296659 
964 175 10 12 0.1270809 
581 212 9 11 0.121917695 
24 168 8 10 0.11795824 
450 167 14 18 0.105090626 
96 205 36 49 0.10471816 
557 213 11 14 0.10459092 
551 166 8 10 0.10237366 
782 196 14 17 0.100793794 
711 190 8 11 0.09922704 
541 179 9 14 0.09827879 
804 196 11 15 0.09758351 
749 195 11 13 0.09749685 
933 184 14 18 0.09683029 
606 178 41 53 0.09487141 
487 197 14 19 0.092629515 
692 201 12 19 0.091992505 
28 202 12 16 0.091001384 
415 253 13 16 0.09039627 
996 190 10 15 0.08936535 
704 188 10 13 0.088264115 
835 242 14 17 0.08674869 
474 182 14 19 0.08559953 
493 197 19 26 0.08350297 
294 177 8 11 0.0826834 
573 181 9 12 0.08167394 
685 182 11 13 0.08103651 
389 238 16 20 0.08056201 
481 247 22 33 0.08026537 
950 195 10 14 0.07968821 
553 180 9 12 0.07892248 
798 195 13 16 0.07715142 
491 389 16 20 0.07645205 
646 238 10 13 0.07644835 
566 182 9 11 0.07487984 
532 206 11 13 0.07472737 
782 229 12 14 0.0741165 
741 205 9 14 0.07023085 
576 160 8 10 0.0689453 
476 210 13 16 0.06860693 
894 179 12 14 0.06777814 
534 510 11 13 0.067464344 
716 221 11 15 0.06708686 
947 225 14 17 0.06678329 
212 239 24 30 0.06638418 
453 157 12 14 0.066059045 
825 187 16 20 0.065477505 
270 227 14 16 0.06515421 
790 272 14 20 0.06467849 
460 168 19 24 0.06421952 
544 176 9 12 0.06279593 
923 183 14 18 0.062556855 
964 201 14 18 0.06255554 
892 190 12 16 0.062537335 
257 180 11 12 0.062167406 
382 249 24 30 0.06100249 
569 152 7 8 0.059707236 
261 172 19 24 0.05957267 
272 199 9 11 0.05862853 
281 165 8 11 0.05839071 
982 231 12 16 0.058264 
1011 219 10 15 0.057867426 
443 247 42 51 0.057543863 
557 159 8 9 0.057186726 
573 245 10 14 0.057044588 
451 295 18 23 0.05650419 
655 220 13 15 0.0564309 
66 197 44 57 0.05609844 
13 206 22 31 0.05598769 
797 235 15 18 0.055986404 
634 266 16 20 0.055218536 
186 263 27 34 0.054314625 
293 196 11 13 0.054037716 
342 142 7 9 0.054032635 
734 191 12 15 0.05402778 
759 199 14 18 0.053467385 
992 291 11 14 0.052943673 
782 283 12 17 0.05273622 
670 191 15 19 0.052350864 
305 182 8 12 0.051198315 
550 175 9 12 0.051163305 
747 186 23 28 0.051035192 
885 259 15 21 0.050280266 
683 198 15 21 0.04988324 
453 188 12 16 0.04900847 
606 190 11 13 0.04867719 
601 152 8 10 0.048631348 
469 253 28 34 0.048039004 
711 241 13 18 0.048037555 
860 186 20 26 0.047769938 
768 195 20 27 0.047646184 
859 262 22 28 0.047475938 
770 188 12 17 0.047186635 
484 304 18 23 0.047137167 
625 205 18 23 0.047039915 
720 197 10 12 0.046554133 
200 206 8 11 0.046377886 
772 227 13 15 0.046219412 
351 161 14 16 0.046201516 
107 167 31 40 0.046030514 
246 253 13 15 0.045958903 
414 302 22 27 0.04522782 
454 149 13 14 0.04522563 
384 263 14 18 0.045211103 
682 187 15 20 0.044644907 
717 183 10 12 0.04450496 
440 186 22 30 0.044253778 
244 260 14 17 0.04425065 
890 202 15 19 0.04391477 
168 202 10 13 0.04390009 
145 213 11 15 0.04376082 
413 173 17 19 0.043610316 
665 195 11 15 0.043347504 
859 212 14 17 0.043224126 
464 179 14 20 0.043059018 
629 223 15 18 0.04273757 
807 191 11 14 0.042158876 
393 196 19 27 0.041982196 
402 206 15 21 0.041880578 
188 253 20 23 0.04166779 
607 197 12 15 0.041555237 
716 225 14 19 0.04152733 
249 214 9 12 0.041388556 
459 253 26 29 0.041189447 
700 204 13 17 0.04114559 
720 203 10 13 0.041091412 
1 150 8 13 0.041079357 
543 250 26 33 0.041072268 
958 204 12 15 0.040909268 
21 172 11 15 0.040776465 
768 223 11 14 0.040694423 
789 192 11 16 0.040587354 
551 188 10 13 0.040409748 
982 183 12 14 0.040396497 
708 250 16 19 0.04002839 
315 184 20 24 0.03975874 
869 260 22 28 0.039679643 
485 179 12 15 0.03967467 
530 264 25 31 0.03946518 
552 217 13 16 0.03941682 
989 181 11 14 0.03910591 
173 182 8 11 0.039102223 
553 160 9 11 0.03907034 
220 214 9 11 0.0384457 
570 158 8 10 0.038400043 
903 188 13 16 0.038008794 
344 158 9 11 0.037620235 
238 264 15 19 0.03758011 
274 232 16 19 0.03733722 
1001 224 13 17 0.036994047 
342 151 8 10 0.036745448 
887 253 12 17 0.036715068 
572 198 9 12 0.036681753 
238 168 10 13 0.036675464 
442 138 28 31 0.036646776 
485 227 14 17 0.036294583 
292 252 14 16 0.036272664 
744 181 10 12 0.036260344 
233 354 13 16 0.036183678 
543 150 8 10 0.035902906 
277 199 10 12 0.035855833 
394 287 23 26 0.03539687 
726 197 9 13 0.035232726 
366 158 10 12 0.03518706 
461 245 16 18 0.03495792 
997 202 12 14 0.03495098 
242 388 17 24 0.03493128 
263 168 11 14 0.034861967 
609 202 12 16 0.034858435 
886 191 12 16 0.034774635 
312 192 13 16 0.034603167 
183 197 8 10 0.03445381 
982 214 12 15 0.034319397 
842 262 13 16 0.034179375 
239 187 11 14 0.03409298 
997 287 11 15 0.034004875 
491 253 14 23 0.033601876 
325 230 10 11 0.033565488 
363 185 21 23 0.033546843 
759 244 13 16 0.03337505 
575 206 9 11 0.03307826 
559 185 11 13 0.03298847 
620 191 19 22 0.032725833 
967 194 15 18 0.032370985 
533 231 41 51 0.032185175 
992 177 9 11 0.03214161 
167 229 13 17 0.032022323 
926 233 12 14 0.03200249 
272 290 18 20 0.031878423 
419 198 17 23 0.03169494 
288 220 13 17 0.03159951 
930 199 15 19 0.031586763 
607 158 8 10 0.03138581 
198 198 8 11 0.031327512 
633 189 16 21 0.031191403 
223 197 9 11 0.031178309 
301 196 10 13 0.031158881 
499 180 12 13 0.03103947 
229 214 8 12 0.03103365 
484 188 12 15 0.031023515 
884 223 14 19 0.030951552 
781 217 15 20 0.030919213 
659 214 14 17 0.030892896 
525 187 13 16 0.030858636 
205 251 13 18 0.030798627 
801 229 14 19 0.030732445 
22 198 20 26 0.030577242 
198 193 8 10 0.03052753 
319 228 10 13 0.030499756 
199 247 22 29 0.030484516 
245 174 9 13 0.030465778 
254 189 12 13 0.030158734 
256 175 10 12 0.030115591 
854 215 13 16 0.030059967 
998 181 10 15 0.03004897 
431 166 27 32 0.030010164 
605 153 8 9 0.030003479 
275 179 11 15 0.029974261 
776 207 14 20 0.029838355 
384 187 17 22 0.029595332 
716 233 15 20 0.029594688 
53 255 13 17 0.02958899 
608 284 12 17 0.02958032 
709 265 17 20 0.029533044 
355 405 11 12 0.029475084 
744 176 9 11 0.0293938 
442 272 29 33 0.029335005 
715 271 16 18 0.029321596 
557 165 10 12 0.029289601 
575 188 9 12 0.029264333 
338 348 19 21 0.029245432 
536 281 18 22 0.029221315 
631 165 9 10 0.029069081 
559 241 21 29 0.029047664 
542 235 12 15 0.028907495 
773 182 12 15 0.028867524 
867 250 16 19 0.02883821 
599 188 11 14 0.028676938 
553 206 10 13 0.028675664 
882 192 19 25 0.028596891 
305 188 9 13 0.028429301 
289 181 10 12 0.02817985 
949 181 11 14 0.02816196 
347 187 13 17 0.028152745 
956 198 11 15 0.028105725 
475 199 21 26 0.028089795 
292 214 13 15 0.028089073 
805 189 21 27 0.028085088 
727 192 9 11 0.027944863 
312 369 18 18 0.027804993 
545 168 8 10 0.027645413 
157 243 13 16 0.027585914 
584 325 17 19 0.027576473 
0 265 9 15 0.02756545 
326 386 15 18 0.027430018 
315 262 16 18 0.027097605 
568 166 9 10 0.027093474 
567 176 10 12 0.026987989 
541 227 12 15 0.026945952 
802 274 16 20 0.026934942 
701 263 18 20 0.026762523 
737 190 19 24 0.026629211 
868 237 18 22 0.026608022 
350 193 12 17 0.026477927 
790 238 21 25 0.026446678 
816 359 12 14 0.026327776 
508 191 15 19 0.026236827 
310 228 12 14 0.026144931 
224 179 11 13 0.026090402 
25 196 44 56 0.025911272 
265 249 18 20 0.025769463 
781 178 11 15 0.025667345 
304 239 12 14 0.025529291 
212 272 16 19 0.025506742 
790 302 11 12 0.025493246 
321 268 14 19 0.025459882 
477 194 14 18 0.025429932 
147 218 15 19 0.025355099 
693 188 11 16 0.025355045 
711 184 9 11 0.025228871 
486 348 11 13 0.025151083 
790 236 14 17 0.025133708 
710 196 9 13 0.025075644 
471 158 10 13 0.024979977 
279 222 22 26 0.024947068 
11 198 16 21 0.024830943 
513 431 11 12 0.024827143 
100 151 37 37 0.024814077 
220 268 15 18 0.024734264 
541 262 17 22 0.024658758 
591 194 9 13 0.02465486 
358 160 11 13 0.02453509 
140 222 24 31 0.024517067 
431 151 11 12 0.024475522 
920 177 12 13 0.024456367 
653 259 10 14 0.024395531 
559 152 7 9 0.024390306 
254 196 10 12 0.024347637 
956 211 12 15 0.024291087 
928 252 11 13 0.024257464 
656 422 12 14 0.024128532 
394 352 25 27 0.024035191 
861 241 16 19 0.023978489 
703 176 8 12 0.023942715 
330 246 13 15 0.023920218 
842 251 13 15 0.023907095 
356 202 12 16 0.023899853 
275 267 13 17 0.023886705 
288 205 10 13 0.02388276 
477 217 14 16 0.023857849 
295 244 26 25 0.023812428 
337 142 7 9 0.023799758 
661 244 13 14 0.023787031 
471 265 28 37 0.023736056 
406 235 12 16 0.023656145 
962 310 12 15 0.023608549 
692 234 12 14 0.023508139 
965 226 14 18 0.023500621 
562 211 11 14 0.023466296 
395 188 12 15 0.02339349 
773 282 15 18 0.02333931 
232 187 10 14 0.02331654 
611 196 15 19 0.023220751 
774 233 14 16 0.023104569 
708 205 10 14 0.023086812 
140 190 10 13 0.023068346 
357 281 15 21 0.023046952 
555 254 16 23 0.023022866 
126 142 10 11 0.022886885 
848 195 17 23 0.022865552 
877 183 11 15 0.022837162 
555 176 20 24 0.02281623 
299 306 28 33 0.022805216 
277 223 12 15 0.02274923 
865 258 17 20 0.022739956 
717 214 10 12 0.022685902 
134 151 11 13 0.022680767 
605 190 24 31 0.022520775 
936 219 11 14 0.022433033 
532 257 18 25 0.022414897 
616 253 9 12 0.022242432 
504 167 9 12 0.022229029 
586 182 19 25 0.022224665 
831 236 15 19 0.022100883 
218 221 10 12 0.022090748 
566 189 9 11 0.022071473 
501 205 15 20 0.022013122 
640 197 16 23 0.022001686 
58 144 7 9 0.021998571 
125 150 12 14 0.021970272 
328 209 11 16 0.02196428 
813 221 12 15 0.021855889 
273 203 10 12 0.021794591 
957 186 12 15 0.021783708 
289 175 8 11 0.021761075 
742 218 12 15 0.02168106 
349 268 15 17 0.021597644 
223 247 18 22 0.021590658 
860 223 24 30 0.021580148 
749 182 9 12 0.02154938 
975 183 14 15 0.021535771 
781 222 21 25 0.02150364 
481 278 24 32 0.02148932 
180 288 15 20 0.021474963 
764 178 22 30 0.02147268 
566 205 10 12 0.021438602 
870 242 22 28 0.021407364 
944 241 15 17 0.021396667 
320 176 9 11 0.021390617 
428 299 24 28 0.021384276 
537 160 8 9 0.02120782 
582 267 11 15 0.021129208 
231 168 12 14 0.021038096 
192 205 10 12 0.020989986 
666 309 21 27 0.020974956 
16 209 32 40 0.020969322 
146 238 17 22 0.020853085 
527 181 14 16 0.020803664 
779 241 16 18 0.020794583 
702 195 12 17 0.02078543 
597 174 11 12 0.020764075 
182 259 14 20 0.020636387 
785 189 20 24 0.02061881 
471 166 10 13 0.020583613 
175 188 9 13 0.020574205 
382 159 12 13 0.020528011 
661 195 23 28 0.020483637 
284 278 11 15 0.020370616 
193 198 9 11 0.020368563 
224 172 22 27 0.020346956 
726 222 10 13 0.020324236 
197 246 13 16 0.020261656 
750 202 11 16 0.020258231 
589 311 17 19 0.020250384 
903 188 22 26 0.020245817 
245 189 9 13 0.020241702 
771 211 21 28 0.020218445 
814 332 9 12 0.020173557 
830 250 13 16 0.02015688 
262 185 11 14 0.020150129 
509 165 9 11 0.020082876 
227 267 14 17 0.020048 
837 195 18 24 0.02003927 
