10_People_Marching_People_Marching_10_People_Marching_People_Marching_10_524
59
64 132 73 88 0.99778455 
589 172 62 71 0.9946838 
836 139 59 66 0.97735846 
272 217 31 37 0.84804857 
285 215 39 40 0.552803 
501 246 17 25 0.27116615 
363 230 22 28 0.20728484 
215 248 25 29 0.15459096 
520 138 46 64 0.12387168 
873 139 59 68 0.09648174 
396 232 23 30 0.07572314 
151 194 45 53 0.06869364 
215 120 31 32 0.06747112 
192 170 28 37 0.06563116 
1004 160 19 34 0.063672766 
202 234 45 50 0.0633547 
214 166 49 56 0.058230914 
394 85 102 143 0.05595396 
892 247 31 38 0.051982835 
357 227 17 21 0.04521868 
492 107 82 102 0.04400238 
364 289 22 29 0.04383765 
291 134 31 36 0.043572307 
498 76 29 36 0.042651802 
182 163 49 54 0.039728973 
202 180 29 30 0.037559878 
167 178 46 54 0.034655128 
239 167 30 39 0.033093818 
147 206 29 38 0.0329284 
314 286 38 48 0.032887895 
154 223 17 21 0.03024257 
253 178 14 19 0.029827802 
1 157 40 60 0.029466916 
294 200 34 42 0.029335197 
551 489 27 31 0.02920187 
676 189 51 68 0.027786108 
225 242 28 35 0.027097398 
890 224 35 46 0.02634175 
169 201 48 53 0.025340168 
295 230 31 36 0.025158752 
102 -22 370 420 0.025058186 
194 211 49 57 0.024601907 
313 217 16 21 0.024486657 
902 167 38 41 0.02439939 
724 136 33 39 0.024120482 
14 213 55 68 0.023919167 
256 252 28 32 0.023760455 
574 194 37 48 0.023708232 
347 258 18 21 0.02314575 
185 153 30 42 0.02269248 
767 71 33 42 0.022308635 
864 34 121 154 0.022066433 
214 244 17 21 0.021752376 
338 201 27 33 0.021664558 
451 116 85 103 0.021614889 
960 66 55 79 0.020755937 
50 76 105 135 0.020593127 
12 139 48 62 0.020105435 
221 119 15 17 0.020022212 
