10_People_Marching_People_Marching_2_27
99
363 182 28 36 0.99470514 
860 206 27 33 0.9906448 
834 230 28 36 0.9902361 
575 191 34 45 0.9895131 
914 212 28 34 0.9744543 
430 185 31 38 0.9685084 
647 182 26 34 0.9668101 
264 192 24 33 0.9630579 
787 229 29 38 0.95975775 
704 201 32 41 0.959297 
536 196 31 42 0.952585 
211 202 21 29 0.93700796 
35 204 31 36 0.9306227 
483 195 22 28 0.9018239 
19 189 27 32 0.84768254 
519 194 24 32 0.84253424 
132 199 27 29 0.81426126 
916 262 34 49 0.7424771 
610 206 29 35 0.6235967 
305 180 34 41 0.5717546 
26 196 30 36 0.44324848 
462 150 23 31 0.3284164 
649 216 29 35 0.32611206 
201 46 43 59 0.23896852 
0 190 13 26 0.22166327 
761 234 15 22 0.18001305 
210 189 14 17 0.17926033 
879 179 27 28 0.16633116 
647 199 28 38 0.1638115 
266 238 12 15 0.15622756 
911 230 30 36 0.13403998 
809 307 53 65 0.11630662 
124 203 15 20 0.11212604 
549 191 37 47 0.111467436 
539 179 17 19 0.107509784 
772 204 25 29 0.09721238 
923 274 48 49 0.09462176 
848 223 29 36 0.08561508 
801 229 25 36 0.07755509 
762 225 25 35 0.070463315 
909 246 34 49 0.067352004 
615 203 21 22 0.06527417 
206 193 22 29 0.06449576 
319 180 39 50 0.063430235 
267 190 14 19 0.06294445 
301 475 15 20 0.05457715 
544 185 19 23 0.05405238 
531 186 28 34 0.052575782 
990 214 14 22 0.052479975 
465 140 17 19 0.04876203 
775 220 31 40 0.04756647 
708 186 25 31 0.044814724 
213 61 13 15 0.044669338 
814 267 28 33 0.04458007 
166 172 14 16 0.04386594 
628 205 34 43 0.04349309 
573 180 29 34 0.042781357 
610 213 42 46 0.042674992 
842 395 83 124 0.038697045 
454 162 28 34 0.038153455 
590 195 37 46 0.037928116 
205 68 12 14 0.03782528 
568 150 25 30 0.036868535 
352 160 15 18 0.036694806 
707 129 15 20 0.03526467 
822 242 30 37 0.03472536 
873 187 25 30 0.034334674 
956 268 45 51 0.033172917 
122 202 26 33 0.032562498 
162 184 27 32 0.031015651 
442 189 38 48 0.030638535 
569 14 8 11 0.029659456 
721 214 17 22 0.028379783 
341 184 26 35 0.028228141 
0 184 10 17 0.02809598 
341 122 26 28 0.027116397 
335 118 39 49 0.026966916 
842 5 42 57 0.026934776 
818 231 27 36 0.026616154 
347 184 16 22 0.026043603 
463 110 24 27 0.024173472 
714 181 16 20 0.024132416 
154 207 16 20 0.023971315 
282 233 31 38 0.023886083 
319 185 20 25 0.023620322 
271 186 36 50 0.022803735 
4 194 28 38 0.0226769 
981 284 15 21 0.022669608 
975 209 10 15 0.022328807 
414 204 34 37 0.021849427 
588 395 129 164 0.021535048 
984 203 23 37 0.02151033 
644 214 16 21 0.021360742 
901 447 27 46 0.021257924 
151 190 26 31 0.021243216 
803 244 42 51 0.02115959 
464 125 23 28 0.020629397 
695 106 30 39 0.020359138 
24 182 17 18 0.020339811 
