10_People_Marching_People_Marching_2_259
772
326 250 13 17 0.9844131 
561 462 18 21 0.9670758 
748 416 13 17 0.93761027 
394 463 17 21 0.93305016 
398 365 13 17 0.92945373 
164 460 19 22 0.92691004 
802 407 13 18 0.9135708 
51 363 15 21 0.9077674 
678 464 15 19 0.88419425 
534 415 12 15 0.87787527 
420 408 16 20 0.8721062 
485 158 10 12 0.86622477 
421 284 12 16 0.85992783 
205 404 15 19 0.8384916 
712 276 12 18 0.83201265 
450 469 16 19 0.83094364 
146 402 16 21 0.8188838 
493 362 15 19 0.8070001 
610 365 15 17 0.8048423 
688 414 13 16 0.7780774 
282 470 16 20 0.7715238 
558 284 12 16 0.7653071 
365 204 9 12 0.75472504 
607 275 15 18 0.754483 
638 421 14 17 0.7457155 
369 408 16 19 0.731552 
262 404 14 19 0.7123897 
336 471 16 20 0.7089995 
628 257 12 16 0.6799621 
852 402 16 20 0.6650078 
787 464 14 17 0.65611476 
892 396 14 20 0.6501664 
734 463 15 19 0.638804 
468 324 12 17 0.6339753 
473 406 16 19 0.6329999 
402 173 10 13 0.63119715 
625 206 9 12 0.62498826 
445 356 14 18 0.6167179 
347 357 14 18 0.6149719 
555 355 14 17 0.6110199 
205 208 16 22 0.6011681 
226 463 16 18 0.5973412 
590 321 12 16 0.5837806 
620 467 14 19 0.5825318 
683 359 14 18 0.5744981 
588 197 11 15 0.5716092 
430 197 10 12 0.56243044 
568 175 9 12 0.5248725 
942 413 14 20 0.5227481 
329 211 8 11 0.51498955 
764 197 9 11 0.50815815 
506 464 15 19 0.5033842 
484 309 10 14 0.480706 
639 320 12 16 0.47002172 
431 262 11 14 0.46238238 
533 256 11 13 0.4608882 
451 289 12 15 0.42726827 
886 465 14 17 0.40382308 
704 321 13 15 0.39924943 
850 390 24 29 0.39860094 
281 206 9 12 0.39604145 
708 219 9 12 0.39169338 
341 312 12 16 0.39113292 
362 275 14 20 0.38905415 
857 294 10 12 0.38712615 
666 206 10 14 0.37422302 
234 366 12 15 0.36720207 
590 421 13 17 0.35826695 
393 307 13 15 0.35463336 
626 341 12 16 0.34948614 
314 407 14 17 0.32618305 
297 365 11 14 0.31063882 
176 366 13 17 0.3017747 
671 417 11 14 0.30103636 
798 227 10 13 0.2919335 
802 355 14 18 0.28818995 
253 382 12 15 0.28744307 
456 424 13 17 0.27984044 
526 175 9 12 0.27694204 
475 265 15 18 0.2758598 
908 360 12 16 0.27356747 
483 386 12 15 0.272752 
624 444 11 14 0.27202806 
684 258 15 18 0.2714327 
492 475 11 14 0.27121943 
918 361 13 17 0.26977986 
269 272 13 19 0.26369596 
464 381 13 17 0.25743955 
445 174 9 13 0.25544837 
495 432 15 20 0.24744754 
113 314 16 20 0.22970733 
701 378 11 15 0.22870618 
661 441 14 18 0.2284481 
665 276 15 19 0.22240274 
836 470 12 15 0.221813 
284 259 17 19 0.21940725 
166 239 14 20 0.2155121 
429 340 14 19 0.2143532 
859 313 13 17 0.20931734 
368 392 21 26 0.20148739 
623 450 14 17 0.20099711 
499 290 10 13 0.20034488 
414 311 10 13 0.19363049 
403 429 13 16 0.1930864 
313 381 12 15 0.19063507 
932 385 12 15 0.1875824 
320 282 12 15 0.18703459 
637 414 14 16 0.18676561 
167 232 11 13 0.18025698 
582 486 13 16 0.16842887 
575 283 12 14 0.1679504 
746 354 13 17 0.16407438 
799 261 11 13 0.15638356 
348 312 11 15 0.1557117 
244 429 13 17 0.15233411 
597 388 12 16 0.15120944 
363 338 13 16 0.15118311 
699 302 13 15 0.15056808 
577 308 10 14 0.13970858 
529 315 12 15 0.13954647 
629 384 12 18 0.13449933 
792 243 11 15 0.13238268 
546 341 10 15 0.1298481 
340 459 15 19 0.12793463 
732 434 11 15 0.12709391 
1013 477 9 12 0.123273194 
282 315 14 17 0.122792594 
119 281 14 18 0.122313105 
314 393 15 19 0.12173798 
288 225 11 15 0.11567912 
350 431 14 18 0.11374061 
643 277 14 17 0.11238832 
93 463 15 19 0.10996197 
783 262 10 13 0.10860528 
355 364 12 15 0.10808116 
296 413 9 12 0.10724654 
555 200 16 17 0.10570464 
730 414 13 15 0.104743205 
192 391 12 15 0.10332909 
606 440 12 17 0.100101106 
608 340 11 13 0.10000497 
554 436 12 16 0.09827917 
455 343 12 15 0.09807966 
90 448 16 18 0.097873464 
413 385 12 15 0.09765013 
663 382 13 16 0.097525366 
359 245 12 15 0.095980294 
812 258 10 14 0.095487095 
519 434 13 18 0.095447026 
848 294 8 11 0.09477829 
272 265 20 25 0.092841476 
499 356 15 20 0.09275136 
825 268 12 15 0.09232359 
406 283 12 17 0.09183259 
429 378 13 18 0.089785114 
324 278 13 17 0.0891332 
282 461 17 20 0.086614296 
299 346 14 18 0.086495504 
332 209 9 11 0.08359852 
719 452 11 15 0.082578585 
487 346 10 13 0.08189711 
759 203 10 15 0.08011372 
852 381 12 14 0.080042504 
960 426 12 17 0.07978285 
846 455 9 11 0.07928899 
227 451 17 21 0.07914191 
762 382 10 12 0.079014026 
380 303 11 14 0.078520015 
787 380 14 17 0.077091135 
240 411 11 14 0.076968424 
468 310 10 14 0.07679034 
276 388 12 16 0.07635017 
423 235 13 16 0.075523295 
572 443 12 15 0.07548786 
485 329 12 15 0.07508926 
247 406 10 13 0.07392818 
839 423 10 13 0.0728389 
514 314 12 16 0.07215181 
469 519 10 14 0.07198976 
860 299 10 13 0.07167765 
789 420 10 13 0.07063403 
528 322 11 15 0.07053206 
310 466 13 16 0.06948117 
790 261 10 13 0.0688073 
854 373 10 13 0.068731874 
794 228 10 13 0.068651214 
658 364 10 13 0.06864036 
909 386 11 16 0.068262696 
515 340 11 16 0.06714022 
438 443 14 20 0.06709613 
597 226 11 14 0.06701773 
880 353 8 10 0.06633055 
335 429 14 19 0.065947816 
831 396 12 16 0.06573505 
838 294 9 12 0.06508745 
429 353 14 18 0.064053655 
658 459 12 16 0.06403661 
227 427 15 20 0.06384682 
918 369 12 16 0.0632203 
909 379 11 15 0.063109465 
667 441 14 20 0.06310248 
535 380 12 15 0.062768035 
514 295 10 12 0.06250033 
658 374 9 11 0.0622665 
515 300 10 13 0.062196996 
152 250 11 15 0.062068734 
280 381 11 14 0.061974067 
437 309 11 16 0.06181153 
846 278 11 13 0.061512437 
376 387 17 21 0.06150911 
254 299 13 18 0.06119791 
235 357 13 15 0.06108622 
744 442 11 16 0.06105378 
533 309 13 17 0.060336225 
477 256 15 17 0.060265955 
509 457 12 15 0.060134653 
190 398 13 17 0.05910791 
343 264 10 13 0.058750223 
93 316 12 18 0.057691596 
481 163 11 13 0.057213683 
191 227 12 16 0.057134967 
651 293 10 13 0.05664504 
657 466 11 15 0.056540567 
830 350 9 13 0.05635485 
473 189 10 14 0.05606251 
476 185 14 17 0.05604371 
592 311 11 14 0.055757847 
423 304 9 12 0.05550364 
259 295 10 13 0.055446215 
443 277 12 15 0.05530869 
715 468 11 14 0.054849397 
796 256 20 24 0.05430352 
171 247 14 19 0.05405621 
436 267 12 15 0.05397802 
613 441 12 16 0.053455945 
753 206 9 13 0.053387474 
675 273 13 17 0.053176094 
556 342 13 15 0.052889675 
804 261 13 15 0.052604288 
286 298 12 15 0.052288298 
669 355 13 15 0.05212 
668 407 13 16 0.051944755 
606 286 13 16 0.05179931 
432 220 11 12 0.051693786 
707 381 13 16 0.051503696 
780 541 11 14 0.05095362 
657 341 10 13 0.05093483 
543 476 10 13 0.0507441 
806 486 9 11 0.05061872 
764 204 10 13 0.05031622 
597 413 12 15 0.050036095 
845 471 10 13 0.050025713 
768 413 12 14 0.05002499 
846 285 11 14 0.049755536 
447 347 17 23 0.04954293 
720 428 10 14 0.049449675 
439 428 13 15 0.049358957 
780 253 10 14 0.049339246 
576 291 10 13 0.04871965 
296 434 12 17 0.048687875 
419 398 16 22 0.048548467 
908 369 13 19 0.04844767 
477 397 14 17 0.048344184 
257 408 13 17 0.04829683 
627 209 11 14 0.048124865 
397 336 13 18 0.048057918 
627 438 11 15 0.048002165 
550 347 15 19 0.04779016 
568 252 12 16 0.047699634 
311 376 11 13 0.0473999 
470 262 15 16 0.04739863 
388 333 12 16 0.047324922 
314 285 9 12 0.046586227 
615 473 13 16 0.046456147 
398 292 12 14 0.046414424 
180 244 15 19 0.04629649 
585 202 10 14 0.046206284 
677 267 15 18 0.046069097 
603 407 10 12 0.045945387 
381 349 14 17 0.04593916 
332 380 13 19 0.04593153 
473 494 10 13 0.04592595 
560 180 13 15 0.045812882 
819 296 10 11 0.0457958 
675 428 11 15 0.045412675 
474 323 14 18 0.0453772 
625 307 10 14 0.045268178 
620 415 9 12 0.04524236 
743 348 14 18 0.045217127 
837 287 9 12 0.0451274 
369 224 10 12 0.045075264 
684 348 16 20 0.045030437 
871 332 11 13 0.04465804 
577 340 11 13 0.04451936 
479 312 13 18 0.044463266 
130 362 13 18 0.04432872 
651 324 10 13 0.04419615 
568 459 16 20 0.044097677 
783 453 11 14 0.044090606 
638 408 11 13 0.04408238 
732 302 12 16 0.04351934 
570 200 14 17 0.0431121 
964 470 11 13 0.042999994 
747 439 12 15 0.042858932 
203 222 17 22 0.042809386 
820 376 10 13 0.042794507 
466 316 11 16 0.042685393 
416 287 12 17 0.042645283 
362 200 10 13 0.042556453 
431 308 11 14 0.04252726 
394 321 12 15 0.042370614 
363 381 13 17 0.042320978 
849 446 9 11 0.04231011 
517 422 11 14 0.042275146 
879 461 13 16 0.04213814 
603 412 12 16 0.042123944 
567 421 13 15 0.042118087 
493 465 19 24 0.042106107 
409 251 10 14 0.041988913 
850 335 10 11 0.0419715 
776 222 9 12 0.04195358 
767 214 9 11 0.041946944 
492 184 16 19 0.041902453 
621 242 13 15 0.04164784 
633 249 17 24 0.04162714 
829 355 9 13 0.041619472 
727 381 11 15 0.04131092 
763 397 13 14 0.041221492 
784 245 10 14 0.04110053 
285 376 10 12 0.040924028 
167 412 11 13 0.04072729 
608 359 13 16 0.040675104 
409 309 10 14 0.040584777 
799 400 12 17 0.040577155 
213 467 15 18 0.040545966 
762 387 13 15 0.040541783 
639 312 11 14 0.040470075 
438 361 13 17 0.04045268 
677 454 14 18 0.040405225 
191 441 13 19 0.040392857 
805 471 8 11 0.040349353 
235 425 18 24 0.040026866 
798 235 11 16 0.03990659 
504 471 13 17 0.039872367 
782 433 12 15 0.03986505 
523 428 12 16 0.039646283 
242 356 10 12 0.03964073 
650 301 10 13 0.03962102 
891 444 12 15 0.039425343 
413 485 12 16 0.039413463 
157 243 13 19 0.039275285 
543 487 13 15 0.039146572 
697 374 9 13 0.038972907 
134 412 11 15 0.03886442 
707 229 13 17 0.038647905 
701 296 12 14 0.038626034 
432 364 12 15 0.038555123 
494 341 10 12 0.03847679 
585 191 10 14 0.038472507 
519 180 10 13 0.038383685 
541 305 10 13 0.038331762 
479 178 23 26 0.037954047 
655 335 9 12 0.037932083 
782 415 10 13 0.037848696 
350 293 9 12 0.037623774 
580 333 10 13 0.0375979 
512 183 10 13 0.03743061 
402 357 13 18 0.03730517 
230 352 13 14 0.036720168 
931 425 15 21 0.036718003 
832 285 11 13 0.03665027 
828 272 13 15 0.036575366 
410 315 11 15 0.03641523 
800 353 11 13 0.0360062 
505 363 12 16 0.035780553 
765 404 12 14 0.035761513 
690 362 12 15 0.03563027 
186 277 11 15 0.035474386 
617 363 14 17 0.03540749 
744 406 10 13 0.03534517 
787 451 13 16 0.035162117 
388 349 12 17 0.034908127 
335 422 12 16 0.034885224 
153 394 15 19 0.03484535 
246 563 25 32 0.03480209 
824 470 9 12 0.034785934 
728 295 10 12 0.03478578 
621 358 12 16 0.034747858 
574 378 14 18 0.03473974 
301 370 10 13 0.03472989 
525 396 11 16 0.034671497 
439 483 10 13 0.034591664 
675 413 12 16 0.034403488 
391 198 8 11 0.03434653 
357 308 11 16 0.034228984 
656 387 12 17 0.034228075 
901 470 11 13 0.0342138 
316 376 12 14 0.03419563 
789 448 10 11 0.034028515 
538 311 15 19 0.03402504 
752 285 11 14 0.034021266 
934 363 13 18 0.033952277 
44 401 15 17 0.03388154 
938 486 14 19 0.033684894 
382 338 14 17 0.033631276 
623 556 17 20 0.033574533 
661 391 14 18 0.033494134 
100 315 14 19 0.033410907 
548 270 11 14 0.03340218 
284 210 10 13 0.03336057 
625 336 11 14 0.033300355 
728 405 12 14 0.033274103 
222 412 11 14 0.033100083 
439 434 15 20 0.03292354 
803 349 22 25 0.032894325 
421 386 12 16 0.032839976 
805 238 8 11 0.03282408 
118 451 13 15 0.03280373 
760 376 10 12 0.032752834 
307 559 16 21 0.03268038 
346 268 12 15 0.032553248 
357 344 14 18 0.032516688 
422 275 19 24 0.032511592 
572 178 11 13 0.032423764 
308 267 12 16 0.032416224 
124 451 12 17 0.03236017 
675 435 11 14 0.032332525 
800 437 11 13 0.032248866 
447 214 10 12 0.03213113 
250 383 21 25 0.032126732 
86 404 12 15 0.0320951 
391 451 21 26 0.032037076 
726 430 12 15 0.031957805 
854 471 10 12 0.03178882 
656 475 11 13 0.031783093 
689 341 11 13 0.031688858 
805 245 10 13 0.031682063 
262 466 13 18 0.031595096 
489 156 12 15 0.031545803 
333 462 16 19 0.031403873 
777 258 11 15 0.031321444 
435 494 12 14 0.031319395 
307 347 12 16 0.031220738 
669 291 10 12 0.031188162 
791 238 19 24 0.031151948 
799 273 12 14 0.0311221 
425 261 12 15 0.031119887 
494 423 13 16 0.031097453 
616 223 10 13 0.031068757 
535 469 12 15 0.031027485 
429 304 10 13 0.031026078 
198 216 15 21 0.03096604 
596 304 10 12 0.030918242 
497 456 21 26 0.030901415 
296 354 13 17 0.030856514 
507 354 12 16 0.030855227 
761 194 9 11 0.030829359 
816 459 9 11 0.030798543 
853 443 10 14 0.030793913 
482 392 14 17 0.030685268 
287 412 10 13 0.030677602 
387 181 11 13 0.030666545 
757 342 9 12 0.03062429 
652 284 11 15 0.030611293 
310 276 12 16 0.030606063 
797 525 10 12 0.030552477 
836 389 11 15 0.030312192 
783 376 10 11 0.030284232 
228 422 12 16 0.03018819 
673 466 14 18 0.030119749 
768 218 10 14 0.029890025 
124 333 12 16 0.02985617 
701 398 12 14 0.02977399 
655 444 19 26 0.029770078 
344 349 14 17 0.029718583 
629 357 12 16 0.029650336 
624 457 15 19 0.029637227 
321 340 11 14 0.029631041 
509 372 10 12 0.02959803 
781 397 10 12 0.029590534 
362 378 21 27 0.029460125 
584 316 12 15 0.029448304 
838 462 13 15 0.029332386 
661 357 12 15 0.029214898 
586 413 11 15 0.029165799 
440 274 19 25 0.029125914 
806 388 11 13 0.029114554 
267 395 14 18 0.028966349 
258 380 11 15 0.028959237 
591 395 12 15 0.02887413 
190 388 20 25 0.028861897 
716 271 12 16 0.028825775 
378 307 11 15 0.028805256 
563 174 10 14 0.02874385 
911 363 21 25 0.028693797 
550 275 14 19 0.028684894 
117 330 14 18 0.028655576 
807 254 12 14 0.028632445 
578 385 13 18 0.028553441 
797 254 11 14 0.0284356 
837 324 9 13 0.028421197 
381 302 18 23 0.028398685 
853 477 9 11 0.028358247 
479 214 10 12 0.028338734 
849 374 9 13 0.028228259 
383 187 10 13 0.028220437 
206 392 14 15 0.028137688 
390 427 23 27 0.028095642 
568 268 11 14 0.028005984 
813 413 10 13 0.027955074 
785 256 19 25 0.027805006 
237 420 13 16 0.02779648 
855 436 12 15 0.02773365 
111 478 12 13 0.027721921 
559 196 21 24 0.027706593 
604 417 14 17 0.027647782 
634 413 11 14 0.027559804 
593 227 10 14 0.027499484 
537 305 9 11 0.027398903 
781 387 12 15 0.027381524 
199 402 15 19 0.027346667 
396 423 15 17 0.027316675 
901 385 14 21 0.027294638 
446 169 9 12 0.027239015 
134 369 11 16 0.027218094 
159 236 14 19 0.027213389 
524 200 14 17 0.027200315 
860 410 12 15 0.027186062 
550 433 20 24 0.02715498 
585 425 12 17 0.027102036 
289 253 16 18 0.027095675 
572 255 13 18 0.02702996 
311 294 9 11 0.02701873 
252 395 15 19 0.026931806 
412 320 12 14 0.02689016 
151 477 11 14 0.026843576 
492 164 11 12 0.026816031 
823 476 8 12 0.02681177 
469 303 10 13 0.026729694 
710 449 13 17 0.026701981 
716 459 12 15 0.026643565 
989 449 16 16 0.0266415 
860 470 9 11 0.02655424 
441 178 10 14 0.026549077 
172 406 10 13 0.02654708 
788 266 10 13 0.026524879 
437 335 10 12 0.026494872 
65 444 14 18 0.026449956 
915 377 12 15 0.026422447 
868 415 9 11 0.026412137 
564 363 11 14 0.026386783 
613 461 15 20 0.026344808 
204 241 15 17 0.02630942 
114 443 11 15 0.026298631 
644 248 16 20 0.026258167 
704 430 12 15 0.026223008 
584 211 9 12 0.026093138 
587 309 20 25 0.026092196 
632 223 10 14 0.026038328 
689 324 9 12 0.026032886 
694 448 213 200 0.025953896 
517 401 14 16 0.025924765 
70 389 12 16 0.025836851 
112 483 12 15 0.025831407 
125 429 13 18 0.025809336 
635 392 13 17 0.02578944 
280 429 12 16 0.025783485 
822 362 11 14 0.025769183 
607 345 13 17 0.025745412 
224 420 11 15 0.02571498 
477 174 12 14 0.025694191 
660 430 13 16 0.025642717 
667 375 12 13 0.025631772 
556 187 14 16 0.025585866 
648 388 10 14 0.025486222 
352 270 19 27 0.02547496 
347 366 14 17 0.025407784 
867 309 12 15 0.025339566 
195 435 14 19 0.025334725 
640 270 10 12 0.025281185 
438 213 10 12 0.025225444 
645 309 11 15 0.02522444 
488 539 10 13 0.025146473 
853 289 18 23 0.0251291 
538 259 11 14 0.025118088 
349 280 13 19 0.025117388 
817 379 10 13 0.02508216 
842 456 9 11 0.025043817 
337 432 20 26 0.024991343 
726 284 12 15 0.024990782 
364 364 12 15 0.024983507 
833 292 11 14 0.024964094 
822 356 12 14 0.024937201 
319 383 18 25 0.024920521 
781 331 10 14 0.024875585 
381 364 13 16 0.024785455 
461 453 11 15 0.024757497 
372 340 12 16 0.024738148 
341 252 11 14 0.024645966 
580 260 11 15 0.02457592 
209 396 15 18 0.024562279 
781 292 10 12 0.024547406 
196 419 11 14 0.024536232 
261 357 10 12 0.024509508 
960 473 12 14 0.024507944 
696 317 11 16 0.024475839 
409 428 13 16 0.024468107 
565 278 12 15 0.024453374 
759 192 18 23 0.024426587 
579 303 10 14 0.024411198 
679 294 12 13 0.024388392 
946 404 14 18 0.024361752 
482 152 10 13 0.024361644 
274 206 10 14 0.024351608 
664 201 10 12 0.024338603 
234 443 14 20 0.024273876 
127 422 10 13 0.024269426 
552 418 11 15 0.024260605 
844 459 10 13 0.024240147 
561 441 22 28 0.024190407 
613 418 13 16 0.024184564 
527 381 13 16 0.024173342 
492 349 13 15 0.024109412 
279 412 11 14 0.024092516 
733 442 12 16 0.023970133 
852 339 11 12 0.023942452 
732 453 15 19 0.023939708 
114 370 17 19 0.023873214 
519 272 11 13 0.023835927 
948 399 12 14 0.02382265 
360 271 13 16 0.02378513 
102 303 11 14 0.023776408 
591 431 20 27 0.023729986 
729 466 13 16 0.023724668 
869 421 9 12 0.02364087 
796 468 11 14 0.023589078 
532 182 11 12 0.023565456 
168 225 9 13 0.023507943 
778 453 9 13 0.023497397 
787 427 11 15 0.023467053 
432 315 12 16 0.023455547 
464 213 9 12 0.023410492 
718 405 10 13 0.023315025 
1003 652 22 42 0.023313208 
544 222 9 12 0.023290139 
542 397 12 15 0.023274697 
299 412 12 14 0.023226652 
479 318 18 25 0.023156486 
471 434 14 19 0.023142027 
215 383 12 14 0.023084607 
689 253 15 18 0.023050027 
409 382 20 27 0.023040343 
415 469 12 15 0.023022557 
876 455 11 14 0.023011891 
376 400 16 20 0.023004528 
770 489 13 16 0.022998309 
706 434 14 18 0.02294261 
655 438 15 18 0.022908745 
619 276 11 15 0.022824066 
717 387 11 14 0.022742787 
870 302 12 14 0.022709945 
550 431 12 16 0.022678174 
501 181 10 16 0.022663506 
432 322 10 13 0.022634152 
656 380 11 15 0.022622483 
833 268 14 15 0.022572255 
476 204 12 13 0.022570081 
774 419 12 14 0.022564381 
426 229 14 17 0.022508735 
362 249 14 17 0.022490416 
294 563 12 15 0.022472618 
766 439 13 18 0.022444895 
228 348 23 26 0.02243506 
805 478 9 11 0.022417057 
563 557 16 19 0.0223984 
573 249 11 14 0.022347808 
916 387 11 15 0.022278877 
439 281 12 17 0.022268727 
590 372 10 12 0.022258678 
548 335 12 15 0.022255322 
725 443 12 15 0.022228025 
1011 673 12 24 0.022224795 
346 453 13 17 0.022198264 
902 354 21 24 0.022161746 
376 314 12 16 0.022160418 
756 488 10 12 0.022106458 
747 407 13 16 0.022098899 
123 368 14 19 0.022093851 
432 499 12 16 0.022075802 
774 396 12 14 0.022073504 
633 316 11 15 0.022070656 
790 375 11 14 0.022039264 
540 384 14 17 0.021976946 
793 250 10 14 0.02195778 
543 337 18 26 0.021903386 
434 194 11 15 0.021882594 
362 559 16 21 0.021831185 
479 304 13 15 0.021820545 
791 414 11 14 0.021797301 
773 436 12 16 0.021793764 
624 315 10 14 0.021756522 
197 225 14 20 0.021680977 
223 471 14 17 0.021643255 
718 445 21 26 0.02160087 
180 358 14 18 0.021563727 
278 200 17 23 0.021562334 
521 518 10 14 0.021531506 
344 472 14 19 0.021495773 
423 268 10 13 0.021466758 
820 308 10 13 0.021444224 
373 379 17 19 0.021378962 
516 412 12 15 0.021338645 
946 415 20 29 0.02132816 
518 336 10 13 0.021301916 
39 371 14 17 0.021264335 
902 428 10 13 0.021260366 
821 253 11 14 0.021246491 
742 360 12 16 0.021239143 
129 413 10 13 0.021216763 
466 304 18 24 0.021214316 
448 219 11 13 0.021188766 
422 565 25 32 0.021188125 
346 540 15 19 0.021173928 
675 280 15 19 0.02110886 
510 346 12 17 0.021090964 
751 277 10 13 0.02108807 
655 344 13 18 0.021051602 
638 375 10 11 0.020996954 
718 487 11 14 0.020953428 
491 267 14 18 0.02095234 
579 279 10 14 0.020937238 
543 272 12 17 0.02092492 
277 405 11 14 0.02091956 
280 454 12 16 0.02091874 
424 343 15 21 0.020911291 
775 388 11 15 0.02087988 
798 216 9 12 0.020869745 
544 336 10 14 0.020833962 
289 460 14 16 0.020829806 
561 348 14 18 0.020816607 
495 282 18 23 0.02072198 
170 257 14 18 0.020715533 
776 291 10 13 0.020678252 
108 545 13 18 0.020586267 
194 451 12 16 0.020579856 
284 223 20 24 0.020570409 
485 214 12 15 0.020540293 
528 419 12 15 0.020538427 
446 462 14 19 0.0205047 
425 202 12 14 0.020487875 
492 333 12 14 0.020484135 
825 262 21 24 0.0204624 
814 398 10 15 0.020447427 
628 302 10 13 0.020438204 
710 420 11 13 0.020419873 
824 487 8 10 0.020407258 
617 210 12 15 0.02039167 
816 477 9 11 0.0203794 
726 376 10 12 0.020359404 
959 405 12 15 0.02031497 
492 173 13 15 0.020280002 
874 459 9 12 0.020236256 
301 317 10 12 0.020231271 
379 371 15 18 0.020198544 
384 197 9 11 0.020152416 
799 371 10 13 0.020118741 
479 347 11 15 0.020113152 
613 447 18 24 0.02010214 
527 315 20 24 0.020088518 
909 350 13 17 0.020077331 
873 479 9 10 0.020068798 
122 272 21 25 0.020021776 
