10_People_Marching_People_Marching_10_People_Marching_People_Marching_10_People_Marching_People_Marching_10_933
91
110 203 37 48 0.974858 
539 157 28 32 0.97395235 
980 138 23 31 0.69735277 
527 163 27 34 0.50395614 
988 132 24 40 0.35017505 
518 169 28 36 0.29811105 
282 55 18 24 0.26256326 
317 72 14 20 0.1450741 
232 11 14 17 0.10071465 
545 280 24 30 0.07998621 
325 246 12 14 0.07366602 
751 38 11 15 0.06790288 
673 -2 28 31 0.06626185 
66 47 14 19 0.064221434 
276 85 11 16 0.06346379 
325 73 13 24 0.05792148 
733 7 14 20 0.056929696 
734 200 13 19 0.05592534 
771 0 19 19 0.053783193 
689 2 27 31 0.051809628 
716 3 17 21 0.049950585 
847 0 11 11 0.047957134 
239 103 27 40 0.045582376 
518 178 17 22 0.044706583 
332 196 10 13 0.043033853 
992 382 29 37 0.04269933 
261 79 22 28 0.0418833 
232 27 13 16 0.041853376 
728 202 22 35 0.04170083 
270 69 12 16 0.040187187 
717 42 15 20 0.04014498 
290 59 16 22 0.039398085 
49 40 14 19 0.036585998 
752 31 10 13 0.036110215 
798 1 13 17 0.03566303 
806 52 11 13 0.035228975 
215 169 44 52 0.035090186 
788 46 15 20 0.033917364 
792 154 13 18 0.03358306 
701 3 28 33 0.033016063 
532 258 42 53 0.032494094 
182 0 10 10 0.03234847 
956 0 12 11 0.03183152 
246 84 23 31 0.030952437 
755 35 12 15 0.030874813 
275 61 17 23 0.030347507 
723 6 16 22 0.029815065 
298 1 18 18 0.029661452 
797 38 11 14 0.029422872 
153 194 46 58 0.02934228 
999 129 23 39 0.02905552 
806 2 12 16 0.02829555 
249 108 39 53 0.027890837 
949 23 9 11 0.027380185 
974 0 9 9 0.027064905 
221 66 25 33 0.02701845 
463 0 18 18 0.026555972 
103 1 30 28 0.026248742 
327 228 11 12 0.025873434 
749 175 24 30 0.025200432 
267 87 24 32 0.025095223 
253 131 11 15 0.02481459 
656 -1 29 33 0.024274448 
795 42 14 19 0.02336874 
738 5 15 18 0.023256475 
325 87 15 21 0.02284393 
828 45 12 15 0.022815825 
245 97 15 20 0.022747835 
270 66 23 32 0.022698043 
557 160 22 32 0.022525785 
37 25 12 14 0.022474023 
298 85 22 27 0.022379847 
249 82 37 47 0.022347078 
327 76 21 33 0.022234818 
274 207 7 9 0.022217447 
967 14 12 16 0.022172544 
933 39 8 12 0.022116052 
229 53 14 18 0.021856267 
23 0 16 18 0.021753026 
765 8 15 19 0.021745034 
326 240 12 14 0.021488205 
139 155 11 16 0.02137484 
748 45 14 19 0.021276228 
840 23 10 12 0.02124912 
508 3 31 34 0.021128584 
333 1 11 11 0.021069681 
668 0 21 21 0.020777991 
271 58 14 20 0.020713825 
749 4 13 15 0.020544836 
766 241 10 15 0.020398967 
254 78 14 17 0.020005139 
