10_People_Marching_People_Marching_2_935
47
375 293 204 329 0.9998417 
859 227 193 309 0.33720303 
920 1020 36 41 0.2711176 
75 102 193 225 0.23893043 
35 438 175 243 0.16794242 
100 172 123 140 0.145631 
113 779 56 69 0.1454118 
818 452 186 235 0.10028602 
775 926 33 43 0.092285514 
912 984 66 72 0.086992964 
830 840 27 30 0.07720209 
161 380 232 271 0.07534958 
42 1472 54 64 0.07331645 
30 1262 121 175 0.057533678 
249 462 113 125 0.05134044 
756 172 341 461 0.048407618 
799 1027 30 33 0.04599819 
926 297 101 205 0.043671712 
976 1015 35 39 0.040413752 
822 1074 58 67 0.03887183 
814 1082 191 222 0.033861272 
277 485 69 76 0.0337628 
546 97 67 54 0.03167447 
355 115 131 141 0.030676834 
570 1019 23 26 0.028378861 
531 85 103 96 0.028011799 
190 497 130 142 0.026871296 
903 963 56 64 0.026392251 
453 1390 11 11 0.025618413 
581 1384 13 14 0.024199946 
883 1016 51 53 0.023999881 
928 1008 63 60 0.02387567 
456 1142 12 18 0.023776017 
289 701 458 535 0.02296623 
578 848 44 49 0.0216024 
623 901 12 17 0.021585442 
924 986 40 45 0.021463664 
761 890 207 298 0.02130967 
301 335 188 288 0.021142354 
807 1039 56 55 0.021058284 
536 844 12 14 0.020773796 
670 771 371 468 0.02071503 
345 1322 86 110 0.020694986 
62 1257 171 247 0.020625487 
944 823 10 15 0.020552393 
454 1140 29 41 0.02043975 
10 359 290 406 0.020382384 
