10_People_Marching_People_Marching_2_173
342
795 511 24 32 0.99844426 
317 485 11 15 0.952919 
365 494 12 14 0.9514804 
858 513 17 21 0.9455957 
349 486 10 14 0.65267056 
759 499 9 11 0.621703 
495 505 8 11 0.5767291 
383 493 9 12 0.4466599 
521 502 9 11 0.4453638 
281 494 9 11 0.40983784 
423 495 8 10 0.39834377 
674 504 8 11 0.395741 
732 505 13 16 0.37380204 
455 496 9 11 0.34865227 
188 486 9 11 0.3147008 
575 518 10 12 0.29530856 
509 503 8 11 0.27961394 
250 491 10 12 0.26737258 
641 495 9 12 0.26255977 
672 534 12 15 0.2601175 
568 541 11 13 0.2539845 
253 487 10 12 0.2520394 
823 472 16 19 0.23468591 
979 518 13 16 0.2341348 
341 492 11 14 0.23289232 
167 488 9 11 0.22992209 
700 516 10 14 0.21549612 
520 496 9 11 0.21362135 
272 494 8 11 0.20162046 
939 498 15 19 0.20038304 
449 497 8 11 0.18845007 
947 504 17 21 0.16775465 
574 501 10 13 0.16660663 
975 485 9 11 0.15678956 
464 502 7 10 0.1528058 
440 501 8 11 0.14773387 
990 493 13 16 0.14754674 
301 458 11 15 0.14418654 
372 493 10 13 0.14262946 
614 503 9 12 0.14210418 
-3 731 40 39 0.13891663 
649 558 8 12 0.13402456 
614 509 10 12 0.12955424 
209 483 10 12 0.12792367 
388 494 8 11 0.1269552 
196 347 12 14 0.12487574 
597 477 9 11 0.11682116 
542 496 8 10 0.112040736 
416 464 9 12 0.10715973 
490 503 8 11 0.102253854 
112 486 8 11 0.10183951 
341 499 10 12 0.09890154 
144 488 10 12 0.09804063 
924 484 10 14 0.097411424 
750 544 13 21 0.09723529 
424 487 8 11 0.096994296 
709 501 16 20 0.09504824 
703 487 9 11 0.093857095 
936 495 12 16 0.09310338 
302 493 9 11 0.09280818 
590 508 10 12 0.088566 
337 522 11 15 0.086655736 
237 487 8 11 0.08449886 
697 483 8 11 0.08075758 
224 499 9 12 0.079938814 
934 502 12 20 0.07955451 
756 532 16 23 0.07923358 
262 488 8 11 0.07819962 
693 495 9 13 0.077896826 
857 499 17 21 0.077001795 
656 504 8 10 0.076027066 
415 501 9 10 0.07401653 
779 515 14 18 0.073615 
581 465 8 10 0.073017 
645 499 9 11 0.07027415 
211 493 11 14 0.06918235 
442 496 7 11 0.068923704 
418 480 7 9 0.067487955 
1011 513 11 19 0.06719014 
486 519 10 13 0.06692748 
866 510 17 20 0.06613366 
926 479 10 14 0.065731816 
633 494 8 10 0.06539521 
264 493 9 11 0.06471693 
294 504 9 11 0.06424575 
575 509 11 12 0.06412565 
481 503 8 10 0.06400236 
990 518 10 14 0.06393971 
406 495 9 11 0.06258955 
974 492 11 14 0.06251065 
984 491 11 15 0.061906967 
1006 507 13 18 0.061556883 
418 486 8 10 0.06116672 
128 400 8 10 0.061009124 
697 511 10 14 0.060583115 
700 503 19 26 0.06005149 
148 487 10 11 0.05973848 
172 488 8 9 0.059354503 
874 513 13 17 0.05869981 
424 480 8 9 0.057331756 
812 492 12 17 0.056896247 
344 481 10 13 0.05607591 
703 531 13 17 0.055823892 
664 508 8 11 0.055740546 
965 500 11 17 0.054853894 
401 495 8 10 0.05415198 
362 493 10 14 0.053985223 
854 493 15 19 0.053192064 
976 526 20 24 0.0521186 
620 482 11 13 0.05203539 
303 487 8 11 0.051716648 
996 499 13 15 0.051698316 
581 502 12 14 0.05164229 
989 522 12 18 0.05110253 
956 500 14 18 0.050679736 
328 460 10 12 0.050541822 
968 546 11 14 0.0503029 
418 494 9 12 0.048461318 
194 344 10 12 0.0483757 
539 500 8 11 0.048182283 
760 525 20 26 0.048071835 
368 477 9 11 0.047330223 
286 500 10 12 0.04717589 
689 495 9 12 0.047094844 
969 536 20 25 0.047061898 
678 478 9 12 0.04640928 
474 524 9 12 0.04626776 
325 503 9 12 0.04616276 
185 482 8 10 0.04614262 
570 518 9 12 0.045940768 
469 503 8 10 0.04582739 
313 489 11 13 0.045796316 
166 396 10 12 0.0457368 
511 508 8 10 0.045614313 
561 471 8 9 0.04554426 
630 523 11 14 0.04536069 
213 481 9 11 0.04535034 
707 523 12 16 0.04500391 
478 524 10 12 0.044999734 
471 510 8 10 0.04491147 
904 527 11 14 0.04427872 
919 540 13 16 0.0435121 
350 509 13 15 0.043402627 
654 507 11 13 0.04328536 
429 479 8 10 0.042740043 
539 495 7 10 0.042618264 
665 504 7 10 0.042594746 
997 516 14 18 0.04241268 
764 496 9 12 0.04129248 
616 478 12 14 0.041198935 
525 496 6 10 0.041162014 
428 486 9 12 0.041052833 
376 487 9 12 0.040484134 
709 486 11 13 0.04035324 
551 488 8 11 0.040131547 
623 516 10 13 0.040093284 
104 445 8 10 0.040055335 
429 517 10 13 0.03976425 
343 482 18 23 0.039743643 
560 520 8 10 0.038963985 
200 480 8 10 0.03883999 
407 499 10 12 0.038749658 
462 496 7 10 0.038692188 
842 602 10 14 0.03817665 
944 493 18 20 0.03804952 
237 455 12 15 0.037423354 
294 492 9 12 0.037421558 
376 462 9 10 0.037324302 
511 496 9 11 0.037307758 
287 488 9 12 0.037203513 
665 496 8 10 0.037083413 
383 498 10 12 0.036986638 
117 487 8 10 0.0361537 
981 511 12 15 0.03584705 
998 506 15 17 0.03534548 
757 503 14 20 0.035231747 
104 438 10 13 0.03464819 
771 519 20 26 0.03455465 
186 490 9 12 0.03440999 
517 487 9 11 0.03435146 
215 497 10 12 0.03426885 
742 544 14 21 0.033662423 
137 487 9 10 0.033402115 
377 452 9 11 0.03337354 
293 487 9 12 0.033328574 
262 341 13 17 0.033322193 
707 492 15 16 0.03326397 
162 492 10 10 0.033177324 
945 415 10 13 0.03271604 
581 485 11 13 0.03262882 
524 508 9 12 0.032577086 
231 493 8 11 0.032572553 
645 489 8 10 0.03246271 
320 507 11 13 0.032244943 
308 460 10 12 0.032125354 
351 502 10 13 0.031896766 
934 486 12 16 0.031752598 
595 508 10 13 0.03169991 
971 498 13 15 0.031626396 
731 544 17 20 0.031619906 
919 470 9 10 0.03150625 
514 486 8 11 0.03141804 
632 487 8 11 0.031311613 
421 464 8 10 0.031242598 
366 523 11 14 0.030963223 
132 467 11 13 0.030778278 
1006 521 12 17 0.030711485 
592 515 10 13 0.030648634 
910 461 8 11 0.030589188 
754 501 11 13 0.030470986 
567 479 9 12 0.030461932 
988 535 15 19 0.030017173 
640 489 9 12 0.029838031 
199 485 9 10 0.02982922 
340 517 13 16 0.029371286 
104 487 9 12 0.02933377 
295 455 11 16 0.029177947 
145 408 9 10 0.029132308 
688 479 8 12 0.028975101 
505 497 8 11 0.028911324 
750 487 8 11 0.028810238 
567 544 16 18 0.028627187 
289 445 9 12 0.028552873 
536 487 8 11 0.028410302 
615 495 10 12 0.028249692 
730 509 18 21 0.028159836 
620 510 11 15 0.02797525 
502 508 10 11 0.027857954 
966 494 11 15 0.027781349 
1012 503 11 16 0.027715575 
850 231 8 10 0.027557196 
336 478 9 12 0.02740613 
277 489 18 23 0.027383847 
622 493 10 12 0.026759233 
596 502 10 13 0.026703142 
473 519 9 12 0.026632102 
559 502 10 13 0.026454628 
679 471 8 11 0.026307534 
663 471 7 9 0.026242623 
248 499 10 12 0.026125045 
670 463 8 10 0.02611895 
528 470 8 10 0.025915926 
240 503 9 11 0.025911272 
74 479 8 11 0.025883546 
726 464 9 10 0.025833262 
542 527 8 11 0.025738657 
230 473 9 10 0.025688251 
983 487 9 13 0.025667189 
663 456 8 10 0.025654342 
575 468 9 11 0.025637284 
249 482 18 23 0.025595535 
337 487 10 13 0.02551941 
738 505 13 17 0.025475046 
488 496 8 10 0.025450088 
146 413 9 11 0.025324482 
464 518 9 12 0.025200492 
570 535 13 14 0.025167909 
420 533 13 15 0.025059247 
906 531 13 15 0.025004273 
478 509 9 10 0.024907239 
655 478 9 11 0.024851792 
166 436 10 12 0.024812695 
744 493 9 11 0.024591256 
553 509 9 12 0.024575211 
804 498 16 19 0.024536397 
133 398 8 11 0.024416488 
942 433 8 11 0.024403166 
390 500 8 10 0.024367318 
481 496 8 9 0.024318578 
429 494 7 10 0.024257297 
544 534 9 12 0.024079634 
272 235 8 11 0.023928897 
120 416 9 11 0.023918916 
991 494 22 26 0.023823537 
958 494 12 16 0.023753654 
939 487 14 17 0.023714155 
671 527 11 15 0.023634635 
343 454 8 10 0.023629133 
569 496 9 11 0.023588993 
743 462 7 9 0.023572292 
558 494 9 10 0.02350972 
699 518 18 24 0.023394953 
543 540 12 15 0.023320006 
569 506 10 15 0.023258626 
624 523 11 14 0.023211822 
481 487 7 9 0.0232111 
512 519 7 10 0.02317947 
938 438 9 11 0.023176849 
414 518 11 13 0.023130262 
751 506 13 17 0.023115952 
610 501 9 13 0.023063015 
191 482 8 10 0.022859797 
271 458 11 13 0.0228142 
470 487 7 10 0.02270749 
926 492 10 14 0.022698408 
543 488 9 12 0.0226228 
373 478 10 11 0.022594297 
668 545 14 17 0.022547862 
778 515 23 28 0.022525676 
325 491 10 13 0.022513429 
992 507 10 14 0.022486748 
955 510 14 20 0.022336863 
920 478 12 15 0.022307742 
990 523 22 27 0.02230686 
561 542 10 12 0.022189546 
837 339 42 51 0.022151588 
248 481 9 11 0.022053787 
567 468 9 12 0.021991286 
264 306 13 18 0.021937024 
745 488 9 11 0.021840274 
928 505 14 20 0.021825278 
649 464 8 10 0.021816414 
592 605 8 10 0.021789122 
431 471 8 10 0.021723589 
341 471 11 12 0.02159718 
970 485 9 12 0.02156814 
238 491 9 11 0.02155896 
933 479 10 13 0.021553926 
920 490 11 15 0.02141123 
589 483 11 13 0.021268055 
366 516 13 16 0.021190038 
466 508 8 11 0.020972867 
288 506 12 14 0.020943219 
671 513 11 15 0.020922808 
632 499 10 12 0.020850204 
685 524 11 14 0.02083805 
417 456 7 9 0.020766191 
966 514 12 17 0.020722121 
257 461 9 12 0.020687172 
706 513 15 19 0.020645361 
172 492 9 11 0.020611886 
640 470 7 9 0.020584911 
1006 514 19 29 0.020512698 
238 534 15 19 0.02049959 
598 369 10 12 0.02041919 
800 462 10 12 0.020303229 
713 470 8 10 0.020273434 
231 478 8 11 0.02026923 
567 523 10 12 0.020144144 
724 515 23 27 0.020126136 
594 455 8 10 0.020079916 
673 484 9 13 0.02001266 
