10_People_Marching_People_Marching_2_404
415
605 231 26 31 0.99153626 
388 297 13 17 0.88467425 
271 263 22 27 0.87298065 
199 230 22 29 0.85220635 
39 263 22 26 0.8482126 
157 295 16 19 0.7955323 
925 242 24 29 0.73930365 
340 278 13 17 0.7017004 
841 284 15 19 0.67405546 
822 264 9 12 0.37436113 
381 280 9 11 0.303774 
414 305 7 10 0.25709385 
784 297 8 10 0.25673628 
158 233 13 17 0.25261766 
454 295 8 10 0.20922408 
1011 270 13 21 0.18923172 
164 219 14 17 0.1832316 
375 284 11 14 0.16822927 
103 265 21 27 0.15685514 
818 264 9 12 0.15619908 
936 247 16 21 0.15264925 
415 308 8 11 0.14858225 
919 242 16 20 0.14701007 
366 291 13 16 0.1365466 
158 207 10 11 0.13615596 
784 281 7 10 0.13154146 
319 270 13 17 0.12713908 
956 222 13 15 0.12402325 
409 303 9 11 0.12232626 
106 292 16 20 0.119096376 
613 184 14 18 0.11824003 
162 226 16 20 0.11172053 
821 286 9 12 0.1071489 
432 262 8 10 0.099586345 
455 270 7 9 0.09944728 
761 286 9 10 0.09915361 
910 243 11 15 0.09828215 
769 256 7 9 0.096635796 
871 258 11 14 0.096058436 
449 295 8 10 0.09468551 
829 268 10 13 0.094493315 
808 254 8 9 0.09377209 
790 285 8 10 0.09278525 
454 264 8 10 0.09230189 
888 244 10 13 0.090658784 
697 280 8 11 0.0884659 
901 240 11 16 0.0881872 
439 264 8 10 0.08611492 
106 277 17 22 0.08325296 
799 233 7 8 0.082200214 
439 326 10 12 0.08135108 
817 248 8 10 0.07936703 
455 288 7 9 0.079170406 
439 311 7 9 0.07896365 
743 296 8 10 0.07856387 
402 262 8 11 0.078015 
471 287 8 9 0.07678537 
431 300 8 11 0.07646596 
522 195 12 15 0.076224275 
141 292 14 19 0.075354606 
263 231 11 15 0.07501035 
115 268 12 18 0.073970415 
422 293 11 14 0.07389804 
895 230 19 26 0.07314364 
841 232 8 10 0.07116796 
12 470 39 40 0.069773935 
409 308 10 11 0.06846018 
822 248 8 9 0.068255 
422 288 9 12 0.066935636 
504 264 6 8 0.066590525 
472 295 7 9 0.065496534 
732 286 9 12 0.06530231 
497 263 7 9 0.060461912 
480 272 8 10 0.06034839 
489 305 7 8 0.060320612 
273 206 22 28 0.059805956 
470 271 8 10 0.059571244 
687 240 9 10 0.059169464 
670 268 12 16 0.056845948 
977 242 11 16 0.056777112 
983 237 11 14 0.05665796 
568 246 10 13 0.05653679 
902 205 9 11 0.056271233 
778 280 8 10 0.05625903 
149 291 16 21 0.056117043 
390 279 9 11 0.05549037 
438 302 8 10 0.05509738 
465 271 7 10 0.05397461 
761 293 8 10 0.053534873 
896 237 10 15 0.053420473 
937 233 16 21 0.051692676 
769 240 8 10 0.051088516 
963 227 12 16 0.050579444 
1007 282 11 17 0.05051095 
894 191 8 9 0.049990356 
778 214 8 10 0.049665455 
760 229 8 11 0.04960206 
801 238 8 9 0.049425315 
712 294 8 11 0.048658907 
672 246 10 13 0.04847871 
750 271 9 11 0.04847658 
786 254 8 10 0.048369408 
490 310 7 10 0.04836222 
271 252 21 25 0.04799807 
735 294 9 11 0.047787856 
267 234 12 15 0.047295846 
901 228 12 17 0.047171857 
744 288 7 9 0.04712524 
711 279 7 9 0.04692673 
855 255 8 11 0.046548482 
424 299 10 12 0.04650053 
880 212 10 11 0.046466988 
425 247 7 10 0.046189886 
958 234 13 17 0.045915756 
753 209 7 10 0.04546732 
471 280 7 9 0.045366704 
417 262 8 10 0.04504215 
419 288 8 10 0.044761427 
423 271 7 10 0.044743694 
306 243 14 19 0.044596553 
248 212 10 12 0.044593006 
341 271 12 16 0.042972296 
768 270 8 11 0.04295396 
448 268 8 10 0.042842086 
697 293 7 10 0.042817455 
394 295 11 14 0.04271635 
418 294 8 11 0.04267117 
464 313 8 9 0.042565305 
526 229 8 10 0.04243637 
849 269 8 11 0.04240977 
391 286 10 13 0.042147342 
360 277 10 13 0.041532677 
0 225 35 60 0.041231185 
440 319 9 10 0.041059084 
877 259 10 13 0.04105244 
494 255 7 9 0.041041818 
439 296 7 11 0.04103776 
791 281 8 10 0.040248424 
761 248 7 10 0.039986998 
430 256 8 10 0.03978422 
841 281 11 13 0.039567884 
750 247 7 10 0.03952732 
729 279 8 10 0.0393483 
365 270 9 12 0.038987104 
794 232 6 8 0.038843296 
449 287 8 10 0.038842887 
778 295 9 11 0.038749438 
256 243 10 13 0.038608763 
966 262 10 13 0.03851472 
829 264 8 11 0.038500413 
434 270 8 10 0.038169153 
365 278 11 14 0.03785863 
903 200 9 11 0.037828557 
736 300 8 11 0.037728053 
439 269 8 10 0.03755616 
677 251 11 13 0.037399046 
886 263 9 13 0.03714402 
979 205 16 20 0.03713433 
472 311 8 10 0.03709084 
846 237 9 10 0.037081003 
51 491 37 48 0.037038174 
384 255 9 11 0.0370031 
824 255 8 10 0.036630955 
423 261 9 11 0.036165033 
479 303 7 10 0.03616219 
973 284 11 14 0.036116876 
774 244 7 10 0.03604951 
496 311 8 10 0.03591722 
700 184 9 10 0.035812903 
973 230 11 15 0.03555867 
788 295 9 11 0.035491783 
353 230 9 11 0.035459116 
904 223 11 12 0.035381407 
415 248 7 9 0.03528271 
1005 289 14 20 0.035095576 
271 210 14 18 0.035056166 
464 295 8 10 0.034974378 
100 247 17 19 0.03474057 
465 286 6 9 0.034605097 
837 268 9 11 0.034330618 
909 250 11 17 0.034246847 
680 287 8 10 0.03422579 
793 222 8 10 0.03412183 
806 238 7 9 0.03410418 
816 240 7 9 0.033960268 
785 248 7 9 0.03382447 
845 233 8 10 0.03381947 
768 246 7 10 0.033760346 
789 254 9 12 0.033710185 
308 239 11 14 0.033622492 
448 302 8 10 0.033591814 
676 269 11 14 0.033475783 
702 280 7 10 0.033410493 
345 261 10 13 0.0333421 
873 199 8 10 0.033172604 
159 209 13 17 0.03311515 
703 285 10 14 0.033073366 
361 292 12 15 0.033037946 
430 247 8 10 0.033029586 
256 236 11 15 0.032929778 
743 230 8 10 0.03288406 
745 277 8 11 0.0325155 
694 240 8 9 0.032418992 
425 255 8 10 0.03238981 
687 270 8 11 0.032222793 
572 181 9 11 0.03218995 
967 254 9 11 0.032069016 
788 300 10 11 0.03205817 
496 305 7 9 0.03200971 
759 208 7 10 0.031959828 
765 279 9 11 0.03184654 
440 286 8 10 0.03162901 
164 207 10 13 0.03136085 
11 355 14 18 0.031279784 
808 248 7 10 0.031228378 
502 312 7 9 0.030921621 
898 206 9 11 0.030775847 
574 206 11 14 0.030772947 
181 327 13 17 0.030717015 
255 228 11 15 0.030705674 
785 262 8 10 0.030415704 
694 256 10 12 0.030188946 
482 246 7 9 0.030182777 
270 244 13 17 0.030148624 
988 219 12 15 0.030107494 
821 275 11 13 0.030095672 
264 220 21 29 0.030015707 
240 223 10 13 0.029923925 
866 245 8 11 0.029885918 
983 262 10 13 0.029833058 
885 277 9 12 0.02973235 
464 318 7 9 0.029577699 
953 216 9 13 0.029472848 
407 331 10 13 0.029382495 
416 256 7 9 0.029380156 
636 251 13 17 0.029016169 
906 234 20 28 0.029000185 
884 207 10 12 0.028981905 
481 264 7 8 0.02897792 
881 279 8 10 0.02890775 
447 311 7 9 0.028744197 
872 267 10 12 0.02871737 
390 261 8 10 0.02868123 
761 254 7 9 0.02866892 
888 267 10 14 0.028657543 
792 238 8 10 0.028600253 
434 310 8 10 0.028410012 
270 217 13 18 0.028388053 
861 271 9 10 0.028320141 
383 272 10 12 0.028261403 
778 285 8 10 0.028238818 
687 254 10 13 0.028066741 
987 230 13 17 0.027970057 
400 268 9 10 0.02773597 
750 302 7 9 0.027566958 
890 191 8 9 0.027453413 
21 249 29 36 0.02741182 
728 223 7 9 0.027382292 
262 272 14 18 0.027360382 
719 277 7 9 0.02734103 
717 295 8 10 0.027318701 
490 254 7 10 0.027270176 
818 259 19 23 0.027194448 
790 197 10 13 0.02718479 
766 224 7 10 0.026970739 
689 261 8 10 0.02684086 
527 280 9 11 0.02681686 
482 240 7 9 0.026684495 
864 216 8 11 0.02665952 
809 261 8 11 0.026639257 
27 309 16 22 0.026618002 
464 279 8 11 0.026571676 
599 233 16 21 0.026448531 
936 231 12 13 0.026429102 
367 239 9 11 0.026378788 
854 270 9 10 0.026111659 
778 300 9 12 0.026065234 
242 285 18 25 0.02603857 
372 301 10 12 0.02599337 
264 256 21 27 0.025968475 
457 247 8 10 0.025873821 
361 264 9 11 0.025827143 
750 295 8 10 0.02582245 
823 189 10 12 0.02569297 
733 280 8 10 0.025633296 
980 197 12 14 0.025633188 
847 264 8 10 0.025626676 
760 192 7 9 0.025557857 
472 301 8 10 0.02547509 
448 279 8 10 0.025369212 
542 181 12 15 0.025286177 
775 262 7 9 0.02509251 
407 295 9 12 0.025088878 
746 247 8 10 0.025056431 
455 311 8 10 0.02500854 
974 275 13 18 0.024919018 
374 309 9 11 0.024896076 
877 199 9 10 0.02489372 
376 272 8 10 0.024877448 
773 256 8 9 0.024847006 
718 302 7 10 0.024652485 
950 235 12 16 0.02458099 
798 301 8 10 0.0245779 
343 301 10 13 0.024549708 
326 293 9 11 0.024549052 
369 279 18 23 0.024513451 
746 253 7 10 0.024471452 
282 206 16 19 0.024321238 
478 288 7 9 0.024309626 
100 258 18 22 0.024204388 
774 270 9 11 0.02419063 
69 275 14 16 0.024048818 
319 279 13 17 0.024030952 
663 213 8 11 0.023968158 
695 215 10 12 0.023964578 
823 205 9 11 0.023924803 
135 296 14 17 0.023922242 
409 248 8 9 0.023851667 
31 272 14 18 0.02382501 
325 282 13 17 0.023582144 
536 303 7 10 0.023371655 
488 264 7 8 0.023328446 
183 261 12 16 0.02329265 
1001 263 23 31 0.02329172 
853 238 8 11 0.023287479 
360 284 11 14 0.023267956 
418 269 8 11 0.023261938 
801 245 9 10 0.0232358 
730 291 9 12 0.023173688 
744 271 9 12 0.023166852 
209 231 21 28 0.023123868 
829 222 9 10 0.023039829 
866 239 7 10 0.022997461 
790 246 8 11 0.02296453 
920 207 9 11 0.022886232 
737 264 6 9 0.022843355 
478 296 8 9 0.022803577 
165 229 20 26 0.022761539 
829 247 8 10 0.022696584 
768 261 8 9 0.02268917 
1012 263 12 18 0.022676373 
519 246 9 10 0.022576913 
559 183 8 11 0.022517353 
327 300 9 12 0.022487849 
391 233 7 9 0.02245662 
709 286 9 12 0.022433538 
791 261 8 11 0.022175467 
465 264 7 10 0.022141049 
440 255 7 10 0.022097332 
981 383 21 27 0.02209515 
695 270 8 10 0.022077305 
574 220 11 13 0.021947743 
665 262 19 26 0.021946494 
953 228 11 14 0.02188436 
781 206 8 12 0.02183406 
979 283 13 17 0.021790622 
510 264 8 10 0.021667033 
728 272 7 9 0.021650102 
655 297 10 12 0.021603487 
175 329 14 18 0.021591788 
955 219 21 26 0.021584123 
485 270 8 11 0.021546958 
302 223 10 13 0.021531101 
456 278 9 12 0.021421712 
689 198 8 10 0.021386055 
864 262 8 10 0.021347448 
529 304 7 9 0.021271126 
487 247 7 9 0.021266747 
520 239 8 10 0.021255754 
406 268 9 11 0.021170085 
981 225 22 28 0.021148244 
945 230 20 28 0.021145824 
261 260 13 18 0.021134058 
864 191 7 10 0.021089606 
260 242 12 15 0.02106181 
870 238 9 11 0.020983363 
122 267 13 18 0.020946445 
679 229 8 11 0.020899296 
533 285 8 11 0.020838283 
817 276 9 11 0.020834215 
309 311 10 14 0.020804996 
366 263 9 10 0.020797377 
941 206 11 13 0.020761743 
880 247 9 11 0.020739602 
254 333 12 16 0.020716833 
775 309 9 11 0.020670973 
543 303 8 10 0.020660475 
522 229 8 11 0.020657167 
761 238 7 9 0.0206305 
736 230 8 10 0.02062108 
752 253 7 9 0.020577636 
96 275 13 16 0.020540228 
851 283 12 16 0.020540046 
22 322 12 16 0.020527711 
328 216 8 10 0.020452823 
878 285 9 12 0.020400463 
265 206 9 13 0.020383175 
422 318 7 10 0.020338671 
753 264 8 10 0.020324487 
987 241 14 17 0.020303395 
873 286 8 11 0.020281313 
750 277 8 11 0.020268729 
345 282 11 15 0.020234413 
276 280 24 29 0.020230675 
736 223 7 10 0.020200407 
955 20 12 15 0.020199228 
487 238 7 10 0.020194067 
665 253 9 13 0.020193322 
643 261 11 14 0.02015071 
30 393 10 12 0.020143446 
806 295 8 11 0.020105807 
49 261 23 27 0.020102425 
420 310 9 10 0.020083718 
752 239 6 9 0.020029241 
153 210 10 14 0.020003147 
