10_People_Marching_People_Marching_2_591
1695
851 182 29 38 0.99935657 
755 193 27 34 0.9967463 
894 159 46 52 0.98936546 
596 185 21 27 0.9877471 
507 1122 15 18 0.98734844 
529 1275 18 24 0.9852497 
671 192 23 28 0.9850884 
155 185 19 22 0.97899115 
459 185 18 24 0.969395 
40 176 20 26 0.968345 
538 1224 20 24 0.96136945 
611 1280 19 24 0.96117735 
277 188 16 24 0.96086293 
513 1181 20 26 0.9575006 
426 1220 18 23 0.9544617 
212 186 20 26 0.9494546 
47 1107 13 17 0.94865304 
106 1170 15 19 0.9322359 
86 177 17 24 0.92705345 
414 1132 14 19 0.9020384 
844 1243 20 28 0.90080696 
621 1226 18 21 0.89506996 
875 1340 17 26 0.8824066 
694 1269 15 21 0.842489 
338 1178 13 16 0.8320738 
292 1174 15 19 0.81712806 
668 1240 15 19 0.8164834 
910 1258 27 35 0.8115451 
163 1062 15 19 0.80438006 
363 1216 17 23 0.7871253 
458 1199 18 24 0.77050257 
805 1299 20 27 0.76673126 
322 1137 15 18 0.76279616 
568 1303 19 24 0.7484065 
555 1354 20 23 0.7438385 
773 1267 17 23 0.7147058 
360 1140 14 19 0.7133896 
163 1162 15 22 0.7133022 
285 1090 14 19 0.7009134 
149 1128 16 19 0.6986643 
370 201 16 22 0.67823464 
74 1155 15 20 0.67089325 
815 1161 15 19 0.6651319 
414 1281 25 39 0.6611641 
586 1191 15 20 0.6532125 
207 1152 16 21 0.6530119 
416 183 19 24 0.64868444 
78 1126 13 16 0.64554995 
131 1156 14 18 0.6405026 
420 1265 20 31 0.62682974 
640 1345 22 24 0.60357046 
219 1245 16 23 0.5995122 
668 953 45 58 0.593994 
450 1273 16 22 0.55175287 
914 1133 15 21 0.53986233 
117 1132 16 20 0.5290518 
155 1373 23 36 0.5088786 
499 1227 16 21 0.50291276 
650 1285 14 19 0.5026052 
39 1186 18 22 0.5003855 
335 194 16 22 0.49581957 
244 1165 14 17 0.49333715 
550 504 15 18 0.4677009 
484 1267 20 27 0.44619012 
218 1187 15 19 0.4452328 
574 1252 19 25 0.44517356 
355 1258 17 21 0.44454062 
279 1167 14 18 0.44366586 
507 1271 15 21 0.43378258 
249 1222 23 27 0.4315387 
837 1101 12 16 0.4221511 
303 1151 15 21 0.4155487 
939 1088 13 18 0.41407564 
695 1327 20 28 0.39765853 
737 1268 13 19 0.39725247 
609 1367 15 19 0.39615098 
283 1170 15 19 0.38620186 
762 1242 16 25 0.3762907 
740 1162 15 19 0.37458387 
524 1328 21 26 0.3642872 
745 1192 16 20 0.3627683 
464 1315 23 31 0.35878035 
655 1212 13 18 0.344192 
611 1139 15 19 0.33735186 
183 1073 14 17 0.33138093 
503 1232 21 26 0.33006075 
394 191 14 18 0.32798105 
879 1084 13 16 0.3231836 
964 1104 14 17 0.3158912 
935 1164 14 19 0.3023202 
154 1095 15 19 0.3009691 
321 1288 18 24 0.2990833 
319 1231 21 25 0.29874742 
7 1114 12 15 0.29843503 
893 1305 16 24 0.29562503 
398 1281 24 33 0.29447016 
449 1145 14 18 0.29329664 
860 1065 11 15 0.28597778 
736 1357 21 28 0.28521386 
564 1235 17 20 0.28355289 
238 622 10 13 0.27176854 
149 1197 15 21 0.26885724 
718 1116 13 16 0.26071593 
81 1208 17 21 0.2577081 
477 1158 13 16 0.2552301 
814 1137 15 19 0.25135276 
630 1318 17 22 0.25090078 
820 1076 15 18 0.25013068 
245 630 10 13 0.24750035 
905 1343 23 29 0.24531919 
893 1138 17 19 0.24444565 
90 1154 14 18 0.24386741 
820 1293 21 28 0.24287093 
590 1208 16 19 0.23998258 
986 1202 15 19 0.23811571 
739 1118 13 17 0.23808841 
535 1113 14 18 0.23694621 
1006 190 18 24 0.235978 
1005 1320 15 20 0.22918896 
383 1169 14 18 0.22793035 
906 715 15 20 0.22678082 
221 1236 18 21 0.22593512 
253 1130 13 18 0.22351982 
356 1212 18 23 0.22196904 
350 631 15 17 0.22134879 
931 1052 12 16 0.2170058 
784 686 11 13 0.21625842 
251 1195 15 18 0.2149372 
20 1132 12 17 0.20717576 
765 1069 10 12 0.20598629 
986 1087 15 18 0.20465016 
765 1125 12 17 0.20451875 
309 660 13 15 0.2023969 
240 627 11 13 0.20143704 
619 1208 16 19 0.19775598 
644 1204 14 18 0.19118081 
430 1281 24 33 0.19110787 
880 708 10 12 0.18903907 
910 1082 14 19 0.18851298 
318 1100 15 19 0.18686377 
181 1139 16 19 0.18685685 
990 1177 16 20 0.1856635 
928 699 9 11 0.18438362 
691 1296 14 19 0.17986806 
768 1084 14 17 0.17921881 
201 1217 17 21 0.17790973 
134 180 24 29 0.17558838 
627 1210 15 20 0.17388147 
249 1209 16 20 0.1733366 
972 1106 12 15 0.17248243 
572 1192 14 18 0.17145942 
258 1195 15 19 0.17057972 
261 1130 13 17 0.17056139 
598 1326 21 26 0.1690975 
1005 1165 15 19 0.16871773 
853 1108 13 16 0.16778053 
933 1048 9 11 0.1624016 
103 1177 21 26 0.1612916 
51 1159 15 20 0.15374443 
958 1101 15 17 0.15069106 
861 1129 16 20 0.14997005 
758 1130 14 17 0.14917158 
230 1210 13 17 0.14910653 
241 1169 19 24 0.14845538 
515 218 20 22 0.14763191 
180 1087 17 20 0.1459094 
445 1278 17 22 0.14439094 
384 1275 24 30 0.14421569 
1012 1120 12 18 0.14204834 
153 599 10 11 0.1404766 
734 1102 13 15 0.14030221 
405 1179 13 19 0.13880779 
212 1136 16 20 0.13864641 
631 1110 12 15 0.13563523 
768 1077 11 13 0.13518406 
924 1074 13 16 0.13481864 
43 1191 19 26 0.1347769 
817 1131 16 20 0.13439082 
433 1269 21 30 0.13384667 
934 1128 15 20 0.13327943 
820 1338 23 30 0.13287535 
174 1088 14 17 0.13236637 
939 1203 14 19 0.13182415 
163 1105 15 19 0.13147686 
397 1224 16 22 0.13112193 
568 1241 20 25 0.13021825 
573 1124 13 16 0.12877062 
245 1114 15 17 0.128661 
521 300 13 16 0.1284379 
889 1184 20 27 0.12836008 
276 1193 15 19 0.1274238 
466 1242 15 21 0.12737662 
709 1134 14 18 0.12724021 
286 276 14 17 0.12692599 
49 1213 16 22 0.12616643 
614 1354 20 28 0.12581071 
660 1319 17 20 0.123416014 
772 1113 13 16 0.12256277 
910 1244 23 30 0.122477256 
661 1128 16 19 0.122316144 
107 1115 13 17 0.121844426 
732 1319 17 22 0.121610664 
801 1345 16 22 0.12105491 
987 1127 16 19 0.12100794 
696 551 6 8 0.1205367 
701 1227 15 17 0.12047785 
795 1107 12 16 0.120190375 
520 1336 22 30 0.11911279 
472 1125 11 15 0.1190279 
767 688 12 13 0.1190241 
679 1108 11 13 0.11661907 
883 1079 12 15 0.11653754 
600 1358 21 27 0.116478406 
540 1194 15 19 0.11426657 
908 1098 13 17 0.11258524 
631 1101 8 11 0.112426355 
792 1236 12 16 0.11137486 
282 1251 17 22 0.111199394 
196 1239 21 26 0.11042256 
659 1123 14 17 0.10975088 
735 565 9 11 0.10895151 
836 1225 17 22 0.108950384 
1007 27 17 23 0.107944116 
11 573 14 19 0.10776894 
279 629 9 11 0.10723494 
579 1165 17 21 0.1069392 
566 1194 13 17 0.10656475 
662 1296 16 21 0.10586719 
515 1239 15 21 0.10490424 
995 1237 19 23 0.104304306 
605 1102 10 14 0.10429958 
586 1198 20 23 0.10366402 
445 1125 11 14 0.10329335 
860 1201 15 23 0.10253502 
214 597 8 9 0.10253467 
93 1116 14 17 0.10223599 
669 681 14 17 0.101665586 
498 1266 19 25 0.10159618 
281 622 9 12 0.101358496 
447 654 11 13 0.10121678 
706 1217 16 19 0.10115459 
783 50 21 28 0.10109248 
165 1207 21 28 0.100335896 
717 524 8 11 0.10013148 
208 631 8 11 0.10004766 
987 1183 22 25 0.0990995 
764 1116 13 16 0.099026375 
557 1144 13 18 0.09715324 
286 568 8 10 0.09699465 
169 1066 14 19 0.09639126 
347 1203 15 18 0.095985204 
835 1207 14 20 0.09482507 
551 1145 12 18 0.094753504 
684 1106 10 13 0.09453638 
773 1164 15 20 0.09441076 
686 1124 10 14 0.09423392 
712 1123 12 16 0.093795836 
703 1096 13 17 0.09348761 
392 132 12 17 0.0934685 
964 1140 15 17 0.0934092 
852 1191 16 22 0.093034066 
747 1233 14 19 0.09302336 
885 1304 16 21 0.09253923 
372 1122 12 15 0.09210019 
843 1173 16 20 0.0916432 
306 1211 14 18 0.091543205 
223 591 9 11 0.0912662 
229 1267 24 31 0.090622276 
119 583 10 13 0.08943989 
478 1193 13 19 0.08895018 
270 615 9 10 0.08752872 
637 1208 15 19 0.087217554 
672 988 13 15 0.087115705 
292 659 13 17 0.08663788 
5 1183 16 23 0.08596607 
588 1099 11 14 0.08586197 
378 1273 18 22 0.08585467 
662 1162 15 18 0.08576987 
12 1098 12 16 0.085512616 
944 696 9 12 0.0850463 
797 1340 16 20 0.08451052 
122 1104 14 17 0.08379797 
510 1348 22 29 0.08370405 
972 1169 15 21 0.08295822 
786 1142 15 18 0.08289288 
850 244 18 23 0.082043126 
322 1241 22 28 0.08164606 
384 93 10 13 0.081263475 
366 694 12 14 0.080433846 
714 1332 14 19 0.08028447 
788 677 10 12 0.079834156 
321 622 9 11 0.07972264 
962 1304 16 22 0.079593875 
894 1179 24 28 0.079542786 
624 1096 10 12 0.07932498 
481 1186 19 24 0.07905144 
286 1123 12 15 0.07903995 
403 1276 15 21 0.07892259 
596 1250 16 19 0.07878385 
365 1116 14 19 0.07873829 
388 1208 18 23 0.07850698 
454 1308 24 31 0.07812753 
860 1187 16 21 0.07811329 
782 1085 10 15 0.07769139 
302 660 13 16 0.07750717 
749 1314 12 17 0.07744121 
303 621 9 10 0.07711929 
156 633 15 20 0.076895796 
815 1069 11 12 0.07678319 
109 1124 15 18 0.07673294 
867 1184 14 19 0.07673173 
307 1105 14 20 0.07661378 
703 624 9 10 0.07577435 
241 284 11 14 0.075680286 
846 1178 21 27 0.07511031 
177 1234 17 21 0.07496777 
245 1106 16 18 0.07477981 
858 1116 13 15 0.07436636 
869 1153 16 19 0.074274115 
705 1271 15 19 0.074151486 
333 1256 24 26 0.073902644 
671 1108 10 12 0.0736622 
285 573 8 10 0.07363536 
246 1200 17 21 0.073492266 
861 1272 15 20 0.07321101 
492 1219 18 24 0.07311556 
492 1209 15 19 0.07301531 
487 1084 11 13 0.072676644 
329 469 8 10 0.07241654 
623 1349 21 28 0.07188355 
438 1340 22 29 0.07157293 
702 607 8 10 0.07153635 
965 1169 15 20 0.07150393 
707 1330 15 22 0.07132452 
121 486 7 9 0.07118431 
583 1249 19 25 0.07107627 
904 1050 11 14 0.07059641 
427 1261 15 23 0.070139565 
385 1288 25 30 0.06964592 
190 1179 14 17 0.06951034 
980 1108 14 17 0.069366395 
122 1125 15 17 0.06924109 
739 1109 12 14 0.069194436 
606 1144 15 18 0.06909437 
820 1090 12 15 0.069038056 
725 1109 13 15 0.068654545 
541 1103 11 14 0.06843363 
596 1311 20 25 0.0681034 
909 701 9 11 0.06793892 
281 574 8 9 0.06785198 
981 1171 19 26 0.06780728 
670 975 26 32 0.06774735 
596 1264 16 20 0.06763225 
772 687 11 13 0.06748573 
261 1165 12 16 0.067438655 
281 1097 13 19 0.06715569 
876 1295 22 27 0.066914134 
836 1233 22 28 0.06688888 
213 606 10 12 0.06688785 
205 1140 14 17 0.06677722 
726 1319 15 23 0.06675767 
246 647 10 13 0.06669143 
684 1330 22 28 0.06666063 
650 504 7 9 0.0666105 
188 1144 15 20 0.06655532 
881 1372 16 21 0.06647636 
143 1126 13 17 0.066354975 
931 1135 15 20 0.0662851 
478 1070 9 12 0.06623291 
816 1082 14 17 0.06623079 
996 1171 15 19 0.06620886 
88 551 9 10 0.06605802 
43 262 27 32 0.0660571 
38 534 10 12 0.06586682 
467 1307 16 22 0.065761656 
654 1118 14 17 0.06542152 
684 1118 11 15 0.06519793 
352 566 7 9 0.06515746 
720 1230 12 16 0.06450353 
691 1194 14 17 0.064242974 
766 703 13 14 0.06410868 
335 567 9 10 0.06401311 
738 1084 13 15 0.06392767 
611 1153 17 20 0.063797936 
148 1169 15 19 0.06372367 
655 533 8 9 0.06364201 
60 1152 19 25 0.063634 
229 1090 11 16 0.06360481 
4 1130 12 16 0.06347996 
174 1200 15 22 0.06340872 
169 1156 17 22 0.06337948 
540 201 16 21 0.06330274 
249 527 7 9 0.06288982 
540 1122 11 15 0.06280641 
819 708 10 14 0.062666416 
598 1126 13 15 0.0625434 
1007 1130 13 20 0.06245902 
469 1185 14 19 0.061979614 
81 1152 17 23 0.06192571 
915 1275 18 24 0.06175981 
190 1210 25 28 0.061683077 
245 1122 16 19 0.061675824 
629 1130 12 16 0.061574623 
350 1210 17 20 0.061516 
316 1174 12 16 0.06147217 
977 1165 17 23 0.061439727 
928 1057 12 15 0.06130436 
988 1076 15 18 0.060928695 
556 1110 10 12 0.06065344 
997 100 23 32 0.06036912 
430 1168 16 20 0.060307186 
209 591 8 11 0.060208302 
810 1334 21 31 0.06018064 
485 1225 16 20 0.06003599 
233 526 7 10 0.059927635 
282 567 7 10 0.059767835 
581 296 14 17 0.059758164 
737 1091 14 17 0.05948136 
893 1151 15 18 0.059258852 
769 1379 18 22 0.059211925 
870 1287 21 30 0.058628436 
397 126 11 15 0.058376893 
679 557 9 11 0.058333527 
268 1195 13 19 0.058259603 
727 541 8 11 0.05816685 
991 1069 11 14 0.05804976 
830 1094 11 15 0.057965185 
846 1133 13 15 0.057900894 
242 1181 21 26 0.05772077 
981 1067 11 13 0.057662934 
646 1198 14 17 0.05753337 
0 1155 8 15 0.057422552 
703 575 8 9 0.057291694 
753 1187 13 18 0.05712069 
852 1120 15 18 0.05704926 
721 567 8 10 0.057013307 
787 1210 13 16 0.05696428 
759 1114 13 17 0.056861833 
532 206 16 22 0.056775518 
254 584 8 10 0.0566589 
973 1213 14 19 0.0565671 
420 155 11 14 0.05646135 
467 1195 15 21 0.0562928 
678 1123 13 16 0.056176975 
601 1107 11 13 0.055710442 
587 299 15 18 0.055644717 
476 1180 14 19 0.0556267 
876 1097 13 16 0.055559486 
341 1200 16 20 0.055553753 
240 598 9 10 0.055424236 
270 636 9 12 0.05532164 
669 1137 14 17 0.05528592 
998 1069 10 13 0.055255268 
688 552 7 10 0.055108488 
395 1230 23 29 0.054998673 
264 558 9 11 0.05497429 
699 502 8 10 0.054747444 
769 646 8 10 0.05467217 
552 587 10 13 0.05462519 
423 179 16 20 0.054571934 
589 493 11 13 0.054510072 
740 1315 14 20 0.054473873 
388 83 14 16 0.054421052 
753 1234 20 27 0.054274455 
551 1110 10 13 0.054042064 
774 1330 14 20 0.05398469 
516 1343 16 23 0.053849574 
685 608 8 9 0.05377089 
724 1177 12 17 0.053675275 
772 1319 16 22 0.053637832 
413 1272 18 25 0.053598307 
272 607 9 11 0.053591736 
654 503 7 10 0.053503674 
622 1314 17 21 0.053488962 
283 1103 14 18 0.053438727 
771 1124 13 18 0.053070255 
428 493 10 11 0.053042118 
669 1148 14 16 0.052924167 
189 1184 19 24 0.052887563 
0 511 9 13 0.05267871 
813 1226 16 21 0.05259672 
232 502 7 9 0.05252915 
32 540 8 10 0.052417073 
914 1126 14 17 0.052407645 
508 211 19 21 0.052329328 
713 591 9 11 0.052171122 
798 1113 11 15 0.052101925 
460 1187 15 18 0.052039117 
289 1095 15 19 0.052021835 
741 1079 11 13 0.051694065 
658 549 7 10 0.051547535 
756 1136 14 18 0.051498223 
696 568 8 9 0.05146428 
708 1196 14 17 0.05137978 
314 157 25 32 0.05129229 
597 1343 24 31 0.05126815 
580 1130 12 18 0.051208742 
239 633 11 14 0.051195145 
867 1224 23 28 0.05117835 
244 623 10 14 0.051176522 
852 1129 15 19 0.051081397 
847 1107 11 15 0.05100013 
6 1121 12 17 0.05054199 
293 1163 15 20 0.05042748 
690 526 7 10 0.050221138 
214 628 9 12 0.050123 
530 1333 23 30 0.050054763 
244 1084 12 14 0.049881157 
718 599 9 9 0.049865585 
217 551 7 10 0.049823616 
208 611 10 12 0.04976553 
515 1270 19 25 0.0496663 
909 1356 15 20 0.049409118 
516 203 16 19 0.04937628 
832 717 11 14 0.04931308 
548 1189 14 17 0.049237467 
470 1129 14 20 0.04923054 
215 592 8 10 0.049164906 
978 1185 40 54 0.049006566 
280 560 7 9 0.048825968 
452 165 12 14 0.048713185 
165 181 22 25 0.048711605 
645 1278 16 20 0.048656162 
866 1264 16 22 0.04863063 
727 582 8 9 0.04851473 
739 1126 14 17 0.048503615 
450 1283 18 23 0.04843288 
428 1125 12 14 0.048366718 
234 1199 20 26 0.048270244 
369 1211 16 23 0.048250552 
964 1130 15 18 0.048237503 
284 1244 16 18 0.048230585 
256 544 7 8 0.048210345 
735 1079 11 13 0.048201755 
924 1137 14 20 0.04811508 
996 1375 23 36 0.04810603 
449 1258 17 20 0.048042297 
156 1087 13 16 0.04804095 
713 597 9 10 0.04783152 
437 193 13 17 0.047542766 
856 742 9 13 0.047505684 
296 615 9 12 0.04747053 
393 1204 15 19 0.047425333 
765 231 17 24 0.047360666 
718 584 8 9 0.047325507 
273 599 8 10 0.04719045 
269 560 8 9 0.047132794 
103 1139 13 17 0.04711817 
851 1172 15 19 0.046915285 
240 651 11 13 0.046888888 
882 1206 21 29 0.0468834 
981 1208 14 21 0.046860002 
373 1141 10 16 0.046852622 
51 1200 16 24 0.04661979 
567 1252 15 19 0.046586893 
426 191 15 20 0.046580575 
757 1268 12 16 0.04655894 
239 1190 19 26 0.04654594 
141 1193 16 21 0.04652434 
687 1145 14 20 0.046373773 
606 655 26 35 0.046322074 
402 184 18 25 0.046267528 
188 1133 15 20 0.046222713 
686 1232 13 18 0.046214048 
783 678 12 14 0.046167325 
286 1208 14 17 0.04612298 
271 1170 13 16 0.046116535 
744 631 9 10 0.04603434 
906 1180 17 19 0.04594461 
946 1304 15 22 0.04588696 
561 574 10 11 0.045824032 
924 733 13 19 0.04581046 
69 1150 16 20 0.04563599 
428 508 10 12 0.045596626 
435 1202 14 17 0.045570426 
1013 1215 13 19 0.045512624 
872 1086 13 16 0.045498557 
816 1185 14 21 0.045494124 
194 1145 18 24 0.04540667 
712 551 9 11 0.045290563 
576 564 8 10 0.045193784 
71 1104 11 15 0.045186132 
264 576 8 10 0.045098297 
791 1102 14 17 0.045063604 
163 1091 14 18 0.045021467 
639 1330 24 28 0.044993456 
10 1079 14 18 0.0449086 
279 592 8 9 0.044870522 
625 521 8 10 0.04486427 
728 1072 9 12 0.044627625 
540 599 11 13 0.04457241 
727 566 10 11 0.044528488 
513 546 11 14 0.04437923 
300 1140 13 15 0.044291224 
331 1229 14 18 0.04424822 
363 1135 13 16 0.044145238 
963 1239 25 28 0.04413697 
92 1091 12 13 0.044128448 
693 1227 13 19 0.04408972 
446 1130 14 17 0.04407929 
278 638 9 10 0.04407043 
820 702 10 13 0.043884523 
291 1242 16 20 0.043838594 
225 596 7 10 0.043813955 
258 550 7 10 0.04360167 
782 1219 14 17 0.043550648 
238 567 9 11 0.043463226 
418 195 16 21 0.04346315 
331 1250 16 21 0.043394946 
905 1105 13 17 0.04338204 
666 1156 15 19 0.043362573 
454 1248 21 26 0.043305643 
539 1210 16 19 0.04316729 
640 53 12 14 0.04315081 
654 1109 12 14 0.043020323 
921 1248 16 22 0.04292651 
108 1135 17 20 0.042908754 
615 1101 9 12 0.042773694 
805 1093 11 13 0.04272399 
382 137 14 18 0.042668678 
810 1142 20 25 0.042659193 
355 1205 15 18 0.04265031 
287 653 14 17 0.042530976 
748 1124 12 16 0.042478167 
101 1119 14 18 0.042445593 
327 1076 11 14 0.04232547 
974 1077 12 15 0.042242553 
809 1069 10 11 0.042197686 
378 1209 19 26 0.042188946 
55 537 7 9 0.042126425 
262 551 8 10 0.042126 
248 613 8 10 0.042109706 
222 606 8 11 0.04210413 
567 1131 13 16 0.04209486 
565 1212 14 17 0.042025156 
674 1236 14 19 0.042003617 
446 181 22 27 0.04198881 
941 1414 11 14 0.041970406 
726 653 8 9 0.041939244 
360 1118 11 15 0.04192881 
157 694 12 15 0.041858923 
917 1077 13 16 0.041853238 
789 1340 15 19 0.041842047 
564 1219 14 19 0.04170725 
993 694 7 10 0.041662153 
443 192 15 18 0.041645404 
694 1252 14 16 0.041601025 
699 1261 14 19 0.04152083 
447 1151 14 20 0.041490443 
923 1081 15 18 0.041257765 
217 568 7 9 0.04124843 
370 559 6 9 0.041239727 
502 1094 8 10 0.041225955 
350 624 13 15 0.041213397 
996 192 18 24 0.04114803 
989 1098 13 15 0.041108735 
552 1224 19 25 0.041097447 
666 1303 15 20 0.041047495 
334 669 11 13 0.041042425 
892 1123 15 18 0.041006163 
610 588 13 16 0.041004315 
334 1184 14 18 0.040969927 
145 1094 11 15 0.040913805 
959 1122 14 17 0.04090911 
917 1179 15 19 0.040894296 
860 1168 15 20 0.04072422 
195 1138 16 19 0.04072176 
603 1266 16 19 0.040703136 
202 512 9 11 0.040696975 
234 616 9 11 0.040595762 
169 1220 24 30 0.040565927 
687 679 9 12 0.04050946 
853 1206 18 23 0.04049081 
964 1294 21 28 0.040468927 
455 1179 15 18 0.040348835 
963 1113 16 19 0.040330626 
1010 103 13 21 0.04030252 
739 1206 17 21 0.04029555 
812 1255 16 20 0.04026381 
368 120 14 18 0.04024089 
345 542 8 10 0.04023234 
279 1105 12 17 0.040158264 
622 1132 13 17 0.040155564 
899 1238 23 29 0.04013458 
887 1341 22 30 0.040119283 
412 663 15 18 0.040096994 
652 1287 19 27 0.040020943 
875 1149 14 20 0.0400013 
295 1153 15 20 0.040000483 
837 1191 20 28 0.03998442 
45 1118 15 18 0.03995649 
738 1349 18 22 0.03987916 
596 1147 14 19 0.039842743 
591 1132 11 15 0.039809622 
782 663 11 13 0.039808374 
379 196 15 19 0.03976455 
514 1227 15 20 0.039717056 
679 1116 11 13 0.039714567 
459 1268 15 22 0.03971042 
626 699 23 25 0.039638087 
710 1162 13 15 0.039626278 
589 1351 24 29 0.03953639 
741 566 8 10 0.039501738 
944 1161 20 25 0.039448798 
994 1122 14 21 0.039445214 
744 648 8 10 0.03935477 
815 1126 14 18 0.039258372 
15 637 8 10 0.039199997 
999 33 15 20 0.039128017 
380 655 9 12 0.039057564 
214 612 10 12 0.03901841 
157 573 10 13 0.03884388 
255 589 8 10 0.03882078 
708 1314 14 19 0.038785096 
723 1357 24 30 0.03875644 
314 666 12 14 0.03863802 
854 1248 21 28 0.038593907 
760 693 11 12 0.03859067 
557 1188 13 18 0.038463183 
756 1291 15 19 0.03845611 
196 59 10 13 0.038417827 
1004 1153 21 27 0.038416672 
859 1155 18 20 0.03841506 
190 1122 13 16 0.03834064 
899 1299 16 22 0.03831977 
737 1194 22 27 0.038255803 
229 636 11 14 0.038036644 
301 1248 16 22 0.037905153 
625 193 15 19 0.037879113 
249 583 7 10 0.037849754 
624 503 9 12 0.037762802 
88 558 10 11 0.037735164 
965 1218 14 19 0.03755946 
437 163 11 14 0.037543014 
698 605 8 11 0.037521776 
982 1202 24 32 0.03748414 
830 1213 20 29 0.037437484 
270 619 9 12 0.037412822 
381 542 8 11 0.037390336 
840 1204 21 28 0.03728872 
654 1130 15 18 0.03721212 
467 207 13 16 0.037187472 
335 655 10 11 0.037182495 
877 713 11 14 0.037128642 
245 1133 14 20 0.03710356 
223 1242 24 32 0.037054162 
956 1148 20 24 0.03698766 
953 1187 15 19 0.036948036 
186 1236 21 27 0.036926694 
283 1256 25 32 0.036919322 
717 1155 13 17 0.036909625 
806 1258 13 19 0.036892947 
852 1147 14 18 0.036844082 
472 1170 14 18 0.036690496 
976 1063 11 14 0.036636844 
281 535 8 10 0.036553193 
786 669 12 15 0.036547516 
1012 1079 10 13 0.036541265 
485 499 11 14 0.036413338 
334 663 10 13 0.036357705 
413 1193 13 17 0.036315907 
877 1214 16 23 0.036289215 
682 607 7 9 0.03627841 
819 1351 18 23 0.036275867 
311 1233 16 20 0.0362257 
233 568 8 10 0.036178112 
173 641 13 17 0.03611673 
350 535 8 10 0.036114942 
389 1194 14 19 0.036063373 
231 584 7 9 0.036017872 
726 605 10 11 0.036017112 
209 1224 14 19 0.035908714 
13 1124 12 16 0.03589119 
393 549 9 11 0.03582305 
31 559 9 11 0.03580498 
252 628 9 14 0.035747077 
259 1146 14 18 0.035746533 
883 702 11 15 0.03571543 
1000 1204 23 28 0.035712857 
1007 1076 11 13 0.035649635 
174 1145 15 20 0.035637878 
313 463 8 10 0.035634074 
594 1188 14 19 0.03560668 
215 623 10 12 0.035565667 
153 534 9 11 0.03555364 
327 663 9 11 0.035521742 
619 1144 14 18 0.035488 
383 1181 21 26 0.03546248 
901 1251 26 33 0.03545586 
702 1195 13 17 0.035442777 
264 582 9 10 0.035393536 
622 1126 12 15 0.035347417 
123 1118 14 16 0.03534689 
406 664 13 19 0.03533067 
929 1143 19 27 0.035292592 
358 658 13 15 0.035184868 
394 1178 19 25 0.0351738 
953 1318 16 22 0.03516141 
222 569 7 9 0.035126727 
779 1338 15 19 0.03501465 
152 574 10 13 0.03498169 
279 1116 12 16 0.034973077 
693 1188 13 16 0.0349595 
695 1099 11 15 0.034936335 
727 1102 12 15 0.034905042 
364 1204 14 18 0.0348963 
822 183 23 32 0.034890857 
650 508 8 10 0.034800068 
679 552 9 10 0.034797464 
854 1163 15 18 0.034768917 
735 590 9 11 0.03474845 
885 1182 14 20 0.034678787 
36 551 9 10 0.034640457 
796 1292 23 29 0.034623556 
397 184 12 16 0.03461106 
714 519 9 11 0.03454109 
114 1164 14 19 0.034519516 
951 1288 22 29 0.034500312 
140 1160 14 19 0.03450004 
605 1133 14 18 0.034490228 
479 1094 8 11 0.034359593 
186 572 9 11 0.03433335 
607 574 10 11 0.034245234 
534 506 10 13 0.03423635 
734 1167 14 19 0.034215778 
382 605 12 14 0.03420352 
307 169 27 35 0.03419492 
845 1079 10 13 0.03415245 
278 615 8 10 0.03413827 
94 1110 13 15 0.034133147 
933 1155 15 20 0.03410832 
727 1131 11 14 0.0341037 
859 1386 23 30 0.03410313 
763 1209 16 17 0.03408601 
143 1099 11 16 0.034078043 
1 1220 22 35 0.034074064 
439 620 8 10 0.03401833 
907 1331 16 20 0.03400078 
327 551 9 10 0.03398947 
981 1112 20 24 0.03397104 
397 1457 27 25 0.03394886 
8 557 9 12 0.033936165 
877 1184 14 21 0.033893682 
189 628 10 14 0.03389302 
755 1307 15 21 0.03388093 
317 479 9 11 0.03384827 
965 1227 14 17 0.03384644 
2 1214 16 23 0.0338165 
670 568 8 10 0.033734344 
807 1347 22 28 0.033730555 
667 1124 15 18 0.033711754 
300 1109 15 20 0.033650268 
735 647 8 9 0.033614207 
790 1289 14 20 0.033597663 
114 1253 28 42 0.033582773 
191 568 8 11 0.0335544 
215 535 8 9 0.033517387 
740 1240 14 18 0.033505417 
813 1099 14 15 0.03349049 
1013 1085 11 15 0.033444036 
765 1313 15 20 0.03341629 
592 1214 16 20 0.033414975 
598 221 13 18 0.033410016 
586 1169 15 19 0.033358987 
648 543 8 10 0.033352442 
704 627 9 12 0.033349 
604 1124 12 15 0.03334468 
740 1181 17 19 0.033337977 
262 652 10 12 0.033321112 
21 577 14 17 0.033314057 
368 1110 11 14 0.033300865 
829 700 9 12 0.033232667 
415 175 14 18 0.03322663 
200 636 10 11 0.033224326 
982 695 9 11 0.033176452 
663 572 9 10 0.033131465 
581 1158 15 19 0.033112966 
456 1101 9 13 0.033110134 
341 1147 14 19 0.033098076 
712 568 7 10 0.033059828 
359 1236 23 32 0.033041343 
362 694 10 14 0.03299736 
333 182 14 19 0.03298207 
735 1157 14 20 0.0329112 
637 1095 8 11 0.032898024 
900 1088 15 20 0.03288748 
914 1233 19 23 0.032884747 
697 1180 15 16 0.032846313 
589 1179 13 17 0.032824617 
231 606 9 10 0.032768853 
948 1069 10 13 0.032761943 
559 1240 13 19 0.032677885 
537 603 10 14 0.032671236 
285 98 16 20 0.03264509 
270 581 7 9 0.032592133 
407 152 11 14 0.03255401 
690 520 7 9 0.03250511 
427 1196 17 19 0.032487076 
110 588 12 16 0.032481432 
966 1221 22 27 0.03246487 
839 1082 10 14 0.032457687 
992 1047 11 13 0.032402437 
442 171 22 27 0.032346226 
930 1049 10 12 0.0323105 
414 150 12 15 0.03223345 
380 187 14 19 0.03221164 
181 54 12 15 0.032206494 
0 933 23 39 0.03219409 
413 1140 15 21 0.03213301 
337 637 11 13 0.032117136 
209 1082 16 18 0.032110523 
715 1269 12 16 0.032109465 
316 1139 19 24 0.032107934 
740 1216 14 17 0.032105375 
825 1088 19 25 0.032061648 
892 1196 16 23 0.031951204 
522 209 17 21 0.031882692 
408 455 10 13 0.03187551 
695 599 10 11 0.03185552 
675 1129 14 19 0.03183219 
333 1125 13 15 0.03182506 
428 502 10 13 0.031785004 
342 635 13 15 0.03178479 
641 1284 20 26 0.031770278 
33 518 7 9 0.031727605 
869 1114 14 18 0.03169184 
898 1309 22 26 0.031614117 
246 658 11 14 0.031613626 
862 1343 17 21 0.031577695 
93 550 8 10 0.03157619 
421 1194 15 18 0.03153242 
744 614 9 10 0.031518582 
205 742 12 15 0.031507745 
805 686 10 12 0.031497795 
819 1097 13 16 0.031488035 
811 1291 17 25 0.03144595 
264 565 8 9 0.03138978 
252 1155 14 18 0.031386837 
1000 1063 10 12 0.03138533 
563 1147 13 16 0.031379364 
664 560 8 9 0.03137886 
179 182 23 28 0.031370297 
980 1159 13 16 0.03136375 
124 1144 19 23 0.031339396 
662 1108 11 14 0.03131181 
956 1168 16 19 0.031260714 
923 78 12 15 0.03124647 
749 695 10 12 0.03122682 
799 685 11 12 0.031225618 
93 1101 13 15 0.031096386 
665 1326 21 26 0.031064035 
238 606 9 11 0.031053523 
349 1251 18 24 0.03101135 
731 1106 20 23 0.031003421 
997 1291 13 17 0.030995559 
902 36 23 27 0.030971015 
671 1092 11 12 0.0309667 
320 558 8 10 0.030946244 
939 1120 13 16 0.030944336 
353 462 8 11 0.03092836 
554 512 14 16 0.030927362 
328 576 7 10 0.030921059 
87 1086 14 14 0.03090666 
602 580 22 28 0.030882845 
385 244 18 22 0.030879848 
120 566 10 12 0.030853482 
256 624 7 11 0.030835278 
156 617 12 16 0.030810622 
206 516 8 10 0.030712163 
761 1073 11 15 0.030677525 
941 1217 17 20 0.030672854 
188 1094 13 19 0.030672727 
260 1155 13 18 0.030662786 
654 1163 15 19 0.030659813 
504 1102 9 12 0.030649964 
726 1196 12 18 0.030592939 
240 1132 13 17 0.030580552 
9 1106 14 19 0.030574882 
726 1268 13 17 0.030558052 
25 535 8 10 0.030465102 
674 1336 16 22 0.030440113 
686 615 8 9 0.030426983 
6 1099 13 17 0.03042309 
949 1077 11 15 0.03040931 
0 1344 14 25 0.030396067 
375 1155 13 18 0.030395744 
585 1097 10 11 0.03037563 
639 503 8 10 0.030340794 
688 592 8 9 0.030338863 
793 652 9 11 0.030312404 
340 670 11 13 0.030307008 
699 1187 15 16 0.030306675 
914 1347 23 31 0.030224439 
695 592 8 10 0.030205633 
757 1211 15 17 0.030204391 
17 170 18 21 0.030201763 
588 1155 14 18 0.030180654 
980 1236 16 21 0.0301733 
716 1314 16 19 0.030167725 
940 1059 11 14 0.030165806 
294 568 9 10 0.030161092 
705 535 7 10 0.03012425 
830 695 9 11 0.030120166 
894 1210 23 27 0.030114064 
848 694 9 11 0.030083 
1005 1069 11 13 0.030078424 
612 1197 15 18 0.030055948 
192 683 12 16 0.030019755 
728 576 8 9 0.02997376 
373 1108 12 15 0.029971164 
456 1276 17 24 0.02996482 
867 1068 12 15 0.029902073 
976 694 10 12 0.029896135 
92 1140 14 17 0.029880775 
916 1217 16 20 0.029815368 
313 567 7 9 0.029794425 
316 1257 16 21 0.029790208 
871 1107 13 17 0.02978683 
366 607 8 10 0.029767765 
478 1272 18 23 0.02976724 
702 1203 13 17 0.029763835 
655 607 8 10 0.029752709 
920 702 10 12 0.029739385 
171 1050 13 17 0.029725088 
866 1205 17 24 0.029721793 
14 157 23 28 0.029710822 
470 559 9 10 0.02970345 
982 1077 14 17 0.029694924 
675 1145 14 20 0.029667482 
452 1308 16 22 0.029608767 
728 695 10 12 0.029565027 
616 1096 10 12 0.029550543 
526 1124 10 15 0.029538453 
871 714 12 15 0.029513117 
777 1384 17 21 0.029510753 
125 566 11 13 0.029502036 
486 1100 11 12 0.029498048 
414 199 14 17 0.029468484 
777 1260 15 20 0.029459298 
377 205 16 21 0.029449403 
578 1116 13 17 0.029443223 
826 1282 23 31 0.029398195 
293 584 9 10 0.0293925 
873 1197 23 31 0.029355982 
151 1202 21 28 0.029347954 
657 574 8 10 0.029331762 
310 1177 14 18 0.029322924 
133 1192 15 19 0.029309409 
868 1271 22 29 0.02928571 
723 1153 13 18 0.029283863 
387 1267 17 22 0.029265875 
1001 1267 15 19 0.029257284 
864 1191 16 24 0.029253745 
675 1355 16 20 0.02923306 
988 1235 17 22 0.029228907 
769 1248 16 20 0.029192751 
1005 1145 16 18 0.02918723 
752 1130 11 15 0.029186338 
627 1308 16 20 0.029180987 
687 683 14 17 0.02917329 
1000 1229 23 33 0.029153584 
745 581 9 11 0.02913833 
670 572 7 10 0.029118555 
441 651 12 15 0.029108068 
264 536 7 8 0.029079001 
114 551 8 10 0.029064428 
306 1237 22 28 0.028988037 
720 534 8 10 0.028980583 
199 590 7 10 0.0288435 
225 1230 17 19 0.028781874 
264 509 7 10 0.028749062 
192 589 9 11 0.028748296 
289 552 7 9 0.028737193 
70 1203 15 20 0.028733687 
224 630 9 12 0.028728295 
725 599 9 12 0.028700788 
39 528 9 11 0.028698346 
988 1166 13 17 0.028675307 
627 1258 14 19 0.028663637 
528 590 9 11 0.028655399 
154 1211 27 32 0.028607827 
886 691 11 14 0.028549753 
15 517 9 11 0.028544841 
608 7 10 11 0.028525462 
453 1095 9 11 0.02852377 
381 534 8 11 0.028508712 
523 1182 21 25 0.02847965 
320 616 9 11 0.02844962 
840 1132 11 15 0.028428275 
250 1170 14 18 0.028424863 
802 1191 16 21 0.02841637 
117 591 13 17 0.028392091 
101 588 11 13 0.028374985 
446 1091 11 14 0.028333938 
916 714 14 19 0.028327642 
289 583 8 10 0.028323902 
771 1309 15 21 0.028322328 
762 1065 10 12 0.028321337 
696 616 8 9 0.028312357 
780 1124 13 16 0.028281964 
351 552 9 11 0.028250594 
264 622 9 10 0.028244589 
918 708 12 17 0.028223628 
320 599 8 9 0.02819593 
865 1159 16 20 0.028190207 
80 544 7 9 0.02812271 
303 1133 12 16 0.02809221 
319 543 8 10 0.028070286 
549 1124 11 16 0.028066214 
231 628 11 13 0.028046263 
659 1204 14 20 0.028045697 
855 1052 10 12 0.028018817 
85 1118 14 17 0.02799824 
989 1245 16 22 0.027980752 
305 1214 22 27 0.027979845 
452 1132 13 17 0.027966628 
970 1137 15 18 0.027942456 
212 1233 22 28 0.027929693 
391 1074 10 13 0.02792849 
19 184 15 20 0.027909998 
238 527 7 10 0.027885182 
108 1186 22 28 0.02788436 
270 40 154 184 0.02788219 
152 610 13 17 0.027864954 
787 1152 15 21 0.027854737 
752 1071 8 11 0.0278409 
712 533 9 10 0.027830752 
569 1353 15 22 0.027826978 
121 587 12 15 0.027817458 
40 1201 22 34 0.02779319 
779 1109 12 16 0.027770676 
629 520 8 10 0.027754571 
654 1101 11 15 0.027729608 
781 1155 14 20 0.027695497 
529 215 17 20 0.027672626 
345 599 9 11 0.0276653 
808 1139 13 19 0.02761094 
710 1291 14 18 0.027600007 
348 84 16 20 0.027596809 
874 1265 15 20 0.027592227 
376 552 8 10 0.027584923 
240 592 9 11 0.02758412 
330 275 14 15 0.027581573 
222 552 9 10 0.027569836 
913 1340 16 21 0.027540589 
113 558 10 11 0.027513018 
748 1117 12 16 0.027502771 
869 1064 9 11 0.027480548 
296 599 8 9 0.027471049 
246 1091 12 16 0.027466169 
2 1115 11 16 0.027451696 
494 1093 10 12 0.02743998 
921 1265 24 30 0.027438514 
886 725 11 15 0.027386026 
382 1134 11 14 0.027369821 
329 667 11 13 0.02736342 
77 1109 11 14 0.027328841 
641 614 9 11 0.027321335 
195 289 10 14 0.02731893 
709 644 9 12 0.027288517 
854 1296 15 21 0.027277367 
209 583 8 11 0.027249876 
670 584 9 9 0.02720641 
761 811 11 14 0.02720361 
714 584 8 10 0.027201073 
1003 1246 16 20 0.027197162 
472 552 8 10 0.027195914 
415 163 12 15 0.027170088 
822 1118 11 14 0.027164595 
816 713 11 14 0.027163913 
254 651 9 12 0.027141655 
918 1047 9 11 0.027106928 
948 1283 16 21 0.027106324 
995 1092 11 15 0.02709139 
256 574 8 10 0.0270718 
159 730 13 17 0.027064092 
672 560 8 9 0.027055543 
254 1265 14 19 0.027033433 
0 1195 11 17 0.027033333 
267 1084 13 16 0.027006732 
459 1173 13 16 0.026999867 
943 1068 11 14 0.026998557 
278 607 8 10 0.026984574 
294 1105 12 18 0.026963884 
483 1197 19 25 0.026933968 
110 674 11 14 0.026925456 
513 1304 17 20 0.02691903 
601 1278 22 27 0.026851756 
513 1117 14 19 0.026823886 
207 723 16 19 0.02682066 
702 568 8 10 0.026796913 
968 1109 21 25 0.026786778 
983 1185 15 20 0.026776116 
709 1087 11 13 0.026765145 
835 3 13 13 0.026738912 
472 1162 16 18 0.026717229 
680 584 7 9 0.026706306 
351 608 9 11 0.026679443 
316 656 11 13 0.026674645 
848 689 8 11 0.0266537 
716 1196 13 17 0.026640473 
710 1342 21 30 0.0266359 
966 1281 25 29 0.026625305 
273 592 7 10 0.026605962 
397 653 11 13 0.026605738 
200 559 7 8 0.026574636 
665 520 7 9 0.02656821 
517 1167 14 16 0.02654617 
800 666 11 15 0.026531545 
763 1290 14 18 0.026531518 
503 1109 10 14 0.02649779 
798 640 8 9 0.026446432 
130 1132 13 17 0.026436703 
943 1076 11 14 0.026366282 
177 1150 20 25 0.026351655 
673 599 8 10 0.026328802 
269 1108 14 17 0.026316348 
1014 1257 12 17 0.026274238 
467 1266 16 21 0.026273752 
762 687 10 13 0.02626241 
229 590 9 10 0.026260957 
997 1099 11 15 0.02623311 
421 1126 13 16 0.02616257 
757 709 15 18 0.026146632 
710 630 9 11 0.026107552 
614 1124 11 14 0.026084114 
752 526 7 8 0.026058542 
720 13 9 11 0.026037809 
490 1180 15 20 0.026033176 
969 1054 9 10 0.026015835 
312 574 8 10 0.02601364 
588 652 17 21 0.026009975 
179 1187 21 27 0.026007837 
654 509 8 9 0.026003115 
516 1081 11 14 0.025958726 
751 1267 11 16 0.025944447 
495 567 9 11 0.025941966 
597 1280 16 21 0.02593437 
759 560 7 10 0.02593052 
742 1228 15 20 0.025918419 
37 540 9 10 0.025895339 
389 710 44 54 0.025874937 
300 1235 15 19 0.025828416 
597 49 16 17 0.025827738 
725 1354 14 20 0.025812741 
114 85 28 33 0.025806468 
763 1253 22 27 0.025782313 
217 1153 14 19 0.025780873 
502 1352 16 23 0.02577902 
476 1115 13 17 0.025756473 
368 1278 25 33 0.025740331 
670 1342 22 28 0.025728017 
214 584 9 11 0.02572762 
398 1163 13 16 0.025722375 
862 1073 13 16 0.025610877 
685 656 8 9 0.025607882 
78 180 17 23 0.025595497 
894 1090 13 18 0.025592288 
461 557 11 13 0.025584666 
375 615 10 11 0.025530515 
877 1070 10 13 0.025529755 
477 1151 12 15 0.025522076 
303 526 8 10 0.025511919 
13 566 12 15 0.025501195 
544 1130 10 13 0.02549316 
933 700 9 12 0.025476439 
981 1100 13 16 0.025418121 
174 1072 13 17 0.025416132 
250 1099 13 18 0.02540149 
1001 1378 15 21 0.025389973 
325 556 9 10 0.025382124 
86 686 9 11 0.025355328 
253 608 9 11 0.025322696 
72 89 24 29 0.025290068 
357 1103 10 12 0.025258714 
327 1266 26 31 0.025229897 
393 582 9 10 0.025224658 
412 485 9 13 0.025220035 
268 1125 13 17 0.025175855 
86 678 11 13 0.025175711 
548 1348 18 22 0.025172569 
720 542 9 10 0.025151212 
841 1218 16 21 0.025149787 
89 747 8 10 0.025131484 
479 1226 14 19 0.025122192 
794 640 8 10 0.025093766 
671 1367 22 27 0.02507038 
345 536 8 10 0.025057837 
204 663 10 14 0.02504742 
630 552 8 11 0.02504456 
327 1282 18 25 0.025011806 
849 1115 12 15 0.024970442 
355 187 13 21 0.02495355 
323 1257 24 30 0.02493732 
590 1234 15 19 0.024930064 
832 1344 17 23 0.024924869 
673 520 7 9 0.024887554 
725 1123 12 17 0.024866067 
551 1103 10 13 0.024863847 
265 631 9 12 0.024852028 
125 486 8 10 0.024843073 
213 1126 14 17 0.024838876 
779 1313 14 21 0.024819583 
759 615 8 9 0.024816249 
873 1381 21 32 0.024808336 
351 558 8 10 0.024791667 
712 545 9 9 0.024776846 
178 1206 16 23 0.02476937 
412 158 22 28 0.024766596 
758 1284 12 15 0.02473005 
679 1258 12 17 0.024721356 
806 1099 13 15 0.024715738 
907 1283 22 28 0.024641877 
714 1296 15 18 0.024634242 
349 1172 12 17 0.024624662 
799 1354 22 29 0.02462133 
953 1174 20 25 0.024605466 
573 1136 15 17 0.024592532 
409 1136 14 19 0.024575705 
7 1085 20 27 0.024570653 
397 535 9 10 0.024563808 
351 521 7 9 0.024558786 
727 590 9 11 0.024534658 
883 1333 14 20 0.024524229 
715 1130 12 17 0.024508838 
597 1138 15 18 0.02449878 
704 1087 10 13 0.024491265 
323 1254 16 21 0.024491066 
648 1327 24 27 0.024485417 
234 617 17 22 0.024478452 
662 534 8 9 0.024461512 
291 187 15 20 0.024456061 
161 1191 21 31 0.024446983 
450 1125 13 15 0.02444563 
723 646 8 10 0.02442043 
163 640 14 19 0.024417892 
157 1114 14 17 0.02441626 
750 1292 14 20 0.024404276 
479 1086 9 13 0.024351966 
843 1101 12 16 0.024331257 
286 608 8 10 0.024324328 
223 1067 13 16 0.024297956 
699 1135 18 24 0.02428269 
462 552 10 12 0.02426576 
106 1200 17 19 0.024223603 
304 575 7 9 0.02421029 
174 690 12 15 0.024167381 
0 1170 10 18 0.024163421 
532 582 11 13 0.024157312 
766 1163 14 19 0.02413163 
240 583 8 9 0.024115784 
703 544 7 10 0.024090666 
422 139 14 14 0.02407687 
689 575 7 9 0.02407488 
102 1092 11 14 0.024074066 
381 1289 16 20 0.024057392 
781 1132 12 15 0.024047406 
189 622 10 12 0.024040906 
267 1248 40 51 0.024017029 
671 671 11 13 0.023987843 
907 1295 17 22 0.023986915 
874 164 41 49 0.023958758 
507 1220 17 21 0.023950173 
303 600 8 9 0.02394227 
335 560 9 10 0.023938293 
252 526 8 9 0.023931041 
22 528 8 9 0.02391317 
380 180 14 16 0.02388954 
773 1101 12 15 0.023843396 
271 576 8 10 0.023829428 
156 1170 19 26 0.023829183 
247 552 7 8 0.023828084 
447 159 11 12 0.023827791 
669 1231 13 17 0.023783127 
95 747 9 11 0.023778899 
154 603 12 15 0.02375822 
382 575 8 10 0.023741715 
304 1249 23 29 0.023740381 
312 1273 27 33 0.02373862 
372 696 13 15 0.023733823 
637 1100 9 13 0.02373078 
411 377 16 19 0.023704067 
224 584 9 11 0.023697428 
877 1282 24 30 0.023692558 
425 488 10 11 0.023690498 
325 627 10 11 0.023686042 
326 1193 13 16 0.023682475 
110 582 10 11 0.023646917 
184 1201 21 29 0.023632495 
279 644 9 11 0.023623556 
0 1100 11 16 0.023596056 
44 1168 17 20 0.023579448 
235 1216 15 19 0.023570905 
656 544 9 11 0.023563962 
565 1163 16 20 0.023560245 
588 1226 16 17 0.023543175 
558 1132 13 18 0.023542468 
688 599 8 10 0.023525814 
344 157 10 14 0.023521379 
543 1145 13 18 0.023490183 
117 1116 14 17 0.023489628 
157 647 14 18 0.023468405 
968 697 9 11 0.023466744 
730 1332 24 31 0.023440894 
319 592 8 9 0.023435207 
99 1236 15 21 0.023434214 
994 686 9 11 0.02342591 
728 624 8 8 0.023409296 
433 174 22 28 0.023406696 
636 1124 12 17 0.023381596 
996 33 23 32 0.023326457 
518 486 9 10 0.023322154 
651 1341 22 28 0.02329571 
48 560 8 10 0.023278704 
702 600 9 10 0.023254605 
684 1302 18 21 0.02324966 
385 1304 17 21 0.023226125 
754 558 8 10 0.02322471 
345 1263 25 31 0.023215644 
1006 1109 14 20 0.02319593 
415 88 12 14 0.023186808 
372 1267 18 22 0.023178067 
452 651 12 16 0.02317472 
189 614 9 11 0.023149598 
95 179 16 21 0.023143932 
930 1256 16 24 0.023138646 
662 997 11 15 0.023132682 
676 1093 12 15 0.023108276 
557 1104 9 11 0.023106694 
246 535 8 9 0.023096923 
698 1171 15 17 0.023091769 
271 543 8 10 0.023091542 
998 1347 20 29 0.023088232 
391 565 9 10 0.023077242 
686 557 7 10 0.023074798 
157 591 10 12 0.023059221 
201 495 8 10 0.023024384 
902 1387 13 17 0.023012513 
373 129 16 18 0.023004737 
627 1136 13 19 0.022984859 
733 1139 13 15 0.022976933 
694 679 8 10 0.022967882 
772 647 9 11 0.022956021 
828 1194 15 22 0.022952799 
739 1291 14 20 0.02293755 
787 690 12 14 0.02293509 
376 1103 9 13 0.022929344 
516 1175 15 17 0.022905482 
135 651 13 18 0.022877079 
295 574 8 9 0.02282873 
830 711 12 14 0.022827799 
501 1088 9 10 0.0228066 
551 606 10 12 0.022805126 
527 1116 11 16 0.022804687 
321 552 8 10 0.022797963 
711 575 7 9 0.022785371 
241 534 8 9 0.022743825 
646 1122 12 16 0.022743266 
280 339 17 21 0.02272841 
279 552 8 9 0.022725983 
387 207 15 19 0.022718005 
248 608 9 11 0.022699995 
910 696 9 11 0.022687951 
673 1111 21 26 0.022683715 
775 662 10 12 0.022676047 
632 1303 21 28 0.022668418 
510 1102 10 12 0.022666313 
846 1124 13 16 0.02264682 
740 1139 12 15 0.022633871 
610 1269 17 21 0.022628905 
198 666 14 18 0.0226267 
859 1142 21 24 0.022587249 
679 545 8 9 0.022577064 
834 1305 16 23 0.02255001 
406 1191 14 19 0.022538017 
426 1188 16 18 0.022533942 
595 1180 14 17 0.022519514 
95 1171 15 18 0.0225118 
678 591 8 10 0.022486629 
112 706 10 13 0.022460088 
27 1132 12 17 0.02244035 
628 746 16 19 0.022393934 
900 1289 15 21 0.02238879 
682 1370 16 23 0.02237006 
159 1157 15 21 0.022352228 
376 590 9 10 0.022344498 
356 142 22 29 0.022332074 
312 552 7 9 0.022330094 
1 1076 11 16 0.0223201 
198 652 12 14 0.02230894 
685 1201 14 19 0.02229241 
412 493 9 11 0.022286301 
806 676 10 13 0.02227254 
265 1255 26 33 0.022268753 
328 1143 18 23 0.022248646 
809 1092 22 26 0.022242103 
414 1099 10 13 0.022212284 
958 1311 23 31 0.022200827 
499 1243 18 23 0.022182489 
551 627 12 15 0.022177754 
332 1193 14 18 0.022162786 
158 579 10 12 0.022162361 
262 662 10 12 0.022152072 
771 1204 16 18 0.022144884 
664 527 7 9 0.022127211 
816 1175 20 27 0.022121571 
119 1234 26 37 0.02211694 
718 695 9 11 0.022110462 
247 1217 17 21 0.02210734 
752 520 8 9 0.022097362 
581 1177 14 20 0.022095514 
99 1153 14 19 0.022094643 
901 1351 17 22 0.022091595 
0 1200 18 23 0.02206255 
382 1101 10 12 0.022047138 
211 696 14 16 0.022039976 
520 1247 17 22 0.022022674 
728 560 9 11 0.02200722 
695 575 8 9 0.02200419 
764 1187 15 18 0.021999316 
856 1221 24 30 0.021979054 
189 606 10 12 0.021977618 
703 550 8 9 0.021920396 
351 1139 13 18 0.021917984 
410 213 13 16 0.021911822 
854 1233 23 29 0.021905417 
728 726 8 10 0.02188689 
397 487 9 12 0.021852333 
827 1164 13 17 0.021850508 
904 1219 25 28 0.021843845 
969 750 28 32 0.021837289 
228 1122 14 18 0.021825079 
977 1246 16 22 0.021823497 
410 584 8 11 0.021773132 
487 574 9 11 0.021761103 
937 1166 20 28 0.0217601 
629 503 10 13 0.021745296 
935 1041 9 10 0.021735832 
81 688 9 10 0.021734303 
693 630 9 12 0.021726325 
609 557 8 9 0.02171523 
72 551 9 11 0.02169541 
702 559 9 11 0.021686539 
808 653 10 11 0.021678075 
703 591 8 10 0.021671552 
994 1323 24 30 0.021655384 
324 685 12 14 0.021649392 
373 1188 13 17 0.021621978 
720 606 8 10 0.021620458 
312 1221 23 29 0.021618944 
263 505 7 10 0.021592027 
307 184 17 23 0.021579353 
544 505 13 18 0.021561414 
715 1323 16 20 0.021559073 
312 646 9 11 0.02154159 
558 1267 14 19 0.021523615 
239 1083 12 16 0.02150036 
638 1295 20 27 0.021498667 
107 1210 17 19 0.02148177 
286 560 8 8 0.02147693 
552 496 10 12 0.021463212 
414 110 13 15 0.021437127 
411 1172 13 18 0.021423532 
796 1228 13 20 0.021409836 
719 717 8 10 0.021407168 
906 697 8 10 0.021403287 
486 1093 12 13 0.02137942 
314 1209 16 20 0.02133928 
561 1357 26 31 0.021331886 
709 1358 23 32 0.021320866 
815 701 12 15 0.021320382 
545 206 15 19 0.02131899 
302 201 15 20 0.021279996 
535 1200 16 19 0.021279622 
247 542 8 10 0.021264872 
322 181 22 30 0.021263156 
930 1076 12 14 0.021261072 
878 693 12 16 0.021245232 
803 1330 15 22 0.021242365 
899 1170 17 20 0.021235771 
735 1236 13 17 0.021221377 
198 597 8 10 0.021193575 
367 552 8 10 0.021185623 
638 626 9 12 0.02118051 
255 536 8 9 0.021178355 
239 551 8 9 0.021175746 
883 581 33 36 0.021139465 
65 541 7 9 0.021139141 
191 510 8 10 0.021138703 
171 1098 14 19 0.021125646 
721 669 8 11 0.021108894 
638 1147 13 17 0.021108016 
81 707 11 13 0.021092795 
656 559 8 10 0.021080522 
342 568 8 9 0.021062344 
671 1114 11 15 0.021053312 
702 615 8 9 0.021031743 
1012 1355 12 18 0.021024335 
345 472 7 8 0.02101801 
629 731 28 35 0.021016337 
532 588 11 13 0.021011105 
625 533 9 10 0.021009093 
97 544 8 10 0.02100064 
989 1290 13 19 0.020993344 
296 559 8 10 0.020991603 
145 1185 21 27 0.02097941 
544 574 8 10 0.02095386 
571 1156 23 27 0.020914698 
431 624 8 10 0.020899903 
574 527 9 12 0.020895056 
971 1264 18 22 0.02089314 
71 558 10 11 0.020878876 
249 1255 25 32 0.020871349 
373 687 12 14 0.020859417 
678 1266 14 18 0.02085477 
116 1224 16 21 0.020838426 
255 662 10 13 0.020819688 
198 574 8 10 0.02081785 
537 517 11 14 0.020791918 
220 613 10 12 0.020775601 
239 574 9 10 0.020775551 
231 692 11 13 0.020770576 
454 543 8 10 0.020763868 
204 674 12 15 0.02074806 
492 1146 15 18 0.020723175 
199 1189 20 25 0.020720853 
820 1331 18 23 0.020707257 
621 740 26 31 0.020697577 
713 1210 15 18 0.020695161 
118 738 11 15 0.020690493 
87 545 8 10 0.02068627 
958 1230 22 28 0.020680273 
963 1253 18 20 0.020646961 
317 632 107 123 0.02063982 
687 583 9 10 0.020597866 
237 1250 25 32 0.020592615 
309 616 8 10 0.020584645 
139 1173 23 29 0.02058016 
413 656 11 13 0.020576164 
972 1200 21 28 0.020573184 
412 1259 16 21 0.020571198 
493 1102 10 11 0.02056626 
8 566 11 13 0.020565743 
301 1225 15 20 0.020563543 
563 1139 13 16 0.020560917 
215 1181 14 19 0.020555064 
621 1266 14 20 0.020549543 
429 1156 13 15 0.020543432 
286 1258 43 50 0.020508949 
392 590 8 10 0.020484388 
241 1275 15 20 0.020477988 
280 1225 24 28 0.02046131 
320 607 8 10 0.02045782 
390 1100 10 12 0.02043942 
600 582 11 13 0.020424731 
374 148 12 16 0.020414608 
306 658 20 24 0.020397823 
660 1197 13 17 0.02039661 
813 654 9 11 0.020378422 
723 1328 15 20 0.020377746 
332 202 18 24 0.020373054 
932 1108 13 16 0.020360498 
96 684 9 12 0.02034729 
154 1038 9 12 0.020343203 
318 574 8 11 0.020340106 
459 1131 20 24 0.020325478 
56 742 9 11 0.020300519 
996 1306 22 32 0.020299809 
478 1106 13 16 0.020284537 
711 607 8 9 0.020267252 
664 638 8 10 0.020258093 
441 709 29 34 0.020237429 
627 1179 14 18 0.020237315 
961 697 8 10 0.020237042 
797 1154 12 19 0.020235647 
288 1081 10 13 0.020183057 
424 559 8 9 0.020167757 
118 708 9 12 0.020167757 
744 1361 27 30 0.02015709 
344 463 7 10 0.020156642 
737 497 7 8 0.020151826 
821 1064 10 12 0.020136628 
750 679 9 12 0.020126598 
893 1241 16 23 0.020123826 
944 1190 20 25 0.02011477 
894 1099 13 17 0.020100161 
579 1234 15 18 0.020092808 
696 558 9 11 0.020082867 
490 1263 17 22 0.020079669 
707 1362 15 22 0.020074256 
134 1102 11 15 0.020070607 
696 669 10 12 0.02005321 
385 628 9 12 0.020051353 
712 696 9 10 0.020044927 
776 678 10 13 0.020013498 
