10_People_Marching_People_Marching_10_People_Marching_People_Marching_10_People_Marching_People_Marching_10_619
229
431 461 13 15 0.9339088 
438 433 9 11 0.6235717 
51 484 16 20 0.5761227 
519 448 11 15 0.5520661 
192 467 13 17 0.49535403 
669 441 14 19 0.46839297 
501 441 9 12 0.4370984 
353 458 8 10 0.33895656 
582 442 11 15 0.33243275 
497 456 8 10 0.2926016 
93 476 14 18 0.28188586 
555 445 14 18 0.2774556 
160 478 11 15 0.26315072 
238 528 9 12 0.23671098 
588 437 12 16 0.22755209 
407 430 8 10 0.20629516 
447 448 9 10 0.17674361 
166 484 10 13 0.17333162 
400 468 9 12 0.16086012 
415 446 8 9 0.15430073 
101 484 10 14 0.14983353 
462 449 7 10 0.14714259 
233 470 10 12 0.14467825 
260 459 10 13 0.14090338 
457 432 7 10 0.12858988 
357 456 9 11 0.12842305 
576 442 13 17 0.12180542 
540 451 9 13 0.11620633 
223 453 10 13 0.10935445 
257 456 10 12 0.10901457 
304 459 10 13 0.10278699 
444 438 9 10 0.101765186 
0 443 16 21 0.095396355 
868 659 25 29 0.08911108 
535 447 10 14 0.085945874 
308 455 9 12 0.083134696 
321 524 15 19 0.081101626 
498 444 9 11 0.0792243 
414 429 7 10 0.07747271 
402 431 9 10 0.07738468 
597 437 10 14 0.075161554 
171 485 8 12 0.07499951 
456 449 8 10 0.07385844 
181 433 9 11 0.07246761 
88 481 12 16 0.0694968 
606 440 10 13 0.06930234 
408 424 8 12 0.067385085 
414 425 7 10 0.06532887 
402 380 424 452 0.06427619 
361 430 9 12 0.06077272 
282 271 6 9 0.05924176 
185 467 13 17 0.05842105 
445 432 9 10 0.05825597 
239 501 9 11 0.057399593 
328 446 8 10 0.055879287 
162 469 14 18 0.053750254 
415 440 8 10 0.05317002 
408 437 8 10 0.052660532 
1003 753 21 28 0.05228009 
593 461 10 13 0.052133996 
231 464 11 13 0.051181152 
176 520 9 11 0.05034823 
67 480 13 20 0.04999776 
39 475 13 19 0.049521405 
501 455 8 11 0.04806457 
294 453 10 12 0.046044957 
157 423 12 13 0.045737796 
334 380 11 14 0.04536216 
222 460 11 14 0.04522564 
269 263 8 10 0.04516887 
270 472 7 11 0.04488781 
107 483 10 14 0.0442035 
328 455 7 10 0.043906428 
60 477 13 20 0.04375891 
44 478 15 19 0.0432283 
557 441 12 14 0.04172266 
215 468 10 12 0.04150156 
970 664 25 31 0.041340794 
153 379 9 11 0.040966112 
215 461 10 14 0.04055287 
529 96 9 13 0.03978176 
522 488 8 10 0.0397541 
207 461 10 14 0.03904598 
256 519 10 13 0.038505584 
961 665 40 49 0.03787897 
582 159 10 14 0.037771463 
234 531 9 12 0.03756368 
324 517 13 16 0.03742251 
329 460 8 11 0.037356045 
642 519 8 11 0.0366041 
110 542 9 11 0.03577788 
150 483 10 13 0.03512225 
265 472 8 10 0.035115544 
189 486 9 13 0.034952767 
521 493 8 11 0.034922954 
925 706 15 17 0.03490495 
336 92 9 12 0.03489713 
153 478 11 15 0.03465568 
266 262 7 10 0.03461979 
536 94 11 14 0.034144193 
163 461 12 15 0.034048215 
333 462 7 9 0.03402877 
553 511 7 10 0.03372737 
436 456 11 15 0.03346232 
293 494 9 12 0.033366248 
462 470 8 11 0.03332937 
270 460 9 12 0.03298184 
346 456 7 9 0.032737304 
266 476 9 12 0.03251125 
295 461 9 13 0.032415524 
564 443 13 17 0.032369565 
614 440 11 13 0.032211013 
254 537 10 12 0.032142986 
633 428 9 11 0.03195461 
961 690 18 23 0.031833563 
247 454 10 13 0.031481087 
257 256 8 10 0.031279273 
997 676 14 22 0.031221272 
998 730 13 17 0.03077242 
146 485 10 12 0.030480698 
119 436 10 12 0.030392123 
382 454 9 11 0.030314595 
455 424 8 11 0.029989613 
270 455 10 12 0.029854469 
207 549 7 9 0.029201938 
104 567 10 14 0.029122641 
289 453 10 12 0.028917175 
360 436 9 11 0.02883885 
185 492 10 13 0.02772629 
513 445 11 15 0.027645634 
337 471 7 9 0.027415672 
224 529 8 11 0.027391486 
333 438 9 13 0.02731551 
984 669 22 30 0.02720571 
471 455 7 10 0.02711353 
567 439 11 14 0.02702569 
78 534 9 12 0.0269193 
552 440 11 13 0.026903689 
390 422 9 12 0.02683991 
236 462 12 15 0.026818221 
342 471 8 11 0.026816798 
473 485 9 11 0.026667885 
967 662 11 14 0.026611652 
302 93 8 11 0.026565922 
410 445 9 11 0.026305128 
247 460 11 14 0.026227746 
223 468 9 12 0.026196592 
173 476 9 14 0.026139919 
432 407 7 9 0.026037246 
461 431 7 10 0.025987634 
176 435 12 15 0.02592025 
228 451 11 14 0.025537249 
504 399 8 9 0.025500603 
534 440 8 11 0.025241042 
473 479 8 11 0.025231285 
325 512 10 13 0.02483645 
216 454 10 13 0.024787057 
584 470 8 10 0.02477178 
321 454 9 11 0.024667429 
312 495 7 10 0.024651013 
432 447 9 11 0.024590792 
290 447 9 11 0.024590485 
358 446 9 11 0.024504138 
510 518 8 11 0.024444457 
401 424 9 12 0.024340594 
461 436 8 10 0.024332143 
0 419 8 14 0.02427605 
505 524 8 10 0.02423468 
248 534 8 11 0.024135016 
65 367 8 10 0.024025887 
87 506 12 16 0.024019403 
224 558 7 10 0.023822084 
394 385 7 9 0.023744676 
684 405 11 15 0.0237033 
331 444 10 13 0.023631401 
240 496 8 11 0.023530541 
425 421 9 12 0.023476057 
408 416 7 10 0.023433233 
561 468 9 11 0.023357498 
952 726 11 12 0.02328816 
681 410 11 16 0.023203067 
263 257 7 9 0.023109406 
157 436 16 18 0.022932101 
973 662 15 18 0.022849528 
463 462 8 10 0.02283411 
392 446 9 10 0.022831693 
621 439 10 12 0.022783063 
405 468 8 12 0.022725223 
833 721 26 33 0.022466194 
415 451 9 12 0.02243003 
895 683 23 33 0.022401087 
498 435 17 23 0.022332083 
931 699 16 19 0.022271419 
160 478 19 24 0.022241436 
114 413 208 234 0.02221437 
255 454 18 23 0.02220484 
435 436 8 11 0.022040823 
366 453 9 13 0.02192682 
414 462 9 12 0.021836868 
278 455 9 12 0.021834614 
585 433 10 13 0.021778537 
265 270 9 10 0.021774396 
391 463 9 11 0.02175942 
98 469 13 19 0.021736234 
592 323 398 518 0.021671703 
446 424 8 10 0.021659466 
527 439 10 13 0.021657817 
576 460 9 12 0.021389807 
926 715 15 17 0.021299705 
565 461 9 12 0.02127189 
239 507 10 12 0.021243507 
254 467 10 12 0.0212372 
93 436 14 19 0.021174073 
239 454 9 11 0.02115468 
280 277 8 10 0.021113677 
271 246 7 9 0.020879518 
165 541 10 12 0.020840589 
990 675 13 19 0.020779938 
400 436 9 11 0.020767193 
375 447 8 10 0.020733371 
225 552 8 9 0.02072359 
574 448 12 16 0.020720908 
151 421 11 13 0.020634286 
559 460 11 12 0.020552896 
217 485 10 12 0.02039395 
398 447 8 11 0.020341152 
893 690 15 21 0.020263873 
436 426 17 23 0.020175762 
320 511 9 11 0.020091474 
