10_People_Marching_People_Marching_2_239
61
351 223 66 83 0.9976617 
518 355 45 53 0.9746149 
978 405 41 50 0.9693425 
839 237 70 84 0.94291836 
63 408 43 47 0.8259076 
962 172 31 41 0.61177015 
934 361 40 49 0.3909464 
467 250 12 18 0.17067301 
91 482 45 57 0.12552366 
964 160 28 31 0.10476093 
246 436 22 28 0.10266898 
212 352 57 67 0.09508392 
464 245 12 17 0.06640263 
9 442 28 32 0.06046375 
432 236 12 17 0.06033097 
486 345 16 20 0.05615836 
799 245 29 33 0.055556186 
207 303 79 106 0.051732253 
347 657 25 27 0.050069336 
301 642 28 34 0.04006067 
566 265 24 29 0.038745012 
505 126 379 467 0.037405632 
15 463 34 37 0.034678694 
606 216 215 318 0.033089273 
256 516 11 15 0.032036196 
179 578 32 35 0.03129481 
261 501 11 15 0.030505577 
425 198 10 12 0.030060574 
228 515 13 16 0.029797707 
170 338 14 19 0.029768942 
0 505 13 23 0.029464928 
244 453 16 19 0.02928496 
562 363 45 57 0.029009469 
513 292 16 19 0.028068135 
165 331 25 33 0.027226295 
38 519 23 29 0.027181486 
589 359 89 140 0.026868584 
336 643 22 26 0.026549643 
969 566 57 76 0.025699355 
465 191 10 12 0.025313552 
4 450 15 19 0.025119115 
969 181 19 25 0.024219446 
315 640 25 32 0.024186185 
950 581 34 30 0.02410337 
337 246 33 56 0.024016628 
692 62 93 105 0.023788769 
575 382 44 62 0.023539124 
34 501 23 30 0.023079239 
475 340 23 30 0.022759262 
210 594 19 22 0.022661854 
179 440 25 30 0.022658184 
167 8 8 9 0.022649357 
615 450 11 14 0.022400618 
299 655 18 22 0.022134304 
182 483 26 36 0.021442574 
86 71 11 14 0.021235991 
526 244 12 15 0.021189677 
460 236 15 20 0.02106723 
434 111 21 26 0.021007035 
508 53 28 32 0.020391606 
22 446 28 30 0.02029006 
