10_People_Marching_People_Marching_2_256
26
817 151 58 67 0.99928963 
330 222 58 64 0.99891675 
956 160 49 54 0.99774534 
171 172 92 111 0.996234 
451 217 74 89 0.9957777 
710 146 49 55 0.99279404 
574 239 71 73 0.8044417 
142 227 59 74 0.30293834 
886 166 43 58 0.11923106 
-5 255 69 137 0.095662355 
314 73 44 65 0.054802224 
981 108 17 23 0.041874204 
940 165 35 41 0.0385849 
930 162 29 39 0.03787404 
698 243 46 53 0.03771154 
780 164 25 34 0.03631779 
769 170 42 53 0.029123288 
1002 74 16 21 0.028562628 
808 265 66 60 0.024820257 
904 161 43 56 0.024659034 
782 169 16 19 0.02427969 
995 17 28 42 0.022568174 
553 183 95 122 0.022014933 
983 43 27 33 0.02094827 
841 52 24 31 0.020452442 
369 37 45 59 0.020342024 
