10_People_Marching_People_Marching_2_944
85
247 512 37 42 0.99371606 
483 452 33 40 0.9932238 
607 455 44 51 0.98521096 
55 450 38 55 0.84425765 
130 483 31 34 0.6899519 
110 415 43 58 0.60694265 
235 468 26 32 0.5453519 
290 485 31 40 0.5212736 
209 538 31 44 0.37875673 
577 439 28 38 0.14900954 
171 503 18 25 0.13704693 
680 273 44 59 0.11805792 
651 445 29 38 0.07597588 
11 456 41 65 0.06847986 
72 562 27 36 0.064109124 
132 28 15 19 0.062024206 
38 459 30 43 0.06157341 
27 145 31 37 0.060781337 
65 531 18 22 0.05896287 
259 449 23 28 0.05627152 
261 421 24 31 0.050841045 
57 -47 396 503 0.05056057 
3 837 23 33 0.050025284 
650 395 17 18 0.04865015 
153 494 25 33 0.044970147 
493 394 17 23 0.040324934 
544 459 38 55 0.039789733 
259 434 27 34 0.039748877 
399 599 377 480 0.039434392 
666 642 34 32 0.03808614 
459 387 28 39 0.03721306 
714 402 18 23 0.036977284 
0 413 27 44 0.03553213 
36 6 24 27 0.03512292 
46 805 16 19 0.03501684 
611 640 76 71 0.034716275 
310 539 33 43 0.034548517 
178 507 18 24 0.0344046 
151 301 31 45 0.034245785 
790 7 237 230 0.03407568 
24 35 23 31 0.033962768 
225 542 28 39 0.033126537 
14 543 29 37 0.032511894 
495 751 212 327 0.032238774 
974 18 50 72 0.03157723 
250 455 24 31 0.031082354 
0 470 30 54 0.030694794 
168 83 14 17 0.030569356 
38 3 16 18 0.030496951 
147 202 27 33 0.02993444 
566 445 28 38 0.029465305 
236 460 18 22 0.029032633 
636 451 33 40 0.0277309 
220 530 26 39 0.02743965 
292 480 19 26 0.027438413 
185 580 32 42 0.02718933 
128 498 32 39 0.026760353 
248 583 25 31 0.026561258 
475 443 29 41 0.026442312 
299 535 31 37 0.02643201 
132 535 29 38 0.025950087 
595 365 27 31 0.02572291 
310 420 33 42 0.024805196 
185 137 27 35 0.024291586 
936 6 94 108 0.023985332 
22 536 379 526 0.023294343 
282 529 28 34 0.023271881 
103 15 25 30 0.022666756 
0 665 11 23 0.02246718 
676 801 56 65 0.022119876 
49 18 14 19 0.022029378 
23 123 47 56 0.02187056 
27 466 28 38 0.021857899 
583 392 18 23 0.021343624 
304 479 29 36 0.02121594 
23 30 12 17 0.020926615 
689 546 51 67 0.020897482 
125 23 25 31 0.020869868 
129 521 29 38 0.020750025 
112 478 28 38 0.020575205 
665 440 29 36 0.02056017 
654 460 29 36 0.02045164 
33 89 35 41 0.020317549 
699 292 32 43 0.020242477 
234 523 28 37 0.020120466 
