10_People_Marching_People_Marching_10_People_Marching_People_Marching_10_499
113
370 203 29 43 0.80542856 
577 357 31 37 0.8025568 
751 77 25 34 0.5239477 
572 289 15 21 0.45669186 
454 274 16 20 0.35884112 
786 4 34 31 0.32152376 
791 112 44 43 0.2952882 
651 74 16 22 0.24410309 
380 241 27 38 0.19817281 
427 313 35 34 0.16303921 
544 254 22 31 0.14100957 
437 278 26 29 0.13587022 
494 279 15 20 0.1323354 
611 346 35 38 0.11746613 
607 74 13 15 0.10762546 
371 169 13 15 0.09844291 
557 257 15 22 0.09510206 
451 346 26 33 0.09392908 
612 72 12 14 0.09105794 
502 270 23 30 0.08940476 
508 269 14 19 0.08604546 
364 212 44 56 0.08420586 
544 21 28 29 0.082669765 
637 71 26 29 0.08215781 
722 30 40 52 0.07922758 
498 260 40 50 0.07313294 
542 300 39 51 0.06986892 
585 141 16 20 0.06535401 
812 3 36 35 0.0606556 
534 251 23 31 0.060146924 
793 3 22 20 0.0532767 
516 259 13 16 0.051615577 
435 325 20 21 0.051060367 
548 265 13 19 0.0503975 
628 39 17 22 0.050011873 
464 274 16 20 0.048188224 
354 136 16 21 0.047121685 
619 72 14 18 0.045141518 
513 274 16 21 0.04354994 
480 306 27 32 0.04309536 
732 44 40 52 0.040503956 
774 63 13 16 0.039716728 
739 272 36 38 0.03945996 
565 292 16 22 0.038478065 
410 203 17 21 0.037749298 
799 8 34 39 0.036757965 
388 203 28 35 0.036313053 
726 63 44 53 0.03569324 
635 48 15 19 0.035495218 
424 195 11 16 0.03548894 
920 74 41 48 0.03483834 
597 109 14 18 0.034124974 
348 132 16 22 0.033559598 
604 315 33 36 0.03223841 
648 144 29 34 0.03199065 
581 106 43 51 0.031806905 
482 283 26 34 0.030682424 
378 233 48 59 0.030547576 
772 0 27 28 0.029893538 
622 155 14 17 0.029877651 
379 205 16 26 0.029425608 
515 265 14 19 0.029228698 
541 269 15 21 0.029221531 
620 40 18 23 0.028830826 
698 99 18 21 0.028236462 
612 67 23 29 0.027881581 
740 46 18 25 0.02779331 
442 233 23 33 0.02762948 
742 88 15 19 0.027583415 
419 200 14 19 0.027312644 
453 234 13 20 0.026980273 
805 100 47 46 0.026922608 
634 34 26 32 0.02602578 
425 378 30 45 0.025919383 
659 69 14 19 0.02589812 
468 270 25 29 0.025454808 
717 156 27 32 0.025359232 
697 50 13 17 0.02496883 
654 142 13 17 0.024589872 
460 331 12 15 0.024402596 
605 43 12 17 0.024151007 
637 -97 407 442 0.023952825 
401 230 33 41 0.02373505 
485 251 12 17 0.023724247 
587 348 39 48 0.02348126 
539 309 26 33 0.02326948 
401 202 45 54 0.023208618 
551 312 44 58 0.023120498 
483 267 25 30 0.02308964 
634 49 27 36 0.022937518 
587 100 29 36 0.022919925 
603 69 21 25 0.022871515 
581 69 11 14 0.022697745 
551 336 15 19 0.022567177 
644 36 16 20 0.022131847 
831 8 19 22 0.0220918 
616 30 39 48 0.021724224 
451 238 24 31 0.021560028 
471 298 47 57 0.02145715 
759 46 28 36 0.021219775 
581 61 12 14 0.021056134 
361 138 15 20 0.020653848 
507 256 21 29 0.020611823 
590 53 10 13 0.020596048 
623 66 27 32 0.02056518 
356 204 31 44 0.020474205 
548 322 27 35 0.020438539 
416 216 40 52 0.02039193 
540 1 15 13 0.020382393 
514 273 30 36 0.020300835 
449 280 25 30 0.020292958 
426 293 51 49 0.020292023 
428 200 12 17 0.020135675 
