10_People_Marching_People_Marching_2_823
88
372 189 184 271 0.9994055 
229 414 25 33 0.77899766 
945 492 23 29 0.7148709 
799 444 26 32 0.67568225 
989 462 13 16 0.32386878 
681 961 194 259 0.2132194 
995 461 11 15 0.14979449 
844 451 14 18 0.13776584 
741 473 16 20 0.1351647 
1012 452 12 19 0.124766946 
971 461 10 14 0.09911721 
207 409 27 30 0.080181874 
945 454 23 29 0.076171234 
821 485 13 18 0.07444996 
255 436 43 52 0.073371254 
186 443 46 51 0.06852687 
210 405 40 47 0.06663099 
791 503 33 41 0.065263726 
877 464 13 16 0.0597755 
780 435 14 18 0.051486213 
847 484 12 15 0.04831927 
790 454 30 32 0.046877023 
735 475 15 18 0.046242625 
998 455 11 15 0.045485783 
666 463 22 27 0.044250548 
919 477 19 26 0.04423411 
284 1077 115 192 0.044016324 
85 336 12 18 0.043285556 
378 850 13 16 0.041457728 
204 460 16 18 0.04112097 
902 480 10 13 0.040548913 
788 438 28 34 0.04037623 
949 471 16 21 0.03893922 
585 881 340 389 0.036877137 
700 483 11 14 0.036428902 
908 483 13 17 0.036313552 
953 483 16 21 0.03597497 
227 409 19 24 0.033608705 
654 459 25 29 0.033391587 
840 459 12 16 0.033348165 
896 484 12 15 0.033006437 
203 410 19 22 0.032706264 
404 1182 15 20 0.031188307 
791 939 9 11 0.029773122 
1007 455 13 18 0.029429585 
711 483 12 15 0.028848214 
852 488 13 17 0.028776016 
778 437 23 30 0.028112404 
756 466 13 18 0.027699053 
784 468 50 64 0.027659105 
206 452 32 36 0.02673644 
821 513 12 16 0.025775988 
836 491 11 15 0.02549924 
144 449 9 11 0.02500009 
966 456 19 24 0.024843568 
964 503 13 20 0.02474356 
201 395 23 29 0.024548553 
712 579 87 121 0.024398685 
842 514 14 17 0.024355173 
957 454 13 16 0.024119448 
798 468 31 36 0.024089621 
82 448 14 18 0.024020592 
716 479 13 16 0.02394118 
811 479 25 29 0.023869999 
839 485 11 15 0.023686681 
884 467 13 15 0.023666732 
829 490 12 15 0.02330269 
228 441 51 60 0.02318508 
690 461 12 13 0.02262269 
846 465 12 16 0.022454347 
708 389 197 246 0.022297397 
848 481 23 27 0.022256333 
674 461 15 17 0.022165267 
694 479 14 17 0.021970406 
943 491 38 47 0.021803716 
966 456 11 14 0.02144592 
875 453 15 17 0.021119671 
911 490 12 18 0.021083036 
807 460 19 23 0.021081978 
838 465 11 15 0.021049833 
240 410 18 23 0.020873904 
806 487 30 39 0.020855516 
382 746 14 16 0.020720864 
990 456 13 15 0.020660233 
782 449 26 31 0.02063496 
973 455 10 13 0.02051862 
217 394 16 20 0.020436864 
834 458 23 27 0.020350983 
