10_People_Marching_People_Marching_10_People_Marching_People_Marching_10_People_Marching_People_Marching_10_716
68
2 439 34 39 0.9997831 
510 294 59 72 0.9989281 
120 421 39 41 0.9983059 
330 351 48 60 0.9981153 
768 266 72 94 0.9974074 
75 439 36 45 0.99517846 
197 414 42 43 0.99235415 
653 526 23 23 0.95783883 
178 548 32 41 0.6617932 
69 520 41 50 0.4549939 
932 454 32 37 0.24283662 
676 531 27 30 0.23635013 
128 563 28 35 0.1906882 
538 264 31 38 0.12860365 
745 460 101 117 0.09958337 
27 529 43 54 0.09563954 
663 528 26 28 0.095502295 
2 612 39 70 0.09307018 
770 147 77 117 0.071112394 
981 618 39 60 0.060790744 
925 412 54 80 0.055256683 
234 528 40 60 0.055048205 
573 550 51 64 0.053412154 
282 537 51 57 0.053151567 
43 386 12 19 0.048966873 
139 557 40 51 0.047821715 
518 257 58 84 0.04456541 
335 313 38 39 0.044011224 
54 527 43 58 0.041567374 
57 385 22 28 0.039259326 
133 5 9 10 0.03885204 
343 243 38 57 0.038271315 
716 531 29 36 0.035728868 
437 533 15 19 0.03557084 
718 441 168 203 0.034897488 
-2 400 39 64 0.033592287 
660 507 12 15 0.03336975 
149 362 11 17 0.032929517 
730 531 16 20 0.032603376 
645 525 20 22 0.03249999 
778 217 59 86 0.031777974 
378 242 9 12 0.030311676 
1006 277 11 14 0.03029915 
79 421 28 34 0.030160034 
97 354 17 23 0.028965954 
89 419 16 18 0.028843526 
990 549 36 44 0.028581414 
15 544 46 58 0.027495824 
191 0 10 11 0.026771804 
97 358 25 32 0.026655605 
231 448 28 32 0.026425967 
529 174 38 46 0.025446197 
417 79 8 10 0.025214134 
180 562 41 45 0.024807632 
206 535 44 58 0.024323948 
64 388 38 47 0.02409991 
701 539 31 40 0.023017328 
715 151 93 132 0.022147061 
80 47 8 10 0.02208805 
156 547 39 51 0.022027787 
890 542 32 32 0.021815935 
54 365 9 11 0.021727 
898 429 58 75 0.02172397 
97 426 44 48 0.021695105 
834 643 38 34 0.02088297 
1 208 8 11 0.02076721 
70 411 29 33 0.020236174 
708 616 26 36 0.0202191 
