10_People_Marching_People_Marching_2_60
61
399 224 37 37 0.99858 
356 212 33 34 0.99844164 
843 193 31 34 0.99843436 
102 201 41 40 0.99697006 
660 194 42 41 0.9799065 
768 153 41 42 0.96834 
588 182 29 38 0.90735495 
920 212 37 40 0.83569854 
509 181 40 45 0.83392596 
222 165 41 42 0.8242055 
143 0 27 22 0.8167853 
806 65 27 44 0.28880695 
311 -1 25 22 0.19216636 
251 203 27 33 0.18451084 
174 337 15 19 0.086795844 
226 0 32 25 0.08372461 
552 105 27 36 0.059794914 
444 171 28 36 0.05776777 
209 -1 21 18 0.056829017 
908 183 47 56 0.05265081 
434 -7 90 110 0.051566236 
661 175 36 45 0.050532054 
164 349 15 17 0.043801825 
825 80 17 25 0.03907833 
493 62 13 16 0.03676219 
385 89 43 47 0.036476456 
854 116 30 45 0.03538502 
241 0 35 30 0.03443009 
686 357 25 37 0.0339475 
351 188 50 60 0.033016838 
1 97 18 32 0.032846946 
321 -1 28 25 0.032475714 
149 323 27 31 0.031110715 
371 214 45 47 0.029658142 
238 190 29 37 0.029548898 
425 2 19 19 0.028717957 
239 46 13 16 0.028522171 
488 94 10 14 0.02647856 
918 217 54 62 0.026039973 
866 186 27 36 0.025915219 
160 331 25 27 0.025225382 
600 472 12 13 0.024929088 
341 32 17 18 0.024717627 
494 95 10 15 0.024556234 
847 169 27 35 0.02392781 
92 199 33 38 0.022984372 
625 122 39 63 0.022533597 
651 162 193 211 0.022498732 
434 9 16 20 0.022311252 
355 110 49 58 0.02199077 
324 18 14 17 0.021963725 
230 146 38 48 0.021750309 
159 349 25 27 0.02151568 
323 12 27 30 0.021481818 
427 2 28 32 0.021306245 
810 122 32 43 0.021286268 
281 29 30 33 0.021237895 
101 349 31 31 0.021170322 
212 176 30 36 0.020828683 
504 144 51 65 0.02025722 
502 190 29 36 0.020097757 
