10_People_Marching_People_Marching_10_People_Marching_People_Marching_10_69
2647
733 416 14 18 0.996828 
236 354 14 20 0.99466234 
652 457 18 22 0.9939214 
491 546 17 21 0.99187076 
210 607 18 23 0.9909821 
841 476 16 22 0.98965085 
395 502 17 22 0.98940384 
875 648 22 28 0.9893504 
745 574 21 26 0.9886432 
476 561 15 21 0.9868954 
883 443 16 22 0.9863136 
251 406 14 18 0.98572344 
358 534 17 22 0.9854154 
869 543 18 21 0.9851188 
181 163 11 14 0.9838501 
161 513 17 22 0.9821406 
537 377 15 18 0.9819432 
5 611 22 27 0.9816867 
881 578 19 24 0.9805064 
960 630 21 28 0.9803797 
535 467 18 21 0.97953093 
426 451 14 17 0.97925603 
628 371 13 17 0.97830784 
49 593 21 26 0.97767055 
502 433 16 21 0.97744226 
181 446 19 23 0.97651666 
682 419 14 17 0.9763238 
563 535 17 23 0.97624993 
774 357 12 15 0.9761629 
794 543 18 22 0.97554636 
99 565 18 25 0.97554135 
484 269 10 13 0.97551423 
932 446 16 21 0.9751692 
358 456 18 21 0.9723202 
169 489 17 22 0.9696158 
513 565 17 21 0.96933794 
716 539 21 27 0.96933764 
876 394 14 17 0.96864945 
709 304 13 16 0.9685093 
223 519 15 19 0.96589756 
931 577 20 24 0.9656343 
164 558 19 24 0.96501863 
821 370 13 16 0.96437263 
119 619 19 23 0.9637237 
381 411 14 16 0.9637152 
424 491 17 21 0.9634017 
359 627 22 29 0.96337867 
677 252 12 15 0.962635 
563 372 13 17 0.96245307 
995 526 18 22 0.9620142 
608 554 18 24 0.959471 
302 604 18 23 0.9585242 
691 274 13 16 0.95679146 
440 475 16 19 0.9565368 
436 294 11 14 0.9549307 
504 495 16 21 0.9535746 
366 498 18 22 0.95283794 
381 351 14 17 0.9521261 
197 188 12 15 0.9516953 
470 502 16 20 0.9505241 
885 481 19 23 0.9489324 
998 597 15 20 0.9487201 
767 444 15 20 0.948297 
622 280 13 16 0.94828653 
644 578 19 24 0.94669217 
179 654 19 24 0.94648814 
391 595 21 24 0.94635797 
143 227 13 16 0.94498795 
950 475 18 21 0.9444549 
107 251 13 18 0.9424425 
428 658 21 26 0.941233 
232 549 18 21 0.94102293 
661 263 11 14 0.9386589 
600 659 21 25 0.93859076 
259 637 16 21 0.9360931 
754 618 21 26 0.9352501 
631 494 17 22 0.93315125 
467 299 13 16 0.9324277 
978 602 20 24 0.9282549 
652 346 13 17 0.9278579 
688 659 22 27 0.92363304 
595 332 12 16 0.9235502 
695 482 20 25 0.92143136 
764 651 17 21 0.92121303 
461 215 11 13 0.92111814 
840 613 20 26 0.92107594 
173 135 10 13 0.9202024 
779 502 16 19 0.91742986 
220 109 12 15 0.9158225 
806 399 13 17 0.91552866 
449 271 9 13 0.9152217 
726 501 18 22 0.91519403 
295 458 17 20 0.9149131 
484 312 11 14 0.91461855 
628 328 13 16 0.91297245 
87 510 19 24 0.91116226 
686 389 13 16 0.9065509 
448 370 17 20 0.90546745 
108 218 14 16 0.9053856 
559 318 12 16 0.90516424 
218 659 17 24 0.9031841 
791 380 13 16 0.90285903 
91 243 12 16 0.89947736 
300 422 14 18 0.8989083 
734 312 12 15 0.8973768 
718 357 13 17 0.8955395 
156 414 15 19 0.8946077 
600 310 11 15 0.8945156 
227 487 14 19 0.89324397 
533 611 19 25 0.8926799 
567 267 11 14 0.8887827 
403 576 18 23 0.88504004 
541 542 16 18 0.8818353 
272 566 18 21 0.88055176 
318 548 17 21 0.8788267 
759 506 16 20 0.87707347 
452 326 11 15 0.8755938 
744 393 12 17 0.8742605 
305 500 21 26 0.871647 
584 627 18 22 0.8690373 
550 580 16 18 0.86881727 
456 466 15 18 0.86747676 
577 493 15 19 0.8622586 
588 446 14 19 0.859642 
97 194 12 16 0.8566088 
129 478 16 20 0.85066116 
817 528 15 19 0.8453703 
716 215 9 11 0.8414914 
720 386 13 16 0.8410424 
566 460 14 19 0.8401125 
404 163 12 15 0.8391592 
687 327 13 17 0.83645713 
0 658 20 29 0.8355032 
163 179 13 16 0.832229 
439 618 21 23 0.83062524 
714 181 8 11 0.8251114 
725 474 15 19 0.82443744 
292 109 9 12 0.8236506 
401 527 16 19 0.822543 
615 265 12 14 0.82214826 
505 672 22 25 0.81810987 
785 408 14 17 0.8168599 
567 301 10 12 0.8146961 
639 311 12 15 0.81434995 
846 418 13 17 0.80758274 
320 192 11 15 0.8065514 
739 329 12 15 0.80458313 
428 314 12 15 0.8002355 
890 632 19 23 0.796107 
298 198 12 16 0.79430145 
597 508 17 20 0.7940301 
918 545 22 26 0.7936739 
628 419 14 20 0.7932203 
53 561 14 17 0.7873715 
979 335 13 17 0.78113157 
285 663 16 22 0.77677333 
188 129 12 15 0.7766321 
520 166 8 11 0.77052224 
380 384 14 17 0.7590043 
462 277 11 14 0.75775003 
645 102 12 15 0.7467893 
579 349 12 15 0.7425584 
428 168 10 13 0.73460597 
132 178 14 16 0.7333399 
195 214 13 16 0.7324724 
332 611 19 24 0.72688943 
909 470 12 17 0.7263742 
660 230 8 11 0.7257626 
580 255 10 13 0.72155935 
397 111 9 12 0.7194836 
706 341 12 14 0.716154 
75 226 13 15 0.7140565 
303 480 14 18 0.71321785 
886 327 12 15 0.712774 
164 208 13 15 0.7114683 
659 290 11 14 0.69191015 
613 210 11 14 0.6906478 
422 120 8 11 0.68915844 
456 245 9 12 0.68874973 
314 672 23 26 0.68822813 
117 197 12 15 0.6810713 
296 175 10 12 0.67558384 
115 333 15 18 0.6730854 
718 447 14 17 0.6721417 
465 410 15 17 0.6691827 
200 134 12 15 0.6665047 
311 149 10 13 0.66627353 
111 106 10 13 0.6650549 
294 159 10 12 0.6573452 
485 348 12 15 0.65581864 
660 307 11 14 0.65431625 
332 128 9 11 0.65380853 
512 239 9 13 0.64415795 
686 228 9 12 0.63976276 
272 197 10 13 0.63276154 
437 129 9 11 0.6316539 
93 485 15 18 0.62632024 
638 192 10 14 0.6247716 
469 190 9 12 0.6246797 
492 188 10 13 0.622312 
133 130 11 13 0.61974007 
271 86 10 12 0.61557925 
409 191 10 13 0.6134236 
786 142 8 11 0.6091159 
584 140 8 10 0.6028466 
605 191 9 11 0.59252423 
239 53 8 10 0.59103596 
494 144 7 10 0.59056723 
374 179 11 15 0.58973086 
580 286 11 12 0.58915055 
212 163 10 14 0.5853148 
527 207 9 10 0.58382994 
825 572 16 20 0.58339393 
458 180 8 11 0.5803159 
131 154 11 15 0.57573915 
680 216 9 11 0.57552886 
94 640 22 27 0.5753142 
696 244 10 11 0.57023036 
804 572 12 17 0.56884694 
951 306 13 16 0.5665897 
497 159 9 12 0.5665798 
440 251 9 12 0.5548889 
433 533 13 17 0.55186063 
703 164 9 11 0.54966104 
737 142 10 13 0.5451845 
328 358 10 14 0.542195 
385 197 11 13 0.5384633 
549 630 16 20 0.5381671 
235 140 8 11 0.53469056 
148 145 11 14 0.5326317 
244 611 16 19 0.5311289 
115 508 16 21 0.5308932 
136 193 13 16 0.5288361 
204 88 11 13 0.524899 
578 112 8 11 0.5229024 
463 117 8 10 0.52200633 
158 112 9 12 0.5208424 
720 70 8 10 0.51875836 
632 246 11 13 0.51334995 
689 151 10 13 0.5126825 
446 190 8 10 0.51179945 
588 230 11 13 0.51132166 
312 94 9 11 0.5110672 
469 266 11 13 0.5097935 
606 243 10 12 0.50811696 
618 127 8 10 0.50171393 
267 468 13 16 0.49328932 
780 104 8 11 0.49223068 
502 635 16 18 0.4920455 
759 116 9 11 0.4844851 
647 37 8 11 0.48432264 
417 143 9 13 0.48036116 
99 148 11 15 0.47990292 
382 72 9 11 0.47963414 
135 663 23 26 0.47747314 
325 164 9 13 0.47720063 
270 112 9 12 0.47523242 
472 159 9 12 0.4733159 
727 52 9 11 0.46932155 
103 315 14 18 0.46823874 
604 80 9 12 0.46546847 
700 125 11 14 0.46512726 
592 171 10 12 0.46167612 
533 194 11 12 0.45947075 
497 221 10 12 0.45485076 
74 191 12 15 0.4463626 
300 533 13 18 0.44504884 
307 169 11 15 0.44463354 
615 133 9 11 0.44362435 
1002 202 13 16 0.4420821 
269 416 13 17 0.43888953 
327 469 13 16 0.43482515 
711 451 14 17 0.42931792 
164 150 11 13 0.425972 
160 225 13 15 0.42580697 
472 102 7 10 0.42534134 
402 72 6 8 0.42320332 
681 191 9 12 0.42290437 
819 437 14 18 0.4136422 
346 119 9 11 0.41226128 
405 675 21 24 0.41205344 
502 388 11 14 0.4111089 
546 111 8 10 0.4107269 
424 345 12 16 0.41059533 
760 109 11 14 0.40944532 
860 361 12 16 0.4031969 
692 302 10 14 0.40058967 
345 162 11 14 0.39685422 
245 116 10 12 0.3944685 
639 143 9 11 0.39423916 
496 284 9 12 0.39363617 
701 596 17 19 0.39353636 
157 84 9 12 0.3903194 
586 95 8 10 0.39009354 
689 177 9 11 0.38641366 
939 410 15 19 0.38404164 
198 72 9 11 0.38278064 
119 235 14 17 0.3820689 
554 658 14 18 0.3798373 
680 220 9 12 0.37086514 
324 188 11 14 0.3693998 
265 128 10 12 0.36883742 
228 185 11 15 0.36871392 
230 46 8 12 0.3676864 
264 87 9 11 0.36721748 
437 224 8 11 0.36427048 
145 96 8 10 0.3581552 
59 198 12 14 0.35797343 
368 126 7 10 0.35367388 
265 183 10 12 0.35161546 
530 158 8 11 0.35104424 
820 672 21 24 0.34722042 
455 101 7 10 0.3471894 
749 93 9 11 0.34680194 
392 93 6 9 0.34609234 
612 357 13 16 0.34488627 
233 87 11 13 0.34342673 
551 428 15 18 0.3401478 
349 124 9 11 0.33963963 
646 133 8 10 0.33914703 
474 142 8 11 0.33899394 
597 154 10 12 0.33678272 
333 101 8 11 0.33667138 
327 183 10 13 0.33561632 
624 225 10 13 0.33405834 
716 242 11 14 0.33366293 
431 79 8 10 0.333453 
623 175 9 11 0.3305248 
442 116 9 11 0.32963955 
287 405 11 15 0.32888004 
241 119 10 11 0.32736564 
583 9 10 11 0.32715765 
672 157 8 11 0.32496923 
703 108 8 10 0.32389295 
245 70 8 12 0.32247195 
376 102 8 11 0.3216832 
340 374 11 15 0.32070982 
386 385 14 17 0.31968072 
557 80 9 11 0.31669787 
566 581 13 17 0.3150162 
479 364 12 15 0.3123231 
121 144 9 12 0.30935058 
501 78 8 11 0.30795655 
700 640 12 14 0.30715427 
287 80 7 9 0.3062263 
817 344 10 12 0.30275914 
280 183 12 14 0.30169806 
290 135 9 12 0.30169338 
215 32 6 8 0.30145398 
181 72 9 12 0.29860085 
407 97 8 10 0.29802987 
185 100 9 12 0.29790294 
348 158 10 14 0.2974436 
289 350 8 10 0.29597744 
217 7 7 9 0.2950933 
194 60 8 11 0.294724 
108 282 13 17 0.29241818 
608 152 8 11 0.29141644 
573 597 16 19 0.2897893 
761 78 10 11 0.2855087 
647 183 9 12 0.28441823 
458 593 15 20 0.28437543 
244 181 10 13 0.2836624 
461 159 9 12 0.28160566 
137 112 8 10 0.28123447 
536 447 11 14 0.2793019 
452 198 10 12 0.2761235 
863 316 11 14 0.27559218 
263 147 10 12 0.2694207 
328 96 8 10 0.2678548 
552 263 9 11 0.26773277 
142 67 8 11 0.2654116 
713 237 10 14 0.26442963 
743 359 12 15 0.26360396 
504 120 7 9 0.26100636 
398 34 8 9 0.260899 
615 165 8 10 0.26030624 
194 32 7 9 0.25955603 
741 75 9 11 0.25831044 
645 331 13 16 0.2563271 
578 326 12 15 0.25575855 
673 395 11 14 0.2529917 
592 207 10 12 0.25161672 
655 183 10 12 0.25131866 
845 367 9 12 0.25027037 
988 596 18 25 0.2496564 
520 113 9 10 0.24717247 
912 573 13 18 0.24691272 
957 511 15 18 0.24681184 
389 211 12 14 0.24546275 
455 95 7 10 0.24543443 
596 294 10 13 0.24483441 
525 113 8 9 0.24474086 
653 276 10 13 0.24332194 
365 56 8 10 0.24078001 
418 123 9 12 0.23918709 
393 49 7 8 0.23812824 
567 142 8 10 0.2381274 
197 115 10 12 0.23802732 
593 152 10 12 0.23750412 
151 58 8 9 0.23713617 
217 196 10 13 0.23706913 
280 155 9 12 0.23683652 
107 466 14 17 0.23591895 
777 311 11 13 0.23498636 
377 147 9 12 0.23443013 
342 585 16 19 0.2342343 
75 269 13 17 0.23391603 
645 549 16 20 0.23347446 
215 71 9 11 0.2331798 
501 215 8 11 0.23315088 
395 584 20 25 0.23307568 
166 109 9 11 0.23184755 
607 117 8 11 0.22990192 
566 135 7 10 0.22965838 
360 435 14 18 0.2292177 
480 79 8 10 0.22869673 
641 31 8 11 0.22816972 
544 135 8 11 0.2275874 
505 269 10 12 0.22731113 
318 127 8 11 0.22479829 
174 627 14 18 0.2246892 
412 417 14 17 0.22276379 
327 16 8 10 0.22253428 
531 333 14 16 0.22251765 
642 135 8 11 0.22205913 
406 412 13 18 0.21968254 
821 584 18 21 0.21914674 
833 332 10 13 0.21847357 
598 287 9 11 0.21410048 
128 150 10 15 0.21392266 
336 36 8 11 0.21337976 
593 297 10 13 0.21201627 
334 548 13 17 0.21199235 
486 673 18 22 0.21131429 
665 148 9 11 0.20993964 
337 380 10 13 0.20889854 
318 389 14 17 0.20581281 
239 9 7 8 0.20580421 
369 95 7 9 0.20564623 
508 254 9 11 0.20510717 
620 356 12 16 0.20378603 
753 375 10 13 0.20280367 
821 162 10 13 0.20256206 
398 128 7 9 0.20193465 
246 112 10 11 0.20125881 
749 0 12 12 0.20033439 
894 133 9 10 0.20028335 
126 81 8 11 0.19994788 
346 53 8 10 0.19842637 
613 140 9 12 0.19290023 
240 172 10 13 0.19193174 
209 16 8 10 0.1918237 
940 330 15 18 0.19175236 
224 175 9 11 0.19148418 
304 123 9 12 0.19061552 
117 191 10 13 0.19040658 
520 285 10 13 0.18925637 
713 233 8 10 0.18878403 
473 135 7 9 0.1886766 
509 283 9 12 0.18842448 
222 103 12 15 0.18760727 
217 352 10 12 0.18399799 
143 128 9 11 0.18390615 
419 146 11 14 0.18376525 
505 263 8 11 0.1815733 
958 552 15 21 0.18001321 
598 131 9 12 0.17955808 
132 321 13 19 0.17562105 
525 145 8 9 0.17520729 
236 413 10 14 0.1748385 
625 309 10 12 0.17468838 
866 134 9 12 0.174331 
231 25 7 9 0.17362364 
208 234 12 15 0.17354025 
88 79 9 12 0.17287034 
713 48 7 11 0.17250703 
661 224 9 12 0.17230543 
351 207 10 14 0.17224537 
447 79 8 9 0.17200896 
263 46 7 10 0.17155544 
222 69 9 12 0.17085738 
550 135 8 11 0.17084359 
368 41 8 9 0.1692134 
511 118 7 9 0.16721112 
596 212 9 12 0.16652924 
615 28 8 11 0.16608685 
624 454 12 15 0.16547482 
461 182 9 11 0.16539761 
312 125 9 12 0.16499026 
318 94 8 10 0.16425452 
863 409 12 16 0.1642352 
271 216 10 12 0.16389853 
545 151 7 9 0.16281459 
316 227 14 16 0.16249555 
293 104 10 11 0.16219515 
287 47 8 9 0.1620437 
449 195 9 12 0.16183849 
264 116 10 13 0.16130151 
687 52 9 11 0.15896973 
763 389 11 14 0.1585386 
543 216 9 12 0.15832134 
649 68 10 12 0.15793747 
294 64 6 8 0.15759353 
409 56 7 9 0.15745047 
379 335 11 12 0.1573677 
272 173 8 11 0.15691963 
542 335 13 16 0.1567324 
586 235 10 12 0.15592925 
764 334 10 12 0.15427934 
241 155 9 12 0.15396798 
561 127 8 10 0.15379463 
553 174 8 10 0.15332761 
384 203 12 18 0.15309386 
636 250 10 13 0.15304011 
530 192 9 12 0.15250722 
223 458 12 14 0.15078302 
384 47 7 9 0.15000696 
208 170 11 13 0.1492521 
628 227 10 12 0.14904675 
581 292 10 13 0.14849229 
279 56 7 10 0.14800368 
672 1 12 12 0.147381 
725 293 11 14 0.14720891 
568 15 7 9 0.14718126 
463 272 11 13 0.1467215 
513 87 7 9 0.14626233 
438 97 9 11 0.14618778 
240 150 9 12 0.14485286 
358 110 9 11 0.14483416 
511 143 8 10 0.14469106 
349 103 8 10 0.1445427 
638 55 8 10 0.14344293 
504 208 7 10 0.14322697 
96 119 9 12 0.14303169 
582 185 8 10 0.14198652 
167 81 8 10 0.14196028 
646 188 10 13 0.14140917 
614 101 9 11 0.14109543 
962 395 14 18 0.14096157 
509 382 11 15 0.14032684 
433 102 8 10 0.14026654 
647 441 15 18 0.14024575 
775 151 8 11 0.1401983 
521 145 7 10 0.1400114 
394 128 7 9 0.1400004 
96 594 13 18 0.13890223 
551 419 15 18 0.13874285 
702 396 11 14 0.13838491 
486 127 8 9 0.13809699 
510 348 10 13 0.13807529 
182 7 7 9 0.13778214 
601 111 8 10 0.1377395 
368 173 9 12 0.1373807 
952 668 22 27 0.13695772 
471 111 8 10 0.13675356 
385 417 14 16 0.13675314 
119 595 15 19 0.13626648 
896 524 12 15 0.1361902 
289 62 8 10 0.13555343 
584 100 9 11 0.13530473 
513 113 7 9 0.13475402 
274 608 15 18 0.13438748 
686 124 9 11 0.1341041 
196 421 14 17 0.13368507 
185 230 12 15 0.13329782 
194 70 8 11 0.13261186 
148 223 13 16 0.13260667 
892 332 11 15 0.13223481 
308 396 11 13 0.13167292 
405 477 13 17 0.13163298 
701 264 9 11 0.13038513 
589 554 16 19 0.13020161 
553 83 9 11 0.1301903 
527 151 8 10 0.13007529 
224 95 8 11 0.1299185 
262 40 8 11 0.12987256 
247 37 7 9 0.12973945 
724 269 10 13 0.12891112 
367 167 9 11 0.12853363 
153 39 8 11 0.12822005 
543 141 8 10 0.12803 
596 588 14 17 0.1275434 
800 317 10 12 0.12753221 
910 164 15 19 0.12717508 
923 642 12 15 0.12703846 
277 533 14 18 0.12652011 
717 174 9 12 0.12651521 
544 105 8 9 0.12641494 
854 148 11 13 0.1253431 
336 450 16 19 0.124430194 
271 81 7 9 0.12442904 
182 369 15 17 0.12438174 
360 93 7 10 0.12421442 
196 55 9 11 0.1238321 
534 89 8 10 0.12340168 
320 55 7 8 0.12334215 
712 53 8 11 0.12308629 
285 204 10 12 0.12262636 
495 413 13 16 0.12122333 
626 460 15 18 0.12120168 
255 142 10 12 0.12118105 
607 399 13 15 0.120363235 
602 195 9 12 0.120350264 
669 151 8 11 0.1200225 
304 56 7 9 0.11993358 
656 269 10 13 0.11946945 
607 283 11 14 0.119271845 
678 390 11 15 0.1188686 
273 60 8 10 0.11859062 
383 118 8 10 0.11844132 
169 31 7 9 0.117572755 
305 424 15 18 0.117548116 
407 72 7 8 0.11709761 
397 212 12 14 0.11674222 
210 587 14 17 0.11657148 
368 45 8 10 0.11649882 
762 576 15 20 0.11646835 
692 155 10 13 0.11644361 
218 64 8 10 0.11493311 
255 63 8 10 0.11478665 
230 228 12 14 0.11464198 
258 39 8 10 0.11426795 
551 153 8 10 0.11400932 
707 346 13 15 0.11393707 
530 94 7 9 0.11390828 
656 161 9 11 0.11372107 
464 592 20 25 0.113463685 
249 22 7 9 0.11344848 
424 31 7 9 0.113198966 
440 436 12 17 0.113183655 
182 48 8 10 0.113039754 
698 29 9 10 0.11253101 
738 72 9 11 0.11249449 
904 356 13 18 0.11217694 
154 80 8 10 0.11197436 
881 531 15 18 0.11185322 
1008 185 12 15 0.11170401 
264 462 12 16 0.11110853 
526 285 10 14 0.11086368 
1002 563 18 21 0.11073656 
349 49 8 11 0.11053105 
690 308 10 12 0.11040633 
645 33 9 11 0.110387884 
208 38 8 9 0.11031458 
263 54 7 9 0.10984139 
440 42 7 9 0.109787606 
443 252 11 13 0.10938637 
380 143 9 12 0.109233625 
502 136 8 10 0.10920143 
296 93 9 11 0.109101 
100 126 9 12 0.10908495 
546 115 8 11 0.10874183 
480 95 7 9 0.1085452 
486 72 8 9 0.10846111 
18 576 16 20 0.108383946 
376 118 9 11 0.10769783 
160 156 11 13 0.10741957 
649 85 9 11 0.1074041 
497 110 7 9 0.10740181 
596 302 12 15 0.1073672 
623 315 12 15 0.10733863 
320 33 6 9 0.107007876 
601 30 8 10 0.10669246 
456 163 10 11 0.106650226 
439 63 7 9 0.1064682 
480 86 7 9 0.106047355 
444 185 9 10 0.1060006 
589 134 9 12 0.10589491 
478 475 12 16 0.10556682 
413 195 9 12 0.10553554 
893 338 11 15 0.105293706 
344 112 9 10 0.10485578 
404 371 11 15 0.10483768 
561 134 8 10 0.10473333 
287 139 10 12 0.10447518 
182 23 8 10 0.10430283 
705 84 8 11 0.10363128 
576 502 14 19 0.10312042 
634 424 14 17 0.10299684 
159 41 8 9 0.102802135 
311 120 9 11 0.10138141 
566 127 8 9 0.10137857 
370 512 14 18 0.101260595 
279 61 8 10 0.10105297 
130 127 10 13 0.10095784 
759 520 14 20 0.100816384 
481 244 9 11 0.10063323 
183 186 12 15 0.10039438 
413 666 23 28 0.10002379 
757 380 12 15 0.0995161 
583 361 12 16 0.099361 
211 436 14 18 0.09930193 
797 377 8 11 0.09870843 
402 159 11 13 0.09808751 
465 426 14 17 0.098041214 
142 79 8 10 0.09794194 
632 45 9 11 0.0975237 
272 39 8 10 0.09685644 
180 384 15 18 0.096825905 
505 277 11 15 0.096770674 
177 78 8 10 0.09674609 
730 314 11 14 0.09664588 
614 381 12 14 0.09630438 
351 95 7 10 0.096104674 
795 385 13 16 0.096088134 
696 118 9 11 0.09600184 
466 47 7 9 0.09594779 
575 292 10 14 0.09574935 
389 469 13 17 0.095720015 
399 366 13 16 0.09559497 
311 61 7 9 0.09546443 
974 521 13 16 0.0952259 
516 317 10 13 0.095212854 
393 16 7 9 0.09488729 
661 93 9 11 0.094737284 
716 233 10 11 0.094569854 
178 48 8 9 0.09441694 
589 142 8 10 0.09426151 
416 425 12 16 0.094207674 
135 203 12 16 0.094100825 
270 191 11 14 0.09407756 
234 52 8 11 0.09406071 
639 158 8 11 0.094042934 
286 23 9 10 0.0940147 
407 330 14 16 0.09383766 
725 261 10 13 0.0933676 
504 94 7 9 0.09322537 
223 150 10 13 0.093195915 
252 205 10 13 0.09311714 
404 213 9 12 0.09240048 
182 39 7 9 0.09231228 
981 328 20 24 0.09221007 
769 413 11 15 0.09183164 
606 112 9 11 0.091502845 
473 97 7 10 0.09141476 
724 275 11 13 0.09073779 
569 21 9 10 0.09046342 
151 133 8 10 0.090249784 
750 88 8 11 0.09016745 
234 8 7 9 0.090154774 
890 133 9 11 0.09012638 
177 38 8 9 0.09000876 
470 47 7 9 0.08990767 
543 437 13 16 0.08971767 
555 573 14 18 0.08955303 
679 139 10 12 0.08931732 
494 246 9 11 0.08891676 
494 149 9 10 0.08891292 
213 75 10 12 0.0888368 
465 71 6 8 0.08860573 
559 111 7 9 0.08839505 
86 646 24 28 0.08817394 
338 7 6 8 0.08800777 
277 175 9 11 0.08800446 
213 15 9 11 0.087960616 
175 119 9 11 0.08793951 
660 183 9 12 0.087896615 
478 355 12 16 0.087667026 
276 88 9 11 0.08762617 
192 426 12 15 0.08724875 
752 208 9 12 0.08714076 
122 84 9 10 0.08676584 
367 120 8 11 0.086700164 
590 24 7 10 0.08662067 
765 71 9 11 0.08614842 
263 520 14 18 0.08592805 
473 592 17 21 0.08580948 
548 334 12 14 0.08579422 
464 31 7 9 0.08565367 
313 80 8 10 0.08559512 
168 105 10 12 0.08541148 
311 350 9 11 0.085391976 
198 47 8 10 0.085346535 
120 399 13 15 0.0851492 
695 641 18 22 0.085063934 
228 103 11 14 0.085044414 
158 134 8 10 0.08492055 
249 17 7 9 0.08488144 
645 286 10 13 0.084806524 
720 48 8 10 0.08475686 
551 300 10 13 0.08455098 
397 149 9 11 0.08453674 
281 47 7 9 0.08447428 
505 191 7 11 0.08422929 
613 240 10 12 0.08394189 
205 359 9 13 0.08389609 
281 141 9 12 0.08366549 
473 64 8 9 0.08308118 
406 17 7 9 0.08305428 
526 248 8 10 0.082784265 
869 108 12 15 0.08266642 
432 84 8 10 0.082180545 
529 339 11 13 0.08208916 
488 53 7 9 0.08208834 
606 184 8 11 0.081977956 
371 167 12 14 0.081903726 
245 75 9 12 0.08178887 
553 256 9 11 0.08142031 
658 300 12 16 0.0813116 
241 31 7 9 0.08086251 
742 458 13 16 0.08070532 
725 103 9 12 0.08057282 
208 75 9 12 0.080463514 
263 72 7 9 0.08009741 
160 61 8 11 0.07999988 
613 401 12 15 0.079935975 
431 208 8 10 0.07980129 
536 255 9 11 0.07978821 
497 85 9 10 0.07943849 
694 192 8 10 0.07918085 
101 247 14 18 0.07913871 
360 7 7 8 0.0789332 
366 133 8 11 0.07883864 
577 127 7 9 0.07864041 
312 33 7 8 0.078584276 
192 49 9 10 0.07849291 
397 388 11 15 0.078488186 
279 203 11 13 0.07823506 
168 62 8 11 0.07822574 
341 365 11 15 0.07816911 
610 166 8 10 0.07815316 
276 166 10 12 0.07807271 
208 47 8 9 0.07805448 
360 167 8 11 0.07795689 
831 315 9 11 0.07791843 
543 277 9 12 0.077802345 
643 562 22 28 0.07747781 
70 213 11 14 0.07739132 
415 70 7 9 0.0773008 
688 119 9 12 0.077006236 
567 160 7 10 0.07678672 
852 425 14 18 0.0767782 
654 86 9 12 0.07674459 
670 457 12 17 0.07652156 
214 38 7 9 0.07647521 
577 184 8 10 0.07635154 
222 7 7 9 0.07634801 
376 46 7 9 0.07634645 
733 47 9 12 0.07629184 
312 16 7 9 0.07625402 
375 87 8 9 0.0760963 
292 349 10 12 0.076064624 
705 302 12 15 0.07602234 
305 351 8 11 0.075932086 
434 229 10 13 0.07592988 
385 166 9 12 0.075821154 
131 470 16 20 0.075680204 
584 88 8 11 0.07552865 
608 63 8 10 0.07533914 
293 345 8 10 0.075265124 
486 48 8 10 0.07525016 
625 62 8 11 0.075047314 
140 176 12 14 0.074945115 
288 113 11 13 0.07490171 
406 567 15 17 0.07471081 
423 24 7 9 0.074680604 
280 39 7 10 0.07460061 
351 110 9 11 0.07458527 
661 235 10 12 0.07455963 
974 352 14 16 0.07444496 
342 360 9 12 0.07443745 
175 54 8 11 0.07407373 
282 24 7 9 0.073771775 
351 131 9 12 0.0736874 
244 167 11 14 0.073494345 
242 38 7 9 0.073483735 
322 15 8 10 0.073280275 
575 248 10 13 0.07323958 
415 80 7 9 0.0731893 
503 124 7 9 0.072929576 
591 284 10 13 0.07291516 
573 421 12 15 0.072883874 
236 135 9 13 0.07283515 
691 418 12 17 0.07278514 
497 137 8 9 0.07268423 
168 141 11 14 0.07258103 
858 665 13 18 0.07244535 
679 53 9 11 0.072415836 
286 40 7 9 0.072090834 
690 394 13 15 0.07204724 
96 143 9 12 0.07192495 
583 206 8 11 0.07187163 
134 210 12 15 0.0716861 
464 24 7 9 0.07163228 
764 380 12 15 0.07159273 
729 126 8 10 0.071535595 
701 120 9 12 0.07151983 
258 47 7 9 0.07146334 
702 208 8 10 0.07140621 
649 272 9 12 0.07109782 
353 7 7 8 0.07083607 
473 148 9 12 0.070783846 
153 116 9 10 0.07033577 
697 131 10 13 0.07031476 
432 62 7 9 0.07028232 
537 135 8 10 0.070274055 
238 122 11 13 0.070166685 
908 349 10 14 0.070116974 
141 116 9 11 0.07010142 
641 16 8 10 0.07006222 
265 8 7 9 0.0699428 
438 236 9 12 0.069903344 
110 378 17 21 0.06989935 
671 63 8 9 0.069866635 
179 393 15 19 0.06979386 
657 55 9 10 0.06966996 
188 94 10 12 0.06953934 
350 171 9 11 0.06948817 
488 149 9 11 0.06947969 
908 154 16 20 0.0694648 
295 88 9 11 0.069458075 
143 48 7 10 0.06938787 
712 286 9 13 0.06931541 
1011 599 13 19 0.069315 
532 346 13 15 0.06898752 
359 118 8 10 0.06891826 
374 96 7 9 0.06888991 
635 412 15 18 0.068874374 
191 150 11 14 0.06877403 
519 48 7 9 0.068733186 
570 585 15 17 0.06872075 
529 89 7 10 0.06864659 
537 261 9 11 0.068627864 
381 104 8 10 0.06857918 
342 33 7 9 0.06855199 
361 351 10 13 0.06834348 
669 268 11 15 0.068287574 
661 87 9 10 0.06819482 
257 54 7 9 0.068173185 
188 367 12 15 0.06814269 
1015 329 10 16 0.06813352 
707 102 9 11 0.06807998 
660 313 12 16 0.067977555 
602 116 8 11 0.06739731 
562 525 16 20 0.06738649 
583 223 10 11 0.06706379 
216 398 10 14 0.06704916 
614 63 9 11 0.06690294 
172 108 9 11 0.06688395 
422 136 9 11 0.06678059 
573 261 10 12 0.066732734 
436 370 13 17 0.06667855 
678 37 9 11 0.06666856 
169 56 8 10 0.0665547 
408 86 8 9 0.06649993 
288 85 8 11 0.06635792 
411 326 13 16 0.06630525 
246 52 8 11 0.066284925 
510 355 11 14 0.06623336 
813 446 16 20 0.0662206 
318 79 7 10 0.066190146 
448 468 18 23 0.06597525 
583 129 7 9 0.06585373 
165 8 7 9 0.06556083 
624 79 8 11 0.065497406 
656 79 9 10 0.065487295 
167 14 7 9 0.065446444 
562 141 8 10 0.06542534 
669 531 14 18 0.06535263 
694 223 8 11 0.06534837 
303 40 7 8 0.06531679 
508 373 12 14 0.06524706 
249 133 10 13 0.06511559 
701 238 8 12 0.06499639 
646 230 9 12 0.06492322 
210 639 16 20 0.0648227 
629 80 9 10 0.064809635 
305 60 8 10 0.06470521 
724 286 10 13 0.06470068 
236 388 10 13 0.06453997 
376 339 12 14 0.064230666 
684 215 8 10 0.06419123 
146 54 7 10 0.064189516 
254 103 9 11 0.06414355 
262 1 7 7 0.0641255 
599 103 8 10 0.06410661 
631 308 11 14 0.06403249 
611 150 10 12 0.06395189 
979 455 14 18 0.063869685 
481 72 8 10 0.06367109 
447 73 7 9 0.06361951 
196 412 14 16 0.063527055 
653 63 9 11 0.06333429 
674 442 15 18 0.06331527 
328 143 10 12 0.06331226 
525 253 9 12 0.0632295 
935 403 16 21 0.063225076 
545 617 16 21 0.063173726 
116 298 12 15 0.06291703 
569 119 7 10 0.0628787 
573 173 9 11 0.06283962 
686 246 9 12 0.062819816 
83 443 13 16 0.06277692 
312 88 9 11 0.06272028 
449 55 6 8 0.06271125 
645 22 8 9 0.06260393 
446 403 15 17 0.062525146 
227 238 16 19 0.062486727 
244 233 15 18 0.06248156 
607 30 8 10 0.06247609 
193 2 6 7 0.062446456 
894 426 13 17 0.062311165 
102 132 9 11 0.062295772 
495 175 8 10 0.062162526 
679 468 13 16 0.062141597 
376 17 6 9 0.062050745 
819 431 12 16 0.062007997 
527 435 12 15 0.061938 
288 157 9 12 0.061920565 
264 79 8 10 0.061876986 
622 167 8 10 0.061669268 
416 48 8 9 0.0616484 
221 64 9 11 0.06163708 
433 366 12 16 0.061634727 
213 23 7 9 0.06140039 
200 8 6 8 0.061231613 
519 245 9 11 0.06120513 
303 16 7 9 0.061084207 
433 96 9 11 0.06098619 
503 317 11 14 0.060956527 
263 220 11 14 0.0609155 
642 36 9 12 0.060879353 
693 47 8 11 0.06067419 
679 72 9 11 0.06063224 
503 72 8 10 0.06059268 
448 47 7 9 0.060497694 
885 334 14 19 0.06047602 
661 79 8 10 0.060412873 
724 69 9 11 0.060364306 
325 172 11 13 0.06030383 
384 88 7 9 0.060294587 
982 564 15 20 0.06027842 
216 191 9 13 0.06026712 
623 303 11 13 0.060196538 
718 210 9 11 0.060196266 
482 549 18 26 0.06018786 
341 507 13 18 0.060161866 
164 166 12 15 0.060160942 
552 346 11 16 0.060054693 
737 136 9 12 0.060025323 
746 364 12 14 0.059956867 
265 14 7 9 0.059908513 
336 87 8 9 0.05982871 
448 86 8 10 0.059748974 
336 79 9 10 0.059652925 
410 62 7 9 0.059638195 
805 494 13 16 0.059557 
659 347 11 16 0.059519596 
557 565 14 17 0.05928628 
502 643 21 25 0.05922543 
784 137 9 12 0.059074905 
613 120 9 11 0.058948703 
535 165 9 11 0.05891634 
477 331 11 14 0.058902446 
558 255 9 11 0.058806743 
243 625 15 20 0.058755044 
697 23 9 11 0.058745936 
593 128 8 11 0.05873642 
582 280 10 13 0.058705617 
458 31 6 8 0.05869439 
161 126 9 12 0.058671102 
319 157 10 13 0.058645453 
376 78 8 9 0.058628045 
375 22 6 9 0.058619317 
727 298 12 14 0.058591023 
188 378 12 16 0.05857772 
608 135 10 12 0.058560237 
908 148 15 17 0.05842094 
518 222 9 11 0.058390126 
425 70 7 9 0.05835627 
989 379 11 15 0.058299042 
597 372 13 18 0.05828633 
401 76 7 10 0.058177415 
721 65 8 10 0.058171686 
719 288 10 12 0.058147445 
424 64 7 9 0.05812272 
559 104 8 10 0.05803901 
726 255 11 13 0.058021296 
518 401 14 17 0.05799892 
253 436 14 17 0.0579615 
275 220 14 17 0.057743363 
302 367 9 11 0.0576597 
511 232 9 11 0.05763364 
519 129 7 8 0.057602018 
800 397 14 17 0.057557363 
296 22 8 9 0.057504453 
909 409 16 18 0.05746354 
596 168 10 12 0.057395816 
493 194 10 12 0.057361826 
456 55 6 9 0.057296347 
578 214 9 10 0.057273187 
512 64 7 9 0.057264157 
624 7 9 10 0.057260014 
447 265 11 13 0.057162963 
486 102 7 9 0.05716061 
345 211 13 16 0.056955036 
818 129 15 17 0.056927957 
615 220 11 13 0.05691128 
335 16 7 9 0.056741633 
203 440 16 20 0.05667302 
217 140 9 11 0.056569226 
510 310 12 14 0.056551494 
227 460 13 15 0.056506023 
686 134 9 12 0.05627637 
343 77 9 11 0.056239717 
645 213 9 11 0.056183375 
883 539 15 18 0.056181595 
94 133 10 13 0.05617755 
560 459 14 18 0.05612071 
553 182 9 11 0.05607095 
70 172 11 16 0.05592909 
537 450 15 18 0.055809684 
737 191 8 10 0.055594046 
598 94 9 11 0.05552362 
563 574 14 18 0.055486966 
225 41 7 8 0.055484697 
106 317 17 22 0.055454504 
728 1 10 9 0.055435687 
601 244 11 13 0.05537705 
850 413 15 18 0.055254444 
182 31 8 10 0.055241577 
656 233 11 13 0.055141497 
1011 301 11 17 0.05512226 
712 388 10 13 0.054915536 
542 168 8 10 0.054841734 
421 405 12 16 0.054817587 
812 570 20 23 0.054760944 
393 131 9 12 0.054667074 
293 140 9 11 0.054567557 
109 173 9 12 0.05453479 
703 213 8 11 0.054516856 
398 48 6 8 0.054506976 
527 347 12 14 0.054504383 
88 134 11 15 0.05435587 
55 525 12 16 0.054298814 
688 164 10 12 0.0542665 
919 531 24 26 0.054093625 
805 391 12 15 0.053772643 
432 57 7 8 0.05376099 
806 317 9 12 0.053731997 
220 204 12 15 0.053718556 
621 411 15 20 0.053521946 
354 658 17 21 0.053455126 
433 235 10 13 0.053417925 
758 427 11 15 0.05337948 
116 103 9 12 0.052938487 
284 151 10 13 0.05293126 
536 221 9 12 0.052919243 
313 132 10 12 0.052900843 
122 197 13 16 0.052897666 
656 254 10 12 0.052839525 
472 129 8 9 0.052815955 
535 236 9 11 0.052815907 
648 78 8 11 0.052798215 
235 229 14 16 0.05277427 
465 262 11 14 0.052762594 
260 437 13 16 0.05274391 
287 56 8 9 0.05264399 
349 71 9 11 0.052505113 
512 147 8 11 0.052457504 
319 62 8 9 0.052441932 
149 95 10 11 0.052434918 
644 410 13 16 0.052415304 
159 165 12 14 0.05239617 
761 102 12 14 0.05231153 
581 248 10 13 0.052292924 
231 417 14 17 0.05226323 
517 87 8 9 0.0522554 
706 62 7 10 0.05222931 
687 72 8 10 0.052223384 
590 244 10 12 0.052223347 
498 126 8 9 0.05212846 
854 545 11 16 0.05210612 
696 37 10 12 0.05204787 
173 61 9 11 0.05193269 
663 20 7 10 0.051889975 
513 80 7 9 0.0518869 
239 186 11 13 0.051879644 
176 33 7 9 0.051783573 
398 144 9 11 0.051775925 
590 225 10 12 0.05171939 
652 325 11 14 0.051688734 
544 285 9 13 0.05167086 
458 63 7 8 0.051635433 
778 674 17 20 0.05161622 
642 129 8 10 0.05155068 
662 157 9 12 0.051544245 
84 657 16 21 0.051508427 
481 265 17 21 0.051495817 
470 117 8 10 0.05148803 
1000 395 12 16 0.051482122 
220 366 11 15 0.051464967 
620 403 13 17 0.051416166 
622 364 14 18 0.051350202 
498 420 15 17 0.051300224 
990 455 15 20 0.051268786 
77 173 10 14 0.051254626 
638 46 8 10 0.051243152 
376 108 9 11 0.051225375 
838 386 11 15 0.051173486 
955 659 17 21 0.051087104 
262 491 11 15 0.051079173 
846 179 12 15 0.05089093 
446 266 17 22 0.05086213 
696 110 8 11 0.050803255 
317 119 10 12 0.050773755 
318 112 8 10 0.050761417 
695 79 9 11 0.050713673 
211 221 14 16 0.050687235 
998 339 14 17 0.05066819 
561 120 7 9 0.050623577 
623 252 10 12 0.050608993 
558 388 12 15 0.050537597 
701 413 11 16 0.050444137 
346 96 8 10 0.050393496 
463 209 9 11 0.050353453 
674 451 13 18 0.05028603 
219 402 13 16 0.05020779 
642 106 10 14 0.050171353 
148 101 9 11 0.050066803 
311 57 7 8 0.0500229 
566 246 9 11 0.049987532 
191 184 13 16 0.04993415 
406 183 10 13 0.049909234 
367 109 8 11 0.049781658 
713 151 8 10 0.049774848 
711 269 10 13 0.0497677 
367 382 10 14 0.049756173 
211 33 7 9 0.049693692 
744 214 7 10 0.049661737 
553 169 7 10 0.04964882 
292 221 11 14 0.049625486 
113 212 14 18 0.04959289 
168 278 12 17 0.049465142 
150 129 8 10 0.04941474 
167 361 10 15 0.04930167 
427 78 8 10 0.049260866 
656 16 8 10 0.049190015 
361 172 9 11 0.049165707 
248 65 8 10 0.049149908 
255 32 7 9 0.049072232 
545 292 8 11 0.049010947 
623 199 9 11 0.048880972 
465 394 12 15 0.048676442 
157 142 11 13 0.048613667 
400 104 9 11 0.04859897 
176 86 8 11 0.048584513 
629 175 8 10 0.04857309 
662 245 10 13 0.04856036 
56 452 12 16 0.048515126 
540 197 9 12 0.048469603 
198 166 9 11 0.04840321 
740 336 12 15 0.04832289 
775 325 12 14 0.04831927 
702 600 22 28 0.048292287 
173 103 9 12 0.04827836 
395 32 7 10 0.048253793 
479 134 8 10 0.04823731 
381 135 9 11 0.04819416 
552 238 8 11 0.048079822 
702 252 8 11 0.04804472 
239 13 7 9 0.04798232 
498 120 8 10 0.047968313 
369 102 8 11 0.047942255 
335 344 9 10 0.047889184 
341 37 7 10 0.04788411 
361 40 7 8 0.04786882 
377 7 7 8 0.047847528 
309 336 8 10 0.047806572 
391 343 11 12 0.047777094 
449 320 11 14 0.047692798 
639 238 9 11 0.04763741 
457 25 6 8 0.04759862 
527 174 8 11 0.047580913 
504 141 8 11 0.047521707 
509 191 8 11 0.047449425 
342 17 7 8 0.04743912 
536 173 8 11 0.047393646 
494 62 8 10 0.047372557 
747 357 12 14 0.047205213 
669 143 9 12 0.047203712 
621 131 8 11 0.047163412 
231 78 8 10 0.047114555 
568 165 9 12 0.04700129 
637 303 13 17 0.04695983 
778 360 12 16 0.046926763 
281 30 7 9 0.046848428 
661 256 9 12 0.046814095 
694 3 11 11 0.046798922 
736 126 8 10 0.046745654 
482 587 13 17 0.0466356 
415 55 7 9 0.046596482 
277 111 9 12 0.04659093 
375 288 11 15 0.046584345 
639 290 12 14 0.04651563 
238 24 7 9 0.046500612 
259 87 7 10 0.04649334 
729 477 16 20 0.04632911 
656 47 7 10 0.04630083 
215 458 12 16 0.046250235 
371 22 7 9 0.04622124 
317 349 9 11 0.04604148 
465 78 7 9 0.04599866 
420 387 15 18 0.04595998 
721 262 9 12 0.045934957 
143 87 8 9 0.04590542 
576 7 10 11 0.045834836 
455 89 8 10 0.04583052 
432 16 7 8 0.045828782 
227 26 7 8 0.045800608 
417 6 8 9 0.045800544 
187 384 14 18 0.045763206 
236 235 16 18 0.045749802 
166 69 8 11 0.04572162 
255 17 7 8 0.045571838 
559 166 8 11 0.04555185 
245 151 9 11 0.045542624 
690 382 12 16 0.045512035 
525 30 8 10 0.045504358 
686 207 8 10 0.045446135 
233 13 7 9 0.045439433 
733 302 11 14 0.045435846 
392 143 9 12 0.04541373 
374 41 7 9 0.045391325 
432 31 6 8 0.045388 
327 49 6 9 0.045372274 
835 548 13 18 0.045169123 
270 9 7 9 0.045057837 
333 386 12 14 0.045052115 
642 184 9 11 0.04498246 
575 69 8 10 0.04497051 
598 551 20 25 0.044917136 
868 163 10 13 0.044818256 
377 326 9 12 0.04481462 
418 23 7 9 0.044750854 
558 151 8 10 0.044745132 
504 310 10 13 0.04472121 
13 570 16 19 0.0447061 
152 551 24 27 0.04467258 
214 47 7 9 0.04465112 
714 301 12 16 0.044633258 
158 57 8 10 0.044584915 
894 308 14 16 0.04455925 
327 119 9 11 0.044550385 
322 7 7 8 0.044534795 
697 214 8 11 0.04453396 
207 659 16 20 0.044519503 
323 220 11 13 0.044486724 
385 24 7 9 0.044440363 
687 195 9 11 0.044380665 
455 670 19 26 0.044348583 
128 175 12 15 0.04429801 
365 585 12 14 0.044252343 
698 418 12 17 0.04420389 
584 200 9 12 0.0441084 
646 223 9 11 0.04392454 
571 454 13 18 0.04387426 
295 16 8 10 0.043852944 
775 332 10 13 0.043780424 
64 313 15 19 0.043775313 
445 113 9 11 0.043743197 
192 111 10 13 0.043708816 
174 128 11 13 0.04368435 
460 211 17 21 0.04367214 
504 111 7 9 0.04364391 
577 342 11 14 0.043641556 
490 64 7 9 0.04361233 
207 53 8 10 0.043556716 
432 213 8 11 0.04355067 
528 79 6 8 0.043534547 
516 323 11 15 0.043500435 
468 461 12 15 0.043447137 
629 214 10 11 0.04330587 
615 256 9 12 0.043279603 
934 334 16 20 0.043197453 
755 118 8 11 0.043178637 
365 428 14 18 0.043044537 
117 477 12 15 0.043032736 
145 23 8 10 0.042946417 
373 126 9 10 0.04294365 
463 65 7 8 0.04281805 
972 609 22 28 0.042787947 
273 32 7 9 0.04277885 
76 199 13 17 0.042755205 
363 60 8 10 0.042752963 
622 206 9 11 0.04265564 
537 103 7 9 0.04263965 
631 63 8 10 0.04262437 
398 474 14 18 0.042541962 
763 83 10 12 0.042514797 
520 161 8 11 0.042503707 
532 286 11 13 0.04249673 
434 47 7 8 0.04240834 
344 62 8 9 0.042406965 
673 71 8 11 0.042379014 
513 224 8 9 0.04237313 
717 471 16 20 0.042346593 
327 342 8 11 0.04222883 
515 166 9 10 0.042181257 
646 95 10 13 0.0421657 
656 92 9 12 0.04216516 
510 332 11 14 0.042117883 
568 223 8 10 0.04210319 
353 23 6 8 0.041990522 
744 208 9 11 0.041988358 
454 229 9 11 0.0419534 
113 252 12 16 0.041953076 
535 127 7 10 0.041918535 
133 390 12 16 0.041897494 
479 342 13 18 0.04188951 
735 357 10 13 0.041836705 
512 39 8 10 0.041834228 
447 41 8 9 0.041737374 
565 264 18 22 0.04171776 
382 172 11 13 0.041565757 
166 127 9 12 0.041546308 
584 298 11 13 0.041542895 
502 54 6 9 0.04154049 
458 117 9 11 0.04153347 
151 23 8 9 0.041527484 
758 175 7 8 0.04149 
520 53 8 9 0.04147913 
358 442 18 22 0.04144238 
766 0 11 11 0.041415207 
542 262 8 11 0.041334316 
663 62 8 10 0.041315615 
248 104 9 11 0.041305814 
737 196 9 12 0.0413006 
672 163 9 12 0.041281298 
195 379 14 17 0.041257728 
709 85 8 11 0.041248333 
635 378 12 16 0.041204058 
980 484 12 14 0.041154884 
245 8 8 8 0.041123293 
394 116 8 10 0.04101474 
368 422 12 15 0.04095383 
171 131 17 21 0.040853843 
755 349 12 15 0.040811 
408 79 7 9 0.040805764 
982 299 10 13 0.04072742 
687 236 10 13 0.040710606 
384 41 6 8 0.040686756 
652 101 11 14 0.040662292 
634 142 9 12 0.040619984 
758 211 9 11 0.040452026 
260 229 12 14 0.040373962 
648 177 8 10 0.040332276 
434 253 8 12 0.04027514 
615 79 9 10 0.040256023 
447 247 10 12 0.04021738 
577 206 10 12 0.040198967 
382 111 8 10 0.040176757 
192 192 12 17 0.040173907 
624 246 10 13 0.040142164 
637 404 14 18 0.04011474 
863 123 12 14 0.04007855 
401 15 7 10 0.039982755 
407 32 6 9 0.039970033 
973 454 14 17 0.03995789 
848 316 9 12 0.03995092 
84 458 14 19 0.039945357 
492 356 11 15 0.039934557 
607 70 9 11 0.03990718 
269 150 9 12 0.03989798 
671 206 9 11 0.03989061 
392 53 8 9 0.039851464 
647 207 9 12 0.03979588 
774 485 12 16 0.039779857 
406 207 10 13 0.03974609 
480 118 7 9 0.03973559 
70 180 12 17 0.039710246 
255 22 6 9 0.039710067 
687 146 17 22 0.039540447 
608 101 9 12 0.03953036 
582 386 12 15 0.039475903 
398 132 8 11 0.039466273 
560 159 8 10 0.039444607 
449 95 8 10 0.039403945 
226 77 8 10 0.039324615 
510 293 11 13 0.039321315 
479 56 7 9 0.03930923 
345 171 10 12 0.03925343 
511 70 7 10 0.039201636 
357 413 10 13 0.03916166 
313 111 8 10 0.03911911 
481 128 7 10 0.039076895 
880 388 16 20 0.039037846 
765 301 10 12 0.03902275 
894 345 11 15 0.039001476 
431 179 10 13 0.03899063 
246 125 10 12 0.03893251 
638 61 9 12 0.038924165 
295 152 10 13 0.038857955 
455 204 8 11 0.038814075 
286 221 12 15 0.038803075 
457 110 8 11 0.038794246 
689 60 9 11 0.038763747 
607 252 10 12 0.038699213 
532 430 11 14 0.03864953 
572 436 12 16 0.03860361 
702 525 15 19 0.038602807 
846 359 10 14 0.038582638 
352 414 10 13 0.038533967 
382 301 11 14 0.038521495 
503 24 6 9 0.038496442 
367 159 10 13 0.03848496 
382 125 9 11 0.03848452 
606 172 9 12 0.038460992 
808 312 9 11 0.038459685 
671 21 8 10 0.038451776 
497 55 8 9 0.0384498 
589 99 9 12 0.038437165 
95 654 20 23 0.0383981 
1015 417 10 15 0.038389795 
485 303 11 14 0.03838872 
551 246 9 11 0.038384162 
217 112 11 14 0.0383408 
559 295 11 14 0.03829709 
398 436 11 16 0.03825538 
677 159 9 11 0.038232647 
566 0 9 10 0.038189236 
993 323 22 28 0.038187787 
69 532 13 16 0.038181663 
577 142 9 11 0.038158003 
764 294 11 14 0.0381059 
557 175 8 10 0.03809828 
545 530 21 26 0.038066942 
225 31 7 8 0.038017336 
428 356 12 15 0.037988555 
371 428 14 16 0.037985574 
409 50 6 8 0.03791284 
280 405 10 15 0.037885614 
714 71 8 10 0.037883304 
657 20 8 10 0.037808202 
561 246 9 11 0.037802935 
511 93 8 10 0.0377788 
265 23 6 8 0.03777289 
566 239 9 11 0.037760932 
558 182 8 10 0.03772255 
512 127 7 8 0.037673704 
972 623 21 27 0.037641373 
631 240 9 11 0.03751309 
542 270 9 12 0.03751182 
68 496 14 18 0.037511177 
495 254 8 12 0.037494585 
196 156 11 14 0.03748519 
824 316 9 11 0.037391257 
333 665 15 20 0.03737535 
539 604 15 21 0.037369613 
638 387 11 14 0.037283342 
884 148 12 16 0.037248474 
672 31 9 11 0.037233714 
776 303 10 12 0.03723088 
737 395 12 15 0.037225876 
158 90 10 12 0.037188653 
307 493 15 19 0.03712202 
201 15 8 9 0.037114356 
805 409 13 17 0.037113637 
409 142 9 12 0.0371113 
565 616 14 17 0.037099447 
687 294 11 14 0.037024345 
751 435 12 15 0.036957078 
682 183 8 10 0.03692213 
316 143 10 12 0.03684626 
459 317 12 15 0.036763113 
335 109 9 11 0.036754638 
397 380 13 16 0.036727928 
474 55 7 9 0.036717486 
450 101 7 10 0.036688432 
29 227 14 17 0.036671508 
541 347 12 15 0.03664024 
262 472 14 18 0.036632024 
149 181 10 14 0.03661308 
167 39 7 9 0.03660018 
319 343 10 12 0.036489524 
967 340 11 15 0.03648856 
589 371 13 17 0.036329996 
813 317 10 12 0.036328018 
567 8 8 11 0.0363251 
486 96 7 10 0.03632142 
860 107 22 26 0.036292966 
334 350 9 11 0.036280893 
503 29 7 10 0.03627462 
440 23 7 9 0.03621378 
490 165 8 11 0.036211632 
768 175 8 9 0.03617813 
816 92 9 11 0.03616305 
447 5 7 9 0.03613979 
205 239 17 21 0.035970934 
355 642 22 27 0.03593061 
578 105 8 9 0.035910573 
337 56 6 8 0.035880987 
642 21 7 10 0.03586275 
504 323 9 13 0.035800464 
361 135 9 11 0.035784077 
278 213 11 14 0.035779763 
257 146 10 13 0.035727646 
507 661 15 18 0.035712067 
674 54 8 11 0.035680283 
198 128 10 12 0.035648875 
478 191 8 11 0.03560451 
408 135 8 10 0.035586026 
893 356 13 17 0.035561994 
486 134 8 10 0.035535026 
255 109 8 12 0.03551162 
441 15 6 9 0.035473406 
449 204 9 12 0.035455957 
350 152 9 11 0.035442926 
862 138 10 14 0.035431456 
359 3 7 7 0.035411444 
723 350 11 14 0.035389286 
453 275 12 14 0.03538813 
178 159 11 14 0.03537874 
242 554 14 18 0.03537412 
343 86 8 10 0.03533442 
230 406 13 17 0.03529614 
337 2 8 7 0.035290696 
183 53 8 10 0.035282027 
379 374 13 14 0.035240598 
400 96 9 10 0.03520618 
404 437 11 14 0.035198495 
401 189 11 14 0.035170466 
537 62 7 9 0.03515115 
433 288 10 13 0.035147656 
564 79 8 11 0.035122555 
645 196 10 11 0.03512165 
237 460 14 16 0.03503617 
575 317 11 14 0.035026744 
158 24 7 9 0.0349733 
456 409 14 19 0.0349378 
774 62 8 9 0.03491135 
497 105 8 10 0.034884885 
574 168 9 11 0.034861118 
84 182 11 14 0.034843475 
229 175 10 13 0.034825157 
565 426 14 19 0.034778617 
560 196 11 13 0.034752537 
248 200 9 12 0.03471019 
329 108 9 11 0.034691922 
448 239 8 11 0.03464835 
297 55 7 10 0.034615777 
711 158 8 11 0.034592044 
580 318 11 14 0.034586996 
105 93 8 10 0.034579773 
767 340 10 12 0.034579094 
550 95 9 10 0.034523286 
631 109 9 12 0.03451581 
348 374 12 15 0.03444509 
576 221 9 12 0.034430888 
710 60 9 11 0.034399893 
289 16 7 9 0.034362517 
404 389 10 14 0.03435893 
549 103 9 11 0.034313753 
406 336 13 16 0.034308013 
766 64 9 10 0.034306727 
211 653 20 24 0.034304924 
431 110 8 10 0.034298453 
686 317 13 16 0.034295853 
441 70 8 10 0.034210507 
370 79 9 10 0.03417957 
300 234 14 16 0.034160487 
199 24 8 9 0.034148023 
517 310 10 13 0.03412081 
415 64 8 9 0.034109686 
397 544 14 17 0.034097534 
138 64 9 11 0.03408904 
615 96 10 12 0.034079008 
732 1 11 10 0.03404357 
899 341 12 15 0.0339485 
839 413 14 20 0.033914402 
486 6 7 8 0.033910226 
560 231 8 10 0.033833094 
701 293 12 14 0.03381327 
271 408 12 15 0.033735048 
55 227 11 15 0.03367994 
136 79 7 10 0.033669792 
412 158 10 12 0.03366524 
696 164 9 11 0.033628203 
236 406 13 16 0.03360085 
381 423 15 17 0.033590544 
343 114 18 23 0.03358253 
723 244 12 14 0.033564102 
796 533 15 18 0.033530608 
580 134 19 25 0.03352852 
353 3 7 8 0.033486005 
546 96 8 9 0.0334619 
788 147 8 12 0.03341242 
689 4 9 11 0.03338334 
634 195 9 12 0.03336994 
498 94 8 9 0.033337977 
396 443 11 14 0.033303928 
261 341 11 13 0.033300202 
465 194 10 13 0.03329197 
717 251 12 14 0.03325574 
145 16 7 8 0.03325225 
192 7 7 9 0.033188764 
287 104 18 22 0.03318151 
255 407 16 23 0.033176176 
658 550 14 21 0.033115387 
322 50 7 8 0.033113662 
623 238 9 12 0.033098962 
665 201 8 10 0.033088848 
656 143 8 11 0.033081517 
332 158 10 13 0.033080988 
194 75 9 12 0.033075258 
199 37 8 10 0.033075143 
112 202 14 16 0.03302423 
585 80 8 10 0.033013474 
287 633 13 17 0.03299173 
320 37 7 8 0.032932095 
473 408 13 18 0.03288918 
493 605 11 15 0.032878067 
272 157 9 12 0.03280107 
888 127 9 12 0.03272508 
191 156 11 14 0.032651823 
286 30 8 10 0.032641202 
206 110 9 11 0.032621752 
237 211 12 14 0.03258301 
368 89 8 10 0.032573324 
595 308 11 15 0.032537 
482 6 8 10 0.032485485 
954 311 14 18 0.03247643 
477 62 8 10 0.032450326 
359 31 6 9 0.032370623 
413 406 13 17 0.03231623 
614 70 10 11 0.032304835 
367 140 9 12 0.03229616 
727 199 8 10 0.032254122 
61 227 10 14 0.032241646 
644 140 11 13 0.03224162 
438 215 8 11 0.03223137 
559 239 9 11 0.032201193 
215 55 8 9 0.032169342 
258 1 7 7 0.032165486 
519 280 9 13 0.03216461 
306 31 6 9 0.032160006 
525 361 14 17 0.03215996 
769 350 11 14 0.03215059 
522 207 8 10 0.03212713 
608 207 19 22 0.032113068 
167 47 7 9 0.03211056 
256 69 8 11 0.032097653 
640 231 10 12 0.0320945 
403 218 12 14 0.032073703 
197 149 11 14 0.032054484 
739 474 13 18 0.03205089 
487 120 7 10 0.03201802 
567 148 9 11 0.03196252 
279 103 8 10 0.031948708 
328 69 8 10 0.03193483 
361 126 9 11 0.03186193 
312 38 7 9 0.03185981 
138 653 17 21 0.031799197 
717 640 17 22 0.031769708 
337 553 15 19 0.031724792 
418 32 7 9 0.031706866 
292 653 15 20 0.031702533 
460 176 10 11 0.03166222 
671 199 8 10 0.03165248 
383 193 18 23 0.03163822 
99 235 13 15 0.03163104 
101 475 15 18 0.03162906 
478 213 9 12 0.0316193 
178 23 7 9 0.03161646 
310 343 10 12 0.031589694 
406 379 9 13 0.031552594 
754 174 8 11 0.03153444 
229 155 11 15 0.031511426 
712 262 9 12 0.031485535 
370 16 6 9 0.031473868 
204 182 12 15 0.031451236 
329 427 11 16 0.031338554 
718 168 9 11 0.031326417 
231 41 7 9 0.03128776 
319 1 8 8 0.03128221 
742 466 13 18 0.03124938 
997 554 17 21 0.031227686 
752 99 11 13 0.03121666 
481 39 7 9 0.031196576 
613 108 10 12 0.031187894 
207 151 10 12 0.03114671 
899 133 11 12 0.031136509 
453 264 10 12 0.031126205 
766 324 12 15 0.031124828 
648 43 9 11 0.031118995 
82 269 13 16 0.031043315 
441 80 8 9 0.031031199 
333 143 9 12 0.031006431 
162 70 8 10 0.03099651 
662 117 10 13 0.030978734 
511 182 8 11 0.030968472 
216 362 11 14 0.030961465 
830 538 13 17 0.030935891 
123 322 17 24 0.030907769 
741 192 9 12 0.03090593 
418 113 18 24 0.03090381 
172 610 15 20 0.030855386 
214 212 12 16 0.030822922 
692 229 10 11 0.030813804 
720 0 9 9 0.030778365 
322 543 17 21 0.030775266 
641 214 8 11 0.030770898 
286 429 12 15 0.030759953 
583 149 8 12 0.030749122 
238 467 14 16 0.030722411 
318 88 8 10 0.030706098 
425 208 8 11 0.030687753 
510 206 8 11 0.030685667 
44 537 14 15 0.0306722 
488 284 10 13 0.030654019 
118 183 10 13 0.030649455 
221 441 12 17 0.030616704 
231 147 11 14 0.030588755 
722 108 9 11 0.0305346 
206 103 10 12 0.03048701 
692 653 17 19 0.030454315 
257 79 8 10 0.030444827 
334 437 14 16 0.030441435 
881 331 14 16 0.030434286 
697 207 8 10 0.030403234 
321 169 9 13 0.030330367 
551 72 8 10 0.030308353 
477 163 9 11 0.030280858 
615 277 13 15 0.030278498 
288 128 9 12 0.030262142 
469 185 10 12 0.030218082 
230 72 8 10 0.030201724 
325 445 11 15 0.030195996 
459 219 9 13 0.030153722 
712 238 20 23 0.030140743 
618 173 8 11 0.030139742 
681 381 11 15 0.030128835 
932 341 25 31 0.03011257 
655 176 9 11 0.030098 
706 589 18 22 0.030067662 
680 209 8 11 0.029949578 
567 103 8 10 0.02994757 
325 8 7 8 0.029946132 
671 275 11 14 0.029922962 
440 663 16 21 0.029920714 
304 391 11 15 0.02991901 
869 356 12 15 0.02986602 
204 429 13 16 0.029857196 
405 112 8 11 0.029853309 
423 321 13 17 0.029825287 
224 51 9 11 0.02982442 
857 427 14 19 0.029807087 
266 195 11 14 0.029804904 
570 609 16 19 0.029796686 
385 94 7 9 0.029788705 
567 254 10 12 0.029773315 
700 1 11 10 0.02976253 
343 1 6 7 0.02975719 
626 357 11 14 0.029743854 
712 186 9 12 0.029742075 
111 234 12 16 0.029675327 
552 129 7 8 0.029670868 
494 240 10 11 0.029669356 
328 353 10 13 0.029659392 
298 39 6 9 0.029644143 
622 388 12 14 0.029626682 
268 81 18 23 0.02961391 
121 70 7 9 0.029606521 
505 340 11 16 0.029584255 
613 300 11 13 0.029575933 
609 24 8 11 0.029573262 
255 483 13 17 0.02956292 
527 442 14 18 0.029555203 
478 113 8 9 0.02955377 
487 245 9 11 0.029547287 
693 292 12 15 0.029542463 
528 221 8 11 0.029523376 
532 437 13 17 0.029519906 
344 21 6 8 0.02951972 
301 192 11 13 0.029457452 
24 515 11 13 0.029431533 
164 216 18 24 0.029413676 
454 189 9 12 0.02940938 
528 127 7 9 0.029388128 
556 346 13 17 0.029372618 
188 165 10 14 0.029367894 
196 205 14 18 0.029355988 
559 312 12 15 0.029335033 
806 323 11 16 0.029333198 
292 412 13 16 0.029332923 
541 184 9 10 0.029298557 
636 324 12 16 0.029293893 
825 530 15 18 0.029281504 
505 8 8 9 0.029277127 
819 515 16 21 0.029271087 
680 324 12 15 0.029253824 
589 87 8 10 0.029242005 
515 634 14 18 0.029231299 
797 499 14 18 0.029221034 
552 188 9 12 0.02922099 
469 206 9 11 0.029220492 
380 315 12 14 0.029211607 
475 301 11 14 0.029208023 
510 234 17 22 0.029188072 
407 350 10 14 0.029178226 
424 162 17 22 0.029172327 
704 95 10 11 0.029154934 
509 302 12 14 0.029146714 
383 157 10 13 0.029124472 
869 402 12 17 0.029113622 
513 47 7 9 0.029084932 
682 222 18 24 0.02907067 
592 118 8 10 0.029068658 
236 395 12 16 0.029041342 
551 63 9 10 0.029000992 
544 128 7 9 0.028943278 
854 332 10 13 0.02892091 
793 206 9 11 0.02891747 
305 341 9 12 0.028886955 
420 332 13 16 0.028852817 
835 327 11 14 0.028838038 
446 213 9 11 0.028831914 
469 586 15 19 0.028826207 
539 190 9 12 0.028818486 
182 88 8 11 0.028786067 
710 277 10 12 0.028779374 
353 31 7 9 0.028778458 
891 315 14 18 0.028767128 
663 135 9 12 0.028733904 
242 112 8 11 0.028722832 
340 389 12 13 0.028709153 
455 152 9 10 0.028708773 
496 23 7 9 0.028704531 
547 594 14 18 0.028691871 
120 94 9 12 0.028691327 
221 141 9 11 0.028680034 
535 56 8 9 0.028663699 
758 338 11 14 0.028576884 
396 348 12 15 0.028538287 
459 272 19 23 0.028533936 
1014 507 9 14 0.02852854 
302 2 7 8 0.028510045 
471 332 11 14 0.02849975 
354 210 12 15 0.028495863 
480 100 8 10 0.028448287 
374 373 12 14 0.028446062 
250 232 15 18 0.028440464 
394 38 7 8 0.028439445 
708 166 9 11 0.02843245 
693 16 10 10 0.028423706 
503 175 8 9 0.028416397 
70 202 13 16 0.02840527 
710 176 18 23 0.028389763 
530 187 18 23 0.028337961 
602 330 11 14 0.028331712 
674 215 8 11 0.028330056 
741 126 9 10 0.028286615 
689 16 8 11 0.0282524 
411 482 15 19 0.028240686 
836 339 11 13 0.028221313 
516 648 15 20 0.02821348 
621 212 10 12 0.02819881 
805 195 10 14 0.028186778 
111 182 10 13 0.02818045 
877 336 15 19 0.028160216 
374 157 10 13 0.028154973 
267 441 14 18 0.028116213 
329 458 19 22 0.02810568 
440 87 7 8 0.028096538 
325 595 14 19 0.028066583 
140 406 11 15 0.028060012 
592 328 12 14 0.028047323 
494 481 14 17 0.028041407 
124 388 21 29 0.028004898 
309 144 18 24 0.028002327 
673 221 8 10 0.027969966 
684 375 12 15 0.027965818 
496 261 8 11 0.027962005 
687 460 12 16 0.027956609 
728 133 9 12 0.027953286 
438 602 15 18 0.027949503 
433 315 13 16 0.027942574 
574 14 9 11 0.027853364 
795 514 14 19 0.027829599 
70 272 14 18 0.027829312 
524 199 20 24 0.027800987 
417 39 8 8 0.027766464 
838 606 13 18 0.027751826 
1005 347 11 13 0.027737156 
648 0 9 10 0.02773344 
249 139 10 14 0.027733363 
935 324 16 18 0.027696755 
166 117 9 12 0.027689204 
515 435 13 17 0.02767568 
590 80 8 10 0.027644975 
190 206 12 16 0.027639555 
272 226 12 15 0.027625665 
262 449 22 24 0.0275975 
700 285 11 14 0.027593084 
440 196 10 12 0.027584815 
599 262 11 13 0.027584175 
883 410 12 15 0.027583065 
481 368 14 17 0.0275802 
628 470 16 20 0.027564839 
721 417 12 17 0.027556237 
528 135 8 9 0.027548062 
574 279 10 12 0.027525153 
289 174 10 13 0.027521094 
225 651 15 20 0.027510287 
681 84 9 11 0.027477175 
62 193 11 14 0.027474552 
198 324 11 13 0.027442595 
357 380 11 13 0.027435003 
63 222 10 14 0.027419768 
653 360 11 15 0.027408943 
726 374 10 13 0.027407384 
542 172 9 11 0.02740029 
129 111 9 10 0.027389493 
996 538 24 30 0.027387626 
205 220 14 17 0.027370553 
757 93 13 15 0.027367907 
760 63 9 11 0.027359392 
977 345 16 19 0.02734304 
427 402 13 19 0.027326167 
799 312 10 12 0.027294677 
505 197 8 10 0.027293807 
838 423 13 18 0.027277375 
503 458 12 17 0.027266873 
63 500 12 16 0.02724228 
735 84 9 13 0.027234733 
110 240 19 22 0.02722685 
489 23 7 9 0.02722493 
406 443 11 15 0.027213447 
727 94 8 12 0.0272078 
222 230 13 15 0.027192222 
371 175 18 23 0.027173523 
420 475 14 18 0.027165389 
94 258 13 17 0.02715314 
303 6 7 9 0.027147682 
946 323 13 19 0.027143104 
520 215 9 11 0.027129281 
590 29 8 10 0.02712304 
542 255 8 10 0.02711238 
415 348 11 14 0.027078856 
646 15 8 11 0.027074352 
1011 590 13 18 0.027071787 
543 105 17 24 0.027065894 
376 406 14 17 0.027042892 
598 24 9 11 0.027021684 
448 24 7 8 0.026990855 
543 309 10 13 0.026985401 
799 321 12 16 0.026980007 
390 322 11 14 0.026903728 
333 362 13 16 0.02689847 
638 332 11 14 0.026896873 
187 436 14 17 0.026884932 
756 1 10 10 0.026871197 
232 675 16 20 0.02686148 
599 253 9 11 0.026848355 
321 358 9 13 0.026825704 
302 22 7 9 0.026814545 
357 231 13 16 0.02677513 
677 294 10 14 0.02677198 
879 438 16 20 0.026751336 
319 70 8 10 0.026687443 
400 3 7 7 0.026653733 
440 31 7 8 0.026646804 
470 40 7 8 0.026589973 
280 70 8 10 0.026583903 
349 77 8 10 0.026583556 
408 22 7 9 0.026571454 
592 511 15 18 0.026562106 
544 156 8 10 0.02655792 
392 103 8 11 0.026551664 
309 231 15 18 0.026551664 
711 79 8 11 0.026525144 
608 262 11 14 0.026523814 
676 269 12 14 0.026514973 
557 554 16 19 0.026496308 
517 160 19 25 0.026482658 
577 134 9 11 0.026482329 
687 142 9 12 0.02648097 
446 284 12 14 0.026456868 
890 436 14 19 0.026443189 
118 397 20 26 0.026371479 
295 170 17 22 0.026358938 
803 631 15 19 0.026357684 
638 269 10 12 0.02631235 
519 105 8 8 0.026305879 
108 483 13 17 0.026305044 
353 17 6 7 0.02627763 
476 625 16 18 0.026269054 
61 247 11 14 0.026254991 
385 54 7 9 0.026254192 
629 386 13 16 0.026253765 
759 422 11 14 0.026237717 
153 451 11 15 0.026203534 
422 38 7 9 0.02618379 
508 421 14 17 0.026179448 
608 95 8 10 0.026175138 
621 160 9 10 0.02617479 
127 94 8 11 0.02616622 
713 210 17 22 0.026153725 
634 466 15 20 0.026142845 
887 345 11 15 0.026123822 
576 281 17 22 0.026102763 
617 228 10 12 0.026090972 
958 541 14 19 0.026080966 
902 324 12 15 0.026079388 
55 267 14 17 0.026060188 
87 150 9 11 0.026057987 
494 299 10 14 0.026027229 
760 199 8 10 0.026010422 
110 339 23 31 0.025995132 
671 100 10 13 0.025989622 
679 99 9 12 0.025985822 
800 196 10 14 0.025969343 
486 79 7 9 0.025968844 
679 319 11 14 0.025940856 
303 372 10 12 0.025924344 
425 103 9 10 0.025917396 
585 53 8 10 0.02586215 
813 312 9 11 0.025836423 
268 142 10 13 0.025824951 
677 355 13 16 0.025765343 
448 143 8 9 0.025750373 
723 392 13 17 0.025746848 
413 334 18 22 0.02574205 
269 342 9 11 0.025715947 
471 136 18 25 0.025708936 
478 286 10 12 0.025706954 
494 292 10 14 0.025684103 
575 105 17 23 0.025681986 
245 434 14 19 0.025680032 
692 470 14 17 0.025674453 
753 91 21 26 0.025668679 
230 568 15 18 0.025663182 
592 148 17 22 0.02564939 
687 31 8 10 0.025630891 
441 8 7 8 0.025607612 
646 148 9 10 0.025573408 
263 31 7 9 0.025569076 
880 154 11 14 0.025551686 
473 79 7 10 0.025550453 
392 1 8 8 0.025542064 
393 7 8 9 0.02553825 
488 183 18 22 0.025515111 
515 382 12 15 0.025482936 
198 1 7 8 0.025477607 
543 64 7 9 0.025472771 
563 652 15 18 0.02546316 
535 214 9 12 0.025457494 
600 74 18 23 0.025445715 
536 183 9 11 0.025439776 
633 31 8 10 0.025427936 
213 135 10 13 0.025423853 
161 14 8 9 0.025366578 
415 433 14 17 0.025361732 
452 291 12 14 0.025344549 
567 230 8 10 0.025341073 
710 120 9 11 0.025334738 
532 356 14 16 0.02530947 
215 468 12 15 0.025306035 
580 495 19 24 0.025285933 
579 587 13 17 0.025255334 
1014 336 11 15 0.025253462 
295 69 8 10 0.025246995 
181 439 15 18 0.025225092 
461 333 10 14 0.025188759 
876 354 12 15 0.025183603 
531 205 10 12 0.025174042 
614 121 17 23 0.025159398 
464 135 7 10 0.025106134 
376 135 9 11 0.02508538 
456 126 9 10 0.025081076 
327 421 12 15 0.025070606 
935 317 13 16 0.025048371 
366 325 10 12 0.02504817 
357 527 16 20 0.025044981 
559 93 7 10 0.02503929 
294 227 12 14 0.024996486 
860 418 13 17 0.024970638 
368 291 11 14 0.024941398 
768 182 9 11 0.024936764 
768 361 13 15 0.02493405 
193 15 7 9 0.024915313 
252 627 19 23 0.024913354 
840 370 12 14 0.024899341 
695 251 11 12 0.024889525 
265 175 10 12 0.024888774 
640 222 8 11 0.024885146 
470 619 12 17 0.02485852 
76 279 14 17 0.024854511 
867 599 14 20 0.024842976 
77 416 17 21 0.024815338 
366 387 10 14 0.024786906 
639 164 9 11 0.024773898 
661 100 10 13 0.024744866 
218 3 7 8 0.0247409 
434 41 7 8 0.024730628 
613 291 11 15 0.024726069 
682 177 9 10 0.024710305 
728 190 8 11 0.024680603 
416 135 9 11 0.024643268 
945 308 12 16 0.024641927 
89 495 22 25 0.024637049 
262 62 8 10 0.024636898 
303 47 7 9 0.024603268 
305 729 27 28 0.024554241 
248 49 8 10 0.024550807 
66 320 17 22 0.02452928 
519 260 9 11 0.024517335 
360 327 8 11 0.024487078 
615 6 9 10 0.024478493 
295 48 8 10 0.024476198 
847 340 11 14 0.024475636 
486 240 8 11 0.024475189 
145 29 8 9 0.024464147 
948 337 12 15 0.02446217 
814 389 11 14 0.02446159 
753 167 8 11 0.02445354 
492 579 12 14 0.0244412 
103 167 11 14 0.024400882 
724 439 13 16 0.024400536 
460 240 10 11 0.024376314 
204 129 11 13 0.024376132 
759 122 9 11 0.024352465 
543 71 8 10 0.024341283 
422 7 7 8 0.024337368 
338 603 16 20 0.02433457 
115 346 14 17 0.024332691 
503 15 8 9 0.024329284 
453 241 17 22 0.024319576 
329 38 6 9 0.024318207 
763 116 10 13 0.02430756 
552 74 17 23 0.024302252 
108 102 18 23 0.02430106 
568 601 13 17 0.024268035 
155 106 18 22 0.024236154 
479 263 11 14 0.024214165 
571 676 19 22 0.024157818 
44 511 10 13 0.024122091 
394 105 18 23 0.024120325 
350 182 9 13 0.024120089 
128 212 11 14 0.024118073 
538 141 8 10 0.024066072 
528 103 8 9 0.024064895 
458 324 11 13 0.024059922 
401 412 12 17 0.024050485 
129 56 7 9 0.02404057 
359 105 9 10 0.024034375 
447 63 7 9 0.024021564 
448 150 9 11 0.02401922 
463 88 8 9 0.024011293 
578 351 18 21 0.024004951 
519 190 8 11 0.023986265 
976 367 23 29 0.023983954 
728 120 8 11 0.023978144 
177 632 16 20 0.023945557 
941 314 15 20 0.02394373 
105 214 13 16 0.023940565 
519 182 9 11 0.023940338 
798 168 9 11 0.02393838 
534 231 9 12 0.023937209 
522 395 15 18 0.023925394 
388 171 10 14 0.023905002 
877 117 10 13 0.023898082 
544 584 14 19 0.023892466 
214 151 11 12 0.023880936 
736 121 8 10 0.023864212 
598 279 10 13 0.02386228 
192 87 9 11 0.023848368 
757 640 23 27 0.023844006 
674 36 9 11 0.023811664 
545 302 9 13 0.023755468 
295 126 10 13 0.023737619 
727 204 8 11 0.023731558 
158 104 11 13 0.02371176 
246 221 11 13 0.02368429 
87 125 10 14 0.023636373 
310 180 9 12 0.023620427 
559 190 9 11 0.023603745 
87 479 12 17 0.023565205 
584 225 18 22 0.023563229 
567 642 13 17 0.023552064 
915 149 13 16 0.02354953 
662 165 9 11 0.023538783 
491 513 16 21 0.023528853 
135 86 7 10 0.023525188 
760 299 11 13 0.023506386 
151 16 7 9 0.023504931 
326 89 17 23 0.023501353 
500 163 9 12 0.023499286 
328 131 10 12 0.023494499 
435 496 13 18 0.023481889 
517 230 9 11 0.02347903 
123 253 11 14 0.02346151 
957 200 13 14 0.02344953 
478 150 8 11 0.023441171 
562 268 9 13 0.02343047 
482 48 7 9 0.023429183 
578 87 8 10 0.023426935 
330 121 17 23 0.02342518 
789 637 13 17 0.023406524 
614 452 11 16 0.023402289 
1002 591 16 19 0.023400512 
376 3 7 7 0.02338381 
175 371 14 16 0.023379954 
303 71 9 11 0.023362244 
719 264 20 24 0.023357166 
584 168 8 11 0.023353532 
741 135 9 12 0.023350723 
521 199 7 9 0.02334902 
417 17 7 9 0.023343027 
586 355 13 16 0.023313021 
377 30 7 8 0.02330589 
225 87 9 12 0.023295201 
424 56 7 8 0.023290407 
598 363 13 18 0.023285342 
216 105 11 13 0.02327682 
708 125 11 14 0.023264268 
172 181 11 15 0.02326002 
265 215 10 14 0.023258386 
234 222 13 15 0.023255557 
194 372 13 17 0.02323015 
624 56 8 11 0.023196623 
816 593 23 26 0.023181388 
335 21 7 9 0.023178823 
343 42 17 24 0.023171984 
171 148 11 14 0.02315819 
152 43 8 11 0.023144128 
848 334 9 12 0.023140924 
545 79 7 10 0.023133758 
735 137 17 23 0.023113439 
415 102 7 10 0.023107694 
600 55 8 10 0.023106478 
537 268 9 12 0.02309799 
788 397 14 18 0.023095535 
652 39 9 10 0.023091316 
94 306 19 25 0.023077738 
406 150 10 12 0.023071414 
698 103 9 11 0.023068696 
621 93 10 12 0.023061756 
776 445 15 17 0.02305753 
502 104 7 9 0.023044193 
550 500 13 16 0.023039281 
721 198 9 10 0.02303868 
744 86 10 12 0.023034548 
527 280 10 12 0.023032704 
311 223 13 15 0.023019837 
195 633 14 18 0.023005197 
182 140 10 13 0.023002883 
391 157 10 12 0.022998527 
240 177 18 22 0.022967583 
252 355 12 15 0.022964356 
303 356 9 11 0.022958895 
543 207 8 10 0.022951677 
303 94 8 11 0.022946227 
640 79 8 10 0.022941247 
93 267 12 14 0.022925394 
78 181 12 16 0.0229248 
208 8 7 9 0.022915814 
446 223 8 12 0.022909194 
472 69 7 10 0.022890396 
383 31 7 8 0.022886232 
277 435 14 19 0.022885153 
281 78 8 10 0.022852862 
717 150 9 12 0.022844687 
396 342 11 13 0.022841662 
490 136 18 24 0.022835013 
778 457 14 17 0.02283499 
190 172 11 13 0.02283209 
640 547 14 20 0.022811782 
437 207 10 11 0.022801543 
573 29 9 11 0.022764912 
557 61 9 10 0.022751978 
574 199 10 12 0.022737276 
668 347 14 17 0.02272286 
456 141 9 10 0.022712316 
237 474 13 16 0.02271128 
970 370 15 17 0.022703782 
515 340 11 14 0.022689857 
541 364 14 18 0.022683185 
708 394 12 15 0.022674635 
212 482 15 19 0.022666879 
300 158 10 12 0.02266626 
456 72 7 8 0.022660337 
217 190 18 23 0.022641819 
337 657 15 20 0.022641417 
358 581 13 16 0.0226413 
985 206 9 12 0.022637703 
598 220 10 13 0.022628928 
535 46 8 9 0.022622453 
112 87 7 10 0.02261462 
139 47 8 10 0.022603283 
982 372 13 18 0.02259596 
510 197 8 10 0.022573909 
229 478 12 17 0.022547022 
614 370 13 19 0.022546707 
983 380 22 29 0.022540655 
900 460 16 20 0.02253456 
205 380 11 15 0.022530647 
352 88 8 9 0.022509398 
153 74 18 23 0.02250824 
486 41 8 9 0.022496656 
136 40 8 9 0.022490116 
511 31 8 9 0.022490017 
662 30 9 11 0.022425255 
458 110 20 25 0.02241532 
289 7 8 9 0.02239342 
415 137 17 23 0.02239072 
465 38 7 9 0.022383492 
757 169 8 10 0.022383101 
350 464 13 19 0.022375913 
814 323 12 16 0.022345623 
19 102 95 133 0.022338782 
496 208 8 10 0.022334207 
151 2 9 9 0.022332542 
644 301 13 16 0.02232292 
1011 489 13 17 0.02232218 
653 133 10 13 0.022310335 
247 198 19 25 0.022302575 
854 176 10 13 0.022297066 
939 332 23 29 0.022288898 
737 215 8 10 0.022276338 
716 64 20 24 0.022262093 
73 647 23 28 0.022256052 
138 469 14 18 0.022247404 
478 387 13 16 0.022230262 
270 13 7 10 0.022222366 
502 48 8 11 0.022210263 
264 155 9 11 0.02220948 
881 401 14 18 0.022203393 
550 277 9 12 0.02220328 
535 153 8 10 0.022199033 
291 152 20 24 0.022188552 
674 246 10 14 0.0221849 
544 247 8 10 0.022178799 
513 105 7 8 0.022165203 
371 522 14 18 0.022136625 
693 142 11 12 0.022130042 
509 363 13 17 0.02211859 
782 507 19 26 0.022097442 
685 403 14 17 0.022071978 
381 240 24 29 0.02206638 
732 275 12 16 0.02205481 
908 416 17 21 0.0220458 
606 290 12 14 0.022021366 
472 24 6 9 0.022020893 
771 453 16 20 0.022017136 
518 80 7 9 0.021981781 
495 154 16 23 0.021979017 
487 86 7 9 0.02197265 
439 152 9 11 0.02195685 
843 174 22 25 0.021937843 
535 278 9 12 0.021931771 
475 494 15 20 0.021918489 
469 154 18 23 0.02191642 
816 376 12 16 0.021916313 
720 142 8 10 0.021909328 
569 112 8 10 0.021891635 
904 383 11 14 0.021879112 
678 164 10 11 0.02181039 
335 120 8 10 0.021787893 
550 460 13 17 0.021770628 
335 578 15 19 0.021762982 
303 88 8 10 0.021755587 
632 103 10 12 0.02175117 
414 206 10 13 0.021740746 
685 472 14 18 0.021739323 
529 229 9 12 0.0217296 
429 586 14 20 0.02170148 
659 276 13 15 0.021696884 
913 472 14 18 0.021681756 
712 251 11 13 0.021663172 
945 449 14 19 0.02164717 
260 346 13 15 0.0216459 
705 56 9 10 0.021625683 
542 596 14 18 0.021625107 
639 25 18 23 0.021619508 
511 136 8 10 0.02161619 
963 520 15 17 0.021607762 
681 693 16 19 0.02160232 
240 64 18 23 0.021598281 
564 340 12 16 0.021586578 
425 112 7 9 0.021578467 
534 438 19 24 0.021557203 
151 548 15 20 0.021548977 
399 418 12 17 0.021534353 
902 346 20 26 0.021530045 
898 421 14 17 0.021529231 
360 390 11 14 0.02152318 
400 55 7 9 0.02150194 
824 441 15 19 0.021500496 
630 260 11 12 0.021487994 
133 163 11 14 0.021484395 
261 102 9 11 0.02147418 
503 356 11 15 0.021470733 
572 309 11 14 0.02146738 
748 452 12 17 0.02146063 
971 354 26 29 0.021447618 
101 351 27 33 0.021439543 
359 179 10 13 0.021433862 
639 176 9 10 0.021425439 
326 353 18 22 0.02140959 
311 356 9 11 0.021393642 
198 173 12 14 0.021387607 
242 359 13 19 0.021372458 
320 160 18 21 0.021362089 
534 247 9 11 0.021359008 
706 614 16 20 0.021356635 
845 347 13 17 0.02135269 
479 175 9 11 0.021345273 
376 318 10 12 0.021344151 
206 482 14 19 0.021334985 
951 552 15 19 0.021322945 
399 429 10 15 0.021317106 
120 154 11 14 0.021300849 
463 55 8 9 0.021299547 
176 93 9 11 0.0212964 
398 63 19 26 0.021294357 
775 56 8 10 0.021248773 
124 260 13 15 0.021248076 
378 66 19 23 0.021246145 
501 227 11 13 0.021237895 
281 399 9 14 0.02118761 
828 435 14 19 0.021179114 
679 236 10 13 0.021167813 
661 529 15 19 0.02114577 
558 261 9 13 0.021130191 
109 167 10 12 0.021124287 
493 362 11 15 0.021118132 
328 65 7 9 0.021114042 
305 530 14 19 0.021107016 
432 24 6 8 0.021105994 
292 444 16 20 0.021103673 
605 379 13 16 0.021096483 
537 71 8 9 0.021090586 
190 50 18 23 0.021086525 
407 127 8 10 0.021085193 
350 633 16 20 0.021083638 
97 112 8 12 0.02108254 
343 181 11 13 0.021075103 
590 200 8 10 0.02106889 
485 332 12 15 0.021064378 
417 391 20 25 0.021050805 
208 159 17 22 0.02103208 
269 192 19 23 0.021031661 
728 142 8 12 0.021027647 
811 455 15 19 0.021016488 
382 8 8 8 0.021008778 
577 249 17 22 0.020999733 
442 291 12 16 0.020966973 
837 356 13 17 0.020957844 
458 647 15 20 0.020957353 
513 160 8 9 0.020951249 
479 326 11 13 0.02094581 
628 403 14 18 0.02093887 
448 230 8 11 0.020935819 
182 15 9 10 0.020933153 
508 545 14 19 0.020916779 
888 143 21 25 0.020903867 
214 181 11 14 0.020892857 
746 88 20 25 0.020877196 
363 524 15 20 0.020875227 
694 71 8 11 0.02086847 
472 316 9 13 0.020856904 
114 469 13 17 0.020843012 
625 44 9 12 0.020837594 
368 373 10 13 0.02083448 
685 94 10 13 0.020813407 
424 16 7 9 0.020795897 
553 323 12 15 0.0207887 
656 119 10 11 0.020780884 
759 325 11 15 0.020780463 
372 96 19 24 0.020768322 
759 393 12 16 0.020758618 
383 15 7 9 0.020719044 
519 133 7 9 0.020718085 
340 635 14 18 0.02071783 
437 324 11 14 0.020700907 
547 439 15 18 0.020692695 
590 590 15 20 0.020684715 
391 72 7 9 0.020650333 
161 31 7 8 0.02064837 
644 178 18 23 0.020644143 
315 633 17 22 0.020623686 
536 79 8 9 0.020613283 
424 287 9 13 0.020604154 
671 14 10 12 0.020588499 
845 388 11 15 0.020573763 
92 460 11 15 0.020569207 
305 143 9 11 0.020561468 
820 325 12 15 0.02054856 
502 264 19 23 0.020538645 
519 303 9 12 0.020532755 
335 27 17 23 0.020531114 
118 385 20 25 0.020521874 
682 669 26 32 0.020519804 
633 148 8 11 0.020516513 
813 420 11 14 0.020514054 
669 261 10 13 0.020503264 
209 720 15 19 0.020483945 
222 166 9 13 0.02048003 
754 674 17 20 0.020469194 
239 112 19 22 0.020461062 
740 349 13 15 0.020460648 
266 107 18 22 0.020439817 
327 637 23 28 0.020409763 
423 230 11 13 0.020392869 
550 285 10 14 0.020380469 
642 418 14 18 0.020371897 
734 459 14 17 0.020370893 
741 120 8 10 0.020363465 
973 567 15 21 0.020357087 
136 104 7 9 0.020352054 
601 182 9 12 0.020348502 
110 550 13 16 0.020338595 
519 38 8 10 0.020336848 
89 118 9 12 0.02028325 
500 476 13 16 0.02028043 
524 387 14 17 0.020274118 
671 294 10 13 0.020270694 
788 415 13 16 0.02026458 
592 626 15 19 0.02022385 
429 331 11 14 0.02022125 
734 185 8 9 0.020207949 
548 365 11 15 0.020205969 
63 210 12 16 0.020198833 
454 176 18 23 0.020187272 
51 211 12 15 0.020153614 
890 610 16 19 0.020150118 
400 65 7 8 0.02014707 
840 166 11 14 0.020145865 
820 92 9 12 0.020110201 
588 12 9 10 0.020107066 
899 331 12 16 0.020106789 
713 209 9 11 0.020104894 
383 65 8 9 0.02010234 
807 451 13 17 0.020096086 
831 348 11 14 0.020086847 
692 52 9 11 0.020078449 
173 171 12 15 0.020078186 
351 234 15 18 0.020070318 
751 341 11 13 0.02006937 
795 505 15 20 0.020046191 
585 28 10 12 0.02004013 
437 247 18 23 0.02002551 
222 2 8 8 0.020016033 
438 429 13 17 0.02001174 
573 361 13 18 0.020006139 
