10_People_Marching_People_Marching_2_430
53
914 249 34 44 0.9974124 
288 129 32 36 0.9973562 
632 201 42 52 0.99259067 
416 172 30 36 0.9914363 
213 157 23 27 0.9855284 
163 161 35 41 0.97723335 
767 200 43 48 0.9692982 
306 183 25 32 0.5662371 
91 144 18 21 0.37164268 
262 181 27 31 0.34355816 
836 266 46 66 0.25473696 
510 328 454 444 0.1263568 
368 170 15 18 0.105585866 
282 216 29 35 0.08638725 
346 193 17 20 0.069405414 
314 178 18 25 0.0625374 
3 222 493 377 0.060822412 
359 171 23 28 0.048271753 
235 181 23 29 0.04799053 
342 202 25 29 0.046580404 
113 189 16 21 0.04160177 
350 178 23 28 0.04128016 
257 189 40 47 0.03938345 
89 186 26 32 0.038881145 
271 206 31 37 0.037427798 
281 200 27 32 0.03642486 
63 124 23 26 0.035961825 
873 67 125 174 0.034293145 
863 278 31 47 0.03427039 
219 254 42 59 0.03266293 
689 165 28 37 0.032526635 
331 184 15 21 0.03239701 
271 178 38 47 0.032289315 
295 197 28 35 0.032022223 
841 266 28 38 0.030952545 
263 215 42 48 0.030676316 
73 154 15 18 0.029768992 
729 213 29 34 0.026810301 
284 134 23 24 0.025542501 
62 114 12 13 0.025523007 
90 181 17 19 0.02480748 
265 172 22 25 0.0244996 
80 151 27 31 0.024187794 
339 187 15 21 0.024099445 
249 186 28 32 0.023990825 
302 191 19 25 0.023801308 
239 190 41 50 0.023518363 
743 352 253 290 0.023130657 
107 190 26 33 0.022935703 
263 106 22 27 0.022381451 
673 227 33 35 0.02125319 
82 89 203 255 0.02100799 
845 247 51 67 0.020297995 
