10_People_Marching_People_Marching_2_36
301
813 329 35 39 0.9953015 
649 304 28 34 0.99378526 
948 330 39 45 0.992535 
697 302 30 39 0.9922646 
751 315 31 36 0.9905296 
557 324 32 38 0.9900567 
303 334 34 40 0.9853682 
501 318 29 37 0.98450166 
428 302 28 36 0.9739354 
254 320 33 40 0.9537336 
385 294 26 34 0.9526718 
10 311 19 20 0.9442214 
31 287 17 21 0.94166744 
50 408 15 18 0.921622 
673 269 17 20 0.8971467 
593 273 21 27 0.89630604 
119 288 27 33 0.8889325 
852 289 19 22 0.8845698 
899 302 15 20 0.8592954 
223 316 28 34 0.8432306 
828 290 18 21 0.81020606 
471 306 28 36 0.77771217 
151 304 29 35 0.72290385 
130 292 25 33 0.6276363 
926 292 16 20 0.6156686 
140 299 29 33 0.6006364 
93 309 14 19 0.58676594 
973 295 15 18 0.49715742 
356 287 24 28 0.48303187 
107 414 13 16 0.46528655 
959 280 15 18 0.46030578 
315 289 26 30 0.4455445 
267 318 35 35 0.42797118 
1005 291 15 19 0.36398992 
629 297 15 19 0.3621384 
572 319 30 33 0.34357244 
568 290 16 17 0.33574906 
356 313 26 32 0.334101 
10 344 14 18 0.32517004 
114 288 19 26 0.31199306 
611 323 23 30 0.30253983 
637 293 14 18 0.30223688 
486 316 30 36 0.30077192 
942 287 15 20 0.29747897 
28 338 20 26 0.26838663 
60 378 11 15 0.23844054 
77 374 13 17 0.23697773 
60 238 13 17 0.22723995 
524 283 25 27 0.20147231 
665 332 26 30 0.19666547 
141 429 10 12 0.19251126 
970 334 34 36 0.16216347 
188 313 26 31 0.15943307 
318 334 34 37 0.15660472 
432 451 14 17 0.15583399 
513 313 30 35 0.15345438 
365 289 26 32 0.14366286 
888 326 29 39 0.1393848 
404 318 23 30 0.13742039 
232 319 33 37 0.13521656 
615 307 22 28 0.13021189 
826 326 37 37 0.12641737 
533 276 24 29 0.11659854 
947 284 16 19 0.11242927 
347 287 22 29 0.1106221 
258 230 16 18 0.11018036 
719 282 13 15 0.10894327 
751 226 24 30 0.10764209 
136 439 10 11 0.10597104 
810 287 26 32 0.10460048 
356 296 29 35 0.104345 
398 451 13 18 0.102395706 
48 223 9 11 0.10108728 
102 295 26 33 0.09993432 
620 300 16 18 0.09431306 
334 287 21 27 0.090680525 
304 280 24 33 0.09018832 
329 289 17 22 0.08919712 
31 335 14 17 0.08806479 
394 303 28 33 0.085832596 
964 284 19 24 0.08133287 
42 246 8 11 0.080471165 
692 285 13 16 0.0804141 
0 393 9 15 0.08035202 
56 372 14 16 0.0777081 
19 337 19 25 0.07742792 
28 403 15 18 0.076654784 
684 308 27 32 0.073968865 
174 339 16 20 0.073965415 
62 233 10 13 0.071939975 
623 301 22 26 0.07060799 
206 315 30 32 0.069863684 
622 231 15 19 0.06847259 
437 444 13 19 0.06698586 
638 290 24 30 0.0662746 
870 315 12 16 0.06583341 
12 451 13 16 0.06467645 
486 227 17 21 0.063316554 
742 465 11 16 0.06276836 
416 310 27 35 0.061990008 
887 298 26 29 0.06071948 
122 403 12 16 0.058955584 
544 271 26 29 0.05845395 
592 286 23 29 0.058397997 
111 286 15 20 0.05739723 
0 350 9 16 0.057370152 
99 437 15 18 0.05630034 
772 348 26 32 0.055708796 
998 284 14 18 0.055513017 
763 335 32 39 0.054158572 
958 407 13 17 0.05402788 
20 430 12 16 0.053839177 
558 297 16 19 0.053717323 
670 446 9 12 0.053717006 
710 301 32 35 0.052551415 
104 407 12 15 0.052519042 
28 373 16 20 0.051779456 
517 290 25 28 0.051725257 
750 321 18 23 0.051103823 
-2 326 7 12 0.05066496 
109 238 13 14 0.050285388 
941 327 13 19 0.04976173 
684 218 11 13 0.0496744 
4 405 10 13 0.04966722 
29 238 8 10 0.04958374 
723 339 18 22 0.048638653 
17 247 10 12 0.04840219 
333 328 27 36 0.048235834 
205 461 9 12 0.048021 
631 275 10 13 0.047057945 
30 254 8 10 0.046853345 
403 443 13 17 0.04563274 
135 443 10 12 0.045529526 
53 221 8 11 0.045433734 
580 293 14 17 0.04496753 
59 366 12 15 0.04474963 
6 246 9 12 0.044295844 
299 273 45 51 0.043829843 
299 280 16 21 0.043357037 
546 287 15 18 0.04291088 
794 325 24 32 0.042836346 
112 207 10 11 0.042800955 
122 321 16 21 0.041914664 
931 284 20 26 0.041880902 
637 305 25 31 0.04126767 
168 309 32 31 0.041055407 
466 211 14 18 0.041034214 
781 342 26 34 0.041022953 
23 449 14 18 0.040468577 
603 296 23 30 0.04043351 
902 262 8 10 0.03982383 
273 302 33 39 0.039721634 
737 222 24 29 0.039566774 
124 409 13 15 0.039366454 
62 384 12 15 0.03935815 
687 201 11 13 0.03893266 
73 371 13 16 0.038382683 
497 201 473 520 0.038151998 
1000 277 13 16 0.03787708 
314 285 17 23 0.03727399 
761 233 16 20 0.037258543 
9 334 12 15 0.036864944 
586 294 17 20 0.036524665 
349 191 13 16 0.036259986 
81 225 10 11 0.035987284 
206 332 26 30 0.03590039 
100 426 15 18 0.03576486 
765 281 12 14 0.034981836 
686 237 12 16 0.03460815 
139 434 12 14 0.03450631 
675 320 27 32 0.03399313 
5 251 10 13 0.033957556 
152 421 11 13 0.033521358 
553 282 15 18 0.03347063 
787 294 12 14 0.03334841 
105 316 22 28 0.033019535 
636 277 13 16 0.03294898 
305 275 15 18 0.03266004 
159 289 54 58 0.032615222 
580 265 13 17 0.032351725 
766 311 31 35 0.032347877 
558 298 26 30 0.032130774 
666 307 28 28 0.031514186 
805 294 17 23 0.030813789 
280 347 27 34 0.030352082 
165 322 29 30 0.030103996 
156 431 12 15 0.029557291 
527 315 26 34 0.02911849 
620 367 11 14 0.029111147 
978 285 15 18 0.029078143 
350 318 16 22 0.028929938 
68 387 13 16 0.02879236 
684 305 17 21 0.028761426 
424 329 25 35 0.028008703 
89 301 11 15 0.027944423 
22 251 9 11 0.02784313 
711 279 23 24 0.027813101 
452 331 16 20 0.027759844 
743 320 14 21 0.02767338 
946 293 17 21 0.027668122 
24 232 9 10 0.027544713 
114 418 15 19 0.027500236 
690 290 26 34 0.027455641 
98 309 22 28 0.027403036 
820 284 19 25 0.027301323 
60 420 12 15 0.02723736 
85 229 9 11 0.02716167 
990 291 12 16 0.02705066 
783 239 9 12 0.027043493 
369 315 15 22 0.02682147 
300 483 33 43 0.026808714 
70 367 12 14 0.02655424 
589 228 12 16 0.026288185 
77 422 11 13 0.026218278 
5 332 22 27 0.026120892 
857 287 22 31 0.025903856 
293 288 14 18 0.025896627 
116 410 13 16 0.025797825 
370 284 16 20 0.025753068 
150 428 11 14 0.025508555 
646 312 40 45 0.025407014 
1004 300 16 22 0.025402803 
29 428 12 15 0.025362596 
819 299 33 42 0.025300896 
782 321 26 33 0.025210569 
893 295 16 20 0.025153931 
49 238 10 12 0.025086986 
397 414 11 13 0.025078429 
157 356 12 16 0.025072362 
71 422 11 14 0.024917742 
872 302 23 31 0.024863074 
380 381 12 16 0.024862805 
739 300 13 19 0.024835967 
290 334 31 37 0.024687314 
347 336 14 22 0.024651283 
716 343 16 19 0.024578553 
544 261 12 12 0.024349337 
955 296 15 18 0.024322856 
411 292 17 21 0.024283342 
775 290 28 32 0.024151132 
540 348 12 17 0.024144433 
643 287 14 19 0.023991678 
35 403 14 19 0.023942439 
337 414 28 34 0.023942325 
67 245 10 12 0.02393008 
62 427 10 12 0.023910424 
1 254 8 12 0.02383137 
593 326 17 22 0.023782983 
445 320 29 35 0.023762545 
142 282 47 55 0.023725174 
791 285 28 34 0.023682728 
812 301 16 20 0.02365946 
724 298 25 32 0.023624137 
574 218 13 15 0.023564467 
801 323 16 22 0.02355398 
605 328 15 23 0.023244696 
349 322 25 39 0.023133762 
347 274 15 17 0.02313101 
506 273 14 17 0.023080608 
287 321 19 22 0.022796463 
387 165 22 32 0.022716265 
738 213 40 48 0.022636807 
22 409 13 16 0.022616114 
988 419 29 31 0.022553539 
203 308 51 50 0.02246954 
0 409 10 15 0.022435555 
481 300 20 26 0.022321124 
428 342 16 21 0.022192892 
256 392 11 15 0.022145638 
985 287 22 27 0.022104789 
577 298 25 32 0.022101033 
85 359 24 30 0.022066781 
773 237 11 14 0.022064405 
293 270 26 33 0.02191943 
88 294 10 14 0.02188385 
124 398 12 16 0.02181031 
609 281 15 19 0.021735772 
272 378 11 14 0.021328565 
28 436 12 15 0.021263245 
718 290 25 30 0.021242833 
153 435 11 14 0.021172006 
6 240 9 11 0.021036064 
863 320 13 19 0.020964807 
998 294 17 20 0.020849694 
11 420 16 19 0.020847898 
331 365 25 31 0.020758534 
47 369 12 17 0.020723263 
348 274 25 31 0.02067574 
680 216 11 12 0.020661103 
10 439 20 25 0.020632586 
40 241 8 10 0.020552674 
297 303 43 51 0.020511296 
524 347 24 33 0.020447694 
39 251 10 12 0.02037068 
973 295 24 28 0.020277146 
126 462 10 12 0.020263776 
890 322 18 25 0.0201998 
920 296 15 20 0.020115547 
99 299 17 22 0.020104388 
336 499 11 14 0.020102227 
428 432 22 29 0.02002381 
