18_Concerts_Concerts_18_554
26
561 488 29 39 0.9978442 
298 248 489 396 0.4436374 
595 99 399 496 0.09276095 
830 531 175 286 0.08710873 
267 211 14 17 0.080631725 
263 212 23 31 0.06827686 
395 82 414 426 0.05686963 
835 665 105 152 0.047554832 
956 444 37 37 0.04193034 
25 400 16 23 0.04043715 
629 368 268 263 0.040004335 
502 293 408 472 0.037821297 
95 360 10 14 0.03285848 
583 204 78 55 0.031352773 
374 376 151 147 0.030674526 
377 400 59 62 0.028481282 
373 306 255 233 0.028351963 
265 205 37 48 0.02499655 
732 -1 346 465 0.024293164 
110 189 103 135 0.023561405 
372 401 30 35 0.023380108 
517 643 14 17 0.02220246 
173 235 14 16 0.021339552 
620 188 15 19 0.020894283 
97 146 395 507 0.020672789 
272 431 11 13 0.02011266 
