18_Concerts_Concerts_18_855
24
372 94 61 78 0.9930356 
94 158 73 85 0.99261355 
778 154 66 80 0.62984484 
428 118 76 103 0.62547106 
839 207 61 88 0.376166 
797 168 63 90 0.19170891 
106 610 30 32 0.16576514 
754 142 65 81 0.13339514 
390 102 74 96 0.12780975 
798 160 42 46 0.11691836 
611 204 27 31 0.073522866 
85 527 31 36 0.070298925 
584 240 370 460 0.057133272 
155 627 53 51 0.05485634 
183 18 27 32 0.041918714 
459 94 53 77 0.041664496 
194 618 37 42 0.039624136 
173 616 48 52 0.0347286 
263 343 15 19 0.032404985 
926 215 48 76 0.031072227 
81 127 68 94 0.02677501 
861 237 54 70 0.025996082 
271 567 104 119 0.02283965 
690 215 199 231 0.022180663 
