18_Concerts_Concerts_18_258
60
89 53 28 36 0.9974185 
894 79 40 40 0.9929125 
783 344 63 83 0.56758773 
999 129 20 28 0.22694637 
121 282 85 158 0.22420268 
780 87 10 13 0.15936479 
795 38 19 22 0.13738617 
965 158 26 32 0.10505249 
151 311 85 138 0.0773554 
10 344 43 60 0.07420833 
701 278 57 71 0.059599858 
1010 131 12 20 0.05762464 
458 150 9 12 0.057616916 
600 409 92 115 0.0564024 
569 209 33 34 0.053966783 
39 48 10 12 0.04585181 
734 89 16 21 0.043741915 
824 229 58 82 0.0388205 
728 100 10 14 0.03841876 
382 143 25 35 0.03725624 
694 133 12 15 0.036692597 
799 63 33 40 0.036488082 
993 137 14 19 0.036116965 
787 355 40 50 0.03565433 
764 343 111 140 0.03550002 
30 124 14 18 0.033773135 
1009 85 12 15 0.033227574 
837 207 51 70 0.030666545 
829 195 86 109 0.03048239 
396 135 10 11 0.029032378 
170 76 15 18 0.028575633 
391 134 11 14 0.028161032 
726 91 44 57 0.027211234 
793 40 41 52 0.026405608 
890 67 30 38 0.026260791 
653 101 9 13 0.02547902 
898 136 26 32 0.025437858 
958 157 13 17 0.02535528 
231 229 356 458 0.024707373 
924 207 50 61 0.024686739 
458 222 32 54 0.024222067 
471 215 10 13 0.02409478 
749 319 82 102 0.024058457 
156 143 12 14 0.023193657 
752 413 86 127 0.022768185 
130 141 15 18 0.02265934 
391 167 87 130 0.022649681 
679 121 10 12 0.02245114 
838 391 116 169 0.022436086 
811 44 14 16 0.022322558 
58 258 103 143 0.022311542 
781 111 10 13 0.022288047 
462 154 10 12 0.022014905 
710 316 44 44 0.021702148 
793 99 11 14 0.021619558 
960 106 11 14 0.021576647 
170 83 16 21 0.021070099 
887 76 13 18 0.021009294 
264 370 109 147 0.020822693 
919 197 37 41 0.02029571 
