18_Concerts_Concerts_18_104
18
194 55 429 512 0.8514991 
327 -35 470 535 0.14323713 
559 395 16 18 0.12451776 
545 87 238 317 0.06975513 
666 226 388 481 0.06659398 
935 451 14 19 0.047754545 
152 219 127 148 0.044409215 
215 177 226 266 0.041822374 
571 57 388 431 0.033340987 
984 149 43 76 0.028357629 
600 144 145 185 0.028236337 
290 259 406 462 0.02606249 
43 17 18 21 0.023388002 
823 218 118 135 0.022032838 
278 427 104 122 0.021495063 
573 126 42 49 0.021467285 
53 466 27 35 0.021158863 
10 12 113 131 0.021069236 
