18_Concerts_Concerts_18_853
42
914 218 45 55 0.9833491 
754 209 47 56 0.9787025 
744 121 44 52 0.9768734 
177 376 24 29 0.97224 
314 376 22 26 0.9590045 
103 376 21 26 0.8705456 
246 375 20 25 0.86486137 
599 235 42 54 0.72481716 
592 429 56 58 0.3452231 
300 418 21 27 0.093009986 
301 412 16 19 0.06604818 
97 411 15 19 0.06385215 
497 336 23 30 0.062792964 
327 467 10 12 0.05714881 
635 239 34 50 0.056659844 
830 238 33 44 0.05549774 
315 108 185 321 0.04676197 
379 398 16 20 0.04222893 
434 28 17 22 0.040729716 
0 587 11 19 0.04034209 
375 482 20 26 0.039720237 
256 377 14 20 0.039181203 
397 459 21 26 0.03189267 
84 433 17 21 0.02968821 
499 376 49 66 0.028968435 
47 444 13 16 0.028472625 
122 374 22 31 0.027300917 
114 432 26 30 0.026683806 
26 419 14 17 0.026549669 
235 102 382 459 0.02574796 
239 377 16 21 0.025394978 
275 384 14 19 0.025170932 
102 416 41 55 0.023705557 
50 409 14 17 0.022415636 
7 442 11 15 0.021596996 
672 241 32 47 0.02142441 
452 654 26 31 0.021332726 
814 249 38 52 0.021276403 
444 464 15 19 0.020852277 
644 221 30 52 0.020475736 
690 639 27 28 0.020122375 
86 422 23 28 0.020079404 
