18_Concerts_Concerts_18_872
287
512 120 95 128 0.99959856 
238 1165 32 39 0.34088245 
563 678 16 19 0.23471749 
212 1180 45 57 0.15826407 
745 1358 54 66 0.15573306 
165 1330 22 27 0.15152341 
170 1199 25 30 0.14222775 
677 1218 22 30 0.13470025 
714 1235 17 21 0.120099954 
735 1326 24 30 0.11971886 
221 1256 34 44 0.11349002 
399 1321 22 31 0.11220638 
722 1236 18 21 0.11159255 
727 1205 26 30 0.10342392 
491 763 28 32 0.10294584 
515 643 15 18 0.09906977 
69 1369 25 30 0.096402526 
701 1168 17 20 0.09545572 
491 1363 28 37 0.09324716 
653 678 13 16 0.089625776 
422 1210 16 19 0.085613675 
413 1148 12 15 0.08491941 
661 1303 15 19 0.08478935 
275 1245 27 37 0.066961765 
580 691 13 17 0.06601672 
460 1303 21 28 0.06586785 
2 1340 17 19 0.06558795 
429 1172 15 18 0.06455692 
69 1264 16 22 0.06416769 
623 665 13 16 0.06369894 
362 1297 16 19 0.06305467 
421 1150 11 14 0.061636303 
469 213 342 526 0.060529254 
197 1284 15 18 0.05961801 
617 1268 25 33 0.058382582 
645 1152 14 18 0.05821327 
228 1144 34 39 0.058068104 
388 1187 15 19 0.058065843 
637 1214 15 21 0.0578588 
572 688 14 16 0.056284312 
568 1167 12 14 0.05625077 
629 1143 13 18 0.055173952 
501 1185 11 14 0.05255403 
177 1207 27 34 0.05218893 
655 1139 12 16 0.052162588 
186 1372 16 22 0.0505257 
583 1241 14 18 0.05026914 
202 1201 48 57 0.050204653 
488 1178 12 16 0.05004277 
785 1152 29 37 0.05004086 
218 1156 48 60 0.049651347 
629 663 12 15 0.04943217 
601 1174 23 28 0.04907694 
367 1190 10 13 0.049009264 
680 1142 11 13 0.04867529 
589 691 14 17 0.048286483 
231 1247 42 54 0.047904424 
415 700 57 73 0.04783904 
429 1339 13 16 0.04721063 
468 1207 14 18 0.046939157 
462 1122 16 18 0.046910364 
710 1240 14 17 0.046815116 
635 1206 16 19 0.04409287 
631 688 11 13 0.043529868 
580 697 16 20 0.04300712 
614 688 13 17 0.04232036 
385 1035 92 114 0.042233817 
565 680 23 27 0.04221781 
559 1286 13 18 0.042148758 
490 704 16 19 0.04209152 
584 1298 11 14 0.04113685 
510 647 14 18 0.041090336 
366 1197 11 14 0.040933337 
256 1175 19 22 0.04064585 
494 1181 12 15 0.039997153 
597 665 15 18 0.039334025 
572 1271 12 15 0.038709406 
16 799 11 13 0.038672667 
540 685 25 30 0.0383961 
645 1192 13 17 0.03831693 
10 1299 17 20 0.038043436 
500 705 16 18 0.037671145 
546 698 15 18 0.037045773 
637 1195 13 14 0.037044927 
622 1286 15 20 0.036893204 
66 1235 15 19 0.036726844 
440 1158 10 12 0.036647413 
452 1181 14 19 0.036225818 
378 1243 16 24 0.03561322 
655 1291 25 33 0.035259794 
637 -38 365 470 0.035177782 
559 1362 10 12 0.034885205 
550 680 27 31 0.034777783 
619 685 13 16 0.034658127 
694 1281 13 16 0.03455712 
589 665 14 17 0.034544814 
351 1295 24 31 0.03433543 
702 1245 11 14 0.03431469 
480 1132 10 14 0.034179255 
721 1219 29 30 0.033926334 
515 722 14 18 0.033784624 
632 1261 23 28 0.03371852 
583 1141 12 14 0.03343915 
142 1272 30 39 0.033376645 
708 1227 15 19 0.03316286 
70 1364 41 52 0.032624934 
418 1197 15 17 0.032152098 
697 1153 23 30 0.032151997 
650 1146 15 19 0.032068294 
670 1163 13 16 0.031724866 
274 1130 17 22 0.031600595 
758 1327 17 23 0.031343855 
301 1188 14 17 0.031172503 
655 673 11 13 0.031151976 
383 1316 27 34 0.030889755 
525 730 16 22 0.030881945 
557 1184 14 19 0.030808385 
221 1139 27 32 0.030586794 
615 667 10 15 0.030508425 
637 1146 15 19 0.030210787 
631 1216 14 19 0.030135425 
492 1174 12 15 0.02999969 
582 667 13 16 0.029854044 
915 1166 27 32 0.029572386 
428 1103 14 17 0.029478576 
676 1156 15 19 0.029245606 
80 1219 12 17 0.029075615 
27 1314 15 21 0.02903829 
934 793 16 19 0.028806135 
694 1155 14 19 0.028685084 
649 683 11 14 0.02864744 
331 1262 25 28 0.028378285 
7 1211 12 17 0.028338498 
599 1153 13 16 0.02801433 
244 1227 18 23 0.0279035 
189 1219 17 23 0.027867349 
342 1301 23 29 0.027658572 
466 1277 13 15 0.027574234 
279 1243 43 54 0.02748588 
519 667 12 15 0.027353806 
589 1295 12 15 0.027065298 
325 1181 12 14 0.026878517 
501 713 23 28 0.026832923 
294 1203 28 35 0.026598008 
357 1132 13 18 0.026516933 
643 1262 15 18 0.026468556 
415 1189 12 14 0.026464399 
647 1291 12 16 0.026072405 
653 1298 17 21 0.026031 
503 645 11 14 0.025980346 
613 1195 13 17 0.025886862 
699 1303 18 21 0.025833078 
543 692 14 17 0.025795251 
613 1226 16 19 0.025789091 
599 1287 9 11 0.025731592 
333 1170 15 16 0.025630854 
619 1221 13 17 0.02553087 
588 728 15 19 0.025517032 
604 1193 15 19 0.025465917 
510 725 24 31 0.0254182 
398 1171 15 17 0.025413487 
134 1211 28 33 0.025231218 
505 775 16 19 0.02517412 
271 1274 15 21 0.025084877 
352 1236 11 14 0.025082842 
592 1326 9 11 0.025064584 
322 1187 15 19 0.025050139 
655 1286 12 15 0.025035791 
485 1133 10 13 0.025026917 
135 1214 43 50 0.024994915 
454 1173 12 15 0.024986807 
477 1315 14 19 0.024980847 
409 1143 10 13 0.024946958 
678 1146 12 16 0.024945786 
625 1141 12 16 0.024925658 
117 1220 16 22 0.024716841 
668 1171 12 15 0.024716176 
94 812 12 14 0.024676543 
706 1142 23 28 0.024676105 
347 1297 15 20 0.024640795 
494 706 24 30 0.024548402 
607 1333 12 16 0.02451856 
319 1318 11 15 0.024499966 
474 1357 31 40 0.02442318 
597 729 13 18 0.024385342 
614 754 14 17 0.024365295 
715 1151 17 23 0.024361609 
653 675 23 27 0.024201704 
386 1176 22 26 0.024183586 
367 1271 12 14 0.024178235 
395 674 65 73 0.024159033 
370 1187 14 16 0.024124892 
363 1115 13 16 0.024112815 
540 704 18 20 0.023869123 
280 1261 24 34 0.023830269 
414 1126 8 11 0.023812583 
374 1164 14 16 0.023714248 
754 1204 13 16 0.02355305 
204 1144 80 103 0.023496566 
627 1258 14 18 0.023462083 
239 1232 15 21 0.023440085 
564 139 85 120 0.023429036 
609 690 12 15 0.023314932 
702 1199 16 20 0.02327192 
708 1218 27 31 0.023158424 
582 1133 13 15 0.023056641 
652 1192 15 19 0.023056213 
221 1204 32 37 0.023032622 
335 1194 15 18 0.02295964 
69 805 21 27 0.02292754 
301 1126 13 16 0.022906506 
354 1299 44 55 0.022901403 
579 673 14 18 0.02287725 
163 1181 33 40 0.022794062 
359 1195 12 15 0.022739777 
148 1375 16 20 0.022722855 
332 1133 13 16 0.022706231 
663 1173 11 13 0.022705533 
336 1221 12 16 0.0225766 
204 1304 29 37 0.022468684 
210 1229 48 59 0.02242792 
527 1134 12 15 0.022337768 
290 1191 26 34 0.022327432 
189 1145 15 19 0.022264428 
590 1309 10 12 0.022212168 
42 1274 14 18 0.022208098 
38 802 12 15 0.02215233 
501 1131 11 13 0.022067647 
324 1323 13 17 0.02199871 
500 1208 24 30 0.021955645 
684 1160 13 18 0.021878619 
234 1270 30 39 0.021854065 
642 1212 21 28 0.021830522 
271 1217 46 57 0.021778537 
621 676 12 14 0.021733025 
710 1200 26 33 0.021709213 
697 1288 26 33 0.021636821 
550 677 11 13 0.021627186 
502 1293 12 14 0.021609133 
421 1090 26 31 0.021555483 
187 1177 47 58 0.021504594 
118 1327 24 29 0.021485329 
382 1193 15 17 0.02146007 
599 1142 12 13 0.021422481 
604 1284 10 15 0.021351993 
268 1343 13 15 0.021351494 
700 1252 11 14 0.021325443 
8 804 10 13 0.021304311 
356 1172 11 14 0.021199692 
438 1229 12 13 0.020978507 
603 729 12 17 0.020978438 
661 662 9 11 0.020976871 
611 661 20 26 0.020936748 
453 1342 16 17 0.020917803 
319 1250 44 55 0.020844966 
212 1219 30 34 0.020791736 
659 1136 11 14 0.020788003 
642 1204 16 20 0.020773109 
295 1203 13 16 0.020766018 
508 635 22 30 0.020733966 
423 1100 13 16 0.020707274 
495 1132 11 14 0.020699663 
627 1251 13 16 0.02068559 
308 1171 15 18 0.020674065 
357 1304 14 19 0.020659469 
287 1204 46 56 0.020658959 
594 1218 13 16 0.020646976 
604 1162 15 16 0.02064408 
579 635 11 14 0.02052176 
615 679 11 14 0.020512713 
622 1210 12 16 0.020468498 
268 1353 14 17 0.020390885 
589 1228 14 16 0.020365007 
624 658 21 27 0.020314954 
547 685 13 15 0.020310434 
233 1138 19 23 0.020245656 
144 762 13 15 0.020238299 
344 1061 91 119 0.02021434 
436 1164 14 17 0.020191738 
478 1188 12 13 0.020185389 
695 1245 13 16 0.020172277 
565 1143 13 17 0.020126577 
420 1334 21 27 0.02010962 
13 1312 15 18 0.020080635 
273 1133 27 31 0.02006778 
367 1201 15 18 0.020026255 
404 1167 11 15 0.020017965 
