18_Concerts_Concerts_18_1015
27
397 630 51 65 0.9985475 
151 625 55 65 0.99731976 
824 595 47 56 0.99609876 
622 624 44 53 0.9570615 
302 635 25 29 0.7173945 
783 638 24 30 0.24773462 
798 586 24 35 0.11813425 
45 623 17 22 0.083378054 
51 5 438 489 0.07539706 
957 629 13 16 0.052292265 
556 657 434 501 0.04960613 
385 873 29 33 0.044214323 
470 1132 13 17 0.04317065 
786 647 27 34 0.04142846 
472 1149 12 15 0.035789255 
504 1111 57 81 0.031755757 
469 1125 12 14 0.029295927 
89 1027 354 436 0.02868161 
622 1129 16 21 0.028493866 
315 700 360 533 0.028387886 
40 610 21 28 0.027230373 
793 635 19 26 0.024468236 
75 143 156 150 0.023477973 
925 1100 11 13 0.02281236 
966 749 24 31 0.021216922 
770 649 41 49 0.020791167 
261 632 26 30 0.020626176 
