18_Concerts_Concerts_18_528
47
466 124 69 93 0.9955841 
912 359 8 12 0.0742636 
252 479 25 27 0.060845975 
961 374 10 12 0.05881928 
940 328 14 18 0.054530036 
921 373 11 14 0.0521822 
846 390 10 12 0.05078907 
855 334 11 13 0.047652703 
677 587 13 16 0.046276722 
959 368 9 11 0.03491116 
699 612 11 13 0.034614183 
885 401 13 17 0.034121335 
887 382 9 11 0.032730643 
849 354 11 15 0.032334715 
853 362 13 16 0.029843284 
838 413 13 17 0.02958368 
920 366 10 13 0.028724631 
922 378 14 18 0.028546385 
702 566 11 13 0.028150717 
878 362 11 14 0.027859367 
845 340 11 15 0.027771387 
845 348 13 15 0.02694895 
917 358 9 12 0.026534121 
882 382 9 11 0.026351234 
828 381 10 12 0.026330452 
951 375 10 13 0.026166819 
844 394 12 16 0.025685096 
844 402 12 15 0.024649741 
992 366 12 14 0.024187287 
919 397 12 15 0.023708327 
886 410 13 17 0.023618903 
695 608 11 13 0.023300659 
924 366 12 15 0.022631282 
992 391 12 16 0.0224861 
888 376 9 11 0.022252968 
871 341 11 14 0.021754488 
162 74 405 516 0.021306843 
860 339 11 15 0.021201687 
812 347 11 15 0.021143975 
841 390 11 14 0.020625914 
992 350 11 13 0.02055321 
992 324 9 12 0.02052148 
893 375 9 11 0.020444179 
909 372 12 15 0.020294087 
862 414 10 12 0.020118652 
847 336 10 12 0.020086968 
759 75 13 17 0.020081308 
