18_Concerts_Concerts_18_504
1385
795 372 15 20 0.9576546 
519 614 41 47 0.9337166 
338 633 38 48 0.86576766 
608 470 25 32 0.72203285 
126 390 11 15 0.701548 
172 373 10 15 0.61497253 
292 417 14 18 0.57967395 
653 363 11 14 0.5413867 
184 389 12 16 0.519108 
775 472 17 22 0.4339124 
741 332 10 12 0.40694806 
941 278 8 10 0.37079048 
683 549 19 22 0.36686632 
270 379 11 13 0.31565404 
152 382 8 10 0.29934642 
510 399 8 10 0.29666233 
367 359 7 10 0.29568148 
791 326 8 11 0.29559413 
725 355 12 14 0.29298618 
200 371 9 11 0.29111677 
985 311 8 11 0.28509468 
336 389 9 10 0.28237405 
505 536 19 28 0.28230342 
755 538 13 16 0.27533463 
722 310 7 9 0.27532002 
452 412 10 13 0.2746648 
629 379 10 13 0.27369747 
160 551 22 32 0.26821953 
486 407 9 12 0.26775953 
594 384 9 12 0.26414022 
328 374 8 11 0.25358066 
184 357 8 11 0.24659681 
970 270 9 12 0.24600637 
287 394 10 13 0.2432157 
758 343 8 9 0.23729295 
624 325 7 10 0.226408 
87 407 8 11 0.22248466 
808 336 8 9 0.20782723 
150 367 8 9 0.20693365 
211 564 15 20 0.20619816 
471 393 8 11 0.20461239 
724 316 11 15 0.20428388 
135 360 7 10 0.19018842 
625 382 11 13 0.18886638 
129 361 7 9 0.18524393 
14 458 10 13 0.1841109 
591 350 8 10 0.18237118 
677 368 11 13 0.17996839 
822 328 7 10 0.17727122 
720 537 10 13 0.17702588 
974 289 8 10 0.17701116 
115 581 13 19 0.17532572 
759 389 10 13 0.1747384 
688 399 11 15 0.17469871 
522 389 9 12 0.17409432 
642 350 8 11 0.17335008 
610 364 9 11 0.17164166 
682 350 8 11 0.16875923 
558 405 9 11 0.16829807 
160 439 10 14 0.16779666 
253 383 8 13 0.1669628 
408 216 10 11 0.16536817 
648 343 8 12 0.16128081 
304 391 9 12 0.15838699 
85 429 10 13 0.1563748 
119 398 8 11 0.15283483 
686 349 8 11 0.15277763 
990 423 12 17 0.15132433 
989 278 10 12 0.14926389 
449 350 7 9 0.1489397 
503 416 7 9 0.14716192 
580 438 9 12 0.14653543 
617 335 7 10 0.14500281 
293 371 8 11 0.14358519 
327 419 11 13 0.14183636 
919 257 9 10 0.14111339 
383 350 7 10 0.13775204 
72 375 7 10 0.13692957 
207 356 9 11 0.13659582 
623 387 10 13 0.13657025 
401 382 8 10 0.1347398 
158 352 7 10 0.13285676 
306 329 6 9 0.13256519 
624 537 22 29 0.13153762 
838 216 11 14 0.13140897 
989 325 11 15 0.13077994 
303 352 7 9 0.13018005 
165 582 15 23 0.12994617 
154 353 8 9 0.12956311 
288 366 10 12 0.12940529 
38 408 8 9 0.12828606 
207 327 7 9 0.126218 
344 535 11 13 0.12483241 
43 579 12 17 0.12482585 
335 430 9 12 0.1239636 
519 374 7 9 0.122662276 
167 335 8 10 0.12247644 
223 367 8 12 0.12196391 
187 394 12 16 0.12186299 
715 574 13 16 0.12173636 
361 381 9 10 0.12123814 
585 358 9 11 0.12082823 
101 319 7 9 0.11911505 
663 460 14 19 0.11697355 
433 345 7 9 0.11694299 
333 419 10 13 0.11684313 
319 381 8 10 0.1152098 
552 343 8 9 0.11450286 
143 327 7 10 0.11276403 
423 349 8 10 0.11224601 
903 271 7 9 0.11203597 
673 371 10 13 0.111483626 
272 353 7 9 0.110887185 
319 390 10 13 0.11072939 
519 368 7 9 0.11014659 
892 255 10 12 0.10959929 
8 460 9 13 0.109041326 
64 407 7 9 0.10891461 
969 291 9 11 0.108911954 
136 409 9 11 0.108547315 
115 398 8 12 0.10840209 
34 358 8 10 0.10838704 
183 383 12 15 0.10801981 
407 365 8 10 0.10774019 
464 351 7 10 0.10770221 
145 391 9 11 0.10662731 
455 360 8 10 0.10641031 
778 328 8 9 0.105478555 
463 360 8 10 0.10448017 
1013 365 9 14 0.10435175 
57 344 6 8 0.104273394 
233 344 7 9 0.10397591 
290 336 6 9 0.10312245 
654 342 7 10 0.10287151 
639 357 9 10 0.102083504 
765 295 9 10 0.101965055 
647 324 7 10 0.10109542 
596 457 12 16 0.10069898 
112 367 7 10 0.10042794 
784 328 8 10 0.100329295 
519 455 8 11 0.10007534 
224 334 6 9 0.09980981 
87 487 10 12 0.09977693 
849 312 8 12 0.09974113 
600 343 8 11 0.09946833 
942 273 10 12 0.09883828 
833 341 8 10 0.098548315 
248 342 7 9 0.09839874 
111 389 8 11 0.0979237 
213 403 12 15 0.09745757 
489 264 9 11 0.0972592 
38 583 15 21 0.09711069 
186 335 7 9 0.0968209 
345 605 16 19 0.09601729 
82 390 8 10 0.09553373 
207 397 10 14 0.09499259 
82 337 7 9 0.09463681 
536 396 9 11 0.09453554 
287 413 13 17 0.09433404 
190 401 10 14 0.09426294 
841 333 8 10 0.09375057 
305 294 7 9 0.09360047 
202 320 7 10 0.09288107 
368 337 8 9 0.0922783 
874 344 6 9 0.09184067 
64 376 7 9 0.091806345 
392 361 8 9 0.091657326 
918 223 7 10 0.091344185 
56 375 7 9 0.091182984 
151 375 8 10 0.09029461 
646 348 8 11 0.09028662 
797 351 9 11 0.090087526 
637 366 9 12 0.089387126 
392 424 8 10 0.088911295 
536 326 7 10 0.08858972 
913 224 9 10 0.088470645 
160 336 7 9 0.08835625 
551 350 9 11 0.08804456 
813 492 41 54 0.08771661 
0 415 9 12 0.0876637 
889 259 8 11 0.08764342 
856 343 8 10 0.08740648 
367 342 8 10 0.08713027 
568 351 8 10 0.086986646 
449 345 7 9 0.086787894 
264 388 10 14 0.08665294 
48 406 8 10 0.08640979 
985 276 10 12 0.08622374 
873 270 7 11 0.08592892 
552 430 8 11 0.085866764 
62 495 9 12 0.08514186 
282 365 8 11 0.08499248 
617 341 8 10 0.084815726 
902 350 8 9 0.08460658 
2 389 9 13 0.084477305 
424 344 7 10 0.08442923 
724 311 9 12 0.083491 
992 283 10 13 0.08347612 
259 329 7 8 0.08316036 
612 373 11 12 0.08286489 
525 396 9 11 0.0821799 
510 337 8 9 0.08167094 
422 288 7 9 0.08157531 
169 327 7 9 0.0807537 
415 359 7 9 0.080744065 
438 345 8 9 0.08043887 
688 371 10 15 0.080417044 
774 310 8 11 0.08035978 
630 405 10 14 0.08027763 
584 374 8 11 0.07982926 
279 351 7 9 0.07943708 
606 541 37 48 0.07924542 
410 361 7 9 0.07885204 
932 578 15 18 0.07883646 
336 326 7 9 0.07875331 
32 336 9 11 0.07858377 
501 455 9 10 0.07786516 
239 335 6 9 0.07741736 
335 367 7 9 0.07732005 
513 366 6 9 0.07708179 
559 391 8 10 0.07705278 
688 303 6 8 0.07694806 
120 343 7 9 0.0769453 
329 369 8 10 0.076634906 
191 336 8 10 0.07649495 
502 360 8 10 0.07639987 
204 367 9 12 0.07638914 
398 336 6 8 0.076335 
361 376 8 10 0.07632585 
152 358 7 9 0.076231815 
361 350 7 9 0.07608906 
486 343 7 10 0.07560575 
488 399 8 10 0.07554943 
375 343 7 9 0.07551938 
686 409 15 20 0.07548312 
522 343 7 9 0.07487313 
586 351 8 11 0.07472467 
527 334 7 9 0.07467063 
345 510 8 10 0.07444194 
557 400 9 10 0.07410521 
318 230 7 9 0.07327998 
126 385 10 12 0.072944164 
551 356 8 11 0.07278823 
483 413 8 11 0.07276297 
177 309 7 9 0.072675064 
303 357 8 10 0.072458066 
592 344 8 11 0.072384425 
326 408 8 12 0.072246164 
522 397 8 11 0.07216423 
623 321 8 10 0.07213688 
866 294 8 11 0.07198401 
615 388 10 13 0.07182773 
496 342 8 10 0.0717405 
642 344 8 11 0.07170243 
618 312 6 9 0.0716343 
295 342 7 9 0.071579315 
513 374 7 10 0.07153984 
88 375 7 10 0.071373574 
785 296 8 11 0.071150936 
593 320 7 8 0.07068582 
820 350 9 12 0.07037823 
234 349 8 10 0.06981073 
95 336 8 10 0.06954303 
637 396 11 14 0.06950195 
319 325 7 9 0.06926616 
56 408 7 9 0.06911801 
574 352 7 10 0.068818085 
770 598 15 18 0.068588436 
455 344 7 9 0.06847517 
69 470 9 12 0.068215504 
39 319 7 9 0.06809036 
70 478 8 10 0.06804947 
399 342 6 9 0.06803927 
287 361 7 9 0.067990765 
599 320 7 9 0.06795279 
670 391 12 15 0.06788242 
393 365 8 11 0.067639336 
498 360 7 10 0.06740007 
887 344 7 9 0.06736136 
703 295 7 9 0.067108095 
504 340 8 11 0.06663793 
104 338 7 8 0.06644542 
136 343 8 10 0.06637779 
335 303 7 9 0.0662443 
367 364 8 11 0.06622799 
280 310 7 9 0.06618931 
86 494 11 13 0.066159435 
111 343 7 9 0.06606489 
613 382 10 13 0.065960325 
503 365 8 9 0.0659374 
161 398 8 11 0.0659033 
155 335 7 9 0.06554105 
328 429 10 12 0.06553735 
71 337 7 9 0.06550767 
612 360 10 11 0.065366305 
997 326 12 15 0.06528616 
636 373 10 12 0.06524559 
448 335 7 8 0.06518701 
466 392 8 11 0.06493302 
33 407 8 10 0.06492347 
401 389 9 12 0.06491929 
522 384 7 10 0.06480669 
473 334 6 9 0.06476151 
248 201 8 9 0.06476127 
288 328 6 8 0.06463374 
247 365 7 10 0.06462618 
3 440 12 16 0.064546466 
399 366 8 11 0.06436865 
297 318 7 9 0.064367965 
362 344 7 10 0.06430256 
226 436 14 18 0.06415748 
290 342 7 9 0.064153925 
602 305 6 9 0.064131536 
483 350 7 9 0.06407621 
693 373 9 13 0.06399616 
911 280 6 8 0.06360959 
879 247 7 10 0.06331617 
689 310 7 10 0.06315197 
417 375 8 10 0.06306564 
792 321 8 11 0.06277888 
494 597 60 61 0.06268245 
471 415 8 11 0.06258735 
202 325 8 9 0.062561184 
80 383 8 11 0.062415127 
595 312 6 7 0.062409732 
329 222 8 11 0.062395975 
351 359 8 10 0.062319554 
913 229 8 10 0.062137544 
535 320 8 9 0.062017996 
398 430 8 10 0.061897267 
441 399 8 9 0.06172274 
238 343 7 9 0.061697558 
814 334 8 10 0.06168301 
199 295 7 9 0.06156599 
568 427 10 12 0.061456103 
553 336 6 8 0.061354086 
602 447 9 12 0.061045457 
694 391 9 12 0.0610038 
538 295 7 9 0.060865954 
608 383 9 12 0.060732886 
973 264 9 11 0.060546584 
233 334 7 9 0.060464263 
553 320 7 9 0.06009185 
278 374 8 12 0.059922278 
242 359 8 10 0.059826367 
567 345 7 9 0.059800077 
170 421 8 11 0.059789307 
79 374 8 10 0.059743296 
350 336 7 9 0.059709225 
526 384 8 11 0.058653936 
266 352 6 9 0.058567133 
194 388 12 16 0.058512103 
392 400 7 9 0.058504265 
894 261 9 11 0.05834192 
989 272 9 11 0.05810043 
585 344 8 10 0.05804868 
87 336 7 10 0.05791774 
536 343 7 9 0.057904303 
383 285 7 9 0.057730883 
46 463 9 11 0.0575769 
495 303 7 9 0.05754004 
334 435 9 11 0.05747332 
245 286 8 11 0.05736354 
105 351 8 10 0.057346884 
192 341 7 9 0.05731885 
432 431 7 10 0.057285268 
622 312 7 8 0.057221647 
450 359 8 9 0.057151537 
331 593 25 29 0.05714266 
326 582 27 30 0.057052746 
368 318 7 9 0.056999337 
47 327 8 10 0.05695834 
423 336 7 8 0.056912955 
560 453 10 13 0.056769177 
696 311 8 10 0.056723054 
128 335 7 9 0.056624424 
681 357 8 10 0.056547675 
151 408 9 11 0.056359097 
576 332 9 11 0.056320447 
704 303 7 9 0.056062397 
975 309 8 12 0.05596738 
375 336 6 9 0.055929217 
686 294 8 10 0.05589018 
596 467 14 20 0.05562728 
440 349 7 9 0.05560159 
341 423 9 11 0.055442702 
592 336 6 9 0.055405628 
757 384 10 13 0.055152975 
600 311 6 8 0.055115167 
654 336 8 10 0.054998398 
377 367 7 10 0.054984964 
359 397 8 11 0.05482589 
519 167 9 12 0.054800026 
109 583 21 29 0.05474146 
400 376 8 10 0.05467521 
265 381 11 14 0.05456295 
383 345 7 9 0.05452912 
552 327 7 9 0.05448997 
49 442 10 13 0.05440729 
946 240 8 10 0.054332703 
574 415 8 10 0.054198436 
32 455 7 9 0.05418937 
865 326 8 9 0.054156654 
510 167 10 13 0.054102357 
567 415 8 10 0.054047186 
464 344 6 8 0.053928073 
246 360 7 9 0.05366521 
751 545 14 18 0.053169087 
110 611 12 14 0.0531373 
624 407 10 15 0.053048685 
791 353 13 17 0.05295309 
584 366 9 10 0.052880116 
184 328 7 8 0.052842077 
38 352 8 9 0.052680135 
568 329 7 9 0.052620098 
511 341 8 10 0.05259111 
554 311 7 8 0.052566327 
633 335 7 9 0.052560464 
569 356 8 10 0.05252215 
100 594 25 30 0.05228404 
218 372 9 11 0.05216037 
309 420 10 15 0.05210514 
777 390 9 12 0.052095786 
584 397 9 13 0.05206342 
649 335 7 10 0.05203742 
751 311 8 10 0.052030582 
419 287 7 9 0.051738657 
141 407 10 13 0.051669132 
673 318 7 10 0.051541474 
765 404 10 12 0.05151521 
83 406 8 10 0.05135888 
846 286 8 10 0.051354036 
312 359 8 10 0.051348202 
477 461 10 11 0.051262606 
602 337 7 9 0.051092166 
418 343 7 9 0.051077515 
945 244 8 10 0.05106776 
119 367 8 10 0.050870832 
346 469 8 10 0.050677963 
706 406 11 15 0.050573118 
233 329 7 9 0.05048538 
498 365 7 9 0.050116196 
544 358 8 11 0.050114837 
321 376 7 10 0.05001724 
473 311 6 9 0.049990974 
834 389 24 28 0.049803745 
520 360 6 8 0.049750585 
135 423 10 12 0.049689855 
220 402 13 15 0.049276244 
34 352 8 10 0.049257826 
669 496 21 29 0.049124107 
160 341 8 10 0.049118467 
190 352 8 10 0.049087666 
208 335 7 9 0.049080182 
197 396 12 16 0.049019415 
159 366 7 10 0.049014125 
895 280 8 9 0.049000792 
928 240 8 9 0.04897924 
161 564 24 34 0.048973445 
609 454 26 33 0.048922226 
21 359 7 9 0.048866685 
94 380 7 9 0.04872909 
890 281 8 9 0.04857077 
639 336 8 10 0.048553243 
336 321 8 10 0.04850638 
374 430 10 12 0.048461556 
248 337 7 9 0.048403047 
264 294 7 10 0.048225377 
2 462 8 12 0.048162606 
145 382 8 10 0.048109032 
665 318 7 9 0.048090383 
390 519 8 10 0.04799428 
607 336 7 9 0.047974065 
383 367 7 10 0.04791815 
325 351 7 9 0.047870312 
73 319 7 9 0.047808107 
381 501 12 14 0.047798816 
870 288 8 10 0.047680352 
530 328 7 10 0.047665887 
720 306 8 9 0.047630843 
528 374 7 9 0.047575 
482 295 6 8 0.047547072 
209 342 7 9 0.047394365 
109 383 9 12 0.04731541 
387 558 11 16 0.047260165 
618 327 8 10 0.047179528 
750 350 10 11 0.04715014 
447 436 9 11 0.047129758 
103 374 8 11 0.047123354 
375 382 7 10 0.047073238 
450 408 9 12 0.047052912 
58 319 9 10 0.047005303 
49 384 7 9 0.04697969 
344 352 7 9 0.04683943 
105 341 7 10 0.046773132 
418 336 6 8 0.0467588 
486 375 8 9 0.04665429 
145 375 8 10 0.046555195 
747 303 8 10 0.046551783 
639 391 11 13 0.046472482 
615 438 25 29 0.046394788 
341 429 9 11 0.046295054 
878 271 7 9 0.0460839 
449 587 82 86 0.0460474 
690 539 25 28 0.045897115 
215 344 8 9 0.045593314 
105 389 9 11 0.045553807 
831 303 9 11 0.045545917 
591 293 7 9 0.045539 
335 610 30 36 0.045534395 
893 328 9 12 0.04524454 
759 328 7 8 0.045161497 
646 391 11 13 0.045095403 
881 311 8 10 0.04506104 
417 352 8 10 0.04504508 
512 393 7 10 0.044790663 
185 296 6 7 0.04473872 
804 499 28 39 0.044535223 
505 531 14 21 0.044442285 
845 333 9 11 0.04442145 
633 398 10 13 0.044335175 
378 349 7 10 0.04433282 
938 309 9 11 0.044299047 
855 221 9 12 0.04428259 
585 404 9 12 0.04421272 
175 325 7 9 0.044200625 
82 397 8 11 0.0441584 
1005 352 9 11 0.04411983 
21 365 8 10 0.044047475 
229 372 8 11 0.044038497 
897 345 7 9 0.044029444 
667 456 11 14 0.043935183 
621 334 8 11 0.043624576 
310 293 7 10 0.0435825 
294 336 7 9 0.043558583 
367 376 7 10 0.04347802 
188 357 10 12 0.043453783 
895 228 9 11 0.043401737 
687 393 18 25 0.04335627 
64 438 8 11 0.043283958 
934 232 9 10 0.04321888 
503 438 9 12 0.043182082 
360 531 10 12 0.043177143 
465 585 30 37 0.043154784 
561 369 7 9 0.043135628 
53 480 9 10 0.043131046 
312 581 23 31 0.043040313 
833 315 9 12 0.0430292 
447 398 7 9 0.04300994 
178 306 7 9 0.042946007 
544 455 10 12 0.04292637 
799 343 7 10 0.04288578 
218 334 7 9 0.04274488 
275 379 10 13 0.042722434 
121 384 9 10 0.04257441 
143 360 8 10 0.04256252 
16 324 8 11 0.042499777 
560 335 6 9 0.04242707 
538 360 7 9 0.042394377 
313 375 8 10 0.042349856 
390 500 10 13 0.04233886 
48 334 8 10 0.04226842 
194 295 7 9 0.042232532 
664 340 8 10 0.042219196 
302 231 7 10 0.04219203 
576 312 7 9 0.04213469 
417 519 8 11 0.04207013 
827 493 50 58 0.042055923 
390 405 8 11 0.042023182 
238 350 8 10 0.041930523 
358 392 9 10 0.04191512 
240 373 8 10 0.041765627 
656 304 6 8 0.04174944 
498 297 6 8 0.041733064 
265 374 11 14 0.041625235 
110 360 7 8 0.041616235 
494 392 8 10 0.041601595 
281 360 7 10 0.041523118 
417 321 7 9 0.04151068 
561 665 21 21 0.041497443 
274 318 7 9 0.04148711 
625 376 11 12 0.041480128 
311 328 8 9 0.041331653 
478 444 9 11 0.041273892 
821 396 12 16 0.04113203 
894 248 7 8 0.041101363 
763 389 10 13 0.04106838 
360 405 9 12 0.041050807 
711 305 7 9 0.04100872 
464 288 8 9 0.040968254 
42 467 9 11 0.040920466 
242 365 9 11 0.04082452 
166 398 9 11 0.04081756 
167 544 25 32 0.04068149 
349 528 9 12 0.04064779 
334 624 32 41 0.040593844 
792 279 7 9 0.040559232 
333 222 8 11 0.040273625 
352 366 8 10 0.040239267 
122 336 7 9 0.04017801 
560 411 9 12 0.040118728 
685 356 9 11 0.04008092 
748 530 21 24 0.04003331 
678 319 7 9 0.039982215 
676 389 12 15 0.039953947 
903 279 8 9 0.039914906 
105 357 7 9 0.039836314 
593 456 21 29 0.03970922 
688 346 9 11 0.03962523 
453 350 8 10 0.039495256 
143 486 11 13 0.039449565 
65 335 7 9 0.039418105 
313 367 8 10 0.039182886 
621 342 8 10 0.03909554 
285 402 13 17 0.03908469 
17 319 8 10 0.039049204 
464 329 6 8 0.039042063 
417 381 8 11 0.03899725 
832 337 8 10 0.03896294 
783 332 9 10 0.03888541 
473 443 9 11 0.038881183 
1013 340 9 12 0.03877695 
247 319 7 9 0.03875336 
692 368 9 11 0.038663253 
128 343 7 9 0.03866096 
248 374 8 11 0.038658384 
393 342 8 10 0.038630176 
457 328 6 9 0.038579226 
970 311 8 11 0.03850097 
399 350 7 10 0.038494315 
505 320 7 9 0.03846586 
764 431 11 13 0.038463596 
525 343 8 10 0.03838183 
320 225 7 10 0.038337484 
984 240 8 10 0.038330797 
49 423 8 10 0.038288005 
728 289 7 10 0.03824527 
70 485 9 12 0.03822296 
86 398 9 11 0.038178623 
879 344 7 9 0.038151324 
512 360 7 9 0.038067617 
134 620 10 12 0.038049106 
64 487 8 11 0.03801158 
608 311 6 7 0.037999883 
408 285 6 9 0.03794407 
69 494 9 12 0.037938867 
80 423 10 14 0.03793036 
247 384 14 19 0.0378987 
778 472 23 31 0.037891783 
549 453 9 12 0.037880782 
409 326 6 8 0.037837565 
628 385 12 16 0.037795804 
560 374 8 9 0.037739918 
166 341 8 10 0.03773043 
261 587 12 13 0.037723057 
520 172 11 13 0.03771404 
430 423 8 10 0.037645694 
376 374 8 9 0.03754948 
113 327 7 9 0.037512794 
248 311 6 9 0.037511073 
551 424 8 11 0.03750672 
95 597 12 15 0.0374824 
270 367 9 10 0.037460957 
225 330 7 9 0.037434008 
781 381 10 14 0.03741392 
71 381 9 11 0.037411977 
110 350 8 10 0.037399452 
558 304 7 10 0.03731082 
177 357 8 10 0.037245404 
1 603 15 19 0.037202526 
514 454 8 11 0.03718333 
719 350 13 17 0.03716329 
968 246 9 11 0.037145242 
430 437 10 13 0.036966663 
492 397 9 10 0.03695593 
399 510 8 11 0.036689572 
245 424 13 16 0.03666993 
486 420 9 11 0.03666599 
766 290 7 8 0.036644965 
607 304 7 9 0.036629368 
49 401 8 10 0.03659702 
257 335 8 9 0.036565106 
507 524 15 19 0.036540236 
950 244 8 10 0.03647754 
649 359 10 12 0.03645648 
904 253 8 11 0.036386732 
528 264 7 8 0.036382347 
846 198 8 11 0.036382098 
332 373 8 11 0.03629858 
673 313 7 9 0.03620347 
71 445 8 11 0.036155693 
995 426 12 15 0.036084637 
709 539 14 19 0.036074392 
310 405 9 13 0.03602549 
487 288 7 8 0.036021188 
617 319 7 9 0.035952196 
368 430 10 13 0.035947002 
709 570 21 25 0.03586686 
511 328 6 9 0.035863534 
630 320 8 10 0.03583233 
6 385 9 11 0.035785582 
849 340 9 11 0.035752118 
873 348 9 10 0.03570212 
545 351 8 10 0.035615783 
363 358 7 10 0.035567444 
492 407 9 10 0.03552436 
218 367 9 11 0.03551791 
352 353 7 8 0.03545676 
510 319 7 9 0.03544102 
351 471 9 11 0.035375874 
55 429 8 11 0.035338096 
575 357 7 10 0.035149068 
895 575 11 13 0.03514019 
330 327 6 8 0.0351096 
543 302 7 9 0.035082996 
366 381 8 10 0.03501624 
557 430 9 12 0.034997195 
65 381 8 9 0.034975383 
822 332 8 10 0.03496566 
102 602 12 15 0.034929004 
823 394 27 34 0.034910914 
271 586 12 13 0.03489998 
326 390 9 12 0.034897745 
136 336 7 9 0.034866255 
558 494 11 16 0.03480411 
345 464 8 11 0.034771264 
597 465 24 31 0.034763765 
344 341 9 10 0.0347253 
376 390 9 11 0.034644306 
149 389 9 12 0.034614712 
736 327 11 13 0.03459734 
299 351 8 9 0.034586962 
848 263 7 10 0.03451203 
117 403 9 12 0.03446502 
873 254 6 9 0.034448665 
509 439 9 11 0.034310713 
4 413 10 13 0.034287583 
521 329 7 8 0.03425206 
121 327 8 9 0.034244727 
309 391 9 13 0.03423197 
852 379 12 15 0.034221705 
646 311 7 9 0.03414283 
495 454 9 11 0.03414269 
694 332 8 11 0.034123283 
879 279 7 9 0.034111515 
390 479 9 10 0.034110416 
746 350 10 12 0.034089096 
994 254 9 11 0.034087542 
87 327 6 8 0.034005743 
559 327 7 9 0.034001593 
783 199 11 11 0.033990774 
1014 277 8 11 0.033983298 
95 592 10 12 0.03389967 
63 325 8 10 0.033819903 
34 364 8 10 0.033809528 
687 289 8 10 0.03378973 
929 294 8 10 0.03377858 
417 326 7 9 0.033770602 
167 351 7 9 0.033750884 
431 321 7 8 0.033699237 
934 293 9 11 0.033648856 
121 319 7 9 0.033648603 
349 460 9 11 0.033647273 
756 346 11 13 0.03364423 
294 452 9 11 0.033631135 
384 469 8 10 0.033619147 
378 285 8 10 0.033613607 
600 412 11 14 0.033488005 
490 312 6 9 0.03348363 
168 582 23 29 0.033436187 
576 318 7 9 0.033409182 
304 290 7 9 0.033375096 
942 303 9 12 0.033323273 
209 310 7 9 0.033310756 
558 320 7 8 0.03327716 
538 239 7 10 0.033169474 
694 348 7 10 0.033091623 
567 334 8 9 0.033062678 
998 260 9 11 0.03303427 
367 295 6 8 0.03302939 
142 507 15 20 0.032990422 
859 507 31 38 0.03297141 
281 305 7 10 0.032930993 
928 288 7 9 0.032888196 
478 544 9 12 0.032886587 
938 304 8 11 0.032885034 
376 454 8 10 0.032868594 
374 319 6 9 0.03264637 
761 460 15 19 0.032635372 
1009 262 9 11 0.032635238 
29 305 10 11 0.032627594 
950 272 7 9 0.032589834 
37 336 8 11 0.03258231 
335 295 7 9 0.03257405 
16 305 8 9 0.032568734 
479 334 8 9 0.032547686 
794 578 29 33 0.03253432 
351 454 10 13 0.032488592 
935 248 8 9 0.032476004 
399 327 7 9 0.03243877 
464 304 7 9 0.032405566 
958 591 10 12 0.03235121 
415 304 7 9 0.032348644 
472 329 7 9 0.03231435 
903 231 8 10 0.032309998 
865 320 8 10 0.032269437 
426 431 8 11 0.03223511 
169 320 7 9 0.032233983 
245 394 12 16 0.032177992 
561 383 8 10 0.03211428 
558 310 6 9 0.032111466 
879 265 8 10 0.032067627 
182 375 10 12 0.0320119 
496 336 8 10 0.03198409 
184 401 11 15 0.03192984 
1008 254 9 12 0.0319155 
671 342 8 10 0.031909537 
394 328 6 8 0.031874124 
573 428 12 15 0.03184887 
79 484 9 11 0.031803392 
297 294 7 9 0.031792462 
801 335 8 10 0.031781733 
282 395 10 14 0.031773955 
725 552 16 23 0.031765755 
479 422 8 11 0.031723816 
319 427 10 12 0.0317129 
794 344 9 10 0.031704158 
297 359 7 9 0.03169141 
701 404 19 26 0.03167309 
385 422 9 11 0.031663723 
327 344 7 10 0.031505037 
294 447 8 11 0.03145314 
930 231 8 10 0.0314111 
465 334 7 9 0.031342506 
463 439 8 11 0.03128494 
65 445 9 11 0.03127451 
654 390 9 12 0.031272512 
986 320 18 24 0.031265885 
297 289 6 8 0.03119613 
33 461 8 10 0.031074688 
983 262 9 10 0.031049501 
363 312 6 9 0.03104835 
55 423 7 10 0.030965663 
562 266 6 8 0.030960547 
967 254 9 10 0.030922197 
703 309 8 10 0.030919189 
759 311 7 10 0.030895757 
182 305 7 8 0.030817302 
122 361 6 8 0.030810216 
614 404 14 17 0.030783039 
15 397 10 11 0.03074288 
353 297 6 8 0.030728577 
570 421 12 15 0.030717863 
713 325 9 11 0.030630259 
367 313 7 9 0.030594692 
160 328 7 9 0.030592779 
24 305 9 10 0.030536048 
871 278 7 9 0.0304011 
904 248 8 9 0.030373674 
581 430 11 14 0.03035559 
454 418 10 12 0.030323563 
149 397 9 11 0.0302848 
670 406 13 15 0.030267442 
6 310 10 13 0.030261384 
441 287 7 9 0.030229961 
691 436 13 15 0.030183703 
293 390 8 11 0.030176384 
759 336 8 10 0.030175043 
127 327 8 10 0.030147837 
286 425 11 15 0.030027615 
199 341 7 9 0.03000651 
766 300 9 11 0.029997908 
320 407 11 14 0.029994017 
200 337 7 9 0.02996737 
168 369 17 24 0.029839605 
167 358 8 9 0.029801488 
438 432 8 10 0.029794974 
585 392 9 12 0.029788125 
172 420 10 13 0.029739296 
424 322 6 8 0.02967889 
203 399 17 23 0.029660895 
31 391 7 8 0.029613428 
776 319 7 9 0.029587144 
864 216 10 12 0.029586487 
422 327 7 8 0.029572045 
722 350 19 23 0.029545864 
65 478 9 11 0.029524298 
554 392 9 12 0.029518519 
193 366 8 10 0.02949079 
606 350 9 10 0.029476669 
49 413 8 11 0.029451903 
650 371 9 12 0.029451495 
407 408 7 10 0.02940991 
375 327 7 8 0.029398765 
976 303 8 12 0.029397147 
455 399 8 10 0.029373998 
874 248 7 9 0.029362813 
590 364 9 11 0.02933864 
865 278 7 9 0.02933483 
47 359 8 10 0.029325671 
356 455 10 12 0.02932526 
873 264 7 10 0.029273208 
961 255 8 11 0.029267736 
838 316 8 11 0.029249402 
96 352 8 9 0.029216865 
840 199 9 13 0.029157976 
136 444 8 11 0.029154042 
752 316 8 10 0.029136894 
889 285 8 11 0.029133359 
381 390 10 11 0.029094966 
982 304 11 14 0.029091809 
264 205 8 11 0.029019125 
786 480 14 19 0.029006548 
108 486 10 13 0.02899406 
97 326 8 9 0.028991997 
169 295 6 9 0.028982135 
879 327 8 10 0.02887763 
71 440 8 9 0.028850513 
252 406 11 13 0.0288127 
334 610 15 18 0.028745653 
857 280 7 9 0.028742298 
157 382 9 10 0.028741188 
112 619 12 15 0.028730826 
390 285 8 9 0.028700963 
396 494 9 12 0.028695699 
762 300 8 11 0.028694741 
881 305 7 9 0.028693108 
599 445 23 29 0.028665168 
619 548 17 23 0.028626604 
256 305 6 8 0.028619379 
1008 246 9 12 0.02860121 
983 255 9 10 0.028550498 
888 247 7 9 0.028529935 
328 321 7 8 0.028473737 
485 590 35 41 0.028402494 
944 265 8 9 0.028389849 
49 480 8 11 0.028380297 
915 261 8 10 0.028378744 
32 411 8 11 0.028377306 
392 496 11 13 0.028372211 
159 405 9 11 0.02831271 
922 246 8 9 0.028310632 
193 318 7 9 0.028306322 
421 367 8 10 0.028302925 
664 313 7 9 0.028252652 
720 364 10 12 0.028248543 
988 315 11 14 0.02821783 
297 312 7 9 0.02821646 
663 389 10 13 0.028216038 
776 382 9 13 0.028195681 
186 383 20 25 0.028158817 
365 405 7 11 0.028145788 
629 578 14 17 0.028105719 
54 485 9 11 0.02808473 
598 358 8 10 0.028077068 
192 312 7 9 0.02807151 
184 497 13 20 0.028066983 
330 305 6 8 0.02803365 
40 479 8 11 0.028017426 
430 391 8 11 0.028015688 
892 396 16 19 0.028008154 
63 430 8 11 0.027953234 
141 344 8 10 0.027938657 
422 292 7 9 0.027917232 
490 392 8 10 0.027897362 
311 333 7 9 0.027881453 
320 305 7 8 0.02787304 
51 437 12 16 0.02784691 
174 414 11 13 0.027840985 
498 437 9 12 0.02782695 
344 223 8 10 0.027781991 
216 329 7 10 0.027773457 
87 382 8 10 0.02777075 
424 398 9 12 0.027736256 
598 377 10 11 0.02768431 
585 380 8 12 0.027675224 
369 325 8 9 0.027653718 
623 366 9 10 0.027619649 
521 295 6 9 0.027616946 
353 392 8 10 0.027566139 
440 360 7 9 0.027560836 
286 311 7 9 0.027558666 
63 305 8 10 0.027557177 
49 430 9 11 0.027549746 
448 295 7 8 0.027495805 
821 356 10 13 0.027487114 
384 335 7 8 0.02746463 
969 316 8 11 0.027441341 
31 326 8 10 0.027430693 
49 456 9 11 0.02742601 
933 237 9 11 0.02740873 
999 238 8 10 0.02740844 
899 271 7 9 0.027391035 
103 483 11 14 0.027380731 
254 376 8 11 0.027371582 
472 421 9 11 0.027354265 
866 311 7 10 0.0273506 
386 415 8 10 0.027315717 
537 312 6 8 0.027273426 
384 329 7 8 0.027254345 
473 269 9 11 0.027234497 
678 403 12 17 0.027225012 
1 611 16 21 0.027223125 
265 367 9 11 0.027169395 
497 431 8 10 0.027165629 
72 341 7 9 0.027115656 
303 311 6 8 0.02710284 
675 350 8 10 0.027090712 
417 365 8 11 0.02707277 
345 375 7 9 0.027062332 
431 336 6 8 0.027029468 
95 367 9 10 0.026978787 
355 476 11 11 0.026970217 
937 272 10 12 0.026969315 
40 384 7 9 0.026957083 
856 271 7 9 0.026952537 
936 254 7 8 0.02692482 
0 308 10 14 0.026909446 
845 328 10 11 0.026891371 
383 429 10 12 0.026871203 
186 342 8 9 0.026790757 
155 438 9 12 0.026788754 
733 532 13 16 0.026775694 
566 368 9 11 0.026737943 
512 190 8 11 0.026726915 
63 343 8 9 0.02672607 
816 343 8 10 0.026698204 
406 396 7 10 0.026686545 
897 303 8 11 0.026675316 
615 395 12 15 0.026671985 
411 218 10 13 0.026654115 
197 380 10 14 0.026637845 
15 310 8 11 0.026625922 
432 325 6 9 0.02659781 
822 402 13 18 0.026594287 
678 312 7 9 0.026564006 
719 312 21 27 0.026526926 
575 367 7 10 0.026516106 
537 365 7 9 0.026510542 
111 372 8 11 0.0265007 
936 286 8 10 0.026498415 
465 294 7 8 0.026482556 
718 535 20 25 0.02646661 
471 288 7 8 0.026462194 
400 396 8 10 0.026327433 
560 459 10 12 0.026321322 
429 397 9 11 0.026287993 
788 492 30 42 0.026234852 
479 329 8 9 0.026211169 
385 518 9 11 0.026200015 
958 279 8 10 0.026173811 
48 308 8 10 0.026142845 
15 444 9 12 0.026123803 
255 358 8 10 0.026118005 
399 320 8 9 0.026099917 
426 422 8 11 0.02609886 
288 288 7 8 0.02607069 
168 368 8 10 0.026054373 
927 224 7 9 0.026051076 
57 348 7 9 0.026027955 
386 358 7 9 0.025949556 
814 389 13 15 0.02593064 
807 544 14 18 0.025912259 
506 375 6 9 0.025908057 
758 436 12 14 0.025850706 
783 355 11 15 0.025842534 
81 412 9 12 0.025835652 
786 280 7 10 0.025815096 
41 325 8 10 0.025801266 
136 377 8 9 0.025743172 
903 238 7 9 0.025738917 
599 324 8 10 0.025717046 
631 311 7 9 0.025694046 
888 240 8 9 0.02564891 
911 301 8 11 0.025631927 
236 386 14 19 0.02559696 
102 396 11 13 0.025559874 
564 407 8 10 0.025553156 
54 390 8 11 0.025549592 
48 520 9 12 0.025539339 
904 311 7 9 0.025521688 
554 435 9 12 0.025519567 
337 359 7 9 0.025515156 
303 384 8 10 0.02545586 
487 295 6 8 0.025420986 
142 595 10 14 0.025416747 
84 475 12 15 0.025328252 
237 394 13 18 0.025327675 
697 317 7 9 0.025327463 
351 556 12 16 0.025284123 
636 380 11 13 0.025266571 
701 502 10 14 0.025253868 
256 585 10 12 0.025235258 
750 295 8 10 0.0252155 
768 319 7 9 0.025193267 
487 328 7 9 0.025185034 
135 303 7 10 0.025173558 
166 403 9 12 0.025173534 
174 370 9 11 0.025163542 
941 284 10 12 0.025152521 
104 368 8 10 0.025088774 
97 313 7 9 0.025079217 
554 304 7 9 0.02505542 
703 375 9 11 0.025051165 
826 625 50 52 0.025042886 
222 360 8 11 0.025034677 
100 477 11 15 0.025029691 
83 604 25 30 0.025025398 
1009 278 9 11 0.025013609 
529 319 7 9 0.024971709 
719 320 10 15 0.024963068 
926 245 8 9 0.024926167 
774 410 16 19 0.024918804 
352 487 11 13 0.024917133 
961 261 8 10 0.024880594 
648 304 7 9 0.024851434 
79 612 12 13 0.02484375 
64 464 10 11 0.02481042 
361 367 7 9 0.024810385 
512 446 7 10 0.024788119 
397 424 8 11 0.024766687 
855 337 9 11 0.024742942 
582 334 8 10 0.024720252 
686 93 383 448 0.024715241 
809 318 9 12 0.024704289 
889 223 8 11 0.024695136 
26 342 8 10 0.02458745 
605 571 11 15 0.024584034 
105 559 9 12 0.02447709 
943 294 8 10 0.024456037 
575 288 6 8 0.024443263 
291 396 11 13 0.024435403 
767 588 25 30 0.024416253 
319 358 8 10 0.024402937 
50 375 8 9 0.024373785 
83 467 12 16 0.024322392 
545 335 6 8 0.02430064 
15 352 9 10 0.024268305 
798 320 8 10 0.024260154 
226 505 15 21 0.024230193 
1006 333 11 13 0.024206331 
256 352 8 9 0.024158353 
91 611 13 15 0.024153639 
22 407 9 11 0.024127953 
713 320 9 11 0.024104236 
538 301 7 10 0.024017269 
1007 239 9 11 0.023971092 
801 285 8 10 0.023957452 
751 327 9 10 0.02394003 
903 303 7 11 0.023923177 
622 560 27 34 0.023920074 
481 288 6 8 0.023917167 
266 357 8 10 0.023895502 
408 413 8 11 0.023873918 
280 410 11 15 0.023862546 
496 374 8 9 0.023854336 
735 155 30 35 0.023852108 
544 328 7 10 0.023786578 
175 405 10 12 0.023695782 
674 366 18 23 0.023673171 
324 582 16 19 0.02366209 
298 412 15 19 0.023590771 
16 411 9 12 0.023580512 
695 379 11 13 0.02357748 
789 301 8 9 0.02357083 
1007 357 10 13 0.02354268 
542 238 7 9 0.023542216 
701 379 10 13 0.023534777 
587 412 13 15 0.023527212 
456 294 7 9 0.023468034 
9 350 8 11 0.02344715 
73 429 8 12 0.023437656 
880 287 8 10 0.02342638 
53 461 7 10 0.023411972 
127 319 8 9 0.023397805 
903 285 7 9 0.023386234 
37 365 9 11 0.02337218 
118 373 8 11 0.023357319 
588 396 12 14 0.023351334 
64 400 9 11 0.023332104 
570 321 7 8 0.023322878 
523 335 7 9 0.023317091 
361 287 7 8 0.023310661 
487 335 7 9 0.023306334 
183 290 8 8 0.02327748 
767 334 7 9 0.023233894 
1 468 9 13 0.023208305 
503 445 9 10 0.023168536 
410 303 7 8 0.02314841 
449 329 6 8 0.02314442 
63 310 7 9 0.023094418 
62 423 9 11 0.023093298 
261 287 9 10 0.023084532 
6 556 20 30 0.023076339 
159 375 7 10 0.023043115 
764 465 41 54 0.023019563 
819 373 10 13 0.022960912 
585 420 11 15 0.022955028 
643 320 8 10 0.02294901 
870 374 11 14 0.02293179 
629 326 7 9 0.022905437 
542 397 8 10 0.022847783 
42 503 8 12 0.022845613 
113 320 6 9 0.022829833 
689 391 9 13 0.022814294 
889 331 9 12 0.022805588 
73 501 10 12 0.022796635 
774 305 8 10 0.022770938 
665 395 11 13 0.022756219 
576 373 7 10 0.022720996 
209 305 8 10 0.022701273 
862 342 7 10 0.0226986 
856 347 9 11 0.022685248 
921 241 8 9 0.02267024 
231 395 11 16 0.022665935 
375 448 9 11 0.022659624 
990 238 9 10 0.022657333 
423 403 8 11 0.022654563 
312 289 7 9 0.022639215 
870 232 7 9 0.022616122 
360 337 8 9 0.022614628 
127 556 13 15 0.022608254 
808 329 8 10 0.022604503 
974 247 9 10 0.022604492 
841 269 9 10 0.022582382 
912 286 6 8 0.022558978 
521 188 11 13 0.022531588 
292 405 12 16 0.022530686 
252 205 10 12 0.022525596 
897 309 9 10 0.022504464 
798 327 7 9 0.022482226 
973 275 10 11 0.022468774 
614 428 13 15 0.02246321 
949 303 10 13 0.022454888 
679 325 7 9 0.022453766 
735 309 9 11 0.022445573 
584 304 7 9 0.022433516 
496 328 6 9 0.022428893 
679 344 10 12 0.022387788 
393 320 7 9 0.02238467 
864 300 9 11 0.022371285 
55 336 7 9 0.02236776 
319 367 8 10 0.022360595 
5 315 10 13 0.022355154 
564 470 10 15 0.022288108 
760 402 10 14 0.022262206 
377 304 7 8 0.022255754 
341 527 20 26 0.022244267 
565 390 8 11 0.022221012 
745 309 8 10 0.02219353 
182 309 7 9 0.022192273 
71 611 12 12 0.022189423 
585 319 6 8 0.022180546 
726 304 8 10 0.022171417 
447 311 7 9 0.022167217 
398 487 8 10 0.022148905 
429 443 11 13 0.022116527 
615 304 8 9 0.022094458 
73 313 7 8 0.02208975 
248 203 11 12 0.022076178 
331 583 16 19 0.022063943 
31 383 7 9 0.022053871 
109 557 11 14 0.022047708 
185 395 19 24 0.022001874 
801 280 7 9 0.02198719 
505 406 8 10 0.021976031 
33 430 7 10 0.021972043 
136 350 7 9 0.021952778 
390 415 8 11 0.021908287 
537 271 7 9 0.021898681 
1014 240 9 12 0.021888372 
265 583 21 23 0.021882707 
495 447 9 10 0.021860385 
263 344 7 8 0.021828648 
674 404 21 27 0.021773167 
128 620 11 13 0.021761946 
232 388 11 15 0.021744063 
797 187 15 17 0.021738308 
879 317 8 11 0.021699293 
312 582 12 17 0.021695565 
845 219 10 13 0.021690154 
846 281 8 9 0.021639304 
871 312 7 9 0.021617228 
871 327 7 10 0.021615414 
456 503 10 12 0.021601269 
974 254 8 10 0.021573361 
814 380 12 14 0.021572335 
78 446 9 11 0.021529453 
366 414 9 10 0.021521877 
966 474 33 37 0.021506442 
365 399 8 10 0.02146346 
441 328 6 7 0.021455213 
766 459 23 31 0.021432001 
49 389 8 10 0.021415405 
177 396 10 13 0.021415297 
879 240 8 10 0.021414457 
920 279 8 9 0.021410238 
525 455 8 11 0.021383142 
312 311 6 8 0.021378273 
79 357 9 10 0.02137587 
355 565 10 14 0.02133501 
721 392 9 11 0.021333145 
779 395 12 15 0.021304127 
807 395 12 16 0.021283995 
23 472 9 11 0.021252567 
457 304 7 8 0.021251965 
847 268 8 10 0.021223636 
79 422 19 24 0.02120997 
385 484 10 11 0.021201728 
214 305 8 9 0.02118942 
489 454 9 10 0.021166349 
712 356 9 12 0.021165362 
441 310 7 9 0.021153826 
868 390 11 14 0.021136317 
951 278 9 10 0.021103717 
206 321 7 9 0.021098133 
189 424 14 17 0.021085953 
613 449 15 19 0.021020673 
536 334 8 9 0.021019952 
377 461 8 11 0.020992912 
272 326 7 9 0.020981072 
479 270 9 9 0.020978533 
559 350 8 11 0.020967783 
400 406 8 11 0.020957353 
911 216 8 9 0.02095671 
803 433 13 16 0.020949675 
280 326 7 9 0.020942666 
119 349 7 10 0.02093084 
79 311 8 9 0.020919356 
254 199 9 11 0.020909736 
927 270 8 10 0.020880414 
71 621 28 32 0.020866586 
129 295 7 9 0.020861326 
659 461 22 29 0.020858949 
263 200 8 11 0.020848474 
625 305 7 8 0.02082308 
422 519 9 12 0.020814138 
767 328 7 9 0.020806288 
836 550 13 17 0.020802025 
513 460 10 11 0.020778447 
822 343 9 11 0.020758409 
488 257 8 10 0.02075021 
559 343 8 9 0.020731732 
479 398 9 11 0.02072481 
745 524 18 20 0.020700065 
158 413 9 11 0.02067595 
79 435 10 13 0.02067171 
312 343 7 9 0.020666922 
274 313 6 8 0.020664312 
818 287 6 8 0.020657917 
983 304 18 24 0.020643182 
920 218 7 8 0.020642972 
472 318 7 9 0.020626213 
295 328 8 9 0.02059766 
95 359 9 10 0.020558186 
31 399 7 10 0.020547254 
974 315 9 12 0.020523138 
265 375 19 23 0.020509388 
884 310 9 11 0.020495733 
0 304 8 12 0.020426875 
154 342 8 9 0.020388296 
238 328 7 10 0.020380756 
128 427 10 13 0.02033452 
344 357 7 10 0.020264147 
790 261 9 11 0.020257289 
294 382 8 11 0.020253178 
683 367 18 23 0.020245524 
94 484 10 15 0.020236563 
456 334 7 9 0.020235395 
69 463 10 13 0.020204835 
340 618 16 20 0.020193342 
559 449 9 11 0.020183766 
722 294 7 9 0.020180505 
1014 269 8 12 0.020165674 
976 325 9 12 0.02016536 
912 335 9 11 0.020144971 
328 521 8 10 0.020115586 
600 366 8 10 0.020081818 
606 343 7 10 0.020064501 
40 390 7 9 0.020059442 
444 165 11 13 0.020058429 
830 620 29 32 0.020057023 
351 341 7 10 0.020044606 
406 503 10 12 0.02001267 
494 204 10 14 0.020011306 
