18_Concerts_Concerts_18_60
29
502 399 26 34 0.9789767 
255 379 20 23 0.8602286 
717 405 16 23 0.12583585 
288 521 92 132 0.11879459 
67 188 150 203 0.1018196 
437 41 119 180 0.071154416 
709 480 20 27 0.0664871 
1001 625 24 36 0.064214185 
93 358 16 22 0.060304165 
983 608 9 11 0.059932027 
513 445 22 31 0.05363712 
950 588 9 11 0.032634895 
976 619 9 13 0.031271644 
978 615 9 11 0.029059596 
488 75 109 184 0.02833191 
927 657 9 12 0.027478557 
717 476 23 31 0.026744237 
936 600 9 11 0.024525197 
240 406 10 13 0.0234216 
981 612 9 12 0.023057504 
950 607 7 10 0.022626432 
456 510 32 34 0.022529736 
243 405 13 17 0.022075353 
720 471 10 12 0.021995535 
8 83 94 145 0.02181513 
806 536 9 10 0.021523073 
482 441 25 31 0.0206181 
487 485 31 36 0.020467244 
538 378 403 518 0.020100715 
