18_Concerts_Concerts_18_665
18
522 150 240 290 0.999954 
481 1043 454 421 0.23258306 
548 1290 160 120 0.14713186 
95 1029 82 116 0.13474217 
536 588 136 161 0.12836222 
538 10 359 474 0.10156316 
457 493 426 459 0.06953107 
540 1188 271 208 0.05497015 
266 961 29 40 0.039296817 
131 966 14 18 0.03191161 
449 1152 253 270 0.028950427 
674 189 15 20 0.023830904 
585 599 26 31 0.022841956 
533 621 282 223 0.022627942 
414 242 116 163 0.02130382 
951 972 26 31 0.02101791 
664 621 249 325 0.020604653 
118 965 26 30 0.020262608 
