18_Concerts_Concerts_18_486
23
284 189 201 219 0.9974451 
236 529 373 457 0.16729386 
350 663 228 246 0.13893558 
616 109 187 284 0.09851299 
440 252 418 493 0.08016191 
380 1018 86 59 0.07283893 
787 151 26 27 0.072409555 
266 170 141 165 0.067622066 
819 327 26 33 0.062231783 
336 90 218 324 0.03726421 
829 325 15 17 0.036266193 
150 79 337 399 0.035727948 
135 515 59 64 0.03392069 
790 161 26 28 0.03364247 
800 153 17 21 0.027464136 
773 195 23 29 0.024206022 
805 141 12 14 0.023551382 
352 21 366 465 0.022639252 
508 766 82 70 0.02190459 
317 919 397 503 0.021224642 
823 282 16 20 0.021181244 
392 235 114 164 0.020543758 
478 658 238 267 0.020295372 
