18_Concerts_Concerts_18_66
235
479 199 25 33 0.99910045 
626 246 37 50 0.9987582 
638 417 65 80 0.9969015 
441 363 65 92 0.9966054 
492 323 66 91 0.9944518 
808 264 39 51 0.9914726 
436 257 39 48 0.99034494 
197 246 34 43 0.99028146 
891 352 47 55 0.98630434 
925 294 39 45 0.98154503 
388 220 27 34 0.973651 
283 462 88 72 0.96933705 
220 313 52 70 0.96371555 
757 333 43 63 0.94423974 
506 179 20 28 0.9408839 
189 320 38 51 0.92637694 
71 318 53 58 0.92240626 
211 169 21 24 0.90345114 
26 266 29 45 0.89316154 
173 199 22 30 0.807024 
578 314 45 58 0.7949039 
287 158 18 22 0.75887334 
229 202 21 26 0.71744573 
457 166 15 20 0.6021758 
471 344 65 90 0.5267013 
333 152 13 18 0.49079606 
375 153 16 23 0.40626627 
760 171 13 19 0.40042934 
408 200 17 21 0.39840308 
301 201 15 20 0.380612 
528 168 18 25 0.38044676 
414 195 23 28 0.3536668 
736 297 30 34 0.33104232 
17 209 29 32 0.286912 
782 177 22 26 0.26071614 
890 172 19 23 0.24054062 
728 272 42 53 0.23965116 
509 162 14 18 0.21831459 
963 475 58 71 0.21530962 
361 188 18 22 0.20572208 
660 117 12 16 0.19020808 
579 191 16 22 0.18288974 
690 222 27 37 0.17122898 
950 201 48 63 0.16631791 
379 152 11 14 0.1539163 
517 137 13 16 0.14441413 
106 255 24 29 0.13819408 
579 177 17 21 0.13424993 
395 185 15 19 0.12300139 
639 183 16 21 0.12036825 
179 176 15 19 0.11684656 
405 182 12 15 0.110744305 
608 172 10 15 0.11067301 
622 161 14 18 0.10508422 
825 219 22 29 0.10271756 
457 253 28 39 0.100704625 
422 189 24 31 0.10029448 
173 163 17 21 0.09818934 
346 172 13 16 0.09258137 
430 127 8 10 0.09248168 
511 171 21 28 0.089018434 
576 173 14 18 0.07938472 
294 198 16 21 0.07844501 
585 185 16 21 0.07180092 
55 193 30 37 0.07173133 
696 160 29 39 0.07087266 
11 273 32 40 0.06942117 
769 211 17 23 0.06924179 
346 215 16 20 0.0681847 
326 149 14 18 0.066820815 
788 163 17 20 0.06647103 
246 188 14 16 0.06544395 
987 309 38 64 0.06518039 
349 165 12 15 0.06361661 
762 169 41 53 0.06303456 
327 126 9 12 0.061497163 
771 172 23 30 0.06001811 
174 178 25 35 0.059566725 
270 215 15 21 0.057736486 
615 142 11 13 0.05723522 
395 190 20 26 0.057168294 
900 242 47 53 0.05637089 
191 147 10 13 0.054057643 
908 296 41 49 0.05405101 
67 199 30 34 0.05398783 
762 166 24 31 0.051217243 
82 199 26 31 0.050190534 
877 327 32 42 0.049982976 
566 187 23 30 0.04976504 
173 158 13 17 0.049632456 
302 293 32 39 0.04947059 
457 139 11 15 0.048049647 
692 165 15 20 0.046937447 
585 170 20 26 0.046027854 
343 178 14 18 0.04585746 
240 299 52 69 0.045703653 
750 303 19 23 0.04513053 
406 174 11 14 0.044716887 
242 195 20 25 0.04451068 
7 185 49 59 0.044390645 
621 407 58 73 0.044350076 
320 153 13 17 0.04433945 
537 323 56 68 0.043998636 
877 306 39 49 0.04383192 
984 355 43 80 0.04363189 
348 134 9 11 0.042214215 
594 168 15 19 0.04156739 
889 256 39 49 0.04133891 
253 142 10 14 0.04106218 
880 270 38 49 0.04046789 
65 330 36 41 0.040290035 
592 165 12 16 0.039999552 
525 158 17 21 0.039728954 
877 335 47 60 0.039412834 
455 118 9 11 0.039125726 
873 287 37 49 0.03896106 
460 159 15 19 0.038816262 
352 231 24 31 0.038558986 
668 330 42 54 0.038219478 
523 226 23 30 0.03798777 
98 254 40 48 0.037921295 
253 250 23 31 0.037782818 
551 114 9 11 0.037539884 
684 236 38 54 0.037290066 
732 249 49 61 0.037252076 
402 208 26 35 0.03715681 
425 133 11 13 0.037149195 
548 249 24 31 0.03678249 
928 177 82 99 0.03646393 
180 158 13 15 0.036225826 
840 173 25 34 0.03613874 
420 155 11 15 0.035610374 
294 277 91 105 0.0349893 
925 44 76 69 0.034698624 
286 110 8 10 0.034126434 
631 115 9 11 0.03353122 
900 18 119 112 0.03347182 
767 214 44 57 0.03337437 
274 292 53 64 0.03301743 
513 132 13 16 0.03236779 
553 144 24 29 0.032132413 
326 202 13 17 0.03194939 
352 186 21 29 0.031581547 
275 240 16 22 0.03157885 
251 194 15 20 0.031501696 
40 174 49 59 0.031197261 
269 186 12 15 0.031167883 
1005 189 15 21 0.03080792 
399 179 21 24 0.030578125 
443 108 11 14 0.03054623 
902 271 41 51 0.029702691 
824 165 43 53 0.029526826 
595 385 58 73 0.02853199 
422 187 16 20 0.028409922 
212 256 29 35 0.028165162 
637 191 16 23 0.027965361 
828 183 15 22 0.027791707 
235 164 12 16 0.02778726 
405 186 22 26 0.02764422 
785 254 29 39 0.027384374 
935 62 44 44 0.027197693 
554 180 23 27 0.026614644 
347 198 22 30 0.02652438 
334 215 24 29 0.02645424 
974 203 30 44 0.02634191 
206 165 17 22 0.025970146 
781 200 43 56 0.025871085 
511 155 21 26 0.02578805 
299 211 16 23 0.025696803 
251 181 14 19 0.025547838 
219 163 23 28 0.025544843 
187 68 27 37 0.025440888 
178 160 23 29 0.025138026 
314 77 138 134 0.024981167 
792 168 17 24 0.024783952 
948 173 14 16 0.024642296 
719 289 29 37 0.024584778 
460 135 13 16 0.024523009 
46 85 16 20 0.024220072 
502 132 11 14 0.02417039 
100 187 27 34 0.024132134 
350 159 12 15 0.02408826 
-1 501 90 118 0.023815615 
199 73 25 33 0.023786323 
165 129 14 17 0.023739917 
328 230 26 32 0.023510357 
125 117 10 12 0.023483649 
889 212 50 58 0.023395931 
665 165 10 13 0.023292119 
853 156 12 15 0.02320104 
465 163 14 20 0.023123708 
790 172 25 34 0.023070568 
389 188 17 23 0.023065602 
301 170 13 17 0.022969455 
502 125 10 13 0.022948269 
378 163 16 22 0.022945812 
399 224 20 25 0.022895873 
410 180 13 16 0.022858001 
195 143 11 12 0.022841925 
572 220 22 31 0.022699904 
295 285 54 65 0.022679228 
812 218 29 36 0.022642512 
332 204 11 14 0.022327743 
305 134 9 11 0.02213609 
779 151 28 33 0.022107746 
844 236 31 42 0.022000918 
593 100 9 12 0.021907225 
260 186 15 19 0.021902792 
510 127 12 14 0.021848954 
261 203 21 31 0.02180805 
893 298 35 48 0.021795522 
205 156 13 17 0.021739038 
218 179 17 22 0.021694854 
590 68 116 122 0.021657173 
524 204 21 30 0.021598352 
282 202 24 31 0.021486646 
337 309 54 67 0.021364765 
554 204 25 33 0.021243088 
304 148 11 14 0.021207754 
556 172 15 17 0.021011088 
433 186 15 19 0.020984648 
307 171 20 28 0.020956192 
155 311 44 57 0.020920718 
286 151 15 18 0.020751432 
261 240 25 32 0.020736802 
683 183 16 20 0.02061992 
478 118 9 11 0.020593787 
315 201 13 18 0.020585893 
277 230 24 32 0.020519547 
409 223 16 22 0.020505434 
698 213 44 59 0.020463465 
601 166 19 26 0.020456713 
836 178 16 22 0.020400425 
738 340 45 61 0.020360716 
883 98 26 27 0.02003763 
