18_Concerts_Concerts_18_133
78
151 1013 32 43 0.9973671 
321 415 67 69 0.99694806 
659 352 64 79 0.9959991 
640 916 38 47 0.9942374 
457 961 39 44 0.94713897 
375 1020 42 54 0.17713685 
551 610 16 19 0.11099236 
622 982 13 17 0.091488585 
281 1254 8 10 0.081029795 
576 1204 10 13 0.0627154 
978 1067 11 15 0.06170973 
816 1006 34 38 0.061402645 
999 1038 8 10 0.060325455 
111 540 46 55 0.056470543 
169 875 406 413 0.054453723 
312 1208 8 10 0.05251083 
256 377 9 10 0.05153147 
462 635 13 18 0.050393417 
534 1074 10 13 0.047206175 
345 1021 45 52 0.043148503 
196 1126 16 20 0.04248166 
270 1276 10 13 0.038709536 
574 1071 12 13 0.038045265 
207 1146 11 16 0.036884595 
252 1229 12 15 0.03649189 
945 1077 9 13 0.033668417 
61 650 139 162 0.033196677 
319 1020 49 54 0.032951474 
130 576 34 42 0.032675155 
298 987 51 60 0.0309323 
545 665 14 17 0.030317977 
553 1079 11 12 0.030086035 
951 1071 10 13 0.029696675 
957 1073 13 15 0.029593522 
910 1087 11 12 0.029093802 
261 380 9 12 0.028641265 
179 356 116 143 0.028517244 
524 1069 13 16 0.02806692 
14 446 358 424 0.02788831 
189 1129 18 21 0.027361892 
305 1038 49 56 0.026697522 
559 1018 10 12 0.026468452 
964 1071 16 18 0.02608532 
571 644 96 140 0.025744988 
286 1223 8 12 0.025664266 
280 946 27 30 0.02523858 
131 424 15 17 0.025215548 
392 950 9 10 0.025179347 
391 952 45 54 0.025048662 
603 620 23 29 0.024420852 
269 1037 40 47 0.0243439 
557 596 11 13 0.024335453 
295 1019 46 57 0.024105474 
536 615 9 12 0.023598636 
56 333 9 11 0.023204912 
40 350 12 14 0.02319173 
357 995 53 68 0.023013182 
969 1063 21 26 0.022924934 
573 989 8 12 0.022813572 
569 1072 8 11 0.02273299 
99 598 162 169 0.022558797 
593 1110 9 12 0.021915399 
249 1232 17 22 0.021841522 
413 953 41 54 0.021461364 
113 25 457 523 0.021454113 
397 410 48 63 0.021156758 
1005 1053 10 14 0.021064311 
498 940 27 39 0.020950885 
541 613 11 14 0.020918155 
816 1013 47 63 0.020816743 
436 1031 14 18 0.020737348 
616 978 21 27 0.020651842 
945 1071 10 14 0.020649016 
99 461 31 44 0.02063648 
203 1130 12 17 0.020589296 
629 975 12 17 0.020556547 
627 983 14 19 0.020225715 
371 408 56 61 0.02014088 
