18_Concerts_Concerts_18_349
30
532 74 122 162 0.9999107 
380 322 35 43 0.47515887 
451 335 17 22 0.08007663 
383 753 328 455 0.07293907 
345 740 169 293 0.07285794 
456 97 364 481 0.06198152 
-1 793 43 84 0.047349393 
529 966 94 169 0.04709925 
380 296 17 20 0.046875946 
752 386 38 34 0.044948712 
338 788 119 168 0.03848565 
524 904 181 249 0.03577465 
612 490 14 15 0.034089196 
616 508 27 29 0.03261475 
334 317 11 14 0.032343812 
572 238 211 310 0.029893026 
564 999 54 107 0.029421212 
459 1106 96 151 0.026832378 
325 329 27 34 0.02652278 
261 652 28 33 0.02544549 
442 312 16 20 0.023408223 
460 619 364 471 0.022876048 
371 331 30 37 0.022805525 
5 506 41 41 0.021973025 
441 319 26 34 0.021939702 
548 700 16 17 0.021538606 
609 496 18 20 0.021115601 
258 690 313 433 0.020336842 
375 312 30 37 0.020225516 
397 325 27 34 0.020012807 
