61_Street_Battle_streetfight_61_50
41
453 155 40 51 0.9042303 
509 145 39 58 0.29089886 
195 57 34 42 0.20117885 
864 165 107 142 0.1965817 
713 380 106 135 0.15169175 
100 62 34 37 0.15015265 
406 139 41 57 0.11769718 
893 146 73 97 0.09743689 
418 91 43 61 0.070246354 
823 161 57 91 0.06848014 
924 470 60 61 0.06144476 
219 214 28 34 0.059171878 
831 150 90 131 0.057612192 
84 84 24 33 0.04317391 
262 126 27 34 0.04130942 
194 20 34 39 0.040762458 
306 56 15 20 0.04017036 
405 105 44 66 0.04017008 
245 89 22 25 0.03992969 
533 130 41 55 0.03878546 
294 52 23 29 0.037937634 
95 77 48 55 0.037929714 
524 125 13 15 0.03461736 
852 173 184 237 0.03335286 
188 24 48 59 0.032681927 
958 415 53 63 0.03131726 
374 114 47 73 0.030323844 
436 101 26 37 0.029359156 
79 83 13 19 0.029199883 
445 297 32 36 0.026851552 
23 194 47 57 0.025873844 
273 46 26 33 0.024939047 
158 24 85 111 0.024772963 
397 70 21 28 0.024473615 
417 122 17 18 0.024015324 
941 405 53 58 0.023957063 
86 0 198 247 0.023475438 
172 93 14 17 0.022716742 
181 116 16 19 0.022047905 
90 88 35 35 0.021766057 
720 309 108 113 0.02007784 
