61_Street_Battle_streetfight_61_162
43
535 248 62 88 0.9993807 
631 267 41 52 0.9958171 
41 425 52 58 0.9957461 
778 243 34 55 0.99099195 
826 125 87 130 0.97571886 
135 593 34 41 0.18768492 
813 145 60 94 0.104370415 
244 407 9 12 0.10208323 
210 474 12 16 0.06572351 
312 329 7 10 0.056629926 
358 416 12 16 0.05301485 
227 108 11 14 0.04957334 
399 368 11 15 0.04824771 
435 461 15 21 0.048112437 
439 487 11 14 0.04792927 
306 190 7 9 0.04635879 
435 628 34 38 0.04489914 
277 327 8 9 0.039910026 
257 459 10 14 0.03502736 
421 335 10 14 0.03476548 
260 455 10 13 0.033736542 
139 579 35 40 0.032197073 
814 258 32 45 0.03167664 
407 149 7 9 0.02864839 
359 404 24 31 0.027873311 
270 311 9 12 0.027764158 
410 336 13 18 0.027744694 
569 346 32 40 0.026855234 
293 319 8 10 0.026482992 
238 172 9 11 0.026284043 
488 336 45 60 0.026012577 
279 311 9 10 0.025710452 
266 310 8 12 0.025580317 
243 430 10 12 0.025552021 
309 190 8 9 0.025020944 
290 319 7 10 0.024184817 
20 425 23 39 0.023152938 
222 157 11 15 0.02292474 
255 476 9 13 0.02191012 
246 469 9 12 0.02160442 
295 312 7 8 0.021230312 
372 397 13 17 0.021054873 
151 589 35 39 0.02002769 
