61_Street_Battle_streetfight_61_211
67
272 521 35 48 0.9938949 
978 623 36 47 0.9920581 
36 507 44 56 0.9910858 
173 529 35 45 0.98157525 
833 164 78 156 0.98127705 
880 620 37 48 0.9770173 
126 543 37 51 0.9746752 
322 540 34 43 0.9736701 
989 580 34 44 0.96702206 
884 555 28 30 0.9611779 
909 561 35 42 0.9483857 
222 529 28 39 0.93125033 
261 948 131 107 0.7102089 
347 567 33 41 0.61937195 
952 580 22 27 0.58904415 
1010 512 13 25 0.25873178 
339 460 96 122 0.22511858 
406 950 186 183 0.21010552 
254 508 27 29 0.20800662 
285 624 444 489 0.1917873 
619 899 127 123 0.18848626 
901 556 30 37 0.18420327 
201 527 39 48 0.17529602 
753 194 93 117 0.1664084 
958 564 25 31 0.1308808 
960 530 14 17 0.12699217 
261 516 33 43 0.11645584 
293 932 77 75 0.11400246 
155 531 43 52 0.1107711 
114 884 51 52 0.09400342 
509 1233 439 473 0.07984726 
324 436 50 95 0.0794344 
320 526 54 68 0.07255446 
227 851 214 240 0.069553986 
741 218 62 84 0.047632627 
955 572 17 22 0.04761325 
785 205 102 137 0.041778255 
577 880 195 233 0.041725416 
928 678 41 53 0.03985304 
403 411 59 80 0.035996687 
491 962 116 140 0.033573803 
186 765 137 149 0.032189168 
743 245 26 36 0.03196076 
89 520 27 34 0.030750938 
876 539 43 51 0.030641098 
334 398 86 120 0.030046385 
873 565 30 33 0.028846264 
871 550 30 34 0.028410371 
526 798 200 259 0.028278295 
299 534 44 56 0.028218897 
307 931 47 40 0.027169567 
175 748 417 423 0.027126504 
466 906 209 220 0.026545862 
272 19 361 464 0.026190355 
99 523 31 40 0.02509246 
493 1362 15 22 0.024953105 
890 683 14 19 0.024559902 
344 435 401 445 0.023894902 
165 763 245 240 0.022904027 
768 262 68 88 0.02262009 
361 415 94 122 0.02256563 
729 550 18 18 0.021824686 
473 1004 90 87 0.021431431 
363 460 129 148 0.02091252 
349 902 188 204 0.020543974 
498 1360 17 21 0.020304972 
659 900 80 72 0.02023583 
