61_Street_Battle_streetfight_61_936
28
832 382 36 42 0.9919046 
129 265 34 44 0.98314255 
497 217 35 52 0.95196736 
671 326 32 37 0.8038697 
705 328 35 33 0.57137305 
970 260 37 45 0.36095273 
846 278 30 31 0.17431316 
956 313 65 92 0.1517885 
195 262 27 36 0.13212039 
484 265 24 29 0.058303017 
361 334 27 30 0.0530409 
380 529 27 33 0.042356957 
546 208 23 35 0.04058021 
148 272 31 36 0.03748392 
346 308 39 46 0.0320931 
675 312 51 55 0.030546589 
868 390 22 30 0.02969908 
52 257 14 17 0.02606991 
1006 206 16 20 0.02484311 
987 236 17 19 0.024142344 
355 344 20 22 0.024012385 
958 209 15 17 0.023609867 
995 265 29 37 0.023410022 
120 267 28 37 0.02301938 
867 215 99 116 0.02215687 
672 88 126 194 0.020733314 
964 273 55 78 0.020672994 
190 242 29 38 0.020007275 
