61_Street_Battle_streetfight_61_375
31
374 150 328 432 0.9955264 
321 736 44 61 0.32928202 
8 955 68 63 0.27944636 
519 808 102 121 0.18415932 
758 195 55 62 0.15434577 
570 54 78 67 0.12626044 
340 743 33 44 0.076000705 
0 869 43 56 0.05938876 
538 27 125 108 0.053840924 
301 720 72 103 0.0384046 
469 854 29 39 0.038020175 
526 898 14 18 0.037750583 
38 984 47 40 0.035786677 
542 844 39 45 0.031918723 
553 993 18 24 0.02961355 
227 842 16 18 0.029478686 
-5 914 100 108 0.02848476 
21 980 45 41 0.028070655 
498 707 37 38 0.02712783 
468 643 425 458 0.025525153 
503 875 16 19 0.024766147 
202 937 54 68 0.024670321 
256 762 26 34 0.024163539 
594 920 15 19 0.022956043 
346 647 30 31 0.022549009 
-18 846 84 105 0.021615878 
978 982 37 44 0.021161243 
562 837 37 44 0.021143122 
768 804 119 129 0.020909084 
3 864 30 35 0.020832703 
0 877 25 39 0.020312006 
