61_Street_Battle_streetfight_61_430
186
139 450 17 21 0.9957432 
570 471 24 34 0.9944852 
916 581 23 29 0.98236096 
795 458 15 18 0.9767933 
234 462 18 24 0.9727085 
863 486 19 22 0.9649169 
952 434 20 25 0.9623261 
839 459 19 22 0.9563257 
289 452 18 23 0.9493787 
453 451 19 22 0.9227884 
905 431 17 22 0.9167588 
198 461 17 20 0.90694577 
91 463 16 20 0.88852775 
622 463 22 27 0.88637036 
271 459 13 16 0.8739659 
691 452 16 22 0.8715149 
914 429 22 27 0.869616 
912 390 15 19 0.8675281 
519 459 19 22 0.8453942 
164 457 17 22 0.843796 
428 477 14 19 0.8197459 
965 534 40 74 0.7376426 
860 454 14 17 0.6994757 
372 461 22 34 0.6958346 
36 453 18 22 0.66952837 
477 452 15 18 0.64787704 
66 444 15 18 0.54437304 
552 469 15 19 0.41697282 
596 445 14 19 0.3971478 
672 444 10 14 0.39681906 
309 463 16 19 0.36162287 
413 440 10 12 0.30805868 
975 451 17 19 0.28117073 
756 443 23 29 0.24499571 
119 465 11 13 0.24215204 
136 416 16 18 0.23475297 
214 433 16 20 0.21546383 
140 381 12 14 0.20342325 
918 437 26 30 0.18798497 
51 456 14 17 0.18203923 
895 488 18 21 0.16783525 
1003 391 17 22 0.16619769 
379 476 15 23 0.121815465 
267 570 14 17 0.11435292 
553 472 23 30 0.11181735 
847 456 19 23 0.104763374 
937 481 24 28 0.09712709 
423 460 11 15 0.09543431 
994 437 16 22 0.09541592 
590 515 42 55 0.088053785 
764 103 22 30 0.08563043 
319 430 11 15 0.08385809 
1013 450 11 18 0.08337564 
674 437 12 16 0.081692256 
358 459 26 31 0.078763306 
268 510 12 19 0.078519166 
549 425 15 16 0.07765655 
214 448 15 18 0.07687887 
496 544 9 12 0.076876566 
708 451 15 21 0.07522303 
590 478 20 26 0.070127405 
849 431 10 13 0.06903124 
69 459 14 18 0.0651461 
728 445 13 19 0.06468377 
746 34 16 20 0.061609697 
171 463 13 19 0.059118208 
429 454 12 14 0.05823899 
972 455 22 27 0.057205588 
462 430 10 11 0.05699854 
499 468 13 16 0.052571576 
750 28 12 15 0.05206934 
518 469 17 21 0.051613946 
750 440 17 22 0.05159544 
737 459 18 20 0.051090587 
728 448 21 26 0.05008646 
405 424 9 11 0.04996208 
98 500 11 14 0.048928905 
279 552 14 19 0.04890269 
855 480 21 26 0.048569873 
260 513 14 18 0.048114236 
411 533 14 18 0.047805846 
733 42 22 26 0.04708809 
63 439 14 16 0.04627664 
310 465 23 27 0.04574018 
957 418 14 17 0.045415673 
380 451 15 26 0.045309577 
255 516 13 18 0.045031972 
91 477 16 21 0.042998247 
666 445 11 13 0.042474896 
592 448 22 28 0.040765192 
389 444 11 15 0.040440366 
985 408 16 19 0.04041985 
20 468 13 18 0.039971866 
572 419 11 13 0.03978827 
416 468 11 14 0.03920916 
676 450 12 15 0.038915835 
434 421 8 10 0.038355254 
238 491 14 17 0.037576858 
679 430 11 15 0.037180714 
299 456 19 26 0.036107484 
727 482 52 57 0.036043048 
767 87 25 30 0.03598017 
745 449 25 30 0.034660347 
557 518 23 32 0.03447027 
715 445 13 17 0.033348184 
180 467 13 18 0.03321381 
758 109 16 22 0.032845408 
244 491 15 18 0.032761775 
388 499 13 16 0.03250263 
972 420 13 17 0.0316533 
709 456 23 28 0.031388607 
323 473 14 18 0.031304527 
552 414 12 15 0.03127531 
168 420 12 16 0.031247236 
972 397 13 16 0.031139184 
465 448 18 24 0.030486632 
511 421 12 13 0.030296192 
253 564 11 14 0.030097162 
613 455 24 29 0.030067528 
79 414 10 12 0.029939841 
657 477 14 18 0.02898194 
841 470 17 21 0.028707344 
1005 444 18 26 0.02847191 
941 430 22 28 0.028347401 
368 475 27 36 0.02819444 
674 557 13 15 0.027754063 
127 540 13 17 0.027635107 
842 479 16 22 0.027487932 
726 460 25 28 0.027411439 
189 491 13 15 0.027183251 
261 568 23 28 0.026881704 
236 455 16 19 0.026855052 
923 452 18 21 0.0266807 
460 434 13 15 0.02640216 
726 50 25 31 0.026168367 
110 467 11 15 0.026131442 
59 457 14 17 0.025573388 
425 449 20 25 0.025360841 
96 428 10 13 0.025215963 
63 426 13 15 0.025119174 
431 429 10 13 0.024547795 
395 511 16 19 0.024340808 
996 427 17 22 0.024332285 
738 440 23 27 0.024304532 
386 451 14 21 0.024274953 
0 415 9 12 0.024249857 
814 484 14 19 0.023950327 
402 428 10 12 0.023730487 
254 612 14 20 0.023592616 
1004 381 15 20 0.023566518 
93 489 15 18 0.023497555 
281 544 22 32 0.023419447 
984 412 24 28 0.023338027 
386 478 14 21 0.023296729 
173 444 12 14 0.023005776 
127 535 12 14 0.02297506 
496 473 13 18 0.022969462 
317 454 22 31 0.022876386 
187 596 11 12 0.022814712 
339 467 28 30 0.022779593 
199 279 9 12 0.02259575 
417 459 12 15 0.022490567 
455 438 13 15 0.022315225 
224 575 10 13 0.022162765 
627 455 17 20 0.022021202 
269 556 22 26 0.021942604 
45 447 13 16 0.021707185 
39 404 13 16 0.021669026 
777 96 18 22 0.021654636 
288 446 14 19 0.021422867 
475 461 17 20 0.021357236 
568 414 12 15 0.021231353 
26 465 14 19 0.021225294 
75 465 12 17 0.021114916 
413 452 14 16 0.020996591 
416 422 9 11 0.020980768 
55 427 11 14 0.02096902 
261 475 14 19 0.02096066 
492 428 11 13 0.020937467 
959 521 33 59 0.020752031 
354 469 31 36 0.020744225 
96 438 10 12 0.020523524 
913 360 15 18 0.020504054 
219 457 15 20 0.020398784 
13 469 15 19 0.020106407 
783 556 13 18 0.020055337 
