61_Street_Battle_streetfight_61_546
27
425 151 22 31 0.7864536 
526 151 22 31 0.7809885 
827 5 30 32 0.072064966 
75 127 17 20 0.06939164 
534 143 25 35 0.06493849 
434 144 18 28 0.055624526 
114 130 16 21 0.050502162 
531 139 19 22 0.048597097 
130 163 24 29 0.036841765 
995 480 20 33 0.030806884 
31 94 17 22 0.030675126 
104 121 22 30 0.029724855 
412 144 29 37 0.027949788 
429 198 15 20 0.02757599 
109 115 15 20 0.026985854 
100 127 16 24 0.02656509 
114 120 17 22 0.024873855 
581 114 12 17 0.024127087 
709 32 15 18 0.023207115 
90 118 23 32 0.022495126 
520 148 38 48 0.022138566 
520 160 15 22 0.02188663 
526 195 24 29 0.02175662 
512 219 25 30 0.021649849 
436 130 23 33 0.021627225 
644 257 32 40 0.020936625 
598 97 16 19 0.02020544 
