61_Street_Battle_streetfight_61_815
21
342 238 51 60 0.9841889 
800 262 45 55 0.5856831 
113 102 471 476 0.5650325 
131 472 424 580 0.38488793 
1 398 40 57 0.08821064 
587 141 50 68 0.073128924 
127 241 50 54 0.059942547 
210 353 407 483 0.0415771 
789 228 79 102 0.039259993 
138 293 61 61 0.03715771 
270 337 111 103 0.03496375 
106 510 144 173 0.03314684 
709 253 186 243 0.031387925 
62 314 100 105 0.02804831 
751 84 189 272 0.026614005 
207 257 38 48 0.024558557 
844 588 73 84 0.02434756 
147 289 36 40 0.02348039 
758 357 114 127 0.021578275 
422 355 71 62 0.020247221 
118 234 37 46 0.020237451 
