61_Street_Battle_streetfight_61_432
159
645 320 26 34 0.99928445 
178 149 28 37 0.9972512 
637 518 33 43 0.99668866 
148 234 37 46 0.99610704 
101 152 29 39 0.9959858 
806 416 30 41 0.99530315 
846 324 23 29 0.9941293 
740 322 26 36 0.9906213 
621 271 23 29 0.98868775 
761 248 15 19 0.98782593 
966 374 28 33 0.9840322 
500 297 27 34 0.9834516 
586 218 17 23 0.9790573 
794 287 18 25 0.9767943 
899 283 16 20 0.9724504 
142 299 34 45 0.96465945 
845 273 18 22 0.96392584 
855 401 24 30 0.955408 
652 201 14 20 0.9545456 
824 268 12 15 0.95121694 
632 216 17 22 0.9490521 
708 396 35 45 0.9475754 
263 174 18 23 0.93578345 
524 209 18 24 0.897457 
796 263 13 18 0.8945743 
887 324 22 26 0.88807094 
833 287 17 22 0.8853934 
548 237 24 32 0.8748664 
414 530 30 40 0.8087064 
499 506 34 38 0.7618033 
212 209 29 43 0.7255822 
262 210 29 34 0.6282176 
187 109 12 15 0.5611457 
319 150 23 32 0.5475398 
934 271 9 12 0.5076057 
403 162 37 51 0.47757956 
507 185 17 23 0.4173192 
225 106 16 21 0.41589087 
615 244 12 16 0.38923013 
221 202 29 38 0.38395724 
715 349 20 28 0.37220418 
424 164 27 51 0.27165195 
952 372 25 32 0.2599747 
960 617 41 64 0.250703 
921 384 22 32 0.2172187 
833 347 15 21 0.20472434 
875 297 15 22 0.19836807 
229 196 26 31 0.17767587 
367 169 32 41 0.17134736 
224 313 31 33 0.16336645 
205 194 25 37 0.15928645 
156 124 23 28 0.1550352 
442 180 26 40 0.15373938 
793 358 24 31 0.15303992 
205 191 17 25 0.1422418 
324 167 23 34 0.14020845 
121 121 17 19 0.1296134 
382 167 45 56 0.121637665 
458 178 15 19 0.120988436 
320 117 11 16 0.10862249 
837 372 16 21 0.10842441 
763 356 21 25 0.10473377 
451 176 24 34 0.099041454 
157 170 15 19 0.09721422 
320 149 14 20 0.09380096 
596 299 12 17 0.0927676 
468 170 11 15 0.08447191 
940 295 15 18 0.08019155 
941 374 22 30 0.07861673 
238 204 28 35 0.07385335 
946 333 19 22 0.0720175 
830 302 14 19 0.067425266 
281 193 15 19 0.067415714 
298 212 23 27 0.06731688 
981 380 23 31 0.06418582 
942 330 16 18 0.06327145 
217 300 31 36 0.062485415 
510 175 12 17 0.061684188 
248 220 13 16 0.06137757 
275 213 26 34 0.060703542 
929 393 14 19 0.059735287 
250 208 28 33 0.059439484 
630 241 14 17 0.05905342 
372 176 17 22 0.057927262 
213 188 24 32 0.052488096 
543 248 25 36 0.052012302 
789 388 23 30 0.051551055 
214 323 47 53 0.0513864 
930 276 11 16 0.049909256 
733 234 12 16 0.049106456 
218 226 18 25 0.04843919 
513 180 14 19 0.047166627 
452 196 15 22 0.046479777 
948 326 16 18 0.04505472 
837 317 23 31 0.04482806 
307 205 15 18 0.044533152 
801 267 13 16 0.044527024 
926 282 13 17 0.044419695 
911 389 25 34 0.04408419 
983 316 14 18 0.04385564 
281 248 16 19 0.040296737 
825 308 20 28 0.037962776 
907 278 12 16 0.037400153 
643 248 14 19 0.036711205 
131 123 13 17 0.03412632 
187 226 24 35 0.03406047 
277 187 15 19 0.033589628 
132 116 10 13 0.033443045 
980 342 15 19 0.03341437 
823 286 19 27 0.03216721 
466 177 13 19 0.032000884 
182 107 20 24 0.03172992 
463 166 13 15 0.03155998 
822 305 15 20 0.031196969 
954 331 13 17 0.031079866 
349 115 10 14 0.030980553 
813 289 15 20 0.030978363 
218 211 17 24 0.030928278 
625 307 11 15 0.030413546 
339 175 14 20 0.029222764 
832 359 22 29 0.027242681 
278 200 14 19 0.027230741 
283 218 15 21 0.027140142 
417 521 44 61 0.026860971 
617 246 17 21 0.026857726 
918 291 12 15 0.026045838 
965 275 12 16 0.025998717 
325 187 16 22 0.02574039 
197 210 24 36 0.025731402 
371 161 13 19 0.02502203 
913 308 23 28 0.024900522 
458 163 21 30 0.024647258 
437 637 12 16 0.024561992 
313 148 38 50 0.02433482 
166 195 16 21 0.024160635 
162 157 24 31 0.024088698 
411 661 15 16 0.023673872 
82 290 18 20 0.023665957 
736 267 12 17 0.023210227 
336 170 26 34 0.022852214 
149 168 25 32 0.022833066 
852 305 14 17 0.022745961 
270 294 41 51 0.022041814 
741 263 11 15 0.021998184 
495 182 25 33 0.021927726 
211 287 32 38 0.02191991 
468 184 13 20 0.02174782 
727 232 14 20 0.021721248 
615 255 25 31 0.02127443 
391 154 34 43 0.021027353 
219 174 18 21 0.020907687 
141 126 11 15 0.020736892 
317 111 18 26 0.020676786 
676 619 21 34 0.020676402 
924 379 16 23 0.020405415 
329 160 17 25 0.020359509 
285 218 27 33 0.020293513 
213 162 15 21 0.020054922 
377 645 10 12 0.020001372 
