61_Street_Battle_streetfight_61_558
18
147 359 207 265 0.99982566 
702 535 35 44 0.98965704 
173 266 56 62 0.2192702 
248 148 25 29 0.14613345 
513 621 99 118 0.09593228 
617 807 21 21 0.04985733 
754 462 102 122 0.046508815 
531 457 185 272 0.04337804 
218 178 52 60 0.04017962 
696 682 192 269 0.036125313 
605 800 31 36 0.0301983 
64 504 426 473 0.029295824 
301 218 335 487 0.027863532 
744 562 46 53 0.025817446 
682 639 32 39 0.023753963 
172 254 40 47 0.021112699 
176 227 59 63 0.02040532 
110 107 371 470 0.0202503 
