61_Street_Battle_streetfight_61_158
46
611 174 85 109 0.9976573 
749 166 27 30 0.99245703 
875 192 31 54 0.99196285 
315 273 23 30 0.75778234 
345 356 49 60 0.3724679 
518 175 14 21 0.23448431 
309 286 24 31 0.17846517 
-17 504 237 259 0.12303481 
374 294 38 45 0.06952962 
858 169 13 17 0.05809956 
312 280 17 20 0.05433139 
1005 658 19 31 0.049559366 
1004 163 21 31 0.049531527 
357 382 35 42 0.048325848 
967 162 31 39 0.045777775 
496 201 29 36 0.041891742 
407 260 398 429 0.040370934 
216 138 9 11 0.039314292 
222 149 12 18 0.03912968 
950 164 28 40 0.036910076 
0 658 41 67 0.036646195 
521 171 24 29 0.035943985 
823 219 31 40 0.03562296 
981 162 15 19 0.03358299 
369 542 26 34 0.033447742 
549 157 40 48 0.032184735 
514 177 12 18 0.0293975 
947 169 16 23 0.028452888 
494 194 15 19 0.027330741 
407 216 15 20 0.027055088 
838 146 14 19 0.02686114 
316 269 36 53 0.026383057 
-39 434 361 427 0.026152037 
500 189 26 32 0.024101196 
332 272 29 45 0.023698874 
567 106 27 35 0.023679696 
992 157 26 35 0.02342043 
814 178 14 16 0.023233775 
597 349 230 269 0.022595666 
955 167 39 53 0.021994608 
742 156 42 52 0.021984886 
394 285 54 70 0.021833718 
801 171 14 17 0.021827579 
208 141 10 12 0.020734597 
497 200 18 23 0.020621909 
827 143 23 29 0.020010505 
