19_Couple_Couple_19_667
25
470 98 238 355 0.99849176 
565 105 276 357 0.926308 
108 698 471 480 0.81545526 
449 390 213 273 0.4606219 
380 836 383 510 0.40881062 
152 536 337 447 0.3417135 
517 747 409 537 0.24557152 
618 614 454 559 0.1940591 
478 491 133 173 0.14260447 
57 723 17 21 0.10858969 
245 10 27 31 0.09701096 
287 345 364 432 0.0938345 
161 1353 18 23 0.08810446 
122 1343 13 15 0.08541939 
424 199 218 336 0.06845035 
681 172 160 238 0.0675385 
626 419 421 508 0.04969454 
56 900 474 545 0.037091624 
47 1054 30 41 0.035800803 
379 84 16 19 0.031177443 
657 118 330 457 0.026767703 
49 721 27 34 0.02601589 
360 228 95 114 0.023446118 
377 75 27 31 0.023357252 
401 627 16 18 0.022096168 
