19_Couple_Couple_19_810
20
513 618 57 55 0.5448098 
482 346 16 21 0.27135262 
458 336 19 23 0.1726158 
87 325 116 133 0.049068894 
820 315 120 143 0.03231575 
415 533 70 48 0.032105546 
401 233 370 469 0.03110893 
559 106 115 132 0.029498486 
532 312 50 58 0.028284166 
728 86 347 449 0.027455654 
477 348 25 32 0.026204811 
463 342 27 33 0.025656613 
448 336 11 13 0.023898562 
448 344 50 58 0.023667172 
139 -65 513 433 0.023080047 
406 572 34 38 0.022464307 
358 126 80 113 0.022371938 
475 333 43 53 0.021902077 
539 322 62 72 0.021021707 
420 581 17 19 0.02046472 
