19_Couple_Couple_19_319
45
486 590 33 44 0.99027926 
494 579 29 38 0.1682448 
35 547 12 16 0.14052337 
468 595 26 32 0.095379196 
639 503 193 282 0.070275605 
897 404 52 71 0.06806919 
0 761 49 69 0.06649249 
1 500 9 14 0.05873436 
500 599 32 41 0.0587176 
57 1324 15 18 0.056300383 
48 761 18 21 0.054642797 
549 537 467 545 0.048649527 
2 492 11 16 0.04336097 
0 673 22 36 0.043252967 
498 579 18 23 0.04288739 
869 1039 9 10 0.038600747 
5 543 12 14 0.037256956 
47 534 8 10 0.034121983 
0 509 8 12 0.03193668 
820 321 41 57 0.030455751 
62 782 13 16 0.028609822 
972 774 14 18 0.028154612 
491 683 43 54 0.027912179 
25 533 11 14 0.027225893 
1009 765 12 17 0.027071087 
1001 435 21 34 0.026547605 
496 603 20 27 0.026367677 
394 618 16 21 0.025743319 
459 599 18 23 0.025248986 
400 644 12 16 0.02455225 
109 677 12 16 0.024117012 
13 518 9 11 0.024081709 
-2 811 26 43 0.023991795 
925 474 30 34 0.022400972 
450 814 24 30 0.02217462 
534 637 22 30 0.022162518 
927 763 11 15 0.02188 
972 758 10 11 0.021712009 
476 601 31 36 0.021495612 
758 931 25 27 0.020959945 
100 1332 11 14 0.020490257 
32 542 12 15 0.020230642 
668 541 13 16 0.020180495 
1004 510 17 33 0.020161139 
39 536 9 11 0.020013956 
