19_Couple_Couple_19_90
18
447 806 122 159 0.999899 
307 732 137 189 0.99950075 
601 1144 54 93 0.48181796 
433 1095 231 250 0.10292872 
494 1160 124 117 0.072502844 
356 759 150 184 0.06961389 
31 1502 37 31 0.06881791 
548 1147 95 118 0.06425539 
331 932 426 412 0.06006748 
782 1079 118 133 0.04383687 
92 1501 31 34 0.040612783 
39 1484 51 48 0.034750953 
68 1485 44 45 0.034498576 
1 1469 48 62 0.027734134 
172 1491 28 33 0.024981271 
764 912 128 171 0.023680413 
94 1486 12 18 0.022328844 
102 1455 28 32 0.021287674 
