34_Baseball_Baseball_34_580
20
437 107 163 200 0.96486825 
459 571 394 431 0.5623386 
173 449 206 279 0.25171074 
822 1047 124 156 0.2359434 
88 665 200 253 0.14577569 
774 561 118 166 0.11663118 
229 424 137 183 0.0685554 
746 477 93 117 0.05192428 
402 875 374 491 0.048530392 
420 689 12 15 0.047409695 
482 687 113 151 0.04636795 
756 506 99 151 0.037612133 
776 1069 129 167 0.033736553 
162 746 390 539 0.030449657 
59 496 332 436 0.029751904 
765 951 190 283 0.029106302 
472 690 30 42 0.028176364 
735 403 26 30 0.023212267 
402 292 99 125 0.020935664 
328 503 366 468 0.02093223 
