34_Baseball_Baseball_34_391
31
58 261 24 28 0.9839392 
553 134 31 36 0.35740235 
749 74 41 76 0.26448634 
634 114 42 44 0.2210653 
779 73 59 84 0.16362582 
85 317 13 16 0.097040564 
85 345 9 12 0.075538486 
517 208 58 64 0.06527084 
558 110 40 54 0.06503653 
86 354 30 38 0.05888173 
569 97 40 53 0.053683504 
427 342 31 33 0.04773906 
589 62 45 54 0.047678944 
70 332 11 12 0.046402816 
370 372 27 36 0.041310597 
419 352 31 36 0.03894828 
639 74 50 67 0.03789062 
784 84 89 103 0.035129387 
584 85 45 57 0.032533944 
616 87 81 97 0.032426294 
121 131 16 19 0.031920232 
530 234 65 71 0.031443056 
395 362 44 45 0.029258752 
645 65 86 122 0.02895823 
64 327 10 12 0.028050752 
419 620 60 63 0.02591476 
53 92 11 15 0.02497871 
858 433 105 115 0.02425291 
544 209 70 71 0.02343583 
459 341 11 12 0.023024898 
719 55 69 118 0.02158501 
