34_Baseball_Baseball_34_350
261
605 276 14 16 0.88890594 
655 275 13 16 0.7916253 
623 263 11 14 0.48583922 
189 137 9 12 0.40820932 
217 95 12 13 0.3930735 
585 262 12 14 0.3927598 
973 101 11 13 0.3883365 
840 118 8 11 0.36398977 
907 95 10 11 0.3552083 
595 334 10 13 0.26108545 
606 287 13 16 0.25784424 
119 7 10 12 0.24890603 
801 143 10 14 0.23973274 
784 97 10 12 0.23349415 
428 493 26 25 0.21308072 
89 117 10 12 0.18730782 
896 117 8 10 0.18512762 
359 31 8 11 0.16709062 
673 262 11 14 0.16587502 
684 21 11 13 0.15237431 
400 9 9 12 0.14117867 
897 30 8 11 0.13434838 
553 112 8 11 0.13215736 
906 99 11 13 0.12928396 
909 6 10 12 0.12349409 
486 126 9 12 0.120653756 
636 312 13 16 0.118791 
508 30 8 10 0.11817583 
526 88 9 10 0.1168877 
620 366 11 13 0.115422584 
921 89 8 10 0.102599636 
205 125 9 10 0.10066444 
962 118 8 11 0.09667427 
482 94 11 12 0.09296882 
997 62 8 11 0.09289804 
408 31 10 12 0.092380546 
15 63 8 11 0.09122308 
615 255 8 10 0.0907429 
694 284 11 13 0.09016088 
237 119 8 10 0.0892118 
649 274 12 17 0.08828821 
885 88 8 10 0.08720052 
121 142 8 10 0.08596864 
641 268 10 14 0.08350486 
542 134 9 11 0.08236808 
753 22 9 11 0.08173204 
204 120 9 11 0.08004554 
132 63 11 13 0.07886438 
666 4 10 12 0.077349685 
646 269 12 16 0.07683048 
935 110 7 9 0.07427592 
406 9 9 11 0.07270695 
9 61 9 12 0.072301544 
174 125 7 10 0.0699409 
599 35 9 11 0.06882798 
17 7 9 11 0.068451665 
329 7 9 11 0.06717625 
958 4 9 10 0.065273285 
857 151 9 12 0.06413687 
646 264 9 12 0.063253686 
864 95 7 9 0.062718384 
999 56 9 11 0.06196642 
567 105 8 12 0.060909446 
921 120 9 10 0.060748886 
556 117 9 11 0.06042029 
611 269 15 17 0.059740424 
505 24 9 12 0.059332605 
871 97 9 10 0.059089452 
96 0 9 9 0.05855644 
801 4 9 11 0.058253586 
73 96 10 13 0.057896253 
660 279 12 15 0.05768424 
998 84 9 11 0.057522308 
89 22 8 10 0.056435775 
566 31 10 11 0.056250215 
5 120 9 12 0.05537448 
602 7 9 10 0.05490821 
345 7 10 11 0.05444574 
56 53 9 11 0.05405377 
594 131 8 11 0.053092055 
453 13 9 10 0.052244138 
134 28 9 11 0.05109034 
646 317 11 14 0.048936192 
813 109 9 10 0.048869453 
71 100 10 13 0.048800763 
579 317 12 16 0.048393834 
957 29 9 10 0.048021283 
954 31 9 11 0.047732968 
608 153 9 12 0.04742369 
688 284 12 14 0.04715379 
757 22 8 10 0.04636975 
902 109 10 12 0.046322227 
553 159 8 10 0.046058983 
666 274 14 18 0.045697108 
30 28 8 10 0.045549676 
934 104 7 10 0.04521659 
495 127 9 12 0.044117257 
910 135 9 11 0.043709394 
54 26 12 13 0.043515198 
692 287 15 19 0.04345434 
899 117 10 10 0.043214817 
549 5 10 11 0.04303626 
922 125 8 10 0.04199108 
861 154 9 11 0.04178635 
913 142 10 12 0.04171302 
739 90 15 19 0.04140205 
791 181 9 10 0.04133316 
994 185 7 10 0.041099884 
38 102 9 10 0.041097067 
1008 46 9 11 0.04082978 
487 121 9 11 0.039818663 
349 14 8 10 0.039162822 
926 94 9 11 0.03902491 
749 94 12 14 0.038788162 
687 278 11 14 0.038691644 
538 31 8 11 0.038575865 
615 33 8 10 0.03770367 
865 31 9 12 0.03762091 
816 176 10 12 0.037091285 
5 45 8 12 0.037048753 
929 112 8 9 0.03703254 
622 283 10 14 0.03694909 
498 133 9 10 0.036788452 
857 95 8 9 0.036682304 
839 101 9 10 0.035983805 
215 89 19 24 0.03573316 
832 112 7 10 0.035562057 
616 261 12 15 0.0354083 
425 111 11 13 0.0351281 
653 319 14 17 0.03511417 
641 339 10 13 0.035058036 
874 63 8 10 0.035047557 
846 32 9 12 0.034672614 
473 134 9 12 0.034436576 
953 0 9 10 0.033567455 
587 272 14 16 0.033246413 
440 37 8 11 0.03319928 
382 0 10 9 0.033078287 
40 111 8 10 0.032923132 
135 166 11 15 0.032879483 
990 126 8 10 0.03284983 
47 47 12 13 0.03250266 
630 32 8 10 0.03215341 
552 268 11 13 0.0319561 
108 155 12 14 0.03167675 
21 63 9 12 0.031551212 
891 117 9 11 0.030920088 
64 71 11 13 0.03070765 
61 55 11 13 0.030671965 
675 274 13 16 0.030665623 
330 12 11 14 0.030556897 
16 110 9 10 0.030511176 
649 324 11 14 0.03031024 
901 29 8 10 0.030289963 
352 56 10 13 0.030009342 
598 132 9 10 0.029946214 
558 111 8 11 0.02978212 
894 7 8 10 0.029467868 
621 274 12 14 0.029364042 
738 12 8 11 0.029333578 
509 36 10 13 0.029211242 
834 117 9 11 0.029136341 
890 111 8 11 0.028914249 
902 24 9 11 0.028896801 
864 137 8 10 0.028737396 
1007 157 7 10 0.028217549 
853 15 10 12 0.028064772 
459 224 574 373 0.027792724 
644 340 14 15 0.027470628 
679 119 8 10 0.027415322 
143 36 10 11 0.027211638 
95 13 10 12 0.027135955 
644 309 10 14 0.02704273 
600 271 11 16 0.02688245 
595 344 14 17 0.026421862 
567 97 10 12 0.026395144 
7 56 7 11 0.026273547 
782 36 9 11 0.026253961 
597 330 11 14 0.026090305 
374 37 8 10 0.02607978 
26 29 9 11 0.02598435 
1007 52 10 12 0.02598404 
391 7 10 12 0.025926016 
911 39 8 10 0.02563277 
572 255 10 13 0.025333522 
184 128 9 10 0.025326598 
422 5 9 11 0.025175225 
301 57 13 16 0.025149079 
109 24 10 11 0.025143286 
37 96 9 12 0.024985181 
637 304 14 17 0.024737962 
72 27 11 14 0.024594046 
732 77 40 52 0.024506839 
129 29 8 11 0.024461133 
652 315 26 29 0.024447002 
630 324 11 15 0.024360511 
930 101 8 11 0.024258448 
788 100 8 11 0.024204878 
903 90 17 22 0.024055425 
983 0 9 8 0.023973681 
660 317 15 18 0.023789175 
182 129 19 25 0.02367323 
628 274 12 15 0.023430131 
541 30 9 11 0.02336354 
17 104 8 10 0.023342889 
54 88 9 11 0.023182672 
700 279 9 13 0.023126982 
382 6 11 11 0.023074199 
994 85 9 11 0.0230607 
610 254 8 11 0.02303664 
48 28 10 12 0.022929598 
238 124 9 10 0.022881085 
488 62 11 11 0.022794168 
969 96 10 13 0.02278487 
954 24 9 11 0.022748474 
800 22 10 13 0.022677045 
150 32 8 9 0.022551484 
1002 157 8 11 0.022440406 
694 326 12 14 0.022404993 
905 90 9 11 0.022393215 
953 36 9 10 0.02236215 
987 127 7 10 0.02232283 
1015 136 7 11 0.02228934 
54 38 10 13 0.022257663 
666 108 9 12 0.022134013 
526 120 7 9 0.022123644 
149 86 12 13 0.022049129 
668 318 13 15 0.021957476 
606 32 8 11 0.021874083 
638 333 12 15 0.021666175 
907 106 12 13 0.02160183 
993 57 9 11 0.021480532 
605 334 10 12 0.021467429 
731 84 25 33 0.02142842 
509 42 11 13 0.021387266 
653 308 12 14 0.021238767 
653 302 10 13 0.02115731 
896 35 9 11 0.021104697 
700 328 12 14 0.021050232 
126 37 10 12 0.02102594 
214 135 10 11 0.020906555 
675 412 13 16 0.020899266 
1 61 9 13 0.020770743 
23 69 8 11 0.020747805 
967 107 12 15 0.020738192 
238 112 8 11 0.020709272 
933 21 8 11 0.02070572 
376 0 9 10 0.020670697 
538 25 8 11 0.020606548 
96 5 11 13 0.02054964 
755 94 11 13 0.020467332 
128 65 12 15 0.020464297 
791 31 10 12 0.020457879 
151 92 10 12 0.020450274 
267 234 31 41 0.020364804 
897 150 10 11 0.02035382 
999 188 8 11 0.02029323 
642 311 20 25 0.02025138 
232 123 10 11 0.020248465 
966 125 8 9 0.020142496 
671 256 18 24 0.020023707 
