22_Picnic_Picnic_22_208
35
113 292 70 90 0.99843353 
705 214 80 97 0.97423404 
185 465 41 45 0.21342792 
220 569 54 51 0.12596337 
185 569 63 49 0.11518283 
564 527 10 12 0.09423562 
9 457 15 18 0.08949524 
445 502 10 11 0.0766974 
241 508 34 36 0.057571415 
499 545 13 18 0.055573273 
392 470 10 11 0.050393187 
406 478 8 9 0.039916385 
186 492 31 36 0.036505554 
358 536 9 10 0.03384615 
335 583 11 14 0.031597912 
525 528 8 9 0.0314925 
742 227 68 79 0.031490784 
398 471 8 10 0.029298287 
545 550 8 11 0.025787761 
1 460 10 16 0.025633845 
318 512 9 10 0.025235783 
497 542 11 14 0.025204051 
501 484 11 12 0.024450002 
367 535 8 10 0.02394023 
5 438 9 12 0.023762213 
502 536 11 15 0.023715794 
-20 308 451 486 0.023472391 
357 486 9 11 0.023335354 
427 461 9 10 0.022953395 
3 463 18 20 0.02275694 
23 451 14 18 0.022042273 
327 533 11 13 0.021913085 
334 584 30 31 0.021524591 
759 422 137 156 0.020450123 
225 470 47 50 0.020031378 
