22_Picnic_Picnic_22_688
19
624 20 185 207 0.9993789 
516 1321 56 73 0.31982026 
367 398 439 567 0.26967382 
326 564 149 126 0.1322751 
310 477 220 266 0.077322595 
427 557 275 333 0.064578325 
277 320 403 415 0.060433954 
788 665 46 54 0.0544613 
447 1183 202 256 0.052946877 
363 1093 354 417 0.052120782 
483 1284 92 117 0.049398884 
141 -17 425 485 0.046450414 
401 861 434 507 0.029302219 
983 258 43 70 0.027744358 
869 627 16 18 0.027123664 
1012 1452 11 18 0.025084931 
835 336 35 33 0.024441604 
1004 316 23 39 0.022769324 
357 1125 199 297 0.02098923 
