22_Picnic_Picnic_22_290
130
415 411 28 37 0.9997962 
344 411 28 41 0.99919707 
617 417 28 36 0.9958923 
280 425 19 35 0.98127043 
550 429 22 35 0.4237976 
895 77 13 16 0.26507875 
807 3 11 13 0.24171136 
612 513 27 32 0.18338534 
601 426 15 20 0.17725639 
951 55 8 9 0.1576825 
861 70 10 12 0.15038745 
918 31 8 11 0.14926769 
903 12 12 15 0.12186353 
819 23 10 12 0.11009878 
967 3 9 12 0.10905161 
931 54 8 10 0.10270585 
822 14 9 11 0.10041345 
306 447 17 22 0.098274715 
960 21 8 10 0.08940312 
835 27 11 14 0.08773483 
884 30 13 13 0.081326954 
941 63 9 10 0.08011413 
920 64 9 12 0.07964726 
952 74 10 12 0.077550575 
833 23 10 13 0.072124615 
983 54 7 9 0.068103336 
909 22 9 10 0.059425738 
976 23 7 9 0.058312654 
910 61 9 12 0.0576115 
1006 37 8 10 0.05486418 
878 66 10 12 0.053006254 
912 78 8 12 0.052135315 
936 1 11 10 0.050370805 
993 63 8 10 0.050328363 
961 63 9 11 0.048545666 
823 9 10 11 0.048220575 
961 45 10 12 0.04782575 
285 523 11 13 0.046984173 
943 33 10 11 0.04664482 
923 68 10 13 0.045811657 
812 6 10 12 0.04518239 
958 69 11 13 0.04416846 
941 4 10 11 0.043944314 
856 5 9 12 0.04366857 
990 32 8 11 0.043195274 
938 31 8 10 0.043013576 
697 0 9 9 0.042278074 
924 62 11 13 0.04161622 
432 323 430 463 0.04109404 
726 30 10 12 0.040209528 
908 8 12 12 0.039791327 
984 7 9 11 0.0396392 
181 193 27 40 0.039386123 
234 433 15 25 0.039234947 
679 9 9 9 0.038635135 
829 13 10 11 0.03830633 
925 15 9 11 0.037494116 
816 37 9 12 0.037450828 
877 91 9 11 0.03734657 
966 40 8 10 0.036620937 
968 85 11 13 0.036495175 
789 48 9 10 0.035768315 
311 373 31 38 0.035589844 
942 68 9 12 0.035078425 
975 30 8 10 0.034489322 
802 5 10 12 0.033853836 
849 15 10 12 0.03363361 
952 48 9 11 0.03350599 
1000 54 8 11 0.03303511 
743 12 9 12 0.03296928 
321 368 17 20 0.03233948 
991 14 8 10 0.030952638 
862 4 11 11 0.030283464 
702 4 9 11 0.030005526 
560 438 15 23 0.029754272 
799 23 10 12 0.02967367 
974 4 10 11 0.029666407 
1001 16 7 9 0.029487621 
903 0 9 9 0.02925139 
1004 30 9 11 0.02859074 
264 430 25 31 0.028526066 
558 370 23 26 0.028247917 
1005 95 11 14 0.028088663 
919 7 10 12 0.027181383 
230 427 13 22 0.02695137 
170 201 28 35 0.026889062 
888 61 9 12 0.026433446 
686 9 8 10 0.026273908 
905 62 10 11 0.025997292 
889 80 11 13 0.0259847 
942 87 10 11 0.025983157 
893 61 9 11 0.025828471 
921 13 9 11 0.025807032 
696 373 27 32 0.025539402 
913 83 9 12 0.025425414 
982 94 9 10 0.025402434 
965 15 8 10 0.025257858 
886 84 10 14 0.0250044 
948 32 10 11 0.024655959 
712 7 9 11 0.024417814 
978 54 8 10 0.02428778 
300 407 25 36 0.023733428 
751 29 10 12 0.023706881 
615 424 16 22 0.02369567 
937 61 10 12 0.023603285 
901 70 10 13 0.023532277 
929 49 8 10 0.02311227 
934 47 8 11 0.022976482 
903 102 10 13 0.022790998 
951 15 8 10 0.022780579 
972 78 11 13 0.022711238 
889 103 8 11 0.022663927 
880 80 10 12 0.022394553 
927 21 9 11 0.022392286 
873 89 10 12 0.022356896 
286 432 22 33 0.02233352 
277 420 17 26 0.022324609 
964 68 9 11 0.022132091 
997 70 8 11 0.022076683 
860 63 10 13 0.021729006 
304 384 32 42 0.021669127 
246 175 48 54 0.02165723 
700 413 17 21 0.02158522 
911 57 8 10 0.02131637 
781 31 11 13 0.020974338 
992 23 8 9 0.020934632 
714 12 8 11 0.020877093 
534 438 41 51 0.020765519 
977 17 8 10 0.020143485 
671 391 416 511 0.020013887 
