22_Picnic_Picnic_22_594
22
497 269 50 67 0.9981949 
787 310 55 73 0.97926027 
142 3 12 14 0.06778144 
100 416 32 40 0.060853746 
981 259 42 80 0.055841494 
413 30 11 13 0.041103225 
925 225 92 117 0.035598774 
708 290 47 51 0.03366348 
524 3 14 16 0.032316934 
450 66 16 19 0.026621759 
53 393 23 30 0.026412604 
846 243 76 109 0.025483947 
593 305 17 22 0.025446882 
420 43 23 27 0.02520206 
9 403 14 18 0.024376903 
430 3 15 19 0.023482693 
32 406 18 21 0.023010049 
127 388 12 17 0.022883065 
813 291 57 77 0.021528387 
1012 332 12 22 0.020690821 
3 396 15 20 0.020485101 
162 408 26 33 0.02002884 
