22_Picnic_Picnic_22_313
83
160 304 29 38 0.99861133 
700 276 23 33 0.9976006 
304 310 27 36 0.99696213 
618 190 24 31 0.99367946 
648 339 21 28 0.67550516 
77 211 10 14 0.65987295 
224 298 20 30 0.49140355 
771 355 33 42 0.317023 
512 240 15 21 0.1138938 
764 284 11 15 0.11104329 
572 238 14 17 0.10297566 
243 599 11 13 0.0869486 
391 615 29 33 0.083073005 
742 266 20 27 0.08032338 
40 201 9 10 0.07696853 
785 375 19 24 0.07670312 
384 482 38 54 0.07660164 
759 278 11 14 0.06834942 
568 237 12 15 0.066275544 
429 620 9 12 0.05733981 
0 212 7 11 0.056079388 
289 633 12 16 0.05211414 
742 291 13 16 0.050635647 
746 283 12 16 0.04971071 
61 197 10 14 0.04811993 
55 216 9 11 0.04678537 
656 192 14 20 0.04678455 
0 206 6 12 0.046506982 
129 435 123 119 0.045931634 
567 455 26 29 0.04554874 
761 289 12 15 0.04467511 
73 208 11 14 0.041880824 
63 203 9 11 0.03957377 
966 182 9 11 0.03924805 
46 204 8 10 0.036993336 
371 633 14 16 0.036686245 
8 221 8 10 0.03646066 
608 14 10 12 0.035705492 
355 609 29 32 0.035665672 
333 620 23 26 0.035489284 
270 634 13 15 0.035474125 
647 356 16 24 0.034721002 
950 156 11 12 0.03308949 
56 238 9 10 0.03281973 
560 222 8 11 0.032239728 
45 200 7 10 0.0320073 
390 558 10 12 0.029938845 
407 590 11 12 0.029590797 
656 342 22 29 0.029303713 
983 182 7 9 0.029237282 
362 623 25 27 0.02882692 
769 356 20 27 0.027749734 
789 299 12 15 0.027138382 
543 248 11 15 0.02694834 
795 257 42 54 0.026451956 
397 557 10 12 0.026420837 
400 590 10 11 0.025939051 
347 620 17 22 0.025854168 
192 309 22 28 0.02480734 
572 210 25 28 0.024340095 
92 274 474 492 0.023531368 
262 634 13 19 0.023467552 
958 181 12 14 0.023459643 
335 626 14 15 0.022732742 
81 166 9 13 0.022411121 
61 220 9 11 0.022339903 
238 602 23 26 0.022298573 
214 303 22 30 0.022096384 
23 197 9 11 0.02202836 
468 637 15 18 0.021921787 
953 183 9 12 0.02187796 
789 283 13 17 0.02163773 
350 620 27 28 0.021378202 
73 206 18 24 0.021174058 
189 296 23 31 0.02082842 
13 215 8 10 0.020750431 
765 362 52 57 0.020660944 
717 323 40 50 0.02061124 
411 617 14 19 0.020523982 
56 205 8 10 0.020515911 
391 552 9 12 0.020500483 
98 196 9 11 0.020157022 
658 14 12 15 0.020116603 
