22_Picnic_Picnic_22_732
1266
282 601 13 18 0.94249266 
585 540 9 12 0.89572656 
847 618 15 18 0.83133686 
427 573 9 12 0.7920154 
148 590 11 14 0.75869936 
607 610 11 15 0.7449783 
668 626 16 17 0.68886834 
576 557 10 13 0.68713385 
223 588 10 12 0.6601374 
240 573 12 14 0.6494352 
527 602 11 14 0.62629837 
295 544 8 11 0.6082209 
59 655 16 22 0.5391867 
790 547 9 12 0.53042585 
109 560 11 13 0.51581395 
517 560 10 12 0.4917584 
407 572 8 11 0.49045828 
724 581 11 15 0.47941446 
722 612 10 14 0.45715466 
215 608 10 12 0.44508645 
366 563 9 12 0.43625388 
182 558 10 13 0.42632782 
768 534 10 12 0.40529191 
656 589 10 14 0.4036902 
158 536 9 12 0.3992186 
255 583 10 13 0.38594767 
183 543 10 11 0.37269744 
150 522 7 9 0.3470468 
365 580 10 13 0.34472218 
591 588 9 12 0.3422585 
903 591 10 15 0.33857593 
990 569 9 11 0.3340171 
561 541 9 11 0.3247061 
194 528 8 10 0.30291346 
210 551 9 10 0.30230695 
640 544 8 10 0.3021727 
737 589 9 12 0.3001204 
552 589 13 16 0.29845414 
502 544 10 13 0.28119385 
592 583 10 13 0.27880314 
366 576 10 12 0.266178 
184 548 11 12 0.26591632 
321 582 10 13 0.26401436 
241 555 9 12 0.2566697 
632 525 8 10 0.2548237 
261 534 8 11 0.24998212 
169 524 7 10 0.24950002 
336 613 13 16 0.24514906 
136 577 14 16 0.24081798 
744 634 12 14 0.23544167 
487 563 10 11 0.23473895 
144 594 11 14 0.23325485 
197 528 10 11 0.23269555 
628 604 9 11 0.22819018 
257 495 7 9 0.22695382 
88 526 7 8 0.22313873 
231 551 9 12 0.21449101 
507 582 10 13 0.21425469 
381 590 9 12 0.21119146 
215 630 13 16 0.21056204 
449 541 9 11 0.2013768 
327 521 7 9 0.1994366 
706 567 9 11 0.19846019 
759 624 10 14 0.19594571 
720 607 11 13 0.193568 
510 575 10 11 0.19260994 
701 582 10 13 0.18787181 
171 521 6 9 0.1844016 
58 536 7 9 0.18412514 
1014 566 8 12 0.1822629 
472 559 7 10 0.182105 
332 553 9 10 0.17896716 
238 535 8 10 0.17796786 
528 548 8 11 0.17640088 
944 583 11 13 0.17346106 
680 573 9 12 0.17293485 
233 525 9 12 0.17130205 
366 587 10 12 0.17120625 
831 495 7 9 0.17088911 
561 536 8 11 0.16844606 
257 535 8 11 0.16826272 
5 550 10 13 0.165588 
154 534 8 11 0.16137144 
514 30 202 201 0.1594959 
889 512 6 9 0.15922077 
425 527 8 10 0.15914518 
8 514 7 8 0.15859474 
513 526 8 9 0.15683638 
348 581 10 13 0.15674447 
537 573 10 12 0.1552232 
665 551 8 11 0.1549027 
664 572 9 11 0.15224148 
6 542 9 11 0.15177743 
896 519 9 11 0.15105283 
710 571 9 12 0.15097617 
174 520 8 10 0.15055467 
536 566 8 10 0.14969896 
257 520 7 9 0.14947636 
307 147 67 66 0.14879644 
925 535 9 12 0.14761898 
240 511 7 9 0.14741214 
968 534 11 14 0.14730483 
785 544 10 13 0.1471518 
63 567 9 11 0.14690426 
194 606 11 14 0.1464421 
342 518 8 10 0.14591712 
253 602 11 14 0.145104 
617 549 9 12 0.14397068 
42 582 12 15 0.14347214 
392 599 9 12 0.14347032 
57 541 9 12 0.14295238 
716 550 10 12 0.14258128 
738 520 7 9 0.14192468 
513 564 11 12 0.14190285 
718 535 8 10 0.14039192 
629 567 10 13 0.1375454 
343 528 7 9 0.13697349 
872 509 7 9 0.13356861 
73 551 9 12 0.13315244 
78 555 8 10 0.13181625 
400 557 9 11 0.13106902 
48 659 15 17 0.13027878 
581 571 13 15 0.12943022 
61 548 9 12 0.12851413 
345 559 8 9 0.12838277 
360 524 7 10 0.12774587 
7 517 7 10 0.12719053 
653 629 9 14 0.12654175 
470 525 9 11 0.1249587 
122 582 8 11 0.12330503 
694 627 11 15 0.122966 
889 534 8 9 0.12274395 
863 580 9 11 0.12266229 
654 511 7 9 0.12170973 
800 527 8 11 0.1212368 
815 502 7 8 0.121007204 
402 534 8 10 0.11976873 
624 600 9 13 0.11974356 
22 566 11 13 0.11848421 
447 625 9 13 0.1167669 
580 563 11 15 0.116165005 
526 535 8 10 0.11590348 
224 496 7 9 0.11576845 
509 588 9 12 0.11404245 
305 495 7 9 0.11350981 
234 532 10 12 0.11324731 
921 540 8 10 0.11295683 
733 624 12 14 0.112864666 
504 586 10 13 0.11245886 
351 558 8 10 0.11200375 
24 519 7 9 0.1114552 
217 535 8 10 0.1112365 
337 518 7 10 0.11104146 
1006 565 10 13 0.110940196 
646 632 13 16 0.11016619 
711 526 8 9 0.10931016 
382 595 10 13 0.10910104 
621 548 9 12 0.10832546 
225 504 7 8 0.108312555 
294 525 7 10 0.10808331 
1 536 8 11 0.107993715 
238 519 8 10 0.10780723 
361 560 8 11 0.10770983 
808 525 9 11 0.10769408 
345 540 9 11 0.10734766 
583 511 7 9 0.10733589 
345 535 8 11 0.106775194 
232 520 9 11 0.1067555 
465 526 9 10 0.10662468 
262 526 8 10 0.105747595 
402 565 9 12 0.10443115 
561 613 10 15 0.10441856 
72 496 7 9 0.10431796 
340 617 11 16 0.104292564 
61 542 10 12 0.104136124 
262 595 12 15 0.10396084 
783 533 8 10 0.10323821 
263 503 6 8 0.10321437 
429 521 8 9 0.10298735 
217 519 6 9 0.102514215 
74 516 9 11 0.10225988 
330 535 9 11 0.101569295 
178 511 7 8 0.10140948 
599 527 9 10 0.10059221 
512 521 8 8 0.10025907 
261 496 8 9 0.099579096 
826 495 7 9 0.09940547 
412 626 11 15 0.099278964 
263 590 9 12 0.09916623 
191 505 7 9 0.09912499 
488 517 8 10 0.09883726 
855 557 9 12 0.097850814 
632 521 7 9 0.09756741 
83 590 10 13 0.09740224 
182 584 10 11 0.096365444 
406 541 9 11 0.096328855 
742 520 9 10 0.096237004 
245 578 11 15 0.09614389 
312 560 8 9 0.0960111 
432 543 7 10 0.09565294 
262 520 7 9 0.09520813 
526 543 9 12 0.094956115 
288 495 8 8 0.09407363 
551 527 9 11 0.09361956 
507 550 10 12 0.09324168 
110 591 9 12 0.09284407 
46 548 8 11 0.092719495 
104 520 6 8 0.09267022 
240 540 8 10 0.09243605 
205 574 9 11 0.09204677 
701 548 10 12 0.091176555 
208 503 7 9 0.090934746 
858 494 7 9 0.09069395 
245 568 9 12 0.09063382 
935 510 7 10 0.090598896 
465 496 6 8 0.09052206 
16 501 8 10 0.09041726 
608 504 6 9 0.0903845 
141 495 8 9 0.08971968 
430 504 7 9 0.08950913 
61 536 8 11 0.08941662 
196 597 11 13 0.08882199 
999 566 10 12 0.08821438 
409 579 9 12 0.08795069 
556 583 11 14 0.08789058 
401 527 8 10 0.08788863 
977 520 8 10 0.08780747 
823 512 7 10 0.08747875 
977 464 8 9 0.08713107 
156 607 9 13 0.08703107 
759 497 7 9 0.08668732 
807 542 9 11 0.08665531 
934 469 8 10 0.08639496 
151 552 8 10 0.08638834 
246 588 10 12 0.08633273 
120 497 6 8 0.08590971 
269 596 11 15 0.08582542 
208 635 10 12 0.08568746 
367 597 10 14 0.08547132 
406 550 8 10 0.08487715 
210 605 10 13 0.08460962 
313 579 10 12 0.084451444 
370 496 7 8 0.084401764 
902 524 7 10 0.08439311 
392 495 7 8 0.08427261 
189 545 9 10 0.08421078 
358 543 7 11 0.084140286 
329 555 9 11 0.08384422 
591 521 7 10 0.08364595 
696 533 7 10 0.083636 
209 544 8 9 0.08320895 
753 534 8 11 0.083040215 
549 547 8 11 0.082962655 
973 537 10 13 0.0826531 
831 533 9 12 0.08259931 
71 536 9 10 0.08252472 
992 519 8 10 0.08211636 
224 509 7 9 0.082061395 
307 119 99 119 0.08168677 
271 494 7 8 0.08143129 
578 512 6 8 0.081378676 
323 520 7 9 0.0813661 
105 495 6 9 0.080923155 
946 548 13 15 0.08091933 
89 497 7 9 0.08088036 
245 553 9 12 0.08040476 
638 614 12 15 0.07977935 
597 586 9 12 0.07950823 
769 529 8 11 0.07937172 
590 573 10 12 0.079150856 
88 560 8 10 0.07907573 
895 572 10 14 0.078894764 
377 588 9 12 0.07854414 
290 604 11 14 0.078533635 
650 519 8 9 0.07847163 
864 519 7 10 0.078288175 
761 541 8 11 0.0781527 
39 527 7 9 0.07805713 
830 527 9 10 0.07802386 
397 599 8 11 0.077920355 
73 512 8 10 0.07777333 
458 582 8 10 0.07758029 
592 524 9 10 0.07669341 
262 564 8 11 0.07650681 
54 595 10 12 0.075713195 
901 566 9 12 0.075578466 
992 447 8 9 0.075269885 
521 535 8 10 0.07522076 
665 526 8 9 0.075014256 
934 465 8 9 0.0749583 
902 535 8 11 0.07479033 
654 518 7 10 0.07442022 
512 597 9 13 0.07407139 
351 589 9 11 0.07397731 
586 589 10 13 0.07350022 
487 512 9 10 0.07329119 
630 580 8 12 0.073288575 
472 522 8 9 0.073020086 
392 520 7 9 0.07284305 
375 583 8 11 0.072794154 
991 541 9 12 0.07263987 
346 503 8 9 0.07253777 
1006 601 11 15 0.07219412 
184 520 6 9 0.072115235 
78 513 8 10 0.07177145 
998 521 8 9 0.07173024 
713 542 8 11 0.07122124 
489 528 7 9 0.07108485 
208 598 10 13 0.07092814 
425 519 8 10 0.070847146 
545 518 6 9 0.07083244 
198 591 10 12 0.07080092 
416 519 7 9 0.07069327 
625 510 6 8 0.070426315 
584 518 8 10 0.06987004 
543 512 7 9 0.069776006 
456 557 7 10 0.06956455 
681 552 8 10 0.069209374 
571 557 10 12 0.069150485 
441 497 7 9 0.06896234 
783 511 7 9 0.068888955 
743 525 9 10 0.06881833 
-1 630 8 13 0.068649925 
305 559 7 10 0.068646066 
413 588 10 12 0.068520874 
716 631 13 18 0.068288445 
798 532 12 16 0.06827956 
127 519 8 10 0.06816089 
558 528 7 9 0.06814529 
248 596 11 15 0.06807728 
88 502 7 9 0.067879386 
160 512 7 9 0.067647584 
265 510 6 8 0.067574754 
664 520 7 9 0.06743896 
351 542 9 11 0.06730562 
189 573 10 12 0.06688119 
121 535 9 10 0.06685975 
135 543 8 10 0.06685909 
719 600 11 13 0.0667894 
514 510 7 8 0.066621855 
880 549 8 11 0.06645136 
413 581 10 12 0.06629744 
251 612 11 14 0.066236064 
225 551 8 11 0.06615631 
831 648 9 13 0.06590311 
676 634 11 13 0.06582425 
646 613 12 15 0.06549282 
271 489 7 8 0.06545656 
800 511 7 9 0.065399416 
65 503 8 10 0.0653357 
155 613 12 16 0.065185465 
198 496 7 8 0.06505674 
2 554 9 14 0.06493409 
950 526 8 10 0.06486681 
271 544 9 12 0.06479419 
519 598 12 16 0.064743415 
268 592 10 12 0.06465633 
846 511 8 10 0.06456614 
648 526 8 9 0.06455876 
319 504 9 11 0.06448072 
408 505 7 8 0.06439988 
329 487 7 9 0.0643018 
360 589 10 12 0.0641958 
344 512 8 10 0.0639307 
624 534 7 9 0.063928075 
536 528 7 10 0.063498065 
188 566 10 12 0.0631834 
318 559 7 9 0.06301038 
273 511 7 9 0.06290888 
728 637 10 14 0.062688865 
240 496 6 8 0.0626832 
70 542 9 10 0.06267132 
685 575 9 12 0.06227329 
869 580 9 12 0.06222112 
144 533 8 10 0.062158152 
290 521 7 8 0.06160057 
1001 596 12 15 0.06148292 
480 565 9 11 0.06136448 
450 519 7 9 0.06122545 
895 535 8 10 0.06119081 
1 497 7 10 0.061129704 
856 533 8 10 0.06098585 
600 532 9 11 0.0603471 
998 534 10 12 0.060068097 
958 532 12 14 0.059983246 
678 568 8 11 0.0599282 
857 488 7 10 0.0598906 
673 567 8 11 0.059722938 
488 532 9 11 0.059695825 
522 540 9 12 0.05968931 
546 542 9 12 0.05960531 
359 639 9 11 0.059510153 
625 571 10 13 0.05936046 
190 581 9 11 0.05927531 
598 548 8 11 0.05916207 
63 519 9 9 0.059063055 
102 542 8 11 0.059025545 
294 480 7 9 0.05902284 
183 537 7 10 0.05868814 
650 504 7 9 0.05857455 
936 504 7 10 0.058440566 
997 540 10 12 0.05826635 
805 616 9 12 0.05784181 
242 503 7 9 0.057829116 
751 511 7 8 0.057791196 
783 557 10 12 0.0575792 
984 541 9 12 0.057566676 
878 462 8 10 0.057516128 
584 580 10 14 0.057502378 
717 541 9 11 0.05743193 
999 604 11 15 0.057393596 
983 503 7 9 0.057257053 
383 489 6 9 0.05722674 
265 488 7 9 0.057167858 
535 560 9 11 0.057119492 
921 480 8 10 0.057030007 
847 559 9 11 0.05701015 
518 527 7 9 0.05693109 
568 551 9 12 0.056793824 
751 527 7 10 0.05664296 
704 572 10 12 0.05659168 
498 542 8 12 0.056553096 
257 500 8 10 0.05609605 
232 497 7 9 0.055775285 
262 540 10 13 0.05516068 
697 543 8 10 0.055143185 
646 542 7 11 0.055116333 
756 645 13 15 0.055068728 
127 535 7 9 0.055039346 
701 614 10 12 0.05480082 
151 556 8 11 0.05479152 
543 495 6 8 0.054721057 
277 511 8 9 0.05439063 
928 455 7 9 0.054244492 
178 541 9 11 0.054183982 
672 503 7 8 0.054056376 
701 605 9 12 0.053956203 
120 502 7 9 0.053865623 
695 512 7 9 0.05372825 
424 604 10 15 0.05372632 
429 525 8 11 0.05365202 
553 519 7 9 0.05361683 
223 520 8 10 0.05338252 
258 563 8 11 0.05331867 
617 527 7 10 0.053293616 
146 526 8 9 0.053261675 
821 557 12 13 0.05316791 
160 519 7 9 0.053125054 
997 470 8 10 0.053056538 
504 535 8 10 0.052962746 
624 527 7 10 0.052864745 
368 602 10 14 0.052708827 
352 550 8 10 0.052659485 
727 621 10 13 0.05250779 
976 510 8 10 0.05250753 
39 520 6 8 0.05250274 
440 501 8 9 0.052501474 
799 504 7 8 0.05245144 
565 535 9 11 0.05242255 
640 535 7 10 0.052409098 
256 559 8 11 0.052271236 
310 494 7 9 0.052243378 
336 494 7 8 0.051864743 
320 526 8 9 0.05179657 
249 527 6 9 0.051796492 
662 596 10 13 0.051506475 
575 527 8 10 0.051407184 
416 560 7 10 0.05139326 
41 597 10 14 0.05135245 
401 552 8 11 0.05130506 
841 606 9 13 0.051281385 
541 578 10 13 0.05119609 
317 576 9 12 0.051165827 
385 494 7 9 0.051031902 
817 512 8 9 0.050959818 
793 520 7 8 0.05094073 
714 535 8 11 0.05081187 
729 528 6 8 0.050801337 
887 541 9 11 0.05076491 
104 526 8 9 0.050760154 
249 605 11 15 0.050734498 
42 543 8 10 0.05069172 
126 526 8 9 0.05063645 
823 517 8 10 0.05057806 
377 526 6 8 0.050439373 
440 609 12 15 0.05037134 
314 551 8 10 0.05026954 
206 526 7 10 0.050068017 
423 533 8 10 0.050045457 
981 465 9 9 0.050039873 
686 552 7 9 0.049942963 
398 589 8 10 0.049855854 
720 513 6 7 0.04982013 
294 521 7 9 0.049799636 
728 628 10 14 0.049798284 
655 534 8 9 0.049465746 
464 559 9 10 0.049049832 
976 524 9 11 0.049018458 
464 502 7 9 0.048975043 
334 540 9 11 0.04880553 
830 519 8 9 0.04863853 
257 525 8 10 0.04856752 
629 610 13 16 0.0484952 
378 511 7 9 0.048463207 
815 517 8 10 0.04842665 
135 559 8 11 0.048425596 
7 565 9 13 0.048406925 
260 582 9 12 0.048395395 
622 543 9 12 0.048333634 
424 510 8 9 0.048307084 
623 505 6 8 0.048271075 
399 521 8 8 0.04821702 
609 520 8 9 0.048166495 
690 513 6 8 0.04798317 
625 519 7 8 0.04793229 
165 535 8 11 0.047904316 
960 511 8 9 0.0477147 
291 548 8 10 0.047617078 
136 511 7 9 0.04759619 
122 519 7 9 0.047539927 
950 520 8 10 0.047367718 
993 470 9 10 0.04730014 
318 534 8 11 0.047119394 
847 518 7 9 0.047056317 
854 573 11 13 0.047032032 
663 603 12 15 0.047011025 
841 512 8 9 0.047002356 
848 505 8 9 0.046866827 
138 489 7 9 0.04684994 
441 622 11 15 0.04678143 
86 564 10 13 0.04671879 
912 534 8 10 0.04671088 
216 572 10 12 0.046575874 
639 527 7 10 0.04648851 
755 604 11 13 0.04647747 
733 637 12 15 0.046383176 
214 541 8 11 0.046235077 
159 558 8 11 0.0460738 
918 463 7 9 0.0460578 
591 546 9 12 0.046033274 
880 622 10 14 0.04595304 
602 603 11 17 0.045754947 
930 512 8 9 0.045691386 
3 517 7 11 0.04568536 
982 519 8 10 0.04551424 
162 495 7 9 0.04551378 
144 586 18 22 0.045503963 
815 497 7 9 0.045484643 
151 572 10 13 0.045403272 
944 510 7 9 0.045370504 
255 576 10 13 0.04536456 
810 495 7 9 0.04528176 
545 534 9 10 0.045263592 
710 579 11 15 0.045174148 
41 533 7 10 0.045066047 
454 552 8 10 0.04490169 
825 533 9 12 0.044898957 
999 524 10 11 0.044866122 
401 502 6 9 0.044858217 
759 535 8 11 0.044755526 
345 576 9 12 0.04473881 
80 568 9 12 0.044718076 
176 566 9 13 0.04455497 
768 608 9 11 0.04444099 
599 543 9 12 0.044423133 
712 520 7 9 0.044361535 
213 555 9 12 0.044310518 
862 489 7 9 0.0440442 
505 506 7 8 0.04396163 
690 502 6 8 0.043953013 
256 490 7 8 0.043858342 
318 552 7 9 0.043764714 
634 549 8 10 0.043751664 
695 518 7 8 0.043706108 
912 557 10 12 0.043663878 
405 536 8 10 0.043460872 
352 564 9 11 0.04345504 
213 598 10 12 0.0434142 
214 620 13 17 0.043249477 
306 489 8 9 0.043236613 
15 565 11 13 0.043212354 
296 536 7 10 0.042970747 
986 571 10 12 0.042901773 
218 590 10 12 0.04285201 
805 645 10 13 0.042815555 
310 487 7 9 0.04279685 
290 502 7 10 0.04274863 
431 548 10 11 0.042698454 
146 627 14 18 0.042618163 
470 532 8 10 0.042557616 
601 597 10 14 0.04244524 
24 526 8 9 0.042407796 
293 587 12 16 0.042323377 
193 488 7 9 0.042299747 
841 518 7 9 0.042102132 
262 574 8 11 0.042089444 
417 535 8 10 0.042042814 
465 533 8 10 0.04198844 
389 574 8 11 0.041983865 
652 610 11 15 0.041966207 
5 537 9 10 0.04185802 
455 520 7 9 0.041653227 
768 551 8 10 0.041632928 
129 565 10 11 0.041584928 
106 563 10 12 0.04151903 
615 496 6 7 0.041412313 
737 525 7 9 0.041406646 
71 568 8 11 0.041389648 
446 559 9 10 0.041384265 
703 510 7 8 0.0413677 
166 598 9 11 0.041332223 
8 643 10 14 0.041331634 
485 621 12 14 0.041285574 
392 591 7 10 0.041177884 
592 505 6 7 0.041168265 
62 557 8 10 0.04115959 
519 511 7 8 0.041150294 
278 519 7 8 0.041133963 
503 556 10 13 0.041112904 
295 583 10 12 0.041060902 
696 528 7 9 0.041023128 
650 511 8 9 0.041014142 
690 518 7 8 0.040959768 
568 513 6 7 0.040903836 
914 464 7 9 0.04090246 
271 560 8 10 0.040734056 
696 496 6 8 0.040492117 
517 573 9 10 0.04046739 
511 531 9 11 0.04039254 
176 505 8 8 0.040332243 
770 518 7 9 0.04029382 
399 583 9 12 0.04012354 
414 596 10 12 0.04009099 
769 588 9 13 0.040083744 
775 529 9 10 0.040000074 
249 535 6 10 0.03985943 
878 496 8 9 0.039781418 
897 524 10 11 0.03975392 
191 620 10 12 0.03972793 
952 531 11 14 0.03970093 
930 517 7 9 0.039613433 
332 607 14 18 0.039502382 
626 487 7 9 0.039424457 
44 594 12 15 0.039397813 
937 478 7 8 0.039347045 
704 558 10 12 0.03925169 
783 504 7 9 0.039016955 
783 409 221 255 0.03899186 
133 566 10 12 0.038990848 
944 554 11 15 0.038986064 
408 495 6 8 0.038897112 
15 543 8 11 0.03880355 
479 560 8 10 0.03869983 
205 580 10 13 0.038661614 
41 488 6 7 0.038627423 
888 516 9 12 0.03862593 
778 504 7 8 0.03861786 
822 644 9 12 0.03856529 
470 550 9 12 0.038562126 
935 535 9 12 0.03851093 
647 560 7 10 0.03850476 
820 640 9 12 0.038411945 
975 456 7 9 0.038395304 
662 623 13 17 0.038378015 
177 537 8 10 0.03837054 
86 584 8 11 0.038275804 
655 505 7 9 0.038226638 
122 527 8 9 0.038116135 
727 503 6 8 0.038082995 
746 503 7 9 0.038081612 
105 489 6 8 0.03798357 
704 505 6 8 0.037978377 
487 541 9 12 0.037971165 
982 536 8 11 0.037908763 
878 456 7 10 0.037824776 
345 497 7 9 0.03780711 
874 495 7 9 0.03776913 
407 634 13 18 0.037741963 
993 524 8 11 0.03769445 
760 501 7 9 0.03769132 
654 526 8 9 0.037678733 
878 503 8 9 0.037590347 
910 512 6 8 0.037402406 
634 543 8 11 0.037364215 
812 526 9 11 0.03734565 
166 496 7 9 0.037219997 
299 542 9 12 0.037207983 
981 596 9 14 0.03713552 
314 527 8 9 0.03709274 
328 512 7 8 0.037064318 
731 643 14 17 0.03706146 
544 594 11 16 0.037059996 
273 518 7 9 0.037041876 
424 541 8 10 0.03703919 
814 534 9 12 0.037003968 
785 518 7 9 0.036872916 
873 526 7 10 0.036849543 
550 532 9 11 0.036827054 
337 513 7 10 0.03680243 
407 489 6 8 0.036784593 
88 543 9 12 0.036754675 
374 495 7 8 0.03674711 
453 536 9 11 0.036736954 
249 496 7 9 0.03668591 
930 464 8 9 0.03664047 
776 550 8 11 0.03657332 
722 503 6 8 0.036543995 
328 606 11 15 0.036528777 
229 581 10 14 0.03641468 
423 612 10 13 0.036315292 
774 541 9 11 0.03614056 
126 31 47 82 0.036124233 
65 510 8 10 0.035995238 
393 502 7 8 0.03599505 
458 503 6 8 0.035972174 
881 543 7 10 0.035964064 
206 567 9 11 0.035950705 
390 542 9 11 0.03592194 
614 519 8 8 0.035911355 
346 552 8 10 0.035896685 
464 603 9 12 0.035832547 
408 509 7 8 0.035790123 
737 496 6 8 0.035782892 
506 520 7 9 0.035736952 
664 543 8 10 0.03572295 
378 489 6 8 0.035645075 
217 567 8 10 0.03552141 
200 520 8 10 0.035517532 
824 453 9 10 0.03551753 
95 548 8 11 0.03544618 
768 512 6 9 0.03541718 
141 490 8 9 0.035358716 
136 550 8 10 0.035357215 
711 555 10 13 0.03533925 
978 469 8 11 0.035233192 
995 600 20 29 0.03520908 
119 512 7 9 0.035153173 
321 496 7 8 0.035138216 
728 512 7 8 0.03510228 
440 560 10 11 0.03509768 
192 591 9 11 0.035083372 
519 520 8 9 0.0350621 
219 610 10 15 0.034969073 
665 534 7 9 0.03496502 
463 564 9 11 0.034868408 
390 535 8 10 0.034860604 
791 503 8 9 0.034854352 
216 526 7 10 0.034826726 
640 520 6 8 0.034809157 
287 564 10 12 0.034805454 
541 565 8 11 0.03478608 
303 502 7 9 0.034757692 
449 548 9 12 0.03470375 
983 547 10 13 0.03462137 
29 563 11 14 0.03457049 
157 589 10 14 0.034532983 
470 543 10 12 0.03448634 
887 548 9 12 0.03435281 
421 620 10 13 0.03434979 
167 489 6 7 0.034336552 
318 565 8 10 0.034334224 
856 580 10 11 0.034182236 
457 587 10 13 0.034168754 
409 521 7 9 0.03416469 
385 520 7 9 0.034119528 
337 526 6 10 0.03401881 
798 518 8 11 0.033989646 
879 510 7 9 0.033878837 
673 510 7 9 0.033861347 
606 526 9 11 0.033802126 
750 519 9 10 0.033656046 
724 598 10 13 0.033625137 
493 565 9 11 0.033570334 
42 547 8 12 0.033558097 
482 621 8 12 0.033546973 
221 535 8 11 0.03351231 
782 644 10 13 0.033508092 
406 620 13 17 0.033445142 
430 535 8 10 0.033405192 
685 598 10 13 0.033401493 
221 574 9 11 0.033334874 
511 603 11 15 0.033302527 
209 497 6 8 0.03329978 
444 604 11 15 0.0332908 
829 554 10 14 0.033285454 
671 520 8 9 0.03322984 
271 601 12 16 0.033193126 
669 551 8 11 0.033180624 
538 511 7 9 0.03315116 
142 502 8 9 0.033085108 
560 628 13 17 0.033044282 
624 580 10 12 0.0330139 
801 618 10 13 0.033006717 
930 469 8 10 0.032865137 
748 642 14 16 0.032834176 
716 564 11 13 0.03282858 
350 496 8 9 0.03282813 
46 494 7 9 0.032786723 
195 495 7 8 0.032774895 
826 526 9 11 0.032751895 
185 569 11 14 0.032735478 
400 496 6 8 0.03269888 
949 541 12 15 0.032692675 
150 583 11 16 0.032672513 
127 496 7 9 0.032647613 
991 512 8 10 0.032628104 
527 520 7 9 0.032555237 
679 512 7 8 0.03251367 
460 575 10 12 0.032499317 
32 526 8 10 0.03249034 
736 512 7 9 0.03247973 
983 509 8 11 0.032425635 
887 529 9 10 0.03239592 
326 573 9 12 0.032368638 
558 519 7 9 0.03232637 
152 566 10 12 0.032321494 
205 591 10 12 0.032305654 
569 564 10 12 0.032171994 
414 540 9 11 0.032135952 
222 567 8 10 0.03212733 
295 502 6 9 0.03204901 
748 630 12 16 0.03203613 
713 512 7 8 0.032000452 
160 489 7 9 0.031923592 
350 535 7 10 0.031850338 
167 502 7 9 0.031848207 
32 589 9 12 0.031828854 
831 501 8 9 0.03179782 
545 527 8 10 0.031758685 
719 259 370 459 0.031737834 
-10 54 124 194 0.031724203 
680 534 8 10 0.0317177 
630 488 7 9 0.031712215 
797 598 9 12 0.031528253 
56 529 8 9 0.031527337 
97 544 9 11 0.031503808 
740 641 15 18 0.031486332 
705 527 8 9 0.03146629 
424 600 8 12 0.031458568 
552 505 7 8 0.031434927 
272 526 8 10 0.031372704 
287 591 12 14 0.031340785 
643 618 14 17 0.031322833 
1016 516 8 12 0.031315345 
165 589 9 13 0.03131059 
825 489 7 9 0.031296242 
672 487 8 8 0.031286426 
716 653 10 13 0.031251434 
199 567 8 10 0.031169122 
791 571 12 16 0.031148916 
424 568 16 23 0.031045185 
991 607 11 16 0.031003457 
605 542 9 11 0.030950699 
644 641 14 19 0.0307387 
449 525 9 10 0.030690918 
327 505 7 9 0.03065042 
906 511 7 9 0.03058984 
368 502 7 8 0.03054173 
88 531 8 11 0.030537995 
513 506 6 8 0.030496499 
246 502 8 10 0.03047137 
538 496 7 8 0.030338444 
414 566 8 10 0.03028349 
313 521 7 8 0.030257467 
808 548 11 13 0.030217145 
896 496 8 10 0.030195534 
999 463 8 10 0.030165903 
167 573 9 11 0.03013371 
186 525 7 10 0.030069795 
751 504 7 9 0.030060217 
507 542 11 14 0.03003906 
699 628 11 15 0.030004032 
362 504 6 8 0.029960608 
736 607 11 12 0.02995131 
32 495 6 8 0.029943332 
65 496 7 9 0.02992277 
7 496 8 10 0.029813852 
902 540 8 10 0.029797912 
417 512 7 9 0.029774409 
943 543 11 14 0.029744044 
816 557 11 13 0.02973048 
177 488 6 8 0.02969493 
279 543 7 10 0.029595105 
342 626 9 12 0.029591141 
488 503 7 9 0.029573988 
1013 559 10 15 0.029569836 
895 557 9 11 0.029525349 
1012 603 10 17 0.029488945 
169 567 9 12 0.029486299 
958 527 10 12 0.029477445 
696 502 7 9 0.029447187 
385 535 7 9 0.029378919 
577 570 10 15 0.029371647 
535 532 8 11 0.029362977 
503 564 9 11 0.0293464 
375 595 11 15 0.029270064 
655 543 8 10 0.029173203 
744 557 10 12 0.029119229 
0 608 9 13 0.029073631 
582 536 17 22 0.029070776 
200 543 8 10 0.029064277 
382 512 7 8 0.029049588 
382 584 9 12 0.029043287 
62 526 8 9 0.029039262 
761 511 7 9 0.02902856 
840 556 11 13 0.029025346 
406 527 7 9 0.028922893 
86 522 8 9 0.028885536 
104 502 7 9 0.028852396 
231 502 6 9 0.028836848 
578 518 7 8 0.028825052 
94 564 7 11 0.028820306 
405 559 8 10 0.028776668 
2 512 6 10 0.028775228 
879 671 13 14 0.028759914 
485 549 10 12 0.02866571 
114 512 6 8 0.028498419 
407 596 11 13 0.028464528 
15 510 7 9 0.028409567 
216 511 7 9 0.028407184 
881 519 7 10 0.028406776 
840 613 12 15 0.028373603 
732 584 11 14 0.028357 
864 524 7 10 0.028312128 
138 502 8 9 0.028234811 
641 635 12 15 0.028218646 
838 497 7 8 0.028215183 
711 598 10 12 0.028172493 
402 488 6 9 0.02816923 
296 510 7 9 0.028113814 
590 567 10 13 0.02810885 
855 501 8 9 0.028028052 
670 571 9 12 0.02796953 
573 553 17 23 0.027949465 
217 495 7 9 0.027941214 
177 584 9 12 0.027849708 
710 587 10 14 0.027824346 
247 599 19 24 0.027747221 
417 489 6 8 0.027720405 
655 623 10 14 0.02769741 
184 623 9 12 0.027510198 
632 532 8 11 0.027499981 
272 504 7 9 0.027452707 
112 489 6 9 0.027437003 
159 572 9 12 0.027433122 
669 557 8 11 0.027431533 
458 497 6 8 0.027420022 
726 533 8 10 0.027416766 
687 527 9 10 0.027412217 
69 502 8 10 0.027406923 
360 596 10 14 0.027365895 
537 520 7 8 0.027351247 
464 521 8 10 0.027350195 
768 494 7 9 0.027342964 
464 487 7 8 0.02733698 
614 573 10 13 0.027316233 
895 447 6 8 0.027305283 
703 598 10 12 0.027289093 
25 512 6 9 0.02722838 
112 495 8 9 0.027217632 
589 536 8 12 0.027203634 
577 563 21 25 0.027190477 
239 488 7 9 0.027089655 
383 615 10 13 0.027087344 
353 636 10 12 0.027069718 
225 556 8 11 0.027001407 
946 519 8 10 0.02696449 
808 511 7 9 0.026922494 
664 503 6 8 0.026909895 
89 549 9 11 0.026908353 
663 630 13 17 0.026899131 
22 502 8 9 0.026842302 
4 611 11 14 0.02684205 
390 89 85 107 0.026770625 
488 598 10 12 0.026760217 
912 458 7 9 0.02673698 
471 620 8 12 0.026710745 
32 520 7 9 0.026654944 
857 519 8 10 0.026634216 
262 630 12 16 0.026631175 
301 604 10 14 0.026628742 
480 549 9 12 0.026627457 
855 527 8 10 0.026463497 
232 543 9 11 0.026430462 
382 61 217 218 0.026408203 
567 497 8 8 0.026405064 
328 480 7 9 0.026386958 
542 560 9 10 0.02635364 
5 666 15 18 0.026347302 
208 509 8 10 0.026292045 
106 555 18 22 0.026286453 
367 488 7 8 0.026270933 
729 519 7 9 0.026231633 
120 541 9 10 0.026227959 
496 588 11 13 0.026219362 
609 487 6 7 0.026143173 
686 556 9 12 0.02613617 
176 496 7 8 0.02613193 
982 524 8 11 0.02609111 
448 512 6 9 0.026058137 
744 534 9 11 0.026047885 
391 583 9 11 0.025991164 
479 519 8 10 0.025954248 
605 533 9 11 0.02593626 
440 480 8 10 0.02589972 
719 529 8 9 0.025893921 
788 366 9 12 0.025831722 
551 599 11 15 0.025807602 
810 521 8 10 0.025782637 
135 535 8 10 0.025779236 
451 626 11 14 0.025756164 
361 487 7 8 0.025664596 
792 526 7 10 0.025651721 
239 595 11 15 0.025598686 
329 492 7 9 0.025582444 
620 588 11 15 0.025555944 
120 576 9 12 0.025548162 
655 605 11 16 0.02554383 
774 607 8 10 0.025542429 
629 586 10 14 0.025526349 
761 627 12 14 0.025504097 
992 536 9 12 0.025418602 
276 582 9 12 0.025404237 
929 527 7 10 0.025388112 
671 534 7 10 0.025373142 
495 574 9 11 0.025333319 
358 548 7 10 0.025315702 
584 489 6 8 0.025292654 
13 548 9 11 0.025282854 
40 511 7 9 0.025275052 
880 535 8 9 0.025235996 
345 587 10 12 0.025235305 
288 489 7 9 0.02522019 
234 573 9 13 0.025179302 
912 563 9 13 0.025146876 
217 583 9 12 0.025133615 
455 525 8 10 0.025114324 
94 559 7 10 0.025104076 
871 518 8 10 0.02509071 
845 564 11 14 0.025084889 
817 643 10 13 0.025009135 
575 589 11 14 0.02500196 
597 572 9 13 0.024979977 
865 503 7 9 0.024949446 
810 502 7 9 0.024929821 
894 512 8 9 0.024917895 
360 512 7 8 0.024917351 
359 643 11 14 0.024917351 
503 595 10 14 0.02479508 
669 526 8 10 0.024742553 
778 511 7 9 0.024734188 
376 519 8 9 0.02473355 
916 564 11 14 0.024732267 
1000 606 21 37 0.024703301 
642 495 6 8 0.024697706 
223 489 8 9 0.02468012 
527 557 9 12 0.024669806 
472 510 8 9 0.024642205 
1006 462 8 10 0.024638023 
656 567 10 12 0.024599973 
296 653 10 13 0.024599262 
345 480 7 9 0.02457665 
721 496 6 8 0.0245245 
743 572 9 12 0.02445537 
21 665 14 16 0.024388352 
929 449 6 8 0.024387646 
695 575 9 12 0.02435835 
862 535 8 9 0.024326848 
775 518 8 9 0.024293002 
584 525 8 10 0.024288649 
401 618 11 15 0.024265476 
30 557 12 14 0.024262276 
1015 525 9 12 0.024221132 
737 503 7 9 0.024212973 
527 592 12 14 0.024211124 
616 33 198 205 0.02420466 
682 604 10 13 0.024152871 
504 604 10 14 0.02414859 
47 535 7 9 0.024101263 
717 574 10 13 0.024095675 
482 511 7 10 0.024093596 
631 559 9 10 0.02408643 
373 604 10 13 0.024070943 
224 525 8 11 0.024029767 
587 583 18 23 0.024021808 
31 595 10 14 0.023971036 
505 510 7 8 0.023957297 
279 505 7 8 0.023950163 
903 558 8 11 0.023919888 
376 534 7 10 0.023898158 
784 496 8 9 0.023818366 
960 504 8 10 0.023753721 
959 516 11 12 0.023724047 
616 504 7 8 0.023659503 
201 511 7 9 0.023651406 
504 526 9 10 0.023610365 
110 553 9 10 0.023562212 
584 506 7 8 0.023540994 
265 548 9 11 0.023461336 
532 590 13 15 0.02344918 
776 494 7 10 0.023373147 
392 525 7 10 0.023358775 
56 512 7 8 0.023328792 
925 627 13 22 0.023327768 
785 542 19 23 0.023322182 
566 573 10 13 0.023288015 
975 573 9 12 0.023262016 
805 456 9 9 0.023261571 
710 487 7 8 0.023197543 
753 496 8 9 0.023185702 
327 567 9 11 0.023175456 
557 605 12 16 0.023174096 
377 479 7 8 0.023165926 
18 527 7 9 0.023139643 
222 542 8 11 0.023119159 
879 526 8 10 0.023097979 
350 511 7 9 0.023058385 
40 575 10 14 0.023050103 
528 565 8 10 0.022994569 
830 511 8 10 0.022972837 
279 535 8 11 0.022926576 
527 503 8 10 0.0228911 
884 597 13 15 0.022880914 
863 611 12 15 0.02286235 
366 519 8 10 0.022844974 
719 518 7 9 0.022842573 
704 482 8 9 0.022812895 
814 550 9 12 0.022812573 
22 543 8 10 0.022807747 
764 651 14 15 0.022794466 
65 489 6 8 0.022724375 
416 496 7 9 0.022706022 
606 572 11 14 0.02266833 
631 494 7 8 0.022614338 
318 578 17 22 0.022567092 
295 485 6 9 0.022565296 
912 517 7 9 0.022545446 
841 617 14 20 0.022530966 
991 614 13 19 0.022491984 
433 487 6 8 0.022475421 
758 614 11 13 0.022464247 
824 502 7 9 0.02245617 
208 520 7 10 0.02243506 
793 604 9 11 0.022434495 
281 490 6 7 0.022425434 
479 543 8 12 0.022409918 
766 611 10 13 0.02238105 
528 573 8 10 0.022375874 
976 597 12 18 0.022369709 
873 488 6 9 0.022341484 
496 495 6 8 0.022336427 
670 542 7 10 0.022285936 
256 528 18 24 0.022232875 
838 527 9 10 0.022224573 
494 528 8 9 0.022204697 
95 496 7 9 0.022202035 
657 549 9 11 0.022175727 
942 465 8 9 0.022114838 
79 496 6 9 0.022041637 
143 510 8 10 0.022036616 
681 556 8 12 0.022027057 
353 527 7 9 0.022002866 
236 504 20 24 0.021982975 
157 565 10 14 0.021922862 
46 487 7 9 0.021916041 
554 489 7 8 0.021897158 
967 511 6 9 0.021883583 
1015 540 9 13 0.021872384 
468 605 9 13 0.02184886 
744 495 7 9 0.021847686 
456 576 9 12 0.021841703 
602 505 7 8 0.021817463 
479 662 12 14 0.021797983 
162 502 7 10 0.021795137 
367 610 10 13 0.021782743 
282 495 6 7 0.0217175 
219 584 19 22 0.021674728 
739 631 20 22 0.021634733 
975 596 20 29 0.021631755 
614 596 14 17 0.021626953 
384 525 7 9 0.021623092 
541 601 10 14 0.021585979 
495 533 8 11 0.021573614 
178 557 19 24 0.021572787 
287 558 10 12 0.021544084 
71 525 9 10 0.021492656 
895 539 8 12 0.021470547 
520 635 10 13 0.021442229 
693 659 10 13 0.021434795 
951 510 8 9 0.02140303 
543 487 7 9 0.021383654 
111 583 9 12 0.021360941 
303 511 7 9 0.02135992 
882 627 12 16 0.021319753 
271 534 8 10 0.021286355 
746 511 7 8 0.021276755 
641 512 7 9 0.021268582 
743 541 9 11 0.021234643 
321 479 7 9 0.021195251 
532 550 9 10 0.02113114 
895 479 8 10 0.021110628 
925 486 8 10 0.021084635 
41 494 7 9 0.021081403 
804 533 11 15 0.021075176 
500 538 18 24 0.02106083 
505 576 9 12 0.021053312 
943 504 8 11 0.02103616 
969 464 7 8 0.021028921 
849 462 7 10 0.020998014 
728 498 6 8 0.020981679 
414 574 8 11 0.020973029 
608 510 7 8 0.020966249 
57 556 8 10 0.020965954 
229 597 10 13 0.020944586 
888 553 10 15 0.020944469 
608 549 9 11 0.02092381 
0 640 9 16 0.020906694 
477 668 13 16 0.020885399 
312 541 10 12 0.020869542 
497 581 10 14 0.020857375 
743 565 10 13 0.020847771 
257 511 8 9 0.020805487 
846 571 12 15 0.020779006 
464 509 8 9 0.020776339 
705 520 7 9 0.02077624 
528 527 8 9 0.020673292 
639 557 9 11 0.02067247 
217 488 7 9 0.020661402 
334 488 7 9 0.020644676 
232 567 9 11 0.020615293 
241 588 11 14 0.020602396 
116 565 8 11 0.0205952 
646 497 20 26 0.020594805 
766 529 18 23 0.020586228 
792 488 7 9 0.02057822 
592 577 17 24 0.02057407 
860 618 12 17 0.020545572 
863 542 9 12 0.020541724 
247 674 12 14 0.02053617 
773 588 12 15 0.020525841 
250 489 7 8 0.020516995 
183 489 7 8 0.020496892 
809 488 7 8 0.020496355 
378 669 16 16 0.020489942 
98 519 7 8 0.020485178 
689 498 7 8 0.02043565 
656 495 7 8 0.02042565 
469 614 10 14 0.020406043 
0 621 9 17 0.020336142 
400 631 22 30 0.020325962 
120 490 6 7 0.020316163 
17 519 7 9 0.020302713 
54 536 19 24 0.020301802 
544 504 6 9 0.020272247 
688 625 10 15 0.020236447 
901 586 18 24 0.020220984 
351 631 11 13 0.02013773 
504 612 10 14 0.020135293 
772 653 12 14 0.020132419 
705 487 7 8 0.020123404 
202 636 10 12 0.02006127 
85 571 10 12 0.020031948 
440 487 8 8 0.020028636 
791 495 7 9 0.020023694 
632 617 12 16 0.020012196 
978 477 8 11 0.020008514 
