22_Picnic_Picnic_22_308
122
383 328 34 43 0.99580765 
954 190 55 83 0.98893064 
520 302 29 28 0.96530426 
565 278 24 31 0.86622983 
816 261 12 15 0.6763906 
591 232 24 30 0.435931 
694 249 25 31 0.37412587 
698 242 16 21 0.3190765 
801 278 11 14 0.30053547 
360 371 16 19 0.23545398 
242 254 11 13 0.23301624 
889 255 10 13 0.22180523 
765 255 11 13 0.21583827 
740 263 13 18 0.21331812 
693 237 15 22 0.20050833 
492 338 19 21 0.18023865 
638 236 11 14 0.15022242 
605 290 18 22 0.14802302 
633 235 10 13 0.14025658 
660 238 13 17 0.12267536 
630 231 10 12 0.12179562 
596 226 15 19 0.117729306 
832 289 10 12 0.107923396 
800 272 10 14 0.08593977 
838 270 9 11 0.08366242 
761 253 10 13 0.07909123 
661 196 10 13 0.078656375 
706 248 13 18 0.07651661 
588 313 26 31 0.0727521 
798 255 10 13 0.0708207 
601 244 17 22 0.06438235 
741 256 11 14 0.06279199 
725 240 9 11 0.057631634 
256 303 12 13 0.055524964 
624 228 11 15 0.053993262 
776 330 13 18 0.053615272 
820 257 11 13 0.05315749 
726 244 10 13 0.05313394 
621 234 12 15 0.05311517 
509 382 30 43 0.052430257 
613 236 11 15 0.051320545 
864 272 8 9 0.0511558 
655 242 13 17 0.05082117 
735 254 12 14 0.04956772 
833 268 10 13 0.0495312 
850 287 9 12 0.047485657 
856 271 9 10 0.046524532 
838 253 9 11 0.04568143 
472 342 26 31 0.04375151 
706 236 13 16 0.04247605 
485 340 15 19 0.04110973 
793 259 10 13 0.040282972 
509 290 15 21 0.038827315 
720 238 10 13 0.038412187 
837 275 11 13 0.037761867 
511 288 24 30 0.036917984 
745 268 13 16 0.036712814 
688 235 14 20 0.03650673 
461 381 37 46 0.035911746 
869 272 7 9 0.034419253 
694 230 13 18 0.0343504 
823 279 9 10 0.032261994 
633 207 9 11 0.03220554 
283 618 18 21 0.032172177 
645 242 12 15 0.031952985 
243 247 13 15 0.0316337 
732 246 11 14 0.03162027 
429 12 9 11 0.031050352 
856 276 9 11 0.030983588 
563 270 16 18 0.03000307 
482 375 45 58 0.029547362 
799 292 10 14 0.029499246 
783 248 8 11 0.029059332 
227 206 11 12 0.029045269 
280 200 8 9 0.02887782 
807 338 15 23 0.028855998 
245 267 14 16 0.028676676 
442 379 30 40 0.0285299 
447 82 62 65 0.0284072 
602 232 22 27 0.028123464 
838 264 9 11 0.02795736 
559 280 18 25 0.027702227 
657 202 11 13 0.027662888 
769 260 13 14 0.027042815 
664 325 17 20 0.027002627 
213 213 8 11 0.02683412 
593 247 23 30 0.02670512 
639 232 21 24 0.02648736 
848 264 8 9 0.026230711 
679 174 10 11 0.026174098 
835 285 11 13 0.026140733 
823 248 8 10 0.02416977 
282 175 8 10 0.024150806 
668 191 10 12 0.023996675 
626 221 13 16 0.02388959 
804 319 10 12 0.023717824 
732 252 21 27 0.023664834 
981 244 36 49 0.02355968 
602 221 14 16 0.023542957 
583 239 15 21 0.023416793 
236 266 13 15 0.023336103 
660 230 13 17 0.023273967 
770 254 12 12 0.023103036 
800 322 11 14 0.023037404 
558 268 14 17 0.022867816 
701 231 13 17 0.022761872 
658 245 16 20 0.022611141 
630 231 18 23 0.022465136 
829 262 9 10 0.022064468 
618 241 14 18 0.021916727 
580 228 11 14 0.021585988 
662 191 11 14 0.021569556 
758 248 11 14 0.021528086 
592 301 26 34 0.021487966 
912 160 146 189 0.021286039 
870 277 8 10 0.020907683 
832 255 9 10 0.020845503 
862 275 9 12 0.020763857 
1012 29 11 19 0.020320218 
418 495 26 29 0.020145658 
593 222 11 14 0.020076534 
764 248 13 15 0.020004643 
