22_Picnic_Picnic_22_561
60
202 472 124 148 0.9999485 
386 495 102 130 0.9999199 
583 757 65 76 0.13374548 
56 -21 425 528 0.0956717 
650 1147 16 18 0.0852931 
723 771 47 63 0.079833515 
477 1156 20 31 0.07716198 
388 1140 16 17 0.076913014 
465 1149 17 22 0.06999883 
779 180 15 20 0.05684471 
703 1151 28 29 0.056315843 
871 69 20 22 0.04917953 
418 1178 14 19 0.048245363 
978 1019 13 18 0.04758301 
509 1160 24 29 0.045823846 
365 1177 12 16 0.044593275 
892 101 16 20 0.042097453 
772 1142 12 14 0.04150027 
718 215 10 14 0.037426747 
585 1039 15 20 0.037158333 
381 1137 27 27 0.03709486 
364 1160 31 34 0.032778464 
462 423 12 15 0.032325596 
655 1114 138 131 0.032026313 
747 1139 27 27 0.030531714 
516 1151 24 31 0.03005884 
332 1141 12 14 0.03002526 
733 94 11 14 0.029860456 
333 319 23 32 0.029359834 
739 86 10 12 0.028875789 
736 70 13 16 0.028685112 
713 84 12 15 0.028549282 
993 22 10 14 0.027891433 
717 188 12 14 0.027866421 
748 212 44 55 0.026848057 
483 1160 25 29 0.026554536 
523 1162 14 19 0.026514519 
623 1103 12 16 0.02575953 
769 1161 16 18 0.025555784 
756 1133 14 16 0.02513872 
420 1100 12 14 0.024191959 
676 1150 13 17 0.023759682 
466 1140 18 21 0.023456605 
801 84 12 17 0.023001399 
85 427 35 39 0.022648592 
367 1141 35 34 0.022493742 
550 1060 12 16 0.022423781 
677 1109 11 14 0.022342505 
356 1146 13 16 0.022089886 
766 1142 11 13 0.022077972 
816 58 15 19 0.021981023 
748 1134 16 18 0.02148308 
763 122 11 13 0.021376174 
709 1123 11 12 0.021213597 
701 747 84 99 0.020979749 
699 145 13 17 0.020754518 
759 1102 10 13 0.020582268 
548 1160 13 17 0.020437727 
505 1110 47 49 0.02027145 
463 1135 29 36 0.020102773 
