22_Picnic_Picnic_22_152
69
128 233 39 64 0.97909194 
407 218 39 44 0.9309493 
594 146 40 45 0.8899398 
862 386 41 76 0.84488404 
108 365 45 72 0.31128162 
180 420 40 35 0.29699653 
618 462 24 26 0.29142404 
316 389 33 36 0.18959825 
707 420 20 21 0.18740116 
603 418 37 44 0.12901187 
23 619 156 117 0.08697366 
324 393 18 19 0.07917871 
641 422 25 28 0.07907439 
-35 573 274 176 0.07387614 
690 427 17 18 0.06470758 
297 397 33 37 0.05966144 
718 357 11 14 0.057316642 
91 394 35 54 0.05708658 
453 579 72 55 0.05619544 
606 546 36 39 0.056107514 
418 201 32 48 0.053322017 
447 557 38 48 0.045616202 
437 567 59 60 0.04328872 
933 360 64 68 0.042815257 
615 466 15 17 0.04192386 
688 417 30 31 0.041238595 
389 217 24 37 0.040926892 
719 362 13 16 0.040625915 
364 509 14 16 0.039620396 
679 462 105 116 0.038929086 
425 485 28 29 0.038002945 
720 368 29 31 0.037294343 
697 378 18 18 0.035922583 
657 387 27 36 0.034996744 
241 715 61 55 0.03421082 
854 359 78 112 0.03376091 
606 425 50 62 0.033239402 
455 562 107 90 0.032685287 
42 368 49 65 0.031150507 
375 348 51 50 0.030914785 
699 386 14 14 0.02981253 
690 376 30 30 0.029778088 
582 539 56 66 0.029226689 
669 390 49 50 0.029171672 
596 44 26 27 0.029070938 
917 344 76 57 0.028506624 
624 413 49 57 0.027557781 
678 443 12 16 0.026252434 
929 389 61 65 0.025694476 
611 555 17 21 0.025694272 
306 402 19 22 0.024892233 
694 375 14 15 0.024544645 
876 339 106 90 0.024145292 
713 358 24 28 0.023922754 
713 424 31 34 0.023655549 
38 387 31 50 0.023107823 
397 232 30 36 0.022886181 
660 412 45 49 0.022161921 
705 377 18 18 0.022143202 
853 398 32 56 0.02153789 
654 535 15 19 0.02092671 
304 395 46 60 0.020645969 
506 288 57 59 0.02062419 
663 402 12 16 0.020351397 
631 465 103 111 0.020330211 
697 368 29 30 0.020319896 
353 502 33 30 0.020162499 
161 484 57 62 0.0201364 
540 282 38 44 0.020058747 
