22_Picnic_Picnic_22_444
204
401 350 9 11 0.6573694 
295 396 10 14 0.6421211 
375 416 10 13 0.59121794 
211 400 14 18 0.5039477 
534 327 9 11 0.500121 
207 405 12 16 0.40963942 
568 332 11 13 0.38456047 
680 336 10 13 0.38303813 
509 400 15 18 0.3786143 
454 336 10 12 0.36901984 
637 347 9 11 0.3644338 
621 427 11 15 0.31649482 
505 336 9 11 0.2901278 
503 386 11 14 0.28538975 
429 372 8 11 0.20750485 
137 347 11 13 0.20705254 
584 392 13 16 0.18265496 
813 348 10 13 0.17131048 
519 365 9 13 0.1585712 
607 328 8 11 0.13648316 
425 368 9 12 0.12465286 
449 340 9 12 0.1208529 
406 383 8 12 0.119885676 
530 328 9 10 0.096634164 
810 350 9 13 0.09518031 
466 320 10 12 0.091439374 
380 415 11 14 0.090074666 
765 336 9 10 0.08918333 
495 335 8 11 0.08489563 
717 334 9 10 0.08461581 
650 358 8 11 0.07950358 
593 365 9 12 0.075350985 
524 365 10 12 0.07515254 
577 352 10 12 0.07324856 
227 421 11 15 0.071823925 
634 344 9 12 0.07137174 
399 345 9 12 0.063209146 
797 336 8 10 0.06306544 
581 425 14 17 0.062379703 
170 348 9 12 0.05819086 
510 371 11 13 0.05808877 
811 355 11 16 0.057947714 
519 325 8 11 0.05732249 
433 399 9 11 0.055227835 
673 339 10 13 0.05470492 
583 381 12 14 0.053696644 
540 326 10 11 0.053591948 
780 350 11 13 0.05167633 
507 383 11 14 0.05161413 
623 379 9 11 0.05128637 
511 319 8 10 0.05066964 
588 306 13 15 0.050603747 
395 350 9 11 0.049329564 
203 405 10 14 0.049139123 
819 346 11 14 0.04881689 
246 318 8 9 0.048283704 
459 334 11 13 0.048267856 
210 340 10 12 0.046130702 
581 355 10 13 0.04586277 
509 338 9 12 0.0457172 
535 321 9 11 0.04558447 
592 359 9 12 0.044757627 
497 388 11 14 0.04474046 
543 320 10 11 0.044247653 
405 355 8 11 0.044244625 
500 383 19 25 0.043797728 
584 376 11 12 0.043686476 
398 367 10 13 0.04363716 
722 346 9 12 0.042783845 
505 403 12 16 0.042439815 
702 263 199 231 0.041763812 
140 355 11 13 0.041145723 
807 344 10 13 0.04087691 
921 312 9 10 0.040109675 
798 340 8 11 0.040059064 
624 358 9 11 0.03980149 
478 421 9 11 0.039738126 
565 437 12 15 0.038281087 
496 340 8 10 0.037911765 
565 463 37 42 0.03769568 
495 364 9 11 0.03747277 
262 387 10 12 0.037007928 
552 327 9 10 0.03666918 
576 426 11 16 0.036320347 
215 406 20 24 0.035702474 
370 415 9 12 0.03565079 
717 326 9 13 0.03563672 
589 333 9 12 0.035268743 
550 316 10 12 0.03511323 
557 327 9 10 0.034984298 
769 317 9 12 0.034942884 
655 379 8 11 0.034552224 
549 414 11 13 0.03433424 
687 314 10 13 0.03423129 
369 359 9 11 0.03407671 
664 336 8 10 0.03391763 
138 320 8 11 0.033775266 
505 318 9 11 0.033708367 
292 393 18 22 0.03362348 
519 320 7 10 0.03352236 
535 384 9 10 0.03297621 
519 359 9 12 0.032652892 
242 319 6 9 0.03210873 
601 326 10 12 0.032025173 
505 311 9 11 0.031776454 
571 328 11 13 0.031768896 
423 319 8 11 0.031723544 
542 414 11 14 0.03169978 
264 312 10 12 0.03169911 
615 366 9 12 0.03160222 
218 397 12 15 0.031597614 
221 415 20 25 0.031001633 
631 358 8 11 0.03084299 
631 320 8 10 0.030511955 
585 327 9 11 0.03037936 
254 413 10 13 0.030313693 
434 390 9 12 0.03026203 
621 327 8 10 0.03005501 
358 415 10 13 0.029802803 
173 344 9 12 0.029785343 
647 334 10 11 0.029617963 
143 319 9 11 0.029559122 
256 385 13 16 0.029414432 
486 419 11 12 0.029384455 
151 347 10 13 0.029131789 
655 343 8 10 0.029057901 
681 329 9 12 0.029032556 
558 318 9 11 0.02798741 
488 364 10 11 0.027976558 
471 323 200 219 0.027936885 
495 303 9 10 0.027914612 
615 326 9 11 0.02789799 
584 342 9 11 0.02783681 
271 294 7 9 0.027290866 
552 333 10 11 0.02722541 
517 397 23 27 0.0271178 
236 421 12 16 0.027117707 
279 303 8 10 0.027013399 
447 327 9 12 0.026667008 
520 310 8 10 0.026627008 
488 341 9 11 0.026584508 
615 307 11 13 0.026167754 
565 429 13 16 0.026163315 
616 392 10 13 0.026121084 
491 334 9 12 0.025934653 
298 391 11 13 0.025523376 
762 339 9 12 0.025276225 
423 335 8 11 0.02525523 
527 319 9 11 0.02509604 
337 359 8 11 0.024688536 
48 286 9 12 0.024685804 
598 319 9 11 0.02463636 
494 395 10 13 0.02457607 
766 326 10 12 0.024514716 
526 311 9 11 0.024384553 
525 350 10 12 0.024238199 
589 371 11 13 0.02415584 
378 380 8 10 0.023943495 
622 320 8 10 0.023849081 
264 350 10 12 0.023831844 
262 411 12 13 0.023728313 
59 100 16 19 0.023548454 
491 419 12 13 0.023540482 
647 351 9 10 0.023170458 
157 342 9 11 0.023143496 
72 334 9 11 0.023129912 
382 381 8 10 0.023078319 
624 351 8 11 0.022912852 
149 318 8 11 0.022866603 
685 328 10 12 0.022863114 
346 446 10 13 0.02281707 
381 342 8 11 0.022691581 
432 381 9 12 0.022576172 
621 301 10 13 0.022431388 
807 362 11 15 0.02222526 
472 359 8 12 0.02218787 
616 433 12 15 0.022057671 
618 373 9 12 0.021859575 
397 345 18 23 0.02181146 
807 334 10 12 0.02176085 
393 356 9 11 0.021681407 
721 301 9 11 0.021646393 
289 402 11 14 0.021606812 
519 350 10 12 0.021584108 
269 311 9 11 0.021550708 
407 375 8 11 0.021441877 
336 373 9 10 0.02136606 
591 316 9 12 0.021317996 
703 325 9 12 0.021275636 
807 349 19 26 0.021268068 
502 359 9 11 0.021264128 
438 360 9 11 0.021128379 
925 310 8 10 0.02110904 
654 350 8 11 0.021101084 
519 304 8 10 0.021063779 
589 326 9 11 0.020822652 
647 342 9 11 0.020783518 
567 318 9 10 0.020760952 
502 365 11 13 0.020718182 
135 338 18 23 0.020710288 
472 419 10 11 0.020543873 
494 413 10 13 0.020521699 
572 435 12 15 0.020402264 
441 369 114 123 0.020137299 
