57_Angler_peoplefishing_57_401
27
619 213 22 26 0.9696167 
103 279 28 34 0.15856063 
254 399 9 10 0.112198144 
459 368 17 24 0.088623054 
785 301 42 56 0.08375996 
491 361 390 435 0.06755869 
437 367 49 48 0.058244377 
643 218 14 19 0.045405895 
425 381 31 30 0.040949658 
244 411 10 13 0.035264477 
442 377 17 20 0.031236568 
254 393 10 12 0.030476907 
635 215 15 21 0.02939208 
784 330 49 60 0.028996576 
453 374 16 21 0.027866108 
618 288 483 503 0.027015079 
75 365 29 33 0.025539922 
417 359 50 48 0.0250298 
110 334 29 36 0.024313545 
457 372 28 33 0.024205413 
450 376 55 50 0.02367845 
878 222 10 12 0.022896608 
681 220 11 13 0.022852303 
869 211 10 12 0.022359641 
641 231 16 19 0.021862404 
103 285 14 19 0.021827647 
177 366 30 34 0.020662675 
