57_Angler_peoplefishing_57_868
40
619 676 179 233 0.9993856 
579 221 218 349 0.5075466 
642 922 330 482 0.31343076 
644 319 115 194 0.17818533 
127 544 55 62 0.16620894 
403 205 180 274 0.13717212 
-8 178 106 178 0.09362684 
536 980 108 104 0.08462142 
532 1041 57 59 0.07512364 
345 182 165 269 0.06802528 
864 1364 65 63 0.06505141 
751 312 95 135 0.058043957 
391 1424 197 205 0.051614262 
6 216 58 115 0.051547326 
564 983 69 62 0.049630046 
986 364 37 74 0.042221233 
683 184 193 289 0.038002044 
862 1412 94 99 0.037525382 
464 231 198 273 0.037514094 
567 1137 30 39 0.035297334 
377 501 65 90 0.03511328 
144 562 56 60 0.03107431 
608 1161 58 62 0.029263671 
686 1098 48 42 0.028640117 
699 314 100 152 0.028564995 
127 467 45 64 0.028146014 
857 85 183 288 0.027504347 
757 80 188 305 0.027140234 
143 193 59 91 0.026560653 
353 115 286 459 0.026307419 
343 137 118 186 0.025631094 
581 1128 91 106 0.025341213 
146 525 57 69 0.025037052 
187 70 54 73 0.024256995 
693 358 61 102 0.024001306 
525 1035 93 101 0.022648277 
54 869 49 73 0.022280088 
258 183 97 123 0.020855967 
28 184 135 171 0.02073695 
457 490 349 453 0.020312954 
