57_Angler_peoplefishing_57_566
43
422 436 9 12 0.9209765 
471 383 12 14 0.7634316 
263 413 13 17 0.57032967 
328 416 10 13 0.5002105 
251 407 13 16 0.3017137 
503 221 8 10 0.18459001 
459 423 10 12 0.17652196 
506 447 16 23 0.15355548 
287 454 9 12 0.12058146 
508 438 12 17 0.079756446 
500 421 13 16 0.07702956 
486 415 23 26 0.07339746 
239 453 9 14 0.051567238 
566 464 7 9 0.04794772 
327 424 11 14 0.047868874 
407 432 8 10 0.044422086 
460 437 11 16 0.043963984 
431 461 9 11 0.04274506 
484 413 17 19 0.037660636 
291 453 10 12 0.037023142 
413 462 9 13 0.035362985 
395 303 14 15 0.034608897 
527 486 8 11 0.030888936 
478 400 27 32 0.030492352 
605 410 14 20 0.029256413 
254 414 15 18 0.027008373 
451 533 14 17 0.026636757 
484 399 12 14 0.026626492 
419 431 17 22 0.02628478 
504 456 13 17 0.025114737 
433 424 9 12 0.024721362 
410 378 97 119 0.024258425 
480 418 15 18 0.02392076 
417 431 11 14 0.02386923 
314 455 8 10 0.022713037 
326 455 15 17 0.022578202 
508 429 10 13 0.0225318 
437 462 8 10 0.02206809 
542 172 13 17 0.021882504 
332 426 12 14 0.021796335 
423 456 10 12 0.02110878 
424 460 12 14 0.020854276 
506 420 11 15 0.020084575 
