57_Angler_peoplefishing_57_206
68
285 804 37 38 0.96393424 
618 677 15 18 0.7935733 
171 718 23 26 0.65231836 
985 615 10 13 0.53601646 
742 683 11 14 0.4886302 
797 667 15 18 0.43474331 
397 693 25 31 0.23796715 
0 498 14 22 0.20164606 
233 421 20 22 0.19140194 
366 929 235 312 0.18053651 
172 492 12 15 0.13748007 
920 706 23 25 0.13123909 
821 699 16 18 0.11643339 
119 386 34 41 0.06727492 
736 681 13 17 0.067262955 
801 661 13 17 0.062298324 
916 756 17 20 0.05725826 
796 673 23 26 0.05477521 
820 767 16 17 0.054367755 
894 743 10 12 0.05388305 
690 696 13 16 0.049804673 
468 695 13 15 0.049471147 
162 749 28 41 0.049346916 
739 676 19 24 0.048980553 
178 934 396 398 0.045142673 
982 615 19 24 0.044240367 
605 696 12 17 0.041335467 
800 737 28 42 0.040836733 
198 422 26 27 0.039085757 
461 693 14 17 0.03819785 
138 592 16 19 0.037443765 
796 726 25 37 0.03668303 
95 1154 227 262 0.036354657 
812 754 28 31 0.034359388 
800 658 10 12 0.03406515 
634 613 13 15 0.03405491 
319 488 8 10 0.03331421 
140 154 15 18 0.032487325 
57 1042 388 402 0.032129224 
200 655 9 10 0.030656409 
449 719 27 35 0.029846862 
909 694 38 46 0.029712755 
462 731 35 32 0.02970771 
617 724 10 12 0.029497778 
999 625 26 39 0.02698795 
677 635 14 16 0.026240531 
637 699 9 12 0.025714394 
316 696 30 34 0.024778241 
973 651 16 21 0.023452979 
795 723 17 25 0.023392467 
579 474 136 133 0.023119302 
452 722 16 21 0.023108857 
382 1017 163 176 0.023087677 
612 682 22 27 0.022648295 
625 677 12 15 0.022067698 
685 781 493 527 0.022062482 
627 610 22 26 0.022019261 
728 682 12 15 0.02194154 
601 677 10 12 0.021603275 
465 707 42 45 0.021430805 
215 648 7 10 0.02132333 
912 706 13 19 0.021308076 
940 694 12 14 0.021102043 
709 612 14 17 0.020749157 
225 626 10 16 0.020615704 
477 725 13 15 0.020270102 
605 627 15 18 0.020216119 
819 765 34 33 0.020133285 
