57_Angler_peoplefishing_57_661
80
102 427 14 19 0.9000157 
203 414 13 15 0.846063 
364 410 11 13 0.52608013 
244 387 10 12 0.39871338 
402 409 9 11 0.33528957 
233 412 10 11 0.27835682 
282 419 9 11 0.20802687 
447 414 9 12 0.16875435 
36 419 12 16 0.16473855 
0 389 10 15 0.12660263 
244 392 12 16 0.12215109 
496 405 9 11 0.10873918 
368 383 9 11 0.10232184 
446 409 9 11 0.0693669 
452 414 9 12 0.067979746 
324 404 10 12 0.06295351 
579 352 25 34 0.057010766 
208 417 13 16 0.053283703 
304 403 11 12 0.053113755 
322 383 9 12 0.048957624 
0 437 11 14 0.046752404 
82 456 9 12 0.042756174 
320 397 11 13 0.041852046 
7 421 11 15 0.038991753 
308 396 9 13 0.038768616 
344 397 11 13 0.036950804 
97 432 12 15 0.036553416 
73 420 9 13 0.036135823 
142 439 11 13 0.033734094 
143 298 27 33 0.03355218 
287 384 11 13 0.03321778 
14 456 9 13 0.032618936 
1 430 9 14 0.032352857 
6 428 10 13 0.028453875 
442 414 10 13 0.028371159 
391 448 9 11 0.027653802 
308 406 9 12 0.026230078 
232 445 13 15 0.026061859 
16 388 10 12 0.026039446 
72 415 9 13 0.025718085 
237 419 11 14 0.025582263 
215 395 11 16 0.025393197 
456 395 9 12 0.025390938 
350 391 8 11 0.025196468 
311 413 9 11 0.024901722 
92 227 14 17 0.024789752 
566 344 46 52 0.02441174 
13 419 14 19 0.024312647 
390 421 11 13 0.024264092 
381 436 11 13 0.023973983 
220 396 12 17 0.023719544 
415 384 9 12 0.023637768 
338 398 8 12 0.023622004 
51 404 15 19 0.023559906 
83 254 17 21 0.023528814 
55 384 8 10 0.023245737 
13 469 9 12 0.0232454 
8 456 11 13 0.022820637 
663 447 68 75 0.022692334 
391 412 10 13 0.022104185 
571 360 25 32 0.022026388 
85 399 16 21 0.021991923 
343 402 11 14 0.021932557 
365 161 98 140 0.021746207 
295 422 11 14 0.021531465 
415 394 11 13 0.021343675 
408 388 10 13 0.021336185 
227 301 165 204 0.021287918 
440 419 11 14 0.02098764 
273 412 10 12 0.020983541 
6 413 11 15 0.020940486 
360 403 18 23 0.020598054 
90 488 44 48 0.020542428 
408 438 10 12 0.020445907 
613 478 184 240 0.020399444 
350 406 9 11 0.02031104 
277 407 10 12 0.02027442 
501 401 8 10 0.02026108 
664 398 106 129 0.020111632 
244 401 12 14 0.020066082 
