57_Angler_peoplefishing_57_796
22
391 295 180 242 0.99976856 
627 766 223 200 0.80743945 
761 785 129 126 0.23252015 
834 1543 17 18 0.13440661 
-1 1535 27 51 0.052309632 
592 648 367 464 0.04492892 
651 822 144 122 0.04090494 
991 1183 32 63 0.039027184 
970 1147 49 85 0.036880195 
198 932 192 231 0.034859743 
617 297 254 246 0.030783733 
377 1647 27 30 0.028848581 
919 683 12 17 0.028846012 
943 1132 61 82 0.027356302 
210 472 16 19 0.023355545 
513 760 18 22 0.023162223 
317 382 12 14 0.022625828 
196 445 14 17 0.021417344 
619 886 130 160 0.021173118 
214 1613 29 37 0.02077763 
28 514 12 15 0.020734563 
773 1427 29 34 0.020339392 
