57_Angler_peoplefishing_57_402
42
335 122 64 63 0.96805376 
681 61 45 45 0.902311 
760 121 234 378 0.33757257 
574 358 21 26 0.17682481 
575 356 14 17 0.1213247 
596 351 17 21 0.11383476 
383 76 39 62 0.10749757 
636 405 23 28 0.102530584 
675 380 25 38 0.09612887 
556 400 31 45 0.08093396 
426 370 240 227 0.07556953 
590 354 14 18 0.07531207 
562 331 14 16 0.063325204 
602 358 17 20 0.05477995 
655 107 83 120 0.05260343 
535 252 30 31 0.05255981 
677 174 61 73 0.039781906 
807 162 149 223 0.0384685 
674 199 29 40 0.038457323 
387 296 24 31 0.038079847 
586 362 17 22 0.03623073 
701 69 38 41 0.034858387 
459 237 16 19 0.033892248 
651 408 15 21 0.031418353 
578 350 13 16 0.030994872 
549 373 14 17 0.028251367 
664 58 27 39 0.025762426 
296 287 406 408 0.025733432 
683 209 14 18 0.025478793 
304 295 13 15 0.02415546 
595 367 15 19 0.02367073 
512 250 31 32 0.023011789 
603 368 16 18 0.022826884 
636 356 13 17 0.022407398 
526 287 34 37 0.021597007 
437 425 35 33 0.021441394 
517 295 45 52 0.021204991 
669 258 13 16 0.020837016 
609 355 15 18 0.020796312 
626 354 16 19 0.020591965 
970 479 46 67 0.020568531 
693 104 60 74 0.02026054 
