54_Rescue_rescuepeople_54_135
216
874 480 63 78 0.9986155 
503 1 52 67 0.9913657 
868 208 28 50 0.9873059 
942 218 24 38 0.9668522 
329 46 34 50 0.93081665 
43 554 71 60 0.87049294 
997 230 24 32 0.4736248 
956 470 46 69 0.32896775 
962 367 36 44 0.30538142 
696 340 17 20 0.23003007 
434 369 27 40 0.21375932 
175 165 12 19 0.21095797 
452 0 45 51 0.20144805 
155 179 21 30 0.19131309 
73 229 27 32 0.18622006 
118 373 38 55 0.18343088 
453 378 16 24 0.1783058 
662 579 44 68 0.17819338 
148 210 15 21 0.17674135 
166 231 13 17 0.16294234 
29 579 70 58 0.16222122 
949 213 34 42 0.15119494 
176 57 16 22 0.1419375 
907 398 39 52 0.119368136 
643 28 10 13 0.1147478 
850 362 46 57 0.11158977 
1005 411 17 34 0.1106889 
743 44 10 13 0.0979364 
669 500 53 63 0.09770635 
75 184 15 21 0.092524536 
149 201 15 21 0.0888129 
831 351 51 60 0.08766846 
165 170 24 34 0.08675666 
603 266 23 32 0.084636495 
686 127 9 12 0.08439455 
155 63 15 20 0.08128045 
770 329 15 20 0.07245864 
968 370 48 60 0.06933734 
252 159 28 37 0.06860431 
66 224 22 34 0.06848357 
86 229 27 29 0.06762324 
587 271 25 36 0.06713563 
499 1 35 41 0.06692429 
984 228 37 55 0.06569725 
795 296 24 32 0.06565146 
795 586 54 62 0.063678406 
651 489 44 59 0.06229616 
100 171 13 17 0.060719613 
101 176 19 29 0.058530394 
877 383 44 53 0.05841647 
739 410 31 48 0.057762038 
700 432 22 30 0.05663158 
82 104 8 11 0.056275085 
793 377 55 65 0.05624404 
414 25 28 36 0.054025896 
907 427 45 56 0.05332727 
825 320 49 59 0.053295925 
862 165 11 18 0.052774787 
922 414 32 46 0.050792426 
525 351 10 12 0.049645506 
763 323 18 23 0.04886428 
284 144 16 18 0.04832258 
213 352 36 56 0.048099753 
665 530 63 85 0.04756067 
76 271 17 22 0.047179837 
628 559 25 38 0.04697304 
780 326 59 78 0.04665986 
900 200 26 40 0.04636309 
150 548 28 41 0.045772824 
329 413 41 54 0.04557759 
413 17 45 59 0.045224443 
701 44 9 11 0.04509655 
737 318 10 14 0.04503865 
45 598 44 37 0.04436954 
684 578 95 97 0.043317012 
876 168 15 18 0.042994324 
963 219 41 53 0.042605985 
597 33 12 14 0.04206896 
835 334 28 31 0.041924737 
7 260 29 38 0.04189097 
868 169 14 17 0.041535705 
16 248 25 36 0.040797174 
623 29 8 12 0.040353917 
120 188 21 28 0.03822191 
123 306 32 35 0.037982143 
113 181 21 30 0.03770309 
878 220 33 37 0.037238453 
925 381 48 59 0.037110247 
953 464 32 48 0.036665 
77 110 22 31 0.036219873 
84 107 11 15 0.03541931 
95 167 13 16 0.03505743 
476 333 11 13 0.034977198 
64 125 10 14 0.034854747 
57 210 16 20 0.03426629 
791 296 48 60 0.03393352 
159 221 22 28 0.033360913 
855 163 13 19 0.033336278 
849 213 42 59 0.03317924 
52 382 27 39 0.03260509 
100 222 22 32 0.032567937 
93 119 13 19 0.032556895 
742 319 9 12 0.032316912 
110 131 12 15 0.032186896 
811 340 86 98 0.031900622 
769 313 26 33 0.031519484 
159 177 12 15 0.03148048 
770 327 24 33 0.03137743 
923 276 38 60 0.031080952 
554 326 25 28 0.030739173 
925 209 33 51 0.030699505 
330 295 35 42 0.030687883 
282 23 48 63 0.030526327 
930 444 48 57 0.03035246 
0 309 40 59 0.030092154 
758 324 15 18 0.029869677 
112 139 11 13 0.029804667 
57 216 24 36 0.029650388 
71 166 11 16 0.029397134 
607 501 40 57 0.029157538 
991 391 32 49 0.029147478 
795 280 27 36 0.028915782 
36 359 45 61 0.028798308 
118 110 9 13 0.028258294 
811 297 51 63 0.027690208 
0 364 10 16 0.027450848 
149 211 24 31 0.027044462 
124 200 15 20 0.02701701 
134 250 23 27 0.026831277 
200 365 36 48 0.026617572 
779 334 29 43 0.026568588 
555 420 12 16 0.0265158 
804 401 47 59 0.026466893 
667 565 75 91 0.026320113 
947 362 79 94 0.026016086 
834 270 45 56 0.026000692 
132 209 27 31 0.025831152 
356 295 13 17 0.025731687 
298 136 26 30 0.02572247 
781 382 29 43 0.02562402 
127 197 23 27 0.025459083 
258 360 42 51 0.02540293 
233 169 45 54 0.025113113 
331 135 33 48 0.024983611 
60 260 15 20 0.024740625 
300 302 26 29 0.024668176 
846 385 47 64 0.024564868 
140 194 40 52 0.024407405 
276 125 48 54 0.024323298 
75 244 19 23 0.024208024 
748 317 12 15 0.024153177 
938 366 49 61 0.024128998 
71 247 28 33 0.024116358 
634 475 50 62 0.02405831 
167 394 30 35 0.023979422 
413 366 38 48 0.02396364 
595 281 15 21 0.023799531 
600 518 32 43 0.023777705 
688 234 32 33 0.023706682 
899 390 34 44 0.023701955 
899 458 54 71 0.023648063 
827 234 14 16 0.023644231 
1008 237 16 23 0.023592122 
787 306 15 18 0.023581952 
13 316 46 64 0.023483463 
83 130 13 14 0.023405584 
775 249 13 17 0.023303976 
11 586 58 60 0.023179354 
826 409 42 57 0.02307175 
578 266 23 36 0.023026649 
34 340 36 48 0.02283632 
973 394 34 48 0.022829039 
705 343 16 21 0.022813205 
252 154 46 55 0.02276933 
63 181 22 33 0.022700507 
500 0 20 20 0.022560026 
573 280 16 24 0.022239579 
202 170 44 55 0.022199782 
959 228 20 26 0.022177475 
175 163 29 38 0.022107368 
291 139 16 20 0.02205532 
556 325 16 18 0.02190756 
277 201 30 34 0.021611843 
934 491 52 70 0.021590248 
278 340 43 52 0.02152093 
776 305 27 33 0.021504384 
177 173 17 25 0.021462742 
860 198 14 19 0.021459982 
184 387 24 35 0.021391796 
780 281 47 59 0.02133256 
393 15 44 59 0.021321194 
67 115 21 28 0.021100506 
638 497 33 48 0.02107148 
922 405 18 27 0.021046914 
294 335 32 37 0.021001572 
516 416 17 23 0.020999739 
153 180 13 19 0.020922365 
76 169 12 16 0.020792283 
142 149 13 17 0.02076116 
346 294 24 32 0.020727754 
117 139 11 15 0.020584825 
162 56 19 25 0.020564258 
344 364 36 50 0.020546462 
987 221 27 38 0.020530693 
796 249 25 29 0.02048719 
458 372 23 30 0.02035286 
397 21 26 36 0.020300807 
333 109 48 71 0.020289864 
0 300 26 46 0.02026021 
262 431 22 35 0.02022294 
239 411 41 57 0.02020138 
140 190 23 30 0.020081278 
976 359 29 41 0.02007265 
732 595 58 67 0.020072088 
54 204 14 20 0.0200532 
657 514 28 40 0.020007925 
