54_Rescue_rescuepeople_54_108
32
235 335 207 286 0.9997373 
364 235 417 396 0.6763461 
425 884 471 423 0.66205543 
627 127 246 251 0.59867036 
95 861 441 407 0.45762235 
308 425 402 457 0.3044755 
477 314 70 83 0.24061076 
536 175 285 343 0.14284079 
451 289 255 239 0.102954105 
960 567 36 46 0.10212581 
460 316 129 119 0.09921069 
320 323 294 370 0.09585187 
619 64 392 412 0.08768846 
952 430 64 89 0.0813942 
712 396 109 136 0.073973134 
665 136 124 132 0.07267722 
476 206 47 49 0.060144365 
148 958 233 231 0.057493094 
597 132 115 134 0.045143005 
38 498 455 525 0.043617733 
544 1022 271 279 0.04053806 
433 1012 376 506 0.040143378 
755 440 79 83 0.03806354 
555 174 116 139 0.03385754 
113 972 120 138 0.027826417 
539 242 129 174 0.024774887 
940 262 87 140 0.023357643 
-10 750 374 486 0.022544198 
466 225 52 57 0.02250083 
424 335 117 134 0.021642657 
936 454 87 139 0.021396017 
154 947 30 50 0.02081966 
