54_Rescue_rescuepeople_54_840
69
65 771 202 301 0.56283873 
647 548 44 57 0.34650162 
410 691 116 92 0.25861514 
327 685 209 347 0.20994164 
222 23 179 202 0.18667488 
116 813 122 177 0.16333903 
934 565 106 90 0.16270581 
127 980 106 180 0.09718127 
921 889 29 44 0.08679765 
230 830 44 59 0.08114594 
732 -6 233 298 0.07866968 
534 861 55 83 0.0763914 
136 743 303 392 0.07152652 
784 760 46 62 0.06746183 
-62 265 396 456 0.06588348 
794 837 92 107 0.063510925 
643 700 43 53 0.0599074 
320 1076 27 35 0.05646028 
818 50 113 135 0.05278116 
673 561 32 51 0.048449785 
310 51 109 147 0.04580134 
456 701 121 99 0.045389883 
196 857 58 81 0.044629056 
787 688 99 89 0.041299015 
560 708 81 109 0.04066106 
881 846 64 85 0.03951915 
266 842 49 56 0.039104477 
526 1026 59 72 0.038250573 
384 796 129 209 0.037743617 
329 995 17 23 0.037550773 
657 572 34 46 0.03726466 
282 551 89 124 0.0370851 
65 108 410 520 0.036976654 
440 713 47 43 0.03636735 
468 0 34 25 0.03468307 
826 872 44 48 0.034180075 
934 892 27 37 0.033422913 
75 1299 64 74 0.03322186 
848 198 39 47 0.032958806 
951 950 31 37 0.03119254 
908 513 111 115 0.030828733 
-1 724 335 474 0.030441238 
881 781 52 55 0.030306205 
214 502 374 399 0.029564356 
826 225 104 130 0.028494133 
118 866 165 287 0.027618866 
299 35 179 243 0.027412532 
851 796 111 126 0.027239142 
325 568 90 127 0.027168792 
321 942 31 35 0.026357122 
666 548 33 42 0.026301714 
806 513 224 189 0.026240382 
793 720 60 82 0.02584426 
281 850 29 35 0.024499578 
937 212 75 130 0.023693785 
410 730 73 65 0.023455584 
231 816 34 49 0.023049358 
215 848 55 70 0.022443559 
666 591 17 22 0.02222333 
449 801 125 161 0.022223268 
733 1405 245 223 0.022017373 
538 528 37 45 0.021972537 
684 427 40 37 0.021551436 
541 724 64 87 0.021492386 
688 695 35 45 0.021316169 
644 578 32 42 0.021283465 
607 535 46 61 0.021095768 
266 484 179 270 0.020725517 
798 679 61 64 0.020375496 
