54_Rescue_rescuepeople_54_222
54
123 34 31 34 0.9993104 
50 35 35 42 0.99915564 
845 42 49 60 0.99903655 
223 70 33 43 0.9979625 
669 43 51 71 0.99350995 
509 218 41 51 0.9920083 
171 53 41 43 0.9894851 
328 89 48 54 0.94500256 
102 216 32 37 0.33179864 
18 176 19 21 0.21879923 
208 450 31 35 0.10199036 
273 177 25 30 0.07337486 
235 204 13 16 0.07178504 
348 220 10 12 0.06906852 
215 444 50 60 0.058183316 
1013 444 9 14 0.05688925 
2 132 46 62 0.050378088 
7 160 33 38 0.04209509 
13 107 48 66 0.03797035 
975 432 9 11 0.0372437 
395 473 16 20 0.03529376 
991 445 10 11 0.035145048 
1014 440 8 12 0.034832474 
716 222 35 40 0.03360268 
1009 455 10 12 0.032983873 
996 398 10 12 0.032258406 
321 64 44 61 0.032084268 
101 222 19 23 0.030120237 
336 232 10 12 0.029629026 
873 213 11 13 0.029583406 
460 238 15 18 0.028985318 
985 415 8 11 0.028763827 
233 297 48 41 0.025899064 
693 37 55 66 0.025381738 
226 225 19 23 0.025206761 
80 200 25 32 0.024825333 
1007 461 9 12 0.024729963 
996 446 9 11 0.024386596 
0 124 10 18 0.024155566 
973 75 27 35 0.02370359 
1008 392 9 10 0.023688147 
367 74 34 44 0.02363686 
0 163 12 19 0.022907337 
449 458 35 37 0.022377802 
102 188 12 16 0.022295177 
1000 484 10 12 0.022231564 
1005 483 10 13 0.02180576 
164 194 15 19 0.021360565 
970 453 9 11 0.021317514 
27 172 26 33 0.020878999 
968 448 9 10 0.020651344 
985 445 9 11 0.020019578 
960 432 8 10 0.02000756 
529 275 32 44 0.020004325 
