54_Rescue_rescuepeople_54_711
53
407 374 12 17 0.8630804 
485 308 13 17 0.8441544 
423 319 10 14 0.3794885 
438 349 8 11 0.33053577 
494 342 8 9 0.25041568 
428 323 9 13 0.23231742 
456 352 8 11 0.17069662 
495 334 9 12 0.106184654 
495 325 10 12 0.08822165 
424 312 10 14 0.071373515 
473 356 7 10 0.06872906 
497 368 9 10 0.06501082 
458 302 8 11 0.061777852 
542 284 15 17 0.061004456 
490 315 12 15 0.055115294 
480 335 10 12 0.05317187 
490 341 8 11 0.05266779 
512 295 9 11 0.05106596 
479 357 7 9 0.050687592 
475 386 13 15 0.044826437 
528 360 10 12 0.043669786 
421 317 19 24 0.043558408 
447 373 10 13 0.043217797 
463 367 8 11 0.04078639 
559 280 13 15 0.040095843 
507 213 44 59 0.038218874 
469 317 10 13 0.034375835 
446 369 9 11 0.03266547 
462 295 9 11 0.032307357 
488 294 9 10 0.030923517 
512 342 9 10 0.030352728 
445 343 10 11 0.028764052 
501 367 8 10 0.026485106 
469 324 9 12 0.026438428 
423 365 8 10 0.026196899 
488 337 9 11 0.026014928 
550 279 12 14 0.025934342 
444 419 14 15 0.024211215 
533 364 9 10 0.024155453 
437 356 9 10 0.023857705 
504 296 9 11 0.023769492 
461 308 10 12 0.02346646 
461 249 106 132 0.022443147 
446 349 10 12 0.022398705 
501 333 8 10 0.022128714 
422 358 8 11 0.021341702 
423 328 10 15 0.021237133 
537 336 8 10 0.021166053 
487 320 11 14 0.02061239 
527 327 9 11 0.020327216 
432 344 9 12 0.020324511 
575 283 12 16 0.020147236 
596 306 12 14 0.020040262 
