54_Rescue_rescuepeople_54_102
158
407 252 28 34 0.89552295 
548 236 9 11 0.79720956 
397 246 29 32 0.17060208 
534 221 9 11 0.15360788 
493 216 7 9 0.14653498 
510 212 12 15 0.12809661 
512 208 9 11 0.12396387 
1013 306 10 17 0.107095875 
233 236 10 12 0.098656476 
580 364 26 30 0.09637827 
174 199 11 13 0.09283852 
264 239 9 10 0.08828511 
405 253 16 19 0.086132474 
732 371 41 58 0.0842343 
990 231 8 9 0.074126974 
518 207 7 9 0.068879135 
157 192 9 12 0.067661405 
1009 228 9 12 0.06228 
344 308 34 39 0.062051505 
201 208 9 11 0.06059413 
565 222 8 10 0.05742901 
490 219 8 10 0.05671564 
984 196 9 11 0.053794146 
792 288 43 39 0.05203808 
542 215 7 10 0.049657945 
183 234 12 14 0.048422847 
678 191 8 9 0.047693882 
944 241 9 10 0.04738068 
949 240 9 11 0.04693933 
725 356 31 45 0.0468359 
974 232 9 11 0.046278432 
506 214 10 12 0.045529816 
483 251 15 19 0.04541745 
268 240 10 11 0.04525093 
30 200 8 11 0.044097133 
552 214 8 9 0.044039235 
478 219 9 11 0.043869503 
454 241 12 17 0.043494977 
878 240 14 16 0.042633124 
694 175 8 11 0.042388767 
223 238 9 12 0.042076744 
559 157 8 11 0.04090258 
1014 236 9 16 0.04073185 
469 576 18 21 0.039703872 
505 255 10 13 0.039099865 
511 248 10 12 0.03897589 
289 287 10 15 0.038251076 
679 169 6 8 0.03625868 
551 208 8 10 0.035897676 
537 244 10 11 0.035836134 
238 232 10 12 0.0356275 
495 198 8 11 0.035400745 
177 190 10 12 0.035371877 
397 256 17 20 0.035370357 
968 233 9 11 0.03498934 
562 254 8 10 0.034971505 
167 204 11 13 0.034939814 
257 238 10 11 0.03477074 
662 183 7 9 0.03441914 
504 199 7 9 0.03423224 
205 259 28 30 0.03361596 
182 184 8 10 0.033401553 
519 201 8 9 0.033318397 
442 309 13 15 0.0330843 
300 282 24 29 0.033077765 
559 248 9 10 0.03264727 
560 196 8 10 0.032225065 
418 261 27 34 0.032118846 
88 233 8 10 0.032055285 
673 175 7 9 0.03190729 
663 168 7 9 0.031546958 
705 176 8 10 0.031028172 
53 166 15 17 0.030257443 
799 295 56 58 0.030203542 
54 172 24 29 0.030163448 
535 228 8 11 0.029237844 
536 199 8 10 0.029146958 
222 245 9 11 0.028994752 
332 523 13 17 0.02870779 
424 258 17 22 0.02852467 
998 230 10 11 0.028506728 
520 231 9 12 0.02841886 
169 198 10 13 0.02829776 
470 250 13 16 0.028116507 
160 204 10 13 0.028043358 
543 182 8 10 0.027777035 
472 219 10 12 0.027656367 
512 201 8 10 0.02761728 
688 184 7 8 0.027477335 
543 208 8 10 0.027425632 
59 169 15 18 0.027097534 
449 562 15 18 0.027073195 
244 239 10 11 0.026690297 
229 318 46 55 0.026634933 
454 216 8 10 0.026453732 
545 151 8 10 0.026351621 
541 219 10 11 0.026221735 
561 222 8 11 0.02604048 
754 370 53 71 0.026035279 
524 237 10 13 0.025956044 
153 195 11 13 0.025884427 
676 521 33 33 0.025780842 
446 231 10 13 0.02557517 
1013 224 9 13 0.0255019 
990 192 8 9 0.025499748 
182 188 8 12 0.025061514 
201 269 27 31 0.02498503 
506 206 9 12 0.024831757 
219 260 18 21 0.024475167 
544 231 17 22 0.024444077 
510 253 11 12 0.024388984 
424 329 25 30 0.02434709 
339 295 32 35 0.024309756 
662 198 7 10 0.024114186 
550 243 9 12 0.024101565 
551 152 8 9 0.023954922 
673 169 8 9 0.023863543 
959 239 8 10 0.023841286 
60 602 131 155 0.023778612 
390 258 16 19 0.02365872 
447 235 13 18 0.023645675 
679 247 9 12 0.023427581 
453 250 11 14 0.023339506 
744 359 45 61 0.023299215 
998 300 13 17 0.023295742 
551 252 9 10 0.023290046 
985 236 9 10 0.02319028 
543 255 8 10 0.022726366 
236 259 13 16 0.022672068 
231 242 11 14 0.022513743 
910 240 10 10 0.022218347 
576 208 8 10 0.022184782 
489 198 9 12 0.022104846 
657 177 6 8 0.021970395 
455 220 9 11 0.021943642 
518 387 30 34 0.021876175 
827 297 50 54 0.021848673 
145 277 8 12 0.021811005 
537 190 8 10 0.02168775 
529 215 9 11 0.021667106 
205 211 9 12 0.02154201 
546 0 436 506 0.021319184 
355 254 18 20 0.021291377 
165 292 14 15 0.021179358 
210 274 16 19 0.021082941 
492 253 11 15 0.020950435 
559 215 7 9 0.020871438 
703 193 8 9 0.020801984 
935 240 9 10 0.020760309 
990 235 9 12 0.02073394 
551 222 9 10 0.020681713 
1006 301 13 18 0.020664312 
542 190 8 10 0.020570882 
567 192 8 10 0.020524338 
514 190 8 10 0.020441392 
30 290 23 29 0.020394662 
496 348 12 14 0.020156004 
84 551 42 51 0.020097569 
