54_Rescue_rescuepeople_54_926
23
525 195 100 140 0.9997845 
153 94 99 114 0.9997458 
366 202 69 91 0.9948881 
744 213 374 485 0.09913177 
298 485 13 16 0.05887676 
242 485 11 14 0.04433294 
315 110 16 26 0.042968933 
11 495 19 21 0.040742964 
307 69 19 24 0.039779242 
710 283 276 310 0.03614446 
326 15 27 35 0.035546523 
17 487 18 22 0.035058524 
310 101 36 52 0.03455966 
5 497 16 20 0.029680602 
240 499 10 14 0.028636131 
199 14 30 33 0.02758978 
860 334 34 33 0.026959123 
298 77 23 28 0.024406213 
236 509 10 12 0.0236809 
317 55 11 14 0.023678336 
324 529 32 34 0.02250244 
280 461 12 14 0.021177584 
259 507 12 14 0.020120008 
