54_Rescue_rescuepeople_54_531
32
363 125 206 299 0.9998981 
288 842 175 277 0.6596306 
644 983 44 71 0.4741027 
626 914 84 127 0.2156422 
614 133 55 55 0.13895482 
655 543 208 274 0.11394514 
384 542 54 71 0.088326514 
624 441 116 122 0.08259046 
287 382 101 114 0.07322159 
677 915 88 121 0.0600709 
311 434 58 72 0.057881337 
810 610 70 72 0.05582889 
262 704 358 484 0.048662078 
718 920 83 120 0.047478694 
683 481 118 141 0.04585288 
374 553 82 95 0.044830345 
662 459 70 75 0.044695728 
623 470 64 79 0.039134245 
284 868 415 507 0.037255347 
676 1124 98 110 0.03444326 
326 932 103 183 0.032614782 
315 451 36 46 0.03150832 
305 830 109 181 0.031184949 
749 591 126 106 0.031168822 
710 545 132 107 0.028728703 
584 404 43 46 0.027178653 
-4 242 182 290 0.026525449 
564 380 101 109 0.025734315 
610 912 65 96 0.024521017 
335 533 91 122 0.022660958 
299 34 134 129 0.02193733 
581 487 364 426 0.020469675 
