54_Rescue_rescuepeople_54_1006
22
244 245 38 60 0.99707544 
619 158 50 65 0.9956683 
426 280 33 42 0.99430627 
312 257 32 48 0.98314744 
580 389 10 13 0.2594862 
550 354 15 20 0.1250057 
262 249 35 55 0.09116653 
553 349 14 17 0.091032 
287 250 29 44 0.089111365 
577 415 9 11 0.048681084 
454 331 14 20 0.038028993 
541 389 10 14 0.037349083 
676 372 29 37 0.031667832 
547 365 15 19 0.030322915 
560 347 16 17 0.029165152 
403 336 58 74 0.027155273 
663 462 13 15 0.025334237 
564 339 15 19 0.025058886 
542 427 10 13 0.02459499 
664 455 11 13 0.022019064 
576 467 13 16 0.022001263 
-17 76 175 295 0.020477563 
