54_Rescue_firemanrescue_54_660
18
428 332 187 230 0.9994771 
830 127 77 95 0.9971194 
857 133 86 105 0.13482463 
926 213 85 142 0.115119606 
908 168 98 119 0.09235368 
694 28 82 98 0.08426495 
24 532 203 373 0.08369655 
176 9 47 56 0.08032823 
895 982 41 45 0.05293915 
644 16 93 116 0.05022219 
643 37 55 77 0.043515623 
124 555 41 52 0.037438825 
68 -5 78 60 0.027111663 
871 153 163 226 0.022346932 
678 191 14 18 0.021885127 
250 883 347 476 0.021279948 
893 132 94 116 0.021155225 
526 1141 131 153 0.020359674 
