54_Rescue_firemanrescue_54_153
23
264 96 109 187 0.9980501 
411 396 86 87 0.9498943 
762 236 197 209 0.07669987 
476 417 127 186 0.06246112 
434 411 102 105 0.04825568 
735 290 11 15 0.044200625 
608 237 10 11 0.04290114 
398 336 172 213 0.03986169 
33 239 9 11 0.035268635 
38 245 8 11 0.030984977 
351 387 117 104 0.029811436 
342 129 106 157 0.029760687 
488 607 113 112 0.026711935 
89 400 9 11 0.026613878 
33 244 8 10 0.025206545 
725 323 52 61 0.024468305 
337 351 47 67 0.023630453 
594 257 42 51 0.02321612 
424 606 116 117 0.023179648 
41 254 10 13 0.022989556 
46 254 11 13 0.022820124 
192 417 103 109 0.020790735 
410 383 43 31 0.020304892 
