54_Rescue_rescuepeople_54_335
27
825 148 112 141 0.9998833 
524 231 96 130 0.9996711 
380 374 105 115 0.99950695 
487 91 15 18 0.31989917 
604 290 91 129 0.14082628 
565 343 217 262 0.13604915 
146 445 25 27 0.062113658 
557 261 90 127 0.059357204 
835 439 172 254 0.055449642 
416 375 361 490 0.05040697 
540 495 202 323 0.041584473 
592 461 155 145 0.031353075 
200 -8 104 123 0.031275492 
-30 -23 189 220 0.02989402 
47 63 27 32 0.028807815 
88 397 16 19 0.027920032 
223 615 54 62 0.025439527 
841 39 8 10 0.024346031 
65 71 27 33 0.023916867 
86 407 24 28 0.023631873 
133 395 14 17 0.023382906 
128 468 28 29 0.02336201 
118 14 104 108 0.022779861 
142 92 13 16 0.022457682 
829 54 9 11 0.022325786 
600 642 147 196 0.022194214 
41 18 123 143 0.020111786 
