54_Rescue_rescuepeople_54_817
28
785 645 67 77 0.9969228 
473 449 68 90 0.94220686 
260 717 422 557 0.35049957 
212 696 47 51 0.19581725 
179 592 376 526 0.11687368 
568 664 104 128 0.113901734 
437 2 34 27 0.10116436 
522 571 179 238 0.080766305 
426 445 79 104 0.07697302 
409 473 47 66 0.07674304 
59 509 361 538 0.06193673 
303 366 379 505 0.038798403 
263 690 25 33 0.036358465 
294 797 246 365 0.034340248 
691 310 166 252 0.031612057 
48 80 349 493 0.031333055 
231 685 47 51 0.03131122 
166 905 508 611 0.028024077 
172 353 196 275 0.02558777 
402 480 30 42 0.024432465 
356 483 29 40 0.02145989 
394 468 28 38 0.021253834 
386 444 81 111 0.020473922 
568 381 47 66 0.020408459 
272 444 102 126 0.020310093 
404 468 16 20 0.020199163 
591 1165 385 469 0.020152051 
558 304 100 140 0.02002288 
