54_Rescue_rescuepeople_54_406
36
736 318 40 44 0.98514426 
431 351 36 38 0.7711985 
411 355 35 36 0.12278441 
254 159 9 10 0.07464438 
756 598 12 14 0.05768262 
407 73 9 10 0.03829531 
296 232 10 12 0.03605922 
400 183 9 10 0.030686464 
313 166 9 12 0.028975356 
389 160 9 10 0.028842136 
864 334 16 19 0.028543422 
369 149 8 11 0.028012507 
398 46 7 10 0.027756117 
374 148 9 11 0.0277442 
253 113 11 14 0.02643217 
368 128 8 10 0.024954034 
510 381 407 456 0.024384376 
485 468 30 32 0.024331298 
384 166 9 10 0.023924604 
412 368 18 21 0.023851208 
353 127 9 11 0.023764648 
408 312 44 42 0.023602415 
556 651 11 13 0.023491027 
400 176 8 10 0.022407062 
277 231 12 14 0.022400325 
263 149 10 12 0.022137353 
401 72 8 10 0.022090236 
202 91 14 16 0.021315765 
254 187 10 12 0.021209685 
318 168 8 10 0.021047514 
665 561 36 39 0.02098471 
169 65 8 10 0.020905914 
417 152 7 8 0.020894472 
319 126 10 12 0.020681933 
990 142 8 10 0.020622112 
229 150 9 12 0.02050196 
