54_Rescue_rescuepeople_54_1049
18
447 217 111 154 0.99991 
638 393 96 125 0.9996742 
110 89 136 155 0.78157187 
636 138 106 124 0.61052066 
69 61 212 284 0.15536653 
517 50 129 154 0.15313715 
598 209 54 69 0.08380339 
607 172 95 111 0.06873551 
627 195 117 132 0.058102965 
580 75 135 152 0.048591085 
17 20 355 456 0.04473649 
611 218 16 19 0.03771594 
610 241 31 39 0.033516098 
606 217 32 40 0.02579893 
71 221 36 44 0.022032758 
716 396 60 67 0.021932231 
524 -70 404 501 0.020151885 
617 70 188 240 0.02008763 
