54_Rescue_rescuepeople_54_431
696
570 459 30 42 0.9983625 
521 514 36 45 0.99830794 
757 455 29 34 0.9973984 
675 397 26 33 0.9970202 
820 376 29 31 0.9955165 
872 423 38 43 0.9953329 
625 552 39 45 0.99343854 
370 398 34 44 0.99310523 
532 380 21 28 0.9850021 
785 523 33 37 0.9771035 
742 403 22 29 0.9721738 
80 312 82 84 0.96787393 
664 356 21 27 0.9571004 
418 229 21 28 0.9304527 
693 315 17 21 0.9007635 
484 214 18 23 0.8936941 
554 191 15 19 0.8916093 
601 286 13 17 0.8863079 
607 317 18 22 0.88613975 
775 326 22 27 0.86862904 
509 168 14 20 0.8366973 
270 323 16 19 0.8341703 
751 301 13 16 0.804444 
653 275 15 19 0.77371633 
729 449 19 25 0.74557 
210 284 16 19 0.7177868 
517 258 15 20 0.7090509 
686 293 13 16 0.67256135 
753 331 15 20 0.65973604 
598 359 19 22 0.653146 
211 355 18 24 0.6154327 
466 326 27 34 0.6126207 
572 316 18 22 0.6070203 
889 514 37 41 0.60006845 
239 315 14 18 0.597337 
312 353 17 23 0.59134394 
300 281 14 17 0.5882852 
300 219 14 18 0.5869514 
314 195 13 18 0.5559174 
91 221 34 52 0.5506284 
626 414 18 22 0.50703424 
663 451 24 30 0.5044849 
317 190 13 16 0.45145103 
146 282 15 19 0.4455912 
380 205 14 16 0.4382075 
616 299 13 16 0.42992938 
294 197 10 13 0.39436114 
800 395 19 26 0.3899522 
207 277 13 18 0.3722886 
224 223 9 10 0.36974868 
391 187 13 15 0.36407608 
653 229 10 12 0.36023453 
331 208 15 18 0.35046375 
797 460 22 25 0.3494316 
446 212 12 16 0.32499957 
380 256 17 23 0.32055387 
348 184 14 17 0.30758208 
346 397 22 31 0.30408555 
584 274 12 16 0.27909842 
245 197 9 12 0.27248025 
570 424 17 21 0.27164713 
323 301 13 17 0.27061749 
323 186 11 14 0.26157132 
472 184 9 10 0.2527014 
678 222 8 10 0.24567364 
580 233 13 17 0.24137123 
672 181 7 9 0.24078478 
683 249 13 16 0.23593122 
917 141 9 13 0.23118283 
632 245 10 12 0.23067659 
688 217 7 10 0.22701803 
650 231 9 11 0.22639786 
635 368 15 18 0.22520143 
873 133 11 13 0.22410975 
632 240 9 11 0.21997584 
821 422 20 27 0.21665372 
280 188 10 12 0.21576934 
707 466 21 26 0.21063606 
246 192 9 11 0.21039738 
669 209 8 11 0.20817067 
696 175 7 9 0.20778795 
304 316 12 14 0.2070956 
361 394 30 38 0.19715458 
264 293 12 14 0.19367084 
215 289 17 18 0.17420441 
657 246 9 11 0.17401357 
715 394 16 19 0.1737241 
712 316 12 15 0.17128457 
728 379 14 19 0.16038758 
342 148 11 14 0.15390009 
662 230 9 11 0.15312505 
656 252 10 12 0.15289888 
189 214 9 12 0.15173659 
617 176 8 10 0.1462509 
695 222 7 10 0.14432514 
650 236 9 12 0.14387569 
632 274 9 14 0.14261474 
253 183 11 13 0.14112407 
654 288 12 16 0.13519713 
495 325 15 20 0.134652 
245 295 14 18 0.13101597 
285 187 9 12 0.13084103 
604 237 10 14 0.1301956 
617 394 21 25 0.12962426 
117 222 11 16 0.12929055 
669 350 14 17 0.127905 
720 159 9 11 0.1251669 
383 527 33 44 0.124410234 
637 221 8 11 0.12342345 
641 260 9 13 0.12338476 
669 190 9 12 0.12325116 
647 341 14 16 0.122950874 
239 238 10 12 0.12285811 
296 276 13 18 0.122553766 
631 314 13 18 0.12187911 
195 329 18 20 0.12090153 
743 386 23 28 0.120757334 
213 248 11 13 0.11896552 
449 200 9 11 0.117006905 
448 206 12 16 0.11589612 
236 263 9 12 0.11564345 
621 220 9 12 0.114707 
294 314 10 14 0.11439066 
294 192 9 12 0.1143512 
852 403 16 22 0.113719136 
769 166 7 9 0.112683035 
568 432 23 29 0.11249369 
644 270 13 16 0.112480015 
811 405 16 22 0.112087846 
388 194 15 18 0.112078436 
664 190 10 12 0.11149924 
244 239 10 13 0.11042711 
759 328 19 26 0.110218026 
778 409 17 22 0.109221675 
737 354 15 19 0.10557864 
721 176 8 9 0.10334637 
668 237 10 12 0.10323556 
647 274 14 18 0.10202954 
656 225 9 11 0.10174217 
213 230 8 10 0.10136858 
616 256 9 12 0.10112047 
186 221 9 10 0.100921065 
710 183 8 10 0.100830734 
277 354 14 20 0.10068621 
208 224 8 11 0.10048245 
26 398 19 21 0.10042568 
320 279 9 13 0.09945671 
414 201 13 15 0.09723799 
598 190 11 15 0.09680935 
710 176 8 9 0.09406632 
696 262 9 11 0.09340905 
851 534 26 37 0.09240697 
429 198 8 11 0.09230943 
310 385 14 19 0.09018893 
591 305 12 17 0.08982353 
661 252 9 12 0.089706324 
232 266 12 14 0.08813386 
712 190 8 9 0.08721401 
309 300 10 13 0.08712269 
326 205 14 18 0.08658254 
697 310 13 17 0.08566249 
684 260 11 13 0.08524891 
614 408 22 28 0.08511718 
638 254 9 12 0.08435292 
645 411 15 20 0.08323696 
708 407 17 22 0.08319031 
641 191 8 10 0.082925454 
727 181 6 9 0.08242787 
817 410 20 25 0.08146618 
308 293 11 15 0.08097326 
699 486 24 30 0.08013912 
170 281 14 18 0.07828088 
886 167 11 13 0.07743807 
617 221 8 12 0.076659866 
240 283 12 15 0.07656402 
333 318 13 19 0.075982936 
635 433 16 22 0.07576871 
231 230 10 12 0.07565149 
643 387 17 20 0.075442016 
721 457 22 28 0.075357 
293 269 13 16 0.07500787 
638 216 9 12 0.07493088 
597 229 11 13 0.07479258 
750 327 13 17 0.07470418 
197 302 12 16 0.07469279 
333 308 10 14 0.074685946 
260 285 14 18 0.07435962 
615 180 9 11 0.073858544 
784 142 6 9 0.07251461 
290 356 15 18 0.07161477 
290 199 9 12 0.07040031 
711 222 8 11 0.07016743 
214 214 8 11 0.06905047 
685 239 10 12 0.06847187 
148 252 13 16 0.06819487 
751 174 7 8 0.068020135 
513 175 14 19 0.067131616 
823 118 11 13 0.0668953 
192 293 11 14 0.066878535 
638 204 8 11 0.06686092 
668 441 17 22 0.066022195 
326 323 13 18 0.0659707 
404 211 14 18 0.06595933 
593 190 10 14 0.06594734 
241 242 10 13 0.064026445 
661 225 8 10 0.06361994 
148 203 9 13 0.062966585 
282 354 17 22 0.06291834 
399 205 11 14 0.06258032 
267 297 12 15 0.06248072 
687 230 9 11 0.062251173 
461 226 12 14 0.06217671 
816 151 9 10 0.062140096 
269 395 22 29 0.061580814 
395 183 11 12 0.061489645 
179 251 12 14 0.060827177 
148 259 14 16 0.060558297 
3 76 13 18 0.060350124 
633 295 10 12 0.05997355 
826 158 9 12 0.059558667 
515 232 14 18 0.059552595 
493 181 9 12 0.059406795 
386 200 13 18 0.059369706 
746 375 23 27 0.059272435 
255 240 13 17 0.059001252 
591 231 11 13 0.058773182 
620 259 11 13 0.05870379 
678 259 11 14 0.05866762 
612 306 14 20 0.05758101 
319 312 13 16 0.057296447 
585 282 12 15 0.05708248 
631 419 21 28 0.056600712 
647 256 10 12 0.055964064 
745 192 8 9 0.055426527 
632 442 15 20 0.055368796 
654 259 11 15 0.055208888 
657 189 8 10 0.055189632 
201 361 22 29 0.055101737 
633 199 8 11 0.054838255 
59 244 28 34 0.05483366 
587 235 11 14 0.0546773 
918 137 10 12 0.054378312 
298 406 23 29 0.054211907 
616 199 9 12 0.053774647 
199 376 14 19 0.052997854 
222 321 14 18 0.052873112 
237 232 9 11 0.0528175 
681 294 11 15 0.052765604 
369 204 12 15 0.052679222 
525 360 12 17 0.052547712 
667 176 7 10 0.05253807 
690 299 14 18 0.052338813 
233 234 10 14 0.052317116 
536 195 10 13 0.052268606 
742 159 7 7 0.05196845 
542 182 11 15 0.051947784 
306 322 12 15 0.05186469 
670 282 12 15 0.051540777 
215 223 8 10 0.051396236 
681 216 9 11 0.05118507 
373 260 20 28 0.051037684 
301 196 11 15 0.050801508 
230 216 9 11 0.050630823 
657 185 7 10 0.05049758 
378 551 29 39 0.050123967 
242 308 15 21 0.05005831 
887 126 9 11 0.049900364 
422 198 11 14 0.04982187 
728 199 8 10 0.049178883 
933 129 8 9 0.049058817 
673 454 25 29 0.048881587 
178 304 17 22 0.048745666 
599 280 13 17 0.048580907 
289 243 11 15 0.048497025 
774 419 24 28 0.048237897 
632 216 9 12 0.048041873 
606 232 9 12 0.047951255 
746 300 12 15 0.047833968 
264 199 9 11 0.04752912 
206 272 12 15 0.047518052 
945 539 46 58 0.047265776 
465 188 8 11 0.046968114 
400 209 12 17 0.046965178 
635 299 11 14 0.046530124 
412 211 14 18 0.0460321 
636 389 20 26 0.045827456 
293 379 15 19 0.045710355 
716 312 13 15 0.045542378 
962 465 40 53 0.045480646 
550 443 21 29 0.04546953 
476 321 26 31 0.04544949 
374 207 16 18 0.04530644 
335 377 28 32 0.045258697 
625 240 8 10 0.045216743 
518 323 15 19 0.045058608 
528 295 12 20 0.044698436 
776 302 9 10 0.044544723 
191 298 12 18 0.044012934 
726 205 8 10 0.04368682 
630 191 8 10 0.043650955 
673 255 9 13 0.043375332 
679 277 10 14 0.042946048 
332 367 23 30 0.042919204 
300 249 11 14 0.042837754 
865 142 9 12 0.042477854 
294 248 13 16 0.042376902 
684 267 11 13 0.042219188 
599 242 12 15 0.042166542 
542 175 10 12 0.04215645 
694 460 22 28 0.042006943 
178 247 10 12 0.041390214 
253 293 13 17 0.041364983 
305 225 12 15 0.041309286 
360 536 40 52 0.041053075 
299 351 22 26 0.040939156 
672 169 7 9 0.04080499 
705 183 8 10 0.04075484 
639 176 8 9 0.040707268 
824 176 9 11 0.04064016 
641 183 8 10 0.040509276 
814 167 9 11 0.04033911 
712 206 8 10 0.040306173 
340 197 13 16 0.040185742 
902 149 9 13 0.040142335 
220 247 11 13 0.03995893 
872 523 40 45 0.039895527 
127 253 11 15 0.039874308 
610 433 14 18 0.039850798 
829 118 10 12 0.0398238 
256 270 10 13 0.039744657 
800 175 7 9 0.039713822 
308 278 13 17 0.03948827 
665 184 7 8 0.039319582 
303 289 13 16 0.039187882 
691 176 7 9 0.039133523 
992 144 8 11 0.039038345 
309 308 11 16 0.03892266 
705 189 8 10 0.038879834 
148 268 13 15 0.038767014 
503 233 12 15 0.038720913 
287 218 10 14 0.038697343 
324 314 14 19 0.038594685 
727 152 7 9 0.03853981 
466 183 9 12 0.0384742 
962 603 16 20 0.038375683 
640 269 11 14 0.03837054 
746 230 7 10 0.038044605 
245 203 9 13 0.038039226 
404 204 13 16 0.037862632 
812 180 10 12 0.03774283 
285 292 11 13 0.03767855 
685 278 10 13 0.03763442 
712 198 9 11 0.037566494 
287 238 11 15 0.037520774 
278 293 10 13 0.037464146 
755 297 10 12 0.037402164 
172 290 16 18 0.037379954 
733 567 49 60 0.03735144 
201 333 19 20 0.03733158 
159 373 29 30 0.03717052 
656 208 8 10 0.03712356 
861 543 34 35 0.037067518 
670 230 9 11 0.036868576 
190 231 9 11 0.036825996 
273 189 9 11 0.036732513 
704 223 7 10 0.036714718 
346 233 23 30 0.03670938 
688 183 8 9 0.036701094 
409 217 21 31 0.036700606 
718 191 9 11 0.036676493 
524 454 22 29 0.036629822 
337 204 14 18 0.036307313 
702 242 10 13 0.0362248 
625 245 9 11 0.036201674 
36 320 48 64 0.03616221 
174 297 17 20 0.03602912 
703 176 8 9 0.035993677 
227 329 14 17 0.035953432 
604 189 11 14 0.035822287 
32 90 14 18 0.035778705 
599 185 10 12 0.035605665 
646 191 7 10 0.035480343 
246 230 10 12 0.035288308 
830 151 9 12 0.035246614 
54 313 57 68 0.035210814 
647 197 7 9 0.035013497 
736 101 11 12 0.034802735 
231 312 18 24 0.034519374 
440 216 13 17 0.034499835 
823 151 9 11 0.03435424 
981 477 40 53 0.03426555 
606 310 15 18 0.03422935 
246 213 9 12 0.034175005 
79 333 100 118 0.03404615 
741 549 14 18 0.03399629 
697 64 30 38 0.033960905 
292 238 12 14 0.03395183 
259 277 12 16 0.033907052 
643 331 15 17 0.033900145 
793 159 8 9 0.03377433 
743 152 6 8 0.033711396 
100 204 14 17 0.03370733 
209 214 8 11 0.033497673 
945 150 9 11 0.03316498 
813 175 10 12 0.032764245 
347 192 15 18 0.032730225 
728 191 8 10 0.032686308 
658 270 13 17 0.0326441 
745 295 10 12 0.032624822 
929 133 8 10 0.03261433 
489 180 8 12 0.03256051 
801 141 9 11 0.032440685 
265 204 11 14 0.032404285 
201 275 12 16 0.03217494 
239 354 12 16 0.032151237 
191 236 8 11 0.032139532 
395 195 12 15 0.03211597 
365 263 22 31 0.032067984 
735 193 7 9 0.03184774 
761 160 7 8 0.031819906 
813 432 15 20 0.031801824 
613 287 11 14 0.031791743 
542 147 10 11 0.03175587 
254 196 10 11 0.031623326 
788 398 17 24 0.031622678 
617 246 8 11 0.031501785 
635 412 16 21 0.031406216 
349 173 12 15 0.031346634 
223 182 9 11 0.03133721 
768 161 7 9 0.031148154 
743 167 7 10 0.031078676 
680 207 8 10 0.031023184 
647 167 8 9 0.030977532 
622 482 15 20 0.030971536 
387 254 23 28 0.030844685 
1 260 25 28 0.030826952 
700 261 12 14 0.030789725 
825 299 11 15 0.030764999 
607 185 8 10 0.030688237 
135 276 26 30 0.030661432 
845 405 17 23 0.030490289 
190 209 9 11 0.03045058 
645 397 19 26 0.030370066 
2 71 22 31 0.03030764 
744 174 8 10 0.030099057 
557 435 22 27 0.030038824 
291 182 10 13 0.029977888 
800 151 8 11 0.029814677 
734 198 7 9 0.02981377 
91 209 28 36 0.029663755 
217 306 16 19 0.029660676 
751 169 7 9 0.029660605 
208 209 9 11 0.029506885 
201 229 8 12 0.029423133 
320 324 13 17 0.02939777 
798 168 7 9 0.029380279 
288 175 9 11 0.029357912 
797 341 12 16 0.02919087 
584 189 8 12 0.029179277 
282 323 14 18 0.029174201 
877 129 12 14 0.029168082 
262 191 9 10 0.029154567 
199 215 8 11 0.029082218 
429 203 10 14 0.029079339 
404 260 14 20 0.028978536 
129 266 44 53 0.02871023 
979 582 44 75 0.028696861 
650 243 10 12 0.02864813 
318 295 13 17 0.028615661 
300 231 98 109 0.02849411 
559 445 25 31 0.02845911 
169 220 8 11 0.028301483 
686 207 8 10 0.02818745 
936 105 8 9 0.028135229 
314 392 14 19 0.027929839 
870 129 18 22 0.02790267 
736 135 8 9 0.027856953 
279 307 11 14 0.027728315 
711 216 9 10 0.027662644 
728 135 8 9 0.027626216 
338 321 13 18 0.027607778 
881 166 10 13 0.02758101 
214 393 30 33 0.027528664 
738 143 7 9 0.02746613 
738 158 8 9 0.027362114 
737 369 22 26 0.027234657 
169 214 8 11 0.027210211 
544 182 20 27 0.02719966 
302 329 16 18 0.027092507 
336 156 10 12 0.027063815 
143 270 12 15 0.027055167 
782 428 25 30 0.027035126 
882 413 30 32 0.027010396 
407 232 14 20 0.027008813 
290 193 18 23 0.026988933 
638 228 9 11 0.026955632 
731 329 13 16 0.026954258 
632 229 10 11 0.026932262 
580 386 17 21 0.026925193 
636 322 15 18 0.026922897 
794 153 7 10 0.026748607 
492 469 25 34 0.026699794 
188 325 16 21 0.026588947 
193 392 43 53 0.026532013 
886 160 9 10 0.026512858 
377 292 27 36 0.02633495 
397 173 11 14 0.026310124 
282 220 9 12 0.02629866 
736 175 8 11 0.0262774 
725 158 7 11 0.026232868 
175 214 8 11 0.026200704 
680 200 8 9 0.02617439 
168 208 9 11 0.02616185 
516 219 15 22 0.026099492 
152 287 15 20 0.02597523 
695 227 9 11 0.025956865 
201 223 9 11 0.02593534 
177 231 8 10 0.025833504 
801 440 24 30 0.025832698 
299 360 14 19 0.025826754 
820 213 10 13 0.025765749 
736 152 8 8 0.025730355 
696 181 8 9 0.025699215 
726 299 13 15 0.025679296 
218 348 17 22 0.02564259 
294 215 15 19 0.02559136 
839 132 9 11 0.025574116 
919 127 8 10 0.025559518 
156 261 10 15 0.025537748 
653 461 13 17 0.025523018 
686 309 14 18 0.02540973 
268 199 11 13 0.025406756 
880 159 9 11 0.025392387 
187 93 31 28 0.025233766 
337 150 11 13 0.02523062 
203 292 20 27 0.025212828 
711 168 8 10 0.025187321 
407 198 11 14 0.025159104 
794 352 16 19 0.025141532 
325 217 14 17 0.025091927 
985 184 9 11 0.024953837 
721 206 7 9 0.024948893 
774 151 7 9 0.02492455 
330 302 11 14 0.024860999 
783 191 8 10 0.024856376 
303 391 22 26 0.024777083 
591 243 10 14 0.024743233 
573 302 14 16 0.024702871 
808 151 8 11 0.024679726 
721 181 8 10 0.024660537 
804 135 10 13 0.02465736 
638 377 15 19 0.024651099 
808 176 9 11 0.024625706 
830 447 25 36 0.024520282 
770 151 7 9 0.02451714 
744 183 8 9 0.024508854 
499 443 12 15 0.024436062 
455 226 13 17 0.0243642 
463 308 28 33 0.024345199 
609 221 8 10 0.02424157 
821 144 9 11 0.024236148 
634 308 14 19 0.024212217 
45 185 28 33 0.024205772 
863 148 9 11 0.024195978 
488 326 24 31 0.024082854 
831 346 13 15 0.024081077 
586 323 12 17 0.024030795 
694 170 8 10 0.023993475 
413 204 21 28 0.023987386 
886 149 8 11 0.023908207 
499 226 14 18 0.023875965 
59 176 47 61 0.023804184 
254 354 15 18 0.023774425 
652 456 23 28 0.023714107 
296 331 24 31 0.023696983 
205 349 17 21 0.023676496 
145 236 9 11 0.023554968 
381 560 16 23 0.023439856 
607 420 21 28 0.023388797 
678 183 7 10 0.02338745 
616 227 9 13 0.02335195 
815 390 25 31 0.023312392 
969 127 8 9 0.023297861 
323 348 13 20 0.023292512 
798 182 9 11 0.023278749 
230 182 8 10 0.023124767 
249 314 14 20 0.023112897 
614 188 8 12 0.023038434 
190 387 24 32 0.022876088 
372 265 28 40 0.022868978 
648 224 7 9 0.02286059 
333 187 11 14 0.022842197 
301 312 20 26 0.022841845 
693 216 8 11 0.022828832 
349 247 13 17 0.02279519 
693 245 9 13 0.022783753 
181 258 11 15 0.022755984 
710 244 10 13 0.02268918 
880 150 10 11 0.022663258 
914 127 8 9 0.022634113 
675 520 27 34 0.022570007 
334 199 13 17 0.022544058 
208 338 16 18 0.02253974 
687 200 8 9 0.022513662 
633 176 7 9 0.022468533 
200 349 40 50 0.022468386 
645 183 8 10 0.022408389 
493 175 10 13 0.022356447 
711 554 43 52 0.022324901 
2 381 15 22 0.022280985 
202 305 14 19 0.022235295 
529 152 8 12 0.022233455 
292 368 16 21 0.022229973 
398 235 12 17 0.022203919 
944 156 10 11 0.022130204 
193 307 24 28 0.022125002 
621 204 9 12 0.022029294 
198 283 13 17 0.021922516 
760 167 7 9 0.021922404 
551 343 15 20 0.02191457 
344 360 24 30 0.021866815 
591 352 21 25 0.021860171 
476 186 10 12 0.02174767 
582 290 12 16 0.021719567 
322 195 13 16 0.021715544 
646 214 8 11 0.021668602 
365 259 15 20 0.021662606 
626 191 7 10 0.02165651 
106 224 24 32 0.021652928 
784 167 7 9 0.021652406 
269 305 13 17 0.021651125 
356 316 12 16 0.02161375 
602 439 21 28 0.021586375 
798 157 8 10 0.02158284 
240 191 18 24 0.021570725 
244 259 11 14 0.02150358 
661 259 11 15 0.021497913 
215 312 14 20 0.021458646 
727 323 13 16 0.02144902 
404 165 11 14 0.021443974 
672 244 9 12 0.021383034 
280 195 11 14 0.021380149 
858 473 27 33 0.021341614 
749 190 8 10 0.021327484 
630 262 11 15 0.021309035 
815 116 13 14 0.021245478 
511 262 16 21 0.021243222 
252 400 25 30 0.021220805 
198 375 23 31 0.021217471 
580 326 15 20 0.021206845 
470 443 12 17 0.021190599 
507 322 15 20 0.021167427 
743 322 12 17 0.021166163 
532 361 16 19 0.021164661 
945 144 8 11 0.02115986 
679 229 9 11 0.021102998 
639 256 20 24 0.02096023 
912 146 11 15 0.020955376 
654 296 12 15 0.020884722 
184 229 10 12 0.020849276 
308 363 20 26 0.02081427 
576 419 16 20 0.020805694 
662 342 14 17 0.020803554 
718 246 10 12 0.020784887 
596 250 13 16 0.02075788 
373 329 26 39 0.020755026 
285 301 11 14 0.020748833 
855 411 23 30 0.020737171 
816 112 23 27 0.020707138 
692 252 10 15 0.020574126 
622 199 8 11 0.020545827 
287 314 13 17 0.020529741 
712 541 29 37 0.020522278 
901 483 29 36 0.020492308 
807 464 16 20 0.020479342 
870 497 26 35 0.020450111 
510 181 13 18 0.0204464 
475 379 26 30 0.020436704 
150 212 8 11 0.020433925 
242 233 18 23 0.02042553 
678 285 11 13 0.020413931 
184 208 10 13 0.020409955 
773 167 7 9 0.020384992 
775 144 7 9 0.020351416 
656 486 21 32 0.020324452 
579 307 15 19 0.020319032 
714 459 17 22 0.020297283 
156 276 13 19 0.020268114 
744 270 10 13 0.020243093 
244 249 13 16 0.020215854 
829 179 12 14 0.02021213 
993 496 31 42 0.020154772 
-2 284 23 34 0.020113658 
821 334 11 14 0.020044286 
157 267 11 15 0.020021437 
239 253 11 14 0.020020645 
