54_Rescue_rescuepeople_54_529
38
408 24 68 87 0.9982722 
828 165 65 82 0.9826266 
464 195 56 66 0.9785684 
301 228 62 81 0.96006334 
407 284 50 57 0.37949726 
845 195 59 81 0.31999663 
522 303 18 22 0.16518308 
571 162 27 29 0.13337973 
523 296 30 35 0.118747465 
584 74 435 437 0.10363006 
410 262 48 54 0.10192273 
403 298 36 36 0.0816706 
394 302 52 64 0.06843519 
389 257 84 92 0.05298289 
315 294 64 68 0.05013051 
715 220 41 51 0.047548465 
565 167 42 49 0.046690736 
649 139 239 250 0.042681806 
411 266 30 34 0.040325236 
533 295 35 40 0.039503213 
293 250 91 103 0.03821257 
482 130 44 54 0.036155038 
483 314 43 51 0.033060808 
476 162 51 64 0.032795373 
704 202 104 126 0.031887066 
417 299 55 66 0.029742448 
108 152 359 438 0.02796382 
433 278 50 61 0.026617546 
313 215 37 55 0.024674464 
665 160 19 21 0.023561878 
430 276 34 39 0.02325602 
606 361 27 39 0.02294976 
652 338 14 20 0.0227196 
797 173 59 77 0.021927204 
494 198 34 48 0.021872057 
414 249 34 38 0.021574892 
817 246 158 267 0.021445027 
457 208 43 43 0.021212813 
