54_Rescue_firemanrescue_54_908
25
854 295 35 47 0.9952909 
858 158 31 38 0.9886286 
620 185 21 28 0.96464676 
438 291 52 56 0.9016028 
437 58 392 442 0.17643549 
463 296 49 56 0.16827418 
798 309 22 31 0.06446082 
426 278 45 53 0.057538863 
525 179 48 61 0.05009868 
881 166 18 24 0.048936773 
1012 60 10 16 0.041556314 
508 196 48 65 0.03927161 
518 276 120 168 0.03537701 
688 221 10 13 0.03200284 
553 175 44 54 0.031895544 
850 254 15 18 0.031183777 
409 254 51 63 0.030034684 
279 481 32 31 0.029661724 
734 157 10 11 0.026265409 
871 166 20 25 0.02505438 
980 227 42 60 0.024393613 
566 221 13 16 0.023733465 
391 95 24 33 0.023521598 
505 210 33 42 0.022288634 
571 185 15 18 0.021382693 
