54_Rescue_rescuepeople_54_54
45
729 390 37 35 0.98989797 
793 410 28 37 0.45077 
128 506 24 27 0.09949119 
809 412 32 34 0.09806714 
100 512 22 29 0.06060004 
464 70 49 74 0.06037071 
616 18 53 76 0.059257045 
679 368 23 29 0.05509962 
47 38 188 217 0.052442808 
613 505 63 62 0.050376758 
519 85 28 36 0.04813533 
734 372 31 40 0.04755783 
634 293 28 29 0.045662835 
125 512 15 20 0.040439125 
55 23 124 143 0.04013793 
676 1 57 65 0.037611775 
547 429 37 56 0.034211326 
538 691 18 23 0.031299297 
529 96 17 20 0.031222165 
420 69 14 16 0.029505832 
507 66 58 74 0.026058646 
526 691 25 31 0.025883006 
893 564 56 74 0.025768686 
391 14 51 62 0.025593225 
474 85 29 37 0.024581587 
272 -1 57 48 0.024429657 
113 510 24 30 0.02412742 
175 494 23 28 0.023538617 
823 416 19 23 0.023531558 
634 7 60 77 0.023372594 
94 25 12 16 0.022108207 
559 138 12 16 0.022099324 
820 307 14 15 0.022014406 
702 470 31 35 0.021762911 
856 537 88 119 0.021548722 
485 96 14 18 0.021510053 
462 19 27 34 0.021207485 
590 29 55 72 0.021087853 
93 61 72 88 0.02101474 
66 35 15 17 0.020835865 
132 517 16 19 0.020643232 
622 575 53 51 0.020449555 
606 271 10 13 0.020315861 
906 482 18 22 0.020286234 
903 468 14 17 0.020245515 
