54_Rescue_rescuepeople_54_188
34
398 94 212 253 0.99970514 
291 99 95 110 0.9989171 
692 14 55 62 0.9976394 
950 167 47 46 0.831435 
233 21 51 75 0.33263204 
596 1 45 38 0.23926139 
843 129 25 31 0.23800573 
850 120 22 32 0.14230631 
251 5 33 40 0.1186009 
855 272 58 76 0.07699787 
21 55 13 15 0.07643689 
380 25 25 37 0.061950237 
316 179 61 71 0.05702369 
84 224 47 60 0.056747627 
93 78 44 62 0.05491407 
853 117 14 21 0.050260674 
955 446 40 51 0.043712422 
229 388 55 75 0.04226242 
115 222 44 53 0.03797284 
859 122 24 36 0.034031622 
782 271 32 44 0.032144934 
443 137 404 522 0.032077644 
0 328 202 281 0.030404493 
753 -2 35 33 0.030245902 
2 81 27 33 0.027023567 
311 35 15 19 0.02597072 
56 22 83 116 0.025151625 
827 262 57 68 0.024839893 
82 49 16 18 0.02466062 
942 173 33 40 0.023528326 
577 -6 62 68 0.023118515 
4 97 17 22 0.022748064 
837 134 20 24 0.022255972 
171 180 67 78 0.02063075 
