54_Rescue_rescuepeople_54_581
436
317 339 9 13 0.90828264 
1013 374 8 13 0.8785973 
287 190 9 11 0.87770826 
538 317 10 13 0.8584844 
436 182 8 11 0.8377154 
58 350 9 10 0.8346804 
624 185 10 13 0.8316734 
748 198 10 13 0.8175577 
973 422 13 14 0.7907377 
791 367 9 11 0.75128716 
507 181 9 12 0.7384659 
263 331 10 13 0.7384411 
691 373 9 12 0.7258588 
654 199 8 11 0.7153474 
841 367 9 12 0.65321565 
937 197 9 12 0.65294206 
959 195 9 12 0.647941 
96 358 9 11 0.63187206 
852 182 10 13 0.628823 
691 190 10 14 0.6262176 
92 337 9 11 0.62541807 
406 180 8 11 0.61504 
373 352 12 15 0.6114068 
167 352 11 13 0.60723203 
597 355 10 14 0.58142084 
383 188 9 11 0.5610887 
816 367 10 13 0.56032014 
882 197 9 12 0.536903 
537 367 10 12 0.5327427 
886 352 11 14 0.5096028 
454 190 9 11 0.49034128 
908 370 10 12 0.46947777 
997 367 11 14 0.46682614 
918 315 9 11 0.40582016 
361 343 9 11 0.3968688 
887 312 9 11 0.38707173 
193 182 10 13 0.38022438 
399 175 8 11 0.38014132 
807 178 12 15 0.37363964 
912 201 8 11 0.3477172 
409 356 10 11 0.34673256 
482 355 9 13 0.33822185 
965 308 9 12 0.33116385 
812 179 12 15 0.32696158 
481 318 9 11 0.32584044 
305 191 8 10 0.3230061 
233 353 10 12 0.31135607 
209 331 10 12 0.30632168 
4 334 11 13 0.30311662 
709 182 10 12 0.2824487 
642 367 9 12 0.2805837 
323 199 8 9 0.27750233 
844 189 10 13 0.2767682 
741 373 10 12 0.2679738 
673 199 8 10 0.26702717 
421 332 10 11 0.2623104 
480 181 9 11 0.26013702 
105 193 11 14 0.25905427 
684 216 11 14 0.2579211 
879 374 10 12 0.23872438 
906 207 9 11 0.21759921 
395 176 8 10 0.2119595 
206 198 12 14 0.21028939 
333 357 8 11 0.20717931 
927 208 10 13 0.20589 
360 358 11 13 0.20444052 
413 352 9 12 0.20253626 
979 367 10 12 0.19419447 
541 336 10 13 0.19009581 
428 205 9 12 0.18735373 
233 376 7 11 0.17894341 
966 189 10 13 0.17471592 
883 369 12 15 0.15631098 
820 365 10 13 0.15046923 
366 356 13 15 0.14133833 
270 354 10 13 0.13750158 
925 416 8 11 0.13382545 
801 194 11 13 0.13178508 
805 192 10 11 0.117367454 
389 181 10 12 0.11718649 
88 355 10 13 0.11649613 
836 457 12 15 0.11259908 
484 395 12 14 0.11143351 
796 367 8 11 0.10704589 
387 189 10 13 0.10672264 
240 341 8 10 0.106592745 
449 360 10 13 0.10136988 
265 355 10 13 0.099084646 
868 335 9 11 0.098143 
204 359 11 13 0.096763246 
698 357 9 11 0.09625861 
110 222 8 10 0.09606293 
249 188 9 11 0.095098205 
117 385 8 10 0.09444887 
477 188 10 12 0.09296098 
716 182 9 12 0.09139087 
549 182 9 11 0.08949631 
391 360 9 11 0.08908742 
12 190 9 10 0.08711736 
1006 394 11 14 0.08568272 
865 180 13 16 0.084414735 
908 407 9 11 0.08354858 
897 452 10 13 0.08346743 
452 364 9 11 0.082305074 
485 176 8 10 0.08130934 
848 178 9 12 0.08104407 
909 412 9 11 0.077896 
1010 383 13 19 0.0751525 
864 414 8 11 0.07216624 
768 336 10 12 0.07190403 
841 193 11 14 0.06878185 
786 372 10 13 0.06665997 
408 341 9 12 0.066418745 
433 186 9 12 0.06597925 
191 175 20 25 0.065032184 
823 361 9 11 0.06413963 
337 375 9 11 0.06389594 
1009 369 17 24 0.06383731 
98 363 12 13 0.063289665 
969 185 9 11 0.06318343 
95 371 12 14 0.062330145 
975 199 10 12 0.061698113 
884 192 10 12 0.06163232 
529 387 10 12 0.060925696 
704 186 12 14 0.060372528 
783 391 10 12 0.059998434 
903 212 10 11 0.05940714 
407 335 7 10 0.059294406 
532 381 10 13 0.058873814 
474 192 8 10 0.058586158 
885 332 10 12 0.058428 
593 364 10 12 0.057072245 
757 214 9 12 0.056970816 
843 371 10 13 0.056732856 
366 348 15 17 0.05650704 
34 184 9 12 0.055711105 
185 173 38 49 0.055408865 
60 346 10 12 0.054305866 
862 185 13 16 0.053114112 
1014 314 8 13 0.051616 
915 199 10 12 0.05143114 
81 351 9 12 0.051206935 
431 318 9 10 0.050597083 
959 430 10 11 0.05056109 
236 195 9 14 0.050502453 
399 357 9 11 0.050142094 
286 351 11 14 0.05002357 
377 348 14 17 0.049851287 
320 205 9 10 0.04963752 
191 358 9 12 0.04804592 
455 333 8 9 0.047756076 
795 209 15 18 0.047303956 
470 341 9 12 0.04728824 
692 368 11 14 0.047069296 
918 205 9 11 0.04706432 
853 427 11 15 0.046880446 
972 538 23 27 0.046809647 
440 327 8 10 0.046738338 
842 182 11 15 0.04671298 
552 318 9 12 0.04625594 
202 363 10 12 0.045809817 
857 392 9 11 0.045734424 
245 336 8 10 0.045707576 
905 225 14 18 0.045599528 
230 334 9 11 0.045540992 
310 197 7 10 0.04541697 
894 335 9 10 0.045404043 
605 381 11 13 0.044484507 
423 349 9 12 0.04445075 
962 390 9 11 0.04443279 
864 195 11 13 0.043864604 
228 326 9 13 0.04382958 
473 197 8 10 0.04355726 
207 374 9 10 0.043147586 
848 177 17 23 0.04268247 
114 389 9 11 0.042329457 
245 342 9 11 0.042074006 
887 180 11 12 0.042011205 
424 213 8 10 0.041994203 
765 357 11 12 0.041702107 
809 373 9 11 0.041426364 
486 313 8 10 0.040836696 
983 588 37 58 0.040585898 
893 316 11 13 0.04033999 
969 424 12 15 0.040258296 
978 387 10 15 0.04015709 
926 332 12 15 0.03997627 
617 357 10 13 0.0398652 
621 364 9 12 0.039821297 
456 328 9 11 0.039791595 
558 200 9 12 0.039645735 
255 344 9 11 0.039535318 
429 200 9 11 0.03951776 
11 332 11 14 0.0394019 
495 319 9 10 0.03914162 
593 351 12 14 0.039021906 
279 355 10 13 0.03850512 
60 355 10 11 0.03801209 
871 413 9 12 0.03750242 
318 344 9 12 0.037291896 
413 341 11 13 0.037158255 
761 366 10 13 0.036661845 
703 353 8 10 0.036437202 
884 202 10 12 0.036339395 
380 190 8 10 0.03588151 
909 398 10 13 0.03555102 
838 361 18 23 0.035416417 
673 373 10 13 0.03538733 
430 212 9 11 0.03525699 
874 376 10 13 0.03523734 
802 179 11 14 0.035094578 
919 332 12 17 0.035063203 
461 191 7 9 0.034987263 
188 334 10 12 0.034871362 
332 364 9 12 0.03486627 
333 381 10 13 0.034806065 
790 391 9 11 0.03471276 
921 419 10 12 0.034664 
224 383 8 10 0.034577843 
719 186 9 12 0.034575976 
392 318 7 10 0.03456118 
662 415 7 8 0.034334052 
918 398 9 12 0.03426888 
797 192 21 28 0.03410566 
909 212 11 13 0.033906043 
432 176 17 22 0.033718307 
100 352 10 12 0.033406414 
422 339 10 12 0.033184666 
980 381 13 17 0.03289442 
991 358 11 13 0.032881208 
486 380 11 13 0.03284633 
429 350 9 12 0.032548275 
924 317 8 11 0.032441586 
745 193 16 22 0.032386687 
519 318 10 11 0.032133687 
495 389 10 13 0.03210965 
1005 366 12 15 0.03205633 
692 377 10 13 0.032049768 
433 177 10 13 0.03204898 
855 413 9 10 0.03203297 
453 342 9 11 0.031905953 
753 212 10 12 0.031867415 
510 341 11 13 0.031755086 
254 186 7 9 0.03169625 
414 215 9 11 0.031053342 
766 352 10 11 0.03088921 
855 367 9 11 0.030674838 
313 335 18 22 0.030587077 
358 342 20 25 0.030513348 
11 195 12 14 0.030341825 
747 366 10 11 0.03029854 
971 420 21 23 0.030283196 
24 188 10 11 0.030151969 
882 327 10 12 0.030085558 
1016 210 8 14 0.029949108 
1007 536 12 16 0.02992274 
535 359 12 16 0.02991482 
409 215 9 12 0.029886926 
245 347 10 13 0.029548394 
440 332 9 11 0.029547755 
964 195 10 13 0.029319014 
162 351 10 12 0.029315155 
970 188 12 13 0.029257359 
478 365 10 12 0.02923346 
954 190 9 13 0.029189033 
908 357 11 14 0.029105924 
701 371 10 13 0.029104877 
321 194 9 10 0.029073112 
593 372 10 12 0.028961597 
828 359 9 11 0.028837264 
782 380 10 14 0.02838896 
91 352 19 23 0.028377127 
284 185 19 23 0.028367702 
711 352 8 11 0.028347505 
809 367 10 11 0.02832927 
202 193 20 23 0.028167317 
477 196 8 11 0.028078483 
89 332 17 20 0.028066242 
669 228 11 14 0.028038213 
747 358 10 13 0.02791883 
954 196 10 13 0.02785714 
883 339 107 122 0.027676083 
791 362 9 11 0.027310273 
900 319 11 12 0.027287155 
847 211 12 14 0.027280841 
328 352 9 11 0.027165616 
507 349 13 15 0.027079228 
906 199 9 11 0.026789084 
777 388 10 13 0.026694758 
55 345 17 22 0.026690856 
599 382 12 12 0.0266838 
798 388 10 11 0.026548633 
737 378 11 14 0.026499216 
448 333 7 10 0.026242347 
657 415 7 9 0.026224246 
505 354 10 13 0.026101697 
592 240 9 11 0.026038641 
744 235 13 17 0.026027713 
773 339 11 13 0.025990145 
738 367 10 13 0.025928909 
999 342 9 11 0.025853014 
913 311 11 13 0.025790097 
399 352 8 11 0.025643993 
998 360 11 15 0.025600398 
543 385 14 16 0.025582118 
1003 483 14 17 0.025526056 
198 181 23 27 0.025480855 
903 348 11 13 0.025436178 
999 281 7 9 0.025363764 
621 183 17 21 0.02526004 
862 428 10 14 0.025234343 
391 196 9 11 0.025121145 
518 334 9 11 0.025035499 
846 205 11 13 0.02501482 
367 229 8 10 0.025003783 
982 343 8 11 0.024955623 
999 286 9 11 0.024934364 
862 373 10 13 0.024904842 
314 206 8 10 0.024770292 
808 390 10 11 0.024728399 
313 214 8 10 0.024724018 
967 439 12 13 0.024664655 
224 350 10 13 0.024600497 
788 362 18 23 0.024567727 
408 206 7 8 0.024529522 
797 371 10 12 0.024522398 
449 371 9 12 0.024458949 
199 196 14 16 0.024392083 
184 340 10 13 0.024341844 
549 439 8 10 0.024252046 
918 389 10 13 0.024214983 
673 192 9 11 0.024190774 
485 190 11 13 0.024190271 
495 381 10 13 0.024175968 
725 373 10 12 0.024133565 
894 339 10 13 0.024126869 
918 323 11 14 0.024107633 
202 373 10 11 0.024025116 
476 374 11 12 0.023931859 
373 344 14 16 0.023930771 
885 340 13 15 0.023918916 
329 383 9 13 0.023913559 
1000 298 11 14 0.02390396 
484 322 9 12 0.02389322 
991 351 10 12 0.023833442 
167 346 17 22 0.023819547 
998 350 9 12 0.023819245 
958 202 12 13 0.023792662 
825 342 9 10 0.023768015 
901 334 9 12 0.023623176 
918 212 10 13 0.023583796 
944 430 9 12 0.023512496 
3 327 20 24 0.023464482 
799 381 10 14 0.023450041 
774 349 10 12 0.023342963 
545 176 8 11 0.023301119 
369 199 9 11 0.023108685 
908 421 11 12 0.023080768 
602 356 10 12 0.023042645 
279 205 9 11 0.02302692 
928 196 11 14 0.023019923 
471 348 11 14 0.022981996 
877 397 11 12 0.022858806 
932 201 12 16 0.022812914 
872 374 20 24 0.022769377 
259 328 18 22 0.022758767 
709 195 10 12 0.02270258 
928 347 10 13 0.022652952 
385 318 8 10 0.022614634 
964 394 11 15 0.022612218 
783 359 9 11 0.022535706 
879 191 17 23 0.022535045 
680 210 18 24 0.022530625 
964 382 10 13 0.022425096 
565 199 9 12 0.022377927 
440 229 9 11 0.02237263 
470 335 9 10 0.022351496 
35 196 12 16 0.02232182 
678 191 10 11 0.02230291 
940 192 11 14 0.022179749 
550 177 8 10 0.022151833 
919 404 9 12 0.022124201 
708 175 19 25 0.02210508 
977 360 9 12 0.02209963 
448 215 8 11 0.022080136 
879 361 19 24 0.022059415 
798 359 10 11 0.022045389 
207 323 18 22 0.022039365 
897 214 9 11 0.022015769 
760 349 10 12 0.021945478 
406 328 9 11 0.021928126 
701 365 10 13 0.021914061 
375 198 8 10 0.021840595 
448 342 8 11 0.021772042 
495 375 9 12 0.0217615 
865 177 10 12 0.02174852 
633 383 9 12 0.021745464 
876 405 13 15 0.021743217 
201 177 15 19 0.021714471 
199 353 19 24 0.021702075 
925 190 13 14 0.021669328 
982 361 9 12 0.021545067 
14 214 11 12 0.021540252 
389 350 11 13 0.021512462 
293 344 9 11 0.021512153 
40 350 9 11 0.021508101 
805 358 10 11 0.021500902 
983 347 9 12 0.021476518 
819 180 11 14 0.02145241 
205 337 12 14 0.021373192 
494 215 9 10 0.021357791 
202 333 10 11 0.021324584 
764 363 14 15 0.021318156 
952 203 9 12 0.021164408 
678 373 9 13 0.021162635 
700 181 20 23 0.021104693 
291 194 11 13 0.021016853 
340 379 10 12 0.020901894 
104 215 10 11 0.020858957 
988 381 11 14 0.020851407 
78 335 9 11 0.020805052 
590 342 10 12 0.020756684 
335 343 8 10 0.020631054 
820 196 13 16 0.020586051 
501 390 8 11 0.02053253 
850 414 8 10 0.020478595 
566 204 8 13 0.020476136 
755 205 10 13 0.020455107 
976 361 17 23 0.020410847 
862 422 9 12 0.020405693 
931 339 12 16 0.020262523 
505 304 10 12 0.020147145 
621 348 12 15 0.020146858 
628 118 93 130 0.020118078 
903 366 18 23 0.020109687 
233 341 9 11 0.020080127 
