40_Gymnastics_Gymnastics_40_727
88
666 173 19 23 0.9663462 
82 476 30 36 0.95834935 
218 538 33 42 0.8625014 
697 560 34 36 0.8398523 
859 435 22 28 0.5478878 
323 124 13 16 0.5003928 
590 72 17 21 0.44143102 
730 346 16 23 0.24448064 
876 434 15 23 0.21618807 
535 222 12 16 0.20726557 
416 125 12 14 0.15564443 
502 207 11 15 0.1512421 
703 518 10 13 0.09694216 
844 18 50 72 0.08877306 
96 470 30 38 0.08418263 
362 187 16 21 0.080788344 
448 76 11 15 0.07002266 
362 100 14 18 0.06752079 
734 141 14 17 0.06449305 
631 108 14 16 0.063967414 
216 525 27 36 0.063268594 
660 548 21 30 0.062870346 
860 418 13 15 0.05540396 
356 92 13 15 0.054295413 
420 120 11 14 0.053992126 
394 152 9 11 0.050029423 
318 126 22 29 0.046209585 
735 352 16 20 0.04185684 
577 94 26 32 0.038025044 
409 126 10 12 0.037954118 
851 426 26 29 0.037608355 
412 119 20 25 0.03641961 
505 199 10 12 0.03604322 
500 217 12 17 0.035558898 
362 94 13 15 0.035167746 
592 81 25 30 0.034621883 
498 210 12 15 0.033209927 
797 413 14 16 0.032595564 
672 198 26 28 0.032298997 
509 197 9 10 0.03226717 
320 120 12 15 0.031407658 
9 28 41 56 0.031061046 
884 430 11 16 0.030538913 
540 215 10 13 0.029344695 
862 40 32 38 0.029254971 
339 27 12 16 0.029218435 
586 125 24 29 0.028840076 
398 114 12 15 0.028580828 
799 405 13 14 0.027832355 
658 525 17 17 0.02724709 
853 418 15 17 0.02686821 
526 216 10 11 0.026764289 
399 123 12 13 0.02659928 
348 99 16 19 0.026498571 
336 166 25 28 0.026347302 
352 74 11 15 0.026240554 
662 540 15 19 0.026240433 
471 191 11 14 0.026119 
845 418 13 17 0.025738584 
707 517 12 14 0.02513757 
658 534 27 33 0.025072195 
583 67 15 24 0.024858788 
640 513 35 33 0.024809845 
461 75 13 15 0.024094488 
430 195 9 12 0.024044206 
683 194 15 20 0.023665732 
352 99 22 27 0.02332412 
447 82 12 16 0.023113417 
319 137 45 52 0.023110773 
228 523 29 36 0.023063205 
78 469 13 19 0.022490533 
77 472 19 27 0.022253824 
699 542 29 33 0.022058727 
399 89 11 15 0.022055618 
600 89 23 31 0.021866312 
866 418 13 16 0.021843873 
722 126 12 14 0.021628194 
353 176 23 30 0.0213377 
667 531 16 19 0.02119831 
333 130 12 16 0.021050194 
254 617 36 37 0.020985147 
345 169 15 17 0.020876233 
340 133 11 14 0.020851864 
734 334 12 17 0.020720571 
529 221 13 15 0.02069891 
324 585 31 32 0.020618856 
57 142 28 34 0.020126067 
430 116 10 14 0.020070802 
