40_Gymnastics_Gymnastics_40_783
37
448 370 92 91 0.9437939 
384 559 25 31 0.25504193 
708 566 25 31 0.23451276 
234 574 18 22 0.20721914 
897 526 19 23 0.16406414 
344 444 25 35 0.068296485 
352 132 52 59 0.06666611 
806 578 31 40 0.06493656 
75 525 18 23 0.061688285 
290 618 41 53 0.05936977 
754 527 19 24 0.05536058 
490 89 16 20 0.053990927 
988 569 25 32 0.052879393 
711 523 26 33 0.04624825 
308 505 31 39 0.043504164 
345 437 47 50 0.040565483 
973 494 34 37 0.040555377 
986 489 34 39 0.035092413 
437 96 15 19 0.032555193 
579 417 450 465 0.032320026 
257 499 27 32 0.031315748 
664 505 26 33 0.027489118 
872 66 133 120 0.026224386 
179 416 26 31 0.0248298 
273 368 17 22 0.024576541 
141 575 18 23 0.023945926 
343 454 15 21 0.023606414 
152 530 25 30 0.023167187 
652 644 17 22 0.022580517 
227 560 28 35 0.022365723 
745 624 25 30 0.021663425 
906 87 77 69 0.02140561 
143 486 37 41 0.021377973 
303 611 29 38 0.02113945 
717 417 26 33 0.020764505 
77 220 29 35 0.020500457 
145 188 17 23 0.02018916 
