40_Gymnastics_Gymnastics_40_638
67
973 320 9 12 0.2978906 
455 323 31 39 0.26722935 
1000 487 24 34 0.18078864 
1003 234 15 19 0.17489946 
920 374 10 12 0.14009814 
910 413 12 17 0.10282853 
959 376 8 10 0.09945396 
672 365 10 13 0.07051051 
901 360 8 12 0.06457843 
901 365 10 14 0.062204584 
919 379 11 14 0.06002622 
999 376 11 12 0.0547566 
288 404 10 13 0.054275583 
656 362 12 15 0.052872658 
732 262 14 21 0.052610703 
676 362 9 14 0.051787697 
640 379 11 14 0.049852546 
293 397 14 16 0.049712796 
968 321 12 15 0.04691806 
912 382 9 12 0.046802852 
895 339 10 13 0.045744706 
955 412 10 14 0.04410582 
295 388 13 15 0.04035864 
714 324 17 21 0.03957022 
866 328 9 11 0.03934103 
645 375 10 15 0.036374494 
927 388 10 12 0.03615103 
733 270 25 31 0.03542316 
912 374 8 11 0.03311216 
670 370 9 13 0.03294398 
123 220 30 34 0.03137616 
1006 485 17 19 0.030643102 
935 383 10 12 0.03044688 
957 318 12 16 0.02941635 
935 399 11 13 0.029345455 
705 253 25 32 0.028708901 
403 357 15 17 0.028697845 
987 493 33 45 0.028497238 
759 283 53 68 0.027815564 
951 342 9 11 0.027700199 
830 294 10 14 0.026162324 
949 333 9 12 0.02593405 
938 403 12 15 0.025791021 
713 266 14 18 0.02537933 
984 375 9 12 0.024958953 
722 280 54 65 0.024423908 
997 378 15 19 0.024302473 
902 416 15 19 0.023920218 
924 381 11 14 0.023294978 
125 442 10 13 0.023260398 
650 515 28 34 0.023167305 
743 352 14 18 0.022890832 
773 248 206 231 0.022645215 
981 325 9 12 0.022177408 
739 287 16 19 0.022158744 
952 368 7 10 0.021810245 
992 326 9 11 0.02178507 
121 459 10 12 0.021610826 
689 326 10 13 0.021609928 
639 387 10 13 0.021185583 
954 373 9 11 0.021037307 
813 251 95 130 0.020918624 
714 241 43 52 0.0208786 
1009 364 9 12 0.020696653 
689 351 10 13 0.020593036 
727 247 25 33 0.020408792 
285 409 12 16 0.02031101 
