40_Gymnastics_Gymnastics_40_364
40
553 1230 136 97 0.9967853 
537 1135 166 237 0.31318626 
961 961 30 38 0.24054301 
730 1209 24 32 0.1318324 
849 1426 45 55 0.12975894 
969 1168 23 30 0.12962681 
816 7 64 80 0.10144831 
39 604 249 277 0.078437224 
-91 513 367 442 0.06288682 
819 1330 16 19 0.0532578 
43 1282 15 18 0.04793003 
359 1385 47 61 0.040955234 
996 1238 27 41 0.040266745 
370 1422 48 61 0.03932545 
595 1209 85 81 0.03792857 
869 657 151 194 0.03776869 
639 469 332 472 0.036266908 
82 1295 18 23 0.036149696 
24 737 17 20 0.03606581 
915 1264 34 39 0.03395885 
895 935 34 46 0.027548436 
632 1225 48 38 0.02741969 
879 934 56 74 0.02551748 
7 658 158 188 0.025139103 
907 945 45 63 0.024458982 
945 947 41 58 0.02407339 
372 1450 46 58 0.024047354 
386 1452 28 35 0.024046546 
355 1286 36 42 0.023455514 
134 1300 16 20 0.022539983 
667 1190 423 501 0.022178415 
726 582 119 162 0.022077167 
760 1305 19 20 0.021183837 
871 1318 25 32 0.020934314 
905 1239 49 58 0.020846467 
381 743 18 23 0.020611452 
807 1198 14 18 0.020540228 
958 1166 25 32 0.020478686 
494 1379 199 251 0.020407172 
7 478 35 47 0.020366764 
