40_Gymnastics_Gymnastics_40_422
466
402 128 16 18 0.40796214 
670 517 8 11 0.24114461 
857 503 8 10 0.22666848 
867 541 8 11 0.22427905 
782 545 9 12 0.2160742 
861 493 9 11 0.17524745 
509 526 9 11 0.17207521 
839 504 9 12 0.17171304 
758 502 9 11 0.16631159 
781 520 9 12 0.16540805 
813 479 9 12 0.1652952 
785 471 9 12 0.15524636 
480 479 9 12 0.15037864 
292 236 17 20 0.13013197 
64 436 11 14 0.12641984 
855 526 7 10 0.119550906 
953 518 8 10 0.11768886 
246 473 8 12 0.11705727 
811 525 8 11 0.11501634 
936 502 8 10 0.114446424 
897 467 10 14 0.10862878 
394 312 57 61 0.107062854 
794 534 8 11 0.09803049 
975 519 8 9 0.095535494 
807 484 10 12 0.09431783 
374 503 8 11 0.09125246 
998 295 15 19 0.08985917 
872 492 9 11 0.08827985 
393 119 8 11 0.0870162 
874 488 9 11 0.08678135 
768 500 9 12 0.086040646 
463 552 10 11 0.08552975 
705 477 8 11 0.08462328 
636 510 9 11 0.080614924 
598 496 8 10 0.0772549 
848 526 8 9 0.075359 
552 526 7 9 0.074028715 
806 576 9 11 0.07363002 
788 572 9 14 0.07338267 
437 537 12 15 0.07310092 
847 536 8 10 0.072891325 
7 536 9 12 0.071718104 
278 550 10 13 0.068416096 
822 564 10 12 0.067981966 
729 494 9 12 0.06611153 
1014 487 7 11 0.06603222 
234 228 15 17 0.06535017 
920 455 9 12 0.06524957 
916 508 11 14 0.06502444 
886 441 9 10 0.064857714 
496 551 9 11 0.06481412 
818 567 8 11 0.06463709 
726 462 8 10 0.06400516 
754 452 8 11 0.06394567 
839 557 9 11 0.06333112 
239 537 10 12 0.06306764 
809 455 8 10 0.06280773 
53 480 9 11 0.062220935 
872 551 10 13 0.05923318 
540 509 9 10 0.05920318 
269 307 12 15 0.058328 
570 503 7 10 0.057899486 
325 304 12 16 0.057693753 
993 520 7 9 0.057450715 
537 504 9 11 0.05692835 
568 521 7 9 0.056459963 
1014 517 8 12 0.056388035 
805 544 9 11 0.055742178 
506 492 8 11 0.054859556 
961 510 8 10 0.054577004 
653 519 8 10 0.053626344 
136 422 13 16 0.053230785 
937 470 9 11 0.05300321 
951 541 8 10 0.05293328 
895 518 9 11 0.052926246 
525 519 9 11 0.052520487 
814 520 9 11 0.05201459 
840 445 8 11 0.05159327 
686 510 8 11 0.051335532 
385 278 422 511 0.050880652 
749 517 9 12 0.050626125 
935 520 8 10 0.050429024 
707 534 10 13 0.050355848 
585 504 8 11 0.050344747 
804 558 10 13 0.050217524 
888 550 8 10 0.04976152 
936 497 8 10 0.049506724 
823 481 8 10 0.049305033 
927 525 9 12 0.049033277 
272 549 10 13 0.048661605 
241 494 7 10 0.048596658 
295 511 10 13 0.048592508 
673 464 8 11 0.048279997 
788 474 10 13 0.047265194 
1010 464 8 10 0.047073793 
1004 422 10 11 0.04654914 
864 518 9 11 0.0464685 
878 552 9 12 0.04636786 
487 528 8 10 0.0462572 
941 445 9 12 0.046077687 
856 507 10 12 0.0459305 
489 427 13 16 0.04591714 
886 461 10 12 0.04586329 
800 542 8 11 0.04571266 
720 463 8 10 0.04568064 
173 497 10 11 0.045643605 
999 373 10 15 0.045493744 
679 509 10 12 0.045369923 
679 537 7 10 0.045327563 
511 488 9 12 0.045248065 
318 485 9 10 0.04507479 
776 439 8 10 0.04501178 
864 538 9 11 0.044778526 
650 551 8 11 0.044677798 
753 501 10 11 0.044591628 
942 495 7 9 0.04444522 
688 517 8 9 0.044373166 
337 512 9 10 0.04423958 
838 485 9 12 0.044050243 
888 545 8 10 0.044006374 
65 516 9 11 0.043845583 
269 470 9 11 0.043833237 
844 454 9 12 0.043654107 
881 439 9 11 0.04348923 
230 470 7 10 0.043357614 
345 469 9 11 0.043307837 
760 526 9 11 0.04326915 
775 511 8 10 0.04318693 
25 526 9 11 0.043043073 
789 568 11 13 0.042799532 
312 559 10 13 0.042547323 
848 521 9 11 0.0424157 
687 466 7 8 0.04230618 
941 509 9 10 0.042263344 
928 520 9 11 0.042157833 
847 541 9 11 0.042146306 
464 566 9 12 0.042026408 
777 522 10 13 0.04183047 
665 513 9 11 0.041817833 
823 515 10 12 0.041378252 
813 455 9 11 0.041252766 
16 432 10 12 0.04124926 
478 510 8 11 0.0412115 
983 510 8 9 0.04116143 
513 533 9 11 0.040923566 
242 476 10 12 0.040870007 
804 549 10 11 0.040446974 
984 504 8 10 0.040333 
255 539 9 12 0.039758943 
894 552 8 10 0.03973774 
806 431 9 10 0.039669175 
111 234 15 19 0.03966191 
931 502 8 10 0.039551493 
710 486 9 11 0.03954938 
368 525 11 12 0.039483707 
800 503 9 12 0.03905369 
864 559 8 10 0.038929723 
962 492 9 12 0.038768172 
462 509 8 11 0.03863733 
777 445 9 11 0.03856746 
894 542 8 10 0.038501117 
925 460 10 13 0.038366973 
772 502 9 12 0.038281098 
271 235 14 17 0.03821581 
244 430 9 10 0.03820297 
593 464 7 8 0.038120866 
574 503 7 10 0.038053803 
992 525 8 10 0.038046677 
454 559 8 11 0.038004033 
37 477 9 11 0.037988298 
750 510 9 12 0.037643444 
533 536 8 9 0.03688647 
49 484 12 13 0.036869302 
495 486 7 10 0.036638282 
962 487 9 10 0.0366209 
488 533 8 10 0.036497302 
1002 510 8 10 0.036411215 
752 471 7 9 0.036377702 
487 567 9 12 0.03583046 
359 524 10 12 0.035380475 
937 508 9 11 0.035371173 
278 493 8 10 0.03534811 
880 431 8 9 0.035333008 
735 455 8 11 0.0351473 
1001 471 7 9 0.034970015 
231 534 9 12 0.034916483 
264 551 9 11 0.034752842 
849 550 9 11 0.03461439 
966 448 8 10 0.034562554 
252 238 11 13 0.0342824 
722 526 8 11 0.03422324 
856 447 9 11 0.034161557 
977 513 8 10 0.03413506 
468 552 10 11 0.034062296 
942 503 8 11 0.03399604 
247 494 8 10 0.033598613 
265 476 11 13 0.033497293 
809 472 9 10 0.033464216 
965 510 8 10 0.03342802 
543 518 10 11 0.03331816 
517 535 8 11 0.03322535 
148 243 12 15 0.03316657 
779 477 8 11 0.03308206 
776 453 8 11 0.032963444 
223 486 10 12 0.03289513 
462 482 10 13 0.032887742 
392 481 9 11 0.032884177 
711 472 8 10 0.032654993 
959 536 9 10 0.032524593 
855 559 8 10 0.03245726 
854 576 8 11 0.032429 
454 540 9 12 0.032321494 
246 539 10 13 0.032266967 
849 582 8 10 0.03198418 
610 527 8 10 0.031900723 
269 229 12 16 0.031825397 
880 517 8 12 0.03169765 
736 527 9 11 0.031594783 
204 542 9 10 0.0315009 
492 534 9 11 0.031490758 
362 429 10 13 0.03136452 
894 493 8 10 0.031324748 
813 471 10 12 0.03130087 
599 500 10 13 0.03127587 
302 479 9 10 0.031229626 
1005 502 9 12 0.031213224 
880 534 8 10 0.031207735 
839 541 9 11 0.031168206 
789 495 9 10 0.030686988 
920 517 9 11 0.030466508 
214 502 9 12 0.030457612 
0 451 10 14 0.03038956 
249 243 12 15 0.030385708 
73 480 9 10 0.030216891 
67 432 11 12 0.030205961 
634 516 8 10 0.030173536 
751 495 10 13 0.029982885 
913 504 10 12 0.029730849 
778 543 10 12 0.029718306 
248 519 9 11 0.029700244 
688 469 8 9 0.029688986 
256 525 9 10 0.029504748 
485 479 9 12 0.029491689 
494 479 8 10 0.02947833 
283 550 10 13 0.029412715 
0 540 7 12 0.029344905 
998 520 7 9 0.029273197 
861 452 9 12 0.029259028 
305 430 9 11 0.029253392 
869 536 9 11 0.02921419 
877 479 9 11 0.029150803 
879 423 7 9 0.029015336 
9 468 11 13 0.028919747 
454 565 10 13 0.028861001 
433 540 11 13 0.028828984 
880 455 9 10 0.028816057 
390 566 9 11 0.028626788 
886 456 8 11 0.028625991 
295 567 9 12 0.028453743 
408 125 15 18 0.02835908 
800 432 9 10 0.02833288 
975 476 9 11 0.028317623 
943 440 9 12 0.027954876 
928 510 9 11 0.027882533 
439 519 8 10 0.027803432 
942 471 8 10 0.027577143 
511 423 9 11 0.027574364 
929 416 8 9 0.027568774 
913 486 8 12 0.0275683 
190 524 9 12 0.027451258 
896 455 8 10 0.027402667 
802 486 9 11 0.02737237 
480 532 8 12 0.027362855 
464 555 11 13 0.027275255 
654 512 8 9 0.027176064 
270 464 8 11 0.027139395 
639 504 9 11 0.027100163 
832 558 9 12 0.027098829 
776 471 9 12 0.027065063 
745 511 9 11 0.027008776 
550 521 9 11 0.026987793 
757 448 8 11 0.026905054 
841 536 8 11 0.026896033 
625 480 7 9 0.026884096 
888 467 9 12 0.026707016 
529 542 8 9 0.026667073 
487 484 8 10 0.026587455 
782 447 7 10 0.02648625 
801 564 9 11 0.026481075 
847 557 8 11 0.026469903 
278 526 10 13 0.02646457 
967 543 10 12 0.026359085 
993 286 24 32 0.026235316 
816 447 9 10 0.026191493 
892 173 15 17 0.026182633 
861 510 10 12 0.026165493 
1006 509 9 12 0.0260818 
471 527 9 11 0.025973534 
471 479 9 11 0.025917636 
728 478 9 11 0.02587264 
316 565 9 11 0.025798904 
834 543 8 11 0.025778074 
937 544 8 10 0.025745783 
546 476 8 12 0.025734002 
457 481 9 11 0.025721552 
496 511 8 10 0.025699 
889 414 9 12 0.025652036 
582 484 9 12 0.025650177 
383 500 11 14 0.025635464 
169 241 9 11 0.025598854 
243 229 13 16 0.025594113 
950 503 8 10 0.025593452 
879 504 9 10 0.025560308 
182 239 12 15 0.025530182 
866 547 10 13 0.0255256 
705 507 10 13 0.025326427 
713 492 8 11 0.025321253 
951 513 8 10 0.025319219 
768 462 8 11 0.025270797 
889 494 9 10 0.025249653 
558 526 7 9 0.02514442 
533 464 8 11 0.025096362 
968 479 8 10 0.024985615 
1 534 9 14 0.024924923 
900 518 9 11 0.024888474 
824 526 9 11 0.024864344 
105 543 8 9 0.024858758 
794 438 8 10 0.024841221 
600 509 9 11 0.0248101 
873 447 9 11 0.02473958 
312 495 9 11 0.02471842 
400 111 9 11 0.024696726 
386 297 95 96 0.024663847 
846 446 9 11 0.024580574 
646 502 9 11 0.024540164 
213 510 9 12 0.024533214 
929 497 7 9 0.02453109 
745 472 7 9 0.024487946 
904 535 8 11 0.024423772 
1002 477 8 10 0.02441471 
254 495 10 12 0.024408778 
887 518 9 12 0.024316125 
273 231 22 26 0.024261631 
861 524 10 11 0.024247363 
962 446 8 11 0.024198016 
519 486 10 13 0.024189144 
782 510 9 10 0.024187997 
831 471 9 11 0.024167499 
591 501 9 12 0.024161428 
773 566 9 12 0.024132093 
375 483 10 12 0.024045153 
511 572 12 14 0.024044981 
309 470 9 10 0.023998272 
719 493 9 11 0.023987006 
909 440 8 9 0.02386712 
981 374 8 10 0.023861239 
844 502 10 12 0.023844337 
961 463 8 9 0.023834916 
525 512 9 10 0.023809638 
961 479 7 10 0.023679327 
832 509 10 13 0.02362933 
895 431 8 10 0.023617342 
684 503 10 12 0.023611141 
208 512 10 11 0.023597876 
944 489 7 8 0.023576034 
328 519 9 11 0.02356602 
329 422 9 10 0.023508467 
871 518 8 11 0.023486884 
520 492 10 14 0.023471434 
-47 -4 466 522 0.023459386 
895 474 11 14 0.023413995 
926 544 8 9 0.02339909 
903 552 9 11 0.023373073 
889 485 9 12 0.023346052 
586 561 8 9 0.023335252 
853 550 9 11 0.02323723 
893 486 10 12 0.023188503 
174 239 11 13 0.023188226 
385 431 10 11 0.02316421 
675 536 7 10 0.023103142 
456 510 8 11 0.023038732 
880 444 9 11 0.02299566 
784 464 7 10 0.022705173 
681 115 14 17 0.022698345 
876 493 9 11 0.022648973 
583 508 8 11 0.022602027 
398 557 9 12 0.022565588 
889 526 8 10 0.022513973 
900 117 13 15 0.022462666 
831 484 9 11 0.02237875 
313 501 10 11 0.022354035 
830 479 9 11 0.022343293 
302 552 9 12 0.022272743 
983 486 9 10 0.022196757 
446 538 10 14 0.022193296 
791 538 10 13 0.022110889 
810 531 10 12 0.022069726 
944 544 7 10 0.02200203 
317 535 11 14 0.021971297 
189 239 10 14 0.021896224 
312 479 9 11 0.021873692 
918 487 9 11 0.021858007 
478 504 9 11 0.021847656 
900 463 9 13 0.02184364 
869 575 9 11 0.021725383 
640 480 9 10 0.021717014 
590 527 8 10 0.021667056 
545 471 9 12 0.021648321 
893 463 18 24 0.021644875 
893 524 9 12 0.021637337 
359 448 11 13 0.021541942 
605 509 8 10 0.021540262 
976 501 9 11 0.02153388 
501 558 9 11 0.021519199 
409 534 10 13 0.021469796 
937 549 10 13 0.021428173 
734 488 8 11 0.021279177 
519 542 7 9 0.021266604 
903 454 7 10 0.021225931 
318 509 9 10 0.021215826 
848 577 8 10 0.021201469 
534 541 7 8 0.021165213 
974 496 9 11 0.021133851 
400 329 39 35 0.02113169 
489 549 10 12 0.021129768 
575 471 8 10 0.021115 
829 516 9 11 0.021074247 
832 430 9 10 0.02103996 
766 525 9 11 0.021010304 
714 464 8 9 0.020949366 
432 510 8 11 0.020945175 
270 543 10 13 0.020910863 
516 179 12 16 0.020887304 
782 485 8 11 0.020833516 
800 461 8 11 0.02081293 
708 527 10 12 0.020798575 
934 463 9 12 0.02067108 
599 552 7 9 0.020599658 
29 236 16 18 0.020583134 
896 558 9 10 0.020540109 
887 502 9 10 0.020531118 
958 553 8 10 0.020517724 
785 502 9 11 0.020498395 
449 560 9 11 0.020483015 
6 460 12 15 0.020421779 
707 503 11 12 0.020397203 
864 567 9 10 0.020392345 
912 472 9 12 0.020309595 
183 438 11 12 0.020276694 
472 518 9 11 0.020273454 
845 508 10 12 0.02023143 
655 480 7 10 0.020212712 
71 500 9 11 0.020188568 
396 119 11 13 0.020177262 
744 477 7 9 0.020171003 
705 482 9 12 0.020170476 
773 495 9 11 0.020164859 
592 533 7 10 0.020163761 
462 503 10 13 0.020148972 
111 527 9 12 0.02013351 
298 480 8 10 0.020109644 
1014 436 9 13 0.020097615 
841 460 7 10 0.020095306 
719 478 8 11 0.020034967 
328 307 15 19 0.020032926 
913 477 9 12 0.020024626 
