40_Gymnastics_Gymnastics_40_242
145
492 459 88 60 0.97202796 
751 423 11 14 0.23608427 
515 468 59 34 0.16127542 
210 501 12 14 0.15666418 
205 560 21 28 0.14777473 
724 421 13 16 0.13963747 
750 484 11 15 0.13017656 
423 518 13 16 0.12910762 
244 575 12 14 0.12619701 
757 544 15 20 0.12447993 
474 433 87 66 0.123879105 
295 434 13 14 0.12148973 
909 482 12 16 0.11575857 
721 488 9 12 0.11141876 
800 597 12 14 0.10600372 
832 419 13 16 0.09997502 
340 585 9 13 0.09947773 
663 429 11 14 0.09469934 
376 430 11 13 0.09352486 
330 427 13 16 0.091219306 
805 436 16 22 0.08928303 
272 553 12 17 0.08274425 
77 566 12 17 0.077994555 
960 546 11 13 0.077772856 
473 467 50 37 0.0766731 
956 509 10 14 0.07600985 
21 550 11 13 0.07479634 
903 485 13 16 0.07415883 
904 557 10 12 0.0734559 
290 478 14 15 0.07057517 
776 530 12 15 0.07025948 
971 404 13 17 0.06983307 
627 503 10 12 0.0650885 
799 484 12 15 0.06462955 
1007 542 11 13 0.0639803 
979 485 11 14 0.06363249 
925 560 9 11 0.060768206 
878 518 9 12 0.059956744 
892 505 12 15 0.048545975 
663 424 10 12 0.04820638 
818 474 13 17 0.047224484 
110 488 9 12 0.046381738 
912 501 12 15 0.046221852 
78 515 11 14 0.045554753 
968 518 10 12 0.045441996 
644 498 11 13 0.04464489 
714 549 16 19 0.0445597 
887 575 12 15 0.044151988 
297 572 10 12 0.043876097 
327 570 12 14 0.04335058 
975 478 10 12 0.04284195 
860 556 16 20 0.042837035 
992 579 9 13 0.04253188 
947 471 10 13 0.042289644 
768 467 14 18 0.041846167 
979 387 12 14 0.041371338 
991 515 9 11 0.04056434 
659 434 16 20 0.040266994 
80 508 13 16 0.04011108 
724 493 11 12 0.039987404 
916 483 11 15 0.03986933 
242 533 13 16 0.03931854 
701 498 12 14 0.038924173 
233 509 11 14 0.038528737 
964 407 24 27 0.03749226 
652 565 11 14 0.03738879 
18 529 15 18 0.035097532 
228 434 11 13 0.034828257 
936 546 11 14 0.034582797 
98 595 13 16 0.034427255 
973 397 13 15 0.03440685 
483 387 69 74 0.034201793 
30 542 12 15 0.033404317 
54 522 10 12 0.032647662 
949 535 10 13 0.032595962 
249 441 24 27 0.032579884 
108 532 13 16 0.03256138 
1012 542 11 16 0.03199381 
811 420 12 14 0.03190236 
4 519 10 13 0.03178324 
558 72 448 522 0.031460818 
840 556 12 15 0.029798448 
207 482 14 16 0.028820073 
1001 539 11 14 0.028732404 
213 547 13 15 0.028329909 
664 532 12 15 0.02790333 
949 597 9 13 0.027712006 
442 570 16 19 0.027546512 
625 564 9 11 0.027183123 
944 413 12 15 0.02666395 
15 538 11 14 0.026593588 
24 595 11 15 0.026564153 
969 591 10 13 0.026396804 
368 503 10 12 0.026305335 
877 533 13 16 0.026043022 
781 496 13 17 0.02576281 
206 491 19 23 0.025510095 
366 557 9 12 0.025379188 
632 599 8 12 0.025212124 
234 514 13 16 0.025194354 
750 550 15 19 0.025186872 
877 595 15 19 0.025183197 
238 537 15 18 0.025092788 
288 530 11 14 0.024923341 
719 438 11 13 0.02480471 
900 404 16 20 0.024589961 
256 494 10 12 0.024253923 
505 409 72 74 0.02422423 
992 469 13 16 0.024110202 
19 539 14 16 0.02409728 
10 39 17 21 0.023901252 
946 418 14 16 0.023415783 
37 25 16 21 0.023202388 
812 514 11 14 0.022953179 
147 334 15 19 0.022918386 
38 547 11 13 0.022790803 
125 330 11 13 0.022726398 
991 556 8 11 0.022648087 
423 557 9 12 0.022540187 
357 567 10 12 0.022370622 
237 326 17 22 0.022254925 
125 173 16 20 0.022241617 
217 540 12 14 0.022164099 
974 471 10 13 0.02208592 
749 417 19 23 0.021973684 
942 540 11 15 0.021961154 
959 412 15 17 0.021848567 
640 550 11 14 0.021804491 
852 492 11 14 0.021748817 
644 556 11 13 0.021746319 
352 511 9 11 0.02167591 
58 330 10 13 0.021651253 
876 523 13 15 0.021373421 
71 561 21 26 0.021302288 
81 494 8 10 0.021157054 
950 539 12 16 0.021079645 
336 504 9 11 0.02099918 
81 502 11 14 0.020961642 
3 333 14 20 0.020648748 
444 444 114 107 0.020509858 
806 428 15 19 0.02049001 
872 596 13 16 0.020377051 
393 512 9 11 0.02026743 
453 591 10 13 0.020098418 
331 525 11 13 0.020057088 
