40_Gymnastics_Gymnastics_40_175
23
565 204 58 72 0.97137374 
202 75 69 67 0.8278731 
115 232 43 56 0.7868241 
565 344 41 46 0.75471276 
439 325 46 79 0.38437092 
652 361 45 68 0.10713694 
131 256 32 43 0.0841088 
606 196 54 68 0.07536609 
135 233 30 41 0.06563369 
652 174 44 56 0.05344288 
185 241 30 45 0.048941497 
90 223 84 97 0.04622332 
445 319 30 50 0.035560716 
637 186 45 61 0.032339424 
147 223 37 43 0.02795041 
142 247 30 41 0.02692342 
345 593 46 43 0.026638964 
234 71 58 65 0.026524281 
359 218 198 221 0.024698528 
649 354 30 54 0.024638267 
448 345 57 76 0.02249825 
750 237 35 37 0.021629954 
160 241 45 50 0.020878702 
