40_Gymnastics_Gymnastics_40_197
30
475 485 133 156 0.9944125 
632 1492 65 81 0.87492204 
723 1297 53 69 0.66587806 
522 1028 60 100 0.53203195 
830 1180 56 73 0.5042628 
76 1113 266 247 0.3979631 
445 498 356 443 0.18264604 
485 96 80 124 0.1591707 
917 335 47 66 0.13175207 
-7 1107 391 424 0.12831298 
211 1135 84 129 0.10153807 
498 1521 59 74 0.090644516 
347 117 101 137 0.07254183 
983 1163 27 33 0.06501274 
43 292 39 51 0.052912887 
391 660 241 288 0.041968144 
106 838 47 71 0.03871113 
319 379 43 62 0.038554117 
16 1421 18 23 0.028486121 
256 447 32 42 0.026884953 
944 1322 29 35 0.026516648 
250 1150 54 89 0.026401639 
149 515 40 55 0.025884071 
901 1043 55 68 0.024901541 
762 216 54 69 0.023519756 
439 247 232 294 0.022756621 
337 61 154 232 0.022623675 
957 763 38 52 0.022510948 
241 810 54 64 0.021498052 
698 1290 88 114 0.020043137 
