40_Gymnastics_Gymnastics_40_920
87
122 160 62 78 0.99945945 
259 170 60 76 0.9993856 
395 173 64 81 0.9991073 
481 168 62 83 0.9981597 
569 149 71 84 0.99804735 
746 123 77 98 0.9944887 
316 436 16 22 0.3143631 
993 231 6 9 0.18990955 
959 222 8 11 0.10570476 
1006 215 8 12 0.0878664 
982 221 7 9 0.07341818 
990 255 7 9 0.07249412 
997 231 7 9 0.058563635 
970 239 8 9 0.051809877 
932 493 17 20 0.05002429 
985 254 7 10 0.046715636 
1012 307 9 16 0.045556977 
985 230 7 9 0.04470791 
984 248 7 9 0.044702247 
961 216 7 9 0.04464489 
999 246 9 11 0.044446804 
970 231 7 9 0.042519066 
920 62 8 10 0.04208919 
978 216 7 9 0.041603915 
390 398 36 45 0.041516773 
991 263 7 9 0.04141486 
1006 271 8 10 0.038830712 
1015 262 8 10 0.03534749 
983 279 9 11 0.034981772 
998 239 8 10 0.03391886 
967 214 7 9 0.033421073 
659 133 7 9 0.0322087 
936 72 7 10 0.032105017 
1005 276 8 10 0.032004338 
640 109 7 9 0.031876422 
993 237 8 10 0.031517785 
2 235 14 19 0.031305887 
975 232 7 9 0.031279936 
905 73 7 9 0.031268064 
974 238 7 9 0.031174347 
969 209 6 9 0.030923532 
300 407 22 28 0.03075277 
1014 239 7 11 0.030498078 
1013 28 9 13 0.029970413 
720 379 25 41 0.02966235 
239 441 8 9 0.029259797 
993 226 7 9 0.02860447 
200 495 11 12 0.028580604 
1001 263 7 9 0.02798856 
991 269 8 9 0.027593648 
208 468 10 12 0.026837923 
1008 247 7 10 0.02622651 
3 216 13 17 0.0260869 
688 373 12 13 0.025843777 
275 426 14 20 0.02578681 
975 253 10 12 0.025661524 
1003 87 8 10 0.025439683 
991 248 8 9 0.025384614 
634 119 8 8 0.02537887 
984 239 8 10 0.024580369 
974 453 14 19 0.024237715 
221 437 9 11 0.023931457 
704 423 10 13 0.023851266 
255 440 9 10 0.023790484 
775 440 7 9 0.023644397 
1001 253 8 11 0.023362484 
1015 255 7 11 0.02334591 
26 534 9 11 0.023239868 
657 128 8 10 0.023091696 
948 434 13 16 0.023031449 
692 371 11 12 0.022852534 
15 167 8 10 0.022786932 
441 405 10 14 0.022670485 
664 135 7 9 0.02255647 
985 261 8 10 0.022362897 
952 207 7 10 0.02224905 
222 431 9 11 0.02192068 
925 518 10 12 0.021627655 
1007 254 7 10 0.021488406 
1007 263 8 10 0.021464614 
2 226 14 19 0.021248763 
974 112 9 10 0.020709252 
925 461 11 17 0.020691535 
679 425 11 13 0.02061692 
625 128 8 10 0.020363336 
42 7 30 32 0.020249791 
633 112 7 9 0.020248258 
