40_Gymnastics_Gymnastics_40_48
33
29 421 14 23 0.8006836 
811 172 24 29 0.22562116 
16 421 12 17 0.16195048 
819 184 18 24 0.1487133 
159 264 16 20 0.13606817 
22 420 16 20 0.13410997 
793 204 16 18 0.1035767 
194 336 27 34 0.08502026 
176 251 15 18 0.07410325 
154 312 31 34 0.06572216 
140 256 17 24 0.060226083 
140 338 13 15 0.056072243 
168 304 38 45 0.055042133 
478 100 44 53 0.05212339 
500 98 27 47 0.04045843 
20 414 14 18 0.039741144 
282 412 41 52 0.034895696 
36 412 15 21 0.032475382 
797 178 24 30 0.03183111 
198 281 15 20 0.03074808 
3 429 11 15 0.02825163 
824 179 15 20 0.026628062 
134 340 13 17 0.026408792 
517 75 45 49 0.02569987 
502 83 45 51 0.02557383 
205 469 23 29 0.0254815 
186 299 24 34 0.024732366 
458 92 42 58 0.0244077 
300 375 15 18 0.023738846 
651 280 14 17 0.023198048 
187 321 29 37 0.022252712 
39 404 13 17 0.021483013 
279 238 18 21 0.020361705 
