40_Gymnastics_Gymnastics_40_668
160
390 183 99 114 0.99887913 
275 193 118 147 0.9988048 
186 72 116 126 0.9978154 
101 262 168 147 0.9977945 
653 193 75 90 0.9972753 
498 196 87 107 0.9907012 
861 208 99 101 0.9828383 
97 53 11 15 0.61524945 
692 77 11 14 0.50950325 
674 43 10 13 0.4872292 
980 275 15 19 0.47043532 
581 31 9 11 0.37518734 
798 46 10 12 0.34628436 
860 38 13 13 0.31290781 
611 44 10 14 0.24271508 
713 43 10 12 0.23664413 
752 36 8 11 0.22765282 
652 33 9 10 0.19272614 
557 46 10 12 0.18422715 
1 93 11 17 0.18106572 
183 237 132 156 0.17877424 
687 32 10 11 0.17392863 
875 32 15 16 0.16695178 
693 31 10 12 0.15408388 
89 39 7 9 0.15381354 
22 45 8 11 0.15091896 
17 74 11 15 0.14623287 
68 99 16 20 0.13947421 
412 635 98 136 0.13700056 
18 40 8 10 0.13311358 
781 56 13 17 0.1317207 
14 62 10 12 0.12648916 
760 249 11 14 0.12388265 
638 46 7 10 0.119807765 
230 444 95 109 0.11477169 
542 38 8 10 0.10865746 
24 92 9 12 0.10618593 
671 63 8 11 0.1053558 
436 92 11 14 0.10456311 
22 432 30 44 0.098639466 
925 44 10 12 0.098340906 
318 178 128 138 0.09267816 
696 58 10 12 0.08851859 
107 77 10 13 0.08025296 
97 48 9 11 0.076131135 
80 75 9 12 0.07555624 
632 32 7 9 0.074720055 
788 54 12 15 0.073685214 
4 86 11 16 0.07047672 
605 31 9 10 0.070163496 
61 54 10 14 0.07007232 
0 125 9 17 0.06523081 
846 30 10 11 0.06439477 
671 69 10 13 0.063199356 
625 63 8 10 0.062341765 
847 60 14 16 0.061956637 
601 32 9 10 0.058838524 
634 45 8 11 0.057905875 
61 40 7 9 0.05415883 
22 86 9 13 0.053294722 
108 89 12 17 0.052930694 
518 31 8 10 0.051403187 
487 38 9 12 0.05136972 
657 73 9 11 0.047281075 
649 46 8 11 0.047274683 
209 149 174 164 0.04541048 
629 64 7 10 0.043009337 
554 32 8 10 0.04280355 
713 54 10 12 0.042107746 
655 47 9 12 0.04175228 
81 47 8 10 0.040096354 
86 45 9 11 0.038140245 
222 110 115 148 0.037887577 
910 36 12 16 0.037109394 
944 62 28 31 0.037059333 
756 37 8 11 0.036995765 
746 37 8 11 0.036696814 
608 40 11 14 0.036579743 
663 52 8 11 0.03619187 
914 30 13 16 0.036189172 
8 47 9 10 0.03571985 
855 31 13 13 0.03516803 
15 56 9 11 0.03510091 
94 40 8 10 0.03462394 
905 43 10 12 0.033190493 
552 40 10 11 0.032971773 
883 35 14 18 0.032462995 
563 45 10 13 0.03207167 
85 53 11 15 0.031662438 
60 46 9 11 0.03160972 
695 227 46 53 0.031257913 
613 51 9 11 0.031163188 
0 72 7 11 0.031082582 
916 36 13 16 0.03028015 
514 105 24 28 0.029382264 
68 485 85 110 0.028998079 
875 51 14 15 0.02899293 
30 69 10 12 0.02891398 
776 53 13 18 0.028747575 
541 33 9 11 0.028576855 
856 43 13 13 0.028215077 
623 32 8 10 0.027949644 
701 78 9 12 0.027878286 
712 58 9 13 0.02725791 
667 63 8 10 0.027118137 
473 41 9 10 0.026890242 
576 64 8 12 0.026756614 
514 31 8 9 0.026704542 
471 132 9 13 0.025871908 
30 75 11 14 0.025854751 
8 54 9 12 0.025422303 
857 33 21 22 0.025043622 
0 80 18 28 0.025010366 
6 77 9 13 0.024930561 
0 77 9 12 0.024865432 
1 150 16 23 0.024581868 
672 51 11 13 0.024343109 
675 61 10 12 0.02426301 
804 70 11 14 0.02408358 
615 32 10 12 0.024023125 
80 53 11 13 0.023986982 
26 213 15 16 0.023885371 
623 39 9 11 0.02387034 
70 88 12 14 0.023709264 
681 31 10 11 0.02365935 
757 32 9 11 0.023526283 
702 61 9 11 0.023492465 
622 56 9 10 0.023458276 
663 32 8 9 0.023430688 
7 117 12 17 0.02335599 
84 77 10 12 0.023254389 
631 38 9 12 0.023090893 
808 33 9 11 0.022669764 
609 61 9 11 0.022662222 
701 55 10 13 0.022658331 
921 104 11 13 0.022650218 
511 100 9 11 0.022324901 
528 39 8 10 0.022207433 
592 37 7 10 0.021996599 
891 44 10 12 0.021875624 
481 37 10 13 0.021441182 
79 59 11 13 0.021439673 
521 55 9 11 0.02135512 
769 54 9 13 0.021319773 
923 107 12 14 0.02123945 
664 39 9 10 0.02119176 
767 30 8 11 0.021111697 
638 40 9 11 0.021037279 
5 220 12 16 0.02095543 
876 42 15 18 0.02082943 
64 103 24 29 0.020694844 
851 55 14 16 0.020637596 
687 60 10 12 0.020528968 
56 520 55 70 0.020526964 
878 118 12 14 0.020335129 
994 488 31 48 0.020330217 
702 37 9 12 0.020155724 
29 101 11 14 0.020139702 
600 36 10 12 0.02012184 
710 79 9 10 0.020015864 
