40_Gymnastics_Gymnastics_40_805
38
481 792 168 220 0.9980551 
65 691 48 59 0.6871945 
260 1349 81 131 0.45847088 
413 927 420 550 0.42840722 
934 1021 46 64 0.35363016 
359 1122 383 487 0.29641286 
999 1603 20 35 0.25035104 
996 1503 29 43 0.20050699 
128 1015 25 31 0.12596454 
957 990 36 51 0.07051202 
923 1599 41 42 0.05400398 
331 157 17 20 0.0514524 
259 954 22 28 0.046895966 
584 1457 444 506 0.045260407 
946 1001 50 70 0.04145547 
959 1628 26 31 0.039830305 
785 1569 62 56 0.037421465 
945 1612 33 33 0.037392158 
257 805 40 50 0.03224775 
480 1845 30 33 0.03133129 
247 1365 452 425 0.030127065 
753 782 26 31 0.029073361 
223 1578 442 532 0.028538572 
779 1013 72 58 0.027962686 
830 1478 107 117 0.027810149 
423 163 31 36 0.02482518 
471 1847 50 53 0.024494348 
136 1021 27 32 0.023298966 
971 1633 16 22 0.023199454 
506 1347 377 457 0.022732109 
729 475 39 53 0.022458246 
932 1627 32 36 0.022442853 
62 715 40 46 0.02197846 
230 994 15 19 0.021919068 
713 575 29 36 0.021637721 
149 1036 29 31 0.021096792 
108 1115 23 27 0.021088611 
334 181 48 52 0.02019541 
