40_Gymnastics_Gymnastics_40_331
61
498 91 62 74 0.96369386 
785 410 16 20 0.25156865 
913 298 19 25 0.21377245 
747 181 15 21 0.17819506 
799 290 12 16 0.16863084 
420 360 16 18 0.13327579 
436 315 15 20 0.1326492 
106 263 95 136 0.1023909 
773 369 18 20 0.0986922 
449 394 15 19 0.08939019 
717 283 16 20 0.08188058 
958 349 24 34 0.0754327 
803 248 25 28 0.06726407 
973 409 24 27 0.062714264 
666 307 19 23 0.055047628 
1007 303 12 19 0.05483852 
872 262 27 34 0.05361452 
589 188 422 507 0.047906227 
974 337 16 20 0.04643864 
699 371 16 19 0.046412908 
528 409 14 17 0.043606218 
747 306 15 18 0.04268284 
743 330 25 31 0.038192634 
964 341 27 33 0.036213797 
41 198 50 67 0.034872845 
45 229 31 36 0.0336206 
148 337 34 33 0.032810766 
257 246 37 34 0.03197264 
94 246 55 81 0.030724589 
916 398 15 19 0.028801821 
876 277 26 32 0.028335953 
986 370 17 20 0.026992032 
740 285 25 30 0.02677424 
707 157 15 17 0.026407914 
968 15 34 42 0.026224246 
876 250 18 20 0.025330618 
772 540 32 32 0.024324825 
952 363 11 18 0.02418748 
492 405 17 21 0.024013713 
516 417 13 17 0.02400779 
846 297 16 19 0.02399843 
780 365 24 27 0.023965457 
792 290 14 17 0.023926152 
933 363 12 16 0.023902321 
395 316 13 16 0.023545548 
858 400 17 21 0.022729883 
479 260 25 33 0.022444094 
431 315 28 32 0.022283297 
274 215 384 467 0.022235496 
853 276 26 35 0.022006366 
745 364 26 28 0.021848159 
713 312 24 30 0.021595083 
463 119 55 65 0.021311041 
952 355 20 30 0.021232206 
855 408 14 20 0.021143574 
1000 386 15 18 0.021140402 
6 159 48 76 0.021065053 
439 380 27 32 0.021024855 
468 258 26 37 0.02066641 
4 257 15 23 0.020548292 
782 417 24 29 0.020035947 
