40_Gymnastics_Gymnastics_40_566
51
466 157 58 82 0.9991454 
30 142 54 68 0.3554243 
698 203 17 20 0.3234746 
225 247 17 21 0.24190383 
481 609 25 31 0.19554785 
75 242 24 30 0.15212393 
102 299 21 28 0.1307319 
742 131 22 31 0.119593784 
154 129 19 22 0.109857306 
220 140 16 21 0.097321175 
797 285 25 32 0.073164605 
199 193 27 35 0.069805 
594 617 18 21 0.059018135 
268 282 16 19 0.05361622 
142 235 26 34 0.04734642 
454 195 10 14 0.045050588 
190 207 115 141 0.044864442 
122 196 24 29 0.04463832 
269 242 15 17 0.0436531 
44 181 41 47 0.042639513 
589 612 39 48 0.042498253 
779 214 32 41 0.041348156 
261 147 20 25 0.04116911 
179 80 23 30 0.03807427 
246 269 15 18 0.03661202 
33 361 17 23 0.035199717 
498 37 17 24 0.03366481 
597 279 27 30 0.03320235 
32 129 38 53 0.031794395 
249 85 17 23 0.030142408 
23 22 25 31 0.029868161 
594 41 15 19 0.029826876 
729 124 45 62 0.029164597 
139 124 53 65 0.028967168 
42 313 22 27 0.028840119 
269 182 22 30 0.02863228 
41 418 24 32 0.027337678 
332 216 17 22 0.027310366 
147 128 31 38 0.026681812 
731 171 43 53 0.026145333 
128 101 85 106 0.025700606 
218 234 27 33 0.025668811 
6 251 27 36 0.024975877 
697 628 21 28 0.024949394 
697 41 28 35 0.024555082 
810 595 17 21 0.024070494 
286 252 14 18 0.023847513 
659 149 21 29 0.022778412 
666 82 17 23 0.021507861 
74 338 17 22 0.02077795 
202 277 29 36 0.0201616 
