40_Gymnastics_Gymnastics_40_492
129
307 7 25 32 0.9984528 
471 153 38 49 0.9973888 
510 55 23 30 0.99722433 
548 46 25 32 0.9956328 
485 64 22 29 0.9953915 
556 129 41 53 0.9935737 
359 149 40 55 0.9800846 
654 124 40 53 0.9770009 
210 17 23 28 0.9650836 
380 0 20 24 0.9560167 
589 78 22 27 0.9050325 
450 -1 20 20 0.89829344 
467 79 17 24 0.8909072 
341 -2 24 25 0.87386525 
35 2 21 28 0.84695685 
270 19 19 26 0.79309374 
447 111 16 20 0.6321748 
366 76 19 26 0.6180108 
426 81 13 16 0.6128622 
405 27 17 22 0.5577845 
404 68 11 15 0.53301936 
417 0 15 16 0.5223344 
353 -1 18 20 0.52229667 
170 19 15 19 0.4819251 
386 68 13 16 0.45067796 
476 69 22 29 0.3726788 
303 45 23 30 0.30444366 
312 78 16 23 0.18859486 
378 81 14 19 0.178923 
444 57 15 23 0.17735851 
332 94 13 17 0.16794446 
480 47 11 14 0.16565225 
571 2 17 23 0.16189739 
445 54 12 16 0.15883622 
540 14 17 21 0.15798812 
234 32 16 21 0.14391479 
97 40 12 15 0.10750179 
407 115 13 17 0.10422967 
78 50 12 14 0.09571534 
395 114 15 20 0.08911089 
599 79 18 23 0.08509206 
259 8 25 31 0.08378596 
380 73 16 22 0.07583398 
518 26 15 20 0.06770649 
75 0 14 14 0.06758906 
328 90 13 18 0.06588575 
334 0 20 21 0.06257903 
395 283 43 51 0.055343688 
588 89 28 36 0.053804185 
494 4 13 17 0.052708454 
428 26 13 18 0.050041623 
308 61 22 34 0.049750112 
434 129 15 20 0.046882126 
438 62 15 20 0.046807524 
481 51 15 19 0.046707418 
42 0 15 19 0.046449967 
360 79 16 23 0.045934394 
276 14 15 21 0.045756076 
529 292 21 32 0.045596454 
258 6 16 19 0.045430932 
29 43 14 18 0.044799317 
556 0 15 12 0.042376768 
460 33 14 17 0.042268924 
535 333 10 13 0.04212681 
439 52 13 18 0.041166645 
285 -1 14 13 0.040280316 
1008 26 11 16 0.03980621 
35 38 11 14 0.039627425 
6 85 12 15 0.039526165 
413 82 13 17 0.037517816 
557 -1 23 23 0.03630848 
51 2 15 20 0.036239017 
431 55 14 20 0.035038605 
221 -1 15 13 0.033895142 
332 104 14 18 0.033834927 
386 81 13 19 0.033017796 
175 9 20 27 0.032827962 
60 2 14 16 0.032517318 
976 11 13 16 0.032340407 
448 63 16 23 0.03214683 
543 108 22 28 0.03196662 
403 79 15 21 0.031847734 
420 27 14 19 0.031564966 
973 3 32 36 0.030651046 
506 308 26 33 0.029948374 
457 113 16 20 0.029869677 
409 21 16 20 0.029317684 
211 1 17 19 0.029271174 
338 24 17 19 0.028750682 
915 0 18 12 0.028263396 
408 -1 21 22 0.027831726 
82 46 10 13 0.027255509 
92 20 11 14 0.027062677 
291 -1 15 14 0.026961343 
457 385 38 52 0.026958978 
337 7 23 29 0.026167372 
226 26 17 21 0.025385074 
978 1 17 20 0.024706544 
534 325 12 17 0.024318228 
317 169 10 12 0.0239374 
317 3 22 27 0.023935692 
389 89 11 15 0.02385636 
183 2 13 17 0.023485174 
601 274 28 40 0.023384776 
322 83 15 22 0.022950098 
537 75 26 28 0.022472037 
392 112 12 15 0.022439903 
419 113 16 22 0.02229556 
78 41 10 13 0.02222135 
109 46 10 12 0.022122802 
459 125 24 29 0.022108486 
409 67 14 18 0.022019314 
312 44 16 21 0.021541953 
914 13 15 15 0.021484772 
182 46 10 13 0.021468796 
20 -3 44 42 0.021324309 
75 6 16 18 0.02124912 
112 53 9 12 0.021207217 
316 70 20 30 0.021191482 
430 66 14 18 0.02119014 
518 6 13 15 0.021162326 
200 8 40 47 0.021132203 
393 74 20 29 0.020948697 
491 383 27 38 0.020907778 
428 116 12 18 0.020850113 
443 130 15 20 0.020784533 
333 64 15 20 0.020781599 
529 291 13 20 0.020575952 
185 1 23 28 0.020023797 
