40_Gymnastics_Gymnastics_40_484
24
495 270 78 101 0.99491113 
833 71 40 52 0.8379975 
642 82 52 65 0.6941733 
477 75 46 63 0.4535648 
979 0 39 44 0.4263416 
808 206 44 51 0.42494014 
987 187 34 58 0.34126455 
139 -1 40 38 0.27622476 
823 413 45 64 0.2525342 
988 312 34 60 0.08096647 
120 97 52 61 0.072292134 
613 259 44 60 0.067881815 
466 109 63 84 0.0530318 
317 85 39 53 0.041768335 
458 52 76 101 0.034674965 
362 168 48 73 0.0345226 
1011 423 13 24 0.0331964 
465 251 64 78 0.030090448 
0 0 33 32 0.027540065 
593 241 73 104 0.026171628 
634 48 60 75 0.023314292 
997 632 22 33 0.022254955 
646 36 31 35 0.021718726 
981 377 14 23 0.02024698 
