40_Gymnastics_Gymnastics_40_260
70
196 527 32 42 0.99780124 
453 218 37 47 0.99208283 
1000 590 25 39 0.98158216 
65 527 25 33 0.960054 
800 542 22 31 0.94707054 
352 281 41 58 0.8422847 
768 538 22 31 0.4863078 
910 554 21 32 0.4815688 
638 645 9 11 0.14627898 
629 669 9 11 0.13818946 
55 538 28 34 0.1296868 
677 662 9 12 0.12857677 
670 646 8 10 0.12509146 
638 661 8 11 0.12092639 
648 631 9 11 0.102190115 
607 661 8 11 0.09771355 
859 554 14 16 0.09266406 
938 630 22 29 0.07602151 
606 655 7 10 0.07528455 
632 664 10 11 0.072693534 
638 655 10 13 0.062063664 
701 660 9 13 0.059836823 
778 533 14 18 0.05942441 
666 647 8 10 0.05588339 
279 572 21 30 0.053481363 
602 655 8 10 0.044319488 
683 630 7 9 0.04244695 
550 645 10 10 0.039184432 
550 636 12 15 0.038523003 
674 667 9 11 0.037284367 
657 656 9 10 0.036259294 
607 648 7 9 0.035705887 
548 605 10 12 0.035616845 
646 636 9 12 0.0354442 
866 653 13 14 0.033916913 
714 660 12 15 0.03326541 
51 544 21 24 0.03299999 
229 580 32 41 0.032548018 
864 73 26 33 0.032466955 
654 631 9 11 0.031830896 
921 554 15 25 0.030563787 
536 680 9 11 0.029519925 
663 653 8 11 0.029470624 
625 677 8 10 0.028458359 
631 676 8 10 0.027312804 
840 63 16 20 0.027123785 
902 557 18 26 0.025311561 
544 637 11 15 0.025254816 
577 228 15 18 0.024877088 
544 613 10 13 0.02421544 
670 641 8 10 0.024030715 
865 554 14 19 0.02382948 
558 645 9 12 0.023298118 
340 289 35 44 0.02303103 
590 668 9 11 0.022890197 
656 636 9 10 0.022847647 
687 639 8 10 0.022271728 
712 655 12 14 0.022205194 
671 653 9 12 0.021759795 
625 686 8 11 0.02169616 
545 645 9 11 0.02150028 
548 620 11 14 0.021311214 
897 79 29 35 0.02130705 
558 654 9 11 0.021070477 
885 672 15 18 0.020987548 
860 191 16 19 0.020738846 
583 669 9 11 0.020601196 
681 624 8 11 0.020506727 
74 545 17 26 0.020431263 
686 644 10 11 0.0203344 
