59_peopledrivingcar_peopledrivingcar_59_172
66
652 218 12 16 0.8554644 
846 222 11 14 0.2587921 
863 224 9 12 0.14623807 
822 213 14 16 0.100056976 
841 221 10 14 0.07754566 
770 192 26 29 0.07591118 
767 195 12 17 0.07182072 
175 286 25 28 0.06977821 
656 239 11 14 0.060891382 
761 118 16 19 0.060777593 
854 222 11 14 0.06000621 
798 194 13 20 0.057963636 
1012 298 10 15 0.055015072 
880 229 10 11 0.051984984 
704 169 9 10 0.045806967 
913 189 8 10 0.04469198 
927 201 8 10 0.041658577 
694 183 8 9 0.039414965 
887 225 8 10 0.038676225 
952 231 8 11 0.038624085 
472 359 25 27 0.03662203 
647 222 15 18 0.03564769 
942 189 8 10 0.035533544 
1013 177 10 15 0.033591785 
139 260 13 16 0.032923203 
828 218 13 16 0.032696888 
960 206 8 10 0.032274023 
913 185 7 10 0.032093506 
864 238 9 11 0.031192657 
585 372 15 17 0.031021895 
971 181 10 12 0.030541511 
936 199 10 11 0.02944461 
673 183 10 12 0.02802258 
942 200 8 10 0.027827902 
895 227 8 11 0.027221587 
844 218 18 23 0.026996454 
927 205 7 10 0.026667047 
871 228 8 11 0.026532926 
784 198 20 23 0.026374727 
208 174 9 10 0.02633056 
329 321 45 49 0.025944185 
911 199 7 9 0.025693748 
823 209 11 13 0.025285067 
1 99 9 14 0.024888474 
896 149 9 11 0.024733424 
951 236 8 11 0.024662198 
918 214 8 9 0.024339112 
327 286 26 31 0.024276646 
47 388 13 15 0.023780737 
869 224 8 10 0.02376303 
677 160 8 10 0.023323638 
339 284 24 29 0.022815848 
911 205 8 10 0.022651177 
952 198 7 10 0.022325577 
917 190 8 10 0.022044878 
952 216 8 10 0.021916058 
937 183 8 10 0.021701599 
463 175 12 16 0.0216667 
942 184 8 10 0.02164774 
860 321 13 16 0.021548258 
914 229 8 10 0.02150648 
927 224 8 10 0.02081458 
136 204 7 10 0.020678926 
337 310 28 34 0.020654004 
613 270 13 15 0.02054979 
1013 220 10 13 0.020012647 
