59_peopledrivingcar_peopledrivingcar_59_532
142
132 50 22 30 0.98778194 
232 51 22 30 0.9767928 
95 51 25 30 0.975749 
171 91 22 27 0.973807 
0 74 21 27 0.92638826 
64 87 25 32 0.92084026 
502 90 13 17 0.7441684 
301 73 17 21 0.65165126 
196 380 242 269 0.49985468 
786 129 15 18 0.36302286 
352 462 31 34 0.27714118 
714 129 13 17 0.27482846 
943 130 12 15 0.21947685 
672 102 11 14 0.18701237 
817 81 14 19 0.15554446 
879 83 11 13 0.15220433 
381 96 16 20 0.13678245 
513 112 14 18 0.1279446 
210 113 16 16 0.120615184 
873 115 10 12 0.10270098 
293 76 22 26 0.095900565 
373 178 18 21 0.09057503 
844 103 9 12 0.09007649 
652 100 13 17 0.084208876 
290 349 244 324 0.08100449 
257 123 17 22 0.07898341 
462 52 12 16 0.07889083 
862 109 9 12 0.07198539 
52 80 29 37 0.07136356 
841 107 11 13 0.06941007 
589 82 14 16 0.065781705 
854 25 13 17 0.058674753 
404 84 12 14 0.058649275 
506 86 14 17 0.05743317 
529 216 42 59 0.05531394 
713 96 8 11 0.055000283 
540 86 13 15 0.054303642 
177 83 26 30 0.0522719 
641 332 12 14 0.05197769 
456 31 10 12 0.051929068 
726 102 10 12 0.05018956 
653 324 10 14 0.048721347 
874 85 9 11 0.04852248 
697 100 8 10 0.047974292 
560 87 10 14 0.047076732 
782 117 19 26 0.04626381 
727 96 47 59 0.045794565 
203 102 24 27 0.044371102 
711 137 14 17 0.044290576 
536 90 11 13 0.043953363 
546 212 13 17 0.042871866 
687 110 9 12 0.04234611 
702 97 8 10 0.041888114 
82 42 32 44 0.040471666 
843 165 9 12 0.039806 
984 93 9 12 0.03960469 
462 32 9 12 0.039274745 
230 106 16 20 0.039130665 
516 84 12 16 0.03887735 
73 56 28 33 0.035728205 
585 74 23 29 0.03562148 
845 160 8 10 0.035220753 
974 99 10 12 0.034981303 
342 73 14 15 0.03437858 
718 101 10 12 0.034240752 
469 109 11 14 0.033963468 
645 325 12 16 0.033897653 
592 47 11 13 0.03387009 
676 105 11 15 0.033704843 
564 92 11 13 0.033373944 
292 89 18 22 0.032816928 
849 8 118 140 0.03276631 
550 86 10 13 0.032059256 
448 277 12 13 0.031152189 
762 70 14 20 0.030595297 
463 78 11 14 0.029007548 
515 235 14 18 0.028698014 
765 96 43 51 0.028598387 
950 78 10 13 0.028529437 
399 197 32 39 0.028374737 
468 77 10 12 0.028261915 
876 125 11 13 0.02815831 
748 118 12 15 0.02807255 
878 89 13 14 0.027977368 
422 71 10 12 0.02787932 
779 107 15 18 0.02784995 
745 110 9 11 0.027797878 
717 120 10 12 0.027461277 
439 171 13 17 0.027317738 
522 226 24 33 0.026278047 
732 58 42 56 0.026270343 
748 173 12 14 0.026193522 
622 190 11 13 0.026132612 
749 68 24 29 0.02597058 
537 205 24 32 0.025601743 
709 145 16 18 0.025457172 
1013 125 9 14 0.025100721 
680 332 13 18 0.02500911 
854 81 12 16 0.024810288 
807 92 11 15 0.024751939 
469 192 26 29 0.02463153 
727 95 10 13 0.02455475 
575 83 10 13 0.024327712 
585 83 11 13 0.02430737 
856 104 9 11 0.024112795 
710 20 13 17 0.023916697 
926 79 9 10 0.023726234 
740 115 25 35 0.023327662 
921 79 8 10 0.023317266 
942 125 19 24 0.023240399 
581 61 9 10 0.022833282 
740 74 27 35 0.02268992 
668 85 10 12 0.022689618 
488 86 9 12 0.02266818 
902 140 12 15 0.02260233 
354 195 14 16 0.022594834 
455 190 25 29 0.022480816 
398 251 14 20 0.022318376 
245 116 27 31 0.022162559 
455 52 14 17 0.022122407 
989 93 10 13 0.022077043 
540 78 12 14 0.021553468 
945 79 10 12 0.021514615 
610 90 13 13 0.021436002 
407 184 31 38 0.021361664 
936 144 10 13 0.021182258 
896 79 10 12 0.021097682 
529 168 110 145 0.021079173 
876 79 20 25 0.020993493 
392 207 29 43 0.020868009 
467 84 12 14 0.020658642 
397 203 47 60 0.020548718 
268 129 12 16 0.020478927 
976 119 9 12 0.020426651 
157 84 45 47 0.020332988 
870 111 20 25 0.020329932 
706 56 79 107 0.020308545 
304 76 24 28 0.02026183 
902 134 11 13 0.020234965 
469 39 9 11 0.020118982 
812 105 12 15 0.020073129 
331 185 22 25 0.02007251 
