59_peopledrivingcar_peopledrivingcar_59_401
31
396 253 103 136 0.9996383 
216 257 154 204 0.9987872 
636 346 13 17 0.45878717 
651 15 14 18 0.05987574 
940 93 22 26 0.051692102 
968 49 9 11 0.047318023 
494 309 11 14 0.04415498 
811 428 201 291 0.041868314 
781 486 111 134 0.039378893 
613 347 11 16 0.035307094 
624 308 10 11 0.032742336 
659 344 13 16 0.031154523 
41 67 163 179 0.0303078 
542 478 34 33 0.028080344 
616 324 10 13 0.027894069 
458 100 429 463 0.027460514 
868 115 13 15 0.026153311 
639 0 12 9 0.025087368 
105 -34 459 481 0.024982853 
601 314 9 12 0.024923677 
927 114 13 15 0.024647683 
548 316 16 22 0.024171507 
500 301 9 12 0.024157064 
903 533 126 153 0.02396113 
725 312 14 15 0.02275872 
629 351 15 18 0.022160543 
595 0 12 11 0.021407204 
839 84 14 17 0.021261003 
521 300 49 63 0.020564714 
608 1 10 11 0.020249467 
330 243 130 168 0.020055821 
