59_peopledrivingcar_peopledrivingcar_59_592
19
391 64 34 37 0.9828367 
378 595 117 157 0.105704084 
240 167 233 185 0.0659883 
320 204 140 120 0.06180887 
515 156 14 18 0.052418288 
272 166 133 129 0.048337057 
453 136 14 17 0.04670056 
961 131 43 49 0.04603099 
480 158 10 12 0.045119096 
460 158 12 15 0.04061881 
515 148 12 15 0.0399879 
418 253 17 16 0.038523585 
507 150 24 28 0.03455816 
955 123 35 39 0.028770866 
455 162 16 20 0.02728913 
73 158 28 35 0.025399815 
550 191 24 32 0.024515204 
125 279 372 455 0.0243249 
516 142 11 14 0.021312062 
