59_peopledrivingcar_peopledrivingcar_59_763
59
443 215 51 59 0.99605113 
748 421 68 91 0.9940487 
582 118 10 13 0.09529662 
407 3 11 14 0.08272016 
163 0 15 14 0.08235844 
528 131 12 13 0.07730296 
568 141 12 14 0.06765544 
607 165 10 12 0.059554152 
142 26 16 19 0.05039442 
215 0 14 13 0.048303377 
424 32 9 11 0.047094036 
638 198 11 13 0.03976051 
501 57 13 16 0.036789637 
449 7 9 11 0.036620278 
678 169 13 16 0.03574837 
588 174 12 14 0.033651043 
55 25 13 16 0.03341279 
614 189 9 12 0.032790687 
597 213 11 14 0.03181429 
604 141 10 13 0.031506784 
477 154 14 16 0.03071713 
596 140 12 16 0.030366102 
608 172 11 12 0.0300262 
630 189 11 14 0.029837184 
598 106 12 15 0.029489916 
640 204 11 12 0.02941283 
636 188 12 14 0.029330079 
608 205 10 13 0.02822824 
616 131 13 16 0.02803059 
523 62 10 12 0.026927115 
397 26 14 17 0.026848841 
1012 437 10 15 0.02653087 
621 137 12 15 0.026441038 
136 7 11 14 0.025952497 
615 207 10 13 0.02561226 
457 184 15 19 0.024655411 
601 164 9 12 0.024345033 
644 148 12 15 0.024129478 
646 156 11 12 0.023828683 
382 22 9 11 0.02369192 
653 166 9 11 0.02325963 
711 143 12 15 0.02306406 
981 414 10 12 0.02303868 
117 12 10 13 0.022992287 
598 123 11 12 0.022789072 
630 168 10 11 0.022754325 
613 182 9 11 0.022623586 
539 60 12 14 0.02257796 
620 228 15 19 0.022478905 
633 146 10 14 0.022250788 
432 20 9 12 0.022225132 
533 20 10 11 0.021610413 
588 117 11 13 0.021609474 
172 0 14 13 0.021188391 
168 62 12 14 0.020668667 
571 135 14 17 0.020613262 
624 166 9 12 0.020337008 
655 213 11 15 0.020129457 
201 423 418 408 0.020088691 
