IMG_E0308
17
1213 1895 575 637 1385.0691 2094.4316 1646.0498 2110.5925 1516.4841 2265.757 1386.9298 2361.2944 1610.2323 2375.189 0.99997807 
1419 1786 438 566 1573.1904 2031.11 1738.2692 2031.1838 1667.8776 2184.4202 1587.2885 2261.0352 1712.3994 2261.413 0.7581197 
1238 2248 485 625 1464.6996 2424.1348 1579.8951 2427.0938 1550.3932 2558.4885 1460.176 2699.0376 1562.1952 2700.8132 0.36604968 
1255 1673 448 592 1427.4227 1884.2422 1541.2 1891.8782 1481.0999 2032.322 1418.6869 2127.8965 1520.0406 2134.1804 0.30070624 
1948 3374 533 588 2213.997 3534.8713 2373.067 3564.2761 2331.8108 3685.7224 2185.4478 3786.9915 2326.02 3810.3564 0.15101162 
1100 3509 399 548 1258.6084 3718.0671 1357.8662 3712.1575 1315.1641 3833.0225 1267.0165 3920.0417 1352.4103 3913.9766 0.07621372 
1588 3363 428 441 1727.187 3541.8818 1830.9996 3528.0164 1773.6106 3606.5645 1750.9852 3663.852 1837.8964 3654.8967 0.075483635 
1297 2740 365 498 1460.1927 2911.8042 1587.1285 2922.9385 1546.8285 3026.8645 1459.0709 3111.2014 1554.1907 3120.1995 0.06786336 
661 2492 609 455 954.652 2665.7656 1080.9404 2673.3398 1053.9963 2753.183 955.5014 2806.8826 1056.2607 2815.2998 0.0671197 
1311 3507 335 502 1409.97 3711.9763 1532.8323 3703.6453 1473.5515 3816.316 1430.5331 3891.8215 1535.1425 3884.2178 0.05308302 
1674 2645 500 583 1811.2926 2838.5862 1956.0647 2836.8972 1850.6653 2960.051 1827.1414 3080.646 1941.4365 3081.7744 0.048447598 
1267 2577 470 471 1445.8267 2787.7173 1545.847 2754.504 1515.5961 2869.8464 1490.5405 2933.692 1565.8844 2907.8784 0.04331933 
1435 3681 53 76 1448.2299 3711.9314 1465.8931 3711.2195 1454.5201 3729.1814 1452.5844 3741.4238 1464.7485 3740.215 0.039794438 
1406 1161 530 425 1632.7866 1296.2902 1724.0145 1328.7697 1655.3411 1368.6814 1595.4401 1403.6533 1678.5255 1431.6346 0.034534425 
1443 3494 414 521 1568.8812 3655.2683 1708.5631 3674.6062 1610.1702 3781.7456 1557.1747 3868.46 1666.3904 3886.2683 0.030549811 
735 2336 458 439 880.1623 2498.7568 995.26215 2521.3599 895.87134 2598.976 860.34393 2645.13 954.14923 2662.6145 0.029710472 
-38 1046 572 432 155.49031 1161.1375 256.22662 1209.265 132.74933 1258.9237 102.95669 1296.9875 196.44414 1338.7511 0.021561187 
