37_Soccer_soccer_ball_37_926
30
508 140 10 12 0.2710906 
939 237 10 13 0.19292244 
454 655 7 10 0.18916216 
73 243 425 435 0.16417594 
570 623 10 12 0.122518405 
439 671 8 10 0.0699648 
536 633 8 10 0.06991405 
552 169 499 508 0.06966435 
445 607 8 10 0.06889875 
484 646 9 11 0.0650985 
938 233 9 11 0.06500347 
505 289 8 10 0.052354176 
526 647 9 11 0.0519006 
504 654 11 13 0.05051329 
522 669 11 13 0.041409362 
559 656 10 13 0.037352078 
940 253 12 14 0.037317038 
439 640 8 10 0.03328592 
392 655 7 9 0.033257596 
576 646 9 12 0.030094527 
507 293 10 13 0.029038977 
453 658 10 12 0.026959607 
473 613 9 11 0.026696263 
528 653 9 12 0.02351363 
490 264 7 10 0.02324854 
495 308 9 12 0.022735946 
535 677 9 10 0.022513501 
532 655 9 12 0.022250084 
525 661 11 13 0.021654857 
483 651 11 13 0.020570345 
