37_Soccer_soccer_ball_37_281
129
968 327 7 8 0.09764069 
73 523 11 13 0.09581859 
951 313 7 9 0.09506584 
177 566 8 9 0.08857823 
392 173 201 243 0.085696004 
401 656 8 10 0.07739411 
361 640 7 10 0.077153936 
175 559 8 10 0.072882876 
951 317 7 9 0.071523525 
47 496 9 12 0.06821054 
25 472 8 10 0.061149523 
985 221 8 10 0.060421966 
182 567 7 10 0.060079016 
194 570 6 8 0.05900537 
386 655 9 11 0.05662672 
25 477 9 11 0.056382068 
224 584 7 8 0.055444516 
383 303 410 453 0.053988 
28 563 11 15 0.05390341 
194 573 8 10 0.05270663 
417 663 10 11 0.052619357 
216 569 7 9 0.051834237 
215 574 7 9 0.05079598 
366 640 8 11 0.049248 
421 654 10 11 0.04883265 
344 623 8 11 0.047338184 
199 568 8 9 0.043782435 
217 557 7 9 0.041613385 
375 663 9 11 0.039896622 
208 567 7 9 0.03929649 
390 647 9 11 0.03904142 
9 478 8 10 0.03823282 
374 646 9 11 0.037893888 
361 631 7 9 0.037838694 
516 257 537 428 0.037025213 
232 584 7 9 0.03686509 
198 574 7 10 0.03684009 
937 328 7 8 0.036172204 
953 305 7 8 0.036053885 
400 647 8 10 0.035940837 
272 648 8 11 0.034993332 
31 504 8 10 0.034640346 
1006 364 8 10 0.03446124 
138 550 9 10 0.034379657 
947 318 7 9 0.03425344 
167 551 7 10 0.034045637 
9 429 7 10 0.03360396 
149 80 435 430 0.03229547 
934 310 8 10 0.032153096 
1000 319 7 9 0.032142986 
969 321 7 9 0.032120105 
217 582 8 10 0.03204762 
241 575 7 8 0.03196307 
928 320 8 9 0.031908765 
928 335 7 9 0.03177616 
217 518 7 10 0.031280983 
983 318 7 9 0.031129943 
946 313 7 9 0.0306955 
994 204 9 12 0.030371308 
350 623 8 10 0.030311901 
492 672 17 17 0.030064495 
384 660 9 11 0.029888023 
960 304 7 9 0.029762682 
43 495 9 11 0.02959956 
372 670 11 11 0.029448088 
779 561 6 8 0.029049288 
989 215 9 11 0.028356872 
969 336 6 8 0.028161371 
989 221 8 10 0.027455064 
29 479 8 11 0.027157215 
176 325 7 10 0.02703401 
205 560 8 9 0.026414504 
416 648 10 11 0.026317202 
975 319 8 9 0.026210986 
984 336 7 9 0.026182234 
333 614 8 10 0.026143549 
233 589 7 10 0.025975771 
928 344 6 8 0.025761917 
927 351 7 10 0.025283616 
42 501 9 12 0.025169797 
94 325 10 15 0.024970531 
169 557 8 11 0.024884481 
352 628 7 10 0.02482113 
965 303 8 9 0.024800017 
375 639 8 11 0.024681568 
163 552 7 10 0.024531167 
193 551 7 9 0.024096437 
1 520 9 12 0.024088692 
247 604 8 10 0.023751033 
40 486 8 10 0.023670578 
905 336 7 9 0.023533313 
264 319 7 9 0.023448246 
414 670 11 11 0.023300614 
930 305 8 9 0.02323331 
239 568 8 9 0.023196023 
153 568 8 10 0.023136692 
896 335 6 9 0.02300999 
976 225 8 10 0.022778224 
134 510 7 9 0.022615574 
430 655 9 10 0.022413505 
703 96 442 463 0.022328166 
177 321 7 10 0.022309002 
606 535 7 9 0.022185935 
201 551 6 8 0.022146165 
371 676 12 13 0.022042254 
31 483 8 12 0.022035547 
984 343 7 8 0.02198145 
22 557 21 26 0.02195204 
177 572 9 10 0.021911906 
953 344 6 9 0.021861648 
208 343 7 9 0.021784315 
223 567 8 10 0.02166929 
158 568 8 10 0.021573443 
89 494 7 10 0.021532504 
29 471 8 10 0.021454465 
975 312 8 10 0.021351933 
271 318 7 10 0.021259516 
587 311 7 9 0.021257246 
5 520 8 11 0.020907512 
14 479 7 10 0.020864392 
200 581 8 9 0.020796515 
927 328 8 9 0.020727754 
952 351 7 8 0.020639736 
602 247 9 12 0.02050979 
1001 326 8 9 0.020460984 
1014 319 7 10 0.020419404 
943 327 7 9 0.020417707 
385 649 9 11 0.02015769 
375 655 8 10 0.020152206 
