37_Soccer_soccer_ball_37_506
32
458 237 29 35 0.99556255 
610 264 31 40 0.9934263 
690 254 34 41 0.98902553 
408 246 28 35 0.9787617 
534 354 15 19 0.2550571 
499 388 15 19 0.2013916 
584 43 11 14 0.116793826 
712 224 11 12 0.06456601 
567 441 12 18 0.058370735 
535 313 13 16 0.05341856 
428 366 14 16 0.04541418 
600 45 11 13 0.04113948 
441 245 28 31 0.037608266 
552 302 8 11 0.036552202 
585 52 9 11 0.036442846 
-59 120 436 502 0.032362588 
525 292 10 14 0.03098313 
393 221 13 15 0.030187735 
440 222 12 13 0.029190328 
0 467 38 79 0.028512819 
583 432 11 12 0.027669735 
373 367 8 12 0.024877205 
622 271 20 25 0.024598336 
553 307 9 13 0.023490435 
423 370 14 17 0.02319574 
524 287 10 13 0.02275691 
397 349 12 15 0.02224342 
380 294 11 15 0.022220068 
586 39 12 15 0.020319069 
540 51 426 498 0.020314476 
513 349 9 14 0.020120429 
405 349 13 16 0.020091774 
