37_Soccer_soccer_ball_37_479
20
479 37 82 79 0.97722113 
770 656 129 94 0.8073731 
778 255 65 104 0.6673022 
733 274 72 77 0.13386974 
657 44 120 147 0.08818184 
500 57 49 47 0.06112943 
444 33 60 74 0.057595078 
715 267 60 73 0.056241225 
628 94 173 187 0.053530525 
364 30 14 16 0.046549458 
51 35 176 206 0.04528374 
817 633 37 33 0.038649607 
307 202 214 248 0.032212216 
473 55 47 59 0.025675686 
325 559 130 127 0.024566311 
1012 732 10 15 0.02422486 
454 34 33 47 0.024163455 
190 685 115 88 0.021118106 
797 257 39 67 0.020589728 
206 382 129 182 0.020584479 
