37_Soccer_soccer_ball_37_238
22
758 289 25 31 0.99837554 
617 297 24 33 0.99635184 
414 248 24 30 0.99401915 
66 142 20 26 0.9850118 
778 320 28 31 0.1027873 
579 52 469 521 0.05412418 
6 322 520 565 0.047688056 
61 206 15 21 0.041068826 
754 460 25 34 0.04095859 
769 330 30 34 0.037927967 
783 331 29 28 0.036083184 
26 -29 397 514 0.032507643 
81 225 24 33 0.03230344 
731 341 13 16 0.029754244 
99 302 12 16 0.026561169 
801 354 18 22 0.025826627 
760 312 42 44 0.024966234 
784 344 31 30 0.023916421 
767 441 109 170 0.023638794 
725 338 12 14 0.021940721 
760 298 31 35 0.021766242 
749 340 14 16 0.020216161 
