37_Soccer_soccer_ball_37_113
41
519 149 125 173 0.9996675 
715 80 67 93 0.98482555 
428 102 38 47 0.9724426 
74 117 34 43 0.91813755 
205 26 51 62 0.8987912 
274 168 35 42 0.8381378 
430 163 40 47 0.8 
224 238 38 47 0.32842872 
142 250 43 50 0.2168412 
135 183 44 49 0.18727319 
83 110 48 58 0.13070758 
859 49 36 44 0.10808425 
354 820 347 453 0.098119214 
59 179 38 42 0.08533847 
989 133 34 47 0.08148791 
284 891 201 303 0.08096187 
98 198 27 35 0.07787548 
549 38 15 23 0.065420456 
923 266 58 60 0.052042376 
883 111 52 68 0.046664357 
734 107 60 90 0.044094503 
104 1053 481 522 0.04234834 
155 190 32 37 0.041065298 
538 167 329 465 0.04104114 
66 95 80 98 0.039334286 
280 155 32 40 0.03689786 
317 143 21 27 0.030877966 
475 525 290 301 0.029970309 
234 226 30 38 0.02739741 
903 86 47 65 0.026957124 
57 184 57 62 0.026562976 
183 296 18 23 0.02429291 
287 855 144 169 0.023989508 
155 42 44 55 0.023885418 
142 233 37 45 0.022196632 
270 367 56 57 0.021958882 
551 47 16 21 0.021880342 
39 162 92 100 0.021581002 
460 85 44 57 0.021348352 
680 97 35 42 0.020609127 
918 248 93 98 0.020228995 
