37_Soccer_soccer_ball_37_907
367
167 51 35 42 0.9991811 
258 71 34 45 0.99911994 
674 87 38 48 0.99793565 
422 110 39 46 0.995155 
14 295 33 45 0.9950984 
43 59 35 48 0.99382025 
190 273 35 48 0.9934382 
540 81 39 50 0.99286276 
911 171 42 52 0.99057806 
125 175 39 53 0.9846779 
335 112 33 37 0.9832427 
148 303 33 44 0.9691385 
24 183 38 53 0.9620164 
1001 79 23 39 0.9417153 
920 68 28 42 0.90825206 
994 438 16 19 0.7232804 
313 321 20 26 0.6890557 
360 425 20 21 0.6855745 
965 439 17 22 0.6429569 
724 2 28 29 0.595389 
303 427 17 18 0.59496254 
334 431 21 25 0.51343536 
409 404 18 23 0.4915218 
356 295 18 20 0.46313944 
501 57 34 47 0.44793648 
622 799 39 34 0.39269415 
625 546 20 23 0.36875167 
900 284 25 32 0.29728618 
228 529 522 531 0.29500368 
427 807 21 23 0.27331218 
397 803 20 21 0.27249953 
389 435 22 26 0.27163538 
911 80 30 41 0.26699072 
939 442 17 20 0.2564163 
651 86 22 30 0.25190005 
685 544 22 27 0.2509141 
399 320 22 28 0.23429433 
317 400 19 20 0.21879008 
1003 362 17 23 0.20643638 
630 439 16 21 0.20639187 
990 6 12 15 0.1952343 
571 440 18 21 0.1929821 
716 545 23 27 0.19267242 
827 425 17 18 0.17507248 
985 517 14 17 0.17463478 
326 293 17 21 0.17445628 
1 89 24 35 0.1683912 
469 294 22 28 0.166333 
552 294 18 21 0.16138604 
963 429 14 17 0.1555076 
543 444 18 21 0.15072064 
352 232 17 21 0.14922538 
678 317 13 16 0.14873563 
723 823 29 32 0.13812111 
909 428 18 19 0.13586794 
683 284 16 19 0.13480799 
361 804 25 28 0.13449562 
853 425 19 20 0.13304472 
315 287 21 29 0.1320564 
924 66 18 25 0.13169377 
275 424 18 20 0.13103895 
459 808 20 23 0.12732753 
302 289 18 22 0.1262882 
889 0 19 15 0.12324693 
354 476 14 18 0.12111151 
505 257 22 26 0.117599346 
279 307 22 27 0.11516718 
298 351 19 23 0.11122018 
850 329 17 22 0.10578056 
839 279 13 15 0.10449673 
339 256 19 22 0.1038096 
413 833 18 22 0.10306571 
424 173 449 542 0.100204565 
421 436 19 23 0.09969718 
752 546 19 21 0.09890134 
571 325 18 20 0.09780905 
328 429 15 19 0.095865674 
1013 295 11 19 0.09255413 
316 260 13 17 0.09179112 
131 203 31 42 0.09148864 
156 1 30 27 0.09067374 
605 795 33 39 0.08911593 
779 544 25 28 0.08841104 
546 328 17 21 0.08511618 
497 298 18 23 0.08257719 
653 546 22 27 0.078804426 
972 108 23 29 0.07798422 
1002 543 16 21 0.077381395 
840 278 21 27 0.07646521 
349 -2 19 15 0.07503536 
776 324 31 42 0.074052095 
301 282 14 17 0.073854625 
1013 756 11 15 0.07369217 
379 471 18 20 0.07067431 
606 258 21 29 0.06827023 
780 400 14 18 0.06740163 
970 37 18 24 0.06713358 
577 511 20 21 0.06695282 
430 577 15 18 0.06645997 
285 521 21 24 0.06633836 
972 543 22 27 0.066288985 
393 366 18 21 0.06532311 
863 -1 25 23 0.06471009 
916 440 15 19 0.064562224 
589 816 17 19 0.06430729 
965 750 15 21 0.06240303 
349 823 21 27 0.061363276 
389 296 16 21 0.060623713 
557 255 21 25 0.060448207 
870 327 22 28 0.06012579 
21 500 39 52 0.05989463 
845 293 22 27 0.059782844 
449 333 21 30 0.05938853 
756 508 23 26 0.05907695 
1010 252 13 20 0.059014108 
843 338 21 29 0.058055747 
823 290 23 28 0.05726387 
432 512 19 19 0.056281585 
989 294 15 20 0.05408423 
302 554 16 20 0.053859193 
990 429 15 18 0.05375005 
968 408 22 28 0.053554013 
361 434 22 26 0.053471994 
293 456 15 19 0.053150028 
930 295 22 28 0.05229174 
391 802 15 21 0.05182029 
980 374 14 16 0.05038504 
260 0 27 21 0.049265824 
945 548 24 30 0.04909033 
285 450 15 20 0.048713923 
511 324 21 29 0.04765173 
383 538 18 21 0.04758072 
333 496 18 21 0.04728306 
271 418 17 21 0.047067728 
457 501 28 40 0.04704718 
432 249 35 46 0.046672992 
831 283 23 28 0.04582485 
324 233 14 16 0.045823373 
459 655 27 29 0.044630665 
5 299 27 41 0.04455024 
849 433 26 29 0.04434373 
1008 329 15 20 0.044168502 
307 622 18 22 0.043629866 
84 8 46 53 0.04330659 
431 61 24 28 0.043038275 
533 254 19 27 0.042904865 
324 285 17 21 0.04289442 
805 539 27 32 0.0423317 
674 311 23 26 0.04213217 
533 368 16 22 0.041958366 
671 617 18 21 0.04158143 
280 434 17 19 0.04143432 
523 295 17 20 0.041294258 
639 512 18 18 0.04086314 
332 357 17 21 0.04076304 
541 335 16 22 0.04073726 
998 525 23 33 0.040354356 
980 433 22 26 0.040325407 
798 425 16 19 0.040305644 
276 158 27 39 0.040193014 
442 247 45 57 0.04001172 
726 649 15 19 0.039914675 
325 657 17 20 0.039816346 
475 285 28 37 0.039790925 
962 424 24 28 0.038213763 
568 517 27 31 0.03786252 
349 536 17 20 0.037838954 
996 421 20 26 0.03778984 
892 522 25 30 0.037219875 
0 1 22 24 0.037131634 
1000 146 23 37 0.036874574 
331 857 18 23 0.036647793 
169 0 30 27 0.036624804 
922 443 13 18 0.036500134 
493 810 23 26 0.03638539 
1004 417 14 17 0.036088705 
365 258 17 23 0.036025677 
347 467 17 21 0.03570259 
726 516 26 30 0.03500409 
903 95 29 36 0.03469019 
374 825 15 19 0.034551166 
586 293 15 22 0.034381237 
265 232 16 21 0.034276668 
859 542 27 31 0.034270834 
317 234 14 17 0.033991 
592 798 30 34 0.033606652 
980 330 16 20 0.033586424 
350 251 23 29 0.033575207 
396 411 26 28 0.033462252 
850 278 17 21 0.033207666 
443 477 18 20 0.03312287 
972 504 25 31 0.03306494 
898 367 16 20 0.032806877 
657 441 17 20 0.032390572 
932 66 24 37 0.032365017 
1007 762 10 14 0.03229002 
670 261 10 13 0.031718194 
365 567 15 19 0.03154449 
651 418 23 26 0.031450726 
730 607 102 159 0.031054074 
632 779 40 42 0.030943837 
588 252 23 30 0.030725716 
375 235 12 17 0.03067427 
330 3 20 21 0.030533895 
959 2 14 16 0.030457174 
323 526 18 21 0.030419923 
389 832 16 20 0.030394537 
561 817 19 20 0.030048998 
776 42 31 35 0.030039687 
429 287 41 52 0.029966824 
123 479 31 39 0.02994167 
60 333 26 32 0.029583156 
362 299 17 21 0.02947568 
316 817 18 23 0.02945696 
101 491 43 49 0.029252607 
364 857 15 18 0.02908236 
462 66 13 17 0.029044045 
647 480 17 20 0.028957356 
490 258 26 36 0.028917996 
818 837 17 19 0.028913345 
324 352 405 508 0.028854748 
925 331 15 20 0.028802134 
450 271 44 54 0.028781967 
520 254 21 28 0.028664138 
657 691 34 47 0.028660541 
954 32 23 27 0.028640332 
403 396 19 25 0.02849726 
363 445 17 20 0.028376568 
887 290 27 33 0.028205294 
310 236 14 17 0.028141148 
57 440 17 21 0.02805672 
176 194 40 50 0.028011577 
278 350 15 21 0.027798956 
959 515 16 19 0.027743151 
740 573 17 22 0.027599413 
477 268 28 35 0.027301868 
879 427 13 18 0.02718123 
683 796 18 20 0.027125508 
903 433 22 26 0.027028002 
159 306 21 27 0.026921105 
683 440 20 23 0.026897842 
110 300 34 45 0.026890928 
785 838 17 21 0.026792038 
604 438 16 21 0.026765507 
462 254 46 57 0.026733404 
201 445 25 32 0.02633912 
853 651 13 16 0.026220167 
990 49 16 21 0.02608936 
350 117 21 26 0.026035696 
546 254 21 27 0.025898058 
921 371 15 19 0.025889019 
87 1 33 33 0.025821555 
438 318 26 36 0.02579721 
482 266 16 20 0.025774624 
562 535 28 35 0.025768362 
938 427 17 19 0.025644137 
760 461 23 31 0.025618885 
283 321 18 21 0.025495822 
161 299 18 21 0.025448792 
973 404 15 17 0.02534866 
789 446 15 19 0.025094934 
332 800 22 25 0.025051372 
691 519 27 29 0.025040522 
948 32 19 22 0.025022823 
277 487 14 18 0.02481684 
846 505 17 20 0.024755789 
831 297 25 30 0.024735421 
410 267 29 40 0.024585808 
309 753 17 20 0.024583604 
677 288 24 32 0.024561044 
939 415 23 27 0.024528751 
157 155 44 56 0.024347287 
868 33 24 31 0.024303893 
22 130 26 34 0.02423847 
985 543 25 30 0.024193605 
855 299 18 20 0.0241634 
990 560 24 34 0.024068467 
2 431 28 39 0.024067828 
864 155 37 50 0.024021225 
738 559 23 28 0.023997223 
295 425 15 20 0.023887908 
663 84 29 39 0.023873923 
344 424 20 26 0.023821717 
992 290 21 29 0.02381337 
731 831 28 34 0.023780249 
815 319 22 29 0.023693785 
302 229 10 12 0.02363656 
567 423 22 26 0.023506956 
886 137 15 21 0.023480931 
373 698 15 17 0.023397075 
941 63 26 35 0.023387564 
592 604 108 137 0.023382796 
28 9 30 36 0.023368826 
924 0 19 19 0.023354294 
457 329 19 25 0.02328174 
773 424 16 19 0.0232792 
346 760 20 22 0.023220059 
307 237 21 28 0.023138842 
885 295 17 22 0.023092965 
408 327 16 22 0.023011135 
96 482 30 35 0.02300402 
478 652 34 40 0.022975957 
538 287 25 29 0.022902107 
1007 515 15 18 0.022840153 
287 294 23 27 0.022839397 
997 48 24 32 0.022814615 
363 507 16 21 0.022747928 
498 53 26 35 0.022743149 
666 299 14 18 0.022724608 
785 -1 30 33 0.022714319 
525 814 24 25 0.022681441 
312 302 26 29 0.02264919 
566 434 17 23 0.022631241 
296 0 22 20 0.022530349 
363 -1 19 18 0.02239049 
28 379 21 27 0.022378856 
539 437 17 20 0.022275237 
991 246 27 29 0.022249391 
958 336 14 18 0.022154901 
945 435 16 21 0.022121442 
380 436 21 27 0.0220157 
848 425 14 18 0.021970896 
301 611 30 35 0.021966282 
955 417 23 30 0.021916773 
793 621 24 29 0.021860415 
185 0 19 15 0.021838067 
419 260 30 37 0.021811336 
615 393 453 499 0.021802466 
444 59 23 30 0.021720976 
616 263 15 19 0.02170735 
763 818 19 20 0.021624127 
341 326 22 27 0.021510174 
666 511 20 20 0.021482699 
435 409 17 20 0.021449648 
315 426 13 18 0.021331558 
412 272 42 54 0.02132828 
557 479 17 20 0.021302056 
643 583 19 22 0.021285817 
228 68 23 31 0.021261377 
334 286 23 29 0.021198425 
264 93 30 40 0.021081308 
392 295 25 33 0.021029502 
178 177 34 42 0.021010006 
795 0 14 12 0.02098051 
366 329 14 19 0.020975396 
113 160 42 57 0.020936435 
980 285 23 31 0.020925395 
663 287 24 30 0.020915234 
737 610 18 23 0.020911701 
293 245 14 21 0.020828623 
913 900 17 19 0.020807842 
897 538 17 21 0.020786615 
874 136 23 32 0.02060807 
1002 510 22 33 0.020540899 
688 288 16 20 0.020389726 
597 793 17 18 0.020374846 
363 41 25 32 0.020341234 
75 24 45 55 0.020245392 
811 276 13 14 0.020237755 
627 870 25 33 0.02019838 
981 796 14 15 0.020190965 
426 172 45 49 0.020153426 
10 -2 28 25 0.02014564 
797 819 18 20 0.020085426 
935 435 15 19 0.020051226 
958 284 13 16 0.02002621 
409 469 19 22 0.020017693 
