37_Soccer_soccer_ball_37_583
607
795 252 45 56 0.99630725 
668 257 43 53 0.9943552 
285 287 45 56 0.9926373 
405 79 42 56 0.9919526 
796 98 40 54 0.9908375 
669 89 38 51 0.9907995 
272 97 38 50 0.9907761 
563 102 40 53 0.9844706 
417 266 41 52 0.98307264 
185 74 41 53 0.9780984 
527 274 42 52 0.9773399 
137 45 10 11 0.2774933 
117 100 16 19 0.25943252 
98 47 8 10 0.22076681 
6 3 10 13 0.19260365 
129 7 8 9 0.19160016 
463 23 8 10 0.18651159 
856 87 8 10 0.17222823 
78 63 8 10 0.16713583 
121 78 8 10 0.16276726 
145 6 9 10 0.15484186 
432 23 7 10 0.15204525 
31 111 9 12 0.1426056 
65 76 8 11 0.1392309 
901 8 9 10 0.13753203 
119 96 10 13 0.13350642 
85 8 8 9 0.13089482 
65 71 7 10 0.124550655 
1008 85 8 10 0.12256484 
128 63 9 11 0.121849544 
121 47 9 10 0.12175733 
64 8 8 11 0.11953182 
646 55 6 8 0.115016945 
52 86 8 10 0.11323213 
716 103 14 17 0.11313364 
398 2 8 8 0.10871218 
351 79 8 10 0.1083896 
334 427 14 15 0.10810901 
1 38 8 12 0.10646138 
366 71 7 8 0.10643882 
377 56 8 10 0.10331381 
48 88 9 11 0.10173892 
536 65 7 9 0.10134855 
535 2 8 8 0.10108771 
176 2 8 9 0.100149006 
494 15 7 9 0.09904805 
13 104 7 11 0.09888259 
310 41 6 8 0.09853489 
382 14 8 10 0.0966209 
656 40 6 8 0.09531706 
46 92 9 11 0.09430069 
82 7 7 9 0.09382576 
126 55 7 8 0.093648225 
367 24 7 9 0.091346115 
1001 70 7 9 0.08969473 
906 96 7 10 0.0886649 
681 53 8 11 0.088141054 
97 31 8 10 0.08770872 
279 14 7 9 0.08659567 
608 117 11 14 0.08596907 
576 14 7 9 0.08321078 
354 55 7 9 0.083149165 
327 71 7 9 0.082313254 
519 16 7 8 0.08139979 
671 16 6 8 0.08085295 
181 2 9 8 0.080805995 
440 23 8 10 0.08073844 
855 92 8 10 0.07914201 
505 32 7 8 0.07848728 
258 14 8 10 0.0783471 
544 85 9 11 0.07757027 
528 64 8 10 0.07729275 
330 39 7 9 0.076424375 
128 86 9 10 0.07600131 
311 69 7 9 0.07514941 
840 69 9 9 0.07457851 
143 2 8 9 0.07414232 
57 65 8 10 0.07321583 
681 48 7 9 0.07314005 
1005 61 8 11 0.07298603 
447 21 7 10 0.07289389 
160 37 7 9 0.070958495 
696 30 7 8 0.07061478 
352 39 7 9 0.070252694 
74 63 8 9 0.06978671 
537 29 7 10 0.06928549 
432 27 8 11 0.06723442 
345 32 6 8 0.06711383 
109 23 7 9 0.06705649 
328 31 6 8 0.06685037 
522 47 8 11 0.06629726 
353 9 7 10 0.06620131 
639 93 10 13 0.066199094 
664 39 7 9 0.066133335 
38 78 8 9 0.065896004 
121 0 8 9 0.06554284 
141 96 8 11 0.06538621 
494 71 8 12 0.06534172 
366 0 7 8 0.06504015 
111 55 7 8 0.06497116 
518 85 9 11 0.0647862 
54 81 7 9 0.064739056 
62 64 7 9 0.064679705 
742 95 10 12 0.063780904 
302 16 6 8 0.06374507 
600 57 7 9 0.063552745 
165 54 8 10 0.063106045 
136 95 9 11 0.06299222 
289 48 9 10 0.06153525 
69 78 8 10 0.061482836 
413 28 9 11 0.061169673 
957 98 8 9 0.06115905 
294 53 8 11 0.061136685 
141 40 8 11 0.06056195 
968 86 7 9 0.060261 
135 22 7 9 0.059978485 
1014 79 8 11 0.059711818 
368 78 7 10 0.058905657 
394 0 8 9 0.05887618 
489 23 7 8 0.058454633 
258 8 7 9 0.057637177 
289 15 7 9 0.057494905 
363 24 7 8 0.057489194 
5 39 8 11 0.05745714 
361 1 7 7 0.057414122 
575 10 7 9 0.05726429 
537 114 14 18 0.057175774 
679 6 8 8 0.056240246 
712 64 10 12 0.055553183 
110 15 8 10 0.055521037 
1001 64 8 10 0.05547218 
98 39 8 10 0.055031795 
128 13 8 11 0.054659072 
335 9 6 7 0.05413636 
981 95 8 10 0.054107454 
357 86 8 10 0.053819634 
155 21 6 9 0.05348636 
559 8 6 8 0.05341678 
102 38 7 10 0.053362485 
125 1 9 9 0.053116955 
512 87 9 12 0.05283026 
992 48 6 9 0.052825473 
52 109 12 14 0.052591506 
504 86 8 11 0.052481323 
592 9 6 8 0.052372113 
513 17 7 9 0.052075118 
113 6 7 9 0.052050587 
543 16 7 8 0.05199471 
310 46 7 8 0.051817488 
134 86 8 10 0.05155074 
398 5 9 10 0.051512424 
270 0 7 8 0.051379245 
329 45 8 10 0.051304445 
666 33 7 9 0.05111453 
152 16 8 9 0.05082775 
738 69 8 10 0.05067384 
17 33 7 9 0.050206233 
77 115 10 12 0.050042003 
495 39 6 9 0.050010655 
490 15 7 9 0.049953543 
70 71 8 11 0.049901024 
873 96 8 9 0.04962791 
929 95 7 9 0.049394898 
125 79 9 10 0.049205154 
568 54 6 9 0.04910647 
1 60 9 11 0.049083028 
39 45 7 9 0.049027685 
904 62 8 10 0.04898715 
87 63 7 9 0.048942707 
26 76 8 11 0.048941854 
447 17 7 9 0.048913427 
8 78 8 9 0.04773291 
32 64 7 9 0.047696132 
336 14 7 9 0.04759582 
458 23 7 10 0.047573417 
105 15 8 10 0.047522906 
537 25 8 9 0.047025084 
56 8 8 10 0.046936657 
69 94 8 10 0.046692282 
47 71 7 9 0.046660736 
110 106 14 17 0.04659576 
86 88 9 10 0.04639852 
74 25 7 8 0.046297207 
136 116 13 18 0.04588229 
71 87 7 9 0.045868278 
167 49 8 10 0.04578273 
505 93 9 10 0.04563761 
85 14 8 11 0.045613572 
321 63 7 10 0.04542668 
959 71 9 11 0.04541985 
161 48 9 10 0.04531788 
16 38 9 10 0.044734944 
88 119 8 11 0.044686317 
519 32 7 8 0.044629768 
441 16 7 10 0.04420721 
121 86 8 11 0.044082824 
34 38 8 10 0.044020277 
495 584 11 15 0.043730736 
488 300 27 34 0.043692254 
630 54 6 9 0.043664433 
7 119 9 11 0.043020133 
47 16 8 10 0.042904794 
495 9 7 9 0.042763114 
382 9 8 10 0.042727638 
536 6 7 9 0.042648096 
318 16 7 9 0.04264804 
358 56 7 9 0.04264142 
553 70 8 10 0.04253824 
360 62 7 8 0.04235549 
657 1 6 8 0.04223304 
687 31 7 9 0.042064924 
474 6 9 11 0.041760486 
82 46 7 9 0.04171534 
650 33 6 8 0.041706517 
40 72 8 10 0.041436054 
953 97 7 9 0.04135667 
111 38 9 10 0.041207697 
1007 104 9 11 0.04112947 
632 9 7 8 0.04087365 
103 52 8 9 0.04055493 
849 95 7 9 0.040473297 
648 141 10 12 0.040440496 
32 31 9 10 0.040364873 
63 40 8 9 0.04032556 
352 47 7 8 0.040172037 
312 65 8 9 0.040150143 
86 93 10 12 0.040081188 
88 55 7 9 0.040041734 
393 24 6 9 0.039573744 
47 22 9 10 0.039489787 
153 86 9 11 0.03947911 
975 87 8 9 0.039477386 
982 114 9 10 0.03947098 
38 40 7 9 0.03925075 
343 56 7 9 0.039130718 
111 87 10 12 0.03911382 
351 73 7 8 0.039035883 
325 64 7 10 0.03903493 
125 94 21 25 0.0390344 
664 46 7 9 0.03899288 
89 69 7 10 0.038956072 
410 45 8 10 0.03894248 
479 544 22 29 0.03888199 
543 23 7 10 0.03883938 
158 0 8 7 0.03878246 
261 30 8 11 0.038540952 
1005 56 8 10 0.038489766 
170 2 7 7 0.038252212 
134 98 12 15 0.03820495 
431 16 8 9 0.03786233 
553 1 7 7 0.037838276 
464 38 8 10 0.03777793 
95 64 7 9 0.037708398 
157 16 8 10 0.037646685 
330 77 7 9 0.037554298 
97 51 8 10 0.03712311 
234 446 18 24 0.037085015 
896 31 8 9 0.037075102 
103 93 9 11 0.037062243 
520 9 7 8 0.036980014 
945 97 7 10 0.03694446 
782 263 14 20 0.036853187 
372 109 16 20 0.036712676 
72 57 7 8 0.03666709 
31 21 10 12 0.036632445 
125 94 11 13 0.036531445 
10 108 9 11 0.036490615 
81 40 6 8 0.036071032 
377 15 7 10 0.03605473 
702 52 7 9 0.035990037 
329 8 7 8 0.035988268 
63 54 8 10 0.035834935 
472 94 9 11 0.0356707 
149 7 8 9 0.03558105 
33 102 9 12 0.035503358 
337 56 7 8 0.035437845 
567 22 6 8 0.035288367 
30 16 9 10 0.035148308 
1001 111 8 10 0.034838647 
472 1 9 9 0.034758024 
128 31 7 10 0.0346946 
495 76 9 12 0.03463655 
534 94 9 11 0.034580313 
177 40 9 12 0.034532223 
864 48 7 9 0.034381054 
73 30 8 10 0.03424102 
178 366 23 34 0.03423071 
137 50 9 11 0.034110103 
863 144 9 12 0.034035243 
102 32 7 10 0.033925362 
698 48 7 9 0.033882413 
40 87 8 11 0.03376674 
145 13 8 11 0.03374231 
88 122 11 14 0.033734787 
95 94 8 11 0.033732854 
386 22 6 9 0.033639107 
134 78 9 12 0.033596247 
521 64 7 9 0.03344174 
410 40 7 10 0.03342283 
409 29 8 11 0.033283662 
718 55 7 9 0.033150993 
561 15 7 8 0.033150136 
440 614 26 26 0.033147726 
333 46 7 9 0.032715555 
24 71 10 12 0.032668494 
679 3 7 7 0.032577403 
41 94 8 11 0.032553382 
47 47 6 8 0.032535143 
670 39 6 9 0.032496408 
511 92 8 10 0.032468095 
586 46 7 9 0.032327987 
446 7 7 9 0.032219272 
48 7 8 10 0.032208648 
272 39 8 9 0.032157812 
929 32 6 9 0.03212966 
511 0 9 8 0.03211618 
607 55 7 8 0.032055076 
359 15 7 9 0.031854298 
784 56 7 9 0.031808447 
703 48 7 10 0.03169218 
49 79 8 9 0.031689625 
56 13 7 10 0.03147645 
961 78 8 9 0.03145106 
131 67 11 14 0.03139916 
79 67 9 10 0.03131527 
394 6 8 10 0.031314682 
111 61 8 10 0.03129206 
346 79 8 10 0.031255577 
2 71 8 11 0.031248119 
314 15 7 10 0.031221056 
880 40 7 9 0.03111089 
296 15 8 9 0.031068858 
93 119 11 13 0.031046433 
134 6 7 9 0.03082096 
95 24 7 9 0.030814487 
918 79 7 10 0.030787004 
934 96 7 9 0.030620694 
458 31 6 9 0.030443236 
134 108 11 14 0.03043029 
537 86 9 10 0.030407941 
279 9 7 9 0.03026404 
886 101 8 11 0.030255176 
256 30 10 12 0.03024439 
673 22 7 9 0.030125238 
552 46 7 9 0.030123064 
495 47 7 9 0.030104762 
591 47 6 8 0.030104257 
584 15 6 8 0.029882396 
358 7 8 10 0.029844789 
992 88 7 9 0.029784624 
288 32 7 10 0.029752387 
81 87 8 10 0.029742358 
296 9 7 9 0.029699119 
666 14 7 10 0.02969537 
545 40 7 9 0.029689103 
271 74 15 17 0.029679036 
16 63 8 9 0.029663155 
80 23 8 9 0.029447265 
868 438 14 18 0.029397758 
624 15 7 9 0.029353837 
716 67 9 13 0.029320477 
1002 55 8 9 0.029240802 
321 56 6 9 0.029089909 
527 41 7 8 0.02899616 
965 71 8 10 0.028992675 
861 84 8 11 0.028851112 
936 39 7 9 0.02881873 
943 79 6 9 0.028793665 
0 86 8 12 0.028791063 
991 64 7 10 0.0287581 
407 16 7 8 0.028667608 
655 7 8 9 0.028652353 
327 25 7 8 0.028644295 
56 31 7 8 0.028537938 
903 32 7 9 0.028530655 
390 95 9 13 0.028520871 
721 101 13 16 0.028496055 
177 60 9 12 0.028446177 
335 108 13 15 0.028118435 
111 30 8 10 0.028054459 
984 47 7 9 0.027990522 
69 14 8 10 0.027979199 
849 88 7 9 0.027897174 
362 69 8 10 0.027864503 
480 38 8 9 0.027859258 
191 30 9 11 0.02781728 
103 115 11 15 0.027811013 
975 56 7 8 0.02769284 
966 79 7 9 0.027629944 
881 71 7 9 0.027552417 
767 56 7 9 0.027515767 
470 24 7 9 0.027506083 
142 79 9 11 0.0274595 
308 453 11 15 0.027455432 
663 1 7 7 0.027451588 
258 99 22 33 0.027409902 
593 56 7 9 0.02740478 
976 63 7 9 0.02734006 
390 101 12 16 0.027328968 
913 86 8 10 0.027294155 
425 23 8 10 0.02725875 
559 1 6 7 0.027221104 
857 81 8 10 0.027188756 
903 39 7 8 0.027126765 
113 76 10 12 0.02712357 
817 46 8 10 0.027099246 
896 15 9 9 0.027063508 
70 8 7 9 0.02700246 
374 23 7 9 0.026907647 
326 55 7 9 0.026885033 
548 86 10 12 0.026872274 
499 277 28 35 0.026846495 
158 6 8 9 0.0268272 
665 8 7 9 0.026777878 
87 22 7 10 0.026737275 
640 16 7 9 0.026727585 
8 23 8 10 0.026511455 
976 47 7 9 0.026498571 
982 118 9 11 0.026498433 
511 31 7 9 0.0264489 
944 49 6 8 0.026431344 
0 32 7 11 0.026389385 
639 64 8 10 0.026323313 
912 32 7 9 0.02628643 
510 273 15 19 0.02620498 
306 45 8 9 0.026170975 
495 64 7 9 0.02608387 
969 56 7 9 0.02607063 
32 77 8 10 0.026019784 
705 38 7 9 0.026017936 
440 7 9 10 0.025965443 
6 61 8 10 0.02590613 
585 10 7 9 0.025875838 
545 47 7 8 0.025856374 
887 46 7 9 0.025693316 
909 7 7 9 0.025665887 
335 79 7 8 0.025632601 
698 15 7 10 0.025587276 
6 73 8 10 0.025513874 
574 72 9 11 0.02548088 
143 86 8 11 0.025473516 
262 24 7 9 0.02539345 
862 80 8 10 0.025217352 
607 91 10 13 0.025211183 
837 451 25 28 0.02507583 
454 114 16 18 0.025024967 
342 61 7 9 0.024979165 
78 30 7 10 0.024910795 
2 77 8 12 0.024847506 
711 46 6 9 0.024827883 
542 63 7 10 0.0247997 
257 21 8 10 0.024797006 
553 7 7 9 0.024754351 
205 5 10 11 0.024713682 
992 94 7 9 0.02470009 
546 56 6 9 0.024667235 
64 32 6 8 0.02456187 
504 16 7 8 0.024452649 
389 79 8 10 0.02445188 
480 55 9 12 0.024451349 
160 32 7 9 0.024396857 
394 64 7 9 0.024342941 
939 79 7 8 0.02427246 
904 25 7 8 0.02426677 
128 22 8 9 0.024229031 
2 0 10 12 0.024163013 
440 2 8 8 0.024117956 
269 61 11 13 0.0240216 
15 87 8 10 0.023964679 
519 22 7 9 0.023859516 
166 78 9 12 0.023852075 
604 111 21 27 0.023848567 
840 86 8 9 0.023805926 
287 63 9 11 0.023740333 
339 470 12 13 0.023579564 
709 40 7 9 0.023558725 
737 65 8 9 0.023540879 
48 103 10 12 0.023538247 
652 285 11 15 0.023514489 
849 102 8 9 0.023486715 
94 69 8 11 0.023477893 
920 33 6 8 0.023445053 
407 6 8 9 0.02338067 
455 16 8 10 0.02335126 
625 49 7 10 0.023345888 
943 31 6 8 0.02331603 
104 62 9 10 0.023297483 
1001 79 8 10 0.023288323 
26 15 9 11 0.023278931 
79 56 8 9 0.02325701 
448 172 15 17 0.023209548 
438 28 8 9 0.023204673 
136 2 9 9 0.023201706 
912 16 7 8 0.023164932 
170 6 8 9 0.023163076 
505 37 7 9 0.02314597 
289 22 8 9 0.02310678 
929 88 7 9 0.023081305 
1001 103 8 10 0.023067117 
872 64 6 9 0.02306117 
111 48 8 9 0.022981899 
862 40 8 9 0.022933634 
895 24 8 10 0.0229035 
347 38 6 9 0.022877397 
616 65 7 8 0.022846038 
705 65 10 10 0.022812568 
593 0 7 8 0.02279043 
494 22 7 9 0.022774475 
322 31 7 8 0.022760335 
479 14 7 9 0.022708146 
30 70 8 11 0.022706876 
471 46 7 9 0.022611883 
137 107 21 28 0.022556398 
1004 69 9 10 0.02246607 
937 47 6 8 0.02237001 
353 1 8 8 0.02230423 
592 14 7 8 0.022272404 
558 64 8 9 0.022263438 
504 0 8 8 0.022240661 
985 70 8 10 0.022201944 
615 16 6 8 0.022121904 
574 292 12 16 0.022119353 
650 38 7 9 0.02211705 
680 40 8 9 0.022093493 
385 71 8 10 0.022085013 
58 54 8 9 0.022068642 
35 44 8 11 0.02204174 
954 72 7 10 0.022016943 
951 120 8 10 0.021981176 
601 0 7 7 0.02196618 
716 92 13 15 0.021942737 
140 0 21 25 0.021937571 
303 21 7 9 0.021926478 
366 29 9 9 0.02189512 
999 32 7 8 0.021863393 
501 79 9 12 0.021817466 
909 95 8 9 0.021817425 
502 55 8 9 0.021781944 
959 47 7 8 0.021749161 
705 69 12 15 0.02173371 
6 123 10 13 0.02170895 
314 8 7 8 0.021700162 
320 23 7 9 0.021678094 
33 86 7 10 0.021647153 
990 69 8 10 0.02164451 
737 7 8 10 0.02159208 
673 1 7 8 0.021591486 
111 92 11 14 0.021580622 
678 16 8 9 0.021576667 
747 100 10 14 0.021554638 
679 22 9 10 0.021520207 
344 85 8 11 0.021466725 
632 49 7 9 0.021466725 
361 29 8 10 0.021446636 
863 53 7 9 0.02143385 
600 41 7 9 0.021307653 
490 8 7 10 0.021304138 
641 22 7 9 0.021295264 
506 24 7 9 0.021274531 
293 71 8 10 0.021195127 
159 79 10 13 0.021187996 
449 39 8 9 0.02113245 
314 297 30 45 0.021130595 
893 86 7 9 0.021086436 
734 90 21 26 0.021073246 
156 90 12 16 0.02104956 
817 15 8 9 0.021045344 
954 100 8 11 0.021044943 
332 428 21 24 0.02101695 
230 4 9 12 0.020963416 
112 71 9 12 0.020961354 
550 24 7 9 0.020959817 
49 31 7 9 0.020951018 
984 64 8 10 0.020916194 
262 6 8 10 0.020910403 
119 40 8 10 0.020865202 
868 119 11 12 0.020861082 
311 86 9 12 0.020846283 
13 119 9 11 0.020832127 
345 72 7 9 0.02080072 
522 39 7 9 0.020771421 
377 47 7 9 0.020730356 
451 571 14 17 0.020698689 
63 47 8 10 0.020651612 
431 8 8 9 0.020615457 
356 116 12 14 0.020591658 
498 83 9 12 0.020431722 
983 88 7 10 0.020389916 
366 64 7 9 0.02038784 
257 53 8 11 0.020361573 
921 95 6 9 0.020329153 
200 2 10 10 0.02027299 
706 0 7 8 0.02025223 
346 47 7 9 0.020242486 
147 115 13 16 0.02023109 
275 80 17 18 0.020189984 
142 110 13 17 0.020184396 
241 17 7 9 0.020174444 
748 95 8 11 0.020162346 
289 10 7 9 0.020137545 
975 80 7 9 0.020114008 
710 0 8 8 0.020081056 
57 39 7 9 0.020050444 
322 68 8 10 0.020046707 
639 47 7 9 0.020019857 
585 56 8 10 0.020012582 
978 113 8 9 0.02001187 
