37_Soccer_soccer_ball_37_818
21
52 56 126 183 0.9988795 
641 3 82 108 0.99735093 
560 97 62 84 0.9960311 
477 60 64 87 0.5383716 
793 155 97 127 0.53641635 
41 384 266 294 0.18714185 
257 8 399 489 0.104888566 
130 157 332 420 0.04419972 
381 589 35 56 0.042253178 
526 80 70 97 0.041891444 
512 239 336 458 0.041807793 
209 335 339 435 0.031499222 
213 405 98 126 0.03143117 
820 466 105 117 0.02874266 
340 36 227 302 0.02766431 
738 74 176 222 0.027011707 
406 137 57 67 0.02428495 
755 489 63 81 0.021261334 
722 16 51 69 0.020329619 
616 4 60 85 0.02023344 
500 86 55 75 0.020157028 
