37_Soccer_soccer_ball_37_841
22
419 347 93 127 0.9997713 
694 663 104 112 0.99937963 
520 568 115 133 0.09454946 
68 618 141 205 0.084372915 
12 539 316 452 0.07470398 
750 1317 14 18 0.061005328 
-44 -27 409 455 0.060382035 
542 609 82 74 0.05973154 
210 -4 50 43 0.049514916 
167 66 34 41 0.04924673 
763 831 108 110 0.048901714 
8 173 407 473 0.0412562 
234 337 398 393 0.03193486 
487 1233 31 32 0.03160745 
50 227 228 291 0.028304677 
139 387 109 114 0.027729431 
526 760 65 81 0.023968115 
341 476 133 145 0.02382396 
-13 733 480 425 0.02380344 
803 1308 12 16 0.02198455 
520 760 105 131 0.021638408 
87 334 365 464 0.020443283 
