37_Soccer_Soccer_37_469
18
309 121 58 79 0.99950576 
649 51 57 81 0.99837875 
522 282 22 28 0.18536843 
581 266 62 52 0.09247666 
113 307 15 19 0.09230756 
441 181 49 60 0.06976685 
149 138 26 31 0.044048782 
886 68 31 36 0.032480434 
421 278 30 43 0.02855475 
141 141 42 50 0.026212454 
515 243 19 26 0.024072941 
627 243 114 136 0.023575524 
428 43 17 19 0.02355304 
597 244 60 55 0.02290069 
51 105 46 61 0.022449747 
775 50 49 69 0.022396797 
93 310 16 22 0.022354493 
1000 124 25 39 0.022235228 
