37_Soccer_Soccer_37_415
32
188 421 58 85 0.99891186 
519 34 69 60 0.5464885 
907 257 44 56 0.48892915 
129 181 127 173 0.21106896 
90 144 195 289 0.12595457 
5 314 55 78 0.105509356 
630 233 56 73 0.06294858 
767 239 204 225 0.05992325 
741 12 105 103 0.051730808 
554 33 33 38 0.04984359 
546 239 107 137 0.0468385 
485 34 98 100 0.044653818 
37 51 342 460 0.0441026 
817 262 59 69 0.041262537 
508 38 13 14 0.03984246 
77 245 30 39 0.039601736 
156 225 75 94 0.038824797 
470 246 212 310 0.038214754 
270 185 16 24 0.037586685 
572 30 13 16 0.033149943 
760 38 36 33 0.032159176 
753 26 68 61 0.03202278 
801 258 98 105 0.031282395 
744 252 105 132 0.025589159 
910 242 33 43 0.023254246 
235 510 29 42 0.023116456 
826 419 57 56 0.023009043 
861 187 41 54 0.021946074 
842 260 57 63 0.021911515 
509 31 10 13 0.02164288 
770 387 49 69 0.020610355 
592 100 10 13 0.020240217 
