37_Soccer_Soccer_37_651
582
903 294 31 39 0.9998022 
495 306 29 40 0.9995307 
104 225 37 39 0.99428385 
3 211 25 39 0.98361266 
303 219 25 36 0.93586236 
463 98 16 19 0.52077335 
126 3 17 19 0.51813346 
323 475 28 33 0.51767695 
979 42 15 19 0.5065574 
217 105 16 20 0.49200425 
650 98 15 18 0.41588843 
584 179 16 19 0.35399744 
186 28 12 14 0.34645543 
411 101 13 15 0.34026498 
365 0 15 13 0.31493118 
239 224 22 29 0.31129956 
419 14 19 22 0.30242088 
661 155 14 17 0.29044572 
1006 2 17 17 0.26539308 
805 112 17 21 0.24316475 
545 11 11 13 0.23697342 
731 174 15 18 0.23424892 
174 171 13 17 0.22470807 
249 223 23 29 0.22470237 
674 130 14 17 0.22317456 
102 20 15 19 0.21375194 
193 228 19 21 0.21249163 
67 73 12 16 0.20972592 
709 137 14 18 0.20939136 
288 163 13 16 0.20687157 
1008 82 10 14 0.20678703 
460 53 12 15 0.20577174 
741 0 12 12 0.20033796 
565 53 12 17 0.19237968 
772 157 15 20 0.1916691 
777 204 16 20 0.18289132 
826 171 17 20 0.18035127 
215 238 22 29 0.17479193 
418 163 16 20 0.17469083 
617 127 10 13 0.1736666 
700 88 18 20 0.16813634 
434 105 15 19 0.16294813 
740 127 11 13 0.15815334 
604 83 13 15 0.15531759 
206 173 11 13 0.15401693 
368 77 12 13 0.1451861 
540 60 10 14 0.14486872 
68 11 12 15 0.1444233 
233 4 10 13 0.14065589 
867 53 10 13 0.13533354 
564 110 12 14 0.13304792 
276 75 13 17 0.13190821 
806 91 12 15 0.13056098 
254 3 12 13 0.13053215 
748 71 11 14 0.1299886 
38 74 12 16 0.12951002 
460 18 13 16 0.12893328 
93 86 11 13 0.12631637 
571 127 12 14 0.123353414 
1010 75 13 20 0.12207169 
390 98 12 15 0.12112409 
821 256 16 18 0.12045713 
213 228 21 26 0.1199853 
77 9 13 16 0.119379 
226 81 15 16 0.114286125 
502 121 12 14 0.11346419 
1012 324 11 18 0.11096435 
232 170 15 18 0.109689265 
329 47 10 14 0.10899352 
647 175 13 16 0.108540304 
184 2 10 10 0.10759874 
641 85 11 15 0.10714963 
366 11 14 16 0.10714222 
716 135 14 19 0.10661618 
565 84 10 13 0.10645939 
605 92 13 17 0.10627011 
405 126 13 15 0.102339394 
706 168 17 21 0.1004142 
0 69 10 16 0.10000111 
944 81 11 16 0.09970564 
1011 135 13 21 0.097069144 
550 126 10 13 0.09702654 
738 25 14 15 0.09573628 
182 5 11 12 0.09124549 
172 173 21 26 0.090941355 
516 68 13 15 0.09033505 
358 21 11 13 0.08790606 
204 24 14 17 0.08749181 
973 90 17 20 0.08661147 
32 20 12 15 0.08620683 
844 148 13 18 0.08591521 
153 171 10 14 0.08412367 
600 4 11 14 0.08343348 
219 247 23 31 0.08337464 
20 22 12 15 0.08185903 
270 92 10 12 0.081853524 
108 69 12 16 0.08138561 
172 184 15 18 0.0801005 
161 227 25 25 0.08008176 
199 0 11 10 0.08007854 
665 147 15 18 0.07864717 
309 70 10 14 0.07821089 
131 89 14 16 0.077901855 
311 125 12 14 0.077414475 
97 167 9 11 0.07735472 
188 110 12 15 0.07726802 
359 0 14 13 0.07613757 
245 27 12 13 0.07392703 
975 34 15 18 0.07307946 
117 19 12 15 0.0726279 
588 5 10 13 0.07235978 
304 61 10 13 0.07142532 
46 164 10 12 0.0713867 
176 13 10 13 0.0709303 
401 47 10 14 0.070709705 
646 30 9 13 0.07057193 
78 1 12 13 0.07031816 
495 18 12 14 0.06979144 
119 186 11 14 0.068644546 
94 47 11 15 0.067688614 
374 137 404 430 0.06751494 
584 125 10 14 0.06736856 
167 27 13 15 0.06699804 
237 3 10 11 0.06699005 
261 3 10 12 0.06652717 
247 45 10 12 0.06638099 
64 178 10 13 0.06602334 
405 177 12 17 0.065364234 
336 179 24 31 0.06436731 
1005 66 15 20 0.063910976 
775 133 11 15 0.06319475 
1013 119 10 16 0.06301339 
351 0 13 13 0.06250986 
207 178 12 15 0.062390883 
997 56 15 21 0.061526183 
805 126 17 20 0.061113346 
469 60 13 17 0.060973667 
599 101 10 13 0.06070901 
647 0 9 9 0.060519148 
988 5 13 15 0.06032207 
532 12 11 13 0.059297316 
510 85 13 17 0.05868408 
976 23 10 14 0.058677763 
515 74 14 18 0.058486488 
613 159 15 19 0.058398206 
663 161 17 19 0.058311686 
207 92 11 14 0.057269167 
699 203 12 16 0.057258286 
188 121 16 20 0.05684673 
302 13 10 11 0.056845557 
782 68 11 14 0.056682527 
249 4 10 12 0.05576436 
517 38 13 16 0.055393357 
740 139 12 16 0.054951556 
59 237 17 19 0.054809365 
235 98 15 18 0.054772444 
447 114 13 17 0.05463505 
564 12 11 14 0.054600015 
485 2 16 17 0.054190177 
30 38 11 14 0.0540838 
669 138 16 19 0.05400952 
705 97 15 18 0.053635426 
644 90 15 19 0.05353877 
550 196 13 18 0.053424526 
15 25 12 15 0.05333063 
429 0 12 13 0.052811194 
222 58 12 16 0.052243154 
534 198 11 14 0.052227553 
568 254 23 27 0.052037332 
407 62 10 15 0.052016214 
781 82 12 16 0.052014284 
180 11 11 15 0.051766112 
223 223 23 30 0.051617157 
328 1 9 10 0.051608358 
205 165 14 17 0.05129348 
396 15 11 13 0.050988425 
37 82 13 16 0.05047345 
24 92 9 13 0.050372403 
175 53 12 14 0.050041214 
16 0 11 11 0.04984526 
374 99 10 12 0.049707633 
394 245 27 35 0.04955415 
385 98 10 14 0.049089137 
990 127 11 13 0.049041092 
678 156 15 18 0.048667666 
974 49 14 18 0.048410326 
371 72 12 14 0.048293583 
359 94 10 13 0.04754333 
214 87 10 13 0.046933927 
444 138 16 20 0.04665651 
156 100 11 13 0.046605 
180 52 14 15 0.046563532 
527 13 12 15 0.046052642 
560 336 17 24 0.04596308 
0 15 9 12 0.045298357 
488 37 11 13 0.045294624 
269 485 24 27 0.04529293 
442 108 14 18 0.045285575 
900 0 13 11 0.045240875 
541 66 11 15 0.045097373 
259 161 16 18 0.0450929 
659 17 14 17 0.045018874 
240 45 10 12 0.044931665 
353 22 10 12 0.044887893 
285 3 11 12 0.04452887 
52 20 11 15 0.044474028 
213 92 11 15 0.044445608 
568 91 9 12 0.044237956 
256 75 10 13 0.0440148 
701 57 13 16 0.04394124 
845 139 14 20 0.043894954 
173 20 11 15 0.043852262 
515 90 16 19 0.04368842 
453 107 14 19 0.043679386 
536 135 10 13 0.043605104 
628 0 11 11 0.043544315 
701 105 16 19 0.043516457 
303 0 9 10 0.04348186 
942 123 11 15 0.0434724 
179 183 15 19 0.043374207 
285 39 10 12 0.043326866 
280 52 9 12 0.0432903 
82 3 13 16 0.04325839 
591 103 9 11 0.04307254 
462 25 13 16 0.043070756 
37 38 10 13 0.04304037 
127 173 10 13 0.043025136 
302 7 10 12 0.042795233 
222 101 22 25 0.042707596 
201 232 16 18 0.04265392 
692 13 11 14 0.042500377 
62 15 13 18 0.042392425 
271 35 11 13 0.042333465 
392 18 11 14 0.042179745 
32 14 10 12 0.0420373 
725 7 11 13 0.041723005 
292 399 23 31 0.041516583 
566 103 10 12 0.0408816 
847 133 13 16 0.040562462 
230 122 13 17 0.040509935 
459 207 13 16 0.04050429 
467 53 12 16 0.0402709 
311 0 11 10 0.04009843 
731 162 16 19 0.040053003 
305 66 12 15 0.03999557 
750 81 12 15 0.039941937 
421 6 15 17 0.03993161 
184 34 13 15 0.039916437 
397 162 12 16 0.039915692 
131 172 12 13 0.03976026 
968 55 10 15 0.039564572 
724 22 11 14 0.03936237 
87 93 12 14 0.039360873 
421 101 11 15 0.03930833 
254 38 12 15 0.039247278 
325 317 25 32 0.03905196 
204 0 9 9 0.039001223 
200 26 11 15 0.03887626 
504 91 12 17 0.0388701 
167 84 11 14 0.038828813 
694 38 10 13 0.038754642 
168 186 11 15 0.038663097 
120 76 10 14 0.038623404 
500 20 12 13 0.03844339 
67 174 10 13 0.038315438 
119 167 10 11 0.038279593 
174 224 24 27 0.03824632 
414 138 12 16 0.038202323 
694 45 9 12 0.0381971 
655 14 12 15 0.03817044 
434 142 18 21 0.038101677 
202 123 15 18 0.038021326 
188 52 14 15 0.037965886 
687 131 11 15 0.037945658 
735 4 12 14 0.037538473 
271 1 11 11 0.03733441 
278 3 12 12 0.03726818 
805 96 15 18 0.037068095 
714 188 14 17 0.03702399 
1007 502 18 45 0.03692784 
262 117 12 15 0.03664742 
639 161 13 17 0.036646955 
227 185 15 20 0.03660802 
701 0 10 9 0.0364612 
280 37 9 12 0.03606675 
296 45 9 11 0.035903413 
302 56 9 12 0.03586099 
636 53 10 13 0.03585835 
547 17 14 15 0.03572004 
141 212 12 16 0.035693597 
95 1 11 13 0.03554128 
843 158 16 22 0.035360336 
318 109 11 14 0.035347134 
700 129 20 26 0.03516097 
182 22 13 16 0.035026558 
259 170 14 17 0.03494292 
366 111 10 13 0.03491609 
33 77 11 14 0.03470319 
816 252 26 31 0.034643523 
475 136 14 18 0.034571044 
260 37 11 14 0.034564186 
556 36 10 13 0.034347016 
495 146 14 18 0.034323364 
212 26 12 16 0.03422212 
560 115 10 14 0.034071676 
660 3 14 16 0.034062956 
659 166 16 19 0.034000866 
892 507 17 21 0.033987932 
984 290 31 37 0.033913508 
261 76 10 14 0.03363625 
326 101 12 14 0.033584595 
242 93 13 16 0.033576228 
610 98 12 16 0.033499982 
196 53 10 13 0.033375353 
125 77 15 17 0.033290464 
369 83 13 15 0.033001255 
561 7 10 12 0.032941263 
0 29 8 13 0.032928605 
706 158 16 19 0.03292211 
991 57 13 19 0.032916527 
639 77 12 16 0.032903653 
324 106 13 15 0.03277533 
624 13 11 14 0.032775257 
267 161 15 18 0.032659695 
756 70 11 15 0.032604076 
271 83 14 17 0.032537844 
166 46 11 14 0.032376077 
972 57 12 15 0.032252733 
246 123 12 15 0.032235205 
54 239 16 21 0.03222166 
707 52 12 15 0.03219797 
190 0 12 10 0.032190446 
317 0 11 10 0.03211645 
553 194 18 22 0.032034688 
999 5 11 13 0.031988066 
30 93 10 13 0.03197373 
536 55 12 15 0.031935196 
227 113 15 19 0.031877633 
328 13 11 15 0.03185746 
535 8 10 13 0.0318564 
115 70 13 16 0.031694863 
94 78 11 13 0.031624593 
832 158 20 26 0.031409808 
241 22 11 14 0.031316098 
359 12 12 15 0.03105228 
157 232 16 19 0.031003939 
691 129 14 18 0.030979063 
165 53 11 13 0.030882744 
150 161 19 25 0.030695757 
957 98 11 15 0.030598242 
1009 145 13 18 0.030586064 
391 85 9 11 0.03057689 
253 126 11 14 0.030506656 
170 265 466 486 0.030504476 
228 92 14 16 0.030457214 
162 84 9 11 0.030348701 
90 96 15 18 0.030345986 
732 154 14 17 0.030294036 
519 395 25 28 0.030241614 
584 104 9 12 0.030176565 
127 167 11 13 0.030130684 
693 54 12 15 0.030121254 
21 88 10 13 0.030111942 
856 6 11 13 0.030101465 
139 3 13 17 0.029995322 
744 66 18 23 0.029974246 
169 90 14 15 0.029842885 
280 46 10 13 0.029761555 
228 176 16 20 0.02973876 
335 193 26 32 0.029697733 
490 0 14 13 0.029669711 
444 58 14 19 0.029506799 
492 35 11 12 0.029414192 
599 161 13 17 0.029370818 
251 29 12 14 0.02921686 
466 155 16 20 0.029186504 
221 171 13 17 0.029163672 
644 70 10 13 0.029142559 
204 157 16 18 0.028990157 
654 0 10 12 0.028939331 
274 71 11 14 0.028856859 
986 49 14 18 0.028854186 
68 17 13 17 0.02876705 
409 168 22 28 0.028744817 
362 84 10 13 0.028717598 
890 24 14 18 0.028709564 
64 166 10 12 0.02850794 
377 51 12 16 0.02849583 
649 85 17 20 0.02848017 
968 83 12 16 0.02841088 
749 0 10 11 0.02838929 
296 15 9 11 0.028355373 
294 21 9 11 0.028164627 
175 0 10 11 0.02810471 
490 389 17 21 0.028032346 
269 194 11 15 0.02795944 
981 174 11 15 0.027950086 
542 193 13 18 0.027833428 
275 159 21 25 0.027807556 
558 125 9 13 0.0277612 
21 14 11 13 0.027719337 
246 38 13 15 0.027695548 
201 172 12 15 0.027517354 
741 145 12 18 0.027509889 
229 26 11 15 0.027357223 
439 54 10 13 0.02735138 
14 85 10 13 0.027346158 
205 11 11 15 0.027175352 
551 120 10 12 0.027159555 
423 169 16 18 0.027017374 
176 7 11 13 0.027005043 
221 501 22 26 0.026898602 
188 103 11 13 0.026785532 
371 92 12 15 0.026747067 
1001 83 11 14 0.026731363 
1011 154 12 17 0.026725966 
307 237 25 35 0.026694251 
19 3 12 14 0.026683327 
596 5 22 28 0.026439311 
93 55 13 19 0.026322141 
165 0 11 11 0.02628704 
121 3 12 16 0.026239127 
488 322 28 38 0.026207544 
151 95 11 14 0.026170889 
522 69 11 13 0.026123585 
525 42 11 15 0.02608644 
367 99 11 14 0.025932327 
233 158 17 19 0.02593057 
238 160 24 25 0.025926577 
823 176 22 28 0.025844028 
160 52 11 15 0.025827622 
602 11 13 16 0.025709804 
674 147 15 18 0.025704376 
468 481 14 16 0.025543341 
163 162 21 26 0.02543533 
373 111 9 13 0.02534464 
784 118 10 13 0.025252787 
6 7 9 11 0.025241535 
461 86 14 17 0.025199953 
32 8 11 13 0.025176503 
262 54 9 12 0.02513735 
144 20 11 14 0.025134206 
101 204 12 16 0.025121497 
69 81 12 16 0.025097452 
468 146 16 22 0.025056744 
908 53 10 13 0.024993757 
572 93 10 13 0.024982521 
240 13 10 13 0.024966367 
839 152 15 19 0.024910469 
6 20 11 16 0.02487782 
78 235 15 17 0.024818845 
383 127 10 14 0.024792237 
579 252 16 21 0.02468655 
172 59 13 15 0.02457518 
104 209 26 32 0.024554458 
175 47 11 14 0.02453074 
119 84 11 14 0.024487523 
500 49 13 16 0.024415663 
412 80 14 17 0.024390627 
109 202 15 18 0.024219315 
72 103 9 11 0.024181975 
275 87 14 17 0.024153527 
204 3 10 13 0.024134876 
790 307 39 49 0.024105536 
603 137 13 17 0.024102889 
221 66 13 16 0.02399121 
5 125 10 13 0.023984702 
160 46 10 12 0.023952981 
313 129 13 16 0.02395025 
40 174 11 12 0.023940833 
736 130 13 17 0.023912903 
4 14 10 13 0.023860766 
598 106 10 13 0.023810912 
943 89 10 15 0.023800895 
123 179 11 15 0.023778513 
0 92 8 14 0.02377279 
419 145 22 28 0.02372627 
332 85 12 14 0.023719829 
99 12 16 20 0.023643466 
668 0 10 11 0.023612846 
997 28 14 16 0.0236113 
205 184 14 18 0.023607327 
295 0 10 11 0.02359344 
995 125 13 16 0.023588562 
310 28 11 14 0.023493465 
206 175 21 24 0.023469703 
114 213 27 36 0.02344509 
214 35 13 17 0.023420392 
294 40 9 11 0.023413703 
351 95 11 14 0.023388665 
360 164 11 13 0.02335928 
365 90 13 16 0.023356937 
524 86 11 15 0.023342513 
172 100 13 14 0.023340931 
150 231 27 33 0.023184814 
71 13 22 25 0.023116859 
406 146 13 17 0.023033433 
756 13 11 13 0.023025213 
428 139 17 20 0.023011822 
220 92 14 16 0.022984635 
927 0 10 11 0.02296456 
693 18 11 15 0.022940654 
271 44 11 13 0.02290003 
480 115 12 17 0.022808682 
450 52 20 25 0.022762252 
349 399 25 33 0.022728393 
84 206 11 14 0.022705501 
946 77 12 16 0.022685342 
332 94 13 15 0.022665245 
212 165 14 15 0.02253331 
194 116 14 18 0.02251926 
115 195 14 19 0.022518495 
712 194 13 16 0.022507181 
417 26 11 16 0.022498809 
478 106 12 17 0.022393968 
169 570 13 17 0.022310043 
727 52 13 15 0.022257335 
584 1 11 12 0.022202367 
521 14 10 14 0.022176616 
315 114 14 17 0.022156604 
869 24 10 13 0.022148395 
545 125 11 14 0.022138441 
601 80 10 13 0.022068776 
238 52 9 12 0.022064544 
194 110 13 15 0.022063294 
603 1 13 13 0.021984262 
540 30 12 14 0.021984171 
406 128 21 24 0.021901568 
110 166 10 12 0.021873532 
457 113 18 19 0.021828169 
719 26 12 16 0.021815233 
562 78 10 14 0.02177695 
44 169 12 15 0.02174446 
509 94 18 21 0.02173425 
320 103 11 14 0.021721974 
249 164 23 28 0.021712808 
510 42 14 17 0.02162651 
786 203 14 18 0.021614855 
424 23 15 19 0.021606749 
406 138 15 18 0.021576855 
722 133 14 18 0.021546736 
235 408 13 16 0.021546112 
537 166 10 14 0.021543453 
467 69 17 21 0.021515796 
36 26 12 15 0.021474008 
86 25 12 17 0.021447847 
755 82 12 16 0.021275584 
663 127 10 14 0.021237943 
868 58 11 14 0.021215796 
417 134 21 26 0.021106612 
614 122 18 22 0.021097995 
300 46 10 12 0.021072218 
787 124 13 18 0.02097594 
1002 15 18 19 0.020922793 
453 85 13 16 0.020840677 
475 53 14 17 0.02078645 
184 107 21 25 0.020765947 
572 247 14 15 0.020756023 
755 267 17 23 0.020724615 
733 12 11 14 0.020705214 
315 76 11 13 0.020671247 
210 171 15 17 0.020644173 
158 180 11 15 0.020623898 
908 19 12 16 0.020539327 
263 85 10 13 0.0205206 
444 100 14 19 0.02048006 
977 84 16 19 0.020354107 
446 53 12 15 0.020344805 
382 84 10 12 0.020330558 
663 142 14 17 0.020322477 
218 168 22 27 0.020318823 
701 21 10 13 0.020298854 
212 207 12 15 0.02029493 
655 162 14 20 0.020281436 
263 223 17 23 0.020251267 
695 6 12 14 0.02022943 
246 13 11 14 0.020212615 
549 84 9 13 0.020208988 
533 20 11 14 0.020179344 
725 1 11 11 0.020113014 
33 84 10 14 0.020096123 
398 4 11 13 0.020047827 
