37_Soccer_soccer_ball_37_483
19
913 79 36 42 0.999479 
760 144 26 34 0.9994381 
206 167 28 36 0.99823076 
98 153 40 54 0.99818534 
683 146 37 46 0.9979474 
495 88 45 57 0.9957904 
407 121 36 41 0.98255044 
853 232 14 17 0.8735049 
956 281 43 35 0.2412538 
30 525 14 15 0.22981605 
994 192 25 35 0.19785775 
830 216 14 19 0.18851162 
350 326 139 169 0.028922489 
935 302 11 13 0.026183434 
638 180 23 28 0.023580942 
870 150 27 34 0.023373388 
40 281 29 33 0.02141108 
168 37 413 540 0.021347249 
833 320 9 10 0.021304624 
