37_Soccer_soccer_ball_37_341
21
396 186 19 22 0.46710107 
396 232 24 35 0.43432522 
451 94 48 71 0.25169995 
364 266 27 30 0.2308688 
543 223 235 239 0.19517091 
596 338 197 265 0.18975969 
979 480 42 63 0.15402798 
379 183 12 16 0.10848107 
381 184 25 31 0.056278016 
627 459 130 159 0.053411577 
353 259 47 53 0.047863964 
521 144 55 78 0.045020744 
375 262 28 38 0.032347787 
464 127 57 78 0.029117815 
389 239 28 45 0.026136143 
492 143 56 71 0.02511853 
13 362 13 16 0.023437772 
434 120 353 421 0.02333949 
354 251 15 20 0.022387078 
58 259 488 448 0.02022946 
375 181 21 26 0.02009245 
