23_Shoppers_Shoppers_23_817
68
468 658 616 407 0.5534644 
97 424 213 362 0.37925372 
365 15 378 509 0.21698444 
356 611 12 15 0.16421065 
461 668 12 16 0.12733644 
414 653 16 21 0.11637883 
353 540 12 15 0.11232352 
382 606 14 17 0.11025041 
410 524 499 436 0.08237905 
111 629 410 486 0.07950801 
642 13 205 289 0.07534569 
334 604 12 15 0.0728236 
300 565 11 15 0.0705203 
415 631 24 31 0.065172054 
327 544 12 16 0.055494938 
411 405 15 20 0.053486634 
369 385 17 19 0.05189645 
347 409 24 32 0.047922734 
365 586 15 18 0.045830477 
372 675 21 29 0.044865083 
398 655 15 20 0.041007392 
404 649 20 28 0.040740747 
334 583 11 15 0.040135756 
691 520 11 12 0.0389346 
455 599 16 20 0.03724506 
468 645 29 36 0.037226766 
393 490 14 16 0.036648657 
381 626 15 19 0.036472376 
561 -90 339 445 0.03571092 
134 376 390 487 0.03510125 
402 364 14 17 0.034972098 
321 447 17 19 0.034717422 
462 654 25 35 0.033924695 
365 623 22 29 0.03379618 
404 396 25 33 0.033225168 
554 492 18 23 0.03182506 
570 347 381 514 0.031502653 
-32 497 426 545 0.031217353 
337 690 451 533 0.031187927 
318 637 11 15 0.030934904 
619 5 136 238 0.030608367 
387 620 15 19 0.030143019 
769 30 183 224 0.029809894 
423 597 12 15 0.02931797 
324 495 16 21 0.0293134 
341 443 15 19 0.028418774 
286 554 27 37 0.02819815 
427 475 14 17 0.02753788 
428 566 11 15 0.027427169 
334 403 40 51 0.027069353 
402 383 16 20 0.026880238 
318 748 120 190 0.0264371 
535 487 244 327 0.026065316 
333 541 11 15 0.023939082 
397 366 24 31 0.0239212 
326 439 24 30 0.023579612 
319 573 12 15 0.022582496 
439 550 11 14 0.022276213 
717 622 10 12 0.022272848 
456 664 22 27 0.021980112 
326 568 8 10 0.021857068 
426 635 16 21 0.021115787 
449 523 13 17 0.021047357 
533 469 15 17 0.020778347 
362 612 12 15 0.020663502 
311 572 11 16 0.020606626 
230 872 468 519 0.020542106 
393 382 28 33 0.020314997 
