23_Shoppers_Shoppers_23_461
66
743 145 22 29 0.98071736 
689 141 17 22 0.94839823 
651 187 16 20 0.8765564 
339 29 73 127 0.76065785 
918 142 14 19 0.20305371 
604 171 13 20 0.1607101 
617 194 25 31 0.15181035 
700 194 17 20 0.13584188 
550 184 14 19 0.124142125 
531 188 15 18 0.085726656 
830 217 10 13 0.072025076 
569 153 17 21 0.07154664 
715 168 16 19 0.06733778 
944 611 11 12 0.055438805 
676 185 17 19 0.05316817 
541 229 12 15 0.052658465 
433 181 10 13 0.050186645 
723 168 15 20 0.04686586 
690 195 21 28 0.042353652 
689 209 15 18 0.04202493 
539 188 15 17 0.04183716 
783 253 11 14 0.040179912 
308 60 97 141 0.039759364 
705 219 16 20 0.039615948 
912 175 12 15 0.03946251 
683 182 12 15 0.038829446 
694 179 40 53 0.038493555 
455 182 10 12 0.036077447 
795 268 23 30 0.035942856 
599 173 21 30 0.034352124 
629 191 13 17 0.032138623 
600 179 40 51 0.031889107 
990 149 13 17 0.031759053 
215 55 108 121 0.031467617 
827 221 10 12 0.031072732 
1010 163 14 21 0.030779023 
678 189 21 27 0.028806236 
485 208 16 18 0.02878436 
467 194 11 14 0.02803571 
787 221 18 22 0.027750647 
716 156 15 18 0.02750308 
668 184 19 25 0.026360925 
990 159 15 18 0.025582653 
774 170 14 17 0.024634501 
932 149 12 15 0.024576668 
612 165 13 18 0.024220869 
924 228 14 17 0.023651993 
672 196 13 17 0.023635305 
697 203 23 30 0.023598503 
438 172 9 11 0.02317744 
440 168 9 11 0.022661144 
652 220 26 36 0.022562224 
448 188 10 13 0.022092491 
712 146 25 30 0.022089299 
536 224 23 30 0.021975195 
829 235 11 16 0.021883743 
821 180 9 12 0.021786679 
691 210 22 28 0.021585988 
924 152 14 17 0.021509118 
655 148 11 14 0.021204595 
369 8 53 104 0.02086897 
522 85 411 407 0.020602686 
779 164 15 18 0.020532114 
791 162 14 20 0.020308195 
768 101 27 32 0.02030054 
653 143 9 12 0.020148061 
