23_Shoppers_Shoppers_23_10
101
468 333 27 34 0.99937266 
638 298 28 33 0.99246395 
276 312 35 43 0.9874248 
64 384 36 52 0.9836038 
348 491 14 19 0.3944398 
998 332 19 26 0.3896444 
758 324 21 28 0.31118724 
785 321 21 28 0.26539975 
567 313 31 42 0.22357348 
891 327 14 17 0.20535214 
938 37 10 12 0.1453103 
767 324 22 28 0.13023637 
610 111 9 12 0.12653603 
624 115 10 12 0.120166615 
542 80 8 10 0.11607231 
737 106 29 38 0.115845695 
849 313 21 25 0.11346039 
5 168 52 77 0.10986429 
28 586 47 85 0.10025757 
535 299 21 28 0.09797879 
692 22 8 11 0.0771287 
112 344 9 11 0.07597791 
633 470 29 41 0.07428759 
596 93 9 13 0.073531985 
217 386 16 19 0.07307588 
520 70 9 12 0.062447883 
36 413 26 33 0.06145038 
676 298 26 30 0.06017809 
-2 385 24 48 0.05766826 
428 478 12 15 0.057315066 
44 411 15 17 0.056418605 
816 40 9 12 0.056115057 
717 78 8 11 0.053734653 
614 114 9 12 0.05314692 
778 325 18 23 0.052045185 
841 42 7 9 0.049935963 
843 311 17 23 0.046708416 
919 70 9 11 0.045890674 
377 455 28 32 0.045388237 
838 306 14 21 0.04488084 
299 543 23 31 0.044696014 
551 80 8 10 0.042261742 
641 107 9 12 0.041982017 
676 6 9 11 0.040479623 
584 86 7 10 0.03960622 
554 87 7 9 0.03929538 
686 293 25 29 0.03908834 
645 103 9 12 0.03775162 
512 79 8 12 0.037352286 
537 79 9 10 0.037297238 
660 154 94 123 0.036914732 
557 88 8 9 0.036450416 
533 501 12 15 0.03628001 
0 403 31 40 0.032058123 
671 24 8 10 0.030868024 
997 339 25 37 0.03027758 
527 87 9 10 0.030098869 
889 331 18 23 0.029843768 
858 311 22 30 0.02979988 
989 330 17 21 0.028916476 
946 440 25 30 0.027963508 
518 74 11 14 0.027777381 
694 103 7 9 0.02770215 
335 578 12 17 0.02768271 
599 113 7 9 0.02740596 
629 112 8 10 0.027118795 
953 481 16 21 0.02617777 
793 315 16 25 0.025812248 
997 612 28 58 0.025690084 
18 379 37 53 0.025538819 
954 306 22 29 0.025338802 
389 414 9 12 0.024826689 
645 94 9 11 0.024714384 
103 320 9 10 0.02446432 
390 -51 393 485 0.02440271 
1008 334 13 23 0.024392173 
698 296 17 23 0.024191586 
592 87 9 11 0.02409606 
794 321 21 32 0.024007538 
705 216 15 19 0.02345922 
529 333 26 33 0.023451112 
591 113 8 10 0.023444358 
529 500 10 14 0.022999626 
935 42 13 15 0.022932256 
536 72 8 10 0.022805123 
536 321 37 49 0.022764692 
535 84 9 12 0.022741992 
528 122 11 15 0.022315718 
597 117 8 10 0.02215258 
420 636 13 16 0.021900319 
285 588 9 12 0.021310939 
127 305 8 10 0.021213979 
262 333 11 14 0.021011788 
553 92 9 11 0.020981198 
1012 453 12 21 0.020947782 
897 324 12 16 0.020866586 
530 430 118 168 0.02074831 
712 96 7 9 0.020694913 
285 582 9 12 0.020430597 
229 569 17 18 0.020302152 
719 96 8 10 0.020156723 
