23_Shoppers_Shoppers_23_243
145
47 394 13 16 0.8901862 
102 405 14 17 0.70042133 
289 469 9 12 0.22357452 
705 435 14 17 0.21973793 
2 479 8 11 0.12869431 
570 421 24 31 0.11549912 
17 478 9 11 0.08914368 
184 439 8 11 0.07365349 
592 445 8 9 0.073615 
209 439 7 9 0.0729307 
590 437 9 12 0.07091821 
590 427 10 16 0.06777142 
501 440 8 10 0.065408394 
35 447 12 13 0.06445667 
15 496 10 12 0.06284846 
479 501 8 10 0.060396947 
229 432 8 10 0.059504736 
222 449 11 15 0.058197897 
453 497 8 10 0.058145106 
801 483 11 13 0.056275487 
12 573 10 13 0.053581987 
387 518 14 17 0.052674226 
718 435 12 14 0.052601863 
580 419 14 20 0.05062969 
615 493 10 13 0.050620995 
463 439 12 14 0.046439447 
656 476 10 13 0.046357702 
448 500 9 12 0.046120126 
79 363 14 17 0.04568722 
63 421 11 14 0.045506157 
382 494 25 29 0.045309268 
214 440 8 10 0.044544846 
376 423 8 9 0.043534555 
129 431 8 10 0.042893667 
247 464 8 11 0.042752657 
609 455 9 11 0.04240582 
498 444 9 12 0.041109513 
216 446 10 12 0.03876595 
321 542 12 15 0.03875495 
15 534 11 12 0.038417738 
751 436 22 30 0.036819894 
485 453 9 11 0.036503635 
611 477 11 15 0.03588759 
612 459 10 14 0.034985404 
73 487 9 12 0.034804445 
689 394 205 268 0.03461859 
47 535 10 13 0.033552792 
467 444 10 12 0.033531386 
591 420 11 17 0.03343309 
599 452 9 11 0.03312345 
159 439 10 12 0.03310328 
190 476 11 12 0.033018235 
457 463 8 10 0.032563116 
14 469 9 12 0.031954203 
496 495 8 11 0.03149105 
188 438 8 10 0.031243984 
614 483 11 13 0.031238137 
662 486 9 11 0.031120861 
648 470 8 10 0.03082131 
430 472 8 9 0.03078491 
447 479 7 10 0.030166015 
473 496 9 11 0.029393148 
612 469 11 14 0.029327037 
521 534 10 13 0.028769769 
5 523 12 13 0.028655434 
49 399 15 19 0.02840188 
64 476 9 11 0.02836962 
4 483 10 12 0.02812051 
464 515 9 12 0.02778877 
581 432 13 17 0.027677262 
541 446 12 13 0.027403623 
49 481 8 10 0.027382089 
230 447 12 16 0.027079327 
486 496 9 11 0.026848434 
7 461 10 13 0.026451217 
710 432 21 25 0.0263707 
96 422 10 12 0.026268573 
0 550 8 12 0.026198583 
5 436 11 15 0.02609717 
1 444 9 14 0.025992222 
594 425 12 17 0.025989698 
817 503 7 9 0.025960311 
463 472 7 9 0.025927281 
50 485 8 11 0.025800595 
400 471 10 12 0.025675561 
742 442 11 18 0.025423095 
580 424 23 31 0.025372326 
112 456 9 12 0.025193792 
597 447 8 9 0.025066331 
495 462 8 10 0.024988294 
474 501 8 10 0.024935048 
31 545 9 11 0.024927793 
121 446 9 11 0.024835752 
423 479 8 11 0.024524074 
354 447 8 9 0.024482012 
9 567 9 13 0.024354197 
357 430 8 10 0.024323829 
19 500 9 12 0.024316164 
140 445 11 13 0.024292763 
100 446 9 10 0.024273138 
201 439 8 9 0.024235584 
510 429 9 12 0.02422017 
743 462 11 14 0.024089802 
38 422 10 13 0.024076777 
689 502 8 10 0.024021268 
96 446 9 11 0.0239928 
21 512 9 11 0.02389807 
158 432 8 10 0.02388166 
457 455 8 11 0.02366792 
374 334 12 14 0.023551844 
96 409 12 16 0.023466898 
497 476 9 11 0.023441814 
321 399 9 11 0.023397062 
224 436 10 12 0.02315228 
457 444 8 12 0.023012552 
37 486 9 10 0.022670817 
661 472 8 10 0.022586696 
521 519 9 11 0.022584327 
595 436 10 13 0.022421693 
1 453 8 14 0.022414885 
447 484 8 11 0.022390187 
725 436 12 16 0.02230947 
581 454 10 11 0.022250198 
446 471 7 9 0.022180133 
441 503 9 12 0.021952081 
36 440 11 13 0.021929232 
55 418 13 17 0.021827864 
548 445 10 12 0.021649435 
484 446 10 13 0.02155857 
479 465 8 9 0.021552728 
64 471 9 11 0.021434402 
662 502 9 11 0.021327592 
7 467 10 13 0.021265239 
698 521 8 10 0.02121814 
722 433 20 26 0.021065108 
54 478 10 12 0.020946098 
620 494 10 11 0.020938497 
426 464 7 9 0.020927101 
1 459 9 13 0.020868085 
760 502 9 9 0.020758001 
47 495 8 11 0.020304913 
352 461 10 13 0.0202784 
353 455 8 10 0.020267224 
380 510 24 29 0.020265996 
336 449 7 9 0.020025808 
