23_Shoppers_Shoppers_23_232
26
483 91 21 27 0.95905787 
768 189 9 13 0.5043678 
826 197 9 11 0.12825327 
158 190 10 13 0.07463702 
773 189 9 12 0.07030838 
694 188 9 11 0.068026274 
829 193 8 10 0.05792967 
641 184 7 9 0.05108898 
776 217 8 11 0.045489777 
491 85 14 17 0.0406388 
483 118 17 18 0.039797097 
485 87 15 18 0.039593976 
148 204 21 32 0.03636826 
499 97 14 17 0.034587715 
156 194 13 17 0.032085277 
780 191 9 11 0.030013487 
150 201 15 19 0.029162575 
475 83 34 44 0.029088534 
496 132 12 15 0.028784841 
646 207 8 11 0.028447205 
639 168 7 9 0.026647596 
478 103 25 32 0.025202986 
782 196 8 10 0.024185328 
493 81 11 14 0.021984622 
826 174 9 11 0.021099772 
155 218 15 20 0.021073645 
