23_Shoppers_Shoppers_23_122
21
728 3 112 111 0.9982621 
263 48 64 80 0.99635375 
881 71 26 34 0.18324147 
139 253 378 460 0.1575207 
941 526 50 51 0.13018924 
0 57 16 21 0.076914236 
504 116 194 315 0.062064696 
178 292 94 117 0.05859693 
433 89 32 36 0.046485502 
854 67 28 37 0.041421134 
998 40 15 18 0.03425566 
405 46 24 28 0.033935573 
463 -11 434 549 0.033775236 
276 23 57 78 0.032111302 
-1 3 20 28 0.030078128 
92 60 41 47 0.028418716 
757 605 41 41 0.026763557 
792 9 101 113 0.02593757 
104 15 44 54 0.022477422 
7 57 23 31 0.022458509 
436 63 28 33 0.021415725 
