23_Shoppers_Shoppers_23_271
89
500 226 48 67 0.99908006 
18 279 35 40 0.9990632 
602 234 57 65 0.9987263 
266 274 23 30 0.99147296 
167 312 28 28 0.93077326 
168 377 21 22 0.25017816 
482 469 42 48 0.23208031 
121 342 16 19 0.21468608 
926 345 7 10 0.20796709 
865 326 10 13 0.16867058 
840 315 15 17 0.1383638 
110 376 18 20 0.12955993 
166 411 13 18 0.12364906 
109 406 15 19 0.117117584 
975 316 9 11 0.110209964 
868 327 12 16 0.09886825 
160 317 38 45 0.08175407 
950 351 9 11 0.07965943 
480 341 44 41 0.067226574 
157 577 38 50 0.06667605 
1014 202 8 13 0.0658461 
937 359 9 11 0.064937234 
424 319 29 37 0.059462108 
0 300 11 16 0.05121919 
958 439 11 14 0.048307758 
1001 456 8 9 0.04450786 
164 306 18 23 0.041227352 
109 382 23 27 0.041157313 
447 311 29 40 0.03883595 
985 412 8 10 0.03742409 
974 423 7 9 0.037096746 
921 347 9 11 0.03590752 
82 406 21 27 0.03529018 
957 415 9 11 0.033598486 
363 314 16 20 0.033411864 
461 299 15 20 0.0317393 
109 394 23 28 0.030306997 
212 315 15 18 0.030118773 
845 333 12 15 0.029623322 
942 422 8 11 0.029209077 
416 390 20 30 0.028918955 
921 367 8 10 0.028561756 
970 422 7 9 0.027892338 
453 302 25 31 0.027874177 
1008 288 8 10 0.027736848 
970 317 9 11 0.027531931 
883 -5 104 142 0.027256545 
945 341 10 11 0.026739968 
953 422 9 11 0.026725432 
442 444 25 29 0.026036581 
151 347 12 17 0.025841245 
967 352 8 10 0.025744095 
373 306 15 20 0.025707118 
998 324 12 14 0.025342638 
936 352 8 11 0.02512193 
942 415 8 11 0.025084846 
155 367 28 34 0.024729364 
135 362 28 35 0.024705226 
937 431 9 13 0.024256254 
980 316 10 13 0.024239214 
852 318 12 15 0.024164159 
875 324 13 15 0.024034297 
833 429 15 18 0.023925437 
436 315 28 40 0.023719195 
784 327 10 11 0.023433983 
962 366 8 10 0.023412693 
989 413 9 10 0.023173366 
992 326 10 13 0.022921387 
944 352 9 11 0.022555303 
860 341 11 13 0.022245564 
141 354 13 16 0.022029541 
151 339 24 31 0.021930888 
868 318 22 26 0.021832854 
0 300 17 30 0.021588545 
962 359 8 9 0.021458307 
425 326 18 23 0.021367196 
935 362 10 13 0.021355798 
569 503 10 12 0.02107803 
958 432 8 10 0.020994805 
949 343 9 12 0.02099477 
158 400 20 29 0.020977585 
840 330 12 15 0.020885337 
840 350 10 12 0.02082776 
854 347 10 12 0.020639116 
847 340 12 14 0.020355467 
380 307 13 17 0.020273095 
975 415 7 9 0.020212218 
910 343 9 10 0.020180432 
1015 341 10 16 0.020025445 
