23_Shoppers_Shoppers_23_65
36
352 167 30 39 0.98931074 
477 100 38 53 0.91131717 
288 90 21 26 0.24964714 
238 108 20 27 0.20622939 
229 111 18 23 0.0847019 
596 96 19 30 0.08390043 
262 186 15 22 0.07973723 
347 339 16 20 0.068290204 
299 82 16 21 0.06821779 
559 125 25 31 0.059927132 
219 114 26 29 0.055683494 
366 416 14 17 0.055118844 
342 385 16 20 0.04461995 
945 530 41 42 0.043987196 
605 102 21 26 0.043953124 
637 90 15 22 0.043791387 
372 120 27 32 0.040559087 
416 196 47 47 0.040031597 
343 181 30 41 0.039375395 
242 99 16 25 0.038039763 
211 107 24 33 0.033672035 
249 110 15 23 0.03343033 
278 47 14 20 0.03058622 
374 108 24 28 0.028687807 
378 142 18 21 0.028137203 
264 180 24 32 0.027522549 
262 136 23 32 0.026350489 
286 84 15 21 0.02604818 
125 214 14 18 0.025280405 
234 154 28 35 0.025050022 
415 404 14 16 0.024928674 
201 103 24 35 0.021632424 
295 358 34 38 0.021035904 
285 100 18 22 0.020708693 
368 149 26 32 0.020440143 
374 138 16 17 0.020334652 
