23_Shoppers_Shoppers_23_43
125
356 231 63 80 0.9989843 
166 231 57 72 0.99894387 
158 392 66 87 0.9959357 
941 122 27 31 0.995622 
572 146 45 58 0.9955107 
64 147 39 50 0.98981595 
925 199 48 68 0.9747347 
72 212 38 62 0.91309 
790 133 38 50 0.8899285 
862 148 37 47 0.7937136 
605 124 31 42 0.7803129 
24 146 24 32 0.75881284 
723 341 41 46 0.6254312 
960 86 30 38 0.49409807 
969 108 28 41 0.37646315 
441 327 41 54 0.37567326 
376 139 32 42 0.33932495 
746 223 23 32 0.2791453 
679 227 22 29 0.23283146 
230 151 29 39 0.19402564 
832 398 23 33 0.17064667 
100 158 25 37 0.15266216 
355 353 44 47 0.11669288 
687 236 21 30 0.1091099 
824 195 59 56 0.10705394 
547 131 27 38 0.1034161 
455 104 32 41 0.1022854 
189 501 44 56 0.096213296 
751 334 48 51 0.09561223 
212 148 25 39 0.09448121 
793 35 10 12 0.089014344 
340 133 26 36 0.08419845 
449 94 25 38 0.07727074 
883 149 25 35 0.071706995 
823 382 52 62 0.0662561 
841 162 60 62 0.06564807 
890 139 23 30 0.06552643 
956 120 26 32 0.06533392 
672 104 17 20 0.06349795 
741 177 13 18 0.061080545 
796 31 11 14 0.060770217 
944 88 30 36 0.056963768 
959 301 51 71 0.05665653 
311 216 50 62 0.05036047 
984 119 16 23 0.045960754 
816 135 48 53 0.04583492 
234 148 18 24 0.045791846 
489 334 31 41 0.045358352 
975 93 18 24 0.045353822 
469 113 31 35 0.044130508 
245 451 48 54 0.04355972 
54 141 29 38 0.043183807 
808 370 79 110 0.040917397 
322 162 15 20 0.040391967 
168 130 22 33 0.039201085 
773 102 11 14 0.037858143 
281 270 44 59 0.03762639 
35 143 26 34 0.03723435 
696 244 23 30 0.036048416 
742 214 39 52 0.033946164 
772 14 9 12 0.033216264 
438 390 34 56 0.03269478 
701 94 26 28 0.03260302 
200 156 39 49 0.03254854 
703 350 50 59 0.03248287 
1003 65 15 20 0.032228414 
942 250 81 115 0.032212395 
166 127 16 24 0.032085452 
162 145 38 52 0.03182625 
252 152 30 32 0.03158595 
682 251 21 29 0.030900091 
309 149 22 28 0.030665264 
256 202 59 72 0.030535689 
442 91 22 31 0.03030185 
736 251 22 31 0.030264571 
305 147 18 22 0.029236808 
856 139 32 42 0.029145932 
73 160 43 59 0.029062783 
2 473 50 92 0.028998038 
44 218 56 77 0.028629985 
551 133 14 19 0.02837568 
520 130 27 30 0.028179653 
427 337 38 50 0.027901594 
923 92 24 31 0.027653016 
906 137 18 22 0.027604893 
615 121 20 25 0.027547471 
265 153 19 21 0.027538922 
531 125 37 49 0.027302135 
345 134 45 54 0.026771817 
984 113 28 35 0.026596261 
549 118 30 37 0.026532926 
851 377 37 35 0.026465584 
739 168 22 30 0.02605942 
530 136 15 19 0.025954403 
584 121 49 60 0.025104942 
682 353 50 60 0.025084352 
258 235 57 75 0.024835233 
695 362 28 37 0.024749925 
171 139 26 37 0.02390774 
43 148 44 56 0.023780886 
105 155 17 24 0.023747781 
653 104 16 17 0.023572814 
17 156 34 42 0.02345737 
517 471 28 46 0.023176637 
831 215 37 38 0.02315954 
324 432 38 35 0.022631157 
465 328 40 53 0.02256405 
-2 186 37 60 0.022184156 
81 146 31 41 0.021711087 
180 165 34 42 0.021602489 
301 141 15 18 0.021564197 
560 117 47 57 0.021060634 
951 218 55 73 0.020879818 
117 276 45 60 0.020832708 
332 128 25 35 0.020804597 
253 170 56 66 0.020667134 
228 128 25 33 0.020654956 
549 100 25 33 0.020567363 
704 272 41 47 0.020559603 
789 124 28 40 0.020502828 
446 62 25 30 0.02045373 
278 220 56 71 0.020279342 
3 97 28 37 0.0200766 
112 161 18 24 0.020047147 
756 0 11 13 0.02002859 
