23_Shoppers_Shoppers_23_364
72
587 182 98 117 0.9995621 
278 213 72 95 0.99757594 
457 232 53 64 0.9963392 
200 310 18 21 0.18624948 
175 363 12 14 0.11947676 
14 251 11 14 0.09907678 
149 358 10 13 0.08616849 
1003 159 20 31 0.0812306 
165 389 13 14 0.07817381 
998 88 22 41 0.06515827 
166 396 14 18 0.057741467 
757 146 13 18 0.05152101 
65 293 10 11 0.048281405 
369 292 13 18 0.04787931 
66 261 8 11 0.04393375 
175 370 14 18 0.042919848 
161 387 10 13 0.04207781 
10 272 9 12 0.03981317 
742 80 12 17 0.03848708 
134 368 9 11 0.038295694 
173 376 13 16 0.038224768 
179 358 13 15 0.03795473 
145 364 9 12 0.036414128 
393 317 25 34 0.03597779 
170 357 10 13 0.035155274 
40 318 9 12 0.035044067 
167 362 12 15 0.03407579 
756 140 24 30 0.033384506 
159 402 12 16 0.033023827 
1 532 54 109 0.03203375 
48 243 8 11 0.03159861 
162 385 21 27 0.030595692 
85 383 27 30 0.029906496 
40 278 9 12 0.029579513 
117 208 13 16 0.028816786 
84 479 10 13 0.028696151 
95 212 14 15 0.027992673 
785 140 15 19 0.02751095 
117 187 11 14 0.026950518 
201 311 30 30 0.026767083 
768 141 27 27 0.02654273 
96 352 10 12 0.02615537 
14 258 10 12 0.026007881 
797 150 15 17 0.025874276 
92 274 16 20 0.025456782 
1000 164 15 21 0.02516892 
193 269 9 13 0.025097277 
10 252 11 14 0.024879746 
198 317 15 20 0.024569489 
651 47 431 466 0.024412787 
2 129 15 20 0.024283247 
719 248 13 18 0.024039946 
80 141 25 32 0.02393004 
128 414 9 12 0.023416808 
174 352 10 12 0.02328725 
127 372 11 13 0.02311448 
733 166 9 12 0.022825051 
751 116 13 17 0.022614524 
61 358 19 21 0.022597635 
111 368 10 14 0.022458551 
54 285 9 12 0.022376852 
100 356 9 11 0.02207868 
979 77 46 68 0.021952046 
81 208 8 12 0.021729918 
103 189 11 13 0.021614112 
59 182 10 12 0.021456836 
810 203 29 32 0.021280976 
167 374 12 13 0.021200934 
558 420 104 107 0.020543579 
944 214 9 11 0.020469215 
42 479 104 153 0.020424513 
514 232 22 30 0.020149328 
