23_Shoppers_Shoppers_23_607
351
238 297 181 240 0.99969125 
170 1219 12 15 0.46857297 
175 1433 12 15 0.38857514 
189 1225 13 16 0.36045188 
89 1455 9 12 0.28796053 
212 1417 10 12 0.26183248 
477 1482 12 16 0.24994066 
884 450 66 47 0.22892505 
148 1238 11 13 0.2185955 
116 1268 10 13 0.19863434 
206 1199 8 11 0.19819102 
206 1382 9 10 0.17624347 
229 1411 9 12 0.16642913 
713 639 405 426 0.16466002 
609 995 446 580 0.15346815 
317 1206 9 12 0.1513431 
129 1236 9 12 0.13198614 
175 1284 10 13 0.12954633 
348 1290 11 15 0.12723485 
373 940 10 12 0.117163286 
102 1309 10 13 0.116501175 
368 1305 12 15 0.11398988 
453 916 11 14 0.113455094 
445 1276 10 13 0.10893954 
370 920 9 11 0.10472032 
232 1342 10 11 0.10311967 
151 1269 9 12 0.09946693 
391 926 9 11 0.09825602 
136 1219 10 13 0.09593914 
96 1309 10 13 0.09061577 
516 1286 13 16 0.0870205 
173 1200 9 11 0.08269096 
330 1177 13 17 0.082260564 
536 1341 12 15 0.08047374 
453 1270 10 12 0.07921836 
503 1333 10 13 0.07816237 
215 1193 9 11 0.076407276 
271 1269 10 13 0.07458016 
421 948 8 11 0.07448423 
543 1292 13 16 0.071292736 
143 1200 9 10 0.070818804 
129 1415 9 11 0.06826864 
160 1226 10 13 0.067613594 
277 1268 11 14 0.06759169 
113 1262 11 13 0.06669895 
119 1220 9 12 0.06662324 
112 1254 9 11 0.06647213 
847 646 47 58 0.064464554 
467 1333 12 14 0.06430387 
191 1415 10 12 0.06358515 
103 1454 10 12 0.06278376 
169 1206 9 11 0.062585935 
133 1415 8 11 0.062548995 
225 1408 10 12 0.062005997 
418 1253 9 12 0.06114198 
472 935 9 11 0.06058792 
103 1230 10 13 0.056825865 
199 1453 11 13 0.055314787 
134 1238 9 12 0.05404447 
448 1271 10 13 0.052035827 
88 1415 9 11 0.051759087 
304 1228 8 11 0.051741153 
168 1199 9 11 0.051161986 
246 1303 9 12 0.050836165 
352 1204 10 12 0.050471313 
377 1277 9 12 0.04996141 
144 1496 8 11 0.04984238 
175 1413 10 11 0.049567454 
135 1299 11 14 0.049536202 
392 920 9 10 0.04938914 
254 1422 7 11 0.04854637 
417 943 9 12 0.048291497 
489 924 9 11 0.048186414 
432 1309 9 12 0.047740366 
225 1357 8 11 0.046589233 
262 1277 10 12 0.04622019 
309 1222 10 13 0.04604513 
72 1427 8 12 0.04588485 
173 1423 11 13 0.045849565 
253 1368 8 10 0.04500385 
134 1320 10 13 0.04469972 
236 1279 10 12 0.04413322 
199 1443 11 14 0.044078022 
106 1412 12 14 0.043379117 
398 918 7 10 0.043310307 
349 909 10 11 0.04327478 
387 926 8 11 0.0431262 
89 1421 8 10 0.042874165 
238 1205 9 12 0.042520992 
449 917 9 12 0.042223796 
174 1363 11 13 0.04198878 
240 1302 9 12 0.04195213 
385 1228 8 11 0.041562643 
326 1290 11 15 0.041198064 
112 1248 9 11 0.0411764 
358 1203 9 12 0.041147713 
229 1302 11 14 0.04107397 
175 1316 9 11 0.040842466 
116 1255 9 12 0.040769193 
208 1192 9 12 0.040268965 
193 1406 9 10 0.040030174 
266 1429 8 11 0.039309606 
352 1199 8 11 0.03905495 
95 1511 11 13 0.038810052 
198 1406 9 11 0.038779687 
336 1245 9 12 0.03870343 
301 1482 10 13 0.038673237 
108 1407 10 13 0.038659867 
266 1271 9 11 0.038644426 
142 1302 8 11 0.038291417 
424 1471 8 12 0.037988167 
136 1430 9 12 0.037934467 
483 1482 11 14 0.037519954 
222 1245 9 12 0.037499744 
159 1445 9 12 0.03746933 
124 1389 12 13 0.037377037 
214 1397 10 12 0.03721972 
132 1230 10 12 0.036710687 
262 1238 9 12 0.036614347 
441 918 8 11 0.036602236 
184 1182 8 11 0.036573455 
327 1230 8 10 0.03650464 
192 1373 8 11 0.036410976 
329 1224 8 10 0.0357016 
93 1269 9 13 0.03558263 
117 1247 8 10 0.035297967 
424 912 7 9 0.035120826 
249 1367 8 10 0.035097018 
231 1286 10 11 0.03496071 
109 1231 10 13 0.034523018 
156 1469 10 14 0.034519922 
127 1205 8 10 0.033620298 
174 1239 9 11 0.033386152 
128 1256 9 11 0.033108044 
333 1223 8 11 0.032976694 
104 1293 8 11 0.032858104 
548 1270 11 15 0.032770734 
143 1308 8 11 0.03276946 
175 1271 11 13 0.03260613 
384 1453 9 12 0.032529365 
489 1317 10 12 0.03237343 
424 1316 10 12 0.032174163 
370 935 9 12 0.03203129 
141 1216 9 11 0.03199981 
497 1333 10 12 0.031905733 
159 1191 8 10 0.031680916 
170 1286 9 11 0.031562794 
88 1448 10 13 0.031402282 
103 1251 10 12 0.031354893 
172 1243 11 13 0.031328302 
201 1253 9 13 0.031298343 
245 1485 10 11 0.031174056 
94 1429 11 15 0.031029467 
401 1431 9 12 0.031007752 
416 1331 11 14 0.030982614 
429 1470 10 11 0.030916259 
221 1192 9 11 0.0307813 
176 1454 10 11 0.030769506 
230 1262 9 12 0.03067841 
149 1198 8 11 0.030551435 
432 1368 9 12 0.030446868 
71 1447 8 11 0.030231003 
377 1428 9 12 0.030213762 
150 1232 9 12 0.030028591 
184 1504 9 11 0.029837111 
255 1261 8 11 0.029469458 
480 1454 10 12 0.02924952 
256 1302 9 12 0.02920571 
238 1438 10 12 0.02916518 
118 1199 8 10 0.029157037 
183 1221 11 15 0.0291443 
94 1263 8 11 0.029142175 
143 150 11 14 0.029017607 
128 1324 9 12 0.028922288 
456 1289 10 12 0.02845204 
190 1190 10 13 0.028373512 
206 1253 10 15 0.028309314 
150 1262 11 14 0.028219188 
224 1287 9 11 0.028161636 
351 1225 8 11 0.028095055 
544 1519 10 12 0.027792532 
165 1443 10 13 0.027666453 
200 1432 8 11 0.027637152 
127 1200 8 10 0.027465979 
127 1404 10 12 0.027315801 
111 1399 8 11 0.027296828 
224 1300 12 15 0.027262399 
190 1341 9 11 0.027245546 
221 1213 9 11 0.02724042 
208 1398 9 12 0.027232876 
134 1287 10 13 0.027193299 
98 1224 7 10 0.02705568 
320 1231 9 10 0.027010303 
190 1233 11 14 0.026802806 
509 1340 10 12 0.026724273 
470 1511 10 12 0.026672788 
143 1500 8 10 0.026586752 
269 1430 10 12 0.026572496 
277 1306 10 13 0.026359206 
191 1197 8 11 0.026309948 
93 1413 11 13 0.026270142 
111 1219 9 11 0.026220202 
183 1396 9 12 0.026179362 
473 1480 12 14 0.026149623 
447 924 9 12 0.026042357 
199 1375 9 11 0.025978608 
380 1373 9 11 0.02593052 
383 910 8 10 0.025893897 
232 1346 11 13 0.025862921 
215 1430 9 10 0.025739254 
119 1228 9 11 0.025717154 
182 1360 9 12 0.025701359 
257 1222 9 11 0.025681032 
196 1222 10 13 0.025645435 
168 1364 10 13 0.025564255 
430 919 7 9 0.025514077 
311 1284 8 11 0.025483541 
124 1396 12 14 0.02547336 
98 1228 9 12 0.02542844 
352 1360 8 10 0.0253392 
136 1342 9 11 0.02527182 
507 1333 11 15 0.025225254 
310 1279 8 11 0.02517245 
238 1199 9 12 0.025081472 
225 1293 10 12 0.025036331 
258 1245 8 12 0.02503547 
295 1213 9 10 0.02501996 
430 1315 9 13 0.024914756 
406 912 7 9 0.024871172 
276 1286 10 13 0.024857478 
233 1432 8 10 0.024827499 
437 1307 10 12 0.024801744 
301 1335 9 11 0.024788326 
149 1255 11 13 0.02469499 
262 1245 9 11 0.024672765 
234 1199 8 11 0.024546677 
237 1237 12 14 0.024469221 
262 1221 9 12 0.024443632 
420 1351 9 10 0.024346257 
233 1436 10 12 0.02426831 
103 1418 14 18 0.02425994 
135 1421 9 11 0.024134079 
246 1479 10 12 0.024034407 
439 1283 10 13 0.02402467 
305 1414 8 11 0.023939274 
239 1212 8 10 0.023867691 
367 1296 10 12 0.023767876 
184 1340 10 13 0.02374659 
126 1214 9 12 0.023734665 
408 1411 10 12 0.023712255 
224 1262 10 12 0.02370598 
296 1221 9 12 0.02357159 
103 1221 9 13 0.02356314 
191 1279 9 12 0.023561144 
298 1228 8 11 0.023423394 
154 1446 9 10 0.023413714 
272 1324 8 11 0.023370173 
297 1335 9 11 0.023368318 
166 1224 11 14 0.023337752 
191 1245 9 11 0.023334535 
119 1302 8 11 0.023332492 
238 1255 9 11 0.023328487 
249 1414 9 12 0.023314336 
305 1223 9 13 0.023308586 
190 1333 10 12 0.023270043 
137 1199 8 10 0.023208153 
261 1301 9 12 0.023126908 
169 1316 9 11 0.023106739 
303 1274 9 13 0.023067895 
206 1386 10 13 0.023066383 
145 1232 9 11 0.023032768 
420 1328 10 12 0.022985198 
105 1215 9 11 0.02294658 
352 1341 10 13 0.022934513 
151 1183 7 9 0.022903003 
198 1333 9 11 0.022883978 
264 1253 9 11 0.022796426 
133 1487 7 10 0.022719843 
465 1325 10 13 0.022702238 
168 1435 11 16 0.022692775 
232 1214 9 11 0.022654332 
208 1219 9 13 0.022645598 
144 1261 9 13 0.022636807 
87 1370 10 12 0.022606302 
112 1274 10 12 0.022584874 
273 1319 9 11 0.022538595 
103 1479 8 10 0.0225109 
414 936 7 9 0.022497425 
114 1197 8 11 0.02238711 
360 1277 10 12 0.0223682 
272 1263 10 13 0.022360211 
375 1269 10 14 0.022276754 
340 1245 9 11 0.022238782 
190 1399 10 13 0.022226613 
193 1349 9 12 0.022192463 
360 1254 10 12 0.02217764 
152 1191 8 9 0.022176875 
153 1274 9 12 0.022153156 
185 1333 10 13 0.022133356 
128 1183 7 9 0.022029476 
135 1435 10 13 0.021950906 
383 934 8 10 0.021909075 
190 1215 9 11 0.021880426 
177 1183 8 10 0.021817043 
88 1311 9 13 0.021799171 
249 1461 9 11 0.021739677 
73 1491 10 12 0.021672713 
97 1304 9 12 0.021659393 
466 934 9 11 0.021655718 
183 1316 10 12 0.021627994 
110 1236 10 12 0.021492843 
527 1519 10 11 0.021448852 
547 1295 13 17 0.02130714 
449 912 8 11 0.021183511 
409 1455 8 10 0.021180483 
449 1263 8 10 0.021086395 
206 1405 8 11 0.021071667 
216 1437 10 12 0.021064775 
596 1446 15 19 0.021063201 
108 1455 9 11 0.021012248 
169 1421 9 11 0.021009995 
142 1179 10 13 0.020983772 
489 1277 9 12 0.020948024 
144 1240 11 14 0.020915503 
239 1335 9 11 0.0208777 
135 1308 10 12 0.020867003 
77 1422 9 13 0.020837016 
159 1438 11 15 0.02079677 
471 918 9 10 0.020727243 
314 1201 8 10 0.02064611 
320 1438 9 12 0.020643696 
414 1405 11 14 0.02058863 
453 1265 10 11 0.020542905 
112 1336 10 12 0.020525267 
297 1272 9 12 0.020462409 
196 1413 9 12 0.020398585 
157 1464 10 12 0.020378737 
198 1191 11 13 0.020357754 
254 1372 8 10 0.020352917 
240 1326 9 10 0.02033948 
101 1517 10 12 0.020286206 
472 912 8 10 0.020246936 
92 1457 11 13 0.020243982 
401 913 7 10 0.02023774 
336 912 7 9 0.020170571 
185 1177 7 9 0.020088712 
126 1221 10 12 0.020081732 
120 1183 7 10 0.020062027 
256 1428 7 10 0.020047005 
431 1339 10 13 0.02003332 
400 1309 9 12 0.020027885 
