23_Shoppers_Shoppers_23_514
38
516 25 17 21 0.47903076 
703 6 89 101 0.11731279 
759 290 33 39 0.09794114 
269 151 62 82 0.06548101 
272 10 46 53 0.06260927 
244 125 108 135 0.055407003 
943 532 40 45 0.053844742 
496 0 10 11 0.050352883 
266 0 19 18 0.048406582 
598 186 115 151 0.045466408 
705 313 18 20 0.045160532 
212 494 106 133 0.043823116 
629 86 51 70 0.04192852 
264 1 28 32 0.038842533 
230 366 113 121 0.038555868 
654 80 35 55 0.038102757 
640 147 150 227 0.035249498 
763 279 46 69 0.03450382 
523 12 12 13 0.033735815 
654 31 51 71 0.033609338 
529 115 101 113 0.033309534 
200 43 209 271 0.031662174 
340 191 16 20 0.030716507 
419 21 16 19 0.027182765 
249 512 16 19 0.026876602 
747 395 25 30 0.026049687 
442 268 26 31 0.02569624 
588 83 54 71 0.025563296 
525 7 11 12 0.024951924 
252 -1 84 92 0.024333937 
434 270 15 21 0.023718901 
205 519 34 41 0.022906873 
533 0 11 10 0.022070773 
334 269 10 12 0.02203172 
293 29 27 33 0.021995062 
446 274 15 19 0.020265609 
331 116 15 18 0.020241017 
422 1 13 14 0.020100066 
