23_Shoppers_Shoppers_23_25
48
451 61 41 66 0.99355906 
268 161 26 33 0.7050726 
365 113 13 18 0.45544493 
906 37 34 43 0.42536294 
887 78 19 28 0.17245403 
618 94 15 19 0.14035296 
370 111 13 17 0.12960008 
271 130 11 14 0.11928066 
897 18 34 38 0.101148866 
-1 485 47 80 0.09584984 
935 92 12 16 0.0730671 
318 344 13 17 0.07269671 
221 162 354 478 0.06864353 
823 103 22 28 0.050982725 
4 485 16 21 0.04841625 
230 257 58 70 0.04602134 
259 158 46 49 0.04422576 
909 44 43 59 0.039610878 
339 96 16 19 0.038438246 
720 122 224 311 0.035713658 
274 126 14 16 0.03563746 
233 462 80 124 0.034965582 
933 135 12 15 0.034625676 
78 446 10 13 0.03349343 
1 485 24 38 0.032539863 
293 273 215 302 0.031688992 
267 128 21 25 0.03168407 
934 276 11 13 0.03057381 
922 47 17 23 0.028158376 
438 92 29 45 0.027974255 
262 170 17 21 0.027500033 
13 355 14 18 0.027371159 
905 62 28 37 0.026984323 
359 118 15 19 0.026771232 
895 82 18 22 0.02596777 
265 127 12 14 0.024633806 
755 110 155 183 0.024561625 
5 364 14 17 0.024016263 
891 91 17 22 0.023780148 
323 485 10 12 0.023562789 
661 88 12 15 0.021592908 
-10 449 85 122 0.021512719 
268 138 29 38 0.021502791 
792 182 123 153 0.020852804 
250 166 30 33 0.02074718 
938 94 14 20 0.020539252 
356 167 29 30 0.020535585 
947 532 42 39 0.020032328 
