23_Shoppers_Shoppers_23_22
69
417 289 37 48 0.9976526 
615 256 49 70 0.9689418 
343 288 39 48 0.9598635 
238 242 35 60 0.92959434 
330 248 40 62 0.71050566 
25 109 29 51 0.4286727 
998 0 24 29 0.264531 
976 49 32 35 0.24833511 
197 259 37 50 0.23000538 
720 250 27 46 0.22885744 
71 103 28 49 0.18782878 
625 53 8 10 0.103838444 
756 205 12 16 0.07878305 
746 93 12 14 0.07773316 
135 0 37 34 0.06953385 
48 109 46 59 0.06746439 
734 210 13 15 0.0669538 
713 261 25 45 0.062326603 
531 319 14 18 0.060229972 
811 283 14 19 0.05900952 
654 63 11 14 0.048005596 
840 245 27 33 0.04800114 
218 250 44 59 0.046246555 
852 321 22 29 0.04535834 
14 60 12 18 0.043841884 
251 248 42 65 0.043645926 
764 205 16 18 0.042965412 
753 210 11 15 0.041882318 
728 214 10 13 0.04180579 
635 75 14 16 0.038465317 
687 140 12 16 0.037114963 
792 280 43 56 0.03710141 
692 84 11 14 0.036979593 
0 280 11 16 0.036948767 
739 203 13 17 0.035153143 
733 116 11 15 0.032619357 
803 278 24 33 0.032324415 
659 90 13 16 0.03184696 
752 107 14 17 0.030605724 
729 254 35 58 0.029612249 
71 112 43 63 0.028834887 
713 199 8 10 0.02813109 
719 214 9 12 0.02781679 
692 110 27 32 0.026618429 
776 263 47 65 0.026377587 
36 46 13 15 0.024924623 
766 193 15 19 0.024886725 
20 67 11 16 0.023702841 
691 220 12 14 0.023573719 
730 200 21 26 0.02348488 
378 308 27 36 0.023470698 
821 319 49 63 0.023422575 
613 62 9 12 0.023401173 
988 -8 38 51 0.023295581 
664 76 10 13 0.023132585 
10 299 14 19 0.022944566 
634 262 57 73 0.022909552 
700 230 12 15 0.02287355 
584 264 85 89 0.022816261 
607 325 39 38 0.022706022 
704 245 30 47 0.022664092 
710 227 51 72 0.022278808 
689 214 11 12 0.021554831 
671 128 14 16 0.021546312 
536 315 24 29 0.021280553 
613 70 8 12 0.020901043 
840 342 11 14 0.020572321 
543 256 11 14 0.020296227 
747 196 13 17 0.020176789 
