23_Shoppers_Shoppers_23_708
20
334 114 506 502 0.21918026 
398 37 36 54 0.18736984 
569 21 89 126 0.0959355 
218 118 46 57 0.059192855 
618 34 101 113 0.05530051 
-32 156 377 484 0.040512633 
277 74 11 14 0.03442293 
942 531 46 48 0.033667326 
399 15 58 86 0.030415647 
226 145 47 56 0.028671553 
166 128 349 478 0.025887253 
527 62 459 422 0.024438307 
219 125 28 36 0.023552127 
-2 135 89 140 0.023365615 
390 -2 103 139 0.023351096 
185 49 96 136 0.022298979 
232 244 205 291 0.021752184 
252 132 18 21 0.021017695 
404 37 15 19 0.020602196 
273 71 10 14 0.020051157 
