23_Shoppers_Shoppers_23_640
29
757 364 66 83 0.9995258 
3 338 89 115 0.99951243 
618 287 88 127 0.99865794 
350 237 167 215 0.9986273 
219 272 83 110 0.9970927 
832 373 80 105 0.99623775 
786 373 71 90 0.32299057 
176 957 49 60 0.15245743 
106 577 41 51 0.14115226 
59 70 112 116 0.06732784 
787 75 15 20 0.0613644 
812 165 10 12 0.039336886 
159 623 43 65 0.035540033 
751 76 15 20 0.03393374 
990 1040 27 30 0.032664064 
814 73 16 20 0.031703427 
806 165 10 14 0.03076138 
53 942 532 510 0.028386068 
164 597 96 128 0.027437553 
801 166 10 12 0.026209796 
609 1021 422 503 0.025887564 
810 255 16 19 0.025552161 
845 164 11 15 0.024033638 
868 112 15 19 0.023238525 
972 143 15 23 0.022803092 
966 914 11 16 0.022421354 
260 891 38 45 0.022195363 
163 621 24 35 0.021982776 
93 660 33 51 0.020457586 
