23_Shoppers_Shoppers_23_459
373
107 114 13 16 0.9523869 
780 126 8 11 0.41535047 
446 534 11 13 0.3784913 
550 567 9 11 0.35602978 
651 523 13 17 0.34969902 
134 124 10 12 0.3253749 
668 506 13 17 0.3078076 
463 319 10 12 0.26376694 
34 104 11 15 0.2357318 
753 131 10 13 0.21819131 
427 526 10 14 0.21698835 
386 312 8 11 0.1973048 
130 119 8 12 0.16052532 
600 526 10 12 0.1586095 
799 121 9 11 0.15156314 
128 539 12 15 0.14989902 
399 247 7 9 0.14610566 
504 543 7 9 0.14263852 
222 407 9 13 0.13530084 
342 279 7 9 0.1341178 
193 403 25 31 0.13102959 
837 452 11 15 0.11558968 
511 328 7 9 0.11456366 
166 123 8 11 0.11259481 
495 569 7 10 0.10984949 
175 415 9 11 0.107558526 
49 119 9 12 0.1064445 
392 302 8 10 0.10593807 
405 271 8 10 0.10364408 
196 110 12 14 0.10350469 
343 127 8 9 0.1033145 
806 430 10 12 0.10093543 
560 480 9 12 0.09973291 
511 540 8 9 0.09810187 
445 528 10 14 0.097532615 
598 554 13 16 0.09735553 
274 134 8 11 0.0957875 
92 519 24 31 0.09406618 
527 461 8 10 0.09086583 
758 296 13 15 0.08958947 
255 430 8 10 0.08872952 
199 103 10 12 0.08201424 
276 431 8 10 0.08157649 
449 342 8 10 0.081113294 
49 124 11 15 0.07894421 
774 108 8 10 0.078813925 
662 499 14 19 0.07701159 
643 536 14 18 0.07476262 
343 272 7 8 0.071655564 
439 272 6 8 0.07163051 
584 524 11 14 0.071586154 
429 318 8 10 0.071454674 
409 278 8 11 0.07044754 
478 639 8 10 0.07006557 
336 134 9 11 0.0689156 
128 548 12 14 0.068300456 
646 479 7 10 0.06773484 
425 241 7 10 0.06756264 
921 375 21 32 0.06592047 
700 581 14 17 0.0655431 
142 118 11 13 0.06544494 
449 336 9 11 0.06500945 
623 614 10 14 0.06500481 
582 519 11 12 0.06390804 
318 135 9 11 0.06332753 
405 541 14 18 0.061843336 
322 415 9 11 0.061705966 
649 507 9 12 0.061202146 
329 128 8 10 0.060919236 
478 552 8 10 0.059973896 
353 279 8 9 0.058036115 
304 127 7 9 0.057967916 
458 494 8 10 0.057499968 
756 126 11 14 0.05689447 
560 327 9 12 0.056315456 
525 456 8 11 0.056020357 
305 417 8 11 0.05587464 
658 492 12 17 0.05580157 
53 128 11 17 0.055797223 
590 525 9 14 0.054977164 
382 239 9 11 0.054709624 
450 562 13 16 0.054339916 
620 630 10 14 0.053466775 
399 303 10 12 0.05346371 
140 124 10 12 0.05331751 
166 447 9 10 0.052012872 
376 121 8 10 0.051989093 
401 307 10 13 0.05159446 
546 573 8 11 0.051374618 
415 285 6 9 0.051151685 
794 357 9 11 0.050310407 
512 476 8 10 0.04969471 
805 120 8 9 0.049452946 
815 136 9 10 0.048401013 
506 535 8 11 0.048112437 
583 487 7 10 0.047371928 
369 249 7 9 0.04722421 
86 514 16 22 0.046675052 
336 140 9 11 0.046616927 
437 548 9 12 0.046563234 
748 315 10 13 0.046476416 
808 425 9 11 0.046433847 
383 245 8 10 0.04619728 
250 429 9 12 0.0461776 
606 543 11 12 0.046059854 
352 271 8 9 0.04584785 
475 639 7 9 0.045687694 
352 266 8 9 0.04471557 
488 646 6 8 0.044265494 
401 265 7 9 0.0441559 
311 135 10 12 0.04395961 
204 101 9 12 0.043842863 
130 534 14 16 0.043371417 
430 241 7 10 0.04335044 
431 313 8 10 0.04309332 
759 430 9 12 0.04290472 
646 530 13 18 0.042602506 
603 549 12 14 0.04234783 
375 124 7 10 0.042048436 
594 556 10 13 0.042046454 
409 285 9 10 0.041544843 
848 407 10 12 0.041530676 
392 239 7 10 0.041264784 
149 117 8 11 0.04110522 
552 561 8 10 0.040402617 
671 591 9 11 0.04023568 
279 141 8 12 0.040215354 
485 671 8 10 0.040178027 
359 141 8 10 0.03978828 
452 339 9 12 0.03978229 
254 487 9 11 0.03954497 
802 311 8 10 0.039391264 
61 127 11 14 0.039351758 
413 281 7 9 0.039033663 
909 437 13 15 0.03890695 
391 278 7 9 0.03887061 
557 509 11 16 0.03871449 
472 551 9 11 0.038679726 
446 304 8 10 0.038647767 
97 530 25 29 0.038646244 
113 116 12 15 0.03836827 
4 750 16 17 0.038252544 
226 55 26 42 0.038145773 
584 492 9 12 0.037919182 
908 430 11 13 0.03773005 
335 128 8 11 0.037589 
776 295 8 10 0.03751717 
721 322 8 9 0.037304293 
647 580 11 15 0.037230678 
687 592 9 11 0.03714221 
184 439 9 11 0.0371277 
578 486 8 10 0.036691193 
305 134 9 11 0.03662003 
494 336 7 9 0.036460746 
581 327 10 11 0.036411148 
127 109 9 11 0.036277674 
753 453 18 22 0.036208373 
377 296 7 10 0.036115915 
33 85 11 14 0.036018044 
152 541 11 15 0.03601451 
653 508 12 14 0.036012925 
554 486 10 11 0.035957392 
360 136 7 10 0.035697676 
808 111 7 9 0.035584845 
856 420 11 14 0.035582438 
148 111 9 11 0.03555135 
566 510 11 15 0.035533335 
393 297 7 9 0.0355201 
181 411 10 13 0.03549464 
843 451 14 18 0.03546234 
498 544 8 10 0.035222203 
161 120 10 13 0.034879074 
480 557 8 9 0.034742907 
83 498 14 17 0.034641936 
80 493 13 15 0.03432689 
335 437 8 12 0.034262143 
441 310 8 10 0.034142997 
376 246 8 10 0.033939175 
255 117 9 13 0.03386096 
741 278 9 10 0.03374885 
640 494 8 11 0.033507157 
183 445 9 10 0.0335017 
814 414 8 10 0.033426356 
84 508 15 19 0.033415064 
440 518 9 11 0.03328353 
506 527 8 11 0.03320765 
606 530 10 13 0.03320635 
506 326 8 10 0.033147294 
624 542 10 12 0.033055473 
752 293 10 14 0.03279874 
5 124 11 14 0.03249122 
425 271 8 10 0.032472763 
167 441 8 11 0.03244015 
659 522 14 19 0.032281086 
449 671 8 10 0.03204521 
815 119 8 9 0.031635124 
468 750 10 12 0.031519976 
495 312 7 9 0.031093154 
16 102 10 13 0.031059526 
680 592 9 12 0.030844754 
503 319 6 9 0.030819701 
191 420 11 14 0.03062378 
439 333 8 11 0.030452227 
447 309 6 9 0.030375645 
448 249 7 9 0.030143872 
470 574 8 10 0.03008843 
502 548 8 10 0.030040603 
20 100 11 14 0.0298421 
451 541 9 12 0.029828038 
620 596 13 15 0.029769044 
442 303 8 11 0.029765934 
759 122 9 10 0.029764872 
479 644 8 10 0.029709132 
21 125 9 12 0.029643053 
596 548 21 25 0.029366944 
489 479 7 9 0.029142769 
170 416 9 12 0.029072635 
655 497 12 16 0.028926294 
831 412 10 13 0.028804082 
448 287 7 10 0.028741868 
85 76 13 15 0.028330216 
470 304 8 9 0.028185008 
384 232 8 10 0.028139215 
335 183 9 12 0.027943261 
768 103 10 12 0.02781728 
488 335 7 9 0.02781591 
229 166 9 11 0.027807377 
734 67 10 12 0.027806476 
794 120 8 11 0.027757313 
464 313 8 10 0.027655141 
826 423 9 11 0.027602186 
574 518 10 13 0.027513154 
446 639 10 13 0.027341025 
694 588 12 15 0.027207391 
544 486 8 10 0.02687721 
559 504 9 12 0.026780963 
804 123 10 12 0.026698735 
462 296 7 9 0.026657479 
457 279 7 9 0.02655783 
537 573 9 12 0.026543472 
324 418 10 11 0.026521496 
441 343 8 10 0.026414076 
600 543 12 14 0.026410777 
339 272 7 9 0.026276074 
481 335 8 11 0.026071649 
724 324 9 12 0.0259333 
703 190 10 13 0.025929052 
744 318 10 14 0.025857117 
310 128 8 10 0.0258115 
468 744 10 12 0.02580841 
853 405 11 14 0.025768775 
14 108 10 13 0.025756884 
471 310 7 10 0.025734577 
341 133 8 12 0.02572899 
613 542 9 12 0.025648842 
199 97 10 11 0.025641335 
41 565 28 35 0.025603956 
439 543 10 12 0.025513886 
383 297 7 9 0.02547885 
391 232 7 10 0.025449827 
240 125 7 10 0.025400536 
23 545 11 15 0.025377644 
585 530 9 13 0.025354775 
480 573 10 11 0.02527221 
35 90 11 15 0.025239302 
406 265 8 9 0.025166497 
357 278 8 11 0.025154462 
383 120 7 10 0.025030334 
296 151 8 11 0.024944393 
687 70 9 10 0.024930747 
161 447 9 11 0.024817836 
223 144 8 11 0.024774037 
833 398 11 13 0.024651913 
717 347 13 14 0.024428237 
725 340 13 16 0.02438229 
447 545 11 13 0.024296867 
433 271 8 9 0.024275588 
637 179 10 13 0.024165137 
215 410 12 15 0.023953013 
814 158 9 11 0.0237923 
78 486 23 26 0.023775972 
441 510 9 11 0.023748234 
344 265 8 10 0.023698384 
463 510 10 11 0.02365924 
378 206 434 493 0.023651283 
359 270 6 8 0.023634039 
388 315 9 12 0.023565577 
438 278 7 9 0.023521628 
829 430 11 14 0.023516033 
816 478 11 13 0.023509003 
760 317 9 11 0.023504602 
808 398 8 12 0.023473492 
468 318 9 12 0.02343489 
612 626 20 28 0.02334721 
272 434 12 15 0.023305552 
280 148 9 12 0.023297673 
612 549 10 12 0.023207687 
392 286 7 10 0.02309851 
240 463 9 12 0.022941409 
801 317 9 11 0.022896994 
742 324 11 14 0.022882931 
15 125 9 12 0.022862606 
488 567 9 11 0.02283962 
404 303 10 12 0.022822356 
369 253 8 11 0.02275694 
20 112 203 220 0.022684444 
789 65 11 13 0.022629485 
367 332 11 13 0.022603502 
456 664 8 10 0.02258671 
126 542 20 25 0.022462245 
360 128 7 8 0.022446709 
582 511 12 14 0.022375034 
158 452 10 11 0.02233544 
446 504 8 10 0.022294609 
567 504 9 11 0.022266254 
398 240 8 11 0.022223787 
529 319 9 11 0.022134097 
120 103 10 13 0.02206772 
782 120 8 11 0.02188112 
462 502 9 10 0.021873426 
463 302 7 9 0.021853095 
694 454 11 14 0.02184419 
674 548 9 11 0.021836083 
454 670 7 10 0.021827642 
563 482 10 13 0.021732172 
406 327 8 11 0.021730095 
432 264 7 8 0.021722935 
589 518 10 13 0.021671142 
190 438 8 11 0.021626944 
855 399 10 13 0.02159479 
658 228 18 23 0.021567293 
794 351 8 12 0.021541947 
399 288 8 9 0.021399273 
174 446 8 10 0.021378225 
569 523 10 15 0.02132649 
692 583 21 26 0.02123531 
373 333 9 11 0.021233475 
473 646 9 10 0.021166906 
596 520 20 25 0.021155797 
393 246 8 10 0.021137936 
222 149 9 11 0.021118153 
498 549 8 10 0.021101186 
809 324 9 12 0.02109678 
153 455 9 10 0.021067945 
599 575 9 12 0.021011231 
98 508 18 22 0.02100357 
489 312 8 10 0.020987919 
62 509 10 13 0.020947326 
827 76 167 241 0.020819845 
799 143 9 11 0.020795487 
297 119 8 11 0.020791983 
904 415 8 9 0.020770898 
557 490 10 13 0.020700375 
456 311 8 10 0.020663079 
168 420 9 12 0.020662617 
910 414 9 11 0.020458126 
436 522 19 23 0.020415714 
385 254 8 9 0.020401252 
459 319 8 10 0.020392258 
463 287 6 8 0.020367803 
697 571 15 19 0.020342357 
693 132 9 12 0.020328034 
502 493 9 10 0.020327091 
754 298 11 14 0.02032302 
519 541 7 9 0.020259114 
799 133 10 11 0.020218117 
736 273 9 10 0.020179821 
431 125 8 10 0.020131957 
394 262 6 9 0.020105159 
811 429 10 14 0.020033926 
409 351 7 10 0.020030348 
457 287 7 9 0.020022197 
161 440 9 10 0.020016676 
