23_Shoppers_Shoppers_23_880
38
190 99 76 155 0.9694644 
736 200 99 124 0.9403956 
693 721 83 63 0.236548 
225 168 259 217 0.21408896 
387 542 541 379 0.20437331 
-88 306 498 459 0.14592065 
404 182 44 56 0.13390881 
233 112 84 139 0.13188364 
473 863 583 503 0.10193173 
266 140 110 147 0.07571971 
155 446 493 405 0.07149944 
159 92 389 368 0.0619749 
44 460 242 232 0.055139683 
285 203 140 108 0.051615253 
-51 485 400 517 0.043871783 
341 223 82 63 0.04164939 
557 640 82 61 0.04043513 
389 144 53 85 0.038154222 
412 165 15 22 0.033476707 
381 195 59 57 0.03145239 
390 220 66 58 0.030389996 
433 208 18 23 0.030358922 
634 471 410 433 0.02933889 
683 712 135 113 0.028758895 
416 101 30 32 0.027618121 
214 46 21 28 0.027457807 
595 648 47 37 0.027439203 
432 196 30 36 0.027024278 
346 74 103 149 0.02699125 
314 618 138 117 0.026685555 
409 120 56 69 0.025817074 
423 115 32 39 0.025803747 
542 636 255 191 0.02312903 
205 50 13 19 0.021821238 
556 641 48 40 0.021804754 
49 491 177 120 0.021561561 
206 74 71 104 0.020867083 
572 644 135 106 0.020586 
