23_Shoppers_Shoppers_23_91
43
635 119 47 53 0.99782455 
365 228 30 49 0.9952943 
312 265 22 35 0.9809186 
195 203 23 36 0.5586385 
378 115 44 61 0.18507876 
205 282 15 19 0.18442427 
117 267 14 17 0.13895863 
252 294 12 14 0.08601518 
169 300 25 28 0.07912308 
110 267 12 16 0.0761303 
262 285 9 11 0.07436452 
307 245 14 19 0.06866024 
298 242 26 34 0.063867055 
974 235 23 33 0.05876818 
246 319 12 15 0.0577676 
254 379 13 16 0.051223524 
229 312 16 21 0.047550797 
103 269 12 15 0.04024447 
255 288 10 12 0.03784036 
373 215 26 43 0.03557296 
752 237 11 13 0.035538353 
300 239 14 17 0.035358243 
296 243 14 18 0.033951692 
966 238 36 49 0.02881017 
34 320 7 11 0.02660623 
141 236 12 14 0.026510624 
300 249 37 47 0.02627103 
21 364 8 10 0.025931688 
134 267 12 15 0.02568026 
321 269 15 23 0.025670683 
248 298 12 15 0.025363615 
204 228 22 30 0.024296539 
5 257 15 22 0.024041623 
407 325 12 15 0.023426618 
281 347 16 17 0.022854561 
280 368 9 11 0.022388143 
270 281 12 17 0.02207099 
18 359 9 11 0.021569911 
9 230 9 13 0.02131692 
315 258 16 28 0.021185812 
52 308 9 13 0.020766424 
324 272 21 30 0.020680418 
201 306 22 26 0.02026052 
