9_Press_Conference_Press_Conference_9_563
22
392 105 189 262 0.9998963 
780 213 129 166 0.99953806 
989 281 15 18 0.13425684 
723 34 16 19 0.10660124 
369 29 25 29 0.104395576 
980 321 44 63 0.07833687 
257 331 44 66 0.0734162 
160 225 64 81 0.071303025 
250 344 31 45 0.062255904 
372 21 17 20 0.05985367 
461 538 66 69 0.05579671 
418 543 123 105 0.053832132 
716 74 45 57 0.049351424 
266 562 109 83 0.03780551 
719 37 24 28 0.037352048 
341 148 413 469 0.037205324 
961 530 36 41 0.030953454 
575 570 28 33 0.027340721 
889 186 15 19 0.02671966 
668 356 36 47 0.026089367 
931 418 33 45 0.025159292 
462 585 70 69 0.0250288 
