9_Press_Conference_Press_Conference_9_518
20
764 153 175 277 0.9996526 
391 318 172 242 0.99844176 
80 195 386 497 0.1463992 
945 1334 9 13 0.07346112 
777 1349 30 40 0.06559817 
497 960 64 72 0.051815685 
696 811 403 465 0.038126443 
156 503 409 451 0.03738241 
189 980 399 477 0.03399833 
740 138 128 195 0.029539514 
248 40 412 468 0.029326133 
249 1403 31 40 0.027183667 
962 1349 18 23 0.025509207 
709 111 115 153 0.024829073 
592 1492 43 53 0.024360975 
716 124 35 44 0.023524623 
977 1433 17 21 0.021411132 
831 1297 13 16 0.021364048 
606 129 375 424 0.0210457 
750 1299 83 104 0.020900393 
