9_Press_Conference_Press_Conference_9_352
17
120 465 528 655 0.99998987 
346 524 397 508 0.9793022 
687 1204 368 485 0.3166731 
627 1382 113 135 0.2604224 
-91 1036 442 553 0.15819952 
581 1330 209 268 0.13882542 
161 331 399 529 0.10317187 
205 933 470 525 0.08569788 
-8 1301 276 331 0.061107676 
394 341 422 466 0.060539167 
610 579 389 486 0.050143726 
760 169 453 522 0.04941866 
753 1304 229 276 0.04325618 
642 977 354 490 0.03529485 
418 1102 391 506 0.034956563 
98 202 399 457 0.026872808 
630 -91 427 473 0.023040118 
