9_Press_Conference_Press_Conference_9_66
48
219 173 70 87 0.9957339 
887 265 71 87 0.99485093 
457 287 47 70 0.97468966 
122 18 37 42 0.80440015 
641 139 17 18 0.43848503 
648 171 17 19 0.2952223 
573 115 16 20 0.22078651 
402 336 51 58 0.20419429 
71 149 13 18 0.12941708 
100 235 42 51 0.11382485 
143 261 51 51 0.05854511 
639 145 22 26 0.053679302 
440 304 49 63 0.050910257 
429 190 42 56 0.04675808 
178 270 44 54 0.04257086 
411 125 27 27 0.0408506 
298 133 28 31 0.03909647 
129 11 21 21 0.0354562 
833 294 50 78 0.03505683 
576 110 25 30 0.03337497 
93 226 33 43 0.03316772 
569 192 16 20 0.03160775 
662 179 13 17 0.031289667 
481 114 26 28 0.030789107 
615 222 10 13 0.030237699 
76 125 12 15 0.030136568 
831 234 44 50 0.029492768 
571 125 17 20 0.028935699 
197 280 35 48 0.028798534 
566 114 16 20 0.028713662 
738 138 25 28 0.027208267 
133 4 30 32 0.027045833 
153 73 30 34 0.026516711 
407 172 54 63 0.025531534 
572 152 24 27 0.025521217 
573 70 17 20 0.02469358 
579 148 17 20 0.02307671 
186 166 45 69 0.022254113 
640 158 23 28 0.022189887 
145 8 17 21 0.022029957 
87 35 14 18 0.022003103 
362 246 42 55 0.021508658 
637 194 30 31 0.021347504 
171 292 53 66 0.02104959 
658 201 15 16 0.021021223 
280 210 29 41 0.020807365 
59 152 42 58 0.020318089 
474 78 17 20 0.020140149 
