9_Press_Conference_Press_Conference_9_278
17
593 114 78 113 0.99884295 
518 253 40 48 0.09146017 
537 253 25 37 0.051929083 
978 484 12 14 0.047381677 
474 260 27 31 0.0468516 
327 218 388 467 0.039780594 
449 271 36 41 0.033264045 
979 501 12 15 0.029953485 
390 234 41 54 0.02980977 
466 245 32 40 0.02964076 
989 548 37 61 0.027769543 
457 255 32 39 0.026767703 
464 266 34 40 0.026357004 
541 250 17 21 0.026025875 
979 491 13 16 0.022792587 
412 253 52 59 0.021609051 
486 239 28 31 0.020534702 
