9_Press_Conference_Press_Conference_9_636
18
218 363 468 544 0.9999938 
286 635 444 536 0.3642398 
712 266 429 492 0.18143909 
539 1034 387 462 0.16006541 
411 289 360 496 0.15539737 
779 1030 215 272 0.102433175 
331 1170 312 447 0.09415541 
130 242 409 518 0.08430771 
189 34 391 533 0.07337688 
333 1278 182 150 0.056906857 
30 967 182 215 0.051045842 
261 1214 256 295 0.03674531 
867 871 92 113 0.025061019 
898 873 108 138 0.023818104 
420 828 251 354 0.021527704 
-105 -53 402 492 0.021402383 
324 1211 156 172 0.020931443 
86 790 471 445 0.020076344 
