9_Press_Conference_Press_Conference_9_31
214
46 286 14 17 0.99285114 
81 481 21 36 0.9336569 
18 307 15 18 0.9045796 
443 205 15 21 0.88389426 
587 210 14 18 0.8459434 
806 444 28 32 0.7823876 
859 431 22 29 0.78011084 
338 386 21 27 0.73577607 
186 377 22 28 0.71456254 
56 421 28 32 0.69476694 
259 373 26 31 0.6327307 
150 426 30 37 0.5826552 
339 492 29 36 0.57730067 
905 400 26 35 0.52251935 
117 374 17 23 0.51752347 
958 437 24 29 0.4823294 
279 579 54 51 0.4222152 
614 433 28 34 0.35055387 
745 379 24 29 0.34929195 
969 493 28 36 0.3387884 
192 436 32 38 0.3372696 
70 377 22 28 0.3315723 
818 373 22 27 0.32469073 
663 389 18 20 0.3232228 
396 432 26 30 0.3058568 
403 381 22 26 0.280106 
878 389 21 26 0.27540702 
83 378 15 22 0.26197937 
980 354 17 21 0.25296918 
11 423 17 23 0.2366214 
19 359 17 19 0.21859741 
28 439 17 21 0.20196436 
67 485 34 49 0.18471545 
867 427 24 30 0.17718403 
969 434 26 30 0.17396128 
298 442 30 34 0.17199335 
66 428 26 31 0.1669733 
929 364 17 20 0.14227766 
887 494 32 38 0.14063378 
336 508 42 58 0.1363403 
72 360 25 29 0.12040351 
938 365 18 20 0.11652267 
870 518 22 34 0.115811706 
29 619 25 29 0.114352345 
589 454 31 38 0.11186069 
786 491 30 36 0.10671001 
804 431 26 30 0.10292009 
599 438 42 54 0.1028593 
876 516 38 46 0.101936504 
224 516 30 39 0.0987181 
825 449 15 21 0.09734927 
680 533 19 31 0.096445255 
721 612 68 54 0.095630765 
315 434 16 19 0.09527652 
63 413 25 29 0.09409441 
394 452 27 31 0.086061835 
429 210 11 15 0.08589396 
722 432 24 29 0.080289446 
25 306 13 18 0.08023301 
300 586 59 58 0.07804422 
595 386 16 19 0.07621103 
332 458 14 18 0.07512928 
139 529 16 21 0.07209559 
64 386 23 27 0.0700215 
885 392 24 30 0.069951646 
279 597 31 38 0.06797792 
972 490 18 24 0.06739426 
152 508 39 48 0.06600963 
661 382 15 18 0.06427401 
75 596 25 37 0.061843663 
404 393 22 26 0.061277702 
0 309 10 17 0.06095381 
915 395 14 19 0.0609248 
928 370 21 26 0.06007957 
1004 370 16 20 0.059661027 
874 497 30 36 0.0578319 
82 338 14 16 0.05748788 
9 409 19 26 0.055908304 
869 385 21 27 0.055570222 
657 387 12 20 0.05530896 
883 381 18 21 0.055277623 
958 221 12 14 0.05356444 
310 580 32 43 0.050976887 
856 522 27 41 0.0508722 
104 563 44 63 0.050472807 
304 430 24 28 0.050050866 
326 456 15 19 0.050008908 
741 390 16 21 0.049709167 
298 440 20 22 0.04960046 
814 361 24 30 0.048753954 
20 426 19 27 0.046859927 
317 334 23 30 0.045931138 
408 461 26 32 0.045756012 
797 443 19 24 0.045699727 
308 639 53 49 0.044308547 
814 376 16 21 0.043881048 
852 371 21 25 0.04387088 
334 453 23 28 0.04213736 
171 518 25 36 0.04082381 
76 344 22 26 0.04073946 
343 527 48 60 0.04069754 
901 436 17 20 0.04061128 
908 395 16 22 0.04044705 
1014 312 10 18 0.03977841 
19 394 24 26 0.03950824 
980 365 17 21 0.038949717 
160 417 25 33 0.038914982 
345 379 16 26 0.038405836 
782 393 15 20 0.03813906 
110 382 26 32 0.03718314 
656 381 12 16 0.036776446 
18 415 17 27 0.03666645 
461 639 16 21 0.03649289 
320 449 25 30 0.03646224 
436 187 11 15 0.035265636 
679 601 120 91 0.034805488 
430 202 19 26 0.034757975 
732 530 14 18 0.034289636 
591 393 16 20 0.034017514 
299 361 18 23 0.033758417 
43 346 16 21 0.033733375 
720 519 29 34 0.033697654 
868 366 15 16 0.0333383 
467 632 15 23 0.033297114 
44 341 14 16 0.032847565 
60 364 23 28 0.032368742 
839 515 34 47 0.03233167 
56 591 45 55 0.032205917 
110 371 18 22 0.032041837 
857 383 20 26 0.03139861 
873 406 24 29 0.03131264 
345 484 42 52 0.03123694 
344 455 26 31 0.030610066 
877 625 51 57 0.030261353 
748 374 16 19 0.02991675 
795 455 36 39 0.029754287 
133 524 47 53 0.029510897 
314 448 17 21 0.029386332 
393 452 43 51 0.029334186 
820 383 24 28 0.029209308 
970 429 19 22 0.028998759 
660 602 16 19 0.028751599 
867 379 16 21 0.02862716 
668 513 34 51 0.028193815 
436 196 15 19 0.028175686 
776 493 26 37 0.027809653 
976 481 27 33 0.02741378 
853 364 17 18 0.027339045 
419 471 17 21 0.026843896 
833 450 15 21 0.02649685 
845 436 21 29 0.026314681 
85 572 42 60 0.02621767 
825 367 23 28 0.026141774 
138 517 27 34 0.026088748 
639 197 12 16 0.025999602 
162 427 37 47 0.025979508 
976 426 28 33 0.02554073 
4 308 13 17 0.025500646 
579 184 23 28 0.025178712 
600 457 18 21 0.024809867 
931 381 17 22 0.024808057 
994 276 26 38 0.02470973 
973 356 18 24 0.02463856 
814 364 15 18 0.024525017 
83 365 22 30 0.024441509 
925 356 16 21 0.024422975 
417 384 15 22 0.024385748 
257 385 33 39 0.024275685 
99 440 23 28 0.024131529 
762 490 26 35 0.024085542 
391 191 10 14 0.02396212 
869 517 14 20 0.023848286 
752 470 31 42 0.023802489 
373 397 12 16 0.023756044 
80 437 16 24 0.02356485 
880 434 16 21 0.023530578 
298 385 18 24 0.023485927 
403 475 44 54 0.023324229 
920 231 11 14 0.023233332 
950 439 17 24 0.02322209 
430 195 13 16 0.02320809 
11 591 23 32 0.02318111 
352 498 18 26 0.023142269 
677 523 17 26 0.023120293 
667 397 17 19 0.023013264 
721 503 34 38 0.022939077 
950 446 25 34 0.022869317 
901 350 15 17 0.02282697 
883 478 34 38 0.02268033 
43 352 22 28 0.022331953 
304 612 55 55 0.02231615 
376 464 45 56 0.022269329 
54 429 18 22 0.022140237 
829 573 39 59 0.022062464 
171 515 47 58 0.022048451 
333 380 19 22 0.021877494 
408 434 18 22 0.021838617 
269 593 29 36 0.021619476 
732 393 16 19 0.02156519 
683 450 18 20 0.021516318 
881 460 27 31 0.021491293 
710 435 21 34 0.021239992 
729 460 41 49 0.021201847 
795 499 30 35 0.0211507 
1 414 23 33 0.021122092 
857 588 42 59 0.020966724 
761 378 16 21 0.020545706 
55 435 30 34 0.020511203 
359 464 42 50 0.020238508 
354 548 46 62 0.02023304 
951 505 37 49 0.020142466 
790 474 36 39 0.020124692 
655 602 27 31 0.020113379 
838 443 23 30 0.020110583 
