9_Press_Conference_Press_Conference_9_748
23
296 217 411 560 0.9999716 
309 445 559 581 0.24053487 
333 1076 444 544 0.14820026 
-67 466 369 499 0.103380665 
236 866 418 572 0.10006001 
436 701 429 518 0.089058764 
744 551 337 478 0.069529325 
203 88 399 489 0.0644982 
625 7 347 468 0.06263448 
279 1187 201 332 0.061297096 
621 61 198 269 0.052049853 
56 983 374 494 0.051826052 
32 514 215 343 0.046533115 
713 17 217 293 0.04369255 
-28 404 239 330 0.040986188 
581 568 365 498 0.031961434 
419 983 486 460 0.030859072 
840 577 178 269 0.02820612 
-33 -50 465 439 0.02506557 
648 773 433 531 0.024070231 
70 645 217 344 0.022531537 
3 624 116 175 0.022038428 
59 418 131 155 0.021178778 
