9_Press_Conference_Press_Conference_9_710
17
270 294 423 560 0.9999881 
474 1341 34 35 0.51848763 
940 1366 44 65 0.4854682 
899 183 49 72 0.23562282 
846 335 65 84 0.14503261 
947 975 37 50 0.13791724 
963 1425 47 69 0.12535755 
770 159 32 41 0.061241895 
831 497 54 73 0.055249963 
217 564 499 593 0.047600947 
956 1387 51 78 0.046528064 
211 124 407 455 0.033699967 
-2 495 35 61 0.02797642 
466 1325 34 37 0.02747631 
828 599 49 68 0.026541863 
699 1340 38 44 0.021947179 
839 295 52 72 0.02125727 
