9_Press_Conference_Press_Conference_9_607
35
326 170 249 329 0.99988806 
934 71 28 52 0.7541716 
148 388 87 121 0.19878474 
898 70 42 57 0.10607787 
828 174 56 67 0.081685215 
-85 42 418 419 0.056836836 
673 598 61 69 0.048871372 
324 577 57 88 0.04833822 
314 341 422 462 0.048122965 
251 717 100 128 0.04694173 
811 180 120 132 0.046280008 
590 97 379 443 0.04337318 
830 212 74 80 0.042873085 
685 616 95 91 0.03333538 
380 773 13 16 0.03329005 
740 867 42 57 0.032392148 
93 909 432 496 0.03171934 
810 647 18 20 0.029345332 
796 674 48 55 0.028534487 
892 75 26 45 0.02819005 
799 658 26 29 0.02757227 
177 88 343 395 0.027280254 
836 164 34 57 0.026731001 
665 771 16 20 0.025720242 
918 85 39 45 0.024318108 
969 3 42 50 0.02284585 
272 529 110 159 0.022343995 
758 656 57 53 0.021959526 
284 866 24 27 0.021918396 
796 70 14 17 0.021717785 
970 4 16 18 0.02118251 
742 909 115 148 0.020641785 
357 1027 17 23 0.020516766 
708 869 14 18 0.020299125 
660 754 15 16 0.020042263 
