9_Press_Conference_Press_Conference_9_397
19
87 91 45 59 0.9988721 
871 141 49 60 0.9981944 
356 104 44 57 0.99730945 
481 117 44 57 0.9967109 
627 115 41 54 0.99483925 
207 130 42 52 0.99410653 
715 156 38 47 0.9904523 
787 163 40 48 0.97325957 
679 292 19 23 0.546667 
292 99 25 32 0.45624742 
758 163 14 19 0.08249399 
761 185 29 45 0.07392984 
788 182 42 54 0.061409604 
801 211 27 32 0.056468792 
747 157 25 32 0.032185733 
613 136 13 19 0.0286213 
775 173 34 41 0.02348607 
738 126 26 32 0.023050781 
241 133 31 39 0.02260572 
