9_Press_Conference_Press_Conference_9_12
159
106 219 33 42 0.99905413 
932 205 33 55 0.99123466 
673 261 15 19 0.9877771 
263 305 17 21 0.9724878 
617 288 14 19 0.9712172 
514 292 13 16 0.96449697 
390 313 20 25 0.9608523 
317 318 20 25 0.9577364 
568 286 13 18 0.94749165 
803 429 38 59 0.90168023 
205 338 23 33 0.8668572 
458 498 33 49 0.8528108 
181 252 22 26 0.77887714 
318 238 16 20 0.65100235 
635 485 55 56 0.5245063 
52 245 9 11 0.4318334 
330 237 14 18 0.42647913 
118 380 30 37 0.34768304 
723 371 23 36 0.34077916 
135 387 26 36 0.2632892 
22 247 9 11 0.25913274 
840 327 10 12 0.24193396 
203 313 14 17 0.22703253 
355 347 17 21 0.22186838 
413 343 22 28 0.20124306 
197 239 17 20 0.19841218 
559 338 23 36 0.18895268 
471 345 22 29 0.15270895 
666 350 22 30 0.14326067 
702 291 13 14 0.14240193 
300 245 12 16 0.13519764 
692 308 14 17 0.13118842 
186 242 22 27 0.120277874 
250 330 17 23 0.11786068 
631 315 22 27 0.108771674 
485 317 10 12 0.10655853 
644 351 23 28 0.100177035 
836 306 16 18 0.09866784 
756 664 20 22 0.09538752 
311 242 12 17 0.092570595 
97 334 20 23 0.092210054 
46 260 11 14 0.0891249 
403 463 39 51 0.075973175 
670 290 16 21 0.07325259 
694 338 36 38 0.06796117 
247 325 14 17 0.06675417 
3 279 13 16 0.06318381 
473 332 23 31 0.060486376 
197 341 19 24 0.05936828 
483 324 14 18 0.05611734 
823 345 29 36 0.055561762 
495 315 11 14 0.055027746 
721 286 14 15 0.053345613 
570 341 29 35 0.0529607 
540 428 37 37 0.052908704 
307 357 18 26 0.05251465 
570 304 14 17 0.05144503 
406 349 21 25 0.048113152 
481 337 29 32 0.047242682 
301 239 9 14 0.046578247 
65 253 9 12 0.046137564 
477 331 14 18 0.045745905 
655 355 30 35 0.04568303 
464 481 48 67 0.04541398 
51 259 12 15 0.043224677 
47 253 12 15 0.04310596 
828 359 17 21 0.042886443 
480 353 17 20 0.042725902 
195 332 17 23 0.04184718 
289 430 31 46 0.041542035 
587 344 21 32 0.041454352 
701 315 12 15 0.040085223 
710 373 28 31 0.038603038 
303 174 13 17 0.038040135 
362 351 15 21 0.037301417 
70 260 9 13 0.037120327 
570 321 17 20 0.03628833 
644 345 16 24 0.03589966 
500 314 14 18 0.03567859 
424 346 17 24 0.035529133 
637 321 23 33 0.034877643 
337 237 12 17 0.034682162 
191 317 11 13 0.03432903 
670 474 46 56 0.034125485 
510 353 14 20 0.033501744 
351 308 11 16 0.033178505 
677 343 23 37 0.032859314 
565 327 27 34 0.03250242 
189 236 15 19 0.032383412 
471 338 13 20 0.031967063 
685 89 99 152 0.03141992 
694 298 22 27 0.030625453 
52 251 11 14 0.029969007 
17 249 11 14 0.029948726 
536 434 49 56 0.029078059 
700 289 21 25 0.029031703 
492 323 13 16 0.02889989 
357 307 13 17 0.028331462 
831 332 25 33 0.028051391 
69 254 10 13 0.02785605 
324 311 14 17 0.027834889 
474 334 10 14 0.027762713 
696 291 14 18 0.027318181 
339 417 30 43 0.026988134 
551 334 22 31 0.026450496 
569 296 16 19 0.026056146 
219 342 23 33 0.025805138 
122 394 20 27 0.025588838 
634 310 16 19 0.02554961 
4 280 22 26 0.02540045 
732 363 16 26 0.025350599 
662 289 15 19 0.02519156 
639 354 14 20 0.025178878 
210 316 10 14 0.024774285 
834 322 22 27 0.02476047 
195 319 23 29 0.024711763 
682 297 24 30 0.024434596 
716 287 22 23 0.024375867 
481 321 27 33 0.024310503 
278 436 60 69 0.024211265 
17 241 9 11 0.023887029 
567 314 15 20 0.023885084 
691 349 23 35 0.023879936 
27 246 9 12 0.023862682 
851 371 12 15 0.023794377 
580 316 13 18 0.023720438 
563 361 26 31 0.02338529 
256 450 34 43 0.023287866 
313 321 15 19 0.022950893 
303 240 21 28 0.022945536 
242 334 21 30 0.0227636 
267 330 14 18 0.022462035 
258 333 18 23 0.022457054 
418 477 53 55 0.022393186 
14 267 11 13 0.022361457 
620 462 49 65 0.022306882 
818 438 36 45 0.022265276 
744 290 30 32 0.022234574 
30 292 10 14 0.02211198 
748 311 16 21 0.02193643 
193 254 16 22 0.021932987 
188 332 17 21 0.021882767 
20 260 12 15 0.021826977 
702 319 30 37 0.021717139 
298 168 22 29 0.021687148 
675 285 22 28 0.021475656 
284 354 22 33 0.02144203 
534 309 9 12 0.021391759 
156 275 12 15 0.021385187 
706 287 12 14 0.02120146 
202 330 18 26 0.021005847 
21 293 14 16 0.020972393 
306 422 78 99 0.020874126 
675 280 15 20 0.020770669 
27 252 10 13 0.020750588 
695 361 25 33 0.020654678 
48 240 17 22 0.020421231 
778 417 68 91 0.02037928 
18 241 18 23 0.02014016 
