9_Press_Conference_Press_Conference_9_297
35
403 178 272 356 0.9998939 
499 911 60 71 0.35131603 
714 685 99 118 0.31366354 
495 88 388 521 0.16807039 
210 1391 194 223 0.118170574 
208 1173 25 28 0.10501812 
817 122 71 80 0.098910585 
271 914 24 34 0.065566294 
847 654 35 51 0.05857547 
586 902 86 105 0.052442994 
259 1099 14 18 0.045605496 
502 879 53 66 0.04410294 
215 929 45 62 0.041311912 
261 892 41 56 0.037403468 
488 899 25 32 0.033859186 
617 22 57 76 0.033165503 
429 798 15 19 0.031115914 
78 431 48 52 0.03099072 
264 954 27 39 0.030611595 
273 636 121 182 0.03041389 
786 1103 14 17 0.028406022 
402 1194 16 21 0.026699008 
170 1149 17 22 0.026052373 
368 798 27 28 0.025822485 
103 445 56 57 0.025624828 
445 858 17 20 0.02523541 
518 1122 14 17 0.024693193 
139 1049 24 34 0.023334147 
203 1129 24 28 0.023177605 
501 893 11 15 0.023002464 
443 862 25 29 0.022348579 
497 900 16 20 0.022178983 
328 970 29 38 0.021697832 
717 615 15 19 0.021558361 
786 83 117 137 0.021457927 
