51_Dresses_wearingdress_51_739
61
440 104 128 188 0.9995443 
256 170 27 36 0.9988079 
906 277 35 44 0.99876654 
865 240 33 43 0.99862397 
268 294 35 43 0.99805236 
638 259 32 40 0.9972554 
223 239 30 37 0.9961499 
573 290 53 63 0.9938332 
726 214 75 99 0.99365616 
999 253 26 38 0.98944527 
683 180 31 41 0.98933756 
354 226 30 39 0.47173205 
39 253 54 96 0.4310066 
196 185 25 29 0.19516298 
196 196 27 32 0.188227 
325 248 41 49 0.14764754 
885 279 23 30 0.12599145 
993 338 27 51 0.12551911 
265 224 31 36 0.120056525 
665 158 12 15 0.09817031 
848 297 32 36 0.097164825 
337 235 41 50 0.095495656 
220 301 29 38 0.075655594 
273 216 26 29 0.0737921 
956 282 16 20 0.06941547 
35 634 18 20 0.06859112 
51 700 12 17 0.061867964 
58 263 64 96 0.061196376 
315 253 31 46 0.05718266 
186 107 12 16 0.055186976 
204 316 42 56 0.05350056 
548 259 47 61 0.05055673 
56 1036 220 349 0.048191138 
366 224 11 14 0.047649518 
1003 605 15 24 0.041959763 
200 211 18 22 0.04149378 
966 268 12 17 0.03823675 
651 189 23 29 0.038220223 
959 271 20 26 0.0358075 
395 243 15 20 0.035460863 
677 268 14 19 0.034284886 
973 296 23 29 0.03064812 
180 176 14 18 0.029548068 
72 262 95 115 0.029387228 
41 358 56 71 0.029061021 
335 230 30 36 0.028910667 
989 304 14 18 0.028807497 
225 167 16 19 0.026999246 
655 178 14 18 0.025971431 
859 287 30 36 0.025165632 
694 245 30 45 0.025127396 
958 288 27 33 0.024310814 
7 628 103 152 0.02392388 
324 270 38 50 0.023572577 
204 216 23 30 0.022276426 
365 232 20 24 0.022177806 
673 262 24 31 0.021836715 
198 292 43 57 0.021582069 
217 286 29 37 0.020965993 
321 288 32 43 0.020930072 
997 594 25 40 0.020594358 
