51_Dresses_wearingdress_51_633
125
427 103 115 139 0.99992 
37 1058 38 46 0.6325163 
627 223 15 21 0.26261184 
384 280 213 276 0.14206801 
372 12 12 16 0.13222212 
671 0 67 79 0.12364563 
63 910 21 29 0.11168788 
669 221 14 18 0.10720374 
17 727 107 151 0.08360718 
16 968 21 30 0.08094287 
82 403 9 12 0.07597483 
24 63 9 11 0.07480772 
222 880 13 17 0.06881628 
169 807 28 37 0.06632316 
56 1013 29 35 0.06440272 
661 112 17 22 0.06379948 
213 1021 53 58 0.060199745 
62 408 10 12 0.06019848 
157 96 9 11 0.058366545 
45 915 16 21 0.05815713 
63 74 9 13 0.05440292 
103 87 8 10 0.05275897 
429 15 17 21 0.052734155 
667 187 14 16 0.047256254 
48 21 7 9 0.045706328 
3 963 26 36 0.045673188 
232 794 15 20 0.04546225 
13 187 10 12 0.0448684 
99 1036 45 57 0.043026254 
182 854 17 23 0.041317295 
677 262 13 17 0.04062488 
63 41 7 9 0.040048853 
1 498 12 20 0.03930745 
103 381 11 13 0.03897036 
723 533 17 20 0.038793497 
216 836 11 15 0.038438037 
109 496 8 10 0.037780255 
394 0 15 13 0.03680985 
662 245 11 14 0.036374114 
86 46 10 13 0.036042534 
36 1064 56 67 0.035989705 
397 69 9 12 0.03545517 
713 518 31 36 0.033805598 
159 812 27 37 0.032978896 
28 966 24 32 0.03274087 
356 120 12 17 0.03185297 
101 54 8 10 0.03161472 
97 16 8 11 0.031411372 
7 433 8 10 0.030749802 
10 56 8 10 0.030617254 
90 740 101 128 0.030245557 
795 533 16 20 0.029985582 
168 854 24 29 0.02965692 
164 790 46 63 0.028464792 
38 918 19 27 0.028216079 
64 46 7 9 0.028061066 
184 806 18 25 0.02780962 
137 77 9 11 0.027713416 
40 1032 50 63 0.027148804 
570 81 14 19 0.027019015 
54 6 8 9 0.026858984 
25 57 7 9 0.026224501 
169 77 10 12 0.02617716 
2 395 11 16 0.026162226 
185 845 25 37 0.02613476 
126 16 8 10 0.02610663 
53 23 8 10 0.026029827 
87 366 10 13 0.025835473 
223 72 10 12 0.025807222 
419 10 28 36 0.025534134 
745 228 10 12 0.025257675 
868 433 15 18 0.025256116 
25 31 7 10 0.0251589 
137 15 8 10 0.025030034 
827 113 56 67 0.024706086 
128 88 9 11 0.024683451 
135 31 8 9 0.024614537 
136 551 9 12 0.024524458 
153 118 8 10 0.024441298 
118 81 9 11 0.024357593 
168 735 11 14 0.024356917 
97 54 8 11 0.024174696 
102 47 9 10 0.024093052 
166 859 14 17 0.024078997 
121 23 8 9 0.024074018 
375 46 10 12 0.024073325 
208 88 9 10 0.02405015 
14 56 7 9 0.023815753 
134 527 9 12 0.023203436 
53 158 10 12 0.023141569 
111 81 9 10 0.023095574 
230 110 9 11 0.022966849 
1005 181 8 11 0.02269497 
43 406 11 13 0.02260892 
684 54 10 12 0.02228013 
263 1015 29 31 0.022246728 
168 549 10 12 0.022199452 
127 7 7 9 0.022154955 
101 946 21 30 0.02205816 
386 -2 24 23 0.02178799 
142 510 10 12 0.021780232 
85 95 8 10 0.021778908 
634 112 24 28 0.021709092 
112 31 8 11 0.021604102 
143 47 8 9 0.021518642 
9 990 42 55 0.021351844 
163 863 23 29 0.021227721 
67 406 12 13 0.021170644 
46 423 15 18 0.021150164 
794 602 13 17 0.021140901 
0 431 7 11 0.02111722 
29 31 8 9 0.021058206 
176 122 9 11 0.020838909 
86 79 9 11 0.02081891 
90 787 15 20 0.020672549 
702 480 103 108 0.020636167 
127 497 11 15 0.02059788 
81 39 7 9 0.020570101 
904 285 47 59 0.020544125 
55 255 10 14 0.020481493 
523 63 16 20 0.020372374 
24 451 14 17 0.020231389 
213 907 25 30 0.020200614 
41 61 10 12 0.020146558 
46 31 8 10 0.020091573 
