51_Dresses_wearingdress_51_464
77
389 225 266 342 0.999678 
19 381 141 172 0.99935013 
741 417 64 76 0.9912469 
894 389 25 33 0.8723211 
704 361 26 32 0.8186429 
785 272 24 29 0.6204022 
847 518 52 77 0.53764534 
910 445 26 34 0.317508 
991 311 29 40 0.3108694 
352 629 391 387 0.26718053 
51 1066 81 70 0.25400007 
183 970 132 143 0.24406816 
614 489 52 90 0.24304141 
153 941 218 254 0.19120328 
115 1083 474 450 0.15189916 
804 324 22 30 0.13148199 
1001 425 23 55 0.11519447 
609 1145 174 248 0.11108745 
835 444 35 49 0.108592734 
837 427 36 45 0.107929975 
909 508 43 60 0.08537768 
990 442 35 73 0.07641731 
707 422 84 112 0.06371921 
918 452 26 36 0.06308834 
632 485 66 95 0.058692385 
796 375 43 55 0.05243415 
967 372 43 56 0.050943654 
930 427 38 52 0.050596837 
994 608 29 40 0.049004763 
761 381 52 58 0.04879635 
49 909 410 457 0.048779108 
810 317 17 19 0.047900137 
890 397 40 50 0.040700577 
987 385 35 43 0.040146794 
780 371 44 51 0.0390707 
955 537 44 54 0.0374364 
706 386 25 33 0.03529558 
861 521 86 110 0.033867497 
776 261 38 47 0.032880645 
952 300 32 40 0.032084994 
946 317 34 44 0.030919598 
581 463 93 134 0.030727524 
224 797 392 494 0.02956088 
239 431 67 88 0.028763799 
818 392 42 56 0.028578734 
876 510 42 70 0.028319145 
232 145 106 121 0.02804246 
837 519 41 60 0.027566876 
920 427 30 38 0.027318386 
834 408 33 46 0.027161017 
751 446 62 87 0.02687922 
792 248 29 34 0.026237253 
61 1002 68 54 0.026027398 
902 426 30 39 0.02600984 
35 1024 107 81 0.025748856 
1013 13 12 19 0.025709331 
981 419 40 71 0.025687452 
982 554 16 23 0.025664328 
971 312 40 52 0.025496822 
890 484 76 104 0.025439866 
999 300 29 42 0.02525523 
838 467 33 41 0.025194101 
986 651 13 18 0.024609 
719 396 27 34 0.02413278 
635 508 93 116 0.023876406 
922 574 46 59 0.023594195 
817 503 87 116 0.02351717 
0 1044 70 74 0.022562606 
1004 318 21 41 0.022289874 
792 316 39 50 0.021850822 
966 531 14 18 0.021798654 
710 354 22 26 0.0215018 
885 472 29 35 0.021263065 
945 391 49 64 0.021082517 
985 295 30 40 0.02081411 
1010 434 15 34 0.020736298 
178 983 92 85 0.020101354 
