51_Dresses_wearingdress_51_106
20
515 125 102 131 0.9997359 
518 1144 15 19 0.0810883 
757 53 35 42 0.052366324 
767 299 46 56 0.0514563 
459 848 15 17 0.04289931 
492 274 366 477 0.03581194 
963 427 15 21 0.035465773 
152 16 25 28 0.032440834 
319 157 27 34 0.03118457 
308 162 29 35 0.025201201 
971 427 14 19 0.023701405 
312 1187 22 29 0.023554431 
956 424 17 22 0.022950314 
109 61 33 38 0.022524534 
633 1376 19 25 0.022157183 
605 1128 14 18 0.022043156 
82 38 26 31 0.021984462 
105 153 54 64 0.021553006 
682 86 416 534 0.021229953 
296 1257 27 30 0.020284856 
