51_Dresses_wearingdress_51_830
39
933 36 29 39 0.9989574 
563 25 63 86 0.99746656 
998 19 21 34 0.8780014 
257 10 105 67 0.87777156 
819 16 59 66 0.36411515 
838 28 58 73 0.23698194 
856 54 48 68 0.072207905 
855 18 33 36 0.06989915 
523 248 48 59 0.068798006 
377 609 30 37 0.050100528 
796 24 33 43 0.04702666 
482 120 41 53 0.042645972 
278 605 22 30 0.04235947 
196 668 14 17 0.03954923 
899 58 28 36 0.03590507 
79 207 133 142 0.03580994 
198 631 25 32 0.035749573 
96 429 368 478 0.034216195 
872 76 46 57 0.03365276 
875 44 43 63 0.032100562 
511 168 12 17 0.029136635 
538 169 44 49 0.028723782 
764 307 14 18 0.028639141 
917 26 25 31 0.028530005 
198 641 15 19 0.027626282 
103 121 206 272 0.027377993 
268 591 39 49 0.026977716 
790 345 18 21 0.025853703 
900 102 13 16 0.024731962 
872 24 19 23 0.023655506 
822 14 35 39 0.023300767 
565 237 47 58 0.023219945 
777 13 190 214 0.022666395 
892 99 27 32 0.02232669 
900 528 26 33 0.021637753 
516 169 12 15 0.021090355 
253 194 143 189 0.020691779 
546 155 37 41 0.020274907 
371 613 18 21 0.020186627 
