51_Dresses_wearingdress_51_492
20
357 164 254 327 0.99985456 
270 154 137 199 0.9854453 
745 375 74 90 0.9181126 
286 138 208 305 0.8197785 
0 426 38 89 0.4405849 
314 671 513 560 0.18239374 
547 584 448 575 0.107771486 
388 397 411 533 0.07518114 
551 611 216 303 0.074320436 
344 1040 527 455 0.051336914 
775 383 65 72 0.047215316 
262 847 406 498 0.046341095 
864 1049 129 112 0.043159038 
230 281 370 499 0.040372275 
61 859 183 226 0.036102988 
594 256 474 556 0.032970197 
948 366 76 157 0.028699176 
232 434 207 289 0.025149997 
0 421 23 50 0.022964703 
60 499 90 151 0.021087281 
