51_Dresses_wearingdress_51_914
56
814 758 126 172 0.9998436 
454 44 52 72 0.9994411 
628 81 31 39 0.99911517 
126 52 63 84 0.9989003 
823 90 61 80 0.9970726 
554 759 70 96 0.9954514 
445 259 38 50 0.9845675 
70 268 163 284 0.31435135 
436 613 17 20 0.13575222 
784 1315 15 17 0.1290164 
445 468 26 38 0.11699475 
558 852 472 583 0.10340424 
776 1302 10 12 0.100175306 
200 1021 11 13 0.09819538 
403 1061 24 30 0.07521834 
556 504 13 18 0.069007784 
187 1075 15 19 0.06686901 
782 1295 10 12 0.057368796 
159 1045 9 12 0.053258095 
172 1172 16 19 0.053108025 
402 1111 25 29 0.053049978 
254 777 401 486 0.050808083 
30 211 300 403 0.050283704 
180 1267 14 16 0.04989994 
875 1299 13 16 0.046507612 
775 1295 11 12 0.045489196 
598 1332 30 46 0.04281765 
164 1083 14 14 0.04217565 
162 1186 14 16 0.040900502 
190 1180 14 15 0.040218957 
542 1329 16 19 0.038990024 
751 1292 12 13 0.036410697 
538 1347 16 20 0.03556654 
55 1155 38 38 0.03535907 
540 1337 17 19 0.03431755 
215 -1 58 64 0.033999454 
761 1177 15 19 0.03360716 
182 1247 26 32 0.03231126 
179 1151 16 17 0.032036453 
98 848 107 139 0.029215595 
733 3 97 118 0.029201133 
182 1143 27 26 0.0283882 
771 1148 16 21 0.028195564 
394 1106 18 20 0.027556006 
417 581 10 11 0.026917323 
200 1047 11 14 0.026554585 
761 973 160 127 0.026504407 
545 481 25 41 0.02473641 
684 65 397 470 0.024694294 
768 1292 10 12 0.0246277 
394 1097 38 49 0.02224955 
885 1298 11 13 0.021507276 
317 1173 12 14 0.02119753 
91 823 180 232 0.02114735 
496 626 15 17 0.020048132 
771 1285 12 13 0.020030914 
