51_Dresses_wearingdress_51_339
32
443 186 170 233 0.9994392 
659 309 112 153 0.9989139 
152 368 26 35 0.44246385 
864 368 41 62 0.36629927 
194 51 84 123 0.15342262 
717 348 81 123 0.120223425 
756 281 19 23 0.09361851 
971 376 41 60 0.064774804 
880 369 51 68 0.061422966 
953 267 25 35 0.054355137 
949 275 53 66 0.05215865 
751 379 55 84 0.0475212 
213 379 116 133 0.045235485 
1011 400 14 27 0.044675175 
267 636 25 38 0.038098257 
150 370 45 53 0.035508428 
905 346 40 55 0.030244935 
325 1162 395 483 0.028345814 
921 374 50 70 0.028251015 
927 265 90 115 0.027986148 
170 259 193 259 0.027224455 
649 1132 155 150 0.02707061 
0 355 12 20 0.026240213 
873 343 48 68 0.02398113 
989 389 34 43 0.023741478 
182 361 25 33 0.022934878 
-110 1083 420 479 0.022844836 
40 1 335 499 0.022354405 
944 315 86 132 0.021870697 
932 108 103 138 0.021836735 
848 365 73 93 0.021604234 
932 298 26 32 0.020301925 
