51_Dresses_wearingdress_51_610
19
392 33 58 84 0.9995461 
124 33 62 84 0.9994648 
628 31 55 75 0.9990257 
867 49 55 80 0.99808574 
293 172 32 36 0.5144354 
321 151 30 34 0.38057157 
313 162 30 32 0.22646053 
404 175 39 40 0.20850758 
958 386 32 41 0.083845764 
1012 79 12 20 0.03654213 
446 162 12 16 0.02845293 
429 140 31 37 0.02783464 
421 170 32 39 0.027733017 
427 157 32 40 0.026736606 
460 372 34 48 0.02384737 
324 147 18 25 0.023233484 
999 396 15 20 0.023183357 
477 202 16 23 0.022198983 
437 169 15 19 0.020428235 
