51_Dresses_wearingdress_51_150
55
190 60 80 112 0.9977246 
724 62 67 102 0.99744606 
11 77 18 22 0.5103619 
35 117 23 28 0.42956904 
85 96 13 16 0.31212145 
13 532 12 14 0.18468425 
28 477 14 18 0.1578249 
322 98 15 18 0.14862284 
11 130 14 19 0.0813148 
92 94 12 15 0.07568771 
79 73 15 19 0.07055283 
11 10 25 30 0.06117541 
784 327 30 34 0.056260217 
42 194 18 23 0.055859797 
73 419 32 37 0.05201057 
146 93 15 21 0.051052116 
356 104 18 21 0.04933654 
78 41 14 18 0.04558074 
81 137 16 21 0.039071955 
108 567 12 16 0.036752265 
44 592 17 19 0.036073163 
16 526 16 19 0.0345697 
136 87 21 27 0.03441767 
46 620 16 18 0.034100864 
117 101 13 16 0.03291451 
12 22 26 34 0.03289326 
169 357 30 36 0.032157674 
305 111 9 12 0.03213388 
103 566 10 15 0.032092784 
35 652 14 16 0.030782007 
83 102 17 22 0.030212741 
53 3 17 18 0.02864114 
867 505 12 16 0.028484488 
776 340 17 20 0.026977642 
108 601 14 19 0.026393207 
99 191 23 31 0.026133597 
61 10 12 13 0.025508463 
91 202 13 17 0.02527807 
77 78 22 27 0.024983343 
190 592 50 57 0.024280896 
84 528 24 29 0.023816196 
789 335 17 21 0.023631841 
124 97 13 17 0.023196379 
900 54 14 18 0.022987403 
857 504 24 36 0.022945803 
30 118 18 23 0.02288183 
79 7 11 13 0.022792725 
93 85 13 17 0.021663157 
135 87 12 15 0.021343056 
7 526 20 27 0.02125369 
369 107 15 20 0.020748273 
70 14 10 12 0.02069514 
661 327 55 76 0.020667383 
91 138 14 19 0.020444665 
800 330 17 21 0.020236174 
