51_Dresses_wearingdress_51_606
91
622 82 111 148 0.9999621 
256 227 97 120 0.99975127 
406 228 14 18 0.96175414 
204 178 16 21 0.2122402 
485 237 15 20 0.19141933 
400 284 11 13 0.13970672 
172 24 21 29 0.13636252 
858 92 9 12 0.11259196 
202 217 44 56 0.094648644 
233 6 18 19 0.085332 
440 247 10 12 0.07546658 
392 256 9 11 0.07229972 
476 235 15 18 0.06832 
397 254 8 11 0.06738919 
173 253 11 15 0.06661111 
469 234 13 18 0.0665869 
936 148 9 12 0.059112445 
146 76 15 20 0.05813662 
463 262 11 14 0.05253506 
377 238 9 10 0.050301332 
360 244 13 16 0.048586823 
154 791 209 292 0.04650956 
1007 28 10 13 0.04447417 
692 1190 27 32 0.044290625 
195 -2 26 25 0.043527443 
959 144 10 11 0.042499334 
527 234 11 14 0.042119257 
423 279 11 13 0.04158696 
167 258 10 14 0.039828446 
404 280 11 12 0.039425272 
386 218 14 19 0.039097823 
824 333 43 57 0.03898184 
99 117 13 17 0.038932376 
968 120 9 11 0.038077895 
451 206 17 20 0.037580896 
886 133 9 11 0.03699578 
985 261 11 14 0.03653142 
547 236 17 23 0.03598084 
860 88 10 13 0.03532589 
391 248 9 11 0.034887377 
389 569 358 472 0.034797654 
795 269 12 17 0.0346026 
482 190 22 30 0.03344073 
146 56 14 20 0.033082105 
415 261 10 12 0.032965533 
416 270 9 10 0.032897867 
422 246 11 13 0.03268545 
415 277 10 12 0.0323838 
918 134 8 10 0.031119749 
452 243 15 17 0.030288728 
847 102 8 10 0.029582577 
421 271 9 11 0.029545812 
847 96 8 10 0.028536618 
461 241 14 18 0.027711462 
872 102 8 11 0.027512295 
958 104 9 11 0.027428275 
998 4 10 12 0.02736161 
478 193 15 21 0.026812684 
188 183 10 13 0.0265491 
382 201 15 19 0.025142789 
421 251 12 14 0.025045237 
113 246 8 11 0.025027873 
429 252 9 12 0.024986759 
354 613 121 164 0.024905901 
444 250 11 13 0.023976928 
937 109 9 10 0.023772834 
205 233 15 19 0.023740266 
863 101 9 11 0.02369941 
439 308 11 14 0.023520917 
430 190 12 17 0.023461457 
895 120 9 10 0.023454074 
945 166 10 13 0.023400746 
896 137 7 9 0.023062605 
843 241 27 28 0.022852074 
952 119 8 10 0.02265709 
976 104 8 10 0.022410614 
838 121 13 16 0.022149252 
969 125 9 11 0.022131504 
142 255 10 12 0.021831622 
420 239 12 13 0.021753106 
950 160 9 12 0.021232124 
415 246 9 11 0.021156402 
174 96 10 14 0.021119928 
205 193 14 18 0.021028152 
141 59 21 34 0.020969566 
996 182 10 12 0.020924835 
428 278 9 13 0.02068527 
944 135 8 10 0.020407101 
175 101 12 16 0.020171465 
823 1165 33 34 0.020063013 
8 84 28 43 0.020040378 
