51_Dresses_wearingdress_51_306
33
424 151 96 135 0.99988854 
374 22 57 73 0.15113175 
586 738 459 602 0.0893214 
595 39 404 514 0.081202075 
81 340 26 30 0.07599094 
184 333 12 14 0.073157 
156 346 23 27 0.06586057 
86 273 15 19 0.052469425 
82 253 14 20 0.048026215 
1008 71 9 12 0.043335818 
212 353 13 16 0.041520584 
413 43 13 16 0.03891117 
334 591 326 448 0.035917647 
1001 613 10 15 0.03543954 
83 323 27 31 0.033488993 
-2 761 102 160 0.033462223 
449 1071 43 56 0.033330593 
149 370 24 28 0.032939035 
188 338 11 15 0.03213954 
59 227 13 18 0.031053778 
83 265 16 20 0.031050345 
383 12 43 47 0.024854543 
75 340 18 20 0.024029756 
124 344 14 16 0.0235769 
347 188 15 22 0.022020709 
487 616 359 486 0.021650767 
1 1246 11 15 0.02116595 
278 307 11 15 0.02090238 
90 279 14 18 0.020790838 
56 265 12 16 0.020542953 
990 24 13 17 0.020464078 
395 28 35 40 0.020390574 
141 775 11 12 0.020281268 
