51_Dresses_wearingdress_51_451
27
384 213 183 237 0.9997303 
217 683 393 488 0.28305608 
-44 185 455 504 0.15133332 
353 716 224 239 0.1383867 
409 746 107 111 0.13222237 
5 710 105 165 0.088916264 
639 349 373 463 0.064434335 
518 769 59 70 0.052425075 
303 856 242 359 0.049796395 
966 1171 22 29 0.04701419 
485 733 108 119 0.03929113 
535 811 466 449 0.037333034 
396 633 212 224 0.03670214 
609 996 280 278 0.035081644 
534 47 379 467 0.034962878 
520 702 12 14 0.033552893 
430 689 122 148 0.033122763 
244 31 379 494 0.033097424 
524 563 376 489 0.031060448 
989 26 10 13 0.027753994 
494 666 189 289 0.025252042 
543 136 41 45 0.024596881 
-38 293 201 298 0.024097234 
45 202 207 291 0.023806976 
2 532 51 83 0.022266818 
79 12 355 466 0.021860147 
-7 122 104 155 0.021286458 
