51_Dresses_wearingdress_51_727
96
281 80 97 170 0.99947673 
608 43 58 78 0.9994727 
792 28 63 89 0.9984132 
497 51 18 25 0.9168575 
693 61 28 34 0.7578421 
139 66 105 132 0.50063574 
635 1 34 36 0.46201578 
545 69 16 23 0.40968347 
963 0 14 14 0.3855697 
908 69 15 20 0.38056523 
464 253 35 55 0.33038002 
882 51 16 23 0.3203632 
745 36 22 28 0.30092013 
500 20 14 17 0.29348886 
893 4 14 18 0.2696484 
922 17 15 19 0.26715043 
426 227 42 61 0.2670356 
697 47 26 35 0.23944335 
-94 131 451 596 0.21612853 
528 80 13 18 0.21294951 
378 204 41 66 0.21012667 
935 71 21 27 0.20435616 
526 32 16 21 0.19664097 
978 11 17 21 0.17620529 
517 64 13 16 0.17434067 
530 74 19 25 0.119326785 
691 0 18 19 0.11360672 
687 53 24 33 0.11102576 
657 5 18 22 0.11060309 
694 3 23 26 0.10473495 
747 42 29 36 0.09577555 
920 7 14 16 0.08278105 
544 63 11 15 0.07664652 
763 31 14 19 0.07643161 
567 56 13 18 0.07596719 
442 234 45 65 0.068716064 
618 9 51 64 0.06619062 
987 56 14 19 0.063562326 
899 7 16 21 0.059011187 
937 68 14 18 0.058186106 
706 43 15 19 0.055690028 
686 59 15 20 0.05393674 
880 84 23 32 0.053310696 
442 148 39 56 0.052614935 
584 67 14 19 0.052062966 
743 112 11 16 0.050531495 
923 90 15 20 0.046656925 
927 80 22 28 0.046053782 
399 209 45 68 0.043539826 
177 129 96 116 0.041158967 
893 34 11 14 0.04016399 
524 67 11 15 0.03918173 
740 14 11 14 0.037786353 
954 58 12 16 0.036216527 
739 54 32 42 0.03495014 
533 65 22 27 0.03360029 
488 60 11 16 0.03330474 
222 153 59 90 0.0322946 
704 75 18 24 0.031878013 
1003 46 18 24 0.03172576 
971 1 14 18 0.031421646 
995 50 16 21 0.031394623 
939 83 16 21 0.031299286 
732 32 25 33 0.030699814 
956 110 18 23 0.029972792 
741 30 15 19 0.029934606 
861 30 38 59 0.029489838 
908 26 13 16 0.02861887 
897 56 23 30 0.028486121 
990 0 10 10 0.028132135 
220 96 108 148 0.027985407 
594 5 54 68 0.027757572 
753 29 20 26 0.027572766 
496 23 15 19 0.026722673 
980 21 16 21 0.026237156 
703 2 23 32 0.025891287 
989 5 12 15 0.02561214 
709 38 23 32 0.02507997 
586 59 24 34 0.024521546 
0 231 25 44 0.024520146 
903 11 21 26 0.0242413 
747 29 16 22 0.023823595 
913 75 22 29 0.023794718 
951 35 14 19 0.023752265 
463 242 29 41 0.023737106 
922 21 21 26 0.023480516 
945 65 15 18 0.023462702 
600 26 12 15 0.02331045 
334 150 88 130 0.023292057 
947 -3 22 23 0.022268537 
414 129 47 66 0.022177197 
1011 43 13 21 0.022086676 
891 13 16 22 0.021936629 
925 33 15 20 0.021440733 
719 33 24 32 0.020613156 
509 61 15 20 0.020518366 
