51_Dresses_wearingdress_51_445
49
350 306 79 100 0.9874862 
184 324 74 103 0.98556757 
861 308 80 99 0.98172337 
354 667 27 31 0.18158 
128 1052 36 34 0.08082796 
984 710 13 17 0.07519989 
418 707 31 35 0.06612288 
294 760 26 28 0.056136638 
475 657 463 475 0.05609714 
134 854 26 29 0.054682776 
806 809 29 35 0.054293282 
955 927 31 41 0.049739446 
157 19 41 47 0.045472547 
200 827 15 20 0.044791136 
252 802 26 28 0.042728495 
441 758 31 36 0.040855993 
492 783 28 32 0.040056143 
133 253 496 517 0.039867852 
498 754 13 15 0.03977685 
396 47 85 104 0.03857286 
221 754 14 20 0.037241075 
991 562 29 61 0.03618782 
262 842 12 14 0.035777964 
197 772 14 18 0.035715483 
253 704 30 35 0.0355684 
168 880 15 19 0.03392138 
236 1007 27 37 0.033423424 
429 747 35 40 0.032002803 
176 44 51 56 0.028381413 
477 756 49 66 0.027215967 
441 754 48 62 0.026453678 
452 770 15 18 0.026207007 
143 743 21 29 0.025884433 
302 724 11 13 0.024453329 
216 758 30 38 0.024334408 
701 527 83 112 0.023823407 
873 759 54 70 0.02315038 
175 756 26 31 0.022824759 
227 757 17 21 0.022552948 
397 807 15 18 0.022127913 
164 867 22 25 0.022106623 
212 793 32 37 0.02113911 
367 672 17 21 0.020885527 
770 819 14 19 0.020787846 
190 820 27 30 0.020742187 
701 639 36 40 0.02060256 
202 774 27 31 0.020243008 
186 766 24 29 0.020189723 
501 502 29 40 0.020084538 
