51_Dresses_wearingdress_51_1035
53
173 233 115 130 0.9998741 
410 46 82 112 0.9987998 
853 179 89 101 0.996838 
581 278 86 99 0.99609643 
736 28 18 23 0.9435502 
666 30 19 22 0.83355355 
288 52 16 21 0.6405803 
332 48 18 20 0.5014192 
514 0 27 24 0.34395376 
604 38 13 21 0.2892963 
266 99 15 21 0.1994244 
610 35 16 21 0.16571777 
677 0 18 19 0.16412605 
706 15 18 23 0.120545775 
646 34 14 20 0.081370816 
1007 59 13 17 0.07390376 
687 51 15 19 0.058906976 
325 46 16 20 0.04663308 
256 103 12 16 0.04388939 
253 191 59 79 0.043006252 
653 56 16 19 0.039899703 
998 59 12 16 0.03984757 
953 92 11 14 0.03981808 
607 41 21 29 0.038731474 
653 30 20 26 0.03798375 
690 0 17 13 0.035932854 
337 22 14 15 0.0326312 
984 237 36 57 0.032200817 
638 34 14 19 0.028360935 
964 87 22 30 0.028239386 
629 65 17 22 0.02813382 
981 7 12 14 0.027711278 
492 105 15 24 0.0276614 
597 44 16 22 0.027174892 
660 36 18 22 0.027136886 
129 436 185 232 0.02669353 
971 99 13 16 0.026477583 
655 44 23 29 0.026225695 
998 53 20 28 0.026052456 
288 114 12 15 0.025501372 
591 43 15 19 0.024792152 
469 26 61 86 0.024610976 
991 56 11 14 0.023503345 
330 118 13 16 0.023057211 
605 30 15 19 0.022954911 
564 596 43 52 0.022880629 
433 22 81 110 0.02272388 
527 0 19 16 0.021570407 
702 21 24 32 0.021055965 
261 108 16 20 0.02105135 
619 39 15 22 0.021035323 
319 49 15 20 0.020744896 
690 45 15 18 0.020104557 
