51_Dresses_wearingdress_51_327
242
460 146 135 184 0.9997769 
827 350 14 18 0.27945563 
809 1679 33 48 0.19228517 
15 96 29 42 0.18769582 
979 1647 17 21 0.15584378 
362 292 31 42 0.15118614 
1005 666 17 21 0.13942893 
837 1610 24 31 0.10314968 
92 1575 12 14 0.09997457 
189 1659 18 22 0.09441508 
876 1397 11 12 0.09148494 
300 1648 33 34 0.08657139 
619 135 15 18 0.08505374 
1011 732 12 20 0.08445271 
119 1580 10 13 0.082899265 
682 1550 71 79 0.08236756 
772 218 15 19 0.07837668 
854 1395 13 17 0.0759348 
1011 147 12 20 0.06816319 
600 -2 33 32 0.06805485 
278 8 46 51 0.06755932 
237 1638 13 17 0.06595154 
205 1649 14 16 0.06581264 
61 1644 12 16 0.06579238 
89 1579 11 14 0.06297943 
813 1437 16 18 0.06170885 
71 1584 7 10 0.06043461 
876 175 13 15 0.05882712 
398 1659 11 12 0.05851153 
1012 558 12 20 0.05671521 
797 360 17 21 0.055086445 
837 1409 17 21 0.054598346 
903 1390 10 13 0.05375563 
969 649 23 28 0.052957855 
148 1596 10 14 0.05288214 
0 247 46 93 0.05159678 
160 33 27 36 0.051470272 
870 1391 13 15 0.05035674 
846 1588 51 56 0.04960939 
130 1567 25 31 0.0495043 
85 1646 10 12 0.048558466 
130 1552 25 28 0.048397545 
156 1533 11 13 0.046101466 
17 889 32 34 0.045411415 
234 607 16 21 0.045074854 
825 238 9 12 0.04444686 
117 1569 14 18 0.043322515 
347 1629 26 30 0.043256354 
353 1644 15 18 0.042907562 
629 68 13 17 0.042626947 
112 1552 10 12 0.041595764 
1011 129 12 20 0.041563857 
211 1580 16 19 0.040730126 
115 1606 13 17 0.040697403 
765 1028 17 22 0.040554132 
142 119 15 20 0.040428378 
496 36 46 55 0.039983585 
245 425 16 21 0.039857715 
167 1589 25 27 0.03940875 
689 119 10 13 0.039080434 
741 287 11 14 0.03868396 
89 84 48 59 0.03862979 
112 1554 23 28 0.037686065 
78 1583 8 10 0.037127957 
951 203 13 16 0.036634207 
839 292 12 15 0.036622684 
815 313 11 15 0.036440704 
930 165 13 17 0.03612742 
711 212 14 17 0.035963014 
946 723 26 32 0.035777036 
848 321 12 15 0.035658445 
100 102 49 57 0.03549232 
893 169 25 37 0.035288613 
120 1587 10 12 0.035254616 
577 489 16 20 0.03524136 
482 1692 26 31 0.034951024 
75 1571 10 12 0.03481411 
722 1414 16 20 0.034481954 
868 164 41 57 0.034467146 
971 761 41 57 0.03441063 
998 1649 15 17 0.034042202 
654 106 12 15 0.034037404 
335 1622 13 15 0.03396516 
1011 701 13 20 0.03378564 
1007 1611 14 18 0.033142388 
75 101 47 59 0.033135273 
203 1625 12 15 0.032179676 
635 77 12 14 0.03200294 
1 1542 10 14 0.031348817 
257 1517 14 15 0.031203305 
120 1561 26 29 0.031161001 
1006 219 14 18 0.03103525 
4 100 29 44 0.03097958 
276 1568 12 16 0.030674394 
761 335 18 21 0.030673476 
205 1518 27 31 0.030668344 
828 1390 13 19 0.030501261 
195 1618 16 20 0.03049699 
72 1589 8 11 0.030191988 
663 133 8 10 0.030126581 
27 105 380 440 0.030076208 
305 9 32 43 0.030008122 
607 105 11 15 0.029842224 
283 258 14 15 0.029791547 
0 1590 6 12 0.029573824 
704 103 10 12 0.029550418 
141 1594 13 17 0.029506732 
872 1342 9 10 0.029461501 
211 1557 15 17 0.029393889 
270 1549 23 31 0.029361904 
289 1382 27 38 0.028870648 
123 1578 27 36 0.028664244 
854 1380 14 15 0.028662056 
95 1567 9 11 0.028379558 
880 332 13 16 0.028288517 
899 316 16 19 0.027804554 
839 124 12 15 0.027491437 
84 111 29 37 0.027465161 
612 102 11 15 0.027431639 
887 759 44 57 0.027143702 
1013 458 9 14 0.026991414 
275 1560 14 18 0.026984142 
844 1410 24 28 0.026939176 
64 1582 8 10 0.026806215 
79 1590 9 12 0.026789812 
176 1601 16 20 0.026749685 
828 132 11 14 0.0265532 
235 1645 16 19 0.02654506 
788 144 26 31 0.02593908 
127 109 32 39 0.025938762 
885 1396 10 12 0.025898581 
137 1570 16 19 0.025767818 
827 284 12 14 0.02575065 
48 59 40 55 0.025665974 
699 219 14 17 0.025649905 
10 34 13 17 0.025576951 
397 1712 10 11 0.025559003 
619 65 25 29 0.025538124 
761 220 23 28 0.025485002 
103 1567 11 12 0.025480404 
271 243 10 12 0.02519433 
812 285 9 13 0.025130432 
126 1588 11 14 0.025110954 
941 662 13 15 0.025009684 
141 1541 26 30 0.02500574 
726 36 12 14 0.024838978 
185 1651 17 20 0.024781132 
135 1615 12 13 0.024738427 
85 1588 12 14 0.024665436 
13 100 43 64 0.02463047 
998 141 13 18 0.02447428 
97 1527 9 11 0.024291372 
882 133 15 20 0.02419842 
879 171 24 33 0.024195034 
1011 1077 11 16 0.024104279 
813 236 10 14 0.02410263 
271 1508 13 15 0.024076276 
192 1603 22 27 0.02391258 
56 1581 9 10 0.023903724 
797 334 10 12 0.023795234 
908 1391 9 10 0.023794506 
197 1436 29 31 0.023774771 
47 106 45 62 0.023681507 
213 1277 32 40 0.023676252 
55 1605 11 14 0.023656933 
896 1408 10 11 0.023653964 
177 1450 18 19 0.023643527 
806 222 9 12 0.023632292 
697 1591 61 63 0.023609186 
750 232 26 30 0.023600113 
166 1566 11 13 0.023557032 
77 1566 11 13 0.023500424 
262 1543 10 12 0.023425812 
1014 1701 8 14 0.023320546 
266 1535 40 51 0.023311865 
833 347 15 18 0.023265686 
593 30 26 30 0.02320988 
997 1701 14 19 0.023115994 
253 1542 9 10 0.023103965 
347 2 49 51 0.023068173 
206 1584 14 16 0.023044595 
696 103 9 11 0.023027886 
267 1569 14 17 0.02294805 
295 1556 11 15 0.022902813 
894 705 11 14 0.022864036 
791 341 13 16 0.022810204 
235 1590 15 18 0.022777662 
984 1655 15 18 0.02277003 
116 1550 12 13 0.022764152 
999 1670 11 13 0.02272269 
105 9 46 52 0.022712879 
28 93 41 54 0.02271091 
936 672 19 21 0.022666877 
293 1544 28 37 0.022657027 
248 1541 10 12 0.022529468 
818 1369 16 18 0.022497013 
859 1389 14 16 0.022492483 
844 1404 15 19 0.02245148 
63 71 30 34 0.022292905 
703 109 11 12 0.022277046 
191 1513 45 49 0.022264443 
809 351 21 27 0.022016006 
846 1389 22 27 0.021954214 
638 475 49 66 0.021894047 
896 1390 12 14 0.021846412 
611 122 23 30 0.021685073 
204 1428 13 15 0.02164396 
1 1615 9 13 0.021498015 
290 283 28 34 0.021470992 
731 195 12 15 0.02144393 
806 323 11 14 0.021272955 
902 247 11 14 0.021231906 
188 1427 30 35 0.021139959 
391 1658 13 15 0.021121278 
860 1420 11 14 0.02106944 
204 1447 17 20 0.021050116 
111 1543 10 11 0.02104826 
135 1593 13 16 0.021022495 
144 44 43 50 0.021021962 
64 118 52 66 0.020999443 
674 -32 216 223 0.020987624 
111 1561 13 17 0.020967614 
102 1588 9 11 0.020855457 
185 174 99 140 0.020832106 
100 1572 12 15 0.020778028 
148 1545 16 19 0.020769974 
85 1636 11 13 0.020748606 
644 143 9 11 0.02059988 
294 239 96 109 0.02057509 
621 158 457 497 0.02055413 
798 253 11 14 0.020511897 
54 1590 10 10 0.020443719 
348 1616 26 29 0.020437296 
113 1582 9 12 0.02043094 
89 1608 8 10 0.02042596 
291 1688 26 31 0.020409402 
647 103 12 14 0.020242289 
860 1414 11 13 0.020158947 
159 1563 11 13 0.02015576 
637 99 12 15 0.02014466 
257 22 29 32 0.020070747 
950 1626 11 13 0.02005441 
