51_Dresses_wearingdress_51_377
45
284 348 401 528 0.99990463 
786 646 167 235 0.9980685 
203 812 107 198 0.99612135 
277 778 183 255 0.9711582 
551 4 26 27 0.34310284 
-20 623 118 245 0.25496054 
-1 907 28 56 0.13265133 
8 570 106 197 0.11110797 
222 586 337 417 0.091371335 
148 505 83 127 0.08427154 
360 0 27 26 0.0746839 
92 906 33 37 0.06335508 
470 136 379 424 0.059662852 
280 1 32 29 0.055904955 
398 13 13 17 0.053620785 
566 177 213 278 0.052528154 
281 109 426 539 0.046014853 
503 4 13 15 0.044950567 
51 897 51 59 0.04240278 
981 1 31 24 0.04099378 
173 295 356 499 0.03857299 
344 0 30 29 0.03840414 
404 19 42 53 0.03809275 
541 -2 25 26 0.037560362 
546 16 30 33 0.03522199 
483 43 15 21 0.034072734 
498 -30 166 254 0.033068743 
40 537 141 242 0.030742424 
542 6 48 53 0.029918347 
74 894 50 61 0.029431336 
540 25 14 19 0.029357405 
109 521 104 160 0.028968928 
374 1 19 21 0.028266735 
162 687 25 34 0.02671103 
62 438 16 20 0.02654308 
464 2 17 21 0.02539383 
0 771 49 111 0.023162115 
983 54 28 31 0.023128921 
-69 -72 362 483 0.022913959 
500 2 24 27 0.022039248 
516 28 26 32 0.021687334 
527 25 25 34 0.021537278 
510 9 25 30 0.020361928 
451 2 27 29 0.020144224 
409 34 19 22 0.020011831 
