51_Dresses_wearingdress_51_789
37
361 85 132 171 0.9995129 
502 853 12 14 0.14250328 
531 449 391 469 0.092852004 
48 65 40 73 0.09099714 
504 847 11 14 0.07313811 
21 79 51 91 0.055000853 
508 873 12 14 0.05107631 
617 224 10 12 0.048428837 
480 825 13 16 0.04696972 
500 869 15 17 0.041125428 
431 787 33 33 0.03660548 
389 618 140 144 0.036291234 
62 49 48 86 0.03584073 
594 229 12 15 0.03526804 
576 806 10 13 0.032641873 
496 859 11 14 0.030572841 
649 329 24 32 0.029396875 
517 838 12 15 0.028085576 
541 340 10 13 0.027683724 
2 91 58 113 0.02697466 
398 503 207 249 0.026074944 
468 808 13 17 0.025367938 
582 806 13 16 0.024840785 
35 52 70 124 0.02432778 
600 200 10 12 0.024149142 
4 -3 152 209 0.024134923 
620 313 15 19 0.024036901 
699 252 21 27 0.023888486 
488 861 10 14 0.023304733 
469 800 24 29 0.02319029 
499 847 20 24 0.022830287 
654 318 10 14 0.022567092 
652 215 9 11 0.021614708 
618 204 13 17 0.021270014 
629 313 48 59 0.020777313 
508 844 13 16 0.020272294 
460 877 12 14 0.02025693 
