51_Dresses_wearingdress_51_140
54
448 81 102 136 0.99986434 
177 301 48 63 0.9716062 
133 351 42 66 0.95127493 
253 316 39 48 0.8048238 
618 151 21 28 0.7628944 
980 280 33 41 0.4516919 
926 276 23 29 0.4043827 
932 344 36 40 0.3888419 
1000 449 22 38 0.1981797 
705 141 21 26 0.14163005 
885 367 26 33 0.12912592 
18 644 50 64 0.10702139 
1 426 26 43 0.09739055 
949 249 21 29 0.08821953 
3 1083 96 103 0.087537475 
169 593 57 67 0.08333712 
64 647 59 75 0.08162375 
944 359 30 36 0.06373525 
949 458 78 112 0.06297296 
927 249 15 18 0.05770938 
184 504 30 36 0.05507441 
27 475 24 32 0.05462 
984 262 33 45 0.051094387 
353 261 29 32 0.04398375 
785 482 57 74 0.042765655 
51 637 51 70 0.04272952 
930 352 20 25 0.039756175 
999 233 24 31 0.036048964 
607 140 35 49 0.035469692 
947 541 53 86 0.035063926 
612 959 449 499 0.034419112 
56 1096 26 32 0.034258977 
943 520 45 68 0.03388961 
-2 622 81 106 0.033748403 
957 252 30 39 0.03095946 
929 267 17 23 0.029804075 
765 491 100 140 0.02950844 
67 635 31 40 0.028808897 
877 768 131 174 0.02752564 
268 310 31 39 0.027235614 
704 154 25 31 0.026918612 
968 259 34 45 0.026881477 
291 410 28 31 0.026142407 
941 470 51 63 0.026006434 
324 286 26 34 0.02371898 
-33 852 388 482 0.023379954 
961 687 45 56 0.02328457 
923 254 24 31 0.022456424 
917 396 48 57 0.022444349 
602 1227 13 17 0.021940967 
984 495 16 23 0.021819832 
264 514 37 48 0.021588387 
948 478 33 37 0.02143259 
44 1105 34 35 0.020152086 
