15_Stock_Market_Stock_Market_15_706
59
327 169 174 242 0.99945575 
160 300 23 35 0.7143453 
126 316 28 35 0.525179 
710 151 47 54 0.17995173 
780 35 16 19 0.15277797 
696 314 24 28 0.12761019 
682 323 43 54 0.08952199 
75 369 17 21 0.085488856 
2 374 24 36 0.06663779 
155 298 18 29 0.052525945 
98 313 27 34 0.051282685 
762 38 12 16 0.05072327 
70 50 15 19 0.048518956 
824 2 14 14 0.047787614 
802 289 16 21 0.045270793 
111 313 30 37 0.042030673 
709 109 30 38 0.039966468 
147 306 24 34 0.039539758 
854 283 23 33 0.038925163 
860 284 14 20 0.03856761 
634 111 16 21 0.036707465 
102 356 26 32 0.036698777 
1007 438 12 18 0.036676392 
757 283 48 60 0.035706803 
351 53 12 17 0.03550894 
611 177 33 39 0.034927554 
949 155 75 132 0.03424326 
837 1 14 15 0.033004593 
826 272 13 16 0.03204362 
145 252 22 30 0.031483732 
652 314 25 33 0.031163877 
27 384 22 29 0.030479204 
721 485 118 153 0.029878536 
134 309 15 18 0.029408157 
15 380 25 34 0.029350365 
175 306 18 24 0.028009057 
889 293 16 19 0.026924271 
107 306 17 19 0.026140088 
107 285 11 14 0.026033115 
831 259 13 16 0.025781209 
848 276 38 53 0.02455846 
804 2 12 13 0.024405383 
977 473 15 19 0.024303107 
221 310 26 34 0.02383747 
629 -88 367 497 0.02367722 
45 58 24 35 0.023276087 
0 312 19 35 0.02271924 
136 331 19 24 0.02224695 
106 304 27 35 0.022050297 
823 267 21 27 0.020867363 
964 369 12 17 0.020867087 
152 265 27 33 0.020790773 
608 195 28 32 0.020787876 
721 363 45 60 0.020452978 
1005 438 19 34 0.020442568 
100 339 28 36 0.02039336 
59 69 31 45 0.020390483 
159 277 25 34 0.020167403 
7 41 46 69 0.020031022 
