15_Stock_Market_Stock_Market_15_569
39
231 373 45 60 0.99913776 
322 437 34 39 0.9989236 
183 443 54 61 0.9970829 
62 358 86 106 0.9965655 
466 464 15 21 0.98989177 
35 324 79 149 0.97383267 
402 433 20 26 0.97117347 
392 471 20 28 0.9529711 
113 374 61 78 0.9506375 
6 265 80 209 0.77418596 
362 456 18 22 0.6853441 
2 431 42 75 0.13852565 
370 461 16 22 0.09548103 
454 450 12 16 0.093449354 
140 649 33 40 0.056976885 
389 445 12 17 0.056546483 
701 118 28 36 0.051126532 
483 445 11 14 0.045630034 
377 461 21 27 0.04362775 
349 543 17 18 0.040507495 
186 244 28 36 0.03963937 
665 145 29 34 0.035093643 
157 649 30 39 0.03409902 
639 359 9 13 0.031090913 
393 496 15 20 0.029846296 
478 453 12 14 0.029639473 
472 461 16 22 0.02813083 
813 436 185 247 0.025951613 
451 447 20 25 0.024221852 
692 521 45 63 0.0240208 
495 446 10 12 0.02277702 
210 315 27 34 0.022720518 
714 119 25 36 0.02134715 
483 451 11 14 0.021128014 
688 100 36 42 0.020712454 
357 433 15 20 0.020489357 
429 484 11 14 0.020327795 
673 131 41 48 0.020240232 
710 391 9 12 0.020124106 
