30_Surgeons_Surgeons_30_115
25
315 278 63 79 0.9927834 
844 256 93 149 0.9891418 
474 318 67 69 0.9864529 
200 278 53 62 0.972007 
571 202 60 66 0.97065365 
80 250 43 57 0.900727 
594 207 68 63 0.1549455 
164 170 56 74 0.09137462 
135 139 96 124 0.08525668 
916 279 98 137 0.052815784 
627 205 64 58 0.052419353 
99 262 33 38 0.047308754 
826 199 105 145 0.043345395 
221 268 53 72 0.042560756 
185 244 12 14 0.037615467 
625 233 46 48 0.03399374 
114 168 58 74 0.031763278 
128 187 30 44 0.030135863 
179 185 29 42 0.027478516 
499 37 357 488 0.025218125 
391 285 24 39 0.024315128 
96 134 93 126 0.023543762 
196 292 36 38 0.022877151 
112 271 20 24 0.02079942 
834 330 12 15 0.020080645 
