30_Surgeons_Surgeons_30_256
21
321 440 142 154 0.9918351 
430 45 121 116 0.9878777 
658 470 143 140 0.8712196 
688 194 146 128 0.38866556 
343 292 133 134 0.27245253 
266 259 188 138 0.11475246 
666 126 208 236 0.09494047 
328 265 197 254 0.06661235 
255 238 131 99 0.056988593 
785 119 58 58 0.042887226 
766 107 92 108 0.039947856 
506 204 73 71 0.038825613 
595 99 433 427 0.02936612 
722 206 27 36 0.027535263 
387 80 385 412 0.026089616 
697 226 86 70 0.02579449 
19 36 175 182 0.025724731 
681 491 87 84 0.022116218 
387 319 82 85 0.020887854 
467 384 66 73 0.02078313 
31 10 114 121 0.020254755 
