30_Surgeons_Surgeons_30_552
25
212 260 29 41 0.9613848 
386 226 28 33 0.9197795 
395 220 28 34 0.05216181 
412 353 15 18 0.046604645 
86 451 13 17 0.046398263 
249 311 10 13 0.039631728 
725 277 11 14 0.039204724 
204 259 17 25 0.0374657 
511 506 32 38 0.03454413 
203 272 49 58 0.033410612 
197 260 29 38 0.032319807 
410 229 17 23 0.029361874 
306 393 197 229 0.029008634 
221 372 203 241 0.029005907 
398 356 13 19 0.028981784 
401 348 24 28 0.028952416 
407 214 13 15 0.028778777 
976 577 47 78 0.02797807 
235 327 18 21 0.024286536 
247 315 14 17 0.023140786 
365 378 13 16 0.02297154 
324 7 15 18 0.021790031 
404 218 17 23 0.02127437 
528 72 212 320 0.020783423 
223 322 31 34 0.020391725 
