30_Surgeons_Surgeons_30_8
18
703 137 60 75 0.99950016 
589 188 63 78 0.99928445 
303 183 60 78 0.99903417 
411 171 69 92 0.9951751 
893 336 29 38 0.06744585 
89 335 7 8 0.03877432 
1011 580 14 23 0.037312187 
470 135 103 103 0.03204076 
908 348 14 18 0.028686523 
965 390 11 13 0.026536163 
976 344 7 10 0.024654917 
284 451 51 52 0.02439495 
374 547 54 55 0.024129951 
494 225 14 16 0.02344896 
976 326 8 11 0.02230995 
445 108 94 113 0.022143288 
568 449 10 13 0.022087479 
997 404 12 17 0.020612907 
