30_Surgeons_Surgeons_30_122
23
277 302 37 46 0.9187788 
526 295 34 36 0.7969147 
255 265 28 45 0.7223142 
129 311 40 53 0.44867906 
850 433 36 34 0.2498534 
741 280 33 34 0.10014892 
218 271 33 41 0.07854641 
105 326 43 48 0.06969735 
729 268 23 33 0.05580593 
502 348 33 38 0.05370604 
812 410 42 52 0.045768652 
304 340 45 70 0.03673596 
231 269 40 47 0.03536997 
967 425 57 66 0.0325593 
832 418 47 44 0.02974812 
860 544 34 38 0.02824994 
266 268 15 22 0.027695382 
149 311 35 55 0.024578925 
196 350 48 58 0.024321046 
926 370 46 56 0.023993293 
270 291 73 102 0.02168115 
849 451 37 37 0.020956004 
264 274 41 58 0.020805117 
