30_Surgeons_Surgeons_30_525
27
615 99 70 81 0.9984964 
440 76 84 112 0.99838686 
187 159 115 166 0.98909 
80 240 140 125 0.8070003 
329 195 30 35 0.68862396 
112 180 166 173 0.42535716 
-2 225 63 118 0.26525012 
288 282 66 92 0.17004181 
692 340 18 23 0.12733388 
264 289 39 58 0.114818804 
435 414 64 55 0.08909287 
778 340 22 26 0.083727024 
231 214 99 149 0.07279158 
820 446 27 36 0.06597363 
21 226 103 121 0.042708278 
402 399 117 106 0.042267863 
465 411 38 35 0.039467815 
127 2 112 99 0.035970986 
771 426 46 54 0.03490605 
812 437 48 58 0.028574474 
431 414 42 38 0.025735307 
331 213 19 24 0.02256437 
663 347 32 36 0.02229685 
628 355 38 41 0.022289881 
550 395 138 111 0.022035534 
997 492 27 53 0.021310959 
668 341 45 51 0.0201886 
