30_Surgeons_Surgeons_30_95
69
763 223 59 91 0.99334586 
561 160 39 46 0.92927897 
597 202 61 61 0.9073856 
357 196 57 66 0.5506032 
742 620 47 41 0.42217702 
573 168 42 55 0.22220701 
626 191 58 58 0.1302521 
317 171 49 63 0.11859581 
763 598 58 54 0.11394554 
448 402 53 56 0.07488328 
375 182 49 63 0.06639391 
648 181 48 57 0.0655602 
167 185 15 22 0.06121981 
96 366 10 13 0.06111196 
464 72 50 45 0.060559645 
207 28 115 119 0.059915386 
238 6 117 108 0.059376027 
331 194 58 69 0.052618563 
791 228 66 81 0.051370636 
45 634 42 46 0.047778722 
31 355 10 16 0.047532286 
215 189 9 13 0.046774063 
18 337 15 20 0.046563964 
803 227 96 112 0.044024967 
211 329 13 18 0.043974098 
588 181 39 48 0.043761533 
473 411 47 54 0.043341577 
34 451 12 15 0.042637195 
831 434 128 164 0.040254317 
719 613 107 79 0.036776714 
731 196 30 32 0.036055926 
795 543 46 63 0.03583266 
168 167 8 11 0.03494089 
29 342 10 15 0.034246042 
762 120 16 22 0.033745784 
89 366 8 11 0.032344814 
422 386 57 59 0.031508002 
114 322 13 18 0.030278394 
472 71 28 30 0.029377697 
9 329 26 32 0.029183682 
163 238 11 14 0.027959958 
834 166 19 21 0.027323114 
786 586 56 61 0.027045514 
254 189 10 13 0.0270093 
312 167 34 47 0.026692422 
39 291 475 522 0.026123488 
426 403 17 21 0.026044654 
417 395 32 37 0.025454324 
758 632 39 40 0.02521348 
0 319 39 54 0.025040345 
740 203 17 17 0.024789097 
10 623 46 49 0.024599906 
180 180 12 15 0.024537807 
180 188 11 14 0.024528679 
331 0 38 26 0.024179243 
679 239 416 436 0.023725329 
569 150 26 34 0.02359369 
39 374 10 13 0.023544334 
182 156 25 28 0.02332147 
45 643 14 20 0.022805123 
578 111 13 17 0.022687415 
751 246 8 12 0.022505319 
182 170 13 16 0.022336967 
872 195 12 16 0.02221273 
81 367 8 10 0.021605456 
68 366 10 12 0.021025127 
301 186 11 15 0.020848721 
15 311 202 261 0.020827614 
746 577 95 98 0.020566178 
