30_Surgeons_Surgeons_30_911
24
572 415 142 178 0.989374 
350 492 85 110 0.3760791 
807 729 79 133 0.10008757 
830 328 18 23 0.09979236 
416 657 32 43 0.07301616 
753 387 17 22 0.06681946 
869 297 21 26 0.03519244 
764 295 10 13 0.035009455 
335 435 35 39 0.030480837 
568 318 14 16 0.030237745 
524 767 45 63 0.028366381 
762 410 16 20 0.028242795 
449 653 34 41 0.027913095 
407 343 52 63 0.027005905 
210 838 242 247 0.024619246 
611 454 82 102 0.02437001 
753 393 24 31 0.024128798 
794 324 16 21 0.023362964 
841 384 24 32 0.023175688 
868 656 26 36 0.022279058 
818 414 32 40 0.022112245 
795 315 25 32 0.021975681 
558 327 14 18 0.021039184 
330 536 101 146 0.020276163 
