30_Surgeons_Surgeons_30_979
19
338 237 447 565 0.99999535 
558 306 386 508 0.39184874 
737 339 338 439 0.3014967 
244 786 137 160 0.1830953 
179 759 201 281 0.06626486 
956 425 30 33 0.065525316 
99 592 55 58 0.03529294 
756 844 106 106 0.033292998 
65 833 455 377 0.03126388 
879 798 34 39 0.03093793 
951 428 47 48 0.029387366 
835 889 66 58 0.028198594 
879 538 51 54 0.028106729 
102 697 31 32 0.025020422 
811 804 100 114 0.02491507 
873 540 34 37 0.0232449 
802 877 70 63 0.02249278 
822 408 129 157 0.02039044 
253 496 71 89 0.020272646 
