30_Surgeons_Surgeons_30_107
33
683 311 204 216 0.9997894 
524 813 116 93 0.9035085 
287 69 24 30 0.19391632 
721 949 182 242 0.17681603 
292 388 151 181 0.16416872 
509 590 12 13 0.13490678 
535 921 117 120 0.13317126 
430 603 15 18 0.0806745 
-45 813 341 442 0.079687506 
795 348 148 166 0.07455782 
501 776 177 173 0.07304434 
171 191 97 133 0.06341124 
211 380 122 158 0.049642324 
438 600 12 14 0.03736863 
368 118 9 10 0.033290774 
458 632 16 20 0.033165213 
192 224 217 302 0.032324653 
417 29 126 117 0.030580213 
443 601 13 18 0.029102746 
507 589 19 24 0.028420229 
153 591 344 461 0.028077854 
183 135 11 14 0.027767973 
276 694 43 52 0.027730001 
379 77 11 14 0.027193043 
156 63 10 12 0.025251571 
697 385 32 35 0.024297783 
70 925 170 245 0.023533562 
620 335 207 257 0.023204066 
69 709 320 487 0.022524502 
560 583 9 11 0.022317989 
524 847 137 144 0.02085217 
498 832 75 74 0.02052208 
99 350 25 35 0.020140892 
