27_Spa_Spa_27_512
80
356 627 97 109 0.9985831 
505 151 24 27 0.2988294 
42 906 14 17 0.19905747 
600 752 8 10 0.12566152 
634 744 8 10 0.09307322 
688 721 8 9 0.08679798 
441 89 197 226 0.070825756 
679 733 9 10 0.06929553 
704 750 9 10 0.06261387 
116 850 18 23 0.06185501 
687 999 61 72 0.05876875 
547 757 8 11 0.058108103 
887 1074 26 30 0.05723078 
653 516 12 14 0.054927934 
545 753 9 10 0.054219313 
686 726 9 10 0.051835377 
660 502 11 13 0.047927454 
681 728 9 10 0.045045428 
781 954 12 15 0.040594097 
759 703 10 13 0.03871919 
704 743 9 10 0.038690537 
710 743 8 10 0.038299117 
696 736 8 10 0.038236026 
701 736 9 10 0.037976723 
694 740 10 11 0.037856486 
337 760 324 432 0.035507668 
654 509 11 13 0.034740236 
601 511 8 10 0.034271706 
695 720 7 9 0.033665866 
673 726 7 10 0.033429794 
558 744 8 10 0.033145677 
622 813 10 12 0.033124138 
574 819 13 18 0.032293506 
637 749 8 10 0.03180604 
570 767 8 9 0.03154204 
600 786 10 13 0.031029802 
584 735 7 9 0.030700225 
682 720 7 9 0.030172812 
560 728 9 10 0.030075386 
503 727 7 10 0.029805638 
654 772 9 11 0.029429585 
670 511 11 11 0.02865442 
996 1184 12 14 0.028187567 
695 759 8 10 0.027572583 
532 744 9 10 0.027483547 
697 712 7 9 0.027480548 
485 726 8 10 0.027008988 
899 1183 38 38 0.026949769 
582 791 8 11 0.026598059 
664 758 8 11 0.02605503 
549 751 8 10 0.025232853 
595 751 8 10 0.024876533 
868 774 10 14 0.024360068 
632 737 8 9 0.024302918 
592 525 10 11 0.024296314 
672 721 6 9 0.023505295 
663 711 7 10 0.023337528 
793 767 8 9 0.023213679 
488 711 9 10 0.023199989 
685 525 31 37 0.023087155 
624 488 8 8 0.023033079 
574 768 8 9 0.022902587 
591 496 7 9 0.02277435 
687 733 8 10 0.022771133 
622 736 8 9 0.022648076 
619 557 30 37 0.022585077 
778 711 8 9 0.021972671 
631 728 7 9 0.021951785 
648 501 10 12 0.021556037 
489 703 8 10 0.021265572 
29 930 17 19 0.021211077 
575 744 9 10 0.021176944 
688 741 10 12 0.020836461 
576 719 8 10 0.020826673 
591 736 8 9 0.0207411 
654 496 10 12 0.020538688 
103 860 14 18 0.020525487 
713 760 8 9 0.02039261 
554 744 7 9 0.020090211 
558 775 7 9 0.020086411 
