27_Spa_Spa_27_768
130
336 267 53 75 0.9993055 
191 333 51 84 0.99872917 
566 244 57 84 0.99768734 
739 320 51 79 0.99485284 
967 307 8 10 0.20560554 
229 337 51 67 0.17527789 
54 357 11 13 0.15042524 
964 327 8 11 0.14429241 
904 342 8 10 0.14044695 
957 320 9 10 0.12508383 
895 295 7 9 0.11887062 
898 321 8 10 0.10368156 
885 304 9 11 0.08049469 
927 321 8 9 0.079459354 
943 360 9 12 0.07942475 
880 310 9 10 0.078839615 
883 342 10 12 0.07839415 
949 404 11 14 0.07071333 
968 344 9 9 0.07018258 
895 398 8 9 0.06921547 
882 280 8 9 0.06858829 
390 792 10 11 0.06824671 
839 550 106 160 0.0641758 
20 382 11 12 0.061182164 
882 347 9 12 0.059233904 
973 343 9 10 0.058735576 
864 272 8 9 0.0586825 
854 296 7 9 0.056065712 
857 366 10 11 0.05594774 
944 384 9 10 0.054025512 
885 336 8 10 0.053828076 
910 285 10 11 0.051923368 
926 334 8 12 0.0509627 
959 344 9 10 0.050360784 
977 321 8 9 0.050347753 
76 374 12 14 0.049894895 
880 285 9 11 0.048405457 
937 333 9 11 0.04602158 
68 408 9 11 0.045092016 
895 302 9 10 0.044925682 
847 303 9 10 0.04476136 
757 290 11 14 0.041483168 
864 278 9 10 0.040912777 
901 318 9 11 0.040548336 
843 305 7 9 0.040173266 
954 326 10 12 0.039324377 
920 320 8 10 0.03925587 
210 347 49 62 0.038969766 
22 387 10 12 0.038826868 
9 390 9 12 0.038713627 
897 349 8 11 0.037804343 
872 288 8 10 0.03720848 
877 327 8 9 0.036572367 
952 332 10 11 0.035789933 
26 398 10 12 0.035472948 
984 304 8 10 0.035070367 
53 363 13 15 0.034921296 
73 419 11 13 0.034511972 
935 328 9 9 0.03430452 
757 280 8 10 0.033199 
949 358 10 11 0.03313449 
984 309 8 10 0.033090156 
904 310 8 10 0.032705273 
885 286 8 10 0.03244296 
980 387 10 11 0.032256544 
951 311 8 9 0.031484008 
877 319 9 11 0.031417508 
895 277 8 10 0.030483572 
869 272 8 9 0.030188749 
929 326 7 9 0.0299767 
948 383 10 11 0.029851357 
879 293 7 9 0.02952369 
966 382 9 11 0.029216528 
17 376 8 9 0.029051766 
910 334 8 11 0.028954856 
857 287 8 9 0.028887704 
911 327 8 11 0.02854331 
896 336 8 9 0.028538587 
921 335 8 11 0.02819755 
881 335 8 10 0.028175723 
840 288 7 9 0.027824393 
959 329 12 13 0.027794335 
942 388 11 13 0.027394874 
838 345 8 11 0.027059646 
887 359 8 11 0.026642285 
976 326 9 10 0.026388766 
941 319 9 10 0.025809761 
25 405 10 12 0.025772793 
981 335 9 10 0.02560355 
969 350 9 10 0.02558101 
54 370 11 13 0.025204357 
935 353 8 9 0.025110055 
929 303 9 12 0.024923842 
65 412 10 13 0.02490741 
721 285 8 10 0.02464735 
13 388 11 14 0.024359003 
880 405 10 12 0.024292514 
957 350 10 12 0.024063943 
69 414 10 13 0.024062516 
825 742 146 210 0.023953136 
1009 309 11 12 0.023825413 
897 343 8 12 0.023741359 
845 307 10 12 0.02362117 
0 366 7 12 0.023571001 
903 346 10 12 0.023295114 
871 293 10 10 0.023044568 
861 311 9 11 0.022868702 
755 285 10 14 0.022859488 
15 421 10 12 0.022676941 
864 343 9 10 0.02254559 
999 373 11 13 0.022006243 
874 368 8 9 0.021980567 
911 305 8 9 0.021761745 
863 335 8 9 0.021364199 
20 377 10 11 0.021150036 
782 281 9 10 0.021112822 
124 387 11 13 0.02104263 
887 319 8 11 0.021024577 
982 342 8 11 0.021004671 
921 327 7 9 0.020782368 
969 357 10 12 0.020711318 
991 304 10 11 0.020681573 
940 328 9 10 0.02067929 
895 289 7 9 0.020576168 
44 413 11 12 0.0204294 
864 295 8 10 0.020216577 
921 341 9 11 0.020087713 
856 310 9 10 0.020050857 
1002 326 9 11 0.020046037 
960 311 9 10 0.020016316 
