27_Spa_Spa_27_851
61
860 157 34 48 0.992706 
451 143 28 43 0.99188316 
722 144 32 45 0.93744016 
475 352 22 32 0.7045748 
12 41 64 134 0.5840627 
745 144 33 38 0.20594072 
447 132 25 35 0.17641085 
546 337 15 18 0.14957963 
497 294 20 23 0.13773489 
267 275 14 15 0.10467517 
911 139 25 40 0.09231042 
529 336 14 19 0.086306706 
448 370 12 14 0.068160474 
480 140 25 37 0.060160533 
544 345 14 18 0.046524744 
20 230 42 51 0.046511024 
49 285 16 24 0.041483924 
181 353 14 16 0.040211264 
959 269 12 17 0.03969406 
448 132 13 24 0.039270546 
260 269 13 17 0.038974732 
1007 416 9 12 0.038610067 
148 335 16 19 0.03797209 
266 330 12 15 0.03608469 
1015 367 7 12 0.035306193 
185 388 11 15 0.03358649 
531 342 15 21 0.032936826 
232 303 27 32 0.031749077 
360 252 10 12 0.030586366 
140 330 19 21 0.03011614 
636 265 406 476 0.029323142 
905 151 28 43 0.027862545 
722 191 23 31 0.027338311 
516 324 11 14 0.02717893 
439 216 10 12 0.027105102 
211 301 12 16 0.027076473 
428 147 10 13 0.025905661 
675 430 35 42 0.025308633 
120 145 8 10 0.025046483 
33 85 35 67 0.02468555 
397 371 12 14 0.02362539 
425 142 9 12 0.023480242 
75 315 19 22 0.023463499 
116 396 14 18 0.022734046 
119 306 23 26 0.022636099 
429 372 10 12 0.022581527 
963 276 12 15 0.022371372 
128 387 52 60 0.022285158 
371 263 7 11 0.022107778 
329 231 9 10 0.02193942 
350 279 9 10 0.021863485 
2 23 56 97 0.021785185 
450 123 17 23 0.021149669 
124 261 13 17 0.021006592 
876 138 30 42 0.020903677 
429 190 10 12 0.020844063 
721 138 19 29 0.020754585 
515 331 13 17 0.020393644 
493 305 24 30 0.020353308 
477 350 15 19 0.02029963 
192 367 24 27 0.020204527 
