16_Award_Ceremony_Awards_Ceremony_16_134
69
420 218 154 198 0.99762374 
260 1245 353 465 0.4820782 
828 336 169 250 0.4158679 
765 63 191 243 0.41152135 
732 74 93 135 0.29819137 
492 830 15 17 0.22223358 
810 5 219 249 0.120064385 
741 105 115 166 0.08646622 
11 309 175 261 0.08383159 
828 231 165 242 0.082806826 
771 155 121 168 0.07984467 
473 798 8 10 0.0768674 
835 439 179 252 0.071465224 
30 20 87 131 0.0684661 
492 803 12 13 0.057765864 
704 169 98 148 0.05628745 
180 111 85 106 0.043138757 
31 481 109 146 0.04158387 
544 452 123 165 0.041006826 
53 532 201 301 0.040607147 
853 478 123 142 0.03917402 
502 840 32 53 0.038618155 
126 314 60 70 0.036842376 
14 512 334 465 0.03674696 
216 147 59 72 0.036167137 
50 607 116 141 0.035917282 
487 835 29 35 0.035417654 
147 125 57 81 0.03497695 
683 476 41 58 0.034316253 
755 208 100 148 0.032507446 
489 800 9 11 0.031964064 
219 979 360 525 0.031750027 
465 402 182 286 0.031377356 
1012 954 10 16 0.02891775 
114 324 97 115 0.028779635 
40 70 59 98 0.02693464 
247 1626 446 592 0.026577167 
989 1310 9 11 0.026324792 
866 600 53 68 0.025849547 
102 49 148 239 0.025702493 
698 16 198 259 0.025634104 
37 663 101 131 0.02492588 
127 368 52 66 0.024037521 
492 810 14 15 0.024018362 
567 167 63 80 0.023922475 
1014 1262 8 12 0.023505127 
851 176 139 169 0.023349596 
209 348 61 72 0.02323899 
71 928 12 17 0.022918157 
1014 1293 8 12 0.022817282 
193 294 95 114 0.022760862 
886 514 161 239 0.022501584 
875 556 108 136 0.022490826 
394 411 173 296 0.022090595 
320 34 191 236 0.021576885 
479 808 9 10 0.021558728 
147 371 57 69 0.021499243 
843 34 138 154 0.021459494 
27 415 178 270 0.021377284 
802 1506 14 17 0.021152068 
723 244 99 150 0.02069283 
733 1148 14 19 0.020568775 
700 314 316 421 0.020564934 
163 415 34 40 0.020406442 
196 158 57 75 0.020334996 
692 222 94 152 0.02023201 
477 813 10 13 0.02018557 
247 710 59 82 0.020144744 
151 198 48 68 0.020107908 
