16_Award_Ceremony_Awards_Ceremony_16_143
163
269 312 418 540 0.9999639 
227 1400 32 38 0.80114484 
661 1390 12 16 0.45226607 
202 1397 15 18 0.27932954 
360 1378 13 15 0.21030338 
608 1380 11 15 0.1962267 
411 1405 27 34 0.18257704 
550 1395 14 19 0.1588256 
662 1398 11 16 0.15751593 
276 1396 25 32 0.14471866 
679 1399 14 19 0.14183974 
691 1399 16 22 0.11696012 
750 1365 10 13 0.11649568 
316 1371 11 13 0.11457604 
518 1442 26 34 0.11403833 
389 1372 13 15 0.09903085 
606 1412 11 14 0.095635995 
787 1375 15 20 0.09562109 
798 1382 16 24 0.0933851 
632 1410 10 13 0.087117285 
591 1382 13 17 0.08711061 
744 1365 9 12 0.080404066 
699 1401 16 21 0.07572932 
352 785 475 472 0.0721049 
905 1488 15 19 0.07148361 
782 1354 12 13 0.0710122 
655 1371 9 11 0.07008281 
468 1431 14 17 0.06993936 
102 803 526 408 0.068785086 
202 1398 23 29 0.06807938 
629 1394 11 15 0.06432654 
822 1392 12 15 0.062010057 
577 1396 10 13 0.05896757 
680 1397 24 28 0.057888426 
646 1417 14 17 0.057858706 
582 1388 10 13 0.050722364 
541 1395 14 18 0.049819387 
261 1398 29 38 0.049509145 
425 1416 15 20 0.049420945 
542 1419 15 17 0.048550755 
371 1396 10 13 0.047501586 
816 1396 13 17 0.04567922 
227 1371 15 17 0.045311328 
618 1489 16 18 0.044657644 
588 1483 11 15 0.042999677 
762 1376 16 20 0.042865213 
459 1430 17 20 0.042337544 
600 1476 11 13 0.0420772 
558 1452 15 21 0.041614566 
555 1399 15 20 0.04138432 
170 1370 15 22 0.04109383 
533 1394 16 20 0.040913988 
759 1374 13 15 0.040347617 
587 1442 11 17 0.03989901 
248 1402 30 38 0.039540004 
894 1336 25 35 0.038928237 
421 1388 11 13 0.038700912 
722 1416 104 111 0.038520854 
564 1412 10 15 0.037816044 
641 1375 7 10 0.037519213 
326 1419 27 29 0.037499137 
897 1490 23 28 0.036698576 
326 1416 17 19 0.036553334 
610 1386 12 15 0.036372554 
580 1477 13 16 0.036323648 
667 1372 11 13 0.03560963 
157 1423 23 31 0.03541664 
590 1407 9 11 0.035297967 
152 1364 24 29 0.03499221 
594 1376 21 28 0.034974594 
383 1383 12 14 0.034836225 
146 1366 17 21 0.034007806 
188 1385 24 30 0.033980887 
386 1374 10 12 0.03395868 
590 1419 11 15 0.033551283 
508 1436 13 19 0.03334829 
546 1412 13 17 0.033221416 
649 1372 8 11 0.033055972 
210 1397 13 17 0.032674745 
188 1466 14 16 0.03256859 
408 1390 9 10 0.03236338 
542 1489 18 21 0.032315847 
636 1411 12 16 0.032132514 
236 1373 12 15 0.032109432 
604 1453 12 16 0.03200706 
631 1420 10 13 0.03149868 
826 1397 14 18 0.031012492 
474 1428 14 19 0.030962251 
640 1418 12 16 0.030721905 
289 1400 15 23 0.03025137 
221 1368 25 28 0.030047176 
691 1404 93 109 0.029876864 
181 1379 23 31 0.029867418 
400 1400 10 12 0.029711144 
387 1378 14 16 0.029601548 
735 1400 15 21 0.029492155 
168 419 378 521 0.029247845 
772 1377 13 18 0.029218176 
399 1407 29 35 0.02910986 
805 1385 21 26 0.028762838 
753 1450 56 57 0.028386198 
796 1435 16 23 0.02811579 
657 1382 11 14 0.027779493 
646 1398 9 12 0.02735769 
580 1469 10 13 0.027337551 
910 1415 16 22 0.027285185 
605 1448 11 13 0.02719498 
503 1437 23 31 0.027071236 
373 1381 12 14 0.026967734 
207 1396 56 63 0.026951805 
353 1390 11 16 0.026756642 
900 1392 12 17 0.026734155 
799 1404 12 15 0.026676476 
616 1434 10 13 0.026455384 
742 1370 11 15 0.026075147 
756 1366 11 15 0.025664248 
171 1372 23 31 0.025456186 
755 1456 27 37 0.025307877 
191 1483 14 16 0.025232276 
374 1374 9 11 0.025029548 
197 1390 15 18 0.024383502 
584 1383 10 13 0.023966564 
893 1493 14 19 0.023806509 
666 1395 12 17 0.023805173 
181 1434 11 16 0.023682073 
681 1392 41 52 0.023301365 
726 1433 15 20 0.023265935 
235 791 16 20 0.023135958 
559 1419 12 14 0.023006083 
518 1375 8 12 0.022964325 
782 1361 14 18 0.022775525 
613 1376 8 11 0.02269547 
692 1437 26 33 0.02262457 
190 1387 49 58 0.022473408 
583 1404 8 11 0.02230969 
573 1474 15 19 0.022297133 
617 1476 13 16 0.022166507 
592 1377 9 11 0.022152424 
176 1480 10 12 0.021985082 
597 1448 21 27 0.021766765 
502 651 539 421 0.021755524 
413 1405 15 18 0.021688676 
916 1449 17 25 0.021576704 
657 1403 11 14 0.021570124 
335 1423 29 34 0.021565186 
415 1388 11 12 0.021433862 
221 1375 15 18 0.021117605 
414 1399 12 13 0.020985166 
312 1367 21 26 0.020910012 
406 1399 10 12 0.020819006 
814 1393 24 30 0.02075038 
784 1436 11 14 0.020688199 
737 1365 9 12 0.020613734 
759 1458 13 20 0.020506611 
611 1419 11 14 0.0204798 
606 1393 13 16 0.020452557 
388 1367 21 23 0.020334722 
620 1430 12 15 0.020246366 
598 1420 11 14 0.020131327 
-30 340 431 452 0.020129131 
601 1406 10 14 0.020098917 
-67 776 471 487 0.020095635 
223 1460 15 16 0.020021338 
