16_Award_Ceremony_Awards_Ceremony_16_73
354
260 122 35 46 0.9983298 
410 145 36 49 0.9979693 
316 73 33 38 0.9973489 
615 146 37 47 0.99099535 
266 78 18 23 0.9900109 
203 54 19 24 0.9860989 
91 72 17 23 0.98526275 
727 90 39 52 0.9819119 
640 79 17 22 0.97993934 
492 61 15 19 0.96459466 
720 40 18 23 0.9614724 
637 44 16 20 0.9441104 
654 22 15 19 0.94249225 
563 29 17 20 0.94217914 
619 33 14 17 0.9185097 
603 20 13 17 0.9098074 
472 28 14 17 0.8723088 
593 71 16 21 0.86342853 
533 68 13 17 0.856443 
686 25 13 18 0.8367522 
697 41 16 20 0.8287779 
866 37 13 19 0.82449126 
538 44 16 20 0.79959995 
568 76 16 19 0.7879443 
365 50 14 19 0.78316647 
608 59 16 20 0.7709541 
6 83 14 17 0.7031741 
990 0 14 18 0.7015089 
168 57 14 18 0.68767095 
701 1 14 16 0.67684877 
989 35 13 17 0.6587478 
240 58 14 17 0.6445236 
414 63 14 20 0.5840856 
904 113 21 31 0.5731443 
852 21 12 16 0.56366324 
345 37 10 13 0.55552566 
813 32 12 16 0.5525941 
624 73 15 19 0.5365875 
918 37 10 13 0.52545804 
458 58 18 22 0.5155238 
184 66 18 23 0.5093451 
889 36 12 15 0.5072119 
771 0 13 15 0.4767089 
445 54 13 17 0.46947443 
656 64 14 17 0.4578926 
722 14 14 17 0.4005103 
973 20 11 15 0.38324732 
582 16 13 17 0.3814303 
749 38 14 19 0.37382567 
151 140 11 15 0.35360426 
142 56 16 22 0.3447668 
973 36 11 15 0.34168443 
22 80 16 20 0.33120576 
240 81 13 19 0.3277836 
571 50 13 17 0.31736532 
156 78 15 18 0.31451145 
836 36 11 15 0.3083193 
427 60 13 18 0.3002112 
508 0 13 14 0.29716593 
226 68 16 21 0.27918655 
1004 22 12 16 0.27138042 
431 80 15 19 0.2702698 
590 0 13 13 0.26094565 
584 45 12 15 0.2571631 
546 77 13 16 0.21661161 
39 77 10 13 0.20825322 
877 18 11 13 0.19616602 
548 1 14 17 0.1849994 
234 64 18 24 0.17871992 
492 29 11 14 0.17498817 
455 45 14 17 0.17189492 
15 64 11 13 0.16506495 
123 58 14 17 0.16282254 
421 58 15 23 0.15769808 
382 63 15 23 0.14515547 
389 33 11 15 0.14485928 
489 34 12 15 0.13916326 
785 38 11 14 0.13701062 
9 75 19 25 0.13632073 
792 539 27 28 0.13145956 
641 14 11 14 0.13038014 
833 42 11 14 0.12837148 
387 81 14 20 0.12806295 
588 49 11 13 0.124956235 
754 37 12 16 0.12283952 
741 6 11 13 0.119831406 
20 70 14 17 0.11901522 
494 23 11 13 0.11800513 
527 34 13 15 0.11462974 
456 38 12 15 0.114568755 
892 31 10 14 0.11363733 
805 62 9 11 0.10508124 
445 38 11 14 0.10499876 
446 52 21 26 0.10326168 
982 33 15 20 0.09972668 
151 73 15 22 0.097209714 
320 44 8 10 0.096547954 
845 125 10 14 0.094344825 
803 21 11 13 0.08876408 
672 51 13 18 0.087997444 
1001 76 11 14 0.08732477 
52 61 13 17 0.087043226 
132 57 20 25 0.08449576 
445 46 12 14 0.08272151 
627 81 15 18 0.08236585 
757 30 10 13 0.08211811 
347 61 15 19 0.082083054 
599 41 11 16 0.07935311 
699 8 15 18 0.078147046 
904 29 10 14 0.07780148 
1005 15 11 14 0.07765321 
517 60 13 16 0.07647888 
146 62 15 23 0.07545225 
788 43 10 13 0.0744342 
345 87 17 22 0.07416427 
500 23 11 14 0.073712386 
792 53 9 12 0.073417015 
601 32 16 20 0.073289216 
758 -1 10 9 0.07302744 
800 69 9 12 0.07099476 
595 61 19 25 0.07051123 
386 70 16 23 0.070415914 
356 52 20 25 0.070120715 
970 24 16 22 0.069413096 
676 530 15 19 0.069356844 
424 52 12 17 0.069038846 
367 75 13 20 0.068410724 
822 54 8 10 0.068348944 
896 193 17 18 0.06679854 
532 37 16 20 0.06534758 
558 4 14 18 0.06522325 
51 64 21 26 0.064546615 
810 35 9 14 0.06351814 
334 65 24 35 0.06330582 
421 46 10 13 0.06323799 
360 23 8 11 0.062378112 
658 42 12 17 0.060313776 
804 70 9 11 0.057541747 
814 42 12 15 0.057291478 
543 1 12 14 0.057188973 
327 54 11 14 0.055780698 
913 43 10 14 0.055443358 
341 96 24 31 0.054629363 
815 0 10 9 0.053938314 
383 87 14 19 0.053874865 
81 56 18 21 0.053620856 
389 43 12 15 0.05344699 
585 11 15 19 0.052385036 
950 4 10 12 0.052025393 
893 60 10 12 0.05199806 
229 71 20 27 0.05119695 
456 33 10 12 0.05096909 
429 62 19 27 0.05055716 
536 0 9 11 0.050074875 
799 16 11 12 0.04997158 
647 21 14 17 0.04935852 
834 31 11 13 0.049077686 
854 37 11 14 0.048933085 
645 7 13 15 0.04892879 
478 59 12 16 0.04811993 
584 36 12 17 0.04782758 
171 61 16 22 0.047512047 
273 59 10 14 0.047473956 
488 22 12 14 0.047139995 
366 0 8 8 0.04653219 
443 64 15 21 0.04609188 
76 52 17 20 0.045891456 
838 1 10 11 0.0457298 
735 5 12 15 0.045643613 
699 17 14 17 0.04500168 
807 29 12 16 0.044820804 
976 54 9 13 0.044458814 
10 87 14 20 0.04438889 
342 0 7 9 0.04366932 
210 333 9 12 0.043216456 
558 54 11 15 0.042988908 
332 53 12 16 0.042803142 
758 51 11 14 0.04231081 
562 9 15 17 0.041985624 
533 136 14 17 0.041225065 
856 26 19 24 0.04108034 
793 59 9 13 0.04062775 
351 251 14 16 0.040598616 
431 0 9 8 0.04040417 
816 51 10 12 0.040151022 
344 22 9 11 0.039731164 
915 9 12 16 0.03952759 
5 96 15 19 0.039199732 
415 52 12 17 0.038933385 
106 80 14 18 0.038828418 
537 71 18 23 0.03851156 
325 0 9 10 0.038300987 
652 15 14 17 0.038208492 
437 58 13 19 0.038171295 
798 35 11 14 0.038080778 
334 80 26 35 0.037793275 
823 64 9 11 0.037527088 
374 75 19 27 0.03748297 
903 126 13 21 0.037339434 
527 62 12 16 0.03713769 
800 63 9 11 0.036845926 
367 28 9 12 0.036302257 
759 3 11 12 0.03625582 
847 38 10 13 0.035801716 
800 27 10 14 0.03554647 
360 0 9 9 0.03532326 
366 6 9 12 0.035256278 
599 15 14 17 0.03482152 
422 15 9 11 0.034733586 
8 67 12 14 0.034646623 
429 22 8 11 0.034575425 
453 12 12 14 0.034277923 
884 188 23 25 0.03404327 
911 51 10 15 0.033936054 
819 6 11 13 0.033725347 
391 22 8 11 0.03370352 
0 99 10 17 0.033583995 
424 21 9 11 0.03337074 
314 40 9 10 0.033267166 
461 3 9 11 0.033085015 
862 0 11 11 0.033022366 
781 22 10 12 0.032917812 
692 20 13 18 0.032883268 
550 27 15 18 0.032762785 
796 136 15 19 0.032584287 
784 50 11 13 0.032027483 
491 41 14 19 0.031848695 
43 75 12 17 0.03161262 
872 15 12 15 0.031491842 
367 12 9 11 0.031426843 
997 167 10 13 0.031358004 
820 0 9 9 0.03135157 
717 24 15 20 0.03130945 
799 55 9 11 0.031089704 
790 12 10 12 0.030865882 
407 61 14 19 0.030733597 
328 59 12 15 0.030623669 
699 29 14 19 0.030562809 
818 35 12 16 0.030530808 
676 110 16 21 0.030348321 
365 23 9 12 0.030299675 
438 0 9 9 0.030087115 
128 98 13 17 0.029969838 
610 22 13 16 0.029713152 
501 52 13 18 0.029523984 
880 7 10 12 0.029402152 
396 33 11 15 0.029365774 
597 197 13 16 0.029245727 
710 79 16 21 0.029105306 
285 6 9 10 0.028716985 
993 124 25 39 0.02861699 
623 90 14 16 0.028502624 
456 5 10 12 0.028468933 
370 54 15 21 0.02830295 
439 14 9 12 0.028122684 
700 33 19 25 0.028121209 
1001 59 9 11 0.027958391 
389 51 12 17 0.027805148 
896 117 24 37 0.02774358 
726 8 12 14 0.027612872 
487 54 16 20 0.027563509 
792 67 12 16 0.02753488 
735 1 10 11 0.027190728 
626 36 13 17 0.027042028 
374 65 14 22 0.026979944 
325 28 11 13 0.026891634 
393 65 15 19 0.026873987 
120 153 9 12 0.0266103 
509 20 11 15 0.026488557 
508 57 15 18 0.026454449 
805 -1 11 11 0.026303029 
903 1 10 11 0.026298987 
21 92 14 19 0.026008813 
2 83 11 16 0.025975024 
53 56 11 13 0.025875991 
589 30 11 14 0.025593774 
965 148 10 14 0.025400367 
913 6 10 13 0.025335986 
346 69 17 25 0.025274863 
156 143 11 15 0.02517643 
342 60 14 18 0.025153259 
915 125 16 23 0.025041278 
905 145 12 19 0.02502936 
733 10 12 16 0.025016297 
381 53 11 16 0.024819734 
894 24 9 11 0.024751212 
833 4 12 14 0.024574624 
841 63 9 11 0.024403397 
154 65 18 25 0.024397882 
250 71 21 26 0.024376836 
878 63 8 10 0.024205916 
423 7 9 10 0.024074135 
836 130 25 37 0.024000851 
145 135 19 24 0.023953006 
355 72 15 20 0.0239437 
28 149 26 28 0.023920905 
27 70 13 17 0.023854082 
440 138 24 36 0.023656806 
805 54 10 13 0.023514057 
978 20 12 16 0.02344616 
673 45 17 19 0.02341905 
394 81 14 19 0.023346823 
0 68 9 13 0.023210263 
603 43 14 17 0.023122918 
547 49 13 17 0.023105856 
70 56 16 20 0.023015335 
277 69 12 16 0.022841468 
567 54 14 19 0.02279777 
883 141 11 18 0.02277993 
279 2 8 9 0.022689266 
823 318 13 16 0.022565147 
858 20 12 15 0.022467755 
879 145 12 20 0.022161977 
342 4 8 11 0.022151185 
690 91 22 31 0.022049055 
778 27 11 14 0.021881698 
342 32 18 22 0.021789843 
903 135 21 32 0.021743774 
603 80 12 17 0.021720413 
868 0 10 10 0.021676075 
790 28 12 16 0.021551711 
486 13 11 15 0.021479443 
878 68 9 11 0.021403717 
647 72 18 22 0.021376045 
446 0 10 9 0.02129764 
584 2 14 16 0.021281252 
182 63 13 18 0.021236641 
657 49 18 24 0.021235973 
971 30 22 28 0.021151021 
889 60 9 11 0.021057831 
436 69 21 26 0.021039005 
909 29 12 16 0.020907866 
758 24 10 12 0.020879995 
156 55 18 25 0.020853339 
942 21 9 11 0.020810764 
815 23 10 13 0.02076795 
475 52 13 18 0.020656593 
532 30 13 17 0.020635115 
645 38 19 24 0.020535102 
903 108 13 18 0.020447133 
753 -8 23 23 0.020430166 
441 43 12 15 0.02041801 
749 6 10 12 0.020411786 
763 53 11 13 0.020394728 
282 74 14 18 0.020221377 
438 6 9 11 0.020159416 
845 61 9 12 0.020155357 
456 1 10 10 0.020149387 
651 5 12 15 0.020144723 
591 -1 19 20 0.020091249 
848 122 41 48 0.020090085 
376 7 9 10 0.020082511 
576 71 18 24 0.020042796 
1003 16 20 27 0.020012928 
