6_Funeral_Funeral_6_77
473
332 338 25 27 0.96199644 
583 361 23 25 0.9090936 
549 358 16 21 0.89604783 
85 354 19 23 0.83789855 
182 369 14 18 0.82763207 
946 505 19 25 0.82261693 
427 364 15 18 0.817948 
607 350 23 27 0.7859409 
926 496 16 23 0.76856256 
911 437 13 16 0.65772665 
478 374 13 17 0.62612885 
637 371 15 19 0.6197983 
493 353 17 19 0.5886454 
799 375 11 15 0.58375686 
446 356 13 18 0.56368494 
919 357 9 12 0.5626927 
358 358 24 28 0.5619605 
72 330 15 18 0.56134796 
915 466 15 18 0.5447362 
948 411 21 27 0.5235503 
531 375 16 19 0.48713142 
1006 566 16 23 0.4784313 
982 516 22 28 0.4594181 
909 510 16 21 0.4456857 
926 541 16 19 0.43940184 
853 361 11 14 0.42994288 
988 429 11 14 0.40906602 
824 373 10 13 0.40293548 
734 373 11 14 0.39364892 
114 367 16 20 0.38172087 
899 401 12 16 0.37031016 
768 360 9 11 0.3555092 
199 398 10 14 0.26962832 
10 373 16 19 0.2685753 
940 498 19 27 0.2675376 
805 374 11 14 0.2546116 
170 330 15 18 0.24373622 
404 348 11 13 0.24318346 
975 519 16 23 0.23215179 
131 364 14 17 0.22116698 
198 349 10 12 0.2171055 
945 379 9 13 0.2136396 
282 380 13 15 0.21193099 
315 370 13 17 0.21059027 
871 371 10 12 0.2041468 
462 458 10 14 0.19333869 
999 537 22 27 0.19190413 
222 369 14 15 0.18932827 
189 347 11 13 0.18883337 
740 374 13 15 0.17671761 
36 370 16 19 0.17197104 
823 407 9 12 0.17029706 
892 443 12 15 0.15876845 
0 397 7 13 0.15382685 
963 610 16 18 0.15337725 
993 624 15 18 0.1522917 
43 377 12 15 0.14738521 
434 363 15 18 0.1457554 
748 378 11 14 0.13398515 
997 457 15 19 0.1338639 
992 527 24 29 0.13360879 
897 432 9 11 0.13275623 
842 414 9 11 0.131178 
727 409 13 15 0.12863274 
502 392 13 17 0.12812442 
824 413 9 12 0.12587959 
999 570 23 34 0.12105799 
895 437 11 14 0.118609294 
723 364 13 17 0.11832863 
190 323 10 12 0.11535395 
667 364 13 16 0.115052044 
727 372 10 13 0.11286601 
634 381 17 20 0.11188776 
147 370 15 18 0.10921725 
293 386 13 17 0.1071548 
224 397 9 11 0.10183567 
508 386 14 18 0.098978646 
793 373 10 13 0.09772402 
815 373 10 13 0.09765809 
584 386 13 15 0.0932049 
830 368 9 12 0.090954885 
735 367 12 16 0.0893465 
262 382 10 14 0.088743955 
940 445 10 12 0.08751087 
125 347 10 13 0.086968005 
123 367 14 18 0.084044054 
78 418 43 51 0.08381811 
691 365 12 15 0.0828001 
468 391 13 16 0.08258277 
939 634 16 21 0.08195786 
974 447 15 19 0.081044406 
404 352 14 18 0.08055624 
455 380 11 13 0.07997343 
332 351 23 30 0.07963559 
280 386 12 14 0.079109944 
182 343 12 15 0.07876834 
690 372 13 14 0.07732325 
294 395 12 15 0.07618072 
924 356 9 12 0.07496345 
1008 420 13 14 0.07495495 
254 381 12 15 0.07311165 
362 352 17 19 0.073036045 
286 386 11 15 0.07267937 
240 383 9 11 0.071651034 
111 384 14 17 0.07164841 
500 359 14 16 0.07111078 
507 355 12 16 0.07069929 
1003 454 13 18 0.070456825 
205 366 10 14 0.06855067 
247 387 9 12 0.06768672 
585 347 41 48 0.06742565 
879 365 9 11 0.06685094 
551 536 7 9 0.06590817 
66 361 15 19 0.06530327 
916 449 17 19 0.06526611 
1005 555 19 27 0.0651821 
948 376 9 12 0.064737566 
986 465 17 21 0.06372303 
924 545 23 25 0.06350071 
732 405 13 17 0.06322519 
912 472 12 16 0.06310051 
981 396 9 11 0.061868373 
108 373 22 25 0.06179128 
880 358 10 13 0.061721675 
268 380 11 15 0.061404463 
904 437 10 14 0.061013307 
995 429 10 13 0.059897568 
886 475 10 12 0.059459183 
897 351 9 12 0.059386928 
954 480 16 21 0.05909356 
439 355 15 19 0.05837603 
18 379 13 14 0.058263484 
887 509 11 16 0.057995073 
187 357 14 15 0.05785282 
795 410 17 19 0.057610776 
139 364 14 17 0.057436515 
416 428 25 31 0.05671669 
702 386 14 18 0.05511018 
770 364 11 13 0.05506969 
400 341 13 17 0.054714438 
991 375 11 14 0.054579664 
133 344 8 10 0.054015454 
517 354 12 15 0.053935178 
185 320 10 12 0.053232897 
528 333 13 15 0.052457217 
156 370 12 17 0.052349787 
840 408 10 12 0.051643834 
850 359 10 13 0.051515535 
198 365 13 15 0.051179715 
133 349 10 12 0.051147126 
515 380 12 16 0.0507276 
903 514 16 20 0.05045472 
465 395 12 17 0.0504237 
216 367 11 14 0.050301913 
905 375 10 12 0.04927469 
877 472 10 12 0.048384603 
885 365 8 10 0.048157815 
464 405 11 14 0.048155602 
100 381 13 16 0.04810329 
914 565 23 26 0.04803628 
895 477 11 13 0.047671214 
627 354 14 17 0.0470579 
405 362 13 16 0.046974365 
721 381 10 13 0.04692799 
853 473 12 13 0.046867914 
1013 379 10 14 0.046516113 
948 487 22 30 0.046489425 
0 373 9 14 0.046266537 
707 383 11 14 0.04623209 
228 391 9 12 0.046180625 
909 379 10 12 0.04598991 
719 355 15 19 0.045830857 
472 377 13 17 0.045623925 
414 363 11 14 0.04500511 
735 399 11 13 0.044984557 
242 388 9 11 0.044943023 
303 373 12 15 0.04494025 
334 366 15 20 0.044474088 
845 373 11 13 0.044397976 
100 360 14 19 0.04436934 
119 346 12 15 0.043936532 
35 359 17 19 0.04381877 
198 335 10 12 0.042749234 
486 362 13 16 0.042678323 
0 426 9 14 0.042668946 
955 595 13 16 0.04236241 
973 569 16 19 0.04215331 
460 380 11 15 0.041824006 
975 389 11 12 0.041708022 
397 364 13 16 0.041643042 
468 411 11 13 0.041428342 
994 630 17 19 0.041382268 
610 364 18 21 0.041325603 
732 368 19 23 0.041133683 
580 376 23 28 0.041058127 
313 332 11 15 0.04083001 
760 398 11 15 0.040422663 
918 538 15 18 0.040414445 
1007 380 11 13 0.04039339 
456 461 12 15 0.040268797 
979 391 10 12 0.040190663 
32 378 12 15 0.04012752 
546 536 7 10 0.039835755 
838 373 9 12 0.03974793 
623 358 23 28 0.03950047 
626 293 37 40 0.03943188 
664 369 13 17 0.039392434 
560 527 7 9 0.039387364 
111 351 22 27 0.03930662 
271 396 10 13 0.03929463 
172 342 13 17 0.03927764 
61 357 13 17 0.03918664 
992 412 9 11 0.038718764 
51 328 15 18 0.0381011 
20 412 12 15 0.03785772 
691 378 25 31 0.037681986 
762 360 9 11 0.03766748 
179 332 12 15 0.03744325 
413 371 11 15 0.037412275 
668 378 10 13 0.03740982 
902 469 11 15 0.03739707 
980 427 19 23 0.03719374 
1006 372 13 16 0.037053123 
405 371 12 13 0.03686638 
141 374 17 20 0.036812354 
198 355 12 14 0.03679379 
387 385 14 18 0.036665544 
543 332 12 14 0.036630794 
723 388 11 13 0.036358885 
345 353 26 32 0.036313653 
368 356 16 19 0.036066357 
920 498 13 20 0.03585159 
710 372 10 12 0.035810575 
191 330 10 14 0.035772793 
920 461 17 20 0.035499115 
901 484 12 14 0.035488013 
61 332 12 15 0.03520613 
216 341 9 10 0.035132125 
38 386 12 15 0.035102747 
954 555 17 19 0.035072908 
215 399 9 12 0.034858037 
203 396 13 16 0.034804605 
947 405 17 19 0.034798324 
982 471 17 19 0.034670662 
641 366 23 28 0.034645878 
663 357 15 18 0.034476873 
777 423 10 12 0.034393214 
896 483 11 14 0.03433087 
388 340 14 17 0.03424766 
422 389 9 11 0.033876278 
561 48 169 249 0.033657633 
192 398 11 14 0.033611618 
560 520 6 9 0.033400394 
269 387 11 14 0.03335897 
96 385 12 14 0.03335385 
966 638 11 12 0.033165522 
983 375 11 13 0.03305341 
910 503 13 18 0.032903194 
453 386 11 15 0.032839336 
790 368 9 12 0.032762878 
845 407 12 13 0.032673035 
635 393 16 21 0.032555066 
997 375 10 13 0.032347906 
827 406 10 12 0.0323077 
509 372 14 18 0.032253467 
693 391 14 19 0.03224409 
531 338 12 15 0.032136016 
847 474 10 12 0.031972293 
568 389 10 15 0.031919725 
555 353 20 26 0.03190176 
943 401 14 17 0.031725686 
228 397 10 11 0.03172286 
923 555 23 26 0.031678665 
860 359 9 13 0.031516142 
891 509 21 28 0.031514265 
846 381 9 11 0.03130532 
830 421 10 12 0.031240938 
572 387 12 16 0.031158168 
640 567 9 11 0.03115644 
111 343 12 16 0.030906815 
933 514 24 30 0.030805562 
990 544 15 19 0.030760761 
1011 396 12 15 0.03067773 
756 371 13 16 0.030648476 
199 390 13 17 0.030540073 
913 517 15 23 0.030518489 
856 410 11 13 0.030368283 
939 483 23 29 0.030257205 
496 386 15 19 0.0302425 
280 374 12 16 0.030114094 
125 357 13 17 0.030090442 
1001 563 15 20 0.0299844 
974 546 14 18 0.029653532 
996 381 10 12 0.029649828 
949 350 12 15 0.029648125 
901 476 11 14 0.029578121 
692 356 14 15 0.029281434 
479 432 12 15 0.029234141 
452 468 12 15 0.029214602 
61 369 16 18 0.029211162 
536 367 19 23 0.02882266 
262 395 11 14 0.028671851 
221 379 12 14 0.028650412 
944 516 23 32 0.028563662 
4 386 13 16 0.02847584 
25 318 9 11 0.028456725 
866 372 9 12 0.028310388 
390 365 13 16 0.028235622 
822 367 18 23 0.028214913 
734 335 9 11 0.028177904 
469 312 13 15 0.028168349 
889 404 10 14 0.027979014 
902 356 8 11 0.027854728 
740 386 13 15 0.027847277 
976 515 36 45 0.027822051 
789 403 15 17 0.02777907 
458 355 12 17 0.027672267 
862 364 10 13 0.027608328 
879 341 10 11 0.027373912 
165 371 12 17 0.027346136 
933 602 15 19 0.027324745 
493 340 15 16 0.027308023 
808 369 10 13 0.027241478 
686 369 23 30 0.027071575 
971 672 15 16 0.027012093 
261 407 12 14 0.026989121 
671 388 10 12 0.026888002 
1008 543 16 23 0.02677496 
888 493 10 15 0.026750257 
46 338 15 19 0.026739849 
903 556 13 16 0.026714236 
871 415 10 11 0.0267116 
887 397 10 14 0.026708564 
1004 415 20 25 0.026634058 
204 359 10 12 0.026544508 
911 461 14 20 0.02642476 
216 350 10 11 0.026414093 
140 351 11 12 0.026152425 
751 398 11 15 0.026080605 
942 438 10 14 0.02606969 
1013 445 9 13 0.02605895 
920 397 10 12 0.026013754 
447 389 10 13 0.025996242 
791 419 13 14 0.02596268 
907 528 15 20 0.02596189 
976 426 14 19 0.025927817 
252 417 12 15 0.02592183 
699 354 13 15 0.025870394 
892 448 14 18 0.025780527 
197 320 10 11 0.025763538 
960 383 9 11 0.025717163 
267 375 19 25 0.025673037 
957 637 11 14 0.02556918 
887 499 12 18 0.025512472 
293 375 19 25 0.02549771 
1012 160 12 19 0.025494477 
785 403 10 15 0.025491787 
972 381 14 15 0.02547715 
989 508 17 22 0.025423102 
837 366 9 12 0.025419911 
175 336 20 26 0.025412956 
885 423 10 13 0.025354125 
834 446 8 11 0.025226934 
881 318 9 11 0.02518495 
879 423 10 13 0.025105808 
784 368 9 12 0.025100958 
814 420 12 14 0.025099799 
883 558 13 17 0.02507083 
967 383 11 13 0.025049593 
1005 403 14 16 0.02489426 
924 397 11 13 0.024801955 
916 505 22 30 0.02480053 
727 336 10 12 0.02452928 
53 378 12 15 0.02451796 
617 366 25 30 0.024469113 
422 359 14 18 0.02442218 
1 332 11 15 0.024324745 
232 404 10 12 0.024151986 
278 393 11 14 0.024091838 
587 390 15 19 0.024041187 
499 379 20 25 0.024023635 
570 393 14 20 0.023986 
305 369 19 26 0.02385162 
859 406 13 15 0.023850089 
887 458 11 15 0.0238199 
0 379 10 16 0.0237828 
1005 383 21 28 0.02371611 
845 421 11 14 0.023622356 
998 388 11 14 0.023595626 
181 354 22 25 0.023558674 
141 358 12 15 0.023491485 
982 645 14 17 0.023436975 
722 367 18 24 0.02336806 
722 341 12 14 0.023306368 
4 258 12 14 0.023186661 
25 300 9 12 0.023098007 
929 534 17 20 0.023073265 
221 351 10 13 0.02306802 
271 360 9 12 0.023065893 
176 366 14 16 0.02303948 
921 478 22 29 0.023026006 
118 342 20 24 0.022870481 
940 466 16 18 0.022808162 
185 344 20 22 0.022788709 
957 595 23 26 0.02273703 
764 434 12 15 0.022676973 
43 384 13 16 0.022643585 
51 346 15 17 0.022616208 
464 519 9 12 0.022606557 
518 373 11 17 0.022463249 
1012 364 12 17 0.022406995 
115 392 13 17 0.02233611 
457 454 19 26 0.022267357 
174 321 10 12 0.022254134 
100 380 24 26 0.022204997 
738 402 14 17 0.022178318 
25 379 24 27 0.022177322 
556 396 13 16 0.022091946 
438 398 11 12 0.021972055 
789 428 13 15 0.021945987 
55 354 13 17 0.021847878 
445 342 12 14 0.021831702 
803 417 13 15 0.021828787 
478 405 10 14 0.021744221 
945 355 11 15 0.021734815 
622 377 11 14 0.021612339 
207 327 10 11 0.021522775 
903 433 17 22 0.021515317 
751 360 8 11 0.02137969 
430 349 12 15 0.021365669 
916 530 14 20 0.02123833 
199 378 13 16 0.021221824 
855 460 10 12 0.021154895 
735 381 24 26 0.021117136 
816 411 11 15 0.021089979 
318 366 18 25 0.021068988 
517 434 14 19 0.021059327 
338 370 22 29 0.02104438 
998 81 11 15 0.021008523 
582 301 12 14 0.020983864 
186 373 14 18 0.020976102 
324 358 20 28 0.020973932 
952 420 25 31 0.020843333 
718 405 12 17 0.020830521 
806 389 11 13 0.020761054 
30 387 12 15 0.020760134 
817 405 11 13 0.020748485 
381 364 12 16 0.020745283 
701 348 14 17 0.020686088 
997 395 12 14 0.020645844 
422 332 11 15 0.020629354 
127 332 10 12 0.020619383 
929 608 24 34 0.020586679 
166 365 12 15 0.02056417 
992 396 11 14 0.020507943 
230 335 9 12 0.020499688 
915 353 18 22 0.02045376 
916 404 12 14 0.020429784 
790 388 11 14 0.02042553 
58 375 21 26 0.020416345 
398 335 12 15 0.020412015 
871 418 12 15 0.020368896 
718 452 10 14 0.020319087 
824 479 9 11 0.02030866 
315 338 12 14 0.02028216 
256 376 18 24 0.02020627 
930 466 15 19 0.020191954 
906 473 23 28 0.020163715 
708 450 15 19 0.020128347 
207 300 102 124 0.020059103 
1011 459 11 16 0.020049151 
909 481 13 17 0.020046247 
613 377 12 15 0.020007439 
