6_Funeral_Funeral_6_364
427
470 128 32 41 0.9983376 
170 137 33 41 0.99054235 
558 85 38 54 0.97848547 
6 602 14 20 0.568532 
471 542 12 13 0.39589196 
356 556 10 12 0.3728346 
637 117 20 27 0.32998723 
308 656 15 20 0.3244065 
582 583 9 12 0.26911572 
615 624 9 13 0.26160857 
678 677 22 28 0.24419576 
29 598 13 16 0.21695708 
753 693 8 11 0.19561718 
501 578 10 12 0.19307747 
516 583 11 14 0.1815412 
496 646 10 12 0.17777473 
335 548 12 15 0.17490523 
485 582 10 12 0.17304754 
678 662 20 27 0.16811395 
624 638 12 15 0.164218 
8 581 9 12 0.15851304 
496 582 9 11 0.15786324 
364 576 9 11 0.1474833 
565 572 11 14 0.1464803 
598 572 13 18 0.14086059 
565 567 10 12 0.13981526 
366 628 9 12 0.13716573 
628 134 29 34 0.13091598 
623 594 11 14 0.12993413 
270 675 12 14 0.12885824 
72 97 11 14 0.12557746 
772 696 9 11 0.124037236 
584 566 10 12 0.119316965 
20 597 13 17 0.11854851 
125 595 15 21 0.11658759 
622 644 13 16 0.11514391 
315 664 15 20 0.114416935 
367 619 12 15 0.11233532 
585 572 9 12 0.11185517 
783 672 9 10 0.11167576 
604 577 13 16 0.11154433 
713 687 11 13 0.110951915 
119 604 12 18 0.11050642 
392 587 13 16 0.10790115 
14 597 12 20 0.10521229 
500 644 10 13 0.1016093 
272 629 12 16 0.100483574 
550 672 13 19 0.10003279 
448 543 11 12 0.098752044 
416 549 10 12 0.0932185 
564 711 10 13 0.09288827 
629 626 14 16 0.09241131 
270 650 12 15 0.09013299 
361 632 9 11 0.088675246 
528 566 9 12 0.08680161 
513 587 11 14 0.08527707 
773 616 12 14 0.083398916 
362 580 9 11 0.082935125 
472 559 12 14 0.08135579 
340 542 10 12 0.081204735 
551 527 10 11 0.08017206 
446 556 15 17 0.08010976 
316 597 10 14 0.07926675 
807 563 10 14 0.078265905 
1 85 19 39 0.0773469 
451 548 10 12 0.07558646 
721 574 8 11 0.07509151 
417 543 9 11 0.07428011 
313 650 14 20 0.07414964 
350 614 8 12 0.07332676 
613 590 12 15 0.07198551 
750 579 12 15 0.06991374 
479 582 12 15 0.068728544 
133 641 16 21 0.068401754 
418 607 14 17 0.06676072 
452 583 15 18 0.06672334 
472 624 10 12 0.06614444 
285 539 10 12 0.06592911 
551 511 8 10 0.06488759 
738 677 9 12 0.06475547 
610 622 10 12 0.06309904 
302 691 25 33 0.06298502 
430 628 14 18 0.06287437 
317 645 12 15 0.06232879 
576 582 9 11 0.06134956 
290 572 11 13 0.061322156 
642 139 16 21 0.061210435 
369 613 13 16 0.05942798 
350 598 9 12 0.056643113 
757 688 9 12 0.056057576 
2 581 9 14 0.055034235 
486 536 9 10 0.05449474 
611 580 11 14 0.05399191 
327 556 9 12 0.053820062 
326 570 11 13 0.053615086 
606 526 10 12 0.052906092 
769 613 10 14 0.052693103 
518 642 11 12 0.052350048 
313 518 8 11 0.05188547 
788 671 9 10 0.051628966 
825 672 10 12 0.051146757 
614 667 24 31 0.0510403 
421 658 16 20 0.05096514 
50 682 14 18 0.050500996 
365 638 11 13 0.050329737 
776 676 10 13 0.05016716 
206 587 15 20 0.049297664 
791 610 13 16 0.04923211 
448 621 10 12 0.04868005 
509 556 9 11 0.04866912 
1008 692 10 12 0.048330057 
383 576 9 11 0.048306257 
32 575 10 12 0.048015956 
843 588 16 20 0.047329523 
508 550 10 13 0.047068764 
694 649 14 16 0.04682483 
688 682 17 21 0.04649651 
613 658 14 17 0.04595605 
619 621 14 17 0.045874935 
344 567 9 12 0.0455725 
397 550 8 11 0.04541005 
288 566 12 14 0.044931915 
327 532 8 11 0.04453051 
458 581 13 17 0.044409424 
312 611 12 14 0.044195123 
423 581 13 16 0.044176497 
566 605 11 13 0.044125613 
439 610 12 14 0.04403572 
789 540 8 10 0.043634385 
788 655 9 10 0.04333299 
614 651 14 17 0.043157954 
626 651 12 15 0.042883646 
780 611 13 18 0.042873155 
552 573 9 13 0.04280473 
382 598 11 15 0.042655274 
568 517 8 11 0.042478707 
346 518 8 10 0.042413626 
807 677 9 12 0.042397384 
607 566 12 15 0.042342085 
591 571 10 14 0.041836627 
344 525 10 11 0.041551214 
367 644 11 12 0.04149014 
767 655 8 11 0.04139047 
360 636 9 11 0.04121373 
336 581 10 14 0.0410133 
415 587 10 13 0.04098065 
511 543 9 10 0.04027892 
317 517 9 12 0.040090352 
73 582 10 12 0.039652407 
785 541 9 10 0.039608482 
761 612 9 13 0.0395805 
527 631 10 13 0.039508216 
746 588 14 17 0.039473966 
571 605 13 16 0.039414275 
706 13 9 12 0.039262503 
493 586 10 12 0.039088428 
467 541 10 13 0.038843695 
767 701 10 12 0.038791507 
487 551 10 12 0.03796419 
354 495 8 10 0.037772138 
798 573 11 15 0.037649367 
408 551 10 13 0.03760476 
431 626 22 28 0.03758274 
618 117 25 30 0.037280932 
792 618 12 15 0.03706284 
1 609 10 15 0.037016835 
222 541 15 19 0.036864344 
583 518 8 10 0.036843203 
611 116 17 22 0.03683832 
518 575 11 13 0.036833137 
476 627 10 13 0.036494654 
575 566 9 12 0.036239613 
373 605 11 14 0.0360753 
352 592 9 12 0.035827685 
363 588 12 14 0.035796106 
525 670 13 16 0.03579291 
566 561 9 11 0.03571067 
736 695 8 11 0.035531163 
312 602 13 16 0.03551682 
711 677 10 12 0.035431582 
309 543 9 11 0.035026226 
4 585 14 18 0.035017185 
636 623 12 15 0.03497503 
345 513 6 8 0.034631174 
744 653 9 11 0.034416545 
544 549 8 11 0.034382902 
572 574 9 12 0.034297723 
789 661 8 11 0.034222055 
277 602 14 18 0.034009982 
589 566 10 13 0.033982687 
599 110 24 29 0.033899743 
727 549 9 11 0.033677608 
545 512 7 8 0.033598296 
713 574 9 11 0.03320395 
743 647 9 11 0.033178974 
608 594 13 16 0.03298479 
582 560 10 12 0.032934915 
525 637 11 13 0.032919686 
719 661 9 13 0.03286974 
6 621 13 15 0.032773226 
360 542 8 11 0.032625373 
407 612 10 14 0.032527186 
559 560 9 12 0.0323025 
568 598 10 13 0.032239255 
749 637 10 12 0.03219566 
496 576 11 12 0.032179687 
598 567 11 15 0.032161042 
691 666 15 19 0.032092903 
575 588 10 11 0.032067064 
685 655 10 13 0.031933878 
252 577 14 20 0.031882714 
630 121 18 22 0.031689584 
391 593 13 16 0.03145128 
140 597 10 13 0.03131818 
417 582 10 14 0.031245282 
40 573 12 15 0.031239199 
505 565 10 12 0.031216722 
343 534 10 12 0.031169789 
462 558 9 12 0.031140404 
166 120 25 41 0.03108028 
472 587 12 15 0.03096896 
141 554 17 21 0.030741002 
243 530 23 31 0.03070633 
620 629 20 24 0.030467328 
495 534 8 11 0.030338151 
262 667 12 15 0.029989457 
363 621 10 14 0.029966887 
308 706 16 25 0.029950287 
772 700 11 12 0.029935839 
526 587 8 12 0.029710436 
610 571 13 16 0.029511757 
505 544 9 11 0.029385721 
352 633 9 11 0.029363804 
719 679 9 11 0.029296258 
71 598 11 15 0.029255532 
366 596 10 12 0.029229814 
760 662 9 11 0.029182142 
431 624 10 14 0.029082797 
561 619 49 58 0.028979074 
486 630 10 12 0.028959248 
134 630 15 17 0.028942581 
207 617 11 13 0.028909702 
310 645 15 18 0.028817637 
783 695 9 10 0.028726429 
781 675 9 12 0.028527912 
274 669 13 17 0.028444728 
510 642 11 13 0.02834448 
773 565 8 11 0.028341342 
590 709 12 13 0.028287364 
28 606 15 17 0.02827673 
391 619 11 14 0.028266206 
738 684 9 12 0.028259713 
575 536 8 9 0.028200515 
745 572 11 14 0.028195353 
328 549 11 14 0.028145617 
444 606 10 14 0.028088078 
562 604 10 13 0.028076883 
475 546 11 13 0.028053159 
551 518 9 11 0.027925882 
816 635 8 11 0.027847908 
375 502 8 11 0.02779405 
435 581 13 16 0.027540818 
439 638 15 20 0.027521055 
598 628 11 15 0.027517112 
734 653 9 12 0.027389714 
1001 687 10 13 0.027355714 
261 661 11 15 0.02729111 
53 592 16 21 0.027239341 
112 605 12 15 0.027221546 
576 559 9 12 0.027209124 
31 591 14 17 0.02717871 
831 581 9 12 0.027160246 
615 633 11 16 0.027124953 
486 576 10 12 0.027097654 
12 606 13 17 0.026974475 
360 612 9 13 0.026866669 
451 561 13 16 0.026866512 
44 574 15 19 0.026857626 
783 686 8 10 0.026831258 
384 623 9 12 0.02670187 
461 575 11 15 0.026691066 
288 633 12 16 0.026593836 
201 575 24 35 0.026509937 
766 661 8 10 0.026457217 
575 623 9 10 0.02644268 
789 599 20 26 0.026217243 
428 584 15 18 0.026162166 
214 538 26 31 0.02614833 
414 553 11 14 0.026119584 
830 597 12 14 0.026022818 
648 120 15 21 0.026003735 
750 568 12 14 0.02587305 
761 702 9 11 0.025830004 
349 573 10 12 0.025735429 
723 678 10 12 0.025690345 
167 653 10 12 0.025600279 
487 662 11 14 0.025517002 
292 541 10 13 0.025497463 
24 556 9 12 0.025380947 
760 655 10 12 0.025330784 
230 610 16 21 0.025213718 
61 609 14 18 0.025115894 
511 595 12 16 0.02498364 
407 581 10 13 0.024900962 
454 575 13 15 0.024662264 
524 618 13 15 0.024647797 
519 540 8 10 0.024586463 
350 603 10 14 0.02454678 
415 628 12 15 0.02445111 
767 636 11 12 0.024420444 
357 562 10 13 0.024262648 
517 557 9 12 0.024212452 
327 602 10 13 0.024176536 
535 543 9 11 0.024126453 
353 500 8 11 0.024109852 
838 599 13 18 0.024047285 
798 627 10 12 0.024035046 
329 512 7 10 0.024021706 
782 631 10 11 0.023986448 
727 660 10 14 0.023956448 
736 647 9 12 0.023928251 
774 632 11 12 0.023927253 
767 709 9 11 0.023895357 
390 604 10 13 0.023750369 
162 621 13 17 0.023742078 
725 636 11 12 0.02368658 
509 575 11 13 0.023658836 
646 614 9 11 0.023612559 
317 591 10 13 0.023585819 
270 576 9 13 0.023582276 
551 548 8 11 0.023539003 
465 547 10 13 0.02340436 
622 612 12 14 0.023398558 
617 590 20 23 0.023386681 
761 543 8 10 0.023356535 
357 605 11 15 0.023319341 
385 629 9 12 0.023268797 
727 591 10 13 0.023261463 
493 650 12 14 0.023238385 
608 614 11 14 0.023191972 
603 575 22 25 0.023174947 
574 495 8 10 0.023070201 
291 578 12 14 0.02306644 
601 509 11 14 0.023008717 
405 604 12 15 0.022907307 
126 619 13 17 0.022890886 
268 581 11 14 0.022833912 
362 659 13 14 0.022828417 
655 491 13 16 0.02282079 
537 548 9 11 0.0226386 
784 573 10 12 0.02260833 
382 526 8 10 0.022604778 
833 589 24 29 0.02258528 
636 635 12 15 0.022543706 
277 658 12 17 0.0224261 
449 536 10 11 0.022413285 
124 607 14 18 0.022394875 
716 93 10 12 0.022372557 
571 641 17 21 0.02235354 
784 704 9 11 0.022259539 
630 511 10 12 0.022096548 
560 598 10 13 0.022092031 
598 586 12 14 0.022069888 
780 637 11 13 0.022030165 
800 564 11 15 0.022006823 
38 655 10 12 0.021869944 
239 564 13 17 0.021852737 
759 621 9 12 0.021848796 
509 577 18 23 0.021798674 
324 660 11 15 0.021759307 
774 637 11 14 0.021739392 
261 636 12 15 0.021719767 
569 525 8 10 0.02161716 
561 568 19 23 0.021570787 
821 595 12 14 0.021570457 
492 660 12 15 0.021570155 
504 586 10 13 0.021519419 
745 581 11 14 0.021498835 
774 573 9 11 0.02146037 
501 650 12 15 0.021373676 
428 575 12 15 0.02137208 
624 508 9 12 0.021360653 
377 581 8 11 0.021284591 
269 657 13 17 0.021261537 
797 597 12 15 0.0212565 
533 615 10 13 0.021254523 
277 581 10 14 0.02125292 
777 709 9 12 0.021236502 
578 577 19 24 0.021230886 
782 709 9 11 0.021135233 
409 543 9 10 0.021086713 
358 535 7 10 0.021065177 
769 610 21 25 0.021064576 
385 658 17 19 0.02104942 
517 551 9 11 0.021027794 
705 9 8 10 0.020965973 
324 694 12 16 0.020938018 
560 590 9 12 0.020928318 
558 511 8 10 0.020882852 
654 485 22 26 0.020791652 
590 675 12 14 0.02078124 
231 571 10 14 0.020730782 
432 542 10 12 0.020713141 
571 635 28 34 0.020704024 
273 518 9 12 0.020691482 
291 659 14 18 0.020673215 
358 595 11 14 0.0205882 
557 534 8 10 0.02052499 
646 498 11 14 0.020522788 
623 604 11 13 0.02048489 
576 628 9 11 0.020444581 
500 676 12 15 0.020387193 
479 536 9 12 0.020383697 
569 496 8 10 0.020354992 
455 527 9 11 0.020344883 
553 567 9 12 0.020324135 
318 665 21 28 0.020323612 
173 624 14 18 0.020298133 
238 533 17 24 0.020265756 
304 544 10 12 0.02025927 
159 626 13 16 0.020255126 
776 14 8 10 0.020198917 
532 572 9 11 0.02015253 
180 525 22 28 0.020129878 
526 509 9 11 0.020072585 
358 495 7 10 0.02001031 
391 511 10 11 0.020008994 
