6_Funeral_Funeral_6_760
47
211 123 99 127 0.99919194 
667 358 26 33 0.99462503 
962 161 15 19 0.8975718 
414 319 22 31 0.66012484 
755 161 17 24 0.5007998 
864 332 8 11 0.18959726 
674 427 17 23 0.17535874 
629 158 18 21 0.07987129 
620 325 30 34 0.06758442 
953 309 10 12 0.06752799 
846 191 59 78 0.05107717 
888 316 18 20 0.044621475 
644 361 42 45 0.043627895 
889 129 37 53 0.039025906 
733 192 37 57 0.03895065 
762 157 15 22 0.036464218 
576 354 10 13 0.03598468 
924 165 10 14 0.03251099 
703 301 38 50 0.029301988 
903 156 12 18 0.02872148 
741 170 16 18 0.028714001 
613 166 10 13 0.02782676 
613 367 14 19 0.026820414 
893 154 12 17 0.025698032 
601 356 10 12 0.025690215 
774 300 11 13 0.025688643 
128 273 410 459 0.025046567 
834 115 46 56 0.02472364 
745 165 24 30 0.024102047 
443 309 24 28 0.02390632 
858 332 10 12 0.023460997 
860 341 11 13 0.023271095 
691 203 14 17 0.023090972 
912 293 11 14 0.023070779 
861 160 14 18 0.023024466 
99 189 79 116 0.022781301 
908 323 11 14 0.022740895 
767 154 22 27 0.02256926 
893 147 13 17 0.022039292 
867 326 11 13 0.021894231 
899 172 12 14 0.021822913 
834 406 8 11 0.021524334 
655 234 12 18 0.021020498 
899 179 12 14 0.020974148 
896 260 12 16 0.020233864 
387 301 94 123 0.020215299 
735 186 13 15 0.020060338 
