6_Funeral_Funeral_6_1006
36
31 1 61 71 0.99958414 
644 33 72 98 0.9967079 
441 173 72 89 0.99567187 
474 4 71 70 0.041750792 
716 23 60 77 0.041715086 
425 7 133 151 0.041366145 
1000 217 22 31 0.03766884 
159 147 366 477 0.037437696 
947 173 17 21 0.03628321 
974 3 16 18 0.0337143 
676 17 80 104 0.03348683 
930 212 14 18 0.03275644 
1014 98 11 17 0.03222194 
933 55 14 19 0.032168616 
995 159 16 20 0.027048 
903 156 13 16 0.025523078 
235 209 109 179 0.02551927 
205 195 179 303 0.025489666 
425 109 96 135 0.025463367 
1005 243 14 17 0.024463968 
994 97 14 19 0.024387032 
853 38 13 17 0.024128608 
1005 117 14 18 0.02395276 
940 54 12 16 0.023906104 
911 18 13 17 0.02336903 
950 168 12 15 0.02286999 
939 251 14 18 0.022808332 
867 224 14 18 0.02194937 
395 25 103 149 0.021882746 
907 63 14 19 0.021750458 
900 163 15 19 0.021676091 
926 50 13 17 0.021608405 
964 99 14 18 0.020532744 
896 167 12 16 0.020528382 
982 205 12 15 0.020442767 
901 178 12 15 0.020144379 
