6_Funeral_Funeral_6_177
415
446 259 26 38 0.99759895 
782 155 38 45 0.9969511 
877 155 31 40 0.9941772 
550 215 33 56 0.9934564 
624 185 38 46 0.9865515 
687 171 33 44 0.96541417 
422 261 27 39 0.9361917 
913 152 30 37 0.9211215 
226 234 27 41 0.92017007 
494 261 25 38 0.9130294 
900 193 31 35 0.88814306 
539 261 23 34 0.878608 
262 179 32 53 0.84246325 
964 163 23 28 0.81972796 
360 189 9 13 0.5561866 
518 191 10 13 0.4725667 
449 187 10 14 0.3759924 
410 176 13 18 0.33262926 
155 184 32 33 0.30934605 
438 240 17 20 0.28710777 
414 400 32 37 0.28492624 
55 550 8 10 0.28041157 
30 504 8 11 0.26973167 
930 151 32 38 0.2397398 
158 581 9 10 0.19625589 
458 264 25 34 0.19406717 
127 469 7 9 0.19375028 
144 656 9 12 0.18364954 
127 588 9 11 0.17964132 
116 605 10 12 0.17882223 
60 574 10 12 0.17873263 
157 536 9 11 0.17346482 
98 598 10 12 0.17218277 
85 542 9 11 0.17015466 
290 542 8 10 0.17010921 
67 606 11 13 0.16924831 
378 189 13 18 0.1685578 
305 558 9 11 0.15994017 
316 213 17 23 0.15828533 
277 553 9 10 0.15594912 
102 550 9 11 0.15278213 
169 518 8 11 0.15208806 
73 559 10 12 0.14176923 
39 488 9 11 0.14167117 
44 566 9 11 0.14003667 
31 551 9 12 0.13860162 
213 235 27 33 0.12530318 
65 484 8 10 0.12091215 
153 462 7 9 0.11715568 
128 542 9 11 0.116471976 
165 201 15 18 0.114284165 
401 197 22 37 0.11336791 
510 170 11 14 0.11258898 
182 577 9 11 0.111518845 
97 476 8 10 0.11067329 
154 581 9 10 0.10549033 
145 595 10 12 0.102832206 
69 481 9 11 0.09975102 
302 215 28 33 0.09856641 
55 500 8 11 0.09426741 
262 538 10 13 0.09391659 
40 567 9 11 0.09209572 
85 491 10 11 0.09133389 
475 266 28 33 0.09107312 
323 209 15 23 0.090372466 
173 591 9 11 0.089462 
73 432 9 11 0.088493176 
113 534 7 9 0.088302955 
827 138 14 20 0.08756346 
275 176 44 59 0.08737784 
144 479 8 10 0.087083876 
86 614 11 14 0.087075956 
370 192 22 33 0.08527825 
496 166 12 14 0.082170196 
297 496 10 12 0.0819889 
308 311 45 43 0.08128439 
478 274 16 21 0.07877224 
155 192 19 21 0.078273796 
356 152 15 19 0.077786006 
318 542 8 9 0.07715875 
576 175 11 14 0.075862326 
61 567 8 10 0.07578465 
185 528 8 11 0.07543643 
142 526 8 10 0.07501525 
47 609 9 12 0.07457401 
505 265 23 36 0.074331574 
103 424 9 12 0.07416412 
17 519 8 11 0.07185332 
259 226 25 40 0.0718298 
501 185 14 19 0.07075213 
999 197 26 45 0.0690522 
129 535 8 11 0.06851214 
85 416 9 11 0.06845644 
405 181 19 29 0.06802881 
552 175 10 14 0.06733697 
250 197 15 23 0.06716202 
284 600 9 11 0.067130916 
169 472 8 9 0.06598933 
509 149 11 13 0.06598429 
488 401 17 21 0.06493877 
522 189 11 15 0.064545214 
976 160 24 32 0.064514235 
133 495 9 10 0.06339496 
174 473 8 9 0.062914796 
118 558 9 11 0.06171284 
0 204 46 81 0.06126874 
372 165 12 15 0.061182953 
178 455 7 10 0.06043924 
362 467 17 20 0.059819587 
401 262 24 31 0.059290957 
44 439 9 10 0.058822207 
24 509 8 10 0.0585202 
405 194 14 22 0.057682764 
209 572 7 10 0.05652171 
253 442 9 12 0.056386404 
22 526 9 11 0.05624434 
251 190 25 39 0.05617445 
150 591 9 12 0.0560535 
311 484 10 11 0.05599883 
23 557 8 10 0.055986222 
37 551 9 11 0.055734426 
909 168 41 50 0.055667944 
158 479 8 9 0.05538071 
365 192 14 20 0.054715175 
117 480 8 11 0.053807583 
102 473 9 11 0.05362563 
525 224 12 20 0.052748892 
25 492 7 10 0.052639678 
726 158 23 40 0.051673017 
116 599 10 12 0.051315546 
316 424 10 11 0.05104854 
246 229 26 42 0.050494403 
116 660 11 11 0.05044832 
285 480 10 13 0.049958296 
166 576 9 11 0.049498674 
160 198 26 31 0.04929268 
56 623 11 14 0.0490724 
361 453 16 18 0.048757497 
133 486 8 11 0.048283495 
243 171 42 60 0.047371447 
193 513 7 9 0.047351353 
144 543 9 11 0.047052726 
492 230 17 22 0.04683987 
435 228 23 27 0.04678342 
672 171 35 50 0.046697926 
312 542 9 10 0.046404246 
501 169 13 16 0.04606815 
471 179 10 13 0.046021685 
394 159 23 28 0.0458794 
45 560 9 11 0.045385614 
89 559 9 11 0.0450588 
291 201 30 39 0.044661526 
103 181 10 15 0.04383975 
113 486 8 9 0.043756116 
0 196 12 19 0.043609094 
173 653 9 10 0.043480933 
526 259 26 37 0.043313812 
483 202 14 16 0.042990107 
90 564 9 12 0.042957336 
397 193 15 21 0.042708356 
905 192 45 52 0.04253811 
379 198 17 23 0.042324282 
239 103 32 32 0.042167526 
169 195 16 18 0.042124994 
153 520 8 10 0.041733075 
129 421 8 9 0.041365992 
47 488 8 11 0.04131176 
145 549 9 11 0.041176 
420 178 13 20 0.04088871 
541 196 12 16 0.0406883 
364 203 24 38 0.040608272 
434 246 23 32 0.040439792 
103 502 9 11 0.039888445 
366 161 13 16 0.039424296 
7 520 8 10 0.039241124 
17 553 8 10 0.039114274 
190 529 8 10 0.038935065 
390 207 14 20 0.03890453 
133 542 8 11 0.038411565 
102 543 8 10 0.038298573 
515 184 19 25 0.038058873 
21 519 8 11 0.038035754 
174 518 8 10 0.037901703 
21 567 9 10 0.037852608 
167 581 9 10 0.03760149 
237 221 25 43 0.03745866 
178 264 51 60 0.037350547 
54 545 8 10 0.037284095 
227 270 17 23 0.036815044 
358 160 14 16 0.03663393 
140 166 36 37 0.03658695 
45 509 9 11 0.03645824 
350 150 14 17 0.03644813 
396 207 16 23 0.03631436 
20 574 10 12 0.0362705 
143 472 8 10 0.036000054 
113 408 8 10 0.035979595 
63 495 8 11 0.035790056 
372 158 11 13 0.035712395 
512 192 13 16 0.03567476 
17 492 7 10 0.035593618 
58 445 9 12 0.035248023 
17 568 8 10 0.035104737 
118 551 9 11 0.035084106 
740 180 9 14 0.035042137 
136 584 9 11 0.03500536 
105 555 9 12 0.034833025 
23 213 45 62 0.034707826 
0 583 8 11 0.034637615 
95 580 9 12 0.03462628 
41 609 9 11 0.03439724 
75 564 10 13 0.03431715 
56 423 8 10 0.03426489 
157 526 8 10 0.03415542 
270 616 8 9 0.034108955 
403 257 37 46 0.033976674 
81 495 8 9 0.03391214 
182 454 7 10 0.033383455 
255 538 11 15 0.033372123 
296 333 35 35 0.033286482 
62 519 9 10 0.033213302 
36 623 10 13 0.03296463 
119 503 9 10 0.032839537 
129 548 9 10 0.032829717 
383 189 22 29 0.032535736 
62 439 8 10 0.032386295 
393 256 22 32 0.032281835 
479 195 13 17 0.032256126 
837 176 15 17 0.032046802 
183 471 7 9 0.031984683 
61 579 10 12 0.03197201 
491 220 15 20 0.031933345 
174 542 8 10 0.031844255 
119 407 8 9 0.031377792 
1012 445 13 21 0.031199217 
126 529 9 10 0.031153923 
73 502 8 10 0.031100761 
113 529 7 10 0.030979348 
178 195 14 18 0.03097035 
70 496 9 10 0.03082735 
268 535 11 13 0.030580105 
306 177 38 53 0.030357514 
6 487 7 11 0.030133223 
316 166 23 33 0.030096577 
47 503 9 11 0.03003613 
549 291 12 18 0.029970769 
77 573 11 12 0.029953098 
364 155 13 16 0.02992122 
509 154 12 16 0.029809935 
393 270 25 34 0.02980038 
500 225 16 25 0.029474778 
127 595 10 13 0.029219572 
951 154 39 50 0.029141905 
152 457 8 10 0.02892288 
119 430 8 10 0.028900828 
596 181 11 14 0.028751347 
502 158 11 14 0.028699474 
463 180 12 14 0.02828388 
76 430 9 11 0.028278688 
84 663 14 14 0.02818917 
39 580 9 11 0.028172662 
282 208 40 59 0.028138692 
463 190 11 14 0.028126242 
489 167 10 13 0.027857207 
110 425 8 9 0.027846271 
342 147 24 28 0.027799072 
516 170 11 14 0.027692722 
175 476 8 10 0.027691824 
504 161 20 26 0.027647283 
70 544 8 10 0.027578728 
606 166 8 10 0.027576048 
24 533 9 10 0.02752195 
87 548 10 12 0.027515516 
78 581 11 14 0.02751048 
717 172 29 40 0.02747324 
80 479 8 10 0.027450774 
131 177 27 32 0.027417412 
83 210 44 62 0.027288252 
7 492 8 11 0.027176742 
360 154 22 26 0.027051402 
169 654 9 11 0.027034424 
39 572 10 12 0.02698169 
150 495 8 10 0.026919847 
31 494 8 10 0.02690813 
251 525 12 14 0.02656932 
379 163 13 16 0.026512457 
486 388 13 17 0.02651142 
111 592 10 11 0.026497595 
244 201 25 37 0.026467336 
151 541 9 10 0.026454711 
72 551 8 10 0.026372071 
519 184 11 15 0.026366403 
83 605 11 13 0.026130559 
468 188 11 15 0.026126891 
143 521 8 10 0.026100157 
175 582 8 10 0.025953453 
168 513 9 10 0.02587346 
309 154 24 34 0.025802562 
37 527 9 10 0.025785666 
271 556 9 11 0.025704086 
135 566 10 11 0.025631094 
421 175 21 28 0.025575446 
391 160 16 19 0.025532827 
353 189 11 16 0.025516145 
329 207 14 22 0.025322342 
597 185 14 16 0.025171656 
174 536 8 9 0.025150176 
149 550 9 11 0.025146682 
536 188 11 16 0.02514199 
120 528 8 10 0.025084423 
164 213 18 22 0.02508286 
225 251 25 39 0.024895823 
214 568 7 10 0.02488664 
23 613 9 11 0.024804205 
362 183 13 16 0.024798265 
46 517 8 11 0.024753999 
282 343 35 34 0.02468778 
229 152 69 103 0.024568025 
57 580 9 11 0.0245629 
159 461 8 9 0.02451182 
411 208 13 20 0.024296619 
540 178 15 19 0.024249513 
134 559 9 11 0.024230056 
56 439 9 11 0.024181899 
452 404 24 37 0.02416913 
593 177 9 10 0.024022281 
141 186 14 18 0.023947777 
507 178 12 17 0.023897948 
1 526 8 10 0.023862004 
158 485 9 10 0.023816532 
167 220 41 55 0.02381104 
133 550 9 10 0.023787655 
80 600 10 11 0.023730498 
1 587 9 13 0.023719035 
134 597 11 13 0.023702072 
73 509 8 10 0.023700448 
32 526 9 11 0.023644187 
476 396 28 35 0.023563446 
50 213 44 59 0.023477012 
151 502 9 10 0.023440914 
96 592 10 13 0.02340502 
62 512 8 9 0.02335713 
81 536 8 10 0.023316463 
991 158 26 38 0.023315556 
149 558 9 11 0.023294505 
33 568 9 10 0.02328752 
146 485 8 10 0.023264473 
0 478 7 11 0.023238344 
133 534 9 11 0.023172498 
7 536 8 10 0.023102498 
120 471 8 10 0.02296538 
134 481 8 10 0.022961015 
70 600 9 12 0.022944111 
149 188 18 21 0.022923982 
138 519 8 10 0.022918576 
136 464 7 10 0.022824448 
432 233 15 19 0.022816036 
137 183 44 51 0.022667188 
197 583 9 10 0.022585925 
112 599 18 23 0.022543954 
43 573 11 12 0.022491654 
136 501 8 10 0.022483645 
372 381 31 36 0.022429274 
104 566 9 11 0.02240166 
273 657 10 13 0.022384955 
47 590 10 11 0.022373099 
120 437 8 11 0.022328438 
247 443 10 13 0.022327619 
40 505 8 10 0.022309035 
304 542 9 11 0.022274256 
536 180 11 15 0.02225247 
112 558 9 11 0.02222334 
30 608 9 11 0.022184651 
572 173 19 23 0.022068283 
236 189 26 35 0.022061232 
153 414 8 9 0.022024492 
145 495 9 10 0.022020338 
439 187 11 15 0.021947794 
40 518 9 10 0.021819387 
304 562 11 14 0.021622987 
426 279 21 28 0.021571344 
231 423 10 13 0.0215614 
182 460 7 10 0.021478783 
324 184 16 22 0.021365339 
32 626 11 13 0.0213246 
477 175 9 11 0.021226568 
197 589 9 10 0.021163834 
327 180 23 34 0.02115467 
300 229 17 23 0.021080127 
515 304 18 23 0.021053871 
199 527 8 10 0.020969938 
3 148 61 91 0.020952709 
168 595 10 12 0.020935154 
295 559 9 10 0.02088818 
504 144 22 28 0.0208763 
97 536 8 10 0.02087169 
54 488 8 10 0.020793378 
484 190 14 17 0.020741545 
381 157 12 14 0.020714216 
255 533 21 24 0.020699017 
343 149 12 15 0.020575445 
64 525 9 11 0.020558476 
255 318 34 37 0.020552846 
120 564 10 12 0.020499438 
315 202 18 24 0.02041182 
412 269 17 24 0.020410221 
95 550 9 12 0.020386975 
220 348 43 45 0.020356065 
16 504 7 10 0.020225614 
523 231 15 24 0.020210471 
119 425 7 9 0.020196987 
439 160 9 13 0.020149339 
184 478 8 10 0.020123476 
184 447 7 11 0.020068876 
977 173 39 53 0.020062976 
