6_Funeral_Funeral_6_610
30
369 295 84 76 0.9908296 
384 409 110 74 0.97601306 
637 162 254 346 0.5300635 
374 355 118 98 0.42460257 
570 452 61 87 0.37888554 
593 421 56 83 0.22174744 
605 123 139 159 0.19880816 
592 156 222 226 0.13529958 
878 20 51 66 0.12189394 
620 432 33 46 0.12074802 
796 32 50 71 0.0965319 
385 330 87 71 0.06841539 
434 299 56 64 0.06085226 
811 44 31 43 0.058157995 
774 22 86 109 0.05769369 
753 64 59 87 0.049382523 
352 311 176 191 0.039626587 
561 410 64 93 0.033025056 
612 409 52 73 0.028203038 
649 85 206 229 0.027528172 
584 618 31 52 0.027005637 
557 433 37 56 0.026774427 
819 29 51 74 0.025991715 
318 348 56 64 0.025508339 
419 445 58 41 0.024338761 
841 14 85 108 0.02328122 
712 26 94 138 0.022845771 
481 139 330 423 0.021921376 
890 7 40 51 0.020345153 
520 505 49 65 0.02020234 
