6_Funeral_Funeral_6_909
31
805 243 100 130 0.99988735 
410 242 93 118 0.9998367 
620 286 75 142 0.46779966 
786 337 16 20 0.21370395 
521 709 71 63 0.10764512 
757 347 22 30 0.09432822 
-80 619 389 492 0.08724707 
720 336 12 17 0.0819282 
103 937 27 28 0.07854136 
782 339 26 35 0.05978432 
718 340 25 38 0.05883599 
728 339 27 36 0.055182576 
981 304 42 69 0.049497433 
423 667 32 41 0.0480359 
741 280 250 337 0.043252423 
764 344 28 38 0.041730728 
307 164 27 35 0.030464252 
703 334 11 15 0.030082023 
316 1272 61 63 0.030015785 
745 341 41 49 0.029437706 
696 734 49 87 0.02829132 
682 322 45 66 0.027539145 
706 322 43 57 0.026791243 
682 229 32 44 0.026103629 
654 315 52 84 0.024084298 
262 316 27 32 0.02317403 
806 388 137 198 0.02313111 
701 342 29 41 0.023124162 
686 376 27 37 0.022667151 
321 166 54 67 0.022601144 
167 333 34 38 0.02247405 
