6_Funeral_Funeral_6_1029
76
593 108 113 138 0.99988294 
275 123 108 138 0.9998807 
836 102 55 70 0.9991953 
-1 199 30 39 0.9985544 
79 141 34 49 0.99601495 
42 175 37 51 0.99201435 
980 91 46 94 0.9905454 
144 158 36 47 0.9814399 
419 201 31 59 0.9507505 
438 202 43 59 0.16736177 
374 236 46 58 0.16139613 
773 140 30 40 0.1535183 
447 75 13 19 0.12956148 
404 177 28 42 0.1257179 
373 172 27 44 0.12478853 
229 209 26 42 0.10659024 
342 990 383 466 0.101199254 
392 168 43 67 0.10015623 
485 189 32 42 0.08530647 
159 116 27 33 0.06628864 
387 176 29 41 0.06554056 
323 145 92 119 0.062734626 
462 111 22 30 0.06126382 
451 118 15 20 0.057586793 
94 715 60 94 0.05261818 
127 156 38 55 0.05207752 
190 215 17 20 0.05194283 
102 894 31 30 0.049160548 
399 227 33 58 0.048325792 
502 196 26 37 0.044932768 
453 207 45 61 0.042744085 
409 189 29 52 0.0409113 
19 955 389 469 0.040576376 
376 151 77 112 0.039974064 
127 107 12 14 0.038796198 
486 168 30 35 0.037834857 
405 184 16 22 0.03752083 
482 225 50 60 0.03523478 
826 575 139 127 0.0341399 
145 20 10 13 0.030827293 
205 205 47 57 0.029876504 
454 6 14 13 0.029087834 
164 109 14 19 0.028199246 
70 64 12 14 0.02737089 
512 201 19 26 0.027186908 
785 140 48 57 0.026027266 
485 144 26 31 0.025648378 
347 248 49 61 0.025477665 
108 142 41 57 0.025313599 
164 1393 31 26 0.025224369 
372 169 16 24 0.025041958 
823 1 54 48 0.024968043 
170 120 17 21 0.024891324 
450 676 104 100 0.024773097 
33 262 16 20 0.024598412 
63 344 45 56 0.023692604 
477 703 66 62 0.023587756 
484 124 12 16 0.023507208 
499 171 17 19 0.023457445 
778 115 44 57 0.023276856 
173 237 43 52 0.0229164 
764 144 46 59 0.022796953 
412 99 12 15 0.022592383 
729 93 33 43 0.022301577 
441 75 12 17 0.022183312 
632 827 360 521 0.021903291 
493 205 45 58 0.021642467 
468 1229 120 144 0.021634297 
738 107 49 70 0.02148566 
474 117 17 23 0.021374589 
64 0 11 10 0.021338549 
845 184 26 34 0.020962734 
479 67 13 17 0.020640817 
101 106 12 13 0.020600216 
151 124 32 38 0.020151118 
400 8 10 12 0.02008278 
