6_Funeral_Funeral_6_315
26
354 147 140 214 0.99502903 
0 602 28 57 0.16352096 
54 770 193 256 0.15809019 
394 985 200 318 0.14609161 
210 452 18 24 0.12730016 
63 527 11 13 0.06731887 
654 371 37 46 0.045597762 
46 615 25 42 0.04380193 
445 -37 372 502 0.042257138 
372 885 371 461 0.040991884 
101 823 137 141 0.038564213 
38 704 329 404 0.038121004 
668 391 36 45 0.037462797 
370 1409 15 18 0.03403461 
647 360 38 40 0.03312646 
64 570 13 18 0.032488123 
365 1428 54 69 0.031679165 
148 678 99 102 0.031480215 
54 607 37 55 0.029506529 
215 769 125 115 0.02702656 
39 1318 10 13 0.026267068 
95 523 13 16 0.024809118 
62 535 15 19 0.023637854 
343 546 28 29 0.022526393 
61 564 24 34 0.021009455 
52 526 42 52 0.020305967 
