6_Funeral_Funeral_6_160
87
831 122 53 72 0.99922144 
871 246 66 95 0.9976803 
897 97 61 85 0.9973869 
781 209 49 72 0.9971187 
157 220 62 86 0.9959383 
202 177 67 92 0.9954295 
610 375 39 53 0.9925166 
363 304 45 59 0.99115974 
745 170 47 68 0.9903813 
719 157 36 49 0.98696923 
360 221 32 47 0.98608357 
24 223 65 110 0.9835841 
45 67 50 107 0.9480201 
275 196 44 68 0.8697897 
-1 143 53 116 0.67097914 
297 183 36 58 0.6707349 
176 200 68 94 0.6497454 
862 206 57 80 0.4445419 
120 475 87 62 0.32933226 
722 206 27 45 0.24093218 
90 189 47 58 0.15584686 
60 110 33 61 0.14466219 
142 182 29 33 0.13824557 
270 443 42 49 0.112696916 
501 465 18 20 0.09583447 
728 179 47 72 0.08510573 
895 225 61 84 0.07871777 
266 788 168 227 0.073903106 
997 88 24 60 0.072023906 
111 183 45 55 0.06714669 
66 212 60 87 0.06597452 
116 925 106 138 0.06452391 
549 278 33 40 0.061610382 
253 176 57 81 0.06130857 
130 179 50 57 0.06123622 
522 407 14 18 0.059026416 
14 90 59 120 0.05712608 
311 197 32 46 0.05686426 
6 173 66 130 0.055463832 
131 943 441 531 0.051054914 
381 1298 412 463 0.04740113 
264 208 37 55 0.047302462 
979 816 44 75 0.042826455 
326 351 29 41 0.04176728 
174 475 68 57 0.04036768 
322 232 27 42 0.040252477 
396 262 13 18 0.039808508 
290 1232 51 66 0.03785169 
981 106 41 81 0.03362598 
913 203 52 71 0.03309251 
264 459 36 42 0.03207686 
276 1218 97 119 0.03071516 
204 809 32 47 0.030502968 
288 245 29 35 0.030117923 
294 446 33 38 0.029514423 
43 182 55 77 0.029202845 
323 203 39 56 0.028592233 
536 235 14 17 0.028333806 
665 638 384 512 0.028287258 
388 254 22 31 0.026491294 
686 336 24 37 0.026071379 
1002 74 20 43 0.025910994 
84 437 92 102 0.024732908 
347 674 351 417 0.02463543 
997 183 28 44 0.023670878 
511 400 29 37 0.023630245 
134 175 27 30 0.023510898 
322 207 16 25 0.022591207 
335 214 39 57 0.022478051 
764 170 56 74 0.02243025 
162 191 16 20 0.022377677 
160 192 57 74 0.022193156 
184 243 43 57 0.022131195 
679 306 24 34 0.021957241 
298 1234 19 20 0.021850007 
146 196 20 25 0.021793196 
863 167 57 81 0.021589186 
139 191 19 22 0.021523364 
470 1162 110 128 0.021342061 
154 727 383 457 0.021203605 
560 261 36 42 0.021161074 
680 693 43 44 0.020856729 
261 174 30 42 0.020707399 
731 164 38 53 0.020695256 
437 400 122 143 0.020187002 
314 240 26 41 0.020092059 
728 216 34 53 0.020002062 
