6_Funeral_Funeral_6_676
51
731 36 30 40 0.99812764 
853 43 33 45 0.9927492 
501 253 30 41 0.98636913 
556 144 52 65 0.98464936 
608 254 54 72 0.9758429 
549 218 34 41 0.89316124 
670 178 37 51 0.87671745 
308 258 28 33 0.7408566 
912 232 42 52 0.59125566 
652 49 28 37 0.37238815 
67 346 50 61 0.11821028 
435 150 64 66 0.08107874 
985 -2 34 37 0.07772477 
922 6 19 21 0.07143014 
132 119 411 460 0.06947242 
319 261 30 33 0.06519807 
930 0 18 19 0.06380532 
741 200 41 53 0.052069258 
596 253 92 113 0.051574957 
939 1 14 14 0.044777863 
4 -13 439 468 0.04313705 
842 145 70 76 0.041771535 
504 233 42 52 0.041096255 
943 188 25 30 0.04048908 
594 79 382 521 0.038093127 
706 154 24 34 0.036901902 
145 343 46 60 0.03579209 
876 1 25 26 0.034830738 
980 1 19 19 0.03257775 
325 293 16 18 0.03193509 
687 179 29 43 0.0317696 
947 3 13 15 0.03172586 
322 251 18 22 0.03022602 
465 181 16 17 0.02671281 
791 39 23 30 0.026596539 
697 171 27 39 0.026214974 
330 116 12 15 0.026025841 
330 298 13 17 0.024831964 
344 126 29 36 0.02474256 
132 276 246 238 0.023963725 
329 274 26 27 0.023264524 
-42 131 399 499 0.02324068 
321 126 56 53 0.023116345 
330 248 27 33 0.022455985 
110 330 13 15 0.021889567 
939 0 22 23 0.021245342 
248 294 10 12 0.021206336 
600 223 52 76 0.020804733 
711 137 29 44 0.020741114 
337 264 26 32 0.020067949 
627 258 67 71 0.020030133 
