6_Funeral_Funeral_6_252
118
662 137 122 157 0.9998006 
353 180 113 145 0.99971193 
23 272 61 73 0.9992545 
806 214 60 81 0.99907815 
924 251 52 64 0.9987822 
161 244 60 70 0.9983229 
876 204 53 67 0.99768424 
52 199 52 69 0.9970732 
979 285 44 69 0.9901648 
38 132 43 60 0.98177344 
99 159 40 53 0.97928005 
0 129 40 63 0.9628285 
176 149 42 51 0.954543 
206 189 43 54 0.93127 
540 177 42 55 0.91068804 
981 211 41 60 0.86604017 
19 132 43 60 0.80452406 
231 235 44 61 0.7648233 
724 290 70 87 0.70980334 
895 176 38 48 0.39650342 
978 1116 18 20 0.2389519 
30 1222 26 30 0.23496237 
946 997 16 20 0.18791348 
964 1018 12 15 0.1778764 
740 209 60 79 0.15091772 
939 965 14 16 0.13343923 
873 663 37 47 0.11347344 
759 231 38 44 0.10611491 
957 961 10 14 0.095400415 
212 1141 20 28 0.089392416 
214 208 51 66 0.08736477 
934 969 14 18 0.0840531 
838 213 53 66 0.083845176 
694 225 97 119 0.07860974 
468 903 19 25 0.072921105 
926 983 16 21 0.07227393 
932 950 9 12 0.06669306 
55 1264 25 31 0.06664169 
962 268 47 71 0.06579719 
553 178 58 77 0.064960375 
1001 971 18 31 0.06286924 
931 977 15 19 0.062310085 
604 2 51 47 0.05881833 
949 960 15 17 0.058352806 
30 1233 30 36 0.057997808 
895 951 11 13 0.053595096 
1014 891 8 14 0.050960295 
860 1200 59 74 0.049656935 
1 184 22 33 0.04727204 
741 267 62 84 0.046833776 
965 228 45 58 0.0461964 
270 1108 17 20 0.04539485 
937 976 15 18 0.042917542 
1006 917 11 16 0.042883392 
60 1262 16 19 0.04197261 
237 1133 27 31 0.04187994 
929 986 22 27 0.040986 
468 174 48 62 0.040812243 
987 548 40 68 0.040690962 
941 226 43 62 0.040184848 
938 1243 40 62 0.038757775 
482 185 16 19 0.038111918 
581 182 54 82 0.03755563 
767 235 51 70 0.036490597 
168 1102 28 32 0.036239002 
477 184 27 37 0.036053456 
974 240 50 71 0.035390545 
901 941 10 13 0.034534983 
407 197 95 122 0.034095414 
965 940 10 12 0.033289496 
249 1174 54 68 0.032761537 
139 1134 47 58 0.03180274 
312 981 132 106 0.031272326 
950 209 40 55 0.029985672 
911 958 10 13 0.029756568 
329 1001 78 61 0.029226132 
933 991 26 31 0.02886637 
666 1070 48 53 0.028477555 
21 1214 43 48 0.02835473 
281 1102 26 29 0.027940396 
948 991 14 16 0.027754115 
910 1201 16 19 0.027643414 
875 820 10 13 0.02755492 
898 956 12 15 0.027334811 
876 815 9 12 0.027062194 
588 174 87 114 0.026990572 
253 973 224 167 0.026918462 
418 321 186 311 0.026589807 
910 879 9 11 0.026563045 
928 954 12 14 0.026193637 
899 219 52 65 0.025822112 
890 948 23 29 0.025475865 
876 238 46 61 0.025298197 
228 1138 23 32 0.02470865 
186 754 399 406 0.0246922 
873 817 9 12 0.024419148 
900 950 11 13 0.024137896 
19 1230 28 37 0.024106648 
962 963 10 13 0.02399832 
1009 971 14 22 0.023995595 
730 727 69 72 0.023851566 
483 219 192 223 0.023407111 
1012 914 11 18 0.023323935 
227 1129 44 54 0.022958858 
213 1022 30 34 0.022898829 
869 260 32 43 0.021818897 
443 154 83 111 0.02144971 
67 147 45 61 0.021436643 
31 1242 45 54 0.02142383 
2 1233 24 34 0.021153657 
702 1082 66 60 0.020802129 
888 1017 48 61 0.020798331 
222 1015 10 12 0.020772317 
908 884 10 12 0.020714387 
889 739 24 35 0.02041229 
1000 921 12 15 0.0201937 
936 215 33 40 0.020173445 
67 1209 41 58 0.020003166 
