6_Funeral_Funeral_6_109
113
122 216 31 40 0.9995116 
355 225 24 31 0.9986267 
388 311 27 35 0.9968766 
195 213 32 38 0.99670464 
716 293 22 29 0.9930936 
303 229 24 30 0.9919629 
778 229 17 20 0.9871997 
247 220 26 33 0.98704034 
423 238 22 29 0.9870235 
802 254 19 22 0.9824133 
459 224 22 29 0.9800417 
593 301 24 31 0.9783085 
303 197 21 27 0.9752891 
645 218 22 25 0.9693271 
618 220 18 23 0.96615225 
547 221 17 21 0.9661183 
915 220 20 24 0.961529 
882 237 16 19 0.95868766 
411 205 19 23 0.95521617 
269 221 24 33 0.95032275 
520 232 20 25 0.9491085 
698 247 16 20 0.9437129 
369 204 20 26 0.9421203 
588 228 19 23 0.93878907 
568 210 16 20 0.92420727 
455 303 20 25 0.9144383 
740 254 16 19 0.86997104 
716 254 15 19 0.8562317 
836 241 16 19 0.8065728 
486 215 20 23 0.7735111 
572 323 21 28 0.7514289 
660 300 20 23 0.7207384 
491 235 22 27 0.6985013 
564 238 12 16 0.60158646 
982 217 16 18 0.46590778 
489 247 18 22 0.39189675 
501 230 20 27 0.37777448 
678 251 13 17 0.31304193 
899 265 13 16 0.23035884 
334 219 15 20 0.21671197 
860 262 12 17 0.21588548 
548 325 12 18 0.20571557 
710 236 11 13 0.18734962 
704 248 18 23 0.18288584 
835 275 13 16 0.17944299 
84 140 14 16 0.17153132 
361 210 23 32 0.12964652 
635 389 15 20 0.11533951 
828 266 15 19 0.105737224 
86 134 14 16 0.09739199 
630 255 14 18 0.091112845 
798 225 17 19 0.09090019 
158 221 21 28 0.06821858 
332 231 16 21 0.06491075 
860 255 10 14 0.06403858 
672 230 12 15 0.061534286 
543 278 11 14 0.061396103 
558 234 14 17 0.057028253 
839 259 23 29 0.052130654 
444 193 17 18 0.050271843 
426 373 16 22 0.045862958 
751 383 13 16 0.04479583 
522 172 11 15 0.04137957 
441 201 22 25 0.040856738 
223 197 14 18 0.040498808 
625 250 15 19 0.040210128 
709 375 16 17 0.04009426 
303 213 27 36 0.039145067 
487 232 18 22 0.037910093 
712 259 20 28 0.036687512 
509 189 13 15 0.035595663 
481 271 16 20 0.03377869 
854 217 13 18 0.033171557 
822 259 14 20 0.032713037 
712 276 11 15 0.03266856 
81 145 14 19 0.031266034 
556 210 18 25 0.03126486 
318 230 21 27 0.031146977 
827 3 52 64 0.029528739 
855 244 10 15 0.029278852 
754 210 15 17 0.029125545 
836 229 16 19 0.029063793 
548 239 13 17 0.028906906 
569 234 14 18 0.02829885 
856 195 12 14 0.02794682 
503 202 13 16 0.027718881 
591 195 13 15 0.026365107 
507 196 15 18 0.025702989 
852 260 18 26 0.025061963 
674 235 13 15 0.024707459 
525 177 12 15 0.024634723 
564 227 15 19 0.024509814 
582 316 23 29 0.024453642 
900 422 11 15 0.024398653 
395 208 16 21 0.023740122 
55 159 11 15 0.023739845 
162 155 25 31 0.022694262 
36 147 12 13 0.022556758 
854 236 11 15 0.022535324 
792 439 11 15 0.02251094 
137 218 26 34 0.02218221 
841 247 14 19 0.022140102 
685 242 19 25 0.021925047 
705 363 26 32 0.021864323 
831 247 14 19 0.021773003 
399 319 17 23 0.02160886 
586 328 16 21 0.021504795 
570 224 16 20 0.021118281 
354 103 37 41 0.021058284 
562 242 17 23 0.021020085 
251 -3 61 54 0.02062318 
318 117 11 13 0.020565914 
836 256 15 21 0.020484237 
