6_Funeral_Funeral_6_432
19
710 144 98 136 0.9998047 
823 212 120 151 0.9997967 
342 153 102 144 0.9997429 
451 293 39 53 0.92109 
86 319 25 32 0.7123633 
176 292 33 41 0.6078135 
977 220 40 45 0.30780593 
592 165 88 125 0.041830357 
72 47 186 210 0.03650381 
20 -5 186 211 0.029523827 
589 20 28 34 0.026625283 
181 532 378 472 0.026460923 
34 399 17 25 0.025714224 
822 670 106 94 0.023451004 
189 81 85 113 0.023133531 
898 619 30 39 0.022718387 
255 553 210 263 0.0224092 
216 74 50 75 0.022165485 
108 344 23 28 0.021995654 
