6_Funeral_Funeral_6_745
33
92 398 122 147 0.9999019 
527 476 111 137 0.9998116 
776 524 116 127 0.9998084 
418 166 119 174 0.9997013 
540 206 103 147 0.99961036 
765 389 117 144 0.9937836 
108 271 126 113 0.27253097 
474 196 116 157 0.048443835 
254 143 9 11 0.038096104 
370 623 7 10 0.028677352 
319 93 8 11 0.02733 
369 607 8 9 0.025820592 
297 151 7 8 0.02520216 
374 621 8 11 0.024870276 
249 145 7 9 0.024732688 
280 145 8 9 0.024640417 
320 566 7 9 0.024477102 
341 624 8 9 0.024129217 
246 120 7 9 0.023524245 
344 174 8 10 0.023037942 
280 128 7 9 0.023014845 
281 150 8 9 0.022834959 
242 120 7 9 0.022575565 
291 1006 22 27 0.022487205 
26 70 8 11 0.021905204 
296 120 7 9 0.021596301 
287 144 7 9 0.02114817 
314 1020 17 20 0.020834148 
103 315 123 185 0.020546984 
273 135 7 9 0.020540323 
16 40 7 8 0.02045767 
25 88 7 10 0.020447038 
30 71 8 11 0.02040213 
