IMG_E0302
13
672 1306 527 657 815.11786 1510.1918 1037.4633 1499.37 930.09094 1657.1991 847.3743 1804.9757 1036.6393 1796.2936 0.99993086 
818 1521 483 576 876.95874 1705.5072 1053.7454 1701.5278 893.038 1820.7 895.24634 1925.5557 1053.4884 1923.4093 0.9008731 
873 1243 432 539 962.8376 1458.1344 1143.797 1458.6143 1025.1622 1582.2185 981.0179 1651.617 1128.6892 1652.3499 0.76439327 
759 1790 431 514 867.0732 1936.218 990.6901 1972.7599 859.1647 2068.2224 834.7882 2155.1355 933.79486 2185.9014 0.5580032 
733 1140 442 545 905.08936 1387.1233 1060.9823 1383.8193 1008.9085 1503.3324 921.5506 1569.0203 1046.2229 1567.4467 0.20294952 
1430 2336 509 574 1533.4329 2526.8677 1688.4724 2496.375 1577.7635 2643.8313 1579.4564 2752.5718 1722.0474 2727.4663 0.17582141 
834 933 387 498 994.5657 1168.5792 1064.6934 1166.9863 1031.8802 1256.954 998.28754 1305.8352 1058.9022 1304.951 0.026974099 
147 2127 493 578 260.14825 2298.9548 413.56992 2286.0486 299.376 2388.9583 288.4485 2517.5198 418.56064 2506.6187 0.025667934 
855 2107 419 488 1048.6387 2318.6348 1149.342 2330.2478 1112.7946 2422.6587 1043.378 2464.1143 1117.558 2474.8635 0.025182236 
1349 12 36 45 1370.3889 30.419687 1375.295 31.70301 1374.1266 40.42823 1365.3717 45.515797 1368.544 46.69443 0.022501463 
1049 1880 386 520 1167.1271 2076.1416 1274.0957 2086.2686 1195.2988 2166.0151 1163.9324 2251.1223 1246.283 2260.8867 0.022469494 
1145 -1 108 100 1218.1881 42.893707 1219.9885 53.33301 1218.3196 55.54645 1199.8639 58.97842 1198.356 67.65629 0.022276822 
1095 -7 278 187 1253.4253 55.74832 1248.6946 62.75095 1257.018 72.90903 1237.8005 60.803078 1231.6096 66.4128 0.022173608 
