28_Sports_Fan_Sports_Fan_28_1018
35
382 172 230 305 0.99992526 
603 1370 83 124 0.86113703 
871 100 100 129 0.16035789 
960 1891 64 93 0.14647725 
452 1567 56 70 0.100421496 
442 1411 381 505 0.07324333 
543 1299 163 217 0.06062286 
870 214 169 267 0.054478057 
483 1372 105 113 0.045325603 
45 1676 184 232 0.04340609 
962 418 68 130 0.04185589 
640 757 180 263 0.038295016 
336 1295 351 451 0.03436477 
692 1573 196 277 0.032437306 
457 83 294 428 0.031603396 
692 1266 27 35 0.031234968 
325 1506 356 505 0.030911008 
480 1123 347 446 0.029686606 
101 1768 102 113 0.028863259 
397 1379 25 35 0.028010007 
3 975 33 64 0.027719842 
410 1787 129 176 0.027077971 
669 856 199 314 0.026043987 
976 324 41 52 0.025334213 
37 1640 33 40 0.02472817 
732 361 105 121 0.024534088 
597 1563 195 324 0.02396516 
633 1345 88 144 0.02331427 
295 1496 118 135 0.02319523 
396 1557 32 38 0.022589583 
597 1388 29 39 0.021805376 
315 1569 88 124 0.021013428 
389 309 455 589 0.020504784 
90 393 190 297 0.02021085 
965 1466 40 48 0.020003999 
