28_Sports_Fan_Sports_Fan_28_868
44
682 29 46 63 0.99856997 
511 246 34 47 0.98247313 
869 172 42 51 0.75403595 
580 315 37 48 0.06107797 
134 283 14 19 0.058204975 
889 191 32 35 0.052046116 
40 461 33 41 0.04762388 
126 269 12 15 0.046578363 
184 410 53 82 0.044124886 
492 253 42 44 0.04071716 
846 170 44 53 0.038602807 
821 316 12 16 0.03808319 
20 2 16 20 0.03761531 
135 261 13 17 0.037557557 
387 3 16 16 0.03684048 
124 283 15 20 0.03314883 
78 318 12 16 0.032052338 
996 251 13 20 0.031554166 
383 571 13 15 0.031104347 
81 62 14 20 0.031072536 
750 10 15 20 0.030772662 
141 255 11 14 0.030296253 
601 283 27 36 0.029296916 
202 318 11 15 0.02923842 
8 1 28 40 0.029129468 
749 8 24 33 0.028842198 
13 383 12 17 0.026886318 
995 375 22 37 0.026558476 
90 280 95 124 0.025639178 
36 443 50 76 0.025094012 
138 384 99 137 0.02493277 
120 287 13 18 0.024521742 
139 0 27 26 0.023811862 
820 49 101 128 0.022855632 
131 267 101 138 0.022569863 
709 92 15 18 0.021906815 
820 173 43 52 0.021846626 
984 10 15 20 0.021805275 
812 68 14 18 0.021355541 
509 5 16 16 0.021031898 
912 351 29 38 0.020784829 
120 277 12 15 0.020744832 
737 81 60 68 0.020157633 
990 252 22 31 0.020016676 
