28_Sports_Fan_Sports_Fan_28_265
105
494 85 233 333 0.99963224 
95 157 266 360 0.99953616 
1011 317 7 10 0.09947337 
912 316 8 11 0.0809851 
976 523 37 62 0.07917138 
922 326 8 11 0.071100965 
941 319 8 10 0.067096815 
974 207 7 10 0.06493123 
1014 261 8 11 0.058934007 
935 281 8 9 0.05576775 
919 319 8 10 0.052276034 
991 230 8 9 0.0513666 
949 335 9 11 0.045747433 
887 305 7 8 0.045141708 
942 312 7 9 0.04464189 
516 429 148 214 0.042584714 
934 286 8 9 0.042525318 
993 208 7 8 0.040597994 
992 288 8 11 0.03979105 
985 270 8 10 0.039667007 
990 184 9 10 0.039339527 
1010 264 7 10 0.03560053 
1009 191 9 11 0.035311405 
989 270 8 9 0.03479797 
999 288 7 9 0.034415364 
926 383 15 21 0.033892468 
921 302 8 9 0.033398002 
897 293 7 10 0.0333866 
968 289 7 9 0.032480806 
970 239 8 9 0.032232746 
928 313 7 9 0.032201562 
1001 240 8 9 0.032025456 
996 468 26 39 0.03152929 
897 289 8 9 0.030686663 
912 297 8 9 0.030551063 
968 264 7 9 0.0305189 
977 319 7 9 0.030322893 
1000 207 7 9 0.028524218 
954 310 8 9 0.028369093 
960 328 6 9 0.028064005 
999 458 14 20 0.028058074 
903 326 7 8 0.028034903 
968 225 7 9 0.02785592 
920 296 8 9 0.027773237 
918 313 8 9 0.02732306 
1013 454 10 17 0.027159851 
1006 208 8 9 0.026968181 
905 304 7 9 0.026961673 
975 248 7 8 0.026929474 
950 288 8 10 0.026640387 
974 487 24 37 0.026432319 
991 224 8 11 0.02623986 
986 231 7 8 0.026097152 
972 493 39 65 0.025900826 
936 296 8 9 0.025838742 
986 239 8 9 0.025642818 
994 280 6 8 0.02551014 
898 311 7 9 0.02539327 
993 199 7 9 0.025069555 
991 254 7 9 0.025014611 
926 302 8 10 0.024962515 
951 237 9 10 0.02482807 
1002 271 7 9 0.02479433 
969 231 8 9 0.024662882 
985 224 7 9 0.024537757 
1001 279 7 10 0.0245258 
944 295 8 9 0.024500957 
952 207 7 9 0.024315493 
385 349 443 438 0.024144372 
973 233 8 9 0.023931526 
904 319 7 11 0.023908872 
889 336 8 10 0.023884326 
983 207 7 9 0.023765597 
998 223 8 9 0.02334661 
967 311 8 9 0.023153175 
975 202 8 9 0.023080101 
927 268 9 10 0.023038993 
1014 196 8 11 0.023012154 
977 280 8 9 0.022483593 
951 263 8 9 0.022278331 
1008 270 7 10 0.022176348 
905 271 8 10 0.021958634 
928 297 6 8 0.021948736 
1008 231 7 10 0.021932645 
975 264 8 10 0.021824708 
-27 575 176 285 0.021804318 
1008 182 8 10 0.021736294 
1006 213 8 9 0.021736091 
1008 254 7 10 0.021705527 
985 292 8 10 0.021546181 
911 336 8 10 0.021487674 
928 247 8 9 0.021393737 
821 293 9 10 0.021148322 
984 200 7 9 0.020919884 
1002 311 8 10 0.020846559 
926 331 10 11 0.020640995 
336 128 65 65 0.020524269 
1002 246 6 8 0.020517502 
983 305 8 9 0.020258676 
968 329 7 8 0.020230046 
1001 263 7 10 0.020169383 
1008 278 8 11 0.020142054 
918 279 8 9 0.02007988 
983 288 9 10 0.020051025 
896 319 9 10 0.02005038 
