28_Sports_Fan_Sports_Fan_28_770
31
566 224 180 241 0.719555 
87 390 103 113 0.7107159 
110 36 413 510 0.6686151 
577 256 110 155 0.22566457 
543 295 33 38 0.18364668 
218 410 103 131 0.109611966 
590 284 58 74 0.08115514 
663 607 11 13 0.05177683 
611 617 44 61 0.051607784 
14 404 88 132 0.04443831 
226 432 176 250 0.0439787 
169 415 170 207 0.039888747 
588 262 16 20 0.03829515 
587 290 36 51 0.03791689 
65 46 276 362 0.03771904 
685 81 133 153 0.034622807 
294 546 83 106 0.034218486 
741 280 110 135 0.03212054 
514 174 329 408 0.030930761 
655 624 10 12 0.03037616 
77 306 169 222 0.030175943 
677 630 9 13 0.029324824 
928 226 92 187 0.029145243 
608 131 230 281 0.028454322 
577 291 28 42 0.027376058 
669 645 10 12 0.025710953 
549 290 44 60 0.024698896 
260 491 105 126 0.023135817 
-8 160 353 454 0.021621011 
551 280 33 45 0.02146568 
565 278 48 67 0.020008514 
