28_Sports_Fan_Sports_Fan_28_244
84
892 313 24 30 0.8856411 
952 289 30 36 0.598005 
53 204 22 26 0.32696417 
930 276 25 31 0.3251597 
592 83 46 59 0.32337165 
64 242 18 21 0.2005399 
331 66 35 50 0.19799645 
155 119 28 36 0.18846697 
932 8 21 28 0.18177406 
688 337 30 40 0.17884819 
240 212 57 81 0.13354045 
738 0 30 27 0.120294526 
662 296 46 77 0.10806114 
940 278 30 37 0.10013835 
152 440 16 23 0.09553926 
226 126 46 57 0.09153958 
926 50 25 32 0.090763934 
1 152 19 32 0.0907301 
879 270 23 28 0.08660045 
793 259 32 40 0.077936046 
338 51 57 77 0.06932753 
60 148 17 21 0.06690293 
385 72 46 73 0.06210297 
362 349 30 39 0.06199941 
0 230 19 29 0.061582193 
20 269 16 21 0.060223617 
180 207 41 51 0.05933262 
969 293 29 34 0.058746256 
974 16 15 20 0.05752851 
100 104 21 29 0.057500657 
258 134 49 70 0.056570053 
810 20 27 32 0.054577988 
409 335 18 22 0.05234674 
116 278 16 21 0.05142771 
1010 233 13 20 0.04957523 
962 78 16 21 0.04915095 
205 90 54 61 0.047960285 
137 252 18 25 0.04663984 
20 329 16 21 0.044193838 
644 274 52 78 0.044183362 
223 157 53 69 0.042434286 
754 0 34 34 0.042284876 
823 270 14 17 0.041524857 
44 26 24 30 0.038618367 
762 12 29 35 0.03824385 
205 158 40 42 0.03788387 
255 174 61 85 0.03758985 
1011 376 13 24 0.0373657 
410 403 45 50 0.036073457 
20 81 22 27 0.035729606 
867 252 16 20 0.034156524 
227 432 15 19 0.03234757 
674 327 48 66 0.032172278 
211 137 40 46 0.030351434 
861 256 31 35 0.028850399 
370 357 18 23 0.028642545 
269 329 477 444 0.02859554 
861 270 40 47 0.027878558 
1004 -1 17 17 0.027562933 
882 6 24 28 0.027505891 
690 0 30 24 0.02716801 
925 283 19 24 0.026952285 
230 178 53 85 0.026826218 
881 315 38 47 0.026626801 
525 12 27 33 0.025871523 
985 299 17 22 0.025647754 
433 525 30 44 0.025491908 
766 324 23 30 0.025425002 
217 429 24 35 0.024338998 
585 547 29 36 0.024295237 
851 152 17 21 0.02357441 
355 110 55 74 0.02345977 
204 99 76 92 0.023005754 
0 145 11 21 0.022994976 
395 113 43 51 0.02279313 
1001 87 24 37 0.022004103 
325 83 52 76 0.021951392 
871 98 29 36 0.02189829 
355 78 49 67 0.021610513 
52 245 24 26 0.021592243 
581 116 35 42 0.021205042 
108 211 25 34 0.021053901 
430 412 27 33 0.020834392 
20 65 25 30 0.020660495 
