28_Sports_Fan_Sports_Fan_28_2
258
624 219 149 181 0.9995148 
215 340 119 129 0.9966581 
968 510 26 27 0.40676183 
109 311 11 13 0.38635886 
17 288 8 10 0.3362237 
76 319 8 11 0.26291785 
134 291 9 11 0.24920633 
57 334 9 11 0.23164281 
94 324 8 10 0.22852492 
106 310 9 12 0.19122902 
87 271 9 11 0.15642542 
97 357 9 12 0.14042725 
24 278 7 10 0.11589338 
110 286 8 10 0.108311854 
414 361 8 10 0.107627615 
97 288 7 9 0.104245484 
126 328 8 10 0.10413136 
446 390 8 9 0.103607036 
9 263 8 11 0.103577696 
122 301 8 9 0.10198237 
6 303 8 10 0.09617943 
110 280 7 10 0.09415441 
21 286 9 11 0.09286989 
122 296 7 9 0.09016256 
57 329 8 10 0.09006487 
47 271 8 10 0.09004555 
13 269 8 11 0.089565925 
29 333 12 14 0.088186204 
526 437 12 15 0.08781383 
416 407 10 13 0.08457597 
148 393 46 61 0.083587095 
128 331 9 11 0.082498975 
127 295 8 10 0.075498275 
103 287 8 10 0.07481604 
121 326 8 10 0.071478456 
495 428 10 12 0.07061635 
126 302 7 9 0.07058328 
7 310 8 11 0.06827427 
80 336 7 10 0.06568256 
1012 468 9 15 0.065441966 
103 304 8 9 0.06446562 
14 264 8 10 0.063764505 
63 310 7 9 0.063152574 
963 488 33 38 0.06267681 
530 400 7 10 0.06254203 
956 499 50 53 0.062196378 
455 399 8 9 0.061618462 
480 374 7 9 0.061284617 
110 305 8 10 0.06116135 
476 428 9 11 0.06074864 
413 398 9 11 0.060378045 
472 399 9 12 0.06027376 
38 278 8 10 0.05783372 
74 324 8 10 0.057812534 
447 400 8 9 0.057704046 
2 316 8 12 0.05714347 
61 304 8 10 0.056753527 
105 280 8 9 0.05674707 
145 301 9 13 0.056550406 
74 293 8 11 0.055259176 
536 398 8 11 0.05460799 
57 304 8 10 0.053922042 
89 321 9 11 0.053569388 
489 439 10 14 0.05350576 
19 374 10 12 0.053024568 
502 429 9 11 0.051627643 
87 336 8 9 0.05161957 
64 279 7 9 0.05123325 
129 287 8 10 0.051027637 
141 308 10 15 0.050758198 
138 311 8 11 0.050298978 
81 272 8 10 0.04999708 
32 277 8 10 0.049770698 
88 288 7 9 0.049465276 
424 389 8 10 0.04926621 
2 300 8 11 0.047677547 
462 399 8 10 0.04688812 
6 257 8 9 0.046588797 
292 136 417 489 0.04610425 
441 399 8 9 0.046052177 
111 349 9 10 0.046018224 
920 73 14 16 0.045163233 
479 345 7 8 0.045081165 
2 261 8 11 0.04457145 
38 334 8 12 0.044539273 
6 317 8 11 0.044337302 
1 255 8 11 0.043776542 
119 272 8 9 0.04356069 
576 356 382 410 0.043294914 
118 343 9 9 0.04313213 
8 287 8 9 0.042183705 
497 392 7 10 0.042082943 
413 391 8 10 0.041606005 
116 318 10 11 0.041338302 
46 321 7 9 0.041126996 
8 324 8 13 0.040788475 
73 287 7 9 0.040173043 
113 345 8 10 0.040076934 
465 366 8 9 0.039903905 
510 430 8 10 0.039489157 
120 278 8 9 0.03946473 
419 411 11 14 0.039295197 
471 423 11 13 0.038978357 
454 337 8 10 0.038854226 
1000 55 9 11 0.038722478 
494 444 11 13 0.038717743 
39 326 8 10 0.038664147 
95 263 8 9 0.03832148 
47 325 7 10 0.03830988 
48 334 8 11 0.03785439 
98 294 8 9 0.037339263 
79 288 7 9 0.037294567 
25 249 7 9 0.037165225 
61 326 8 11 0.037002373 
520 367 7 9 0.036383603 
81 253 8 10 0.03637465 
410 385 7 9 0.036354657 
410 359 8 11 0.036231056 
102 328 8 11 0.03605934 
6 294 9 12 0.035748918 
511 436 9 12 0.035747733 
468 441 13 19 0.035691798 
433 343 7 9 0.03565345 
24 272 8 10 0.035181176 
438 359 7 9 0.0351599 
102 353 9 11 0.034764856 
918 502 28 35 0.03466564 
71 334 8 11 0.034598697 
14 325 8 12 0.034490384 
453 431 23 34 0.034423184 
417 342 8 9 0.034243952 
493 436 11 14 0.034198094 
0 280 8 10 0.034060635 
443 392 7 9 0.033097833 
488 377 7 9 0.033031072 
47 294 7 9 0.032774903 
24 253 7 10 0.03275788 
446 385 8 10 0.032568324 
415 384 7 9 0.031783447 
63 319 7 9 0.03172798 
505 375 8 9 0.03161197 
32 272 8 10 0.031607658 
131 332 10 13 0.031419884 
31 286 9 10 0.031352982 
528 357 7 10 0.031321134 
527 367 7 9 0.031008737 
127 279 7 9 0.030984418 
441 375 8 9 0.030653663 
46 253 9 10 0.030648066 
98 302 9 10 0.030376172 
433 359 8 9 0.03032219 
489 428 11 13 0.030269159 
61 339 10 12 0.030178616 
70 245 9 11 0.030072419 
112 292 8 10 0.029915767 
931 498 19 23 0.029904822 
6 341 10 12 0.029759543 
938 469 15 17 0.029588537 
1013 513 11 17 0.029407432 
42 321 7 10 0.029227253 
424 384 8 10 0.028891984 
215 237 9 11 0.02889035 
40 272 8 10 0.028749514 
0 246 6 9 0.028302852 
487 398 8 9 0.028260691 
111 271 8 9 0.028129911 
12 318 9 12 0.02812253 
424 310 8 9 0.02793247 
38 287 8 9 0.027772836 
125 342 10 11 0.027736435 
511 383 7 9 0.027375929 
27 406 12 17 0.027200442 
432 400 8 9 0.027110802 
422 398 9 11 0.026996048 
990 463 11 13 0.026849205 
25 338 12 15 0.026845241 
489 360 7 8 0.02673658 
6 332 11 13 0.026545307 
120 334 8 10 0.02652679 
428 426 44 47 0.026440233 
16 279 8 10 0.026292643 
932 476 13 17 0.02615581 
438 328 7 9 0.026044844 
497 352 7 8 0.025971986 
918 477 26 34 0.02584046 
119 287 8 10 0.02568519 
450 337 8 10 0.02535083 
56 254 8 9 0.025306048 
16 247 7 8 0.025285214 
78 293 8 10 0.025269082 
545 361 7 8 0.025147565 
940 540 15 20 0.025053423 
26 239 8 8 0.02504521 
456 359 7 9 0.0250291 
0 349 9 13 0.02496363 
471 367 7 9 0.024951141 
934 482 85 91 0.024874195 
0 341 8 13 0.024835324 
109 125 12 13 0.024675192 
974 467 13 15 0.024652142 
955 479 26 33 0.024626954 
197 208 9 10 0.02443434 
513 451 12 16 0.024357695 
72 279 8 9 0.024180803 
472 392 7 9 0.024150817 
982 463 11 14 0.024047785 
518 442 14 17 0.023976939 
422 359 8 10 0.023836331 
496 398 7 9 0.023776267 
22 264 7 9 0.023761638 
127 310 8 10 0.023630615 
477 399 10 11 0.023397448 
206 238 9 10 0.023393413 
41 246 8 11 0.023387162 
496 359 7 9 0.023315247 
9 239 7 9 0.023265481 
446 167 7 9 0.02316271 
49 288 8 10 0.023145469 
120 367 11 12 0.023088494 
136 272 7 8 0.022653185 
125 350 10 13 0.022508996 
57 263 7 9 0.022489894 
955 513 30 34 0.022225479 
104 332 7 10 0.022207899 
111 263 8 10 0.022175727 
1 322 9 14 0.022159282 
430 391 7 8 0.022076694 
64 263 8 9 0.021936608 
939 500 13 17 0.02188766 
71 313 18 23 0.021874277 
529 352 8 10 0.02158495 
85 340 9 10 0.021561366 
118 312 9 11 0.021542665 
70 265 8 9 0.02153636 
645 187 23 26 0.02151481 
78 312 8 10 0.021428294 
48 265 7 9 0.021288408 
991 40 8 10 0.021201264 
73 271 8 10 0.021057203 
89 264 8 10 0.021014048 
522 376 7 9 0.020955088 
527 415 8 10 0.020811176 
47 309 9 11 0.020795137 
104 262 8 10 0.020790244 
488 380 7 10 0.020739304 
513 359 6 9 0.020727597 
362 372 25 33 0.020727172 
7 279 8 10 0.020561742 
496 406 8 9 0.020538192 
95 279 8 9 0.020455742 
14 331 9 14 0.02045267 
71 340 8 11 0.020390768 
442 383 8 10 0.020383764 
95 332 8 10 0.020357007 
438 352 8 9 0.020240074 
477 437 10 14 0.020157188 
986 45 8 10 0.020088622 
503 352 7 9 0.020074876 
