28_Sports_Fan_Sports_Fan_28_751
67
524 234 59 73 0.9985495 
194 129 47 60 0.9980385 
16 154 42 54 0.9897169 
130 4 32 37 0.7869736 
938 0 29 23 0.6034718 
91 181 15 18 0.49570405 
857 467 61 75 0.40131426 
679 22 40 48 0.3631816 
172 139 25 39 0.32266563 
101 0 25 25 0.21370338 
620 65 26 33 0.15329394 
933 45 32 40 0.11868787 
922 424 22 23 0.10938065 
409 354 49 67 0.08782911 
431 358 29 40 0.08461667 
975 403 28 33 0.08052832 
444 1 29 30 0.07186119 
964 413 27 31 0.06516838 
323 477 40 48 0.06317468 
907 0 19 16 0.053846266 
212 0 16 14 0.052619547 
674 393 97 147 0.050141796 
108 92 40 48 0.048417576 
363 318 43 51 0.0463261 
406 341 32 36 0.046004113 
799 -1 18 14 0.045038827 
714 25 42 52 0.044094216 
275 385 15 19 0.041792877 
290 31 50 56 0.04162729 
21 46 15 20 0.041423533 
389 352 81 107 0.03548328 
985 367 15 18 0.035193615 
144 5 35 33 0.034259576 
391 343 50 56 0.034030218 
899 0 28 29 0.03366704 
303 360 10 12 0.033174966 
406 327 50 65 0.032493863 
170 -1 20 15 0.031880945 
92 166 21 27 0.03182857 
442 361 16 23 0.031822275 
457 0 21 21 0.030593928 
444 -6 46 52 0.030137459 
201 78 11 14 0.02995655 
697 34 31 38 0.027282387 
169 48 30 37 0.027180756 
882 16 24 31 0.026296573 
96 158 17 23 0.025351238 
596 3 31 35 0.025250692 
371 341 31 35 0.024817448 
191 61 44 52 0.024053453 
387 347 32 37 0.02401924 
466 264 50 69 0.023795929 
158 1 34 32 0.023709983 
403 345 19 22 0.02370186 
933 0 20 20 0.023067199 
980 385 29 39 0.022922173 
701 -2 33 31 0.0228051 
124 45 14 18 0.022712063 
13 50 16 21 0.022582786 
642 17 24 30 0.022250928 
203 53 12 17 0.021451931 
635 31 43 51 0.021318479 
709 -1 19 15 0.021094913 
785 391 86 113 0.020750025 
380 321 49 56 0.020569172 
951 -1 31 27 0.02044398 
644 13 17 21 0.020045657 
