28_Sports_Fan_Sports_Fan_28_835
21
237 311 159 203 0.9989704 
649 359 146 197 0.99882513 
80 516 251 327 0.22277266 
196 575 52 59 0.1047381 
784 38 13 17 0.09444935 
838 44 14 17 0.08100731 
-88 432 417 486 0.07004666 
244 601 49 50 0.05466784 
599 1036 415 535 0.04905494 
380 634 23 30 0.04085508 
273 0 413 476 0.04077497 
861 22 9 11 0.040708724 
894 42 16 18 0.037212867 
679 896 32 38 0.029098986 
215 585 53 57 0.028115477 
703 159 55 60 0.025803817 
834 714 142 156 0.025504354 
364 27 16 22 0.025452271 
831 43 13 18 0.022606231 
890 19 15 16 0.02229502 
763 536 216 248 0.020116603 
