28_Sports_Fan_Sports_Fan_28_267
152
352 224 19 24 0.96864927 
626 281 20 22 0.9366971 
358 256 19 21 0.9347853 
346 325 20 27 0.92595553 
633 343 19 24 0.925534 
502 342 21 27 0.9134602 
420 243 18 20 0.906683 
634 197 19 22 0.90209544 
405 203 16 20 0.8254664 
327 275 17 19 0.78653854 
668 255 16 21 0.73439664 
562 370 14 17 0.5816827 
443 224 17 24 0.5363829 
310 215 19 25 0.4928082 
597 403 15 19 0.4882019 
289 261 17 20 0.4729106 
467 47 56 52 0.441064 
682 240 14 18 0.43489048 
339 197 13 16 0.42218265 
469 205 14 18 0.38864464 
406 303 27 32 0.33766946 
664 200 22 29 0.3218404 
504 325 17 18 0.14989626 
590 279 12 15 0.1371906 
598 275 12 15 0.13380344 
461 201 16 19 0.13379566 
605 309 20 25 0.12509657 
552 699 9 12 0.07884342 
114 605 17 21 0.07699943 
426 252 17 22 0.076796986 
297 265 13 15 0.07027872 
822 613 11 13 0.06982892 
346 196 13 16 0.06743923 
476 335 22 26 0.065896325 
529 205 16 18 0.06178852 
762 615 8 10 0.06047193 
442 709 10 12 0.05999827 
416 287 27 33 0.05627138 
388 230 10 14 0.056065083 
454 690 10 13 0.055596925 
586 251 13 17 0.05515424 
364 212 14 18 0.053677656 
943 109 9 12 0.052411415 
622 328 15 19 0.0516864 
355 213 15 18 0.051461324 
410 197 17 21 0.050120868 
405 306 17 22 0.049653422 
574 307 14 19 0.049406543 
697 711 9 12 0.047776986 
584 703 9 12 0.045487355 
441 387 16 20 0.04530308 
492 197 17 19 0.044262763 
498 202 15 17 0.042915013 
456 201 14 17 0.042543903 
487 337 22 27 0.042333502 
659 293 14 18 0.041890085 
282 607 10 13 0.040756997 
445 237 13 19 0.04019091 
599 237 11 16 0.0392439 
424 306 18 21 0.039076436 
413 388 30 33 0.038747273 
636 226 12 16 0.03851001 
547 199 17 21 0.038435567 
348 201 15 18 0.03807316 
617 315 16 18 0.03782897 
317 210 20 27 0.037611376 
445 704 9 13 0.03644034 
494 239 11 13 0.036295258 
316 706 13 17 0.036086448 
418 309 28 31 0.035759166 
480 283 12 16 0.035393633 
448 687 10 13 0.035327736 
584 243 13 17 0.035050992 
674 263 14 20 0.034967627 
587 229 12 15 0.034682605 
417 300 18 24 0.034361254 
457 210 24 29 0.034263644 
448 219 17 22 0.033250786 
543 292 11 14 0.032981288 
639 699 13 16 0.032469362 
332 211 15 19 0.031993058 
997 574 9 12 0.03196688 
884 176 29 34 0.031955097 
604 252 11 15 0.031788234 
587 235 13 18 0.031530116 
736 705 7 9 0.031297013 
569 370 14 18 0.031226262 
496 669 11 13 0.031022776 
482 300 14 16 0.030644583 
647 197 22 28 0.030242214 
513 666 11 13 0.030030746 
584 281 15 18 0.028938614 
596 357 11 16 0.02889747 
623 204 13 16 0.02859587 
709 550 17 21 0.028405452 
404 291 15 18 0.028348427 
475 294 25 28 0.028013311 
568 707 10 12 0.027850665 
317 694 12 14 0.027132241 
485 201 15 18 0.027060682 
402 290 26 35 0.026963752 
429 236 19 26 0.026866624 
803 694 14 18 0.026517738 
581 257 15 18 0.026234249 
621 297 16 19 0.025842614 
549 275 11 15 0.025710393 
684 268 12 17 0.025598329 
639 190 24 29 0.0253878 
370 271 510 487 0.024960207 
549 610 13 14 0.024945706 
587 261 21 26 0.024768455 
383 233 13 16 0.024464184 
644 266 15 20 0.02421722 
293 599 10 13 0.024157465 
581 370 13 17 0.023907946 
669 394 12 15 0.023838164 
550 365 11 16 0.023419814 
517 699 10 13 0.023314001 
502 687 10 12 0.023307981 
76 610 10 13 0.023265827 
579 238 22 29 0.023110785 
414 225 13 17 0.022938987 
574 702 10 13 0.022937203 
759 708 9 11 0.022891441 
605 202 14 18 0.022614503 
370 258 16 20 0.022477573 
211 701 11 13 0.022377191 
467 214 16 20 0.022232356 
468 234 12 14 0.02192641 
603 243 11 15 0.02187258 
580 225 22 26 0.02182312 
465 709 9 10 0.021675082 
478 270 10 12 0.021629257 
696 325 9 13 0.02138965 
483 290 14 18 0.021270536 
417 195 15 19 0.021230606 
620 306 15 18 0.021065943 
337 201 22 26 0.0209072 
582 220 14 16 0.020791652 
717 703 8 11 0.020759707 
190 545 19 21 0.02070646 
472 703 8 12 0.020703375 
432 314 18 23 0.02054802 
620 211 14 19 0.020544171 
581 266 12 15 0.020536648 
483 278 12 15 0.020492263 
539 343 15 19 0.0204724 
637 313 15 17 0.020455662 
533 740 11 14 0.020349689 
433 247 15 21 0.0203279 
497 718 9 12 0.02003358 
507 304 17 18 0.020016935 
