2_Demonstration_Demonstration_Or_Protest_2_895
448
673 333 32 41 0.9990446 
486 347 56 71 0.99867404 
627 338 32 40 0.9867822 
276 306 22 31 0.98322326 
803 304 24 28 0.96641314 
138 272 15 18 0.9578232 
23 285 18 25 0.95262694 
67 283 17 22 0.9371321 
374 318 19 28 0.92553127 
198 272 13 18 0.8650256 
610 281 13 16 0.8071768 
992 323 23 28 0.79073185 
414 279 14 17 0.7857245 
926 310 11 14 0.7807111 
215 379 33 34 0.7573297 
967 305 15 19 0.7488277 
383 275 13 15 0.6718726 
341 280 11 14 0.66957724 
115 285 15 19 0.63404065 
426 311 15 23 0.62104267 
522 293 12 16 0.6179446 
53 270 13 16 0.6036709 
616 331 25 37 0.57376665 
299 310 15 22 0.49913347 
0 284 10 15 0.43909305 
729 279 9 12 0.41612855 
549 303 15 19 0.41141057 
48 298 21 27 0.3818476 
725 418 61 68 0.34584236 
297 292 15 18 0.32765076 
206 307 23 28 0.31787428 
749 299 15 19 0.3119508 
532 277 10 13 0.30119354 
369 268 9 11 0.27600336 
459 304 24 30 0.25907472 
259 291 13 17 0.2550409 
785 425 33 55 0.2433097 
303 331 14 18 0.2398794 
256 268 10 12 0.2305806 
44 418 95 99 0.22841857 
926 286 10 12 0.22401178 
836 294 10 12 0.22243786 
603 504 29 43 0.21365497 
328 292 13 15 0.20925246 
756 301 13 16 0.20843221 
870 325 12 15 0.19891389 
133 315 26 28 0.19306603 
466 302 14 17 0.19104314 
558 263 8 10 0.19071548 
194 256 9 10 0.17876434 
703 320 15 20 0.17765997 
155 283 11 15 0.17417042 
455 287 10 13 0.1733938 
675 274 13 15 0.16434333 
709 283 10 13 0.16209976 
211 299 14 18 0.16165859 
551 250 7 9 0.15793696 
338 314 14 18 0.15719843 
834 335 24 26 0.15389231 
364 366 20 27 0.14802778 
229 316 20 27 0.14748412 
302 274 12 14 0.14481148 
885 269 11 12 0.14048395 
290 308 18 26 0.13664854 
175 279 11 15 0.12535322 
452 305 14 19 0.12242382 
867 329 17 23 0.12138484 
564 284 14 16 0.12134147 
213 283 14 18 0.11918578 
472 260 10 11 0.118490644 
121 286 16 20 0.11823528 
299 285 14 17 0.11820093 
361 377 16 23 0.11811662 
526 254 8 11 0.11772518 
829 255 8 10 0.117713526 
749 296 11 14 0.11629449 
855 291 9 11 0.114823185 
667 261 10 11 0.1134827 
862 256 9 12 0.11303223 
437 333 22 28 0.11299414 
567 281 9 11 0.11214785 
336 284 13 16 0.108453766 
613 334 16 26 0.106790975 
788 356 12 16 0.10662458 
814 256 7 9 0.106245175 
535 292 11 14 0.105948746 
521 242 8 9 0.105401166 
462 312 14 18 0.10202792 
816 310 17 20 0.101891376 
66 309 14 19 0.100472406 
689 300 14 18 0.10016977 
803 333 24 33 0.098550156 
925 303 11 15 0.09837382 
338 335 24 30 0.09810136 
764 301 10 13 0.09795282 
579 351 29 35 0.09472318 
614 262 10 12 0.09427515 
574 265 10 11 0.09340357 
327 288 11 13 0.09079544 
881 268 9 12 0.09047752 
306 337 15 18 0.09000893 
489 260 10 12 0.08960267 
976 271 7 10 0.087440334 
566 357 39 51 0.08706158 
665 256 10 11 0.08521993 
275 291 15 18 0.084166914 
778 262 7 9 0.08224031 
211 290 15 19 0.08054942 
535 248 7 9 0.07921641 
147 276 14 17 0.07885659 
293 295 20 27 0.07780836 
407 265 11 14 0.07714083 
136 357 38 46 0.076912746 
603 337 39 50 0.07648717 
612 -4 435 524 0.07567803 
921 292 11 13 0.07508234 
591 263 7 10 0.07341328 
178 279 14 19 0.07305072 
175 297 12 17 0.07299392 
403 418 52 68 0.07253488 
192 260 12 15 0.07191431 
668 298 11 14 0.07173623 
1014 302 10 15 0.071585275 
295 274 12 14 0.07049896 
857 260 10 11 0.069655485 
535 283 12 15 0.069246 
294 270 10 13 0.067721084 
368 292 14 18 0.06761667 
395 301 14 15 0.06744129 
409 282 11 15 0.065823235 
232 90 24 32 0.06581201 
943 296 11 12 0.06575844 
302 254 9 12 0.06514518 
942 270 8 10 0.065025225 
830 299 14 18 0.06364534 
788 344 24 30 0.06315815 
864 364 55 50 0.06272437 
477 285 12 15 0.06256862 
336 320 22 28 0.06255115 
469 292 14 17 0.062517196 
451 344 16 21 0.062304232 
410 450 66 80 0.06201329 
215 310 23 30 0.061875943 
630 292 14 16 0.06159707 
476 308 12 14 0.061373945 
204 389 49 50 0.061277386 
269 291 14 17 0.061152346 
793 255 7 9 0.060813423 
785 361 11 16 0.060465295 
696 424 58 67 0.06003292 
783 353 21 28 0.058912084 
797 353 13 16 0.0588352 
47 294 16 20 0.05867251 
274 297 20 27 0.05837975 
310 300 11 16 0.057878163 
412 330 12 18 0.0574715 
861 287 10 12 0.057416912 
863 330 28 35 0.057392888 
826 364 34 42 0.057078842 
219 308 14 18 0.056258697 
467 321 13 18 0.055817563 
686 270 11 13 0.05577439 
148 345 31 45 0.05549189 
155 267 12 15 0.055397462 
897 312 9 11 0.054784443 
577 351 16 25 0.05460036 
421 348 12 18 0.054375086 
372 268 11 12 0.054189432 
27 400 50 73 0.05409645 
29 416 22 35 0.05373659 
631 247 8 10 0.053416587 
553 271 9 12 0.053239368 
404 337 17 23 0.05307395 
831 347 29 31 0.052809775 
903 315 10 11 0.0526155 
126 434 56 79 0.05255901 
308 270 10 12 0.052278016 
309 277 10 13 0.052254062 
439 265 13 16 0.051822595 
485 308 9 12 0.051598962 
558 290 14 16 0.05142086 
598 290 11 14 0.050841495 
801 297 42 49 0.05060054 
525 286 12 16 0.05025812 
550 275 10 13 0.050147373 
137 309 18 21 0.050104804 
47 271 15 20 0.050012708 
874 268 9 11 0.0497096 
766 278 10 11 0.04969642 
535 253 8 10 0.049487833 
711 256 9 12 0.049386516 
844 334 24 29 0.049140193 
557 269 8 11 0.04777517 
169 277 12 16 0.047760695 
319 284 10 13 0.047316305 
527 247 7 9 0.046929546 
709 312 11 14 0.046486754 
120 259 10 14 0.046420153 
532 298 13 16 0.04602203 
428 347 12 18 0.045979004 
220 300 13 17 0.045314763 
810 256 8 10 0.0450976 
412 344 15 22 0.0449986 
980 319 39 54 0.044865515 
946 323 14 16 0.044405565 
205 281 15 18 0.04440178 
669 280 17 19 0.044369865 
559 278 9 11 0.044303507 
462 314 25 34 0.044286318 
471 287 12 15 0.04391115 
799 278 9 10 0.043611854 
545 255 8 9 0.043321528 
566 380 13 19 0.043126278 
614 257 8 10 0.042829115 
1 288 14 18 0.042732246 
777 254 9 11 0.0425392 
590 267 9 12 0.042458553 
441 224 10 12 0.04238165 
415 287 14 18 0.04191078 
631 458 14 22 0.04185705 
1 256 9 12 0.04168278 
636 288 10 13 0.04135947 
635 301 11 13 0.0412986 
836 371 49 57 0.04083961 
803 350 16 20 0.040793903 
873 285 9 11 0.040774245 
242 346 25 33 0.040529445 
724 341 40 48 0.039829846 
805 316 26 36 0.039785568 
316 301 12 15 0.03960733 
206 371 25 36 0.039391242 
619 267 11 13 0.039282374 
638 269 10 13 0.039170448 
140 323 30 35 0.03916584 
258 354 13 19 0.0389473 
370 359 21 29 0.03883753 
294 265 9 11 0.038802978 
598 246 7 9 0.03864132 
686 251 11 13 0.038594317 
564 377 25 38 0.03855951 
848 285 10 13 0.03848427 
669 269 16 18 0.038396608 
414 252 9 11 0.038331285 
477 256 10 13 0.03827588 
610 261 9 11 0.038237255 
834 361 19 25 0.038137157 
444 226 11 14 0.03787873 
48 255 11 14 0.037842818 
535 308 11 14 0.03771642 
76 299 20 27 0.037652116 
951 268 9 12 0.03744399 
368 323 16 22 0.03723783 
699 323 22 29 0.037211325 
838 240 9 10 0.03720158 
56 270 17 21 0.036888286 
136 255 9 10 0.03682576 
862 335 15 20 0.036821485 
930 313 13 17 0.036787026 
846 281 9 11 0.036745794 
969 270 9 11 0.03672656 
196 96 25 34 0.036543608 
126 275 14 18 0.036343403 
461 293 13 17 0.036052186 
113 282 10 12 0.036028672 
765 362 16 19 0.03591749 
200 399 31 35 0.035578825 
738 351 41 49 0.03528235 
572 277 11 12 0.035238255 
608 257 8 10 0.035206046 
982 270 8 10 0.035068832 
975 293 11 14 0.034880847 
542 261 9 11 0.034660235 
253 348 15 20 0.03449312 
249 262 9 11 0.0344565 
799 292 12 13 0.03428913 
705 260 10 12 0.034260795 
907 311 11 13 0.033936054 
308 387 44 48 0.033846375 
412 318 19 28 0.033646464 
254 272 13 17 0.033293843 
450 190 8 10 0.033279 
147 267 15 19 0.03323616 
324 307 14 17 0.03315255 
313 339 14 18 0.032676194 
61 311 22 28 0.032633737 
260 338 15 21 0.032614484 
193 267 13 19 0.032552227 
744 305 14 17 0.03245129 
920 311 19 22 0.03242801 
526 287 20 24 0.03236199 
763 338 12 17 0.03215842 
109 350 45 56 0.03163219 
218 90 44 51 0.031373184 
389 351 23 29 0.03129536 
655 260 9 12 0.031128833 
543 299 14 19 0.030946886 
404 323 16 22 0.030879905 
872 263 8 12 0.030842185 
672 385 44 62 0.030830685 
939 303 17 19 0.030742142 
1014 295 9 13 0.030547153 
759 361 28 34 0.030524008 
254 284 15 19 0.03017145 
808 350 43 52 0.030127857 
789 315 45 52 0.02998372 
820 300 23 28 0.029940603 
233 328 28 32 0.029928101 
269 298 17 21 0.0296378 
736 381 54 65 0.029593488 
849 262 8 10 0.029148646 
559 257 9 10 0.029107703 
424 340 21 28 0.029080234 
255 295 12 16 0.028971212 
777 248 8 10 0.028849391 
221 280 8 11 0.02878392 
388 282 11 15 0.028781166 
746 263 8 10 0.028678054 
429 262 10 13 0.028645823 
728 273 9 12 0.028520776 
316 380 28 35 0.028466176 
662 257 21 27 0.028433872 
819 378 17 22 0.02825726 
169 288 22 29 0.028127924 
226 307 13 17 0.027835026 
681 248 10 13 0.027700216 
197 296 26 31 0.027682466 
359 328 13 19 0.027502952 
127 270 12 15 0.02737204 
571 270 8 10 0.027302645 
717 255 8 11 0.027091425 
185 273 22 28 0.027082607 
624 294 13 14 0.026974898 
911 264 9 10 0.026933929 
364 119 10 13 0.026864605 
289 274 11 15 0.02675477 
253 348 22 34 0.026722388 
451 290 22 28 0.026556786 
102 346 36 43 0.026383959 
798 263 7 9 0.026321348 
593 360 20 23 0.026202908 
151 272 19 25 0.02610223 
426 317 20 31 0.02602005 
634 333 18 20 0.0260106 
460 408 46 62 0.025977675 
528 273 11 14 0.02579526 
920 299 13 16 0.025738059 
535 287 19 25 0.025733383 
764 399 45 71 0.025628127 
781 248 7 10 0.025567314 
46 259 21 27 0.025562968 
307 293 12 16 0.025519935 
473 312 15 19 0.025430547 
832 333 45 50 0.025198633 
920 287 18 22 0.02507435 
676 299 14 17 0.024732709 
317 307 13 17 0.024719657 
198 97 49 56 0.02466195 
580 310 14 18 0.02462868 
495 310 11 12 0.024470156 
999 446 27 52 0.024440035 
784 333 42 53 0.024431689 
302 261 11 13 0.024383271 
542 313 12 16 0.024335384 
885 299 10 12 0.024214573 
525 241 7 9 0.0241714 
429 206 8 10 0.02409201 
757 360 16 21 0.0240614 
306 307 14 20 0.024006411 
548 295 14 17 0.023948656 
943 275 9 10 0.023947263 
510 263 8 11 0.023859166 
945 299 13 17 0.023821022 
412 262 10 13 0.023819946 
325 331 14 17 0.023624478 
654 255 9 12 0.023590405 
916 270 9 11 0.023406317 
192 400 46 60 0.023291714 
588 314 15 20 0.023239974 
463 325 15 22 0.023059448 
481 279 10 13 0.022934826 
549 283 12 15 0.02291528 
932 302 12 14 0.022902459 
721 278 10 13 0.022744207 
310 263 10 12 0.022690158 
316 280 11 13 0.022661591 
704 279 12 14 0.022635538 
982 315 12 16 0.022587681 
991 262 7 9 0.022579283 
535 314 13 16 0.022546887 
164 340 23 40 0.022485401 
791 302 10 14 0.022424709 
589 257 9 10 0.022317193 
636 306 13 15 0.022313828 
693 248 9 11 0.022292003 
272 311 17 21 0.02229159 
0 403 11 19 0.02228551 
228 69 50 54 0.022173949 
128 264 21 26 0.022165934 
327 369 23 32 0.022159547 
569 263 9 11 0.022118984 
799 284 11 13 0.02208288 
512 247 8 10 0.022082299 
749 364 43 55 0.02192234 
247 256 10 12 0.021742294 
552 384 31 40 0.021679763 
725 277 18 24 0.021660052 
240 254 10 12 0.021541055 
333 331 16 21 0.021367941 
442 428 57 61 0.021331226 
632 275 10 13 0.021327903 
455 247 8 11 0.021318354 
640 240 7 9 0.021304227 
123 294 16 20 0.021226903 
868 301 10 12 0.021224508 
608 525 19 25 0.021219056 
541 276 11 14 0.021213286 
846 229 9 12 0.021197975 
625 253 9 10 0.021156294 
840 278 9 11 0.021105224 
794 261 8 10 0.021097334 
930 285 10 12 0.02108893 
258 291 22 27 0.021049809 
305 339 23 27 0.02103246 
446 274 10 14 0.020987684 
772 351 23 31 0.020909201 
719 271 9 11 0.020850796 
913 268 9 11 0.02074244 
50 280 17 22 0.020734098 
984 263 7 9 0.020696431 
607 514 13 20 0.020690793 
167 277 21 25 0.020667583 
396 401 43 64 0.02066725 
127 309 13 16 0.020609133 
864 281 9 11 0.020576334 
126 262 9 13 0.02057479 
644 308 12 15 0.02054807 
742 304 24 28 0.020539714 
736 229 9 11 0.020394383 
643 269 11 14 0.02038302 
333 343 17 19 0.020369545 
574 308 13 17 0.0202843 
35 275 15 20 0.020243842 
728 262 8 10 0.020186974 
140 262 15 18 0.020177389 
214 95 30 35 0.02016582 
621 276 11 15 0.020125529 
640 350 19 24 0.020065112 
414 351 24 31 0.020021178 
