2_Demonstration_Demonstration_Or_Protest_2_32
260
454 1061 54 70 0.99758565 
726 1099 61 76 0.99743265 
629 1064 27 36 0.997262 
524 1144 63 96 0.9962225 
238 1242 84 107 0.9939774 
516 1060 29 37 0.99376136 
334 1032 32 39 0.98571855 
304 1091 54 74 0.97835004 
895 1023 24 27 0.97257555 
169 1086 56 71 0.96791494 
865 1107 31 34 0.9653728 
530 1110 35 48 0.91853446 
426 1030 34 47 0.90452313 
936 1080 20 24 0.8886512 
986 1049 25 30 0.8444514 
575 1079 24 33 0.83924365 
285 1073 54 71 0.7908595 
48 1049 40 47 0.76825637 
703 1099 36 57 0.7307164 
370 1032 23 30 0.72215456 
824 1095 26 39 0.72096884 
491 1018 14 21 0.52086437 
551 1021 13 16 0.51874536 
926 1027 20 25 0.48654237 
293 1031 28 35 0.48541173 
750 1076 23 26 0.47920218 
980 1059 18 22 0.40485254 
631 1034 14 17 0.3698053 
970 999 20 30 0.26072723 
970 1171 14 21 0.26046392 
603 1013 12 16 0.25706276 
708 1086 28 33 0.2509621 
662 1048 12 14 0.22812489 
962 1051 14 19 0.21909942 
398 1032 26 32 0.21589793 
777 1061 16 21 0.21466671 
-3 1254 58 106 0.20558603 
547 1061 16 24 0.2049629 
912 1151 24 35 0.19936277 
940 1052 18 21 0.19860983 
117 501 243 220 0.1976812 
272 1056 36 51 0.19722132 
586 1037 15 20 0.19258639 
633 1158 17 21 0.18997023 
5 991 76 116 0.16720657 
961 1064 16 21 0.1600564 
808 1060 10 12 0.15560943 
972 1126 17 22 0.14897396 
724 1055 17 20 0.14880905 
524 1029 21 25 0.14494973 
581 1117 28 39 0.14233519 
721 1063 23 28 0.13423973 
385 1047 28 34 0.13113697 
114 1220 32 36 0.12596445 
976 1039 24 32 0.12568152 
328 928 24 30 0.12550838 
954 1146 17 19 0.11373389 
197 1038 27 33 0.112674214 
862 1028 14 16 0.112098016 
701 1093 28 41 0.11149882 
1012 987 12 21 0.10073827 
714 1074 27 34 0.09248117 
867 1032 15 19 0.09172457 
614 1039 9 11 0.0904473 
693 1044 12 15 0.08472366 
824 1058 11 14 0.08192196 
596 1122 15 22 0.079734 
13 150 27 43 0.07717113 
879 1075 25 27 0.075436 
998 1052 19 24 0.0754059 
972 1058 19 26 0.07434462 
443 1010 17 20 0.07301196 
912 1022 22 28 0.0701154 
751 1019 12 13 0.06889491 
0 149 21 41 0.06838599 
925 1020 17 22 0.06770571 
970 1112 24 31 0.06656285 
33 223 167 286 0.06399439 
928 1065 22 29 0.06273383 
936 1062 22 28 0.062412072 
629 1104 23 29 0.060388174 
317 1044 32 35 0.060178358 
568 1044 11 14 0.058614478 
1002 1162 15 20 0.058360726 
603 1047 14 20 0.055935778 
943 986 13 16 0.054538045 
585 1068 17 22 0.05452558 
810 1086 30 42 0.053780664 
40 204 42 56 0.05252338 
843 1057 12 16 0.052378252 
452 1152 53 66 0.05225243 
862 1082 15 18 0.051998295 
546 1043 15 21 0.051896203 
608 1037 10 12 0.051726848 
635 1039 15 19 0.051643454 
923 974 16 20 0.050824516 
624 1022 10 12 0.050649215 
765 1054 10 13 0.049703646 
646 1044 13 16 0.049233582 
630 1061 16 23 0.048670407 
315 1050 53 60 0.04816763 
768 1032 8 10 0.04794691 
877 1102 29 35 0.045274794 
756 1030 10 12 0.045089427 
588 1122 16 22 0.044898424 
1006 1016 16 19 0.0446084 
945 1186 16 19 0.044273768 
249 1066 43 59 0.043663733 
693 1111 29 41 0.043576736 
613 1043 13 18 0.04309318 
656 1044 19 23 0.04302396 
381 848 9 10 0.04141401 
971 1046 17 22 0.04117184 
965 1067 20 28 0.04005812 
500 979 29 39 0.03957965 
432 1017 27 38 0.039438725 
226 1068 41 57 0.038813263 
974 1038 16 20 0.038389724 
280 1041 50 62 0.037201565 
0 645 38 62 0.037162736 
929 1107 16 23 0.037087012 
975 988 14 20 0.036797766 
575 1028 13 15 0.036593508 
738 1070 26 29 0.0364635 
238 577 123 141 0.03605174 
616 1002 10 13 0.035709728 
645 1049 16 20 0.03569986 
946 1057 22 28 0.034738686 
557 1105 42 51 0.034399513 
790 1130 43 57 0.034340527 
978 1099 24 29 0.03432494 
283 1037 29 37 0.033639655 
868 1085 31 36 0.033606086 
693 944 13 17 0.03327004 
22 198 40 47 0.033100665 
255 1135 40 59 0.03268251 
195 1080 50 68 0.03267743 
605 1008 12 15 0.03243583 
268 1147 43 56 0.032346692 
541 1102 32 40 0.03229887 
897 1149 28 35 0.032008905 
154 1071 52 70 0.031973142 
765 1054 23 25 0.031544056 
533 1033 19 26 0.03124445 
965 1003 17 23 0.030904992 
729 825 9 12 0.0308752 
837 1091 14 22 0.03081245 
953 1075 22 27 0.03073832 
828 1052 12 16 0.030595519 
572 1037 20 26 0.03028372 
860 1037 15 20 0.030152682 
350 1036 38 48 0.030088006 
1011 1077 13 19 0.030032268 
580 1028 14 18 0.029954102 
522 1101 27 39 0.02993149 
651 970 13 17 0.029835278 
864 1080 24 27 0.029644273 
135 431 385 358 0.028981235 
336 932 15 17 0.028687831 
511 1110 45 62 0.028650146 
572 1050 11 15 0.028624324 
176 1037 10 14 0.028578827 
417 1023 29 44 0.028468292 
607 1118 21 32 0.02841886 
830 1047 11 13 0.028338302 
508 1094 25 35 0.028244257 
979 1121 22 30 0.028157365 
603 1123 14 22 0.028117916 
800 1038 9 12 0.028044442 
775 1044 14 15 0.02777213 
490 1002 26 35 0.027720762 
580 1023 12 14 0.027586512 
533 1061 25 33 0.027582336 
772 1069 17 20 0.027464028 
625 1028 10 14 0.027268885 
918 1068 23 28 0.02724932 
616 1129 39 51 0.02724082 
982 1160 27 32 0.027235439 
61 391 191 278 0.027231883 
753 1037 9 12 0.027164895 
724 1088 30 36 0.02707258 
574 1036 11 15 0.027038686 
915 1140 16 24 0.027007315 
623 1036 11 16 0.02675346 
999 1157 13 18 0.026674176 
700 979 11 13 0.026590515 
670 831 12 14 0.026544055 
302 1044 33 39 0.026493218 
575 1077 15 20 0.026339214 
531 1022 15 18 0.026220858 
742 1053 10 14 0.025901366 
619 1043 13 18 0.025556602 
122 1183 17 20 0.025525048 
620 1132 12 16 0.025291396 
665 1050 14 17 0.025220584 
775 1053 12 15 0.025154462 
819 1053 21 25 0.024945218 
560 1086 30 38 0.024931751 
533 1012 11 13 0.024883 
852 933 12 16 0.024844062 
622 1106 15 19 0.024671594 
107 551 147 258 0.024582347 
623 1140 11 14 0.024513805 
418 985 18 20 0.024225233 
741 1030 9 13 0.024223845 
962 1157 20 29 0.024062566 
388 1042 18 23 0.024008315 
954 1150 22 30 0.023946756 
611 977 15 19 0.02381896 
735 1031 9 12 0.0238032 
916 738 25 27 0.023543775 
733 1045 12 15 0.023500696 
746 1074 51 65 0.023365192 
812 1065 11 14 0.0233073 
63 1112 33 35 0.02330284 
616 1113 24 33 0.023277067 
891 1102 25 30 0.023240773 
955 1133 25 27 0.023225227 
668 979 9 14 0.023121249 
758 1036 9 11 0.022980904 
725 1047 13 16 0.02294461 
721 1051 14 18 0.022844302 
27 187 29 34 0.022759102 
760 1058 12 14 0.022698538 
755 1072 15 17 0.022689732 
679 1029 9 12 0.022296691 
800 1054 12 14 0.022285208 
888 1026 14 19 0.022242248 
823 1047 10 12 0.022196064 
361 851 12 15 0.022102004 
668 974 9 13 0.02207952 
1007 1105 15 20 0.021813523 
815 1045 10 12 0.021672506 
807 1056 19 24 0.021671658 
236 1075 23 37 0.021517782 
646 1052 24 32 0.02149333 
331 1094 56 73 0.021459207 
536 1024 18 23 0.021287173 
318 1053 15 20 0.02127192 
995 1036 15 19 0.020980231 
621 1162 15 18 0.020934217 
981 1091 18 20 0.020890644 
870 1037 22 28 0.020872792 
4 140 30 40 0.020748813 
874 1028 14 18 0.02072155 
834 1049 19 25 0.020633766 
798 960 10 12 0.020558126 
377 1045 18 23 0.020508451 
933 1056 17 21 0.020495875 
657 1103 17 22 0.02049112 
892 965 11 13 0.020377826 
851 1106 27 34 0.02036648 
67 1117 18 19 0.020352362 
135 1070 47 64 0.020344952 
381 852 11 13 0.020287164 
628 1116 18 22 0.020252742 
117 1184 27 34 0.020165568 
-2 1006 49 86 0.020086356 
930 1017 22 28 0.020071967 
201 1034 20 21 0.020031866 
