2_Demonstration_Demonstration_Or_Protest_2_242
47
167 521 63 89 0.9597228 
19 488 27 34 0.9531744 
262 508 30 38 0.80458945 
808 343 51 83 0.7919951 
779 307 14 20 0.3001277 
277 502 29 37 0.23452553 
467 74 13 15 0.22414295 
270 503 100 115 0.15610339 
196 509 91 123 0.15170194 
223 470 22 29 0.11456539 
260 594 35 39 0.11128134 
763 452 14 18 0.1002201 
423 552 27 42 0.08968608 
748 429 10 13 0.07820733 
260 514 19 22 0.05625704 
19 174 9 12 0.055405956 
0 556 20 37 0.05513814 
487 69 14 16 0.053767618 
463 81 11 14 0.04595143 
755 457 22 28 0.045911603 
213 469 16 19 0.04483517 
289 504 19 23 0.04168817 
8 182 8 11 0.03927924 
1 500 9 14 0.03885033 
60 465 14 21 0.03785044 
836 253 11 16 0.035274263 
791 172 14 19 0.03521963 
796 452 15 20 0.034642484 
765 368 17 22 0.034254503 
302 536 94 111 0.03267412 
281 517 19 25 0.032591037 
276 500 55 66 0.030109653 
866 372 112 153 0.029986145 
10 197 8 11 0.029170945 
15 506 12 17 0.028037524 
891 341 56 77 0.028032351 
390 319 12 14 0.026884776 
984 432 23 34 0.026679786 
251 514 31 37 0.026153682 
834 338 88 111 0.024622237 
4 493 11 18 0.02325103 
488 63 12 15 0.022221547 
9 191 8 11 0.022083487 
476 73 14 16 0.021852097 
0 542 24 37 0.02044105 
100 631 25 27 0.020388564 
0 608 25 42 0.020258889 
