2_Demonstration_Demonstrators_2_378
293
102 453 64 84 0.99941707 
200 402 59 67 0.99937314 
217 498 70 78 0.998684 
483 209 30 38 0.9984353 
647 262 37 43 0.9983985 
810 489 58 68 0.99833703 
191 190 26 33 0.99832314 
398 238 33 39 0.99813026 
154 265 40 47 0.9972312 
100 208 32 35 0.99663985 
535 257 34 43 0.9964372 
571 239 28 32 0.99599636 
940 397 60 68 0.9959759 
330 220 26 35 0.9956157 
155 205 31 35 0.99560463 
415 193 32 35 0.9948561 
261 355 59 64 0.9940006 
307 276 38 42 0.9939387 
673 330 49 57 0.9937509 
596 420 47 52 0.99290353 
644 438 51 59 0.9921423 
609 329 46 59 0.9921245 
604 273 29 32 0.99178326 
208 136 23 27 0.9899913 
496 520 72 65 0.98997974 
105 138 23 27 0.98942965 
360 224 32 37 0.9891936 
947 227 26 32 0.98402447 
508 359 41 53 0.9827266 
432 306 39 48 0.9820514 
159 169 23 28 0.9798384 
869 338 29 31 0.9785831 
219 243 38 46 0.9784184 
551 374 39 51 0.97828454 
503 299 44 49 0.9758252 
735 283 31 40 0.9754048 
325 463 48 59 0.97499985 
710 406 40 46 0.9732896 
13 206 38 37 0.97244036 
765 318 38 40 0.9698732 
371 288 38 47 0.96666795 
961 152 17 26 0.9609698 
91 249 36 40 0.9552611 
346 194 22 26 0.95292693 
90 300 43 47 0.949187 
750 419 49 57 0.92643875 
137 302 28 43 0.9231679 
265 225 35 42 0.9225791 
433 462 63 71 0.92114717 
311 170 21 26 0.9159786 
-1 305 29 61 0.9109461 
892 208 19 26 0.90925366 
905 360 31 35 0.8865814 
497 421 47 59 0.8807373 
146 201 28 34 0.86513716 
927 172 21 25 0.8389294 
750 366 50 55 0.8197566 
898 407 39 52 0.7377906 
927 213 24 28 0.69612586 
652 500 54 58 0.6397425 
699 493 48 56 0.63864934 
182 376 41 52 0.6043771 
294 197 21 26 0.58603877 
1011 134 13 22 0.58449435 
847 392 41 49 0.56151795 
524 367 44 52 0.55169386 
389 332 39 49 0.550171 
137 197 22 30 0.47064054 
842 280 16 20 0.4626846 
283 286 28 36 0.44181398 
43 184 28 36 0.3797375 
618 242 25 29 0.3619463 
737 294 44 48 0.3318132 
835 403 33 41 0.31724963 
284 220 28 40 0.31611127 
150 233 30 35 0.30940878 
569 474 38 48 0.30483148 
921 104 10 13 0.29326606 
1003 218 19 23 0.28800428 
258 423 32 50 0.2879883 
932 264 17 21 0.2782535 
947 340 17 21 0.25599515 
687 3 29 25 0.24535188 
275 431 35 50 0.24041338 
558 317 24 33 0.22148493 
941 115 13 16 0.21360725 
905 141 22 31 0.19699013 
910 138 16 21 0.19150761 
777 385 42 49 0.18716949 
159 190 28 37 0.17874807 
218 174 18 23 0.16003503 
606 257 29 36 0.15177117 
718 419 46 53 0.14625002 
737 270 35 37 0.14166753 
864 453 40 55 0.13744271 
233 209 21 27 0.13322215 
485 333 15 20 0.12552316 
755 334 49 55 0.11806288 
11 222 29 36 0.117643446 
294 279 34 41 0.11735325 
642 292 39 45 0.11654749 
755 305 35 40 0.1127737 
341 408 28 37 0.108512096 
920 366 18 23 0.107043 
728 439 48 53 0.098447256 
9 270 33 51 0.09760743 
227 410 48 61 0.096670434 
931 304 17 19 0.09122882 
543 233 23 28 0.090632446 
348 406 18 24 0.08467766 
914 134 13 16 0.08378627 
140 154 22 27 0.08056332 
337 211 26 35 0.07780784 
649 363 25 31 0.07656125 
637 274 40 48 0.07503662 
1002 226 22 29 0.07503339 
516 233 16 21 0.07445275 
277 277 29 33 0.07338093 
646 476 52 62 0.07289827 
734 460 37 50 0.07195191 
377 315 43 52 0.07109495 
562 307 35 45 0.07095341 
940 346 25 31 0.07083901 
868 408 40 51 0.06471352 
583 243 18 22 0.06426062 
1005 241 16 20 0.06333069 
996 83 13 16 0.06289328 
707 465 51 59 0.062874146 
333 198 25 30 0.06279395 
917 176 16 21 0.062434178 
475 451 51 60 0.062286157 
999 200 20 26 0.06059825 
740 259 27 29 0.060596265 
824 278 21 28 0.060496356 
6 136 29 37 0.05955796 
0 395 28 39 0.058678262 
522 269 43 52 0.058293704 
634 250 13 17 0.058193214 
401 321 44 54 0.056174424 
290 424 38 55 0.052804243 
228 197 21 32 0.051958658 
307 418 40 53 0.051192917 
293 234 29 38 0.051126465 
496 445 34 43 0.050982907 
31 282 29 43 0.050944205 
990 93 13 16 0.048858825 
676 6 30 29 0.048373923 
122 166 16 21 0.04665069 
701 1 21 20 0.046607018 
1004 554 20 25 0.04643518 
901 152 15 21 0.04633864 
879 444 32 49 0.045888107 
178 185 26 35 0.045508962 
583 287 39 47 0.045438603 
379 255 45 56 0.0452528 
867 319 29 36 0.045244113 
296 223 18 26 0.044949595 
283 204 26 36 0.044886895 
221 182 20 28 0.044270076 
605 282 47 55 0.043846227 
299 189 15 19 0.043456074 
793 2 27 27 0.042906824 
102 234 31 38 0.042830728 
918 96 19 25 0.042821005 
207 181 23 30 0.04247429 
551 485 49 54 0.042385202 
664 73 35 35 0.04222983 
601 304 34 38 0.042196132 
884 321 14 16 0.04179331 
0 201 23 33 0.041084584 
235 238 39 46 0.040348317 
316 403 41 54 0.040132597 
906 355 21 26 0.039859995 
130 157 21 27 0.039361056 
868 247 11 14 0.03925845 
195 358 41 50 0.039185777 
948 110 12 16 0.03856273 
-1 207 12 21 0.038342852 
422 293 31 39 0.037561595 
991 116 14 18 0.03717313 
892 388 40 53 0.036772985 
243 146 16 20 0.03648463 
692 416 51 58 0.036309473 
922 355 17 23 0.036268093 
886 402 30 45 0.036185157 
156 221 30 37 0.035962246 
736 506 43 57 0.035781737 
512 410 46 59 0.035675835 
336 390 30 37 0.03562874 
906 377 36 48 0.03552975 
669 481 59 68 0.035383575 
670 418 50 59 0.03527689 
999 196 15 19 0.034652207 
324 211 26 34 0.034628298 
240 186 22 28 0.03424299 
868 352 28 36 0.033369925 
274 294 32 41 0.033090107 
914 151 15 19 0.032489114 
168 183 17 24 0.032278907 
2 283 33 63 0.032152425 
502 445 48 61 0.03191304 
899 159 22 29 0.031731248 
390 470 44 56 0.03147817 
410 469 52 63 0.030967487 
92 430 57 82 0.0308787 
405 257 31 39 0.03062116 
615 246 14 16 0.030268325 
925 351 25 31 0.029366944 
913 103 10 11 0.029220179 
461 206 24 31 0.028951567 
266 219 20 24 0.028950682 
526 311 34 42 0.028916972 
1013 182 11 15 0.028810488 
907 125 21 29 0.028520996 
950 102 10 12 0.028239923 
793 375 29 40 0.027963938 
956 341 25 28 0.02781533 
298 297 36 42 0.027742468 
935 109 13 16 0.027686909 
225 171 15 20 0.027620314 
357 204 25 32 0.027606662 
918 116 12 15 0.027402168 
56 189 18 26 0.027232656 
280 236 20 26 0.027187247 
983 205 21 28 0.027176108 
115 153 22 29 0.027050717 
565 404 28 40 0.027005842 
901 168 12 17 0.027000908 
921 180 26 29 0.026971633 
912 27 25 34 0.026754513 
392 351 41 59 0.026752938 
148 318 28 39 0.026584307 
19 123 15 19 0.026503617 
563 244 26 35 0.026411844 
829 470 55 71 0.026171217 
483 336 24 31 0.026066301 
44 274 14 19 0.025930354 
699 411 33 40 0.025881767 
773 371 35 41 0.025839098 
266 231 21 25 0.025597509 
463 500 63 67 0.02532053 
1004 191 22 29 0.025073336 
894 319 12 14 0.024963487 
146 180 26 32 0.024920002 
754 521 32 37 0.024679536 
930 229 18 22 0.024615448 
285 202 16 20 0.024481898 
893 479 33 44 0.02445408 
302 175 17 22 0.024330148 
987 217 15 20 0.024215924 
7 233 15 20 0.024145057 
263 270 31 37 0.024103751 
951 155 16 20 0.024085447 
500 220 25 32 0.023958657 
886 344 41 46 0.023827452 
251 155 16 19 0.023799412 
913 108 10 12 0.023629991 
487 317 24 34 0.023484556 
886 456 36 55 0.023384793 
856 428 47 58 0.023301901 
935 222 19 25 0.02319326 
894 142 25 33 0.023045616 
936 120 14 17 0.02285726 
340 224 29 38 0.022637997 
605 312 41 52 0.022572204 
39 206 26 36 0.022497145 
992 77 13 17 0.022360127 
1000 138 14 19 0.022343924 
551 334 42 55 0.022240216 
338 412 21 24 0.022190766 
753 392 42 58 0.022185821 
909 75 13 18 0.022102516 
17 137 17 22 0.022063632 
23 186 41 50 0.022035653 
904 134 12 15 0.022028988 
951 350 18 21 0.02194767 
910 180 16 22 0.021655504 
865 381 30 39 0.021553744 
37 268 26 35 0.021550782 
582 405 45 58 0.021160824 
925 95 23 26 0.02104935 
232 187 20 29 0.020906439 
660 309 47 58 0.020565994 
735 361 79 92 0.020450631 
873 390 31 43 0.020441009 
14 120 24 33 0.020409862 
629 20 14 18 0.020353336 
985 98 12 15 0.020323725 
973 130 13 17 0.02025437 
269 325 52 60 0.020254016 
913 34 16 21 0.020246502 
1010 204 14 18 0.020237504 
325 202 16 20 0.020205108 
