2_Demonstration_Protesters_2_362
81
237 359 60 97 0.9970072 
810 403 74 78 0.9958625 
418 493 13 18 0.63527423 
452 506 14 17 0.5585497 
866 532 26 32 0.55252975 
880 521 25 34 0.50408983 
383 520 14 18 0.35618278 
399 495 12 15 0.33229914 
313 331 18 21 0.23090415 
701 531 9 13 0.18898666 
361 494 10 12 0.13842812 
868 524 42 50 0.11910532 
856 538 32 39 0.11207954 
146 465 23 38 0.09841261 
678 511 15 20 0.09484019 
696 505 9 10 0.08586455 
655 517 8 11 0.07756438 
463 548 9 13 0.07426569 
344 15 9 11 0.07232667 
1012 420 12 19 0.07179729 
698 527 9 13 0.06916305 
440 505 13 17 0.062245253 
460 557 14 21 0.056689117 
887 624 66 54 0.046993453 
645 493 9 12 0.046940412 
391 547 14 17 0.046082113 
459 512 12 16 0.045421835 
726 510 9 11 0.04304354 
529 44 11 14 0.041871082 
704 559 23 32 0.04119178 
429 499 12 16 0.040275563 
727 503 10 11 0.037084587 
701 504 8 10 0.035878368 
502 552 9 12 0.035230175 
445 509 16 18 0.03510511 
398 469 12 15 0.034339473 
344 9 10 11 0.033931084 
300 527 58 85 0.033034623 
882 515 43 51 0.032809798 
373 514 14 20 0.031189775 
1014 440 9 15 0.029329576 
978 475 11 13 0.029020792 
899 482 15 19 0.029003551 
327 524 45 64 0.02851698 
386 526 17 20 0.028467441 
416 555 12 16 0.02799794 
578 126 465 496 0.027968023 
50 309 53 73 0.027946407 
937 455 25 32 0.027503286 
1008 474 11 15 0.02687915 
861 1 16 12 0.026616236 
455 559 13 19 0.02653289 
998 501 11 11 0.026344098 
448 477 10 14 0.026279485 
990 501 11 13 0.02615212 
930 510 13 16 0.025635809 
811 412 44 51 0.025221797 
975 500 10 13 0.025141433 
406 15 70 76 0.024755593 
554 485 12 14 0.024723284 
1012 469 9 15 0.02460581 
844 547 35 43 0.024399992 
700 533 13 20 0.023785211 
713 562 14 21 0.02369716 
393 498 13 16 0.023660615 
320 512 93 105 0.023658998 
816 35 13 16 0.022787308 
690 547 15 19 0.02276063 
892 504 31 36 0.022651875 
394 541 14 16 0.022406766 
87 443 33 30 0.022135945 
468 370 11 15 0.021915626 
923 505 22 27 0.021555105 
735 495 9 11 0.021296037 
733 508 11 14 0.021120254 
364 495 12 16 0.0210313 
733 501 10 12 0.02069081 
687 540 11 15 0.020615866 
106 453 15 16 0.020199936 
400 488 17 23 0.020197747 
687 510 19 26 0.02001707 
