2_Demonstration_Protesters_2_221
364
708 372 47 87 0.99922097 
515 203 60 82 0.99917704 
7 201 44 81 0.99819946 
282 327 53 85 0.99802303 
573 143 53 69 0.99789184 
228 520 86 60 0.9965767 
386 55 36 47 0.99606377 
206 120 54 64 0.99395317 
692 95 34 50 0.99307066 
408 130 40 58 0.98267835 
831 124 32 53 0.98207515 
14 16 28 38 0.98158777 
924 183 37 59 0.98127156 
118 13 26 36 0.9750371 
740 182 49 69 0.97239697 
310 14 32 39 0.9713939 
911 109 36 51 0.9705048 
898 303 72 89 0.96214706 
715 6 29 28 0.9573525 
346 110 31 45 0.95695955 
959 72 28 35 0.95671564 
463 85 36 51 0.95509315 
858 172 39 51 0.95131844 
412 287 46 81 0.9512171 
724 56 34 39 0.9483237 
988 154 39 58 0.94531906 
234 76 39 50 0.9329827 
655 93 23 34 0.9291482 
86 174 36 67 0.917087 
175 13 20 27 0.90882474 
442 65 32 39 0.90853655 
116 95 40 53 0.8846532 
673 57 33 41 0.8771281 
134 59 40 42 0.85552603 
746 144 34 52 0.84813166 
545 73 27 39 0.8317314 
291 126 40 53 0.79965585 
894 44 26 38 0.7736199 
42 3 26 28 0.7404938 
414 255 51 72 0.7217703 
-2 115 23 47 0.7012593 
427 29 29 38 0.66776055 
159 137 24 34 0.6622229 
775 329 66 76 0.645666 
741 57 26 35 0.6298003 
507 44 26 31 0.603771 
129 243 58 59 0.59959006 
402 215 43 67 0.57627636 
312 1 31 33 0.56332904 
994 2 23 23 0.55507916 
593 1 20 19 0.46636128 
194 124 39 55 0.452702 
721 212 30 44 0.42764986 
189 398 70 81 0.42704555 
238 7 28 32 0.41777417 
247 0 26 26 0.41339114 
448 2 32 27 0.37596 
484 134 34 48 0.37296453 
179 134 37 50 0.33044216 
470 137 30 45 0.32011822 
630 228 41 52 0.2810169 
0 86 23 59 0.27767068 
76 341 41 64 0.26524547 
25 331 33 53 0.26038647 
753 134 28 38 0.24097486 
921 -1 20 20 0.24038245 
382 189 32 51 0.23973309 
530 0 17 20 0.22191943 
71 312 46 60 0.22113352 
4 7 29 38 0.22050327 
331 118 36 52 0.20633884 
900 32 30 41 0.20451519 
678 239 35 42 0.2015549 
450 76 35 44 0.2002388 
32 11 29 32 0.20009902 
315 78 26 38 0.19836439 
741 112 26 41 0.19753554 
724 201 48 62 0.1893964 
223 65 28 48 0.18446422 
815 92 24 26 0.16284584 
99 429 57 82 0.16281381 
249 123 45 58 0.15321508 
225 259 51 68 0.14878565 
435 16 33 35 0.14327218 
554 44 24 34 0.14109027 
553 56 29 40 0.14031506 
845 6 22 29 0.1391467 
1 7 15 21 0.12955938 
233 12 19 26 0.12820183 
163 135 36 48 0.12791423 
184 113 27 37 0.122503966 
510 86 24 28 0.12235305 
513 22 25 34 0.12015222 
466 71 30 37 0.119475566 
0 106 42 63 0.11921003 
224 100 57 71 0.11594979 
524 5 22 26 0.11552535 
630 171 30 46 0.11470705 
875 180 43 56 0.11408539 
628 0 20 15 0.11405331 
598 2 28 27 0.11306123 
672 73 33 46 0.11015199 
979 75 27 35 0.10870555 
870 211 44 57 0.10304248 
251 316 70 101 0.09819243 
844 76 24 28 0.09713361 
98 249 59 66 0.09683031 
523 433 50 62 0.09498362 
123 3 18 23 0.09404359 
729 108 27 41 0.09352288 
665 91 36 48 0.09325384 
905 0 16 14 0.0926644 
673 6 19 24 0.09208651 
701 0 31 29 0.09203924 
679 268 47 66 0.091111735 
598 80 30 37 0.089715466 
202 212 43 58 0.086375885 
438 44 32 40 0.0858134 
571 14 25 29 0.0852612 
779 0 17 18 0.08522328 
856 72 25 31 0.084111 
131 -3 28 30 0.08393574 
410 13 25 31 0.08333568 
305 250 32 46 0.08058966 
901 0 26 25 0.07835394 
376 11 30 32 0.077905215 
557 40 18 22 0.07620037 
-3 356 27 49 0.07583341 
138 116 42 54 0.074736044 
185 10 17 22 0.07471788 
57 3 19 20 0.07433871 
379 202 43 65 0.07336718 
689 3 31 30 0.0732367 
295 33 31 38 0.07301677 
143 68 42 53 0.071738966 
234 128 38 52 0.06975566 
577 60 28 37 0.06934789 
984 42 22 28 0.066963844 
841 138 41 59 0.06552995 
735 157 25 39 0.06548536 
730 3 27 26 0.06388081 
976 1 27 25 0.062217798 
16 345 36 62 0.061369386 
235 143 51 59 0.06047846 
500 462 103 118 0.060202204 
173 122 31 43 0.0590942 
53 324 42 65 0.058805373 
682 65 41 52 0.05731721 
235 24 28 33 0.056562446 
1 283 27 38 0.05626622 
84 149 54 70 0.055382553 
522 16 18 22 0.055363737 
397 241 30 49 0.05503783 
481 -1 16 18 0.05428456 
247 16 29 35 0.05426498 
454 0 23 17 0.0540854 
300 166 26 35 0.053133894 
276 147 45 53 0.05119169 
984 272 42 61 0.05109494 
65 165 44 70 0.050279025 
963 66 41 52 0.05019456 
193 8 17 20 0.04982197 
426 70 29 36 0.04818821 
895 319 36 55 0.047652703 
857 11 14 19 0.047386363 
715 67 33 38 0.047329243 
383 3 42 42 0.04587363 
211 63 28 42 0.04569881 
22 0 13 12 0.0453499 
10 3 14 16 0.04513145 
537 7 17 24 0.045125492 
220 -2 23 22 0.044710074 
143 -4 28 29 0.044428255 
476 111 39 54 0.04440348 
745 2 24 24 0.044278592 
457 63 31 36 0.04420589 
178 97 32 40 0.043852184 
958 -3 51 42 0.04318459 
309 395 57 64 0.042990565 
642 141 26 40 0.04293757 
467 0 24 23 0.04280409 
409 16 41 47 0.04232263 
859 190 46 60 0.04226873 
532 111 25 39 0.041940007 
499 42 18 21 0.041611847 
33 30 27 35 0.040683497 
693 225 40 54 0.040598553 
155 253 40 55 0.04031488 
281 233 52 68 0.040225387 
382 10 18 21 0.03997186 
240 275 76 105 0.0399285 
159 60 28 36 0.039708707 
893 51 17 25 0.039494663 
158 120 29 38 0.039478343 
990 64 24 34 0.03927593 
753 50 16 22 0.039003104 
859 0 12 11 0.038954232 
681 296 51 70 0.03877798 
992 46 24 31 0.038305815 
180 6 15 19 0.03816196 
944 74 40 51 0.038001165 
259 2 24 22 0.037905086 
484 24 24 30 0.037679132 
501 428 84 104 0.037632894 
992 78 15 23 0.03745205 
517 56 25 34 0.037281215 
746 153 53 73 0.03717235 
583 17 17 24 0.037127614 
534 75 24 33 0.03642905 
366 23 28 34 0.03589293 
685 252 36 43 0.035837922 
365 6 27 30 0.035578687 
757 18 23 30 0.035345048 
977 0 16 13 0.035319585 
0 32 13 23 0.03525381 
906 276 58 71 0.0350685 
160 318 32 38 0.034783468 
309 141 35 44 0.034596458 
260 205 33 43 0.034399293 
946 138 30 38 0.034271482 
418 42 28 38 0.03421821 
248 240 54 69 0.033961195 
215 200 45 61 0.03389356 
100 31 23 28 0.033606406 
521 41 16 23 0.033433966 
587 6 16 23 0.033374432 
629 132 27 38 0.032814287 
201 199 33 46 0.032597426 
169 88 29 40 0.032280337 
597 94 19 24 0.031979352 
584 119 49 60 0.0312854 
423 55 28 39 0.031191176 
35 5 43 52 0.030950336 
587 67 29 38 0.03048931 
685 37 42 47 0.030483602 
12 11 49 57 0.030133365 
537 89 36 50 0.029900502 
560 3 30 32 0.029883405 
66 2 14 16 0.029653532 
615 0 28 23 0.029650396 
256 152 46 51 0.029493423 
49 24 17 21 0.029448114 
348 -1 18 14 0.029434448 
547 66 19 26 0.029433412 
1003 58 21 33 0.029424997 
783 377 34 66 0.029383695 
640 159 32 46 0.029267924 
298 73 31 42 0.029094946 
143 280 54 53 0.029001987 
658 83 17 21 0.028944395 
474 63 26 32 0.028504048 
236 5 17 20 0.027951343 
56 7 26 33 0.02786471 
546 116 29 38 0.027707383 
315 0 19 19 0.027569696 
554 68 38 50 0.02737179 
218 414 59 68 0.027346479 
810 0 16 18 0.027062757 
227 180 46 61 0.027044272 
446 36 30 33 0.027039895 
757 129 20 27 0.02702285 
444 1 20 19 0.02683647 
481 44 25 35 0.026749672 
-1 15 12 20 0.02658126 
655 228 43 56 0.026561057 
734 20 28 31 0.026376273 
1002 3 26 35 0.026168423 
56 297 75 97 0.02610139 
602 2 18 16 0.026070934 
648 253 20 27 0.02605461 
562 29 27 31 0.026005367 
167 149 39 56 0.025975846 
477 68 42 52 0.025965037 
520 101 26 35 0.025961457 
442 9 20 20 0.025734052 
700 11 30 35 0.025438892 
129 74 36 44 0.025292931 
402 266 33 50 0.025233194 
659 -2 23 24 0.02506877 
171 62 29 38 0.024904888 
327 439 79 117 0.024827365 
275 0 19 19 0.02481016 
646 100 27 37 0.024637815 
247 181 50 62 0.02408699 
455 141 33 46 0.024066808 
498 124 29 46 0.024031822 
584 95 29 34 0.024005147 
770 17 19 26 0.02400159 
602 13 20 24 0.023922443 
870 0 12 11 0.02391095 
503 61 31 41 0.023888897 
600 542 29 32 0.023832217 
304 41 32 42 0.023813896 
366 1 14 14 0.023672407 
175 72 34 42 0.023624523 
159 295 49 55 0.02350446 
40 125 30 40 0.023481533 
42 38 28 35 0.023425749 
398 192 34 49 0.023413565 
11 66 44 60 0.02339555 
572 10 19 20 0.023324115 
749 18 17 21 0.023280885 
856 146 47 61 0.023205914 
502 49 19 22 0.023167728 
371 31 33 41 0.023113875 
545 11 16 19 0.023100473 
496 91 41 51 0.022955135 
863 71 15 18 0.022923212 
341 153 30 35 0.022919849 
561 71 17 27 0.02289029 
610 222 45 59 0.022853209 
841 83 14 17 0.022847272 
100 191 37 52 0.02278733 
371 133 31 38 0.022712985 
49 27 30 37 0.022708828 
449 59 20 24 0.022588907 
1007 0 17 22 0.022472508 
609 25 26 32 0.0222858 
231 173 35 41 0.022223776 
680 3 22 22 0.022190891 
809 76 17 20 0.022175768 
25 412 35 48 0.02217371 
550 0 12 12 0.02211333 
3 225 29 61 0.022086747 
230 28 44 52 0.022084223 
707 214 29 40 0.022043938 
872 19 42 52 0.022042664 
289 103 46 56 0.02189517 
729 318 85 95 0.021755036 
395 0 19 19 0.021734526 
361 180 42 60 0.021599859 
649 140 38 51 0.02159561 
184 19 25 27 0.021469384 
984 -8 41 44 0.02139528 
876 0 14 13 0.02129113 
83 361 52 69 0.021244109 
16 479 56 91 0.021204468 
258 217 53 68 0.021130987 
353 0 23 22 0.02111024 
146 200 34 46 0.02104458 
161 229 58 67 0.021041464 
281 3 25 28 0.021008888 
554 0 18 19 0.020958636 
681 87 19 26 0.020888507 
726 37 30 37 0.02087493 
346 106 22 27 0.020839352 
935 1 30 30 0.020817345 
349 336 50 68 0.020716732 
788 48 24 29 0.020702483 
98 102 46 58 0.020685121 
203 356 58 74 0.020602135 
865 316 106 125 0.020560335 
987 37 17 21 0.020531114 
783 198 40 54 0.020527339 
838 117 15 24 0.020494163 
105 310 55 58 0.020471461 
304 419 59 71 0.020454057 
563 1 19 19 0.020384267 
752 67 16 23 0.020360209 
781 0 26 30 0.020319518 
204 317 54 73 0.020232758 
771 229 31 39 0.02016974 
810 81 24 28 0.020168114 
812 217 38 53 0.020162929 
