2_Demonstration_Protesters_2_54
257
21 211 22 27 0.99020326 
418 101 16 22 0.9872191 
333 66 16 18 0.9861649 
521 68 16 21 0.9846811 
314 144 17 20 0.9791975 
296 86 13 18 0.9621332 
172 162 17 22 0.959056 
150 208 21 24 0.93999845 
16 162 20 23 0.9269838 
808 106 17 20 0.92217577 
392 74 14 19 0.9113548 
679 126 17 21 0.9103566 
601 143 16 19 0.90710896 
440 135 16 22 0.8497278 
526 139 17 20 0.84964424 
548 58 15 17 0.8161009 
227 166 18 20 0.7916063 
873 139 13 18 0.78199625 
411 269 22 27 0.70393175 
364 78 13 16 0.6182543 
86 59 9 12 0.61657864 
279 54 9 11 0.5280215 
687 163 16 18 0.48299944 
73 99 12 15 0.46593437 
173 51 8 11 0.46038893 
328 108 12 15 0.34260914 
781 142 10 13 0.24099448 
103 86 10 12 0.22687314 
457 164 18 21 0.21734504 
207 105 14 18 0.21171215 
405 271 18 21 0.20679097 
372 149 11 14 0.19146755 
948 53 11 15 0.18920854 
348 106 11 14 0.16341938 
146 55 9 11 0.15626235 
347 226 23 30 0.15468574 
823 139 12 17 0.14736287 
524 146 20 25 0.1469739 
278 77 12 15 0.13767987 
632 182 11 16 0.13130555 
145 60 9 10 0.10568797 
590 106 12 15 0.10470055 
94 78 11 14 0.10324474 
144 168 17 21 0.102736466 
48 73 11 15 0.09939357 
250 143 17 20 0.09927709 
132 124 11 14 0.08997157 
429 224 14 18 0.08901244 
646 138 13 17 0.088868424 
459 316 17 20 0.08626956 
432 141 21 26 0.08191983 
159 65 8 9 0.079598375 
2 395 10 17 0.07913703 
620 163 15 19 0.068904705 
327 30 10 11 0.06870615 
287 29 9 11 0.06677469 
269 189 12 15 0.06651915 
312 30 10 11 0.06644787 
264 28 11 13 0.06512526 
784 137 9 12 0.06459025 
426 267 14 19 0.06394669 
107 87 11 13 0.06382026 
15 293 12 14 0.061166853 
279 28 10 11 0.06111994 
818 99 16 21 0.05904621 
80 83 12 14 0.058291215 
671 14 13 17 0.058142114 
798 117 12 16 0.057147708 
300 61 10 11 0.05702656 
100 79 10 14 0.056279875 
418 259 18 24 0.05626994 
502 111 12 15 0.05552203 
32 133 11 15 0.05474503 
221 156 17 22 0.05464131 
712 184 10 12 0.05270213 
540 141 12 16 0.051060993 
604 113 13 16 0.050540708 
381 56 14 17 0.050357305 
397 268 17 22 0.049814444 
828 97 15 19 0.049686916 
61 227 11 14 0.0490081 
150 61 9 10 0.048857316 
543 90 11 14 0.04795762 
331 101 14 18 0.047232114 
83 55 9 12 0.047065206 
350 44 13 14 0.047061555 
230 117 10 13 0.046921484 
301 56 9 10 0.046531558 
87 67 11 13 0.04440745 
538 120 14 17 0.043867923 
96 189 9 13 0.043799113 
59 91 13 17 0.043587036 
79 77 10 14 0.043209676 
284 258 11 14 0.043205705 
274 77 9 13 0.04318352 
317 30 10 11 0.043150786 
543 146 13 20 0.042915337 
292 30 10 11 0.042901546 
153 160 22 29 0.04259282 
262 85 10 13 0.04258413 
75 104 13 17 0.042211592 
191 125 10 13 0.041784395 
84 81 15 18 0.041609455 
403 125 22 28 0.04143274 
854 107 11 13 0.041072976 
457 302 9 12 0.040647104 
369 76 16 18 0.039960243 
269 34 12 15 0.039614435 
316 23 9 11 0.03957087 
206 95 10 13 0.0394857 
273 61 9 12 0.039075267 
1001 71 8 9 0.03868864 
806 183 11 13 0.03851807 
59 300 11 16 0.03845029 
272 132 12 16 0.0384128 
303 35 11 13 0.038407654 
783 173 12 14 0.03838835 
186 189 18 22 0.03825423 
651 143 15 18 0.03824149 
277 36 12 13 0.03822698 
754 184 15 17 0.038040187 
134 130 11 13 0.037966866 
492 122 11 16 0.0379202 
90 59 11 14 0.03781015 
145 69 8 11 0.037720855 
326 34 10 12 0.03740875 
270 84 10 14 0.03737855 
283 77 12 15 0.037270796 
788 133 10 14 0.037054736 
71 87 20 26 0.036918607 
182 69 8 11 0.036273576 
262 53 9 12 0.036081966 
444 334 14 16 0.035782527 
547 141 10 14 0.035699885 
272 123 10 14 0.035553038 
597 133 16 21 0.03531653 
319 35 10 12 0.035206173 
820 166 9 11 0.03486094 
488 174 12 14 0.034820653 
322 176 16 19 0.03374578 
150 69 9 11 0.033245146 
92 90 13 16 0.03323891 
840 211 11 15 0.03316865 
309 242 15 16 0.033091977 
329 22 9 11 0.033033863 
262 108 13 15 0.032987025 
56 86 9 13 0.032872092 
554 98 16 20 0.032272223 
563 178 13 17 0.031779908 
363 85 15 19 0.031763315 
268 24 12 12 0.03169131 
262 180 14 17 0.031520963 
269 92 10 13 0.031431526 
549 91 11 15 0.031418484 
286 122 15 18 0.03133919 
459 329 14 16 0.030477248 
201 87 10 11 0.030467678 
854 224 13 16 0.030264428 
850 218 24 31 0.03004486 
339 238 16 20 0.029850867 
293 181 20 25 0.029759238 
946 82 15 19 0.029751355 
941 48 20 25 0.0296882 
667 115 24 29 0.029559208 
284 54 9 11 0.029530652 
660 108 15 19 0.029327093 
597 110 12 14 0.029274773 
609 138 15 20 0.029248673 
467 308 15 18 0.029237993 
430 343 10 12 0.02917229 
143 210 19 21 0.02905311 
275 73 19 24 0.028942531 
614 123 14 18 0.028771766 
448 137 14 20 0.0287161 
246 122 13 17 0.028621577 
343 123 12 15 0.028490676 
128 118 12 16 0.028244982 
396 170 14 18 0.028242363 
655 112 13 17 0.028212724 
716 188 11 12 0.028055513 
320 61 10 13 0.027975237 
82 56 19 23 0.027840178 
174 59 9 11 0.027792787 
629 172 11 17 0.027384782 
88 74 20 23 0.02728639 
343 101 12 18 0.027252007 
321 106 12 16 0.027249724 
854 233 26 33 0.027128162 
73 76 11 13 0.02704618 
420 252 13 17 0.026868407 
330 145 15 19 0.02653996 
423 223 24 30 0.02633923 
297 55 9 11 0.026313916 
287 36 11 13 0.026273793 
414 176 15 19 0.026222926 
287 69 9 12 0.026128085 
47 103 10 12 0.02609935 
93 71 10 13 0.026050217 
874 125 16 18 0.026019279 
271 48 9 11 0.025710108 
270 116 11 16 0.025698666 
183 133 8 11 0.025623258 
318 89 12 15 0.025356472 
182 65 8 9 0.025016984 
269 146 13 18 0.02480116 
262 193 15 18 0.024800997 
941 88 15 19 0.024596773 
46 55 9 11 0.024397394 
429 360 13 16 0.024366897 
341 330 13 17 0.02426383 
293 23 9 11 0.024155768 
305 23 8 10 0.024050139 
60 86 11 14 0.023888491 
177 71 9 11 0.023790814 
231 124 13 15 0.023640588 
334 37 10 12 0.023544202 
246 49 12 15 0.023471784 
168 60 9 11 0.023360798 
294 36 9 12 0.023037706 
748 239 11 13 0.022945266 
599 125 13 16 0.022760302 
153 268 14 16 0.022717504 
257 138 17 21 0.022556724 
560 131 11 15 0.022470843 
70 84 13 16 0.022237435 
991 55 9 11 0.02209591 
262 33 13 15 0.021924835 
213 70 11 12 0.021714212 
176 77 9 11 0.021606687 
813 96 13 16 0.021579165 
146 50 9 11 0.021498494 
342 38 12 14 0.021458488 
546 86 21 26 0.021425402 
452 332 16 17 0.021389358 
882 132 13 17 0.021256072 
470 299 12 14 0.021203183 
286 62 9 12 0.02118668 
751 174 11 13 0.02117272 
941 77 15 18 0.021143923 
190 109 9 14 0.021097915 
235 60 12 13 0.020972492 
840 151 9 12 0.020925207 
264 62 8 11 0.020922568 
866 139 13 16 0.020892402 
404 177 13 17 0.020864042 
10 149 25 31 0.02084676 
860 101 10 13 0.020805042 
261 234 14 17 0.020725727 
678 301 9 13 0.020572549 
860 94 10 13 0.02045214 
275 187 13 18 0.020441782 
359 71 11 16 0.020407131 
343 116 11 15 0.020127838 
574 117 13 14 0.020090217 
256 81 8 10 0.02008801 
780 153 14 17 0.02005437 
454 308 14 16 0.020001618 
