2_Demonstration_Demonstrators_2_231
63
494 412 116 172 0.99969435 
40 460 56 71 0.99954224 
924 425 46 57 0.99821705 
227 459 48 63 0.99660563 
980 418 16 21 0.9758168 
267 478 39 49 0.8566752 
138 466 18 22 0.7468374 
95 467 15 20 0.5347309 
874 290 15 20 0.17342761 
748 258 10 14 0.16181755 
903 437 12 17 0.16133788 
748 318 14 17 0.15271315 
1012 431 12 23 0.13114464 
745 226 11 14 0.10327826 
24 760 9 11 0.09655054 
873 324 11 13 0.08407286 
339 438 132 237 0.073727235 
969 259 10 12 0.057993323 
873 395 11 13 0.055734992 
683 77 21 27 0.055585537 
747 291 13 16 0.05273997 
382 346 25 34 0.05081735 
984 217 28 35 0.04920212 
8 757 8 10 0.047579225 
886 184 10 14 0.04611604 
821 186 12 14 0.04498547 
126 462 20 27 0.0423711 
97 483 28 36 0.04224166 
779 237 19 26 0.04190712 
857 204 10 15 0.039600022 
117 468 11 16 0.038971573 
358 459 13 19 0.038086195 
393 271 68 77 0.037277725 
157 470 11 14 0.03661302 
357 451 24 39 0.036294267 
777 16 17 24 0.033949748 
879 173 10 12 0.03256043 
90 472 25 33 0.032389604 
24 839 11 13 0.03221895 
995 232 15 19 0.032089878 
184 619 45 63 0.031951655 
111 468 10 14 0.031695694 
640 445 10 13 0.030429987 
344 418 15 21 0.029175524 
782 471 9 11 0.029153015 
23 753 8 10 0.027446827 
974 198 46 58 0.026901167 
879 180 12 15 0.026195396 
872 422 12 15 0.025947738 
871 357 14 16 0.025476795 
830 366 9 11 0.02490469 
828 2 15 17 0.02472687 
896 442 11 15 0.024188187 
358 445 43 71 0.023336994 
343 256 94 115 0.022433072 
350 419 91 162 0.022356639 
127 458 38 47 0.022262398 
665 437 8 10 0.021981237 
276 5 16 20 0.021242242 
893 451 11 16 0.021051649 
7 835 8 12 0.020746732 
133 479 16 21 0.020190218 
107 491 15 21 0.020001268 
