2_Demonstration_Protesters_2_57
83
385 234 37 47 0.99951756 
711 190 31 42 0.9989484 
223 229 39 43 0.9986327 
29 238 34 44 0.9973586 
514 261 32 36 0.99578637 
71 224 39 45 0.9921829 
933 264 22 33 0.6698504 
150 284 32 46 0.6450327 
653 241 22 29 0.5466883 
362 262 23 30 0.5443982 
945 271 29 44 0.49788532 
888 225 26 40 0.40428054 
469 267 22 31 0.37560087 
488 268 23 32 0.2400647 
987 269 24 44 0.22336191 
500 272 15 21 0.1882953 
503 251 13 17 0.12785602 
571 295 23 26 0.11220686 
584 223 9 9 0.10685684 
340 184 21 29 0.10175245 
505 245 12 16 0.088544406 
497 339 11 14 0.08238835 
478 378 11 14 0.07425857 
928 272 15 21 0.06546566 
570 222 8 10 0.06430235 
162 300 19 26 0.06259934 
577 306 23 32 0.05951579 
607 251 12 17 0.058074534 
879 205 32 48 0.057018302 
454 273 13 20 0.054471157 
435 275 24 28 0.051485863 
359 266 16 21 0.048960656 
461 383 9 13 0.048410702 
868 220 40 53 0.04694617 
833 173 12 17 0.044645995 
981 279 17 26 0.044092473 
968 277 25 33 0.043298844 
100 231 29 36 0.04250633 
499 258 22 29 0.040765464 
995 254 28 54 0.04073005 
482 271 19 25 0.040645655 
461 267 16 25 0.03941175 
652 325 12 15 0.03764766 
89 153 26 31 0.03692205 
685 551 8 10 0.036593255 
164 289 30 41 0.036085352 
87 222 33 39 0.035421398 
598 252 11 15 0.034843165 
900 229 13 20 0.0347912 
587 315 18 25 0.03303866 
449 222 10 13 0.032826208 
370 252 28 37 0.032792702 
583 218 9 10 0.03257215 
1 334 40 85 0.032452684 
610 203 9 13 0.030988092 
710 433 13 15 0.027709702 
131 269 45 64 0.026700374 
506 267 28 35 0.026580902 
361 347 31 38 0.026548585 
990 266 14 24 0.026243383 
445 268 14 18 0.025655309 
462 294 24 32 0.025405748 
447 273 24 30 0.025229523 
593 254 11 14 0.02513882 
512 365 10 12 0.024813622 
-1 287 8 14 0.024781786 
621 226 12 16 0.024646234 
1002 204 20 32 0.024297463 
410 538 13 16 0.024117166 
585 297 15 19 0.023877613 
575 217 8 10 0.023755323 
569 227 10 12 0.023188867 
606 246 20 31 0.02293523 
901 180 10 14 0.022668244 
637 242 22 32 0.022624888 
63 251 12 17 0.021610944 
567 291 16 18 0.021548595 
614 226 12 17 0.021344112 
486 67 27 33 0.02131434 
822 250 12 18 0.021282576 
348 269 26 31 0.02049379 
557 283 11 15 0.02014483 
659 229 15 18 0.020078897 
