2_Demonstration_Protesters_2_684
1565
693 364 12 15 0.9821708 
848 568 53 72 0.9638761 
738 435 15 18 0.95342946 
614 421 13 16 0.9375375 
364 372 12 15 0.93556064 
910 417 19 22 0.93232644 
774 414 13 17 0.9277433 
107 498 18 25 0.916493 
648 350 10 13 0.9139245 
523 424 15 19 0.91267735 
990 271 10 13 0.9009991 
307 393 14 17 0.89680517 
869 432 21 26 0.88721985 
163 348 12 15 0.8807955 
205 373 12 15 0.87679243 
397 327 10 13 0.8763447 
946 477 30 32 0.8730616 
662 443 17 21 0.86491185 
77 403 13 15 0.854752 
1004 310 12 15 0.81215376 
229 418 18 22 0.80668867 
336 350 13 16 0.79348874 
93 329 13 15 0.7839058 
465 340 12 15 0.75785476 
620 345 12 16 0.7524703 
449 375 10 12 0.751011 
647 328 11 13 0.74538755 
200 346 12 15 0.73785675 
855 364 12 15 0.7287999 
572 323 11 13 0.72224134 
397 359 10 12 0.6899959 
295 319 9 10 0.68261087 
756 326 9 13 0.67888033 
810 307 9 12 0.64967984 
372 351 11 14 0.6205916 
463 373 12 15 0.58546394 
140 316 11 13 0.5763077 
885 336 10 13 0.56449366 
829 325 10 13 0.5614301 
418 339 10 14 0.55863094 
378 334 9 12 0.54964745 
937 483 32 38 0.5461535 
536 375 11 14 0.53417915 
816 339 10 14 0.52996194 
38 359 11 13 0.5012631 
544 350 11 14 0.49218473 
113 357 10 12 0.475913 
740 373 13 15 0.46468118 
309 326 8 11 0.46365076 
479 316 8 10 0.4555123 
441 324 10 13 0.45010024 
500 378 16 19 0.44377014 
601 329 10 14 0.440444 
145 336 8 11 0.43356037 
688 328 11 14 0.42872187 
683 547 22 27 0.42354032 
633 318 9 11 0.42172742 
422 380 11 13 0.41308632 
207 303 8 11 0.40949878 
574 362 11 14 0.40891382 
748 478 18 22 0.4058858 
571 339 11 15 0.3987302 
392 300 9 11 0.39080805 
993 329 9 13 0.3803513 
563 468 15 20 0.37331796 
308 307 9 13 0.37148294 
850 387 22 27 0.37085456 
505 321 8 11 0.36826998 
429 302 8 10 0.36055198 
71 323 10 12 0.35843018 
382 315 10 12 0.35377476 
828 452 16 20 0.3445858 
335 332 10 13 0.33958334 
775 324 9 12 0.33755195 
612 477 15 18 0.3351938 
10 511 28 34 0.33118528 
216 260 8 11 0.329943 
160 335 10 12 0.32940918 
502 300 10 12 0.32865202 
326 372 10 13 0.32622984 
958 272 7 10 0.32608798 
399 279 9 11 0.31962672 
463 296 9 11 0.31399155 
367 404 11 13 0.3139366 
800 295 8 10 0.31304288 
304 499 13 17 0.31076097 
445 293 8 10 0.3056501 
77 320 10 12 0.30186698 
377 286 9 11 0.29837617 
736 262 9 12 0.29641443 
184 310 9 11 0.29592618 
238 325 10 12 0.29518506 
214 319 8 10 0.29388043 
759 215 8 10 0.28609324 
609 285 8 10 0.28608063 
456 303 9 11 0.28474346 
477 446 12 15 0.2843349 
934 364 10 13 0.27784726 
677 232 9 11 0.27710763 
269 317 9 10 0.27351114 
351 319 9 11 0.2668729 
550 317 10 12 0.26528284 
622 296 8 10 0.26358324 
154 293 9 13 0.26094905 
120 344 10 12 0.2601392 
397 388 11 13 0.25771216 
14 332 9 11 0.25664967 
429 285 8 11 0.25583038 
3 483 16 21 0.25555685 
295 323 10 12 0.24512242 
276 383 9 13 0.24415183 
117 425 15 18 0.24400413 
189 318 10 12 0.24391954 
718 406 13 17 0.24389365 
357 326 10 12 0.23758632 
831 343 10 13 0.23650946 
707 412 14 17 0.23484282 
694 182 7 10 0.23206677 
542 316 10 12 0.2305916 
415 294 7 10 0.23017232 
597 352 9 12 0.22788845 
94 367 12 14 0.22699268 
455 276 8 11 0.22031444 
976 271 8 11 0.21724279 
823 217 7 9 0.21715327 
939 286 9 11 0.21640345 
60 347 11 15 0.21431257 
159 341 14 18 0.2135422 
897 305 8 9 0.21049969 
926 278 7 9 0.21006101 
669 408 13 17 0.20988263 
48 328 8 10 0.20981407 
998 332 10 13 0.20944357 
581 365 10 13 0.20409605 
556 436 10 14 0.20200337 
973 347 11 14 0.20037875 
573 238 7 10 0.19974239 
210 319 8 11 0.19885899 
614 208 8 10 0.19873953 
305 345 9 11 0.19456641 
430 461 11 13 0.1911084 
929 362 10 13 0.18865445 
217 288 8 10 0.18809818 
376 293 9 11 0.18808739 
289 302 8 11 0.18657379 
479 339 10 12 0.18599138 
87 294 8 10 0.18557067 
888 292 8 11 0.18255097 
425 296 8 11 0.18228142 
887 363 10 13 0.18174925 
446 332 10 12 0.18141536 
570 293 9 13 0.18042473 
617 297 8 10 0.17676659 
366 301 9 11 0.17641032 
279 327 9 11 0.17547283 
398 296 8 12 0.17469218 
292 358 10 13 0.17430256 
377 280 8 11 0.17370886 
333 272 8 10 0.173356 
350 293 8 10 0.17311466 
253 287 9 12 0.17310272 
687 341 10 12 0.17225362 
593 354 9 12 0.17141256 
441 239 8 10 0.17039098 
398 351 12 14 0.1683631 
798 278 6 9 0.16762638 
376 340 10 13 0.1668067 
981 392 17 21 0.16403411 
599 371 12 13 0.16333783 
490 403 16 23 0.16230759 
422 346 9 12 0.16116308 
839 309 8 10 0.16108355 
345 293 8 9 0.15954575 
185 342 10 13 0.15941173 
793 278 9 11 0.15844314 
6 335 9 11 0.15582551 
358 430 13 16 0.15531984 
56 341 11 14 0.15413943 
905 285 8 9 0.15411311 
980 302 10 12 0.15339638 
598 301 8 11 0.15242565 
753 198 7 9 0.15206851 
341 487 10 12 0.15194519 
653 475 16 18 0.15188374 
183 302 9 10 0.15167518 
305 304 9 12 0.15112257 
345 404 11 16 0.14940095 
396 530 10 15 0.1491267 
688 294 8 10 0.14824437 
416 279 8 10 0.14698505 
468 367 10 12 0.14617445 
422 364 9 11 0.14523292 
343 374 8 11 0.14437295 
266 311 9 13 0.14398806 
384 271 7 10 0.1438103 
349 341 9 12 0.14339767 
941 280 8 10 0.14219181 
641 293 8 10 0.1400182 
336 311 8 11 0.13997069 
335 318 9 11 0.13830666 
758 301 10 11 0.13828395 
446 289 9 11 0.13706534 
998 291 9 11 0.13676807 
353 323 10 13 0.1363724 
13 423 12 15 0.13579184 
53 333 10 12 0.13541473 
874 295 7 9 0.13528885 
231 302 9 11 0.13437304 
535 343 10 12 0.13408974 
191 276 10 12 0.13379389 
831 286 8 10 0.13359822 
400 284 9 11 0.13264363 
441 262 8 11 0.13183708 
201 296 8 10 0.13113613 
305 327 8 11 0.1309058 
777 286 9 12 0.12974565 
976 306 10 12 0.12937 
593 277 8 10 0.12875353 
646 292 8 11 0.12776029 
610 262 7 10 0.1273959 
1014 248 7 10 0.12734723 
502 343 9 12 0.1272729 
343 289 8 9 0.12676136 
279 308 9 11 0.12614249 
249 334 11 12 0.1257114 
359 331 9 13 0.12467934 
170 311 8 10 0.12462574 
1005 258 10 12 0.12305465 
192 324 10 11 0.12298448 
221 342 11 15 0.122738086 
371 418 12 16 0.12193159 
856 294 7 10 0.12172062 
409 294 9 10 0.121462636 
919 295 8 10 0.12089023 
202 301 9 12 0.120422296 
502 277 8 11 0.11984515 
375 390 11 14 0.11966664 
944 300 9 11 0.11851992 
530 420 14 19 0.118115865 
237 448 13 16 0.11784236 
593 301 9 11 0.116885856 
327 296 7 9 0.11671076 
311 288 8 10 0.116615 
583 279 8 10 0.11611338 
249 292 9 12 0.115835816 
912 265 7 9 0.115276396 
65 600 24 39 0.11492581 
502 356 9 11 0.11442948 
726 215 8 11 0.11441963 
606 468 15 17 0.11405137 
509 320 9 11 0.11313348 
613 284 8 10 0.1129299 
463 262 8 10 0.11286968 
592 272 9 10 0.112668395 
755 418 12 15 0.112642124 
500 271 9 11 0.1113122 
845 398 24 33 0.110566795 
445 350 9 11 0.11031924 
801 223 7 10 0.1099581 
638 206 7 9 0.109574944 
407 311 8 10 0.109505914 
669 343 8 11 0.10932708 
446 261 8 11 0.10919125 
222 294 9 11 0.10857782 
32 356 11 13 0.107966326 
738 386 14 17 0.10778843 
365 270 7 9 0.10778748 
174 311 8 10 0.10693892 
674 235 9 12 0.1067968 
502 350 9 12 0.10670296 
881 481 27 33 0.10571379 
416 379 11 13 0.10562761 
825 294 8 10 0.105526306 
754 402 13 17 0.105331525 
536 318 9 12 0.1049174 
976 293 8 10 0.10490268 
333 398 11 13 0.104511924 
677 160 7 9 0.1035897 
571 289 8 11 0.1035846 
-1 358 8 12 0.1031405 
680 382 10 13 0.10300909 
968 288 8 11 0.10256677 
848 295 7 9 0.10246484 
718 279 7 9 0.10219908 
334 278 8 10 0.101649694 
338 286 7 10 0.10060975 
343 400 10 12 0.10005688 
293 302 8 11 0.09974158 
942 294 9 11 0.09965002 
616 317 10 13 0.099220574 
933 489 18 24 0.098926485 
837 265 8 10 0.098904505 
945 231 6 9 0.09863596 
902 319 8 10 0.0983174 
525 357 9 12 0.09819407 
372 395 13 15 0.09804799 
58 302 7 10 0.098020665 
673 289 8 10 0.09781843 
863 311 10 12 0.09736236 
661 552 10 12 0.097141385 
800 357 11 13 0.097093076 
878 326 9 10 0.09681662 
789 303 9 11 0.09653415 
805 356 10 13 0.09601096 
262 280 8 11 0.09550746 
769 326 8 11 0.095423624 
608 280 8 11 0.09509771 
214 416 13 19 0.09505635 
526 351 9 11 0.0949231 
735 267 8 12 0.094558775 
598 273 8 9 0.09453672 
304 279 7 9 0.094302975 
925 272 8 11 0.09396474 
529 327 9 12 0.093927994 
200 253 8 10 0.09382511 
241 279 8 11 0.09363279 
821 453 16 21 0.09347359 
903 229 10 13 0.09345694 
898 319 7 10 0.093432695 
714 444 13 16 0.092844024 
631 368 9 12 0.0924074 
233 318 9 11 0.09222069 
40 309 9 10 0.09183291 
495 262 9 11 0.091784246 
309 319 9 11 0.09132269 
618 480 13 16 0.09100214 
139 384 15 18 0.090871505 
858 317 8 11 0.090756185 
999 223 6 9 0.08958592 
477 437 14 17 0.089347854 
344 304 8 10 0.089095004 
734 176 8 9 0.089045264 
264 301 8 11 0.08900605 
537 346 10 14 0.08893273 
509 302 8 10 0.08893057 
423 278 9 12 0.088615514 
294 313 9 11 0.08854247 
711 183 10 12 0.08839727 
656 264 8 10 0.0881693 
534 292 8 11 0.08794759 
727 344 11 14 0.08773636 
209 307 9 11 0.08768285 
713 272 7 9 0.08759284 
367 310 8 11 0.08716191 
738 378 13 16 0.08701935 
672 364 9 12 0.086952984 
452 376 11 15 0.086214736 
598 277 8 10 0.08581458 
922 278 7 9 0.08537401 
415 286 8 12 0.08506026 
1004 339 12 14 0.08503672 
904 281 7 9 0.08457633 
124 342 11 13 0.0842734 
224 300 9 11 0.08399473 
729 303 9 10 0.083864845 
328 412 10 13 0.08382479 
261 564 10 13 0.08377743 
993 224 7 9 0.08368613 
664 356 10 13 0.08345676 
170 303 7 10 0.08333552 
7 372 10 12 0.08317663 
535 324 10 13 0.0828569 
781 342 9 11 0.0827478 
693 301 10 12 0.08259424 
367 296 8 11 0.082558334 
488 254 9 11 0.08226676 
378 311 8 11 0.08218475 
695 238 9 11 0.08170657 
950 296 8 10 0.081335865 
1012 253 9 13 0.08124535 
735 197 7 10 0.08119581 
415 255 9 11 0.08053073 
877 320 8 11 0.080243126 
453 326 10 12 0.080210336 
760 220 7 10 0.080112725 
530 285 9 12 0.079871595 
663 312 8 11 0.07977074 
329 254 7 10 0.07951557 
777 260 10 13 0.07931907 
74 295 8 10 0.07915623 
175 302 8 11 0.07827404 
79 312 8 10 0.07804804 
430 309 8 11 0.077629365 
901 303 8 10 0.07733247 
1002 255 10 12 0.07727935 
901 359 8 12 0.07723121 
301 413 13 18 0.07690832 
838 343 10 13 0.07652929 
761 262 8 11 0.076484144 
288 328 8 11 0.076445945 
974 289 8 10 0.076129325 
188 345 12 16 0.07598905 
896 360 9 12 0.07597686 
375 329 10 11 0.07589072 
959 277 7 9 0.07555302 
231 448 13 17 0.07552368 
690 197 8 10 0.07499441 
465 238 7 9 0.07491349 
87 319 8 10 0.074248604 
20 412 11 14 0.07402636 
40 341 9 10 0.073805034 
192 273 8 9 0.07338066 
497 342 10 12 0.072797835 
718 263 8 11 0.07225385 
910 286 7 9 0.07190362 
981 344 9 11 0.07185585 
31 320 9 12 0.071823716 
425 238 8 10 0.071786836 
759 253 8 11 0.07178539 
119 389 12 15 0.0717287 
677 164 8 11 0.071342096 
605 356 10 12 0.0712759 
135 335 10 13 0.07112876 
589 263 9 10 0.07098861 
533 334 10 12 0.070569195 
938 293 9 12 0.070545934 
276 286 9 11 0.07025324 
586 263 8 10 0.07013984 
415 260 10 11 0.06985448 
775 231 9 11 0.0697091 
639 365 10 12 0.0696843 
191 283 9 12 0.06957047 
922 271 7 9 0.06930979 
503 285 9 11 0.069247566 
994 269 10 13 0.06924282 
367 411 14 18 0.06918595 
440 341 9 11 0.06916016 
510 224 8 10 0.069074556 
1009 191 9 11 0.069011115 
89 333 11 13 0.068790875 
544 394 13 15 0.068167165 
160 270 7 9 0.06775012 
638 312 9 13 0.06765209 
327 318 8 11 0.067578785 
114 303 8 10 0.066873476 
231 272 7 9 0.06667006 
6 340 8 11 0.06656568 
263 296 8 11 0.0663615 
497 349 10 13 0.06634743 
418 417 14 18 0.06596813 
757 248 8 10 0.065655045 
478 429 13 15 0.06565294 
468 335 11 13 0.06530354 
774 311 9 11 0.065194346 
605 319 9 12 0.0651259 
655 246 8 11 0.0650955 
102 295 7 9 0.06507148 
667 347 12 14 0.06496588 
431 255 8 10 0.064700104 
600 319 9 12 0.06467627 
428 380 9 12 0.06438623 
833 281 8 10 0.06429604 
528 363 8 13 0.06402727 
591 311 9 12 0.06395099 
893 255 8 9 0.06394575 
429 280 9 11 0.06380657 
707 381 13 16 0.0636283 
1014 271 9 13 0.06358158 
591 296 9 10 0.06353608 
707 395 12 16 0.06346406 
443 397 11 14 0.06324029 
398 271 10 13 0.063220724 
730 296 8 10 0.06317123 
333 373 11 13 0.06316975 
478 214 7 10 0.063098945 
822 262 7 10 0.06295283 
319 358 9 11 0.06290305 
214 310 9 12 0.062877946 
904 270 7 9 0.06287518 
753 247 8 11 0.06261242 
943 270 7 10 0.06222438 
222 417 17 20 0.061989684 
475 317 8 10 0.061984703 
148 340 11 14 0.061879124 
496 309 8 11 0.061821923 
727 208 8 8 0.06154577 
608 296 8 10 0.061536532 
247 255 7 9 0.061462704 
259 537 13 16 0.0614207 
173 317 9 11 0.06123773 
670 359 9 12 0.061193995 
153 288 9 11 0.061174735 
641 325 8 11 0.06114117 
329 405 11 14 0.061122697 
862 317 8 11 0.06082225 
833 309 10 10 0.060580984 
79 295 9 11 0.06056461 
381 278 9 11 0.060490098 
818 217 7 8 0.060460635 
308 417 12 16 0.06023421 
232 308 9 12 0.060229316 
780 325 10 13 0.060137272 
726 220 9 11 0.06010612 
583 285 9 10 0.060101867 
731 271 8 9 0.060062394 
313 294 7 10 0.05997453 
362 436 11 14 0.059932645 
361 368 11 14 0.05990423 
96 296 7 9 0.05971292 
52 328 9 11 0.059525527 
486 312 7 10 0.05945 
622 317 9 12 0.059173793 
294 296 8 10 0.058885034 
470 261 10 11 0.058853555 
456 261 8 10 0.05877429 
343 343 12 14 0.058540538 
214 408 12 15 0.058426112 
809 279 7 9 0.05828109 
942 348 9 11 0.05821696 
920 231 7 9 0.058201626 
509 343 9 12 0.0580905 
623 337 10 13 0.05801081 
818 221 7 9 0.05771574 
384 304 8 9 0.057623036 
845 392 17 21 0.05747114 
409 254 9 11 0.05746875 
793 342 9 11 0.057380896 
862 339 9 11 0.057312015 
833 304 8 10 0.05728828 
47 415 11 13 0.057113703 
241 254 7 9 0.056988113 
366 264 7 10 0.056544982 
425 309 9 12 0.056403123 
699 370 11 14 0.056330133 
132 523 15 20 0.056231856 
735 182 8 9 0.05616651 
362 404 9 12 0.05614714 
343 309 8 11 0.05603453 
552 430 11 16 0.056020726 
718 347 12 15 0.055973712 
360 295 8 10 0.05582915 
767 301 9 11 0.055709377 
926 248 7 8 0.05563039 
801 228 8 10 0.055611525 
173 573 10 12 0.055589 
382 292 8 11 0.055570334 
825 288 8 10 0.05552273 
43 364 10 11 0.055520575 
584 302 9 11 0.055519436 
648 301 9 12 0.05547093 
601 239 7 9 0.055424478 
423 257 8 9 0.055399768 
230 296 9 12 0.055351656 
759 271 9 11 0.055226147 
799 288 7 10 0.055120055 
497 319 7 11 0.055075426 
272 323 10 13 0.05497523 
24 325 9 11 0.05491249 
745 200 6 8 0.054909915 
856 216 6 9 0.05488644 
31 351 10 13 0.054790318 
746 372 11 14 0.054644287 
469 294 8 11 0.0545411 
237 357 14 16 0.054531872 
568 344 11 15 0.054485645 
363 427 14 17 0.054470837 
550 371 9 12 0.054418772 
735 216 7 10 0.054191835 
440 256 8 10 0.054165043 
696 231 8 11 0.054026514 
823 256 7 10 0.05367006 
87 289 7 9 0.053648207 
446 257 9 10 0.05352292 
751 397 12 17 0.053440366 
439 244 9 11 0.053397063 
888 301 8 11 0.05332134 
563 482 13 17 0.053269032 
794 560 21 22 0.053161833 
94 377 13 15 0.053136446 
421 385 12 14 0.053069755 
12 382 12 14 0.053065598 
733 394 13 17 0.053011995 
318 430 11 15 0.052996755 
646 309 9 11 0.05242003 
73 357 9 12 0.052387863 
445 239 7 9 0.05236997 
622 311 9 11 0.052278534 
567 259 9 11 0.052276745 
321 279 7 9 0.052219715 
937 246 7 9 0.052136574 
605 398 15 20 0.052123465 
118 308 8 10 0.051932964 
184 337 9 11 0.051928718 
848 223 7 9 0.0519251 
351 335 10 12 0.051804088 
223 311 8 11 0.05171608 
295 332 9 11 0.051713586 
718 272 7 9 0.051658366 
240 284 9 10 0.051508244 
1005 373 16 20 0.051340997 
735 193 8 9 0.051300097 
534 369 11 13 0.0512776 
985 270 10 13 0.05118801 
214 303 9 11 0.051186893 
11 373 10 13 0.051113743 
225 272 7 10 0.051113646 
686 288 9 11 0.050957765 
583 271 8 10 0.050835617 
943 238 7 9 0.05069506 
289 297 8 10 0.050668743 
974 209 8 9 0.050627906 
776 280 9 12 0.050488655 
821 270 8 11 0.050484724 
591 256 7 9 0.05031238 
944 247 6 9 0.050169636 
414 326 9 11 0.05016122 
495 335 8 10 0.05011081 
535 312 9 11 0.049866233 
705 293 9 12 0.049720082 
814 316 9 11 0.049662113 
754 216 7 9 0.049656734 
415 272 9 11 0.04962801 
872 420 24 30 0.049535967 
79 300 9 12 0.04948053 
817 270 8 10 0.049479067 
518 240 8 10 0.049311098 
489 249 8 10 0.049292184 
583 248 7 9 0.049012344 
221 288 8 10 0.048939396 
407 287 8 10 0.048902087 
692 295 9 11 0.048890594 
806 230 7 9 0.048829492 
358 253 7 9 0.04869592 
631 293 8 10 0.04839772 
703 387 12 16 0.048305683 
615 323 10 12 0.04815915 
874 323 9 12 0.048149645 
168 297 8 10 0.048134007 
790 142 9 12 0.048080258 
350 312 8 10 0.048023157 
24 320 9 11 0.047993504 
608 257 8 9 0.04793025 
671 334 9 11 0.047928132 
805 223 7 9 0.04785592 
111 412 13 15 0.047610544 
939 358 10 13 0.047607698 
1000 259 10 12 0.047400955 
751 133 8 11 0.0473532 
523 414 17 20 0.04730618 
870 310 8 11 0.04725628 
307 384 13 18 0.047242954 
821 335 10 12 0.047207445 
358 340 9 12 0.04712607 
737 238 7 10 0.047125485 
760 209 8 9 0.047096044 
705 288 8 10 0.047046997 
713 278 8 10 0.04694999 
680 256 8 10 0.046728235 
592 316 9 11 0.04672536 
938 365 12 14 0.046722136 
894 342 9 12 0.046633266 
408 318 9 12 0.04654859 
758 278 10 11 0.04642544 
341 334 11 13 0.04638196 
462 222 8 9 0.046370447 
363 301 8 11 0.04634572 
402 311 7 10 0.046308313 
776 330 10 13 0.046293713 
791 323 9 12 0.046289064 
556 239 9 11 0.046279866 
849 231 6 9 0.04619342 
952 363 11 14 0.046159808 
975 238 8 9 0.04614656 
489 215 8 10 0.04613097 
413 319 9 11 0.04595171 
394 277 8 11 0.04591238 
417 388 10 12 0.045764256 
425 233 6 8 0.045690097 
358 249 8 9 0.04567206 
534 239 10 11 0.045621138 
221 255 8 10 0.045499925 
740 394 14 18 0.04546862 
243 448 11 13 0.045388557 
474 214 8 10 0.045385562 
816 458 14 17 0.045359597 
728 319 9 12 0.045241263 
456 257 7 9 0.045231447 
967 319 10 13 0.045216415 
679 262 8 10 0.045085873 
416 300 8 10 0.04507566 
871 302 9 10 0.045009486 
890 255 7 9 0.04499092 
9 328 9 11 0.044989813 
126 272 8 9 0.04492381 
465 288 8 11 0.044856526 
726 308 9 11 0.044774976 
815 278 7 10 0.04471293 
213 393 12 14 0.04464899 
736 402 10 15 0.044547927 
368 343 10 12 0.044513885 
197 325 10 11 0.044506423 
782 224 8 9 0.04443437 
1013 197 8 13 0.044414677 
737 159 7 9 0.044329263 
905 265 7 10 0.044289492 
237 302 9 12 0.044112295 
959 247 7 9 0.044040088 
864 304 7 9 0.043806348 
111 408 23 28 0.043762043 
449 308 10 12 0.043727953 
36 398 15 18 0.0435684 
341 378 11 14 0.043517362 
328 398 11 14 0.04350476 
306 494 19 25 0.0434913 
258 280 8 10 0.04343126 
695 224 8 10 0.04342919 
974 223 8 9 0.04329714 
322 318 8 11 0.043284427 
66 319 9 12 0.043240637 
24 366 10 11 0.04319556 
730 278 7 9 0.04315758 
969 342 11 14 0.0431251 
374 382 11 13 0.043077737 
415 398 10 13 0.043069504 
278 294 8 10 0.043021936 
679 360 9 11 0.042977296 
794 285 9 11 0.042969633 
623 263 7 10 0.04296396 
273 264 9 10 0.04292814 
444 320 10 12 0.042918514 
736 120 7 10 0.04290476 
88 352 9 12 0.04264283 
974 231 7 10 0.042546835 
720 317 8 12 0.04252627 
336 304 8 9 0.042509228 
369 371 12 14 0.04247942 
529 280 8 9 0.042355247 
863 232 7 8 0.042319875 
814 344 12 16 0.04228062 
304 450 13 19 0.04222737 
753 295 8 12 0.042140596 
600 297 8 11 0.04208227 
991 265 10 13 0.042024795 
205 418 13 18 0.04201897 
288 352 10 12 0.041959114 
627 347 11 14 0.04191956 
842 215 7 9 0.041872527 
583 311 9 11 0.04185461 
646 346 16 22 0.041818377 
743 184 6 9 0.041816447 
608 269 8 11 0.04176896 
640 357 11 13 0.04175899 
471 278 10 10 0.041689005 
729 184 7 8 0.041618004 
981 368 11 14 0.04157936 
616 311 10 12 0.04145869 
23 520 17 21 0.041300725 
807 351 10 13 0.041295163 
741 402 12 15 0.041290168 
776 223 8 11 0.04116612 
694 277 9 11 0.041050233 
673 166 7 10 0.041044552 
704 403 14 18 0.041029014 
347 400 10 13 0.04100326 
309 348 8 10 0.040992204 
541 419 11 15 0.040988944 
980 294 9 11 0.040986076 
902 348 9 11 0.04092468 
223 355 11 14 0.040842388 
463 359 10 11 0.040841326 
926 301 8 10 0.04083022 
736 125 8 10 0.04080712 
678 286 9 11 0.040791903 
429 376 9 12 0.040638037 
969 254 8 9 0.040617764 
889 498 26 41 0.040608007 
833 199 7 9 0.04059288 
494 255 7 10 0.040571835 
489 260 9 11 0.04055374 
890 489 15 22 0.040547874 
838 380 38 48 0.04046406 
321 262 7 10 0.04039036 
256 262 7 10 0.04038153 
722 221 8 11 0.04037159 
600 255 7 10 0.040339373 
685 541 15 18 0.040313866 
970 224 7 9 0.04028701 
857 340 10 12 0.040242255 
112 296 8 10 0.040201675 
637 229 8 10 0.04016466 
960 238 8 10 0.040120143 
530 332 9 11 0.040077344 
655 294 9 11 0.039936293 
296 408 10 13 0.039916724 
766 215 7 10 0.03989965 
637 225 8 9 0.03985629 
307 286 6 9 0.039708365 
733 320 10 11 0.039662573 
776 215 7 9 0.039643325 
351 272 7 9 0.039631274 
600 246 8 10 0.039559428 
360 287 7 9 0.039513513 
374 301 9 11 0.039471697 
800 216 8 10 0.039415188 
678 293 9 11 0.039361376 
471 257 8 9 0.039342932 
857 290 7 9 0.039074603 
719 285 8 10 0.038937777 
718 183 7 10 0.038935717 
94 359 11 13 0.038839042 
1 319 7 10 0.038769625 
798 351 10 11 0.038747456 
367 278 8 10 0.038708158 
558 461 15 21 0.038688913 
569 359 12 13 0.0386413 
527 302 8 10 0.038596243 
951 248 7 9 0.038517583 
976 394 13 18 0.03845345 
90 326 10 13 0.03844135 
263 320 11 14 0.03842741 
329 249 7 9 0.038233943 
862 216 7 8 0.03819726 
927 254 8 9 0.038163304 
834 268 9 11 0.038162675 
240 249 7 9 0.038148265 
31 401 12 16 0.03811672 
245 279 8 10 0.038110275 
6 319 8 10 0.03809123 
175 324 8 11 0.038044177 
834 505 42 49 0.037990842 
744 327 9 11 0.03793088 
328 278 8 10 0.037850086 
394 323 17 21 0.037804183 
988 266 18 22 0.037761483 
830 147 9 11 0.037756063 
361 278 7 9 0.03775565 
935 254 8 10 0.03771712 
542 229 8 10 0.037698854 
946 500 20 24 0.037655555 
424 273 8 10 0.037625674 
895 262 8 10 0.0375492 
734 279 7 10 0.0375373 
119 279 7 9 0.037528396 
769 231 8 11 0.0374415 
758 285 10 11 0.03742064 
992 229 8 10 0.037391845 
208 394 11 14 0.037384402 
1015 240 8 12 0.03735596 
736 257 8 11 0.03723295 
960 287 9 11 0.037199855 
666 168 8 9 0.037162736 
813 356 11 14 0.037139613 
440 268 8 10 0.03713893 
314 396 11 16 0.03689949 
1000 207 8 10 0.036898263 
391 393 12 15 0.036865734 
678 208 8 10 0.036860544 
311 428 11 15 0.036727566 
322 225 6 8 0.036717806 
82 399 12 15 0.036711905 
548 342 11 14 0.03670497 
895 287 7 10 0.03663257 
689 246 9 11 0.036605008 
211 261 7 10 0.036601324 
93 320 10 12 0.036544945 
959 231 7 10 0.036512263 
41 335 9 11 0.036419448 
399 263 7 10 0.036410946 
534 270 8 10 0.036375817 
407 381 9 13 0.036257423 
394 362 11 13 0.03623159 
792 272 9 12 0.036135625 
584 295 8 10 0.036128785 
857 312 9 12 0.03612 
176 271 8 9 0.036106 
119 384 10 12 0.036026336 
928 208 7 9 0.035904992 
732 342 11 13 0.035882905 
575 301 9 11 0.03584743 
921 300 8 10 0.03582748 
781 373 10 11 0.035813168 
111 319 10 12 0.035779517 
859 467 19 21 0.03574433 
848 216 7 9 0.035742506 
790 149 8 12 0.03570259 
272 304 8 10 0.03561169 
176 277 7 10 0.035594445 
1006 238 9 11 0.035494722 
531 318 8 11 0.03539705 
414 403 12 15 0.03538001 
858 369 13 16 0.035343654 
85 298 11 12 0.03532056 
254 326 10 13 0.035273425 
1008 276 10 13 0.035206247 
736 245 7 10 0.03516443 
837 279 8 11 0.035142325 
320 296 7 10 0.035121247 
744 205 7 9 0.03508499 
348 373 10 13 0.03508287 
274 232 6 9 0.03500717 
919 364 9 12 0.034927778 
944 254 7 9 0.034854297 
695 244 10 12 0.034841035 
417 365 10 12 0.034761686 
542 293 10 12 0.03474166 
941 331 10 13 0.0347117 
151 310 8 11 0.034638017 
329 334 9 12 0.034636468 
781 255 9 11 0.03460636 
404 388 9 12 0.03454928 
45 310 8 10 0.03451555 
744 333 9 11 0.0344995 
655 318 9 11 0.03442889 
503 308 8 9 0.03442539 
122 429 16 20 0.034395583 
840 247 7 9 0.034391772 
473 312 8 11 0.034370065 
781 334 9 12 0.034356397 
41 326 9 11 0.034245703 
920 225 7 9 0.03420715 
24 343 9 12 0.03419902 
441 289 8 11 0.034167342 
623 287 8 10 0.0341563 
844 342 9 11 0.03411491 
118 319 8 11 0.034110323 
937 240 8 9 0.03402017 
432 246 9 11 0.033955052 
769 319 9 13 0.033910014 
253 382 12 14 0.033876233 
743 216 8 9 0.033872504 
853 351 11 14 0.03385152 
912 365 10 11 0.033850685 
0 363 10 15 0.033838734 
317 420 11 14 0.0338272 
949 300 9 12 0.033777855 
765 294 11 14 0.033756502 
433 318 8 11 0.033655282 
18 418 13 15 0.033643227 
1008 247 9 11 0.03361047 
903 295 8 11 0.033597622 
754 301 8 11 0.03356246 
33 304 8 10 0.03354858 
406 325 10 13 0.03350099 
887 262 8 11 0.03349861 
664 269 8 10 0.033480816 
793 223 6 9 0.03347515 
856 300 8 9 0.033405084 
677 363 10 14 0.03333515 
687 263 9 9 0.033253472 
993 292 10 11 0.033211075 
671 317 10 11 0.03319057 
499 295 8 12 0.033185262 
89 371 13 15 0.033137396 
318 302 8 10 0.033109717 
534 278 8 10 0.033106294 
693 189 9 12 0.032973602 
469 287 9 11 0.03293342 
110 418 16 21 0.032906067 
231 277 7 10 0.032888986 
694 271 8 9 0.032866698 
358 421 14 18 0.032816697 
454 287 8 10 0.032788325 
776 367 9 11 0.032724068 
767 223 7 8 0.032677785 
774 159 8 10 0.032637812 
0 478 12 18 0.032611176 
398 343 11 13 0.032365292 
505 246 7 10 0.032347005 
870 146 10 14 0.03232294 
319 351 10 11 0.032116935 
944 263 8 10 0.031976447 
439 311 8 11 0.03197573 
526 405 11 13 0.031865902 
576 311 10 11 0.031863622 
290 278 9 11 0.031826172 
62 309 8 10 0.031736787 
90 371 21 25 0.031733938 
666 173 8 10 0.031724203 
742 239 9 9 0.031721413 
263 382 10 14 0.03172034 
457 295 9 10 0.03169971 
478 271 9 11 0.031660017 
491 397 14 19 0.03165374 
726 435 16 18 0.031630754 
445 341 9 12 0.03161396 
239 295 9 10 0.031586956 
1009 196 9 12 0.03157186 
301 428 14 18 0.03155913 
113 280 7 9 0.031535562 
273 295 8 10 0.031516664 
144 347 11 14 0.031476457 
62 288 7 9 0.031458005 
719 255 9 10 0.0314512 
838 286 7 9 0.031421218 
654 300 10 12 0.031412225 
806 216 7 9 0.031401064 
912 333 9 12 0.031397976 
293 351 10 11 0.03137641 
662 335 10 12 0.031351626 
688 269 9 10 0.031322293 
463 257 8 10 0.03130495 
530 270 8 10 0.03127991 
378 273 7 9 0.03126756 
349 387 11 13 0.031242998 
923 247 7 9 0.031205911 
913 294 7 10 0.031189116 
289 309 8 11 0.031162437 
127 327 10 11 0.031155316 
471 328 9 10 0.031152405 
207 254 8 11 0.031092452 
725 396 14 18 0.031071454 
455 414 12 14 0.031066602 
938 232 7 8 0.030987388 
560 272 9 12 0.03097737 
832 232 8 10 0.030945214 
294 279 8 10 0.030930942 
679 326 10 13 0.030834882 
344 261 8 9 0.030830735 
1016 224 7 10 0.030821495 
398 246 7 9 0.03081049 
328 341 10 12 0.030809822 
57 295 8 10 0.030774781 
937 300 9 10 0.030748595 
343 318 9 11 0.030705223 
679 280 8 10 0.030664593 
440 402 12 14 0.030631438 
545 285 10 12 0.030599525 
679 374 10 14 0.030595448 
650 248 7 10 0.03058444 
576 279 9 11 0.030571414 
959 291 9 12 0.030570854 
656 311 9 12 0.030542362 
600 262 7 9 0.030534014 
975 370 12 15 0.030528601 
538 231 7 9 0.030499838 
328 325 8 10 0.030485516 
486 349 9 12 0.030437846 
449 302 8 11 0.030427204 
707 476 16 19 0.03039013 
209 377 14 16 0.03035386 
205 248 8 10 0.03030637 
334 343 12 15 0.030297935 
464 232 7 9 0.03026701 
584 256 8 9 0.030241607 
776 349 8 11 0.030210158 
367 317 9 11 0.030202176 
25 358 10 12 0.03019552 
905 235 8 11 0.030191038 
829 294 8 10 0.03018324 
409 510 34 33 0.03013419 
517 245 10 12 0.030126465 
108 424 23 28 0.03008984 
175 264 7 9 0.03008255 
797 115 8 11 0.030061677 
46 340 10 13 0.03000565 
768 150 7 10 0.029924063 
383 431 11 14 0.029895943 
631 288 8 11 0.029892104 
111 324 9 12 0.02988993 
528 208 7 8 0.029870419 
450 277 9 10 0.029847533 
615 257 7 9 0.02976682 
199 320 8 11 0.029765382 
96 394 12 14 0.029748723 
688 159 8 9 0.029711708 
887 270 8 10 0.029707585 
603 366 11 13 0.02969025 
716 354 12 14 0.029682105 
502 365 11 13 0.029674795 
19 511 15 20 0.029671524 
982 263 9 12 0.029663192 
81 342 8 10 0.029627092 
774 128 8 10 0.02961089 
319 547 11 13 0.029511401 
722 207 8 10 0.029481517 
702 247 8 10 0.029474294 
46 303 8 10 0.029432993 
187 565 12 15 0.029430607 
687 253 8 10 0.02941341 
225 277 8 10 0.029412046 
1001 248 8 10 0.029410103 
805 296 7 9 0.029380621 
337 491 10 12 0.02935223 
167 279 8 10 0.029347254 
254 310 10 13 0.029244902 
346 485 13 16 0.029196816 
767 167 8 9 0.0291774 
878 506 40 53 0.029171498 
632 270 7 8 0.029165981 
328 312 8 10 0.029151356 
365 401 19 23 0.029115777 
381 325 9 12 0.029098563 
504 239 7 9 0.029084494 
135 324 10 13 0.029073454 
569 233 8 10 0.029038217 
782 367 10 13 0.028960764 
478 262 8 10 0.028927995 
115 390 21 26 0.028903445 
157 300 9 11 0.028855843 
694 177 9 11 0.028738232 
911 342 8 10 0.028737608 
118 286 8 10 0.02873026 
759 373 11 14 0.028722312 
710 366 10 12 0.028690012 
44 396 12 16 0.028679231 
127 277 7 9 0.028624838 
392 383 12 16 0.02859868 
807 327 8 11 0.028568326 
295 382 11 14 0.02853935 
237 307 10 13 0.02850214 
367 327 8 11 0.028455842 
1 325 8 12 0.028419321 
96 301 9 9 0.028396145 
985 224 7 9 0.028378323 
349 380 10 14 0.028368505 
897 348 9 12 0.028182736 
959 224 7 9 0.028170213 
974 253 8 10 0.028085602 
432 261 7 10 0.028070627 
861 294 7 10 0.028066631 
116 402 15 20 0.02799697 
251 557 14 17 0.02799104 
393 350 11 14 0.027984828 
277 280 9 11 0.027956668 
115 361 12 16 0.02795436 
760 229 8 11 0.027865987 
419 424 14 17 0.027799256 
391 272 8 11 0.02776394 
547 420 11 16 0.027715987 
730 176 7 9 0.027711155 
989 350 10 13 0.027698345 
882 364 10 13 0.027695894 
529 342 10 13 0.027682507 
479 399 22 27 0.02767573 
944 224 7 9 0.027672099 
795 295 7 10 0.027633289 
512 252 8 10 0.027631495 
442 374 10 12 0.027626691 
232 264 7 9 0.02759914 
606 339 10 12 0.027591858 
320 365 10 13 0.02758184 
990 301 10 12 0.027580664 
221 394 11 14 0.027576203 
772 424 15 19 0.027518012 
598 311 9 11 0.027412137 
512 247 9 10 0.027396886 
753 321 10 12 0.027338501 
620 415 11 16 0.027289633 
753 128 8 11 0.02728584 
38 319 9 11 0.027253198 
184 272 7 9 0.027202941 
855 459 14 17 0.027164645 
296 342 8 11 0.027162142 
743 221 8 10 0.027127905 
773 152 8 10 0.027113052 
711 167 7 8 0.02711069 
664 255 7 10 0.027041594 
172 341 11 15 0.02698075 
8 422 21 25 0.026937097 
748 377 12 16 0.02678461 
757 380 12 14 0.02675254 
882 331 18 22 0.026733527 
729 199 9 10 0.026712269 
645 370 11 14 0.02670896 
952 470 19 24 0.026706787 
733 301 8 10 0.026694076 
495 384 14 18 0.026688872 
814 125 8 11 0.026664434 
289 271 8 9 0.026631547 
432 324 10 12 0.02648951 
111 333 8 11 0.026467668 
558 312 8 12 0.02646592 
495 325 9 11 0.02643164 
192 264 7 9 0.026407702 
99 327 11 14 0.026406523 
402 348 12 14 0.02639358 
735 167 7 9 0.02637742 
334 255 7 9 0.026376529 
349 302 9 11 0.026371814 
327 301 7 10 0.026338112 
842 223 8 9 0.02628271 
260 543 14 19 0.026269494 
545 278 8 10 0.026259016 
319 286 7 10 0.02624889 
656 242 8 9 0.026210196 
582 317 8 11 0.026197335 
327 261 8 9 0.026180832 
919 264 7 9 0.026167635 
984 229 8 10 0.026151888 
1008 269 10 13 0.02614367 
248 261 8 10 0.026133206 
490 221 8 9 0.026096195 
936 351 10 11 0.026085654 
974 248 9 10 0.026064353 
800 208 7 8 0.02606396 
287 342 9 10 0.026046406 
463 217 7 9 0.026043287 
430 359 10 12 0.026035806 
898 280 6 8 0.02599003 
713 264 7 10 0.025975924 
542 402 14 16 0.0259233 
748 390 12 15 0.025917223 
514 215 6 9 0.025883049 
670 311 9 12 0.025871295 
475 440 20 25 0.025848377 
709 373 11 14 0.025824307 
793 347 9 12 0.025805077 
52 448 14 20 0.02580461 
760 175 8 10 0.025787205 
147 524 15 17 0.025770027 
367 333 9 11 0.025673786 
102 357 10 13 0.025662828 
370 363 13 16 0.025654456 
289 263 7 9 0.02565373 
1000 214 8 11 0.025647346 
662 263 8 9 0.025590219 
776 269 9 12 0.025566047 
133 410 15 20 0.0255466 
672 263 7 9 0.025520386 
693 386 14 18 0.02545004 
464 245 8 10 0.025391595 
142 322 11 14 0.02533821 
824 321 9 10 0.025312588 
649 269 8 10 0.025311377 
351 277 8 9 0.025298297 
474 389 14 16 0.02529638 
727 246 8 11 0.02528192 
575 255 8 10 0.02526366 
991 215 8 9 0.02525037 
463 310 9 12 0.025161348 
600 395 13 17 0.025150916 
695 118 9 11 0.025121951 
277 264 8 9 0.025104044 
184 277 8 11 0.025098445 
821 447 14 17 0.025081052 
366 387 12 15 0.025075693 
413 247 9 10 0.025061425 
92 426 15 19 0.025051527 
190 335 11 13 0.025048636 
718 332 9 11 0.024989525 
415 331 17 22 0.02498952 
513 240 8 9 0.02497934 
672 222 7 9 0.02497561 
846 301 8 11 0.024937842 
24 311 8 9 0.024928302 
845 310 8 11 0.024916181 
257 359 10 12 0.024894387 
672 327 10 12 0.024870854 
198 278 8 11 0.024851315 
913 326 8 11 0.024786158 
975 264 10 12 0.024775201 
912 256 7 9 0.024756184 
101 427 12 17 0.02466089 
825 320 19 22 0.02465298 
552 244 12 14 0.024613159 
39 271 7 9 0.02459591 
773 303 9 11 0.024587505 
847 349 9 12 0.02458309 
1 514 13 19 0.024583044 
2 372 9 14 0.024574716 
741 341 10 12 0.024530657 
671 248 8 9 0.024498004 
969 309 9 11 0.024495624 
757 199 7 8 0.024436558 
752 182 7 9 0.024419455 
13 408 20 23 0.024379937 
175 296 8 11 0.024343653 
895 295 8 9 0.024310378 
244 548 17 18 0.024301313 
139 529 14 16 0.024283094 
701 239 8 10 0.024278114 
278 232 8 9 0.024272371 
244 532 16 18 0.02427138 
63 434 11 16 0.02420281 
469 411 13 18 0.02419922 
502 334 9 11 0.024195286 
336 428 10 15 0.024179095 
185 285 8 11 0.024107564 
589 287 10 10 0.024105782 
318 414 10 14 0.024079727 
806 386 13 16 0.024071122 
671 214 7 9 0.024069859 
790 364 11 15 0.024051694 
773 433 13 18 0.024051245 
732 465 40 45 0.024032192 
409 240 8 10 0.0240152 
696 252 9 11 0.023987725 
494 248 7 9 0.023980934 
390 526 20 26 0.023980275 
771 319 19 24 0.023947073 
613 389 10 14 0.023941232 
675 410 14 17 0.023907311 
899 229 8 11 0.02387369 
662 295 8 10 0.023843396 
552 465 12 18 0.023830257 
256 315 11 14 0.02381293 
688 307 11 13 0.023804866 
1010 313 11 15 0.023804551 
713 332 9 11 0.02379602 
239 459 11 14 0.023786439 
31 362 11 13 0.023755632 
958 323 12 15 0.0237388 
203 355 13 16 0.023709154 
730 229 7 10 0.023694037 
805 451 11 14 0.023692327 
181 305 19 23 0.0236873 
968 302 10 12 0.023685938 
74 310 8 10 0.023641543 
663 247 8 10 0.023602854 
688 360 10 13 0.0235708 
684 426 17 22 0.023568287 
390 309 10 12 0.02356718 
728 391 12 14 0.023564521 
758 438 12 16 0.023556756 
622 280 7 10 0.023542227 
463 330 19 24 0.023535805 
289 254 7 10 0.023528814 
711 223 8 10 0.023514448 
7 377 14 17 0.023482647 
444 389 11 14 0.023463052 
396 393 11 14 0.023431724 
785 307 9 12 0.023416268 
719 176 8 10 0.023416217 
528 379 11 14 0.023415752 
273 237 7 9 0.023413522 
383 247 7 8 0.023402587 
655 287 7 10 0.023400169 
302 375 10 12 0.02339423 
777 208 7 8 0.023393838 
398 320 10 12 0.023365313 
693 264 8 9 0.023356762 
968 279 8 9 0.023356544 
608 223 8 9 0.0233378 
753 251 9 12 0.023337247 
737 134 8 10 0.023335397 
245 327 11 13 0.023275752 
998 346 13 16 0.023262568 
984 254 9 11 0.023260651 
756 349 10 13 0.023239838 
752 414 20 25 0.023223022 
38 418 15 17 0.02317425 
321 230 7 8 0.023158317 
690 238 9 11 0.023149507 
672 226 18 23 0.023088403 
810 342 9 12 0.023086946 
849 237 7 9 0.023062298 
272 268 9 10 0.023049442 
745 135 8 10 0.023047902 
293 313 18 23 0.023034496 
991 247 8 10 0.023022126 
735 286 8 9 0.02301788 
158 540 12 14 0.02300167 
759 191 7 9 0.022974357 
648 320 10 11 0.022974351 
0 508 23 33 0.022953833 
921 238 7 9 0.022942008 
934 261 8 10 0.022918023 
160 266 7 8 0.022908937 
540 321 11 14 0.022882568 
791 158 7 9 0.022880416 
735 335 9 11 0.022876054 
782 348 9 11 0.022806559 
387 434 12 14 0.02279692 
896 224 8 10 0.022793565 
151 346 11 16 0.022777421 
509 296 9 11 0.022776438 
343 388 11 14 0.022729516 
143 548 12 15 0.022711877 
705 483 22 28 0.022689344 
251 543 15 20 0.022681251 
657 207 8 10 0.02266955 
510 365 9 12 0.022657031 
663 223 8 10 0.022652403 
689 231 8 10 0.022645377 
673 389 10 13 0.022629315 
656 255 8 10 0.022614092 
485 317 9 11 0.02260836 
630 357 10 12 0.022592096 
721 310 9 12 0.022580242 
855 237 8 9 0.022522582 
205 296 8 9 0.022516087 
775 164 8 11 0.022512423 
922 254 7 10 0.022502936 
781 230 8 9 0.02248766 
72 314 18 23 0.022394007 
873 289 7 10 0.022384835 
304 295 7 9 0.022375142 
335 263 7 9 0.02234435 
552 322 10 13 0.022339717 
751 321 17 23 0.022313645 
669 555 12 15 0.022304947 
401 255 7 9 0.022295112 
804 446 11 13 0.022288065 
761 167 8 9 0.02226169 
926 296 8 10 0.022235848 
350 367 10 13 0.022231033 
264 255 7 10 0.022204712 
574 232 8 10 0.022193959 
622 352 11 15 0.022178033 
170 255 7 9 0.022175075 
753 151 7 9 0.022169277 
766 145 8 9 0.022121869 
88 247 7 8 0.022110483 
657 554 11 14 0.022101382 
462 279 8 10 0.022083305 
37 522 12 16 0.022071915 
319 379 12 14 0.022062588 
455 319 10 12 0.022048036 
190 295 9 10 0.022027057 
230 396 12 14 0.021988614 
968 343 18 22 0.02197598 
542 345 17 22 0.021951905 
871 505 30 38 0.02191982 
507 223 8 11 0.021911401 
881 264 8 10 0.021911353 
790 136 9 11 0.021885738 
670 174 8 9 0.021884749 
879 294 8 10 0.021871889 
793 335 8 11 0.02186584 
103 287 8 11 0.021863293 
111 395 12 16 0.021840034 
425 456 22 24 0.021831203 
245 300 11 13 0.021830685 
655 371 10 13 0.021810737 
857 232 7 9 0.021804908 
699 552 14 19 0.021791842 
340 427 11 15 0.021745767 
44 443 16 21 0.021741197 
838 393 15 22 0.021739688 
96 247 7 9 0.021717222 
405 502 28 32 0.021702603 
354 254 7 10 0.021702219 
949 350 9 11 0.02169491 
494 217 7 9 0.021660592 
703 253 8 10 0.02165935 
529 311 8 11 0.021659212 
797 320 9 10 0.021647999 
809 272 8 10 0.021626096 
676 142 9 11 0.021623794 
601 476 12 15 0.021620283 
171 451 16 19 0.021612199 
123 383 11 14 0.021604491 
221 316 9 11 0.021582222 
742 191 7 9 0.021579849 
544 271 8 11 0.021557072 
172 578 11 14 0.02155491 
6 412 13 17 0.021549515 
1012 333 10 13 0.02153759 
170 348 12 15 0.021532902 
799 335 8 10 0.02150023 
164 337 18 25 0.021492787 
670 270 8 10 0.021492107 
271 379 17 22 0.021486139 
240 272 8 10 0.021449938 
77 364 10 12 0.021447327 
708 495 16 21 0.021446837 
751 143 7 9 0.021444675 
344 279 8 9 0.02143479 
930 355 17 22 0.021412274 
887 347 10 13 0.02140743 
679 332 11 13 0.021366127 
294 286 8 9 0.021351524 
807 156 8 11 0.0213505 
741 255 10 12 0.021343794 
463 317 8 11 0.021328172 
974 317 9 12 0.021321712 
856 222 7 8 0.021320289 
281 341 10 12 0.021297164 
257 270 7 9 0.02127613 
1003 343 15 18 0.02126853 
439 278 8 10 0.02126622 
606 390 12 15 0.021258015 
717 135 8 10 0.021257456 
534 415 19 25 0.021232594 
911 360 10 11 0.021221183 
584 439 10 14 0.0212129 
72 288 8 10 0.021208614 
111 240 7 9 0.021203605 
425 244 7 10 0.021103702 
719 245 9 11 0.021100363 
601 286 8 11 0.02107858 
862 325 9 10 0.021068567 
459 417 13 16 0.02105447 
330 399 17 23 0.021042008 
177 201 8 10 0.021039614 
127 565 9 13 0.021021131 
968 237 8 10 0.021008523 
152 280 8 9 0.021002358 
921 269 19 25 0.021000406 
728 159 7 10 0.020969458 
140 330 18 23 0.020963527 
543 468 11 15 0.020925539 
407 302 9 11 0.02092321 
54 365 10 11 0.020912688 
734 233 8 9 0.020898905 
1015 228 9 11 0.020869425 
113 255 7 9 0.02082595 
303 272 8 9 0.020816812 
246 272 9 10 0.02080382 
255 256 7 9 0.020794839 
734 205 7 9 0.020791877 
810 127 9 10 0.020781381 
304 263 7 9 0.02077842 
423 315 9 12 0.020777563 
246 309 11 14 0.020772308 
670 255 8 10 0.020737251 
36 352 12 15 0.020727888 
181 518 11 16 0.020721352 
679 212 8 11 0.020702781 
712 349 12 15 0.02069995 
857 519 54 62 0.02069804 
840 208 8 10 0.020686494 
792 357 11 13 0.020683395 
153 247 7 9 0.02065898 
502 314 18 23 0.020655045 
514 208 6 9 0.020642793 
831 236 8 10 0.020640003 
592 232 7 9 0.020639366 
423 327 8 11 0.020615514 
777 176 7 9 0.020613728 
98 420 23 30 0.020598851 
405 511 15 19 0.020578185 
767 208 7 9 0.020544784 
257 300 9 12 0.02052477 
204 297 18 24 0.020483876 
55 256 7 8 0.020478018 
720 158 8 10 0.020464089 
959 264 8 9 0.020458251 
473 223 7 8 0.020434031 
68 350 12 14 0.020421665 
510 358 9 11 0.020420931 
151 270 8 10 0.020417947 
590 365 10 13 0.02041744 
87 340 8 11 0.020402273 
743 159 6 9 0.020371912 
95 288 8 10 0.02036513 
696 152 7 8 0.020359742 
831 256 7 8 0.020318462 
72 363 9 12 0.020296473 
897 323 9 11 0.020291721 
766 261 8 11 0.020288728 
646 322 18 22 0.020284055 
826 476 25 30 0.020283515 
556 317 9 12 0.020281903 
892 336 9 11 0.020277897 
1001 238 9 10 0.020258727 
506 375 13 16 0.02025471 
705 189 9 11 0.020253116 
705 270 8 10 0.020252656 
639 279 8 10 0.020245977 
57 288 9 10 0.02023568 
611 456 22 26 0.0202207 
33 272 8 9 0.02021961 
775 358 9 11 0.020208841 
577 271 8 11 0.020199325 
642 349 10 14 0.020194411 
769 158 7 10 0.020187583 
743 303 8 10 0.020184351 
181 201 7 9 0.020165911 
677 118 9 11 0.020145612 
53 396 11 14 0.020140832 
990 192 8 10 0.020131119 
645 479 16 19 0.020126438 
198 272 7 9 0.020109931 
321 247 6 9 0.02007978 
457 358 9 12 0.020077286 
93 352 10 12 0.020075897 
86 313 9 10 0.02006304 
928 240 6 8 0.020052692 
397 239 8 10 0.020047858 
951 253 7 9 0.020045333 
752 240 7 9 0.020019794 
775 248 9 11 0.02001636 
392 263 7 9 0.020015912 
325 418 11 15 0.020001821 
