2_Demonstration_Demonstration_Or_Protest_2_183
44
291 327 94 119 0.999694 
103 511 49 54 0.9718746 
798 433 19 22 0.18732166 
4 498 20 33 0.15629847 
43 527 24 28 0.12327921 
834 586 56 51 0.062516466 
29 510 42 51 0.06221888 
758 361 13 15 0.058710087 
12 529 24 30 0.05626857 
115 908 38 53 0.05600077 
189 569 17 22 0.055378795 
7 512 26 35 0.044355113 
5 502 43 59 0.044284776 
862 487 11 12 0.042575173 
253 536 372 501 0.042194765 
23 505 27 34 0.03751803 
13 496 24 36 0.036992718 
988 443 23 31 0.03694412 
49 607 57 64 0.03581695 
864 509 16 20 0.03385332 
562 708 15 21 0.032536566 
66 1052 47 60 0.03172172 
178 560 16 22 0.031516723 
641 476 11 13 0.03048864 
66 560 49 57 0.030188791 
193 855 105 136 0.028401313 
38 632 58 54 0.027964884 
19 517 27 33 0.027260188 
799 444 24 28 0.026722029 
660 477 13 16 0.026370784 
868 562 17 18 0.02599478 
835 808 15 23 0.02591131 
696 464 9 11 0.025843598 
1011 440 13 24 0.025827078 
660 472 11 14 0.025563113 
57 529 15 21 0.024387198 
1000 440 21 31 0.024191774 
0 509 14 23 0.023851037 
218 634 49 54 0.022764085 
610 632 20 21 0.022644414 
195 565 15 21 0.022340933 
41 514 19 23 0.021049866 
172 556 15 21 0.020285374 
28 502 16 23 0.020022094 
