2_Demonstration_Demonstration_Or_Protest_2_942
49
160 110 508 607 0.9999229 
161 189 19 22 0.6305945 
567 1308 55 69 0.22650023 
600 1221 21 25 0.17691095 
549 1220 27 32 0.1748045 
149 216 15 18 0.124539346 
322 1011 16 20 0.088784315 
241 1421 133 124 0.086713634 
270 1020 12 16 0.08509028 
336 966 11 15 0.06981585 
559 1217 28 31 0.067898415 
545 1279 92 105 0.05863798 
341 964 11 14 0.057111338 
285 1449 131 89 0.042263445 
248 870 9 11 0.04037003 
318 911 11 14 0.038588073 
630 1274 13 16 0.03714295 
246 920 10 12 0.03692114 
275 1021 14 17 0.0346724 
248 967 9 11 0.034633137 
257 910 9 11 0.032644812 
1013 1192 11 17 0.032449145 
211 931 14 19 0.03197978 
350 1078 11 17 0.030408535 
379 1065 13 17 0.029914612 
648 1420 14 16 0.0284256 
191 1423 115 119 0.027874721 
397 1160 41 54 0.025854066 
272 887 9 12 0.025148543 
290 918 8 11 0.02513189 
181 886 26 31 0.025064815 
534 1218 47 55 0.023992723 
590 1255 11 15 0.023986204 
227 907 11 14 0.023928624 
172 228 16 19 0.023508294 
255 869 10 12 0.023285417 
560 1212 19 23 0.023187462 
315 1054 15 20 0.023085747 
341 1020 11 15 0.02248521 
871 1319 13 19 0.022396572 
151 261 14 18 0.02199976 
392 1168 27 39 0.021871135 
328 970 11 15 0.021859214 
854 965 12 15 0.020972718 
537 1196 10 11 0.020882374 
306 963 14 19 0.020825017 
989 736 36 45 0.020320665 
342 1077 15 19 0.020099046 
847 884 13 16 0.020038988 
