2_Demonstration_Political_Rally_2_264
951
649 465 16 20 0.91735613 
902 402 15 19 0.870618 
388 548 19 23 0.82133955 
1005 398 11 14 0.7883193 
581 462 14 18 0.7282133 
958 382 12 16 0.7067729 
612 470 14 17 0.6598548 
55 346 11 13 0.6336561 
335 417 15 19 0.56879276 
964 450 16 19 0.5555843 
601 514 15 18 0.5266805 
988 523 13 17 0.5108605 
93 356 12 14 0.488837 
684 458 21 27 0.4782504 
280 347 11 12 0.4738545 
730 435 14 17 0.4632476 
446 349 10 13 0.4501869 
453 428 10 13 0.4332647 
790 366 12 15 0.41371775 
599 366 11 13 0.4122516 
382 261 13 18 0.3917262 
337 453 15 19 0.38005057 
395 426 13 16 0.33947018 
109 506 12 17 0.32623085 
679 591 17 21 0.32585445 
531 506 17 20 0.32520634 
28 458 15 18 0.316828 
419 398 12 16 0.31464878 
155 364 13 15 0.3031093 
557 324 10 15 0.3029951 
440 500 16 21 0.30201793 
534 498 16 20 0.2985995 
805 348 11 14 0.29695633 
512 489 16 18 0.29059604 
3 283 16 19 0.27800584 
862 410 15 18 0.2649059 
192 366 10 13 0.26376596 
475 483 15 21 0.25691834 
544 334 10 11 0.24984767 
312 511 17 18 0.24154603 
1009 179 12 18 0.23771866 
455 457 13 16 0.23187928 
739 416 14 17 0.23154809 
221 544 20 27 0.22673705 
668 405 14 18 0.22284245 
796 407 14 17 0.21963984 
43 372 13 16 0.21929815 
369 428 12 15 0.21459128 
361 526 11 14 0.20274472 
810 423 16 23 0.19098619 
340 361 12 15 0.18394527 
418 390 9 13 0.18126456 
140 480 16 20 0.18009394 
737 607 17 19 0.17703499 
871 357 11 13 0.1724269 
98 413 14 18 0.17187467 
528 513 15 18 0.17062464 
1009 402 14 19 0.16884674 
620 364 10 12 0.16717613 
544 302 10 13 0.16473119 
496 328 9 11 0.15832473 
489 407 10 13 0.15785414 
327 535 13 19 0.15704884 
126 325 9 10 0.15668967 
708 503 16 20 0.15477844 
276 320 16 19 0.15048762 
620 562 20 26 0.1477422 
956 417 13 16 0.14745452 
646 304 8 11 0.14535446 
785 326 9 11 0.14324692 
513 411 12 14 0.14274682 
622 300 10 13 0.14200974 
142 451 14 18 0.1408066 
69 467 15 20 0.13960996 
111 348 10 13 0.13917698 
726 439 13 17 0.13286868 
840 419 12 16 0.12998697 
752 358 11 13 0.12898135 
416 341 11 13 0.12864873 
24 300 10 12 0.12553579 
616 420 11 14 0.12452684 
235 545 16 22 0.12269249 
463 414 10 13 0.119953506 
153 359 11 13 0.117244564 
582 295 10 13 0.116777584 
417 334 10 13 0.11394696 
162 549 16 23 0.11025566 
32 323 10 13 0.109740525 
43 365 12 13 0.10967411 
566 408 12 16 0.10931786 
177 512 22 30 0.1092915 
605 421 11 13 0.109092146 
101 499 16 22 0.10883336 
610 262 9 12 0.10827786 
809 363 11 14 0.10749579 
965 421 12 14 0.107305855 
587 597 17 21 0.10482149 
898 313 8 10 0.10372454 
645 358 9 12 0.103271484 
596 490 13 17 0.102676705 
141 419 13 17 0.10040333 
956 576 37 50 0.10015125 
311 484 11 15 0.09977355 
278 451 12 17 0.09932602 
928 371 13 16 0.099133104 
501 512 14 18 0.09842336 
245 279 15 20 0.0975655 
913 315 10 12 0.09689112 
468 380 10 13 0.09636458 
0 365 10 14 0.09511449 
283 410 14 18 0.09501874 
446 435 11 15 0.09452393 
640 352 8 11 0.09387094 
148 418 16 19 0.09334224 
814 403 12 16 0.092900775 
381 279 12 16 0.092375435 
942 350 9 12 0.09195555 
468 348 10 13 0.089467324 
397 382 10 12 0.089183286 
669 364 11 13 0.08647047 
811 536 15 17 0.0856858 
58 293 8 11 0.08539209 
246 299 15 18 0.08503684 
236 576 17 22 0.08497627 
720 341 9 12 0.084910825 
511 448 15 19 0.08427123 
764 500 13 18 0.08290113 
918 388 12 16 0.0828691 
481 359 9 11 0.082796834 
214 366 10 12 0.08243616 
754 439 17 22 0.08184329 
647 365 10 13 0.08159465 
806 356 12 14 0.08159022 
604 415 10 12 0.08018307 
165 350 10 12 0.08005206 
308 324 12 16 0.079734795 
929 359 9 11 0.07906002 
803 410 13 18 0.0775157 
393 434 16 19 0.07745051 
641 356 9 12 0.07722978 
588 490 15 19 0.07719322 
363 404 11 13 0.07628252 
411 498 13 16 0.07618613 
786 457 13 16 0.07601788 
464 374 10 12 0.075897515 
62 471 15 20 0.07461617 
272 460 10 15 0.07420292 
101 347 12 15 0.0737657 
109 382 9 14 0.073583364 
85 473 15 21 0.07341276 
496 363 11 14 0.072524235 
548 331 12 16 0.071389206 
720 335 9 12 0.06871214 
928 364 12 14 0.06838766 
39 357 11 14 0.068373874 
109 300 10 13 0.06823251 
822 348 10 11 0.06767236 
721 311 8 10 0.067182705 
641 308 10 12 0.06689984 
117 366 11 14 0.06671518 
606 373 8 10 0.066218846 
309 451 11 16 0.06597084 
911 358 10 14 0.065919265 
35 441 14 20 0.06579233 
633 327 8 11 0.0650807 
350 538 13 15 0.06486492 
504 302 10 12 0.06428101 
198 382 9 12 0.064032815 
935 320 9 11 0.06341932 
335 396 12 14 0.063389674 
696 412 12 13 0.06316093 
720 441 13 17 0.062947474 
477 302 8 10 0.0615486 
845 424 15 20 0.06135906 
303 450 11 14 0.06097914 
624 307 10 13 0.06022545 
620 416 10 12 0.05959943 
477 284 9 11 0.059370384 
763 441 17 23 0.05918866 
526 332 9 12 0.058789536 
196 371 10 12 0.058518928 
527 302 9 12 0.058317266 
910 271 8 10 0.05813699 
598 358 12 16 0.058060754 
621 296 10 11 0.05800514 
217 547 13 20 0.057377964 
865 355 11 14 0.05714276 
801 287 7 9 0.057114378 
814 359 9 12 0.056264997 
1014 352 11 16 0.056237992 
456 302 9 10 0.055671807 
156 510 17 22 0.055397723 
554 319 9 13 0.05525294 
863 343 8 11 0.055104554 
301 523 12 15 0.054978576 
896 318 9 10 0.05495215 
714 320 8 10 0.0548755 
871 426 13 17 0.054804917 
813 342 9 12 0.05469602 
73 460 16 21 0.054650422 
721 422 10 13 0.05442412 
743 342 9 11 0.05441605 
239 386 12 16 0.053844545 
728 303 8 10 0.053566035 
864 349 10 13 0.053459752 
94 198 8 10 0.053269006 
152 335 10 13 0.053120952 
702 342 9 11 0.052312475 
328 417 14 19 0.05167226 
652 156 11 13 0.05167052 
330 310 10 13 0.051530864 
272 452 12 17 0.05140863 
831 364 9 11 0.051356707 
735 342 9 11 0.05132073 
141 444 13 18 0.051290605 
206 307 9 11 0.05100069 
448 423 12 15 0.050748017 
840 309 8 11 0.0506962 
873 303 7 10 0.0505356 
34 390 13 15 0.050265066 
520 222 9 12 0.0502641 
355 535 15 17 0.049774107 
532 284 9 11 0.04936984 
878 311 8 11 0.049130253 
74 472 16 20 0.048966914 
504 297 8 10 0.04876484 
695 407 10 13 0.048314597 
65 214 9 10 0.048170563 
940 378 11 16 0.048061956 
725 395 13 18 0.04805131 
814 335 8 10 0.048018664 
813 348 9 11 0.047951423 
919 325 9 10 0.047902577 
823 286 7 9 0.047777653 
469 343 10 11 0.0476436 
17 238 8 10 0.047626812 
743 374 10 14 0.047556404 
669 400 12 15 0.047537174 
917 358 9 12 0.047206886 
831 319 7 9 0.04713877 
877 423 12 16 0.047040746 
791 361 10 12 0.04696321 
528 307 9 12 0.046950247 
664 309 8 10 0.046907466 
775 309 9 10 0.046901688 
164 355 10 14 0.04689507 
932 356 10 13 0.046838645 
89 351 10 13 0.04668545 
571 405 12 14 0.04667371 
183 397 10 12 0.046538115 
533 342 9 11 0.04650698 
271 604 13 16 0.046473514 
767 334 9 11 0.046334457 
641 288 8 11 0.04590279 
678 356 11 14 0.04589983 
155 412 14 18 0.045739733 
655 404 11 14 0.045662496 
908 425 16 20 0.04550558 
38 350 10 13 0.045260746 
715 451 38 48 0.045244094 
703 335 8 10 0.045208078 
657 295 8 10 0.04503127 
502 328 9 11 0.044986207 
714 325 9 12 0.044959664 
964 413 13 15 0.044947043 
876 358 9 12 0.04490276 
895 324 9 11 0.044738486 
718 318 9 11 0.0446896 
862 375 10 12 0.044678673 
1003 425 14 17 0.04464667 
936 350 9 12 0.04461293 
543 296 11 13 0.044426695 
576 299 11 14 0.044302583 
644 578 12 16 0.04429623 
141 438 12 15 0.04412686 
485 364 9 13 0.04412164 
923 389 14 19 0.043933656 
481 335 8 12 0.04391887 
459 447 13 16 0.04371906 
757 363 10 13 0.04371623 
761 375 9 12 0.043675434 
100 407 12 16 0.043619256 
932 375 15 19 0.043556694 
917 382 11 15 0.043532997 
35 428 13 17 0.043495513 
711 302 8 11 0.043399915 
766 324 9 11 0.043349087 
222 367 9 12 0.04332998 
39 378 12 14 0.04331253 
695 374 8 11 0.04320918 
624 247 8 10 0.043031108 
839 327 9 11 0.042905632 
761 381 10 12 0.042714234 
944 355 10 12 0.0424794 
796 415 16 21 0.042283658 
380 269 21 27 0.042204794 
236 514 15 19 0.041979417 
283 570 13 17 0.041816544 
103 294 10 13 0.04163619 
69 215 7 9 0.041605648 
832 311 8 10 0.04154115 
94 503 16 21 0.04145596 
761 324 9 11 0.041418053 
697 303 8 10 0.041410822 
886 302 8 10 0.04111462 
423 364 11 14 0.04105238 
855 319 8 9 0.040958848 
824 319 8 11 0.040713903 
855 326 9 10 0.0406082 
914 400 15 21 0.040561307 
488 272 8 10 0.040524676 
728 379 10 13 0.04049803 
697 318 8 10 0.040489376 
137 466 23 32 0.040436946 
685 379 12 15 0.04035059 
142 396 11 13 0.040330432 
697 341 9 12 0.040166654 
911 387 12 16 0.040061753 
251 290 13 18 0.039900437 
674 408 13 17 0.039790925 
862 380 11 13 0.039775953 
728 325 9 10 0.03972522 
843 414 11 15 0.039723936 
980 477 39 52 0.03958616 
798 476 13 16 0.039566908 
991 370 10 14 0.03951883 
617 294 10 12 0.039463516 
160 510 23 30 0.039331324 
583 366 10 15 0.039300263 
161 191 9 10 0.03926447 
823 324 8 11 0.038985383 
608 267 10 11 0.03895825 
293 323 11 16 0.038947556 
141 340 11 14 0.03890895 
591 336 10 12 0.03886153 
452 344 9 11 0.038835235 
544 374 11 13 0.038834114 
167 326 9 11 0.038826 
465 344 9 11 0.038572103 
113 354 11 14 0.038503338 
7 232 8 11 0.038464855 
766 319 9 11 0.038344227 
820 403 14 18 0.03824248 
959 217 14 20 0.037831284 
823 359 9 11 0.03775852 
631 364 8 11 0.03756791 
65 208 8 9 0.037504137 
164 365 10 13 0.037444312 
816 328 8 10 0.03741542 
743 328 8 10 0.037412792 
687 317 8 10 0.03725458 
216 371 10 12 0.03724166 
277 413 16 21 0.03716706 
148 444 12 16 0.0371203 
976 317 9 12 0.037106704 
919 335 9 11 0.03704419 
121 326 9 11 0.036861576 
512 332 8 11 0.03665628 
553 239 8 9 0.036576986 
678 334 9 10 0.03654643 
785 371 11 14 0.036500957 
760 335 10 11 0.03637839 
789 416 15 19 0.036303557 
520 332 9 12 0.03627021 
734 301 8 10 0.03624941 
565 298 10 13 0.03621085 
310 518 13 17 0.036207628 
207 208 9 11 0.03619318 
766 373 10 13 0.03618527 
328 460 13 17 0.036175918 
322 512 13 17 0.036172155 
439 269 10 13 0.036168937 
364 519 11 13 0.036121055 
621 371 9 12 0.03603912 
961 474 37 49 0.0359747 
421 329 9 11 0.035935484 
863 388 11 15 0.03590345 
247 271 10 14 0.035776284 
727 319 9 10 0.03576181 
617 286 8 11 0.03572752 
520 485 20 26 0.03568559 
666 349 9 12 0.035650797 
391 389 10 12 0.035633564 
768 302 8 11 0.035628363 
732 349 11 13 0.035596326 
516 417 12 15 0.035548616 
840 304 9 10 0.035457242 
328 396 10 13 0.0354348 
734 319 8 10 0.03539656 
697 311 8 10 0.035380367 
752 351 9 12 0.035313897 
173 518 16 22 0.03530085 
792 340 10 12 0.035155796 
7 237 9 11 0.035082307 
855 381 10 12 0.035044346 
592 365 11 14 0.03493083 
725 311 9 10 0.03469028 
172 529 14 20 0.034681395 
840 350 9 10 0.034664765 
461 296 8 11 0.034611415 
40 190 7 9 0.03460831 
712 332 9 11 0.034568217 
173 326 9 11 0.034568068 
79 398 10 13 0.03449021 
608 381 10 13 0.034410644 
744 365 10 14 0.03432966 
542 210 11 14 0.034262914 
743 335 9 10 0.034148913 
665 280 9 10 0.034140293 
494 310 10 12 0.034123816 
775 303 9 11 0.034114815 
903 326 9 11 0.034040496 
880 237 11 13 0.033948123 
904 335 9 11 0.033900257 
374 274 16 22 0.03381675 
960 445 14 18 0.03376968 
773 342 10 12 0.033646606 
714 482 27 33 0.033586003 
735 296 8 11 0.033574354 
533 364 11 15 0.03355178 
790 334 10 12 0.033547465 
980 390 12 15 0.03340992 
529 342 9 11 0.033376813 
124 387 11 14 0.033295687 
160 351 11 13 0.0332621 
639 374 11 14 0.033224348 
906 271 7 9 0.033208456 
441 356 10 12 0.033193268 
1011 436 13 19 0.033150606 
509 428 11 13 0.03310916 
839 319 8 9 0.03310063 
862 365 10 12 0.03309576 
862 395 14 17 0.03307942 
629 307 9 12 0.03304766 
329 455 20 26 0.033029698 
644 503 14 18 0.033019822 
769 444 20 27 0.032942664 
631 357 9 12 0.032929186 
440 436 12 16 0.032911964 
623 278 8 10 0.032885358 
416 385 10 12 0.032849696 
926 377 13 18 0.032846197 
798 420 22 29 0.032793142 
816 303 7 10 0.032732684 
874 310 8 10 0.032700967 
61 482 15 20 0.032630153 
473 280 9 11 0.032572355 
222 372 9 13 0.0325345 
378 252 22 29 0.03249673 
468 365 10 12 0.03247642 
672 343 9 11 0.03247009 
641 466 13 19 0.032407194 
863 294 8 10 0.03239746 
737 434 14 18 0.032350615 
867 417 14 18 0.03231542 
759 342 11 12 0.032286387 
542 318 10 13 0.032268785 
597 349 11 13 0.032262977 
648 254 8 10 0.03224979 
491 575 13 16 0.032233138 
856 366 8 11 0.032139864 
550 308 9 12 0.03212018 
852 419 14 18 0.032112505 
701 310 8 10 0.03205533 
802 308 8 11 0.031939775 
689 263 8 9 0.031922612 
710 349 10 12 0.031916708 
27 314 19 24 0.03191155 
520 318 8 11 0.03191121 
25 317 11 15 0.031899754 
766 491 21 29 0.03189244 
758 349 11 15 0.03186184 
488 311 9 13 0.031845678 
4 310 11 15 0.031839844 
340 406 11 14 0.031725068 
703 383 10 14 0.031658754 
1000 420 13 17 0.031524107 
415 436 10 13 0.031518362 
420 346 10 13 0.031508896 
167 343 9 13 0.031482134 
466 388 9 12 0.031435262 
511 419 12 14 0.031417932 
734 326 8 10 0.031407394 
77 444 13 17 0.031402536 
950 414 15 18 0.031345505 
400 301 9 12 0.03129561 
5 297 12 15 0.03121901 
109 395 10 14 0.031208847 
704 357 9 12 0.031047132 
445 441 11 16 0.031006532 
948 366 12 15 0.030991692 
373 321 15 18 0.030968105 
993 292 10 13 0.030946413 
916 310 10 13 0.030939937 
279 406 14 18 0.030933952 
679 348 11 14 0.030751294 
873 318 7 9 0.030736005 
702 304 8 10 0.030727524 
729 355 10 13 0.03069491 
791 320 9 11 0.030672584 
645 287 8 10 0.030622682 
90 197 8 10 0.030618036 
101 286 9 11 0.030617474 
529 280 9 12 0.030551305 
748 396 12 16 0.03054166 
327 391 10 12 0.030462243 
527 327 9 13 0.030431416 
561 295 9 12 0.03042621 
605 407 10 13 0.03040529 
167 531 24 34 0.030364418 
889 326 8 10 0.03031556 
90 479 14 21 0.030311745 
790 278 8 10 0.030264689 
212 330 10 14 0.030214977 
527 296 10 11 0.030205688 
663 303 8 11 0.03018995 
486 335 8 11 0.030151246 
905 255 8 10 0.030130757 
558 310 10 13 0.030108681 
667 370 12 16 0.030084973 
91 468 16 21 0.03008438 
895 352 10 13 0.030077243 
175 356 9 13 0.030061105 
479 388 10 12 0.029989095 
958 206 13 17 0.02996457 
206 212 10 13 0.029947141 
173 349 10 13 0.029909113 
1005 433 15 19 0.029858114 
350 406 11 14 0.029835314 
943 269 8 10 0.029827164 
78 322 12 15 0.029817091 
27 388 21 26 0.029735666 
630 278 8 10 0.029718928 
966 406 11 13 0.029584937 
778 448 21 26 0.029496513 
725 343 9 11 0.029474687 
805 310 8 10 0.02943945 
144 486 16 19 0.029422246 
726 430 14 17 0.02941012 
752 302 9 10 0.029343363 
646 315 10 12 0.029336324 
222 380 10 13 0.029335741 
839 333 9 12 0.029316109 
640 364 10 13 0.029287346 
568 400 10 13 0.029235333 
591 372 9 13 0.029209794 
587 473 14 17 0.02920625 
493 399 9 13 0.029103043 
89 183 9 10 0.029072553 
464 367 9 11 0.029047307 
617 279 8 11 0.028944261 
326 329 14 17 0.028909475 
349 413 12 15 0.028903278 
51 341 19 24 0.028866509 
656 303 8 10 0.028833454 
165 483 15 19 0.02882105 
332 490 14 18 0.028819446 
779 396 13 16 0.028785259 
213 544 42 49 0.028757768 
718 450 13 16 0.028613413 
895 294 9 11 0.02861132 
743 396 11 15 0.028515168 
703 349 10 12 0.028488552 
698 420 14 17 0.028444665 
97 287 9 11 0.028392106 
527 318 9 11 0.028384728 
774 318 9 11 0.028242351 
85 397 11 14 0.02822504 
877 364 10 12 0.028167179 
613 416 19 24 0.028128054 
312 207 10 12 0.028104104 
501 358 10 14 0.028045006 
487 351 9 11 0.028037326 
191 397 10 13 0.028029313 
950 373 11 14 0.027996436 
743 311 8 10 0.027972361 
94 374 10 12 0.027961448 
817 318 8 10 0.02793244 
976 333 11 14 0.027683955 
582 289 9 11 0.027680894 
358 429 10 14 0.027586777 
811 410 15 20 0.027569229 
404 299 10 13 0.027549395 
703 500 15 19 0.027522217 
918 372 11 14 0.027504649 
486 341 7 10 0.027499838 
998 367 10 12 0.027492953 
695 262 9 10 0.027452098 
356 412 12 15 0.027406136 
104 381 11 14 0.027364386 
321 389 10 13 0.02725478 
512 240 7 8 0.027224222 
772 458 13 17 0.02718394 
938 302 9 10 0.027096003 
664 378 13 17 0.027084185 
295 450 11 13 0.02707484 
303 514 13 18 0.027058674 
197 396 11 14 0.027052438 
681 296 9 9 0.02705191 
702 394 11 14 0.026990168 
748 380 10 13 0.026923994 
520 301 9 12 0.026920946 
292 317 11 14 0.026807772 
678 342 10 12 0.026694763 
993 303 9 12 0.026656233 
106 498 20 26 0.026647814 
598 284 10 12 0.026601393 
328 562 12 15 0.026585843 
488 400 9 12 0.026585832 
120 196 8 10 0.026573507 
224 533 24 30 0.026548386 
410 348 9 12 0.02651401 
720 304 8 10 0.026506644 
633 256 8 9 0.026488721 
630 285 9 12 0.02648078 
94 387 10 14 0.0264658 
980 316 11 13 0.026446309 
494 419 10 13 0.026432531 
331 315 11 14 0.026401313 
440 366 9 11 0.026392423 
918 351 10 12 0.026380483 
420 436 10 13 0.026355121 
412 405 15 20 0.026305733 
101 318 12 15 0.026290542 
800 318 8 11 0.026284857 
703 373 9 12 0.026283916 
274 309 17 19 0.026269749 
645 483 14 16 0.0262687 
1000 317 9 11 0.026249534 
1000 391 11 16 0.026216377 
275 338 20 24 0.026209842 
135 396 10 13 0.026199829 
347 459 10 14 0.026199669 
558 238 7 10 0.026147524 
639 255 8 9 0.026110644 
772 334 10 11 0.026014263 
183 421 13 16 0.026008002 
901 317 8 11 0.026007492 
988 507 23 32 0.025935978 
456 326 10 14 0.025877357 
904 341 9 10 0.025852423 
918 286 9 11 0.025846597 
430 360 9 10 0.025844883 
773 372 10 13 0.025831584 
670 284 8 11 0.025766615 
879 316 8 10 0.02576207 
623 254 7 10 0.025750246 
633 351 8 11 0.025696622 
31 349 12 15 0.025683887 
808 327 8 10 0.025673807 
615 269 8 10 0.025623446 
880 302 8 11 0.025611857 
711 343 9 12 0.025606424 
271 412 14 19 0.02559702 
149 397 11 13 0.025573723 
481 412 10 14 0.025542244 
110 372 11 14 0.025483023 
656 309 8 11 0.025452597 
845 402 12 16 0.025448328 
355 420 12 14 0.02544312 
614 256 9 11 0.025368847 
150 406 13 16 0.02524161 
886 342 8 10 0.025232952 
121 192 8 10 0.025224375 
408 318 10 12 0.025193416 
54 520 14 17 0.025185827 
560 420 12 16 0.025184711 
879 374 10 12 0.025175435 
1000 485 25 35 0.025166323 
957 207 26 31 0.02516624 
136 444 12 17 0.02514943 
284 446 12 16 0.025147742 
766 341 10 12 0.025127519 
609 256 9 11 0.025117293 
1012 417 12 16 0.02510729 
375 530 12 16 0.02506872 
927 323 8 10 0.025043186 
349 475 10 14 0.025012039 
760 311 8 9 0.025008233 
136 436 11 15 0.02499717 
102 373 10 14 0.02499677 
174 460 12 16 0.024964986 
8 443 11 15 0.024964042 
487 401 17 23 0.024953434 
664 327 7 9 0.024950901 
392 301 10 14 0.024890013 
509 317 10 12 0.024883214 
846 396 12 16 0.02486104 
240 524 23 29 0.02484846 
512 244 98 129 0.02481247 
210 553 23 30 0.024793329 
766 366 10 14 0.024723971 
384 234 97 125 0.024688674 
456 367 8 10 0.024669806 
40 240 9 11 0.024648521 
661 295 10 11 0.024601756 
761 319 9 11 0.024576012 
224 335 9 12 0.024550686 
767 427 13 16 0.024550242 
169 545 17 25 0.024516711 
524 429 13 16 0.024503965 
536 246 7 9 0.02450344 
767 295 8 10 0.024473596 
801 303 8 11 0.02440409 
265 463 10 14 0.0243438 
480 328 8 10 0.02433885 
789 425 14 19 0.024302246 
174 365 9 12 0.024287423 
794 369 12 16 0.024280978 
21 239 7 10 0.024253631 
969 252 11 14 0.0242449 
44 418 14 17 0.024233537 
596 361 19 23 0.02422129 
165 520 13 18 0.024219869 
341 340 10 12 0.024176924 
686 303 8 10 0.024160977 
37 332 9 13 0.024143593 
286 426 13 16 0.024128772 
911 352 9 12 0.024125775 
342 537 12 16 0.024058502 
448 457 13 19 0.024036633 
685 355 10 14 0.023961868 
331 544 13 18 0.023960233 
856 295 7 9 0.023949672 
507 306 11 14 0.023902578 
685 295 8 9 0.023873614 
958 415 20 24 0.023864036 
537 207 10 12 0.023853114 
764 354 11 15 0.023839073 
848 296 7 9 0.023829792 
479 351 10 12 0.023819523 
16 183 8 10 0.02381683 
405 436 11 16 0.023790693 
110 207 8 9 0.023768341 
1000 381 9 13 0.023761846 
36 412 13 15 0.02375916 
847 319 8 10 0.02375812 
125 330 12 14 0.023737041 
901 424 14 18 0.023733208 
991 218 12 14 0.023732964 
418 397 21 26 0.0237244 
56 215 7 10 0.023714729 
89 189 9 11 0.023714248 
750 342 8 12 0.023689944 
372 442 12 15 0.02368796 
493 351 10 11 0.023666952 
925 339 10 14 0.023645785 
738 424 15 20 0.023640832 
390 395 10 14 0.023610312 
598 323 9 11 0.023557294 
563 485 12 17 0.023543509 
119 382 12 16 0.023532858 
846 303 8 10 0.02351669 
759 303 8 10 0.023511957 
482 517 14 16 0.02350457 
68 441 16 20 0.02346179 
157 333 10 12 0.023461435 
984 366 10 13 0.023438742 
614 431 14 18 0.023429075 
88 389 10 11 0.023428705 
173 344 10 12 0.02341335 
341 350 11 14 0.023412347 
257 156 8 10 0.023393271 
990 483 11 14 0.023340767 
958 318 8 11 0.023323348 
749 437 15 20 0.023322012 
736 335 8 10 0.023309201 
238 374 11 14 0.023305492 
713 497 23 30 0.023298739 
801 270 8 10 0.023287877 
517 436 13 16 0.023283703 
299 532 12 16 0.023272205 
70 358 11 14 0.023247965 
656 326 8 10 0.02323502 
79 222 8 10 0.023228528 
784 321 9 11 0.02322315 
495 232 8 10 0.023212284 
969 444 15 21 0.023200706 
743 284 9 11 0.023187084 
655 319 8 11 0.02317416 
118 332 11 13 0.023172293 
749 373 10 14 0.023170771 
255 324 10 13 0.023147233 
469 356 11 13 0.02313224 
286 143 10 13 0.023113536 
99 422 15 19 0.023090962 
164 370 11 15 0.023065561 
861 333 9 11 0.02304269 
832 295 7 10 0.023039324 
207 200 8 11 0.023031738 
592 248 9 9 0.023027703 
696 334 9 11 0.023021393 
747 419 12 15 0.023015894 
336 356 18 24 0.02300987 
598 254 8 11 0.023007534 
700 327 10 11 0.02298822 
862 312 7 10 0.022983724 
488 276 9 11 0.022968572 
688 405 9 13 0.022924665 
789 434 14 18 0.02290728 
718 444 25 30 0.022759473 
688 272 9 10 0.022738209 
135 415 12 16 0.022712985 
84 486 15 20 0.022711521 
632 331 10 14 0.022668224 
391 499 12 14 0.022663351 
37 341 10 13 0.022645963 
215 294 10 12 0.02261621 
190 360 17 23 0.02259607 
493 272 9 11 0.02258418 
710 372 10 12 0.022552008 
340 333 12 14 0.022550492 
911 303 9 10 0.02255032 
806 318 8 10 0.022469714 
366 343 9 11 0.022450265 
494 295 9 11 0.022340404 
776 325 8 11 0.022340195 
799 357 10 11 0.02233016 
784 287 8 10 0.022320146 
241 335 9 11 0.022319911 
672 334 8 10 0.022316795 
871 326 9 11 0.022315733 
725 334 9 11 0.022265611 
319 522 21 29 0.022259604 
1014 324 9 13 0.022251396 
644 353 9 11 0.02221118 
799 342 10 13 0.022183474 
216 380 10 13 0.022149097 
150 534 39 51 0.022138346 
930 277 8 10 0.022134779 
719 427 13 16 0.022131886 
592 346 12 15 0.022124192 
120 184 7 9 0.022109097 
100 509 17 22 0.022096196 
115 350 10 12 0.022081252 
832 325 8 10 0.022043137 
622 262 8 11 0.02204028 
879 381 11 14 0.02202839 
413 358 10 12 0.022009602 
385 344 9 11 0.0219895 
845 429 20 26 0.021973427 
776 271 7 10 0.021968711 
750 327 9 10 0.021901052 
165 470 22 27 0.021897761 
624 326 8 11 0.021868153 
974 380 11 14 0.021864424 
2 370 14 20 0.021855656 
143 348 9 12 0.021853756 
357 435 11 16 0.02182828 
666 358 9 12 0.021826304 
180 459 13 17 0.021768602 
592 340 11 14 0.021762477 
479 309 9 13 0.02173375 
846 380 10 13 0.021729488 
23 463 15 19 0.021704406 
607 335 9 11 0.021699436 
824 364 9 12 0.021694738 
109 181 8 11 0.021687794 
56 299 9 13 0.02167039 
549 378 11 14 0.021641025 
479 294 9 11 0.021600917 
452 444 20 26 0.021537755 
45 316 13 16 0.0215244 
29 310 12 15 0.021521287 
202 302 9 13 0.021490527 
777 398 20 25 0.02143928 
543 198 9 11 0.021416364 
36 373 21 25 0.021371122 
1006 319 9 12 0.021367352 
313 318 20 26 0.021313157 
87 373 11 14 0.021281999 
697 349 9 13 0.021279477 
89 363 10 13 0.021236856 
536 333 10 13 0.021233177 
664 318 8 11 0.02120427 
918 364 10 13 0.021201182 
487 293 8 12 0.021189084 
1012 487 12 16 0.021179765 
134 424 14 18 0.02116702 
48 303 9 11 0.02115459 
359 531 20 26 0.021148141 
305 447 19 27 0.02114616 
445 514 13 16 0.021138981 
464 356 10 12 0.021118352 
704 366 9 11 0.021095186 
594 459 14 19 0.021088196 
283 310 14 17 0.021084623 
886 310 9 11 0.021059336 
870 343 9 11 0.021045333 
64 363 11 13 0.021037856 
508 436 22 27 0.020977564 
481 254 8 10 0.020953543 
320 396 11 13 0.02087515 
70 208 7 8 0.020855704 
519 427 12 16 0.020829236 
444 429 19 24 0.020818261 
554 319 17 24 0.020818084 
251 305 12 15 0.02077828 
348 484 12 15 0.020745711 
909 335 9 11 0.020741453 
104 190 8 10 0.020733465 
454 518 10 13 0.020713212 
270 374 10 12 0.020710787 
911 326 9 11 0.020707605 
402 279 14 18 0.020676246 
550 356 11 15 0.020676054 
30 383 12 15 0.020659463 
531 484 15 19 0.020630375 
687 333 8 10 0.020628324 
880 342 9 10 0.02061406 
457 465 16 18 0.020583969 
631 342 10 12 0.020577217 
290 404 12 16 0.020557033 
93 397 11 15 0.020537542 
770 435 14 19 0.020519368 
465 395 10 14 0.020490794 
1006 490 14 18 0.0204838 
292 434 12 15 0.02046821 
159 327 9 11 0.020458285 
920 339 10 13 0.020458251 
673 270 8 9 0.020445421 
837 366 9 10 0.020440886 
998 309 9 10 0.020421302 
45 397 12 13 0.020407122 
970 259 10 13 0.02038311 
806 303 8 10 0.02036274 
233 380 21 26 0.020358661 
553 246 8 10 0.020347696 
702 262 8 10 0.020329341 
415 388 18 23 0.02031187 
616 307 10 14 0.020296145 
830 349 9 11 0.020286195 
305 237 96 123 0.020270506 
197 387 11 14 0.020260302 
847 359 9 11 0.02023291 
863 318 7 9 0.02021816 
249 520 25 30 0.020214194 
990 477 10 14 0.020210024 
681 302 8 10 0.020177314 
503 349 10 12 0.020172058 
220 558 15 19 0.020159975 
592 358 11 13 0.02010637 
954 317 8 10 0.020098452 
270 358 10 12 0.020091973 
183 435 12 15 0.020086734 
61 289 9 11 0.02007555 
679 328 8 10 0.02006953 
482 207 8 10 0.020067532 
672 263 8 9 0.020056237 
138 432 20 27 0.020014966 
998 432 15 19 0.020011 
