2_Demonstration_Political_Rally_2_171
69
850 652 57 92 0.9941049 
124 568 17 23 0.9912198 
619 665 53 91 0.9890751 
407 707 47 58 0.9801609 
150 706 31 57 0.9571452 
103 628 42 53 0.95174205 
47 711 39 55 0.9266943 
449 655 23 41 0.91419995 
553 659 23 41 0.8898788 
947 621 18 21 0.80324364 
424 665 31 37 0.80009234 
437 660 27 39 0.7963447 
304 649 34 37 0.7220054 
1003 625 20 25 0.706677 
730 726 51 41 0.6331967 
48 645 32 45 0.26787937 
331 701 36 52 0.18179132 
300 633 35 40 0.15316795 
996 715 15 18 0.14273144 
417 680 30 41 0.114389904 
917 692 46 66 0.08203217 
302 620 34 35 0.080440596 
208 712 49 52 0.07471047 
297 661 32 45 0.07369519 
266 -46 390 487 0.06981812 
695 653 46 73 0.058445476 
677 657 76 116 0.05497854 
418 594 24 36 0.052671537 
185 675 51 61 0.049569674 
377 730 44 42 0.048696645 
965 707 13 18 0.045651462 
187 715 49 52 0.045357477 
160 713 52 55 0.044797406 
266 670 42 66 0.043140355 
246 712 50 55 0.040642913 
145 683 17 21 0.03902399 
204 657 37 34 0.038769387 
150 604 15 21 0.038522176 
631 657 81 108 0.038201567 
449 600 24 34 0.037906203 
288 192 8 10 0.036294885 
421 690 37 51 0.035304915 
346 701 45 56 0.03458054 
306 656 22 24 0.033114184 
322 650 19 23 0.032498207 
973 701 10 16 0.031329654 
768 199 12 14 0.031141471 
702 688 65 74 0.029215112 
57 631 29 45 0.029125726 
984 715 12 17 0.028900936 
316 520 14 18 0.028749576 
54 666 33 39 0.028234774 
892 684 53 73 0.027625242 
753 199 12 15 0.026550926 
989 716 16 20 0.026086641 
48 665 22 28 0.025965221 
190 661 35 38 0.025854837 
185 651 29 34 0.025546096 
824 692 53 75 0.024682887 
784 199 11 13 0.023983456 
613 688 30 52 0.023405034 
668 497 26 36 0.023331247 
346 670 43 52 0.022602728 
121 678 44 63 0.021687794 
535 550 27 34 0.021131106 
411 653 34 42 0.020951565 
203 698 36 54 0.020416796 
970 637 16 19 0.020337569 
955 707 24 32 0.020259254 
