2_Demonstration_Demonstrators_2_545
232
414 453 27 36 0.9915093 
66 432 30 40 0.9849866 
290 434 30 37 0.98235494 
403 404 18 24 0.98166806 
146 416 30 37 0.9734684 
60 494 38 49 0.9699023 
257 404 23 30 0.94635713 
254 501 37 45 0.9309777 
212 382 16 20 0.90529084 
193 412 22 30 0.8579999 
835 367 25 31 0.7792411 
102 391 29 34 0.7515923 
361 419 19 24 0.6825137 
794 410 21 31 0.6289224 
741 327 15 18 0.5573237 
879 436 28 44 0.4757577 
114 387 25 33 0.4323402 
726 393 13 18 0.37905532 
691 295 13 19 0.3456901 
175 349 12 15 0.33765104 
125 326 16 19 0.33544016 
45 373 23 31 0.32813126 
916 346 19 24 0.2989813 
84 309 11 14 0.28570282 
428 365 14 17 0.2790963 
822 290 14 17 0.25409222 
308 294 13 16 0.23992226 
355 293 11 13 0.23504132 
114 348 15 20 0.23125379 
760 353 17 22 0.20880605 
438 350 13 17 0.20655304 
895 312 17 19 0.19556002 
787 350 15 18 0.19323842 
388 300 13 16 0.17530173 
83 377 22 30 0.17513818 
277 251 14 18 0.1519215 
859 330 15 20 0.15065339 
47 324 17 19 0.14502597 
919 289 15 19 0.14312415 
323 307 15 18 0.13802879 
97 340 21 27 0.13095379 
427 374 483 474 0.13078332 
299 358 17 20 0.12990817 
159 323 13 16 0.12859398 
265 353 15 18 0.12350136 
46 363 15 21 0.11729281 
91 339 17 24 0.1163163 
422 364 14 18 0.11375801 
301 260 17 19 0.112259 
849 133 33 39 0.11018709 
292 356 16 21 0.10539337 
349 365 13 18 0.10323849 
710 301 10 13 0.098559946 
743 303 11 14 0.09750028 
58 298 16 20 0.095420085 
124 303 17 20 0.09216147 
347 339 12 16 0.09063734 
336 354 14 19 0.08853583 
154 297 16 20 0.08634477 
833 193 28 39 0.08545078 
388 376 14 17 0.08135579 
439 310 11 13 0.08092234 
412 357 13 17 0.07895598 
157 283 13 15 0.07845039 
726 310 9 11 0.07577956 
418 445 19 21 0.0735488 
339 347 15 18 0.071260296 
353 297 14 18 0.07047265 
2 245 57 92 0.07003876 
429 331 15 19 0.0698018 
179 352 12 16 0.06976116 
421 294 10 13 0.06946995 
153 507 50 60 0.06781689 
432 359 15 19 0.066260606 
384 371 13 18 0.06529784 
838 376 27 37 0.06288633 
769 279 10 12 0.061047547 
477 366 21 27 0.060940895 
331 308 13 18 0.060917493 
905 286 22 28 0.060612675 
895 298 15 20 0.060018186 
918 206 27 35 0.059881154 
100 317 14 17 0.059566274 
303 297 14 18 0.057254165 
334 224 21 26 0.056743573 
129 388 17 24 0.056701045 
909 391 42 54 0.056415133 
922 296 15 20 0.055594027 
39 495 59 80 0.055176836 
676 298 11 16 0.05307684 
-2 399 29 38 0.052265517 
243 318 13 17 0.051800407 
319 347 14 18 0.049342822 
779 488 48 56 0.049019348 
930 406 28 40 0.048247773 
287 309 13 17 0.047205124 
65 506 54 71 0.04702515 
319 312 14 17 0.046757102 
741 292 9 12 0.046481755 
341 318 11 15 0.04431306 
742 286 10 13 0.04386536 
928 400 49 65 0.04321916 
861 407 47 61 0.043211978 
814 300 13 18 0.043120634 
272 258 14 17 0.042996418 
244 396 25 33 0.042989586 
851 299 14 16 0.042989105 
254 298 14 19 0.042658865 
973 272 22 31 0.042002898 
882 302 20 25 0.040775273 
950 406 63 85 0.04066439 
240 248 9 12 0.040625144 
135 419 24 34 0.04027014 
767 345 19 25 0.039989397 
878 304 15 20 0.039943565 
423 298 11 16 0.039898243 
893 412 45 59 0.038758095 
149 292 15 19 0.038717292 
43 343 23 31 0.03865732 
316 298 14 18 0.03816635 
195 406 17 22 0.037211683 
906 383 30 35 0.037131798 
869 438 50 66 0.037047293 
688 303 13 18 0.03694027 
124 312 17 21 0.03654917 
815 293 13 16 0.036460485 
454 326 12 16 0.036371116 
79 382 16 22 0.036108565 
348 231 15 20 0.036081042 
774 278 10 12 0.03567573 
358 234 14 20 0.035641186 
435 338 15 19 0.035253376 
206 317 12 13 0.035007276 
853 337 27 32 0.03469655 
925 147 29 37 0.03461996 
311 484 37 52 0.03438724 
301 304 14 18 0.034127843 
829 369 19 24 0.033902902 
823 316 12 15 0.033840343 
776 273 9 11 0.0337182 
10 347 22 30 0.03357219 
383 288 20 27 0.032894872 
768 273 8 9 0.03288491 
245 395 16 20 0.032730497 
847 315 24 31 0.032411706 
44 330 23 29 0.032277074 
276 265 13 15 0.031575948 
801 412 26 35 0.03130686 
947 363 13 19 0.031224405 
705 340 11 13 0.030971637 
917 357 16 21 0.03085001 
746 270 8 11 0.030371116 
737 325 13 17 0.03036793 
900 385 85 107 0.03034882 
224 317 9 11 0.029781468 
941 374 55 74 0.029177982 
238 370 15 19 0.028951766 
430 308 11 14 0.028801788 
303 286 14 18 0.028601049 
971 1 50 64 0.028077664 
345 252 15 18 0.028004723 
780 340 20 27 0.027867097 
930 419 17 24 0.02739708 
90 307 13 17 0.02739117 
213 354 13 16 0.027146157 
390 355 14 19 0.027120255 
899 292 17 21 0.026645258 
772 340 13 17 0.026536154 
85 258 12 14 0.026495533 
736 286 10 13 0.026086936 
356 286 14 17 0.025797628 
905 144 43 58 0.025766615 
932 267 26 34 0.025448062 
738 300 10 14 0.02525874 
151 283 23 28 0.02516533 
163 284 13 17 0.025021415 
152 323 12 15 0.024969514 
170 407 16 21 0.024936173 
827 76 80 113 0.024897654 
418 356 15 20 0.024482593 
325 352 14 17 0.024462324 
750 272 8 11 0.024461512 
845 306 22 28 0.024281425 
462 292 14 18 0.024197135 
739 302 21 25 0.023776513 
281 246 14 18 0.023711886 
290 313 14 18 0.023613812 
423 460 27 36 0.023482222 
230 317 11 14 0.023479741 
698 297 13 17 0.023475464 
203 249 15 16 0.023373393 
720 308 9 12 0.023254605 
476 264 50 64 0.023227988 
808 299 13 17 0.02311269 
342 366 15 20 0.023066232 
696 323 11 15 0.023056148 
307 303 15 19 0.0228759 
840 134 26 37 0.022820938 
368 528 28 37 0.02279108 
694 288 12 17 0.022760345 
1010 294 13 24 0.02272123 
80 303 13 17 0.02259919 
143 298 13 17 0.022550702 
447 325 12 15 0.02244572 
910 361 27 34 0.02241891 
116 358 16 21 0.022322852 
293 300 14 17 0.02211244 
94 314 15 19 0.022067564 
757 271 9 10 0.021957476 
994 280 24 36 0.021845557 
144 491 47 58 0.021741472 
685 287 12 15 0.021430211 
924 305 14 18 0.021381475 
437 326 11 15 0.021336704 
245 376 13 18 0.021317651 
338 294 22 27 0.021244885 
765 474 47 60 0.021239055 
837 383 47 56 0.021236964 
335 322 13 16 0.021213088 
861 99 57 76 0.02115004 
406 359 15 20 0.021145824 
64 305 14 17 0.021088494 
741 316 22 28 0.020964848 
950 243 12 17 0.02093473 
206 372 16 20 0.020912413 
882 319 89 110 0.02078312 
716 302 10 13 0.020648178 
137 302 21 24 0.02062426 
813 185 32 44 0.020604787 
161 294 16 21 0.020385306 
805 333 13 15 0.020020558 
332 301 12 16 0.02000577 
