2_Demonstration_Demonstrators_2_188
180
373 456 94 121 0.9993937 
3 422 37 48 0.9987405 
219 347 53 58 0.99866295 
225 241 35 43 0.9982426 
188 287 36 45 0.998145 
875 364 32 42 0.99797267 
288 337 39 53 0.99178517 
483 384 39 50 0.9906097 
154 408 45 59 0.989205 
779 1089 108 102 0.9603636 
852 224 23 26 0.82431966 
109 354 14 22 0.7354255 
957 381 14 19 0.68077546 
1007 366 15 17 0.6783832 
19 396 27 32 0.58965325 
391 339 34 41 0.44482654 
979 375 16 20 0.43752468 
79 479 80 81 0.43709636 
571 411 26 33 0.31859383 
304 273 27 44 0.3044379 
931 371 14 19 0.29521033 
941 405 23 28 0.2870838 
966 407 21 27 0.27582738 
922 519 22 27 0.21582499 
542 406 22 35 0.14769828 
890 332 14 17 0.12593974 
658 368 16 22 0.12143987 
917 370 16 19 0.10720608 
119 1152 393 488 0.10668232 
516 331 20 23 0.105667874 
96 203 40 56 0.1032692 
505 537 54 63 0.10095505 
47 382 23 27 0.09794934 
949 335 9 11 0.09603683 
909 396 23 27 0.09242794 
952 408 23 27 0.09238879 
0 399 19 30 0.084243305 
382 355 32 37 0.07993776 
990 343 10 12 0.07405298 
911 327 10 13 0.07284416 
200 627 41 46 0.07282979 
751 348 41 54 0.071794175 
986 520 16 20 0.071090885 
137 261 39 52 0.06960898 
1012 334 9 11 0.068423286 
921 378 23 29 0.0656575 
12 348 17 22 0.062392127 
925 366 16 20 0.06203583 
731 338 42 56 0.05756308 
983 342 9 11 0.05716286 
965 332 10 12 0.05714011 
554 409 30 36 0.054451637 
924 389 24 29 0.054349642 
42 911 38 49 0.0519138 
357 356 22 26 0.05145091 
137 956 42 62 0.051257275 
961 328 9 11 0.05097474 
666 371 15 19 0.04908906 
1003 406 19 24 0.048228905 
947 389 25 29 0.046004035 
978 341 9 11 0.04548876 
0 396 15 18 0.044718906 
679 342 49 61 0.044653695 
630 372 10 13 0.044645593 
1002 472 21 30 0.04225501 
1010 373 14 20 0.041767832 
821 242 12 14 0.041318256 
773 354 31 33 0.04116732 
164 291 28 38 0.04089424 
956 349 11 14 0.040350497 
901 332 11 15 0.03998808 
987 381 16 20 0.038991597 
637 372 15 17 0.03876348 
926 335 9 10 0.0385579 
944 338 10 14 0.037639957 
817 272 41 53 0.03737702 
978 710 49 78 0.03686402 
91 136 26 34 0.035947744 
361 364 23 28 0.0352693 
913 450 26 32 0.034841962 
750 301 11 15 0.034711536 
774 360 44 53 0.034675572 
475 531 52 69 0.03451544 
658 355 47 60 0.034106772 
942 326 8 10 0.0335061 
935 392 25 30 0.033430863 
917 332 10 11 0.03339695 
30 405 18 23 0.03333041 
986 373 12 17 0.032149665 
457 504 91 105 0.031936698 
1004 432 18 23 0.031522065 
1014 346 10 13 0.031174695 
38 425 26 37 0.031089403 
982 335 8 12 0.03106366 
266 336 44 56 0.030497514 
679 334 30 48 0.03038144 
417 257 15 21 0.030206192 
75 951 12 16 0.030179774 
1002 496 18 23 0.02974315 
1001 371 11 15 0.029697854 
112 348 23 31 0.029610766 
706 342 51 60 0.029595353 
806 1065 72 83 0.029594487 
902 399 18 24 0.029499471 
1010 360 13 17 0.029217616 
507 334 31 33 0.028867058 
936 324 9 11 0.028836941 
13 408 39 51 0.028529096 
58 922 16 20 0.028510705 
108 202 13 18 0.02836186 
866 1138 112 123 0.028293472 
1012 339 10 15 0.028109107 
611 400 19 23 0.028044999 
106 144 15 19 0.027767058 
523 326 15 19 0.0276648 
757 301 11 15 0.027663773 
0 366 11 16 0.027608598 
999 503 15 20 0.027600763 
815 1112 112 127 0.027594052 
936 416 23 30 0.02747473 
107 150 24 36 0.027431585 
0 926 10 14 0.027356878 
892 327 21 25 0.027347744 
975 334 10 12 0.027312964 
624 369 25 29 0.027046608 
957 384 23 28 0.026957508 
909 321 10 11 0.026946452 
974 315 11 13 0.02684562 
407 344 20 25 0.026702406 
499 505 59 61 0.026437763 
609 367 45 52 0.026405474 
138 345 24 34 0.026371878 
987 577 24 32 0.026317118 
667 345 30 44 0.026289744 
321 1197 107 129 0.026064109 
36 390 26 33 0.026050193 
86 386 14 18 0.025990732 
349 184 13 16 0.025831873 
932 432 18 23 0.025726642 
927 327 8 10 0.025596593 
807 1109 37 39 0.025325887 
932 372 22 27 0.025314024 
361 359 44 51 0.025259808 
68 951 23 31 0.025198372 
291 280 31 41 0.025190799 
950 340 10 12 0.025170147 
317 184 11 13 0.02506204 
141 244 40 49 0.02471543 
619 394 16 19 0.024390543 
36 922 27 38 0.024132447 
17 373 24 30 0.023861129 
961 372 15 19 0.023838779 
722 272 14 18 0.02371506 
109 317 41 53 0.023663057 
738 360 224 219 0.023592923 
848 226 15 20 0.023545284 
947 721 56 66 0.02289223 
192 278 27 33 0.022667166 
950 328 9 12 0.022655815 
641 374 15 20 0.02205817 
53 371 23 31 0.021996353 
952 355 12 15 0.021706428 
834 354 14 17 0.021509461 
929 481 17 21 0.021505013 
156 275 27 39 0.021193022 
957 344 9 10 0.021189826 
574 419 40 49 0.021053497 
87 330 38 50 0.02101805 
640 368 11 13 0.021011466 
996 379 12 16 0.020853631 
906 325 10 13 0.020836195 
990 584 14 19 0.020777829 
118 195 30 43 0.020701004 
956 365 13 16 0.020544894 
111 966 25 38 0.020491753 
110 342 41 53 0.020490535 
998 1101 24 62 0.020281762 
402 339 18 22 0.020266298 
603 381 58 67 0.020208143 
126 295 42 52 0.020182034 
