2_Demonstration_Demonstration_Or_Protest_2_914
282
258 29 41 53 0.9913755 
606 302 13 18 0.9756825 
49 336 16 20 0.96892434 
376 317 13 18 0.96849257 
833 352 15 20 0.95604116 
637 315 10 14 0.95181185 
165 53 22 36 0.9240108 
907 346 21 28 0.9056874 
720 363 11 14 0.79116005 
186 342 10 14 0.7582422 
901 107 14 18 0.7227122 
779 358 13 16 0.67442095 
103 363 11 14 0.5517972 
855 121 12 20 0.5019519 
388 302 9 12 0.46939272 
165 335 13 16 0.45450994 
77 72 22 26 0.44364646 
513 329 10 13 0.43636107 
233 61 23 28 0.39337817 
250 343 9 10 0.38607758 
409 103 16 18 0.36170584 
293 313 12 16 0.32757646 
313 340 11 14 0.3246501 
392 151 12 15 0.2964536 
99 29 12 14 0.264588 
44 52 13 17 0.26097283 
508 314 10 12 0.25145993 
546 319 9 12 0.23388574 
596 133 11 13 0.21892722 
86 56 13 16 0.20582974 
574 316 11 12 0.18631893 
290 333 14 17 0.17416398 
119 340 12 17 0.15240316 
631 424 18 22 0.14480706 
759 389 10 13 0.14386897 
254 319 14 18 0.13517049 
465 312 9 10 0.13215698 
549 335 10 10 0.12644507 
302 316 13 16 0.118542604 
544 324 11 14 0.10912931 
479 340 9 11 0.10723774 
374 128 11 14 0.10663369 
488 315 9 13 0.10505139 
545 333 9 11 0.101642005 
290 311 9 13 0.09697973 
138 98 13 15 0.09618662 
575 324 13 16 0.09349533 
470 139 9 11 0.091036454 
419 109 14 17 0.08955015 
321 322 11 14 0.08933062 
304 303 10 12 0.08914113 
125 77 8 12 0.08858806 
851 107 26 33 0.085992984 
500 177 13 16 0.085610755 
895 348 24 30 0.0826166 
504 132 8 9 0.08121088 
763 380 12 16 0.07922271 
784 275 12 14 0.07823854 
487 137 8 10 0.0764251 
165 327 13 16 0.074788585 
315 334 13 17 0.07073451 
285 160 26 31 0.068579234 
234 334 9 12 0.06741539 
781 128 8 10 0.06628611 
205 73 20 31 0.0631714 
576 134 10 13 0.062066805 
278 341 8 12 0.06109452 
231 66 15 19 0.05984994 
815 367 11 13 0.05887741 
958 394 16 21 0.058309082 
231 350 8 10 0.057946347 
735 151 8 9 0.056020383 
557 327 12 14 0.05469446 
81 268 9 11 0.054403782 
502 352 10 11 0.053355925 
519 294 9 12 0.053177126 
433 335 9 11 0.052890617 
476 111 10 12 0.052336235 
419 119 15 18 0.05207936 
123 335 11 15 0.051784556 
480 139 9 11 0.05169347 
845 150 9 13 0.0514969 
140 317 11 14 0.05132194 
171 65 26 34 0.050260793 
38 47 13 15 0.05005926 
381 126 10 13 0.048767436 
241 269 10 11 0.04813513 
308 303 11 14 0.047357503 
247 346 11 13 0.04693214 
248 324 12 15 0.046812836 
418 324 8 11 0.045945257 
729 120 8 10 0.04514622 
792 391 8 10 0.044648778 
368 163 13 18 0.044527333 
438 341 8 10 0.04399367 
530 157 9 12 0.043771837 
471 99 11 13 0.04327293 
592 127 10 12 0.043046672 
213 343 9 11 0.042753257 
101 53 12 18 0.042129524 
246 285 9 12 0.04209663 
495 295 9 11 0.04206004 
39 40 9 12 0.040869407 
425 350 10 13 0.04037443 
429 180 15 17 0.038756974 
48 31 9 12 0.03850859 
235 299 12 15 0.038429197 
776 277 9 11 0.03830776 
839 155 13 18 0.03806644 
644 324 12 14 0.037863806 
405 142 10 12 0.03784249 
229 99 14 18 0.037488133 
645 332 11 13 0.037274215 
404 341 10 13 0.036499936 
400 105 13 17 0.036234874 
397 426 25 29 0.036112472 
171 339 12 15 0.035969116 
890 329 43 53 0.035699923 
56 339 14 17 0.035666246 
495 135 8 9 0.0354505 
806 112 10 11 0.035312876 
594 137 9 13 0.035161756 
183 337 17 22 0.035006538 
752 387 13 17 0.034977008 
422 325 9 11 0.03481339 
182 132 28 33 0.034630876 
579 309 11 16 0.03454054 
579 317 12 14 0.034213126 
825 165 16 21 0.03403892 
244 267 12 14 0.0338242 
501 292 10 13 0.03376395 
493 311 10 14 0.03340101 
734 125 8 11 0.03324789 
819 373 12 14 0.033221498 
370 122 20 26 0.03312827 
568 324 11 14 0.03303051 
189 73 25 30 0.03268955 
470 334 12 13 0.032469854 
371 169 13 17 0.032420766 
99 45 11 15 0.03239951 
798 314 11 13 0.03222864 
537 327 9 12 0.03206122 
471 150 10 12 0.03197236 
239 279 10 12 0.031908173 
639 336 11 13 0.031727917 
136 87 10 14 0.0316702 
135 322 15 17 0.031608388 
524 300 11 15 0.031456 
392 144 11 13 0.031365402 
447 320 9 11 0.031258672 
816 146 9 13 0.030979171 
306 318 14 18 0.030968372 
33 287 7 10 0.030836497 
446 139 9 12 0.030740848 
603 132 11 14 0.030730437 
638 345 14 16 0.030461144 
750 380 13 16 0.030407531 
871 69 117 154 0.030108146 
843 191 15 19 0.029989347 
220 286 9 11 0.029924488 
778 127 8 10 0.029816857 
93 23 19 24 0.029811658 
569 316 12 14 0.029551724 
390 323 11 14 0.029453099 
380 310 11 16 0.029445974 
247 358 11 14 0.02933855 
832 151 8 11 0.029322637 
487 126 8 11 0.029116856 
71 291 9 11 0.029099302 
513 293 10 12 0.029090166 
556 275 13 16 0.028837591 
86 268 10 12 0.02877654 
765 374 12 16 0.028753946 
855 299 12 15 0.0285822 
252 333 13 16 0.028544113 
387 92 12 13 0.028525468 
125 84 10 13 0.028446818 
775 270 10 13 0.02839972 
144 310 11 13 0.028381912 
830 155 25 34 0.028381908 
241 284 9 13 0.028189704 
912 148 9 11 0.02790457 
304 372 10 12 0.027864723 
216 270 9 12 0.027778067 
798 396 10 11 0.027736284 
141 87 11 14 0.027667198 
899 333 12 15 0.027623845 
837 370 12 14 0.027481928 
619 342 12 14 0.027208192 
759 119 7 9 0.027167352 
560 415 31 44 0.027125744 
221 271 10 12 0.027063841 
638 397 8 10 0.027051168 
432 340 9 11 0.026994927 
788 362 11 14 0.026879009 
358 358 8 11 0.026851071 
297 304 9 11 0.026641363 
733 163 11 13 0.026457844 
239 342 8 10 0.026283 
399 366 10 13 0.026200749 
234 342 7 10 0.026191596 
614 119 13 15 0.025988178 
496 127 9 11 0.025928281 
545 313 9 13 0.025916006 
511 301 12 14 0.025906416 
431 326 10 12 0.025893794 
491 417 12 15 0.025892545 
454 324 10 13 0.025874613 
591 120 9 11 0.025645383 
884 342 11 14 0.025644185 
167 319 12 14 0.025592314 
206 270 10 11 0.0255745 
316 320 19 25 0.025538413 
931 317 12 13 0.02540378 
471 126 8 12 0.025252508 
583 127 10 11 0.025017401 
845 306 10 14 0.024994731 
91 81 12 16 0.024939777 
439 334 8 12 0.024881322 
315 344 13 15 0.024785794 
281 144 40 44 0.024643281 
188 336 10 14 0.02444792 
178 269 9 11 0.024419965 
398 144 10 12 0.024405112 
247 335 12 14 0.024322856 
121 70 10 14 0.024321834 
486 174 9 12 0.024315761 
891 89 29 34 0.024313353 
358 151 8 12 0.024172504 
895 350 15 19 0.024130382 
167 103 39 48 0.024115354 
246 335 19 24 0.024073912 
272 286 9 13 0.024028983 
792 396 9 12 0.02395868 
462 351 11 13 0.023807697 
518 315 10 13 0.02379276 
788 284 11 13 0.023717694 
248 365 12 15 0.023561494 
482 316 10 13 0.023445843 
117 337 21 26 0.02341609 
490 294 9 13 0.023160014 
495 142 8 10 0.023131637 
861 212 13 17 0.02310324 
389 125 10 13 0.022995071 
374 138 10 13 0.022986729 
547 338 12 13 0.022726938 
260 92 17 23 0.022721294 
317 308 10 13 0.022634573 
356 309 11 13 0.02260955 
426 110 11 15 0.022540677 
94 270 9 11 0.022501793 
616 131 12 15 0.022463555 
500 301 13 15 0.022425467 
189 285 10 13 0.022265237 
185 390 8 11 0.022230508 
439 326 10 12 0.022188978 
559 144 8 10 0.0221173 
629 111 13 15 0.02206178 
199 270 11 12 0.022014743 
830 158 12 15 0.02190291 
502 310 19 23 0.021798601 
397 323 11 13 0.021795154 
225 93 25 31 0.021771243 
735 374 10 14 0.021675466 
225 351 9 10 0.021570543 
621 317 11 14 0.021564003 
544 326 21 25 0.021541227 
790 291 11 12 0.021538816 
509 128 8 10 0.021135174 
462 165 9 12 0.021099629 
397 74 11 14 0.020838168 
952 398 22 29 0.020803256 
936 342 11 15 0.020652005 
139 337 14 17 0.020601453 
524 294 10 14 0.020466842 
509 323 17 22 0.020453244 
237 327 10 12 0.020422544 
769 363 11 15 0.020363187 
384 295 17 23 0.02028648 
744 142 10 11 0.020151053 
288 346 12 15 0.020071369 
383 86 13 15 0.020028232 
