2_Demonstration_Protesters_2_714
39
399 480 54 65 0.99409854 
190 424 62 69 0.9908516 
623 382 67 84 0.9740801 
329 603 54 63 0.28997913 
419 288 18 23 0.16189979 
24 302 28 35 0.11041788 
412 262 29 37 0.07462632 
872 242 15 18 0.06803634 
378 352 18 23 0.06797313 
411 291 21 26 0.058484513 
676 158 18 23 0.056639 
26 318 29 37 0.05544357 
671 458 88 130 0.046221744 
381 249 14 20 0.0454518 
615 298 69 83 0.042582963 
547 230 194 265 0.042573355 
602 320 95 110 0.04030974 
308 277 14 19 0.0368418 
715 375 51 67 0.035085473 
916 222 15 18 0.033865068 
366 159 14 19 0.033271685 
401 296 17 23 0.033147175 
358 476 27 35 0.032635704 
253 288 16 18 0.030410195 
485 158 375 418 0.028531794 
605 204 12 16 0.027368248 
470 551 52 58 0.026856776 
587 237 129 153 0.026774786 
594 475 16 22 0.024487365 
867 602 15 20 0.024283303 
561 407 42 49 0.022708269 
554 400 29 38 0.022698438 
351 236 12 17 0.022507543 
290 438 31 39 0.022168647 
567 308 96 105 0.022052618 
46 347 32 36 0.021571169 
266 530 28 34 0.020901294 
564 331 63 67 0.020563412 
557 460 15 22 0.020170908 
