2_Demonstration_Demonstrators_2_100
24
408 134 259 356 0.99966276 
698 357 99 146 0.82982564 
914 350 48 67 0.7028014 
269 35 92 132 0.15456375 
727 298 90 120 0.14793254 
882 250 57 73 0.13281253 
391 635 198 244 0.107660346 
425 726 119 125 0.10070873 
765 304 68 77 0.091349564 
390 732 242 237 0.06683121 
711 337 71 95 0.06400136 
951 286 45 56 0.061127022 
755 373 97 136 0.055377193 
73 21 188 215 0.049478482 
704 310 155 241 0.03254598 
833 360 51 66 0.02941469 
404 452 240 268 0.02723732 
48 876 350 490 0.026868876 
365 717 398 388 0.025689902 
296 359 403 404 0.022087855 
119 190 220 253 0.020634452 
207 52 115 144 0.020488521 
399 761 114 134 0.02035084 
412 689 98 122 0.020292662 
