2_Demonstration_Demonstration_Or_Protest_2_644
186
146 181 26 33 0.999076 
101 237 29 41 0.99839646 
232 65 25 32 0.99714583 
821 278 23 29 0.9930883 
878 309 28 36 0.9885156 
767 287 25 34 0.9838314 
331 89 21 30 0.9810751 
931 275 22 28 0.9737317 
175 173 21 28 0.9456949 
852 272 19 24 0.93813246 
20 32 19 22 0.9313508 
834 141 18 24 0.9031644 
644 238 19 23 0.84549683 
403 240 21 26 0.84465224 
489 315 18 24 0.78109956 
655 274 27 33 0.72119886 
369 247 22 27 0.7148962 
427 230 22 31 0.66684145 
966 263 31 37 0.6639254 
653 293 25 36 0.60745716 
295 236 13 19 0.5845907 
715 246 22 34 0.55597115 
560 278 24 31 0.47621894 
571 122 14 19 0.4570835 
237 219 14 20 0.39556158 
519 274 21 27 0.39365083 
540 195 16 19 0.36380127 
203 55 24 37 0.29718393 
475 294 16 21 0.28773618 
418 236 22 30 0.2532026 
211 49 14 18 0.2360858 
270 285 20 31 0.23343225 
553 244 16 20 0.21038325 
700 259 25 36 0.2058598 
523 266 16 20 0.19602393 
513 247 16 19 0.17264941 
594 273 14 21 0.16825284 
315 154 17 23 0.15629113 
445 283 17 22 0.14341356 
503 197 12 15 0.14013244 
474 161 15 18 0.13822609 
384 246 17 22 0.1331583 
562 152 46 64 0.12213372 
525 150 17 21 0.10480837 
478 276 15 17 0.10391544 
478 305 22 26 0.10193906 
164 175 21 29 0.10046901 
865 432 37 35 0.096753016 
171 292 16 18 0.09339659 
470 209 13 16 0.08539462 
478 187 13 16 0.08150951 
354 248 24 30 0.08010393 
475 283 17 21 0.07811813 
214 63 27 33 0.07658896 
640 114 11 15 0.073747166 
867 351 27 34 0.07347864 
436 229 14 21 0.071511075 
504 227 11 17 0.07149816 
342 315 12 15 0.071340844 
317 91 26 33 0.0690082 
502 267 11 16 0.06241377 
732 96 15 18 0.061215177 
644 112 14 17 0.05889725 
498 243 13 19 0.056675803 
658 268 21 24 0.055448793 
710 245 17 27 0.055350825 
542 268 15 21 0.055139184 
223 170 14 19 0.05450991 
535 111 86 127 0.052451946 
538 152 15 21 0.048475776 
461 231 15 20 0.04841921 
805 177 13 16 0.048240904 
159 293 29 30 0.047547635 
494 248 13 18 0.046506703 
440 234 13 19 0.0464791 
655 308 32 40 0.044704854 
953 267 29 34 0.0446341 
196 718 26 33 0.043004528 
944 230 12 15 0.042343874 
592 148 12 17 0.041251242 
160 280 27 31 0.039871365 
515 258 17 21 0.03922205 
531 261 14 18 0.039168164 
556 137 12 17 0.03793231 
96 177 15 19 0.03778878 
451 284 22 28 0.037715252 
144 290 52 49 0.037564833 
471 274 13 19 0.037172943 
429 284 13 19 0.0367968 
484 182 12 15 0.036670614 
477 182 12 15 0.03629615 
644 282 27 35 0.035432853 
32 107 40 50 0.035370216 
830 150 14 22 0.0344342 
426 323 27 29 0.0344008 
549 250 23 31 0.033669308 
211 727 14 21 0.03344604 
577 271 23 33 0.033371568 
174 166 15 19 0.032956332 
558 229 12 14 0.03276883 
590 254 12 17 0.03226884 
20 190 35 42 0.03207947 
439 257 12 17 0.0320309 
510 163 12 19 0.031439055 
984 269 18 24 0.030980175 
435 279 21 28 0.030969188 
431 6 29 35 0.030878035 
533 157 16 22 0.030291464 
641 297 29 38 0.030244112 
0 224 20 32 0.030219786 
530 272 15 21 0.029852675 
222 703 16 20 0.029281348 
144 256 45 48 0.029259633 
149 303 32 31 0.029244144 
202 140 26 28 0.028994521 
483 268 15 19 0.028976398 
830 163 12 19 0.02878812 
85 247 25 33 0.028679902 
271 276 12 18 0.028641557 
507 221 12 16 0.028366858 
411 294 25 31 0.028319674 
198 69 15 21 0.028214253 
500 168 15 18 0.027858708 
775 297 28 35 0.027854312 
458 122 15 18 0.027733324 
78 2 25 28 0.027567495 
339 201 15 21 0.02741196 
260 617 14 17 0.02716903 
460 297 15 20 0.027104834 
32 91 33 40 0.0270138 
550 265 24 33 0.027001897 
869 322 28 36 0.02690927 
495 264 13 19 0.026334375 
-2 341 34 46 0.026334291 
409 210 14 18 0.026267262 
864 336 25 32 0.025862513 
496 237 12 16 0.025648365 
566 163 27 38 0.025593191 
466 227 14 19 0.025345832 
515 239 14 17 0.025302079 
471 185 13 18 0.025274247 
632 115 11 15 0.024971569 
518 154 15 19 0.024967236 
32 32 15 20 0.02486113 
486 251 13 17 0.024812857 
409 310 17 24 0.024785046 
301 232 20 26 0.024721995 
473 203 15 19 0.024694933 
490 297 16 22 0.024440525 
33 246 16 21 0.024189696 
495 194 13 17 0.024093365 
550 139 12 17 0.024086071 
525 280 22 29 0.023420654 
455 228 14 19 0.023291608 
401 194 23 27 0.02324486 
470 169 14 19 0.023223681 
580 256 23 31 0.023081737 
565 265 25 37 0.022919219 
581 253 15 19 0.022363076 
425 279 22 30 0.022273611 
269 299 16 26 0.022258963 
594 286 16 22 0.022151731 
588 186 13 19 0.022115955 
533 169 13 17 0.022028603 
350 248 17 23 0.022000417 
434 316 17 18 0.021996425 
611 259 14 18 0.021863883 
508 266 14 19 0.02173562 
482 163 13 17 0.021075217 
260 278 35 50 0.020930989 
503 208 13 17 0.020915234 
718 254 32 39 0.020861436 
595 142 14 17 0.020780576 
327 263 12 16 0.020684611 
523 252 14 17 0.020664703 
141 309 28 31 0.020575419 
463 210 13 16 0.020473698 
286 213 10 13 0.020384487 
562 236 13 17 0.020343985 
443 167 16 19 0.02027703 
273 271 9 13 0.020189429 
532 170 52 63 0.020177083 
605 259 14 17 0.020117939 
542 141 13 18 0.020038076 
498 310 25 34 0.020037161 
437 274 15 22 0.020001268 
