2_Demonstration_Demonstrators_2_195
43
690 61 111 130 0.9994672 
322 188 61 85 0.99565446 
390 184 75 110 0.99342394 
282 220 31 44 0.93050575 
48 220 20 23 0.3631201 
911 164 94 170 0.29313493 
462 164 40 49 0.23449692 
75 267 10 13 0.14954951 
398 157 12 15 0.10813859 
517 13 24 28 0.094465554 
41 223 29 32 0.08796436 
314 37 23 25 0.07283843 
289 217 19 27 0.067456946 
990 40 23 32 0.04985058 
852 19 32 39 0.048400823 
539 255 60 52 0.045046 
225 168 52 64 0.041105576 
34 228 43 52 0.038883474 
466 5 53 59 0.036914255 
13 276 48 80 0.036069337 
535 49 13 16 0.035462044 
511 54 13 14 0.03224237 
602 71 19 23 0.03216893 
506 -2 45 46 0.031891607 
433 17 13 17 0.031741794 
886 34 28 30 0.030833423 
546 257 35 32 0.029819045 
294 227 30 46 0.028115107 
203 179 64 74 0.027913615 
527 124 15 19 0.02734675 
888 34 15 19 0.025519593 
393 151 22 26 0.023956588 
44 214 18 22 0.023765322 
1003 443 21 39 0.023208281 
856 164 40 39 0.023205452 
156 229 101 106 0.022256097 
259 196 48 63 0.022053007 
619 300 32 44 0.021519173 
495 138 32 37 0.021198858 
929 20 28 29 0.021040427 
967 24 15 18 0.021032937 
204 243 56 60 0.0203317 
371 47 15 18 0.020268155 
