2_Demonstration_Protesters_2_561
659
200 81 19 23 0.99179006 
26 378 17 22 0.98896676 
300 337 16 21 0.9862178 
746 233 17 22 0.98563045 
725 411 15 18 0.9854116 
339 447 16 20 0.9843002 
500 322 18 22 0.9821728 
400 130 18 21 0.9779625 
642 219 18 24 0.97795063 
234 292 18 22 0.97584593 
160 423 17 22 0.9746455 
138 312 19 23 0.9739464 
131 216 17 18 0.9723895 
642 378 18 22 0.97051156 
754 442 16 21 0.9700332 
40 411 17 21 0.9677221 
533 130 18 23 0.96596867 
104 430 17 22 0.96356225 
104 384 18 23 0.96192294 
176 394 19 22 0.9618182 
261 237 15 18 0.95886844 
667 499 18 20 0.95875484 
791 457 18 23 0.95798063 
444 461 19 22 0.9566732 
185 358 19 23 0.9554639 
813 262 17 20 0.9537398 
489 135 18 22 0.9493842 
710 237 18 21 0.94868237 
462 377 16 21 0.9485884 
394 254 16 24 0.9439876 
445 139 16 20 0.9409432 
940 504 19 23 0.93780273 
178 308 17 21 0.9347299 
495 483 20 22 0.9344509 
774 225 18 21 0.933838 
858 315 17 21 0.9276935 
553 139 18 23 0.9271606 
380 402 16 22 0.92685264 
782 411 16 23 0.9218584 
646 471 18 23 0.918379 
286 91 17 22 0.9174616 
576 414 19 24 0.9101012 
862 496 20 24 0.9094314 
544 493 18 21 0.9039045 
888 190 17 24 0.8979697 
257 387 16 23 0.8935695 
825 427 15 20 0.8733089 
953 653 16 23 0.8732545 
290 439 16 19 0.87019145 
546 304 17 21 0.86920273 
718 468 19 21 0.86808723 
866 607 15 21 0.8628636 
604 498 16 19 0.86099756 
440 287 18 22 0.8606721 
76 267 15 19 0.8360585 
16 259 16 23 0.8266713 
92 317 21 25 0.82185984 
872 642 18 23 0.81698346 
737 514 21 24 0.7948745 
682 428 19 23 0.7880199 
28 301 12 16 0.7741468 
735 369 14 17 0.7705634 
624 440 18 23 0.7608317 
287 318 16 21 0.75172496 
993 460 17 21 0.73313713 
805 494 16 20 0.7268646 
647 423 17 22 0.7077372 
21 325 15 19 0.70545584 
837 450 14 22 0.70388633 
479 302 15 19 0.70036244 
114 200 13 19 0.696546 
421 368 16 21 0.6939666 
307 407 15 19 0.68034506 
582 384 21 25 0.614279 
433 436 16 20 0.61254644 
320 88 18 21 0.60334826 
95 223 14 19 0.579661 
901 519 18 21 0.57274646 
852 416 15 17 0.5492127 
766 577 17 24 0.54347694 
0 336 11 20 0.5257597 
851 532 20 23 0.5111099 
205 228 12 14 0.49478287 
767 390 15 19 0.4929054 
584 459 19 21 0.48843777 
935 626 14 18 0.47567716 
832 396 18 21 0.4651215 
524 486 10 13 0.42431432 
955 538 15 18 0.42280048 
819 403 15 17 0.4166426 
19 334 16 22 0.41614813 
898 666 16 21 0.41601717 
238 371 15 19 0.40873602 
217 261 15 18 0.39471793 
801 332 15 19 0.3871074 
227 343 15 21 0.3789314 
59 312 13 17 0.35615718 
106 295 17 21 0.35435867 
396 330 16 21 0.35042292 
313 310 17 20 0.34425294 
212 444 14 17 0.3373316 
768 525 20 22 0.3294017 
520 348 18 22 0.32538122 
118 360 17 20 0.30512717 
220 128 15 20 0.29491445 
173 220 12 15 0.29143047 
278 267 12 14 0.29001263 
925 483 17 22 0.2728381 
218 329 14 18 0.27283338 
1013 474 11 16 0.2620187 
930 236 17 22 0.2618315 
953 485 16 20 0.26136938 
775 335 13 19 0.25622222 
250 324 17 19 0.2553791 
878 473 12 15 0.23366621 
213 380 17 25 0.23247364 
141 276 17 21 0.23154134 
374 261 11 15 0.22439013 
284 398 14 19 0.2234781 
339 108 15 18 0.22295769 
702 421 13 17 0.22167374 
781 249 17 22 0.2202115 
797 610 16 19 0.21850087 
528 560 17 18 0.21848719 
53 383 15 21 0.21842727 
813 410 12 18 0.20399271 
611 457 14 18 0.20232868 
956 550 15 20 0.20165773 
672 475 16 19 0.19736487 
463 549 12 18 0.1847466 
428 367 18 25 0.18416137 
171 242 14 17 0.18142045 
402 334 18 21 0.17692512 
244 243 12 14 0.17193104 
166 276 14 18 0.17132409 
498 361 17 20 0.17052571 
45 316 13 18 0.16668437 
968 63 10 12 0.16006818 
686 457 14 19 0.15987831 
54 315 13 17 0.15859415 
915 476 22 28 0.15794817 
331 90 14 18 0.15529674 
469 555 11 16 0.15448245 
36 360 15 19 0.14957827 
856 525 17 18 0.14761427 
13 388 13 16 0.14189607 
72 213 12 14 0.13998528 
615 422 14 17 0.13880794 
16 253 12 18 0.13879071 
323 384 14 19 0.13223676 
762 544 16 19 0.12779523 
911 474 14 22 0.12766953 
696 314 19 20 0.121223904 
301 262 13 16 0.11994039 
357 133 14 21 0.11909453 
992 490 12 16 0.11738111 
915 392 8 11 0.114834316 
756 410 15 17 0.11386751 
761 470 18 23 0.11278706 
179 326 16 19 0.11028387 
858 361 15 19 0.110207245 
750 409 13 17 0.10922558 
101 293 16 19 0.10851622 
247 262 12 14 0.10793639 
263 276 13 16 0.104154445 
384 281 12 17 0.099339485 
1011 76 11 17 0.098440275 
124 370 14 19 0.098124474 
349 306 14 19 0.09812122 
503 353 20 24 0.097419955 
442 522 14 16 0.09629356 
294 259 12 15 0.096138984 
407 301 16 19 0.09308566 
855 355 13 19 0.093028225 
847 411 15 20 0.09300986 
714 546 14 19 0.09265103 
830 571 14 19 0.090436436 
459 170 14 18 0.08886517 
439 226 15 20 0.0883449 
853 481 15 22 0.087580875 
37 220 13 15 0.085385375 
148 234 15 18 0.08506575 
140 324 17 22 0.0844088 
76 217 13 15 0.08366076 
166 246 15 19 0.08160405 
333 319 16 22 0.08123278 
73 262 12 16 0.07908034 
132 207 16 20 0.078730986 
265 284 14 18 0.07695489 
829 646 11 13 0.07635532 
367 284 10 14 0.07617483 
183 444 15 18 0.07311628 
765 533 20 25 0.07178849 
628 467 15 20 0.07167924 
460 403 15 20 0.0709475 
529 436 15 18 0.07028468 
1005 506 15 21 0.07027994 
270 269 12 15 0.070024 
205 246 11 14 0.06942391 
576 398 24 30 0.068438955 
866 599 16 20 0.06800941 
916 607 9 11 0.06781825 
442 370 12 20 0.067126155 
1 246 9 12 0.06683965 
80 234 12 14 0.06617853 
82 449 15 19 0.066133134 
1011 66 11 18 0.06588712 
309 268 9 11 0.06584311 
646 444 14 18 0.065579936 
939 479 14 20 0.065445915 
931 477 15 22 0.06529133 
341 301 14 18 0.06516052 
291 328 18 23 0.06284323 
895 264 12 14 0.06277535 
819 457 16 21 0.061845187 
817 338 14 17 0.06171349 
227 460 16 18 0.06161161 
29 221 12 14 0.0615985 
404 324 13 18 0.06149949 
966 70 52 69 0.06122208 
15 247 11 14 0.061151344 
130 376 14 19 0.06076306 
635 465 18 24 0.06073601 
387 274 15 21 0.059869744 
50 320 14 18 0.059542976 
634 457 14 19 0.05951214 
801 607 22 26 0.0593457 
880 259 12 16 0.059262156 
848 456 15 18 0.05896593 
646 412 22 27 0.057782225 
469 283 14 19 0.057441894 
147 274 21 24 0.057295594 
411 337 13 17 0.05698529 
743 457 14 20 0.05682014 
955 647 15 19 0.056778446 
623 469 13 19 0.056484062 
830 452 18 25 0.056406397 
93 309 17 19 0.05637654 
858 424 14 16 0.05630511 
816 398 13 15 0.056079388 
1006 500 13 17 0.056028184 
610 494 15 20 0.055840954 
763 420 16 18 0.054536402 
500 285 11 14 0.054449636 
290 311 15 19 0.054294445 
791 297 13 16 0.05391528 
238 221 10 12 0.053806413 
253 299 14 18 0.053209715 
222 336 15 21 0.052702803 
71 329 14 19 0.05263101 
209 373 15 19 0.05261976 
280 90 16 20 0.052307058 
904 327 10 13 0.05227717 
126 232 14 18 0.052182395 
905 658 17 20 0.052087218 
117 258 13 18 0.052066896 
356 322 15 20 0.05202268 
796 324 17 23 0.05178904 
44 219 11 13 0.051742125 
233 221 9 11 0.05150785 
246 223 10 12 0.051492356 
310 292 12 17 0.05143698 
6 382 21 27 0.051354103 
913 395 10 14 0.051350966 
200 213 10 12 0.05125681 
727 521 13 17 0.05088781 
841 403 15 18 0.050717704 
702 414 13 16 0.050610244 
100 213 14 18 0.050577573 
772 383 14 18 0.050486527 
85 212 13 17 0.050452482 
68 409 15 21 0.050216407 
146 267 17 20 0.04971789 
140 260 14 16 0.049084276 
285 261 11 14 0.049043123 
36 308 12 17 0.048673425 
86 227 14 17 0.04864571 
501 277 9 12 0.048551977 
972 81 14 16 0.04848804 
539 449 16 19 0.04812963 
831 363 13 17 0.047992583 
634 448 14 19 0.04797411 
35 479 15 18 0.047623686 
246 228 11 13 0.04725593 
318 94 14 21 0.047251 
284 246 9 11 0.047130547 
856 556 17 21 0.047120508 
207 436 15 18 0.046965826 
333 300 14 19 0.046924736 
936 609 10 12 0.046790864 
13 308 10 13 0.046746396 
241 238 10 13 0.046503153 
721 307 14 17 0.046163525 
47 243 14 17 0.045960143 
117 192 14 16 0.045934204 
502 351 11 16 0.045865774 
166 238 14 19 0.045240868 
0 311 7 13 0.04515912 
338 313 17 24 0.045145776 
326 258 11 15 0.044964805 
181 215 9 13 0.044917013 
198 234 13 16 0.04453155 
250 266 13 15 0.044473145 
411 393 16 21 0.044374723 
737 377 15 18 0.044339184 
216 434 17 20 0.044153027 
539 552 23 25 0.043662358 
437 406 11 14 0.043544725 
574 448 12 18 0.043540705 
4 454 17 26 0.04303154 
82 469 12 15 0.042967435 
30 362 15 19 0.04284843 
808 259 16 20 0.04247998 
680 283 11 15 0.0423918 
201 222 11 15 0.042314846 
94 301 15 18 0.042279948 
520 480 18 23 0.042245623 
1002 466 14 18 0.04223862 
258 468 14 19 0.042151667 
85 484 12 17 0.042143792 
391 326 14 18 0.042133775 
622 492 11 17 0.042063337 
124 197 12 15 0.042023182 
77 208 10 13 0.04184742 
82 475 13 17 0.04181811 
813 332 12 18 0.041722503 
752 449 21 27 0.04165221 
545 133 19 23 0.04165136 
549 559 16 19 0.04162124 
912 610 11 14 0.041565213 
463 259 13 17 0.04156423 
735 384 14 18 0.04130485 
833 577 14 19 0.041276462 
579 443 15 18 0.041218508 
866 524 14 18 0.040988587 
1008 58 14 20 0.04091203 
259 410 15 21 0.040307093 
531 471 15 18 0.039966397 
107 323 14 18 0.039921343 
221 349 15 21 0.03984924 
230 239 10 12 0.039718155 
894 600 14 17 0.039322436 
2 372 13 16 0.039131634 
947 491 20 25 0.03911333 
323 306 15 20 0.039096557 
45 379 13 20 0.039063673 
205 214 9 12 0.039028186 
100 284 16 18 0.038928207 
232 372 13 18 0.03877626 
1011 605 11 16 0.038672574 
309 385 17 20 0.038635843 
339 87 11 15 0.038450595 
716 319 16 19 0.0383431 
306 394 19 22 0.038099 
774 417 15 18 0.037840918 
940 483 20 27 0.037570357 
758 478 15 21 0.037278254 
143 282 21 25 0.03722965 
199 245 12 15 0.03714596 
581 451 16 20 0.036903795 
913 658 15 18 0.036793552 
158 305 14 20 0.03677882 
414 373 16 22 0.03667196 
183 497 13 14 0.036572065 
598 493 17 20 0.036454763 
924 466 17 20 0.03629013 
835 380 14 16 0.036090113 
164 445 14 20 0.03596032 
339 325 15 21 0.03592213 
558 359 11 14 0.035856307 
866 363 14 18 0.035855368 
286 254 10 13 0.035628363 
317 377 15 22 0.035198282 
69 395 14 18 0.035140626 
311 526 9 11 0.03503654 
114 329 14 20 0.034989268 
907 330 12 14 0.034968894 
64 339 20 28 0.034968078 
939 621 14 20 0.03482071 
764 400 17 21 0.034746524 
360 541 19 22 0.03457916 
252 223 10 13 0.034353517 
332 530 11 14 0.034303695 
314 403 14 18 0.03416115 
381 308 13 17 0.034137286 
5 252 11 15 0.034066882 
677 456 16 21 0.03388132 
247 392 14 20 0.03386648 
190 261 11 14 0.03382417 
228 266 13 16 0.033613335 
101 422 15 18 0.03351342 
462 196 13 17 0.03347325 
103 205 13 16 0.033202294 
756 568 24 31 0.03293397 
612 426 19 25 0.0328693 
253 229 12 15 0.03286718 
349 276 11 13 0.03285953 
24 260 14 18 0.03251405 
909 420 15 19 0.032513056 
827 578 22 28 0.032465316 
517 310 12 15 0.032423936 
934 495 18 26 0.03230679 
347 114 12 17 0.032273203 
2 344 13 19 0.032261234 
123 202 14 18 0.032231316 
250 347 15 17 0.032152787 
350 122 13 18 0.03212631 
478 294 13 18 0.03162682 
900 388 12 15 0.03160436 
171 270 15 18 0.031554624 
411 476 12 14 0.03145815 
356 126 13 17 0.031436633 
496 571 11 15 0.031372953 
428 537 15 19 0.031343114 
0 387 12 17 0.031264264 
771 582 24 29 0.031191474 
850 593 15 19 0.031136451 
255 242 12 15 0.031109555 
266 296 16 21 0.030977705 
155 227 15 19 0.030902868 
166 215 12 16 0.030868977 
8 308 10 14 0.030819764 
912 597 12 15 0.03081728 
59 408 15 20 0.03080488 
586 290 16 19 0.030747484 
172 300 18 21 0.030723782 
240 321 14 18 0.03068607 
852 540 22 28 0.03061495 
473 555 14 18 0.030405456 
999 507 13 18 0.030396178 
319 105 11 17 0.030394688 
740 464 13 19 0.030394556 
536 301 22 29 0.030341249 
606 582 13 14 0.030313356 
308 485 12 15 0.030179935 
199 259 12 15 0.030143648 
3 381 16 21 0.030103136 
994 484 14 16 0.030030878 
852 601 14 18 0.03000901 
73 417 16 21 0.029786376 
19 247 14 17 0.029754791 
200 252 11 15 0.029550761 
341 276 12 16 0.029504562 
730 329 16 21 0.029467905 
267 477 11 15 0.029347302 
404 495 15 19 0.029322285 
707 425 11 14 0.029142762 
725 441 12 17 0.028976014 
644 368 14 18 0.028884105 
147 352 15 20 0.02880229 
330 304 20 26 0.028595923 
914 469 15 18 0.028564876 
374 206 12 18 0.028432187 
372 282 12 18 0.0283186 
51 250 12 16 0.028157646 
260 212 9 11 0.028083822 
-1 420 12 21 0.027955014 
397 318 12 16 0.027840622 
548 294 15 18 0.02783008 
52 229 14 17 0.027745994 
335 276 13 17 0.027654259 
263 290 13 17 0.027601123 
381 267 12 17 0.027488276 
748 245 15 20 0.027441252 
113 293 16 20 0.027425975 
390 334 15 20 0.027414644 
343 318 19 26 0.027375257 
227 428 15 18 0.027355015 
997 499 12 16 0.027138025 
847 340 12 15 0.027015004 
418 392 17 22 0.026945654 
166 224 13 17 0.026932254 
454 177 14 18 0.02687589 
232 215 9 13 0.026837703 
831 388 15 19 0.02680912 
788 295 22 27 0.026807092 
492 449 13 17 0.026799388 
92 484 13 17 0.026774414 
561 468 17 20 0.026724424 
6 241 10 13 0.02669938 
280 253 10 13 0.026681945 
73 337 17 22 0.026669787 
828 405 16 21 0.026606658 
136 264 20 27 0.026547166 
923 268 13 15 0.02654437 
435 419 14 19 0.026543224 
197 204 11 14 0.026507417 
760 446 16 20 0.026492003 
987 188 20 34 0.026473943 
219 117 16 21 0.02640678 
285 334 14 20 0.026380975 
222 459 14 17 0.026276197 
20 271 13 18 0.026164606 
374 305 12 18 0.026118962 
884 424 15 16 0.026105674 
162 300 15 19 0.026073536 
647 399 14 17 0.026065368 
531 298 13 18 0.025967715 
769 227 13 18 0.025964338 
72 236 11 14 0.025924012 
989 471 14 21 0.025837773 
607 464 14 20 0.025822837 
687 316 15 17 0.025808651 
835 370 13 16 0.025769679 
317 238 16 21 0.025657084 
124 472 14 16 0.025626794 
754 547 21 26 0.025583323 
456 355 13 15 0.025487607 
548 444 13 17 0.025476016 
440 441 15 20 0.025458531 
146 261 15 17 0.025402803 
179 334 18 21 0.025378734 
316 394 15 19 0.025367314 
754 426 22 26 0.025335573 
771 424 13 18 0.025302896 
235 277 14 17 0.025286682 
684 297 15 18 0.0252623 
903 481 14 22 0.025149962 
967 61 21 27 0.0251103 
310 138 10 14 0.02508131 
204 259 14 17 0.025054436 
637 495 15 19 0.02504286 
453 524 11 14 0.025009947 
353 312 16 22 0.025009923 
277 282 13 17 0.02490176 
432 428 15 20 0.024887916 
1011 469 17 27 0.024706598 
616 455 18 24 0.024646504 
224 243 11 13 0.024620557 
509 347 21 26 0.024612494 
827 532 14 19 0.024609882 
94 419 14 18 0.024592847 
340 124 13 16 0.024523018 
634 478 17 22 0.024473801 
489 153 16 20 0.024451135 
715 269 16 19 0.024414137 
260 298 14 19 0.02434185 
860 325 14 19 0.024293644 
830 552 14 21 0.024282815 
21 339 21 25 0.024259781 
138 299 22 27 0.024155699 
278 238 10 13 0.024143029 
796 254 15 20 0.024116363 
580 581 13 16 0.024035938 
1011 493 12 17 0.024019213 
550 465 13 18 0.024004923 
384 396 17 22 0.023978224 
916 612 12 15 0.023911957 
999 66 13 15 0.023872096 
582 213 12 15 0.023866246 
53 223 11 12 0.023798378 
907 485 17 22 0.023787446 
843 461 15 19 0.02378282 
44 368 14 21 0.023703724 
218 449 15 18 0.023635339 
814 343 13 16 0.023620818 
212 456 15 19 0.023603082 
627 489 15 20 0.02360224 
768 463 18 24 0.02358233 
39 237 13 15 0.023472065 
49 410 15 19 0.023429686 
533 550 13 18 0.023391463 
325 290 14 18 0.023360787 
591 380 18 22 0.023353618 
874 596 14 19 0.023350041 
854 339 10 14 0.023344774 
444 149 16 21 0.02320971 
733 355 22 26 0.023186356 
416 379 22 29 0.023164889 
308 297 15 21 0.023125615 
362 533 18 21 0.023085317 
692 422 20 24 0.02307445 
332 291 13 18 0.023025647 
242 369 21 24 0.022998756 
871 604 16 20 0.022989865 
764 518 15 18 0.022972558 
729 467 15 19 0.022959681 
716 442 15 19 0.02294572 
84 242 13 17 0.022901943 
907 534 15 19 0.02287228 
654 305 14 18 0.02283844 
488 491 11 16 0.022791492 
336 404 12 17 0.022733813 
593 464 14 18 0.022710172 
109 207 13 18 0.022648614 
946 627 13 17 0.02257129 
436 153 15 20 0.022414556 
381 389 15 20 0.022396857 
808 500 18 20 0.022371288 
124 259 13 17 0.022279168 
700 436 12 14 0.022278301 
524 370 14 18 0.022275152 
239 394 13 17 0.022193065 
166 486 12 14 0.022168683 
884 337 14 19 0.022044811 
251 336 15 19 0.022019926 
59 391 16 21 0.021984197 
1005 259 12 18 0.02185955 
318 527 9 11 0.021840481 
647 456 21 26 0.021819202 
902 671 18 20 0.021732595 
962 644 13 17 0.021712622 
462 236 11 14 0.021681504 
533 459 15 19 0.02166478 
26 314 15 19 0.02166386 
214 427 16 19 0.021618817 
309 371 17 21 0.021609249 
861 597 15 20 0.021600349 
348 251 11 17 0.021557668 
38 320 13 17 0.021534195 
536 270 10 13 0.021528045 
613 284 13 17 0.02148193 
26 275 12 16 0.02136844 
154 268 15 19 0.021357065 
970 77 27 34 0.021338496 
372 257 18 24 0.021338068 
199 468 12 16 0.021223765 
990 446 10 14 0.021192787 
315 300 18 21 0.021158893 
920 339 13 15 0.02112338 
8 284 11 14 0.021083856 
679 581 13 18 0.021072779 
135 280 15 19 0.021045009 
79 457 14 17 0.021040771 
462 394 14 18 0.021012891 
957 618 15 18 0.021000447 
710 442 13 17 0.020963507 
238 381 20 26 0.02096204 
351 129 14 22 0.020958701 
948 478 17 21 0.020949233 
786 422 16 19 0.020937365 
983 462 15 21 0.020916836 
67 495 18 21 0.020854646 
709 267 14 19 0.020797161 
788 313 16 21 0.020752622 
528 466 13 19 0.020669382 
534 534 10 13 0.020605966 
523 385 14 20 0.020598078 
972 669 14 17 0.02057066 
303 293 13 17 0.020557242 
738 501 16 18 0.020493796 
241 240 20 25 0.020431798 
430 279 20 26 0.020417677 
786 521 14 19 0.020411918 
491 129 15 16 0.020378586 
715 393 15 20 0.020361304 
957 658 20 25 0.020360904 
926 619 15 21 0.020281583 
7 275 12 16 0.020265209 
958 636 13 16 0.02022867 
960 652 15 20 0.020216884 
528 450 12 17 0.020172227 
59 483 15 19 0.020140603 
482 389 228 224 0.020119084 
51 259 13 17 0.020118618 
263 386 16 21 0.020102162 
509 449 13 17 0.020045169 
81 259 17 20 0.020015752 
86 438 14 17 0.02001232 
