2_Demonstration_Demonstrators_2_329
97
252 96 61 77 0.9996307 
203 46 49 65 0.99905986 
376 97 25 32 0.9981483 
931 182 33 38 0.99811614 
709 164 25 35 0.9971066 
859 165 40 49 0.9950198 
113 31 38 50 0.9849052 
792 189 21 28 0.96888465 
131 89 50 55 0.9530287 
664 150 24 32 0.924119 
961 192 22 30 0.92080295 
729 168 23 29 0.9197933 
980 221 25 31 0.91208726 
683 228 28 38 0.871834 
28 1 47 52 0.8592062 
605 174 11 14 0.82661694 
620 156 10 12 0.6460785 
808 211 21 30 0.33394688 
769 210 24 35 0.2295616 
646 161 14 21 0.19750284 
905 168 23 34 0.18441163 
1005 220 16 22 0.16082293 
591 158 11 14 0.15144457 
789 255 16 22 0.11445995 
600 198 8 11 0.112488374 
551 210 13 16 0.11218928 
909 165 15 18 0.103863366 
715 157 35 46 0.09583777 
955 208 26 34 0.094714366 
598 165 10 12 0.08878985 
755 211 29 36 0.07542865 
802 192 22 28 0.07530058 
654 152 21 29 0.071645126 
585 144 7 10 0.070789956 
777 204 34 48 0.05981757 
950 184 27 34 0.051674526 
991 221 21 25 0.051481016 
987 213 15 18 0.04973909 
640 161 14 18 0.047964036 
741 214 29 35 0.04793425 
586 158 9 12 0.046793513 
6 222 24 39 0.04512336 
779 209 15 23 0.0444084 
978 202 15 19 0.043357532 
380 125 25 32 0.04256514 
58 501 16 20 0.041758843 
793 316 38 56 0.041501176 
957 204 18 24 0.04122782 
972 214 25 34 0.040763784 
666 163 16 24 0.040152475 
585 148 8 11 0.03938238 
794 203 38 49 0.038830675 
967 189 17 20 0.038095158 
71 51 31 36 0.0368973 
948 294 13 17 0.036735523 
882 406 55 73 0.036683608 
605 150 9 12 0.03482156 
585 164 9 12 0.03456412 
813 202 16 21 0.033929367 
646 177 12 16 0.033908106 
602 144 8 10 0.033219587 
602 179 10 14 0.03321532 
623 181 10 12 0.0330996 
372 93 41 52 0.032305613 
606 156 11 13 0.032044213 
49 10 39 43 0.031260252 
615 151 19 22 0.031250376 
600 189 10 13 0.030537453 
760 185 25 29 0.028679987 
738 220 18 25 0.027840208 
599 149 10 12 0.02690583 
631 157 10 13 0.026687672 
786 198 23 33 0.02647039 
592 182 8 11 0.02618347 
575 150 8 11 0.02617868 
10 0 43 39 0.026150577 
467 65 15 18 0.025659593 
562 206 14 19 0.025130339 
604 197 9 13 0.024466347 
-5 213 47 68 0.024460178 
994 212 16 20 0.024450032 
416 110 57 71 0.02442167 
373 145 13 19 0.024256289 
568 182 9 12 0.023173876 
565 166 9 11 0.023080047 
721 217 25 34 0.022653168 
115 59 48 57 0.02236775 
684 177 25 31 0.022248834 
91 2 20 20 0.022181481 
980 209 17 21 0.021965805 
376 135 27 39 0.021731615 
590 152 9 11 0.021474535 
704 178 29 37 0.021122985 
759 216 40 46 0.021105511 
-1 1 36 44 0.02088553 
1002 281 24 46 0.020163303 
963 183 16 20 0.020007307 
