2_Demonstration_Political_Rally_2_545
34
673 186 50 62 0.99940383 
447 101 65 80 0.99913555 
194 85 51 64 0.99901986 
331 78 63 75 0.9988519 
715 139 47 57 0.99724317 
108 70 77 100 0.99347514 
290 136 31 36 0.9908488 
928 81 55 67 0.987693 
658 145 36 47 0.98344743 
533 158 44 52 0.9791155 
589 142 31 37 0.977393 
907 137 81 114 0.9386214 
567 163 26 35 0.28361443 
667 161 45 61 0.23026502 
918 89 77 104 0.16850533 
507 151 32 45 0.16124718 
754 143 30 42 0.15816884 
278 307 41 49 0.15498245 
602 146 31 37 0.11916563 
782 123 37 61 0.098333426 
578 148 29 37 0.080969535 
598 94 13 15 0.050112173 
759 158 29 40 0.048836008 
691 156 48 65 0.048325885 
979 44 44 73 0.041763745 
774 156 30 42 0.037262894 
958 60 47 64 0.03127097 
82 615 8 10 0.030830257 
34 601 15 21 0.023480253 
647 223 28 37 0.023261033 
866 90 13 19 0.023103498 
97 620 11 13 0.022752877 
527 674 12 13 0.0222557 
595 91 21 26 0.0201783 
