2_Demonstration_Demonstration_Or_Protest_2_117
358
661 414 27 37 0.9991997 
15 525 26 32 0.9985405 
626 410 23 31 0.9967662 
697 448 33 47 0.9965932 
935 471 33 38 0.9963805 
607 454 32 39 0.9962591 
512 436 29 37 0.9957573 
371 419 24 32 0.9945732 
437 428 27 30 0.9945437 
163 418 22 29 0.99407816 
972 432 25 30 0.992141 
912 606 34 47 0.99121827 
777 528 28 31 0.98528624 
803 458 29 32 0.9772799 
596 431 23 31 0.9750405 
281 438 23 30 0.97217137 
226 414 22 26 0.9700388 
173 385 19 24 0.96391433 
371 367 14 17 0.94455224 
129 427 21 27 0.9099657 
61 413 21 29 0.90267265 
364 347 11 14 0.89230144 
199 363 16 20 0.7866741 
992 265 17 22 0.7691813 
882 492 34 44 0.7422819 
183 340 14 19 0.7331865 
136 344 13 17 0.653365 
435 332 10 14 0.6171381 
405 362 15 19 0.5843119 
25 414 23 27 0.5808265 
748 277 11 14 0.5345758 
182 330 16 18 0.53357106 
779 303 15 19 0.49773982 
277 335 13 16 0.4922844 
446 350 10 12 0.48678064 
835 473 29 39 0.47503883 
306 215 16 21 0.47015852 
344 331 11 15 0.44577026 
336 406 17 23 0.40976003 
490 356 11 14 0.40813813 
541 373 17 22 0.3156855 
659 263 16 18 0.31425548 
431 407 23 27 0.31191713 
496 327 10 14 0.3118524 
60 330 12 16 0.30112785 
226 358 12 15 0.28236374 
383 331 10 11 0.2783197 
420 334 9 12 0.27478132 
684 301 10 11 0.25116858 
716 372 13 19 0.24081115 
648 315 12 16 0.22855255 
102 316 9 13 0.21685632 
855 223 12 15 0.20921744 
942 222 15 21 0.20702076 
480 328 12 16 0.19971965 
757 294 10 14 0.18560271 
572 256 24 31 0.17874981 
295 347 14 18 0.16443408 
420 339 10 13 0.16169614 
3 405 15 18 0.15906745 
607 308 11 14 0.15635988 
96 309 10 14 0.15425926 
145 369 14 17 0.14820793 
666 326 12 15 0.14343515 
232 421 21 28 0.14216101 
704 351 11 14 0.14174148 
202 331 15 20 0.13282627 
531 376 15 20 0.12506549 
113 349 9 12 0.124550834 
669 311 9 12 0.123434536 
732 395 15 19 0.11572222 
981 208 13 18 0.11498169 
891 243 11 17 0.11250355 
157 350 11 15 0.1095332 
782 291 14 17 0.107792646 
117 417 14 19 0.1055384 
764 252 12 15 0.10500953 
420 269 11 13 0.09578352 
46 239 11 13 0.09496456 
815 258 10 12 0.09456442 
409 356 14 17 0.09178022 
441 351 10 12 0.0868138 
174 330 13 15 0.08681217 
680 296 11 13 0.08661801 
118 169 22 34 0.08565337 
1013 165 9 13 0.08500967 
763 345 13 18 0.0845763 
492 456 23 29 0.08376068 
939 209 22 32 0.08172976 
777 291 11 14 0.076733515 
957 173 9 12 0.07419491 
413 352 10 12 0.071407534 
931 242 12 16 0.0709795 
484 326 13 16 0.07034253 
895 263 10 14 0.07009967 
680 264 10 12 0.06999856 
708 324 11 14 0.069577575 
601 307 12 15 0.06912857 
512 307 12 15 0.06911741 
81 399 20 28 0.068989456 
533 390 24 30 0.068657614 
470 315 8 11 0.06715169 
826 277 10 13 0.06668493 
801 124 14 16 0.06637679 
72 401 22 31 0.06566771 
669 362 10 15 0.06519879 
776 286 10 13 0.06488838 
512 300 12 15 0.06435973 
645 285 9 11 0.06392012 
737 255 9 12 0.06375989 
56 321 15 21 0.06250294 
829 488 26 34 0.062231425 
788 286 11 14 0.06213728 
30 458 13 17 0.061868373 
559 246 10 13 0.061830338 
944 212 12 18 0.06090756 
151 341 9 14 0.06037193 
887 236 19 29 0.059955742 
489 319 8 11 0.059624933 
38 309 9 12 0.05816817 
843 211 12 14 0.056895826 
85 380 12 15 0.0566192 
774 284 24 29 0.056463197 
822 255 8 12 0.056100927 
399 368 15 19 0.054407034 
978 204 12 16 0.05390367 
119 385 14 20 0.053650625 
277 226 14 18 0.05282838 
834 480 19 24 0.052761137 
91 403 16 21 0.052442938 
661 271 14 17 0.05236596 
881 498 21 25 0.051671967 
230 404 15 17 0.05105597 
408 319 7 11 0.0504677 
46 402 16 19 0.049956236 
116 344 9 11 0.049540684 
118 429 22 28 0.04924279 
95 305 9 12 0.0488795 
619 232 15 22 0.048524085 
103 321 11 13 0.048212927 
766 310 11 14 0.04780461 
760 318 11 14 0.047225997 
31 447 13 20 0.047195498 
11 410 14 16 0.046648536 
866 596 14 18 0.046540253 
286 272 13 17 0.044578277 
906 596 27 41 0.04447038 
564 262 18 23 0.04438966 
671 285 9 11 0.044136245 
503 302 9 10 0.043785855 
281 338 14 18 0.04350066 
527 371 14 20 0.043416206 
144 430 16 23 0.043185335 
415 308 9 11 0.04309641 
256 290 12 16 0.04298724 
377 369 14 18 0.042857 
81 383 10 13 0.042401813 
665 266 14 17 0.041856952 
496 442 26 33 0.04183827 
847 481 19 23 0.041810047 
231 307 11 15 0.041778006 
482 437 17 22 0.041707914 
551 246 9 12 0.040993445 
719 348 11 14 0.04095209 
571 251 18 21 0.040847976 
92 597 13 17 0.040093653 
825 283 10 12 0.03995772 
128 448 16 20 0.039759733 
792 521 27 35 0.03973999 
651 313 10 11 0.039729226 
680 325 10 13 0.03937059 
123 419 14 23 0.039359465 
421 328 10 13 0.039052375 
775 279 9 12 0.03881187 
151 348 10 14 0.038497757 
21 413 17 21 0.0384358 
1001 266 15 18 0.038423497 
594 435 37 50 0.038387474 
228 214 11 13 0.03812238 
450 348 12 15 0.037771415 
816 366 9 12 0.03755598 
151 355 12 17 0.03753089 
65 404 18 23 0.036988933 
255 324 13 18 0.036941472 
615 222 24 38 0.03657156 
162 355 12 16 0.03646222 
606 201 42 55 0.036213662 
109 432 16 21 0.036213048 
685 319 9 12 0.035260953 
846 572 39 51 0.034993492 
746 272 17 23 0.034868833 
696 435 25 30 0.034820452 
153 352 19 25 0.034678787 
739 258 12 13 0.034510184 
371 348 11 15 0.034309663 
683 355 16 19 0.03417407 
993 422 22 31 0.033971667 
93 353 11 14 0.03380271 
743 205 41 53 0.0335797 
815 299 11 16 0.033114407 
155 340 12 16 0.03295848 
648 349 11 13 0.03258076 
719 370 22 28 0.032417543 
382 188 30 36 0.032409795 
449 324 9 12 0.03225915 
465 311 9 12 0.032245897 
588 248 15 21 0.032136284 
490 326 20 24 0.03185799 
416 328 9 11 0.031758197 
901 262 11 13 0.031599198 
579 249 16 22 0.031291254 
832 489 14 20 0.031221254 
745 271 11 13 0.030699171 
661 294 10 13 0.030664911 
382 292 12 14 0.030593785 
737 398 17 22 0.030397238 
727 229 12 15 0.030190004 
432 351 10 12 0.030159209 
574 244 16 18 0.029925974 
152 336 9 13 0.029900696 
665 316 11 14 0.029868191 
211 324 13 16 0.029843643 
250 355 15 21 0.029595384 
406 337 10 14 0.029580284 
921 201 39 54 0.02954506 
346 401 18 23 0.029491356 
388 328 9 12 0.029460436 
149 377 12 17 0.029263984 
388 372 12 16 0.0292532 
751 289 19 25 0.02891538 
829 291 9 13 0.028831234 
759 259 11 14 0.02851695 
204 207 10 14 0.02848591 
843 464 28 37 0.02848132 
134 364 12 15 0.028446652 
665 283 10 13 0.02822072 
809 294 9 10 0.028028673 
678 361 15 18 0.027922679 
46 313 25 34 0.02780712 
434 397 17 19 0.027798496 
117 439 14 20 0.027688405 
273 337 21 28 0.027639594 
486 347 18 24 0.0275805 
814 294 9 12 0.027517688 
730 374 23 29 0.027479565 
854 478 36 47 0.027454505 
25 406 17 18 0.027410435 
565 253 15 18 0.027325759 
367 300 10 11 0.027317192 
842 490 19 27 0.027307281 
378 332 11 12 0.02720129 
346 337 12 16 0.026942404 
284 344 14 20 0.026922988 
640 302 8 11 0.02674849 
450 355 12 15 0.026533678 
725 347 11 13 0.026431287 
715 324 12 14 0.026276631 
416 328 17 22 0.026256312 
79 253 11 13 0.026193673 
112 352 12 17 0.026189258 
766 292 12 15 0.026183596 
93 306 18 23 0.026090015 
636 257 12 14 0.02600984 
744 550 21 29 0.02587745 
224 352 11 15 0.025735218 
27 436 22 29 0.025402635 
748 254 13 15 0.02531021 
746 346 16 19 0.025277823 
809 288 7 9 0.025244383 
35 458 15 19 0.025093907 
860 592 24 28 0.025031842 
416 273 14 16 0.024981253 
431 328 17 23 0.024784671 
587 260 16 24 0.024619048 
282 263 24 29 0.02458405 
934 218 20 30 0.024582399 
717 331 11 14 0.024576806 
815 287 9 10 0.024372658 
895 273 11 13 0.024369817 
334 394 22 29 0.024310831 
14 417 15 19 0.02420873 
28 424 24 30 0.023917617 
557 376 13 19 0.023874374 
756 286 9 13 0.023774518 
83 385 15 20 0.023676185 
527 382 16 21 0.023567641 
815 307 12 16 0.02355697 
869 515 46 58 0.02353918 
784 298 15 21 0.023477713 
660 350 11 12 0.02347545 
908 212 11 13 0.023384033 
133 353 14 19 0.023295235 
42 417 13 18 0.02323148 
100 610 17 23 0.02322082 
702 216 8 12 0.023208532 
915 165 13 15 0.023177696 
760 287 22 29 0.022970583 
684 263 9 11 0.022889191 
493 319 10 13 0.022889074 
797 285 9 11 0.02276571 
127 358 11 16 0.022731632 
4 441 14 21 0.022730159 
798 462 20 23 0.022676878 
650 355 15 17 0.02261874 
848 220 13 17 0.022586085 
660 255 15 18 0.022561057 
663 358 11 15 0.022545993 
118 362 10 15 0.022412432 
716 319 10 12 0.022357104 
860 474 14 19 0.022273768 
370 358 15 19 0.02218774 
80 282 11 17 0.022094706 
502 270 8 9 0.022091018 
765 302 22 28 0.022032704 
789 328 14 17 0.022014568 
748 334 13 14 0.02197597 
129 345 12 17 0.021967787 
528 285 12 15 0.021898873 
1 407 22 29 0.021775667 
809 259 10 13 0.021709025 
376 394 14 19 0.021684812 
901 492 15 19 0.021560472 
702 345 18 23 0.021550365 
552 252 38 47 0.021541188 
679 319 10 13 0.02150002 
674 419 26 35 0.021356318 
631 259 13 15 0.021349816 
12 419 23 30 0.021334013 
496 271 9 9 0.021313237 
19 426 22 30 0.021299724 
961 609 26 39 0.021281332 
677 295 19 23 0.021255495 
388 340 13 18 0.021192638 
927 230 19 28 0.021108229 
603 303 19 24 0.021096872 
377 341 21 27 0.02104794 
527 394 14 19 0.02102184 
509 301 19 26 0.020951528 
564 373 14 18 0.020936135 
617 204 12 16 0.02091692 
685 306 11 14 0.020734267 
776 388 13 17 0.020713083 
57 417 15 20 0.020638132 
757 268 10 14 0.020612242 
910 262 11 12 0.020604273 
732 342 13 15 0.020596195 
230 457 15 20 0.020586094 
818 293 20 28 0.020573508 
677 284 12 14 0.020519182 
90 308 11 14 0.020439856 
379 399 17 21 0.020427458 
693 355 12 16 0.020285983 
673 262 21 26 0.02022893 
101 486 13 15 0.020157654 
928 280 8 11 0.0200418 
36 407 23 29 0.020038558 
611 303 11 14 0.020036025 
102 434 14 18 0.02000872 
