2_Demonstration_Demonstrators_2_314
180
68 325 32 46 0.9869718 
415 254 27 34 0.98425716 
204 267 28 36 0.9168085 
3 320 22 28 0.9038566 
607 360 37 67 0.89877915 
257 269 26 30 0.8255855 
483 301 26 39 0.7973164 
507 255 28 32 0.7512697 
20 390 40 55 0.61353916 
113 263 25 28 0.3898276 
526 313 30 37 0.298348 
334 294 16 20 0.29198727 
382 279 22 32 0.28893608 
236 395 33 45 0.27847716 
695 374 58 102 0.26388335 
896 386 50 53 0.2601825 
221 578 30 32 0.24182686 
81 496 42 53 0.23547721 
213 699 77 71 0.20917511 
573 310 29 34 0.20667276 
141 262 16 23 0.1997644 
402 249 31 37 0.19460042 
63 228 29 35 0.19208066 
547 262 14 19 0.1884573 
659 253 51 60 0.1856765 
128 262 23 27 0.17006487 
225 311 28 36 0.15715703 
281 294 32 41 0.15379879 
1 275 11 18 0.15216246 
245 263 26 34 0.15204865 
57 295 29 34 0.13759668 
362 416 50 57 0.13245885 
468 306 32 37 0.12278771 
531 253 15 21 0.11636853 
653 290 17 22 0.11533884 
522 256 17 21 0.103849135 
596 255 18 21 0.10221494 
540 255 19 24 0.10169684 
321 367 37 43 0.09795912 
565 276 22 27 0.0936305 
376 401 50 57 0.08847116 
743 353 24 41 0.085549675 
130 301 31 36 0.0845862 
91 303 28 34 0.08265507 
642 262 47 57 0.08156827 
65 309 31 42 0.070027724 
503 266 28 35 0.06716483 
45 391 41 54 0.065367505 
665 267 30 35 0.06536357 
389 268 24 33 0.06419224 
271 272 17 23 0.064180896 
178 243 17 20 0.06209334 
183 322 58 61 0.060854167 
80 310 30 41 0.059681516 
247 390 41 54 0.058279134 
604 644 89 90 0.058034755 
651 280 27 36 0.05796082 
412 92 29 29 0.056724735 
759 296 51 60 0.054853115 
216 273 19 24 0.054151915 
468 449 43 57 0.05279752 
45 298 44 52 0.05271306 
519 307 25 37 0.05259635 
494 298 26 38 0.052412808 
636 278 30 34 0.052374538 
583 272 45 53 0.05195917 
51 489 54 62 0.051832408 
611 261 15 21 0.051762085 
7 472 45 71 0.050320946 
118 306 31 34 0.047967635 
50 328 29 35 0.047062047 
671 384 47 77 0.04650764 
582 267 11 16 0.045910075 
272 278 27 33 0.04493265 
0 395 49 70 0.044357616 
500 304 34 45 0.042730335 
60 282 29 34 0.042545598 
269 301 26 37 0.042407412 
432 264 16 21 0.041976955 
628 228 86 97 0.041052 
877 441 53 65 0.040568665 
447 311 40 48 0.039730985 
235 263 24 35 0.039700218 
172 339 54 61 0.03939662 
575 290 43 51 0.03824735 
637 44 12 14 0.037967578 
159 269 31 31 0.037257094 
502 282 25 38 0.03691173 
603 263 17 20 0.036200467 
589 266 14 17 0.03605243 
19 478 26 45 0.035871904 
151 723 62 50 0.034764726 
763 302 17 22 0.03392321 
3 257 16 21 0.033309598 
531 398 43 48 0.033112913 
863 401 46 55 0.032843046 
197 272 19 26 0.031315252 
292 445 59 62 0.031116951 
641 290 32 37 0.030909903 
449 473 52 64 0.030810514 
534 321 33 36 0.030736562 
406 394 31 43 0.030470567 
709 328 49 64 0.030136852 
249 252 27 32 0.029796796 
203 357 51 63 0.029354982 
130 245 16 17 0.028979909 
881 404 58 64 0.028824626 
732 296 16 18 0.028726522 
147 294 29 37 0.02867002 
394 281 13 20 0.02860543 
258 418 31 42 0.028605 
657 262 10 13 0.0280478 
53 295 18 22 0.027970573 
102 257 26 33 0.027965374 
314 345 35 46 0.027777422 
84 348 32 44 0.027635187 
119 251 27 31 0.026643107 
172 260 28 35 0.026493689 
595 263 28 32 0.026222631 
154 283 25 33 0.026124585 
533 234 12 15 0.026043916 
435 332 42 51 0.02596668 
591 257 14 20 0.025512643 
280 274 16 20 0.025486266 
189 323 35 37 0.025332464 
985 690 39 83 0.025121404 
573 270 14 16 0.025104616 
554 286 26 34 0.025089018 
579 273 14 19 0.025069859 
170 249 25 31 0.024992269 
660 265 15 20 0.02467126 
553 528 40 34 0.024601454 
265 258 19 24 0.024265047 
486 350 39 51 0.02401651 
281 459 33 44 0.02401092 
270 306 16 23 0.023821063 
0 272 18 28 0.023683002 
43 211 42 45 0.023569878 
730 362 51 67 0.023568869 
609 343 30 41 0.023526512 
32 329 24 30 0.023287648 
542 298 29 37 0.02326989 
506 486 33 33 0.023166621 
234 297 41 50 0.023024432 
667 265 17 24 0.022858953 
659 274 15 21 0.022814067 
227 306 19 25 0.022678811 
1 254 11 16 0.022664774 
533 491 59 52 0.022622513 
404 358 19 20 0.02247756 
11 326 23 31 0.022376165 
388 331 28 34 0.022363817 
234 414 34 44 0.02233197 
793 72 29 30 0.022301747 
236 450 39 42 0.02229136 
223 318 18 23 0.02205692 
182 256 25 29 0.021908091 
32 191 30 40 0.021797871 
398 262 17 23 0.02179286 
169 239 20 28 0.02164474 
729 292 25 33 0.021587297 
763 297 29 36 0.021536194 
743 317 51 65 0.021341708 
160 301 55 59 0.021337949 
585 254 9 13 0.021206815 
252 438 28 39 0.021181667 
-1 334 12 24 0.021051787 
654 277 12 16 0.021022312 
185 248 17 19 0.020846818 
1 262 23 29 0.020809999 
210 284 40 49 0.020683184 
43 437 11 16 0.02063985 
196 329 18 20 0.020385267 
565 46 12 14 0.020349192 
340 404 55 60 0.020345429 
552 306 40 44 0.020299735 
266 407 35 46 0.020257104 
26 401 55 74 0.02013672 
186 264 26 33 0.020119365 
518 410 47 50 0.02009502 
