2_Demonstration_Protesters_2_912
294
880 333 25 33 0.99908686 
835 326 29 35 0.9963257 
146 433 23 30 0.9910875 
478 309 26 33 0.9875494 
42 348 15 19 0.9870482 
721 279 29 41 0.9837615 
252 337 17 21 0.97678614 
169 361 18 23 0.95482963 
996 351 23 29 0.9497476 
525 317 14 19 0.9438665 
548 314 18 22 0.9070092 
647 347 13 17 0.89707935 
599 319 21 29 0.71267676 
951 311 12 15 0.6908299 
64 348 10 16 0.63168836 
936 336 21 27 0.63062614 
367 326 13 16 0.62124044 
354 350 16 20 0.58645254 
260 389 20 35 0.5378248 
439 314 10 14 0.5018534 
115 370 19 22 0.47100475 
757 357 13 15 0.4294707 
787 332 18 22 0.42761222 
191 338 12 16 0.4068077 
643 550 16 20 0.35205325 
618 323 13 17 0.33910558 
653 326 12 15 0.3339933 
511 309 10 14 0.32871065 
919 341 12 18 0.32779905 
288 318 9 13 0.3188168 
637 324 9 12 0.3090979 
405 483 15 21 0.30466983 
232 372 20 28 0.2924991 
513 338 18 24 0.28617924 
325 343 10 13 0.284996 
812 286 10 11 0.25654066 
341 330 9 12 0.24589615 
395 310 9 11 0.2325464 
327 410 12 17 0.22561797 
270 394 21 33 0.18154544 
655 318 11 13 0.17029634 
420 303 9 13 0.16094504 
179 523 14 16 0.14988762 
528 293 11 14 0.14786266 
390 302 9 11 0.1370343 
268 318 9 12 0.13672212 
284 408 15 21 0.13413061 
714 368 15 18 0.13226135 
293 323 9 11 0.12992525 
296 304 8 10 0.12350126 
302 347 12 16 0.114790834 
496 285 8 10 0.11419521 
683 310 16 19 0.10962776 
565 319 13 19 0.1060062 
303 396 11 15 0.09976202 
457 322 22 30 0.09448666 
329 302 9 10 0.09300311 
390 269 8 10 0.09238747 
573 295 9 13 0.08987882 
393 315 9 11 0.088950895 
842 377 15 20 0.08877998 
409 331 11 15 0.08791586 
723 276 17 22 0.087791935 
200 354 13 18 0.08726305 
447 298 11 15 0.08699122 
631 325 11 13 0.08682098 
659 323 11 15 0.086555585 
389 284 10 12 0.08626475 
334 311 8 11 0.08389558 
648 332 14 17 0.08271957 
661 317 10 13 0.08258344 
297 309 9 12 0.08190944 
711 281 26 36 0.080361664 
312 308 8 10 0.0779605 
269 335 11 15 0.07679506 
612 325 13 20 0.076501 
292 404 14 18 0.074531354 
254 395 17 23 0.07218509 
412 327 11 14 0.07033546 
348 361 15 18 0.067687824 
369 308 10 12 0.06736536 
240 331 9 12 0.06665062 
397 341 10 13 0.066440046 
180 355 15 19 0.06620713 
922 336 18 27 0.06611641 
410 316 10 12 0.065888554 
598 308 14 18 0.06349557 
316 450 16 20 0.062682435 
230 381 15 25 0.062006507 
963 377 25 27 0.060709134 
974 307 13 17 0.06005778 
443 310 11 17 0.0595383 
970 395 24 28 0.059254494 
631 332 10 14 0.05910812 
439 287 9 11 0.056724347 
434 315 11 14 0.055745553 
282 317 9 12 0.054920483 
288 302 8 10 0.05484578 
282 425 15 21 0.054480344 
301 404 11 15 0.05444648 
599 303 11 13 0.053663462 
386 302 8 10 0.05281846 
361 287 8 10 0.05234709 
344 348 21 27 0.05174287 
529 273 8 10 0.051654883 
457 277 8 10 0.051380638 
302 304 8 10 0.05096023 
331 309 8 11 0.05068735 
352 308 8 11 0.050457414 
792 529 16 22 0.049784083 
982 345 12 19 0.049470924 
346 302 8 10 0.049121495 
781 340 19 27 0.04888138 
198 343 15 21 0.048792485 
513 272 8 10 0.0487183 
500 314 12 17 0.04779493 
417 296 8 11 0.047456328 
374 320 11 14 0.04728837 
265 322 10 14 0.04704321 
234 384 21 30 0.046943422 
390 342 14 16 0.046609387 
515 309 12 15 0.046412278 
360 296 8 9 0.045439787 
911 344 15 20 0.044925377 
359 302 8 11 0.044489514 
568 297 11 14 0.044222366 
388 294 10 13 0.043995548 
639 313 9 11 0.043845583 
374 304 8 10 0.043843526 
512 288 9 11 0.043575928 
304 295 7 9 0.0426247 
890 426 13 18 0.042229563 
311 294 8 9 0.04127891 
285 287 8 10 0.041227613 
621 294 9 12 0.04103802 
390 264 8 10 0.04065444 
351 296 8 10 0.0405016 
590 309 14 17 0.040406637 
327 335 9 12 0.040271435 
186 344 15 20 0.040182475 
321 342 18 24 0.040070847 
968 308 12 15 0.039880786 
668 315 13 16 0.039353605 
776 332 11 14 0.039076965 
709 294 14 21 0.038707606 
555 313 20 26 0.038579162 
945 309 12 15 0.03815059 
175 579 11 12 0.038124982 
433 288 9 10 0.037509095 
516 350 14 19 0.037421465 
516 302 11 14 0.037346754 
303 270 8 10 0.037258737 
663 577 14 16 0.0371462 
52 348 12 17 0.037045874 
641 538 17 19 0.036937807 
301 317 8 11 0.03677954 
800 300 12 16 0.036776714 
6 644 12 17 0.03657161 
398 327 10 12 0.03655073 
810 289 14 16 0.036458656 
375 495 14 18 0.036053073 
658 330 13 16 0.035860088 
791 335 22 27 0.03557209 
350 302 9 11 0.035271496 
302 336 8 11 0.034856297 
221 385 21 29 0.03436467 
345 296 7 10 0.03406076 
343 310 9 11 0.033766814 
339 335 21 28 0.033680886 
206 329 15 20 0.033633616 
571 321 13 19 0.033300027 
298 466 15 17 0.033189364 
332 418 11 15 0.03311354 
416 309 10 12 0.03258565 
645 357 14 19 0.032286685 
630 338 12 15 0.032159146 
489 279 8 10 0.032120977 
142 408 16 19 0.032053154 
590 308 23 30 0.031681016 
534 272 8 10 0.03167282 
844 288 9 11 0.03167175 
130 370 14 19 0.031587064 
329 295 9 11 0.031360786 
351 482 11 13 0.03129342 
287 312 9 12 0.03083104 
983 352 15 22 0.030705364 
453 294 10 14 0.030648569 
502 287 7 10 0.030565726 
548 324 16 21 0.030013544 
368 304 9 11 0.029915506 
231 327 10 13 0.029679533 
401 465 24 38 0.02958304 
445 285 8 11 0.029123321 
535 337 13 18 0.028991904 
263 379 13 20 0.028987207 
142 419 25 31 0.028963508 
577 271 7 9 0.028937025 
1011 408 11 18 0.028768662 
509 320 13 17 0.028718807 
312 318 8 11 0.028470391 
358 319 10 12 0.028428564 
581 323 14 21 0.028345421 
312 288 8 11 0.028244834 
359 309 8 10 0.027831312 
393 456 9 11 0.027783398 
661 346 12 15 0.027630175 
553 284 9 11 0.02733113 
589 321 16 23 0.02728956 
297 348 11 15 0.02725556 
280 312 10 12 0.027123684 
380 323 11 13 0.026898874 
339 431 11 14 0.026760053 
319 334 9 12 0.026627703 
198 318 9 11 0.026563315 
333 287 9 11 0.026561633 
918 389 13 16 0.026548633 
281 287 9 12 0.026529796 
901 317 12 15 0.02630321 
693 284 11 13 0.026204903 
798 286 9 13 0.026183216 
214 389 20 29 0.026061278 
583 310 11 15 0.02600862 
333 294 9 11 0.025856914 
185 334 13 16 0.02551563 
520 291 10 14 0.025464937 
327 335 20 26 0.025372129 
457 286 8 10 0.025327692 
357 367 12 16 0.025190365 
618 299 10 13 0.025182031 
513 278 8 10 0.024816563 
979 401 25 30 0.02471149 
342 317 10 11 0.02470734 
705 482 160 191 0.02459196 
543 284 9 11 0.024489002 
663 312 10 12 0.024451435 
309 342 10 14 0.024345813 
122 366 18 22 0.02427425 
245 395 16 20 0.02425186 
328 399 11 18 0.024206856 
311 478 13 15 0.02414567 
565 312 11 15 0.024072804 
433 292 11 13 0.024000887 
294 271 8 10 0.023989642 
407 336 11 16 0.023944255 
774 327 11 13 0.023924436 
631 527 24 29 0.023878835 
553 272 8 10 0.02382083 
775 328 23 26 0.023753881 
356 341 14 18 0.02372894 
968 401 14 19 0.023696152 
390 304 17 23 0.023691306 
472 321 26 33 0.023648772 
462 277 8 10 0.023553487 
280 323 10 13 0.023340877 
286 334 10 12 0.023333909 
852 297 22 26 0.023321941 
378 278 8 11 0.023226216 
659 365 14 16 0.02308624 
296 333 9 11 0.023066938 
351 342 13 17 0.02297542 
507 304 21 27 0.022973917 
383 279 10 12 0.022948347 
447 279 8 11 0.022916913 
513 334 13 17 0.02288469 
632 319 18 23 0.02286674 
997 394 24 36 0.022855612 
775 348 22 28 0.022689244 
665 313 21 26 0.022675725 
653 363 15 18 0.022612132 
329 288 8 10 0.022496045 
304 288 8 11 0.022325065 
319 253 10 12 0.022311002 
661 357 13 17 0.02226813 
343 362 14 18 0.022218669 
990 354 18 21 0.021955153 
398 333 11 15 0.02175606 
772 292 11 12 0.021751614 
532 309 12 16 0.02167559 
366 320 13 16 0.02163272 
802 295 21 24 0.021439532 
413 499 12 15 0.021189874 
794 324 17 19 0.021025473 
253 317 10 13 0.021003533 
591 302 10 12 0.020967014 
532 333 22 27 0.020907223 
462 286 9 10 0.0208744 
751 360 14 16 0.020843664 
518 287 9 12 0.020819757 
332 346 13 17 0.02062986 
780 560 16 17 0.020625925 
979 418 14 17 0.02056436 
388 353 15 17 0.020540133 
318 490 13 16 0.020077454 
532 300 11 14 0.02000049 
