2_Demonstration_Political_Rally_2_491
54
630 374 29 41 0.9919138 
648 500 35 50 0.98405993 
541 500 33 48 0.96931577 
968 535 17 23 0.937789 
747 538 19 25 0.9179372 
864 527 20 24 0.8913007 
789 526 20 25 0.88936 
564 386 26 35 0.8854451 
583 492 52 79 0.8662314 
908 540 19 22 0.84353846 
388 462 19 26 0.7552155 
251 626 13 16 0.1951566 
221 584 18 22 0.18998016 
327 595 30 49 0.13154377 
447 612 56 53 0.1275436 
798 530 16 19 0.0825975 
273 616 10 13 0.080025665 
176 625 34 49 0.07658752 
634 372 20 25 0.073462054 
38 559 52 55 0.06363525 
112 570 64 75 0.04194606 
80 577 40 36 0.041375253 
286 638 21 35 0.040280946 
670 210 15 18 0.03369365 
187 604 44 62 0.03318686 
115 630 48 64 0.03296403 
909 576 24 27 0.03148466 
557 493 43 63 0.0310449 
2 532 96 120 0.030866936 
376 577 31 42 0.029461104 
336 644 10 15 0.029366758 
247 613 9 11 0.029158639 
572 336 14 16 0.028946243 
811 491 14 17 0.028937668 
796 171 12 15 0.027942047 
147 633 48 55 0.026977861 
43 563 30 36 0.026930368 
402 466 13 18 0.026657235 
27 578 95 113 0.026340786 
227 601 13 16 0.025528265 
396 525 27 32 0.025127377 
712 215 10 13 0.02478308 
216 590 24 33 0.022593517 
389 524 47 68 0.022314703 
199 660 29 33 0.021990642 
988 571 16 21 0.021802403 
89 570 62 58 0.02157779 
184 649 31 41 0.021403808 
981 575 17 22 0.02097029 
37 631 32 31 0.020821387 
967 181 13 14 0.020446844 
63 3 29 31 0.020327127 
51 565 16 20 0.020268109 
335 609 37 50 0.020202288 
