2_Demonstration_Demonstration_Or_Protest_2_476
2431
623 560 28 32 0.99161035 
137 496 19 24 0.99098295 
991 592 24 33 0.99046296 
274 502 21 26 0.98786587 
692 599 35 39 0.98786235 
193 502 19 23 0.98504317 
428 366 17 22 0.9849519 
781 504 25 28 0.9845584 
192 553 22 27 0.9838133 
126 293 14 18 0.9825906 
81 343 17 21 0.98122555 
577 328 19 22 0.9798636 
333 222 13 16 0.97922254 
786 443 25 28 0.9772176 
604 333 17 23 0.9770997 
823 588 26 30 0.97260135 
749 469 24 29 0.9722758 
515 399 21 25 0.972059 
121 359 18 22 0.9713098 
678 464 24 28 0.9703344 
947 445 26 30 0.9683943 
132 406 16 20 0.96711296 
754 578 30 32 0.96472967 
217 480 17 23 0.9627316 
627 455 24 29 0.9615455 
389 605 19 25 0.9607527 
474 283 16 19 0.95955443 
996 520 24 30 0.95886356 
875 532 27 35 0.9562434 
35 419 23 27 0.9525347 
28 223 15 17 0.94973904 
327 618 23 28 0.94916016 
740 373 24 28 0.9488016 
385 276 16 20 0.9472471 
524 467 17 22 0.94708294 
100 304 18 21 0.9440351 
235 163 16 20 0.9434418 
50 253 17 19 0.94273007 
691 377 21 25 0.9403591 
274 294 19 22 0.94027025 
318 200 15 17 0.93608546 
589 386 22 26 0.93566865 
901 389 24 26 0.93443376 
267 227 14 19 0.9274658 
847 324 22 25 0.92725307 
767 403 24 27 0.9264665 
539 362 22 26 0.9252414 
643 324 21 26 0.92484146 
493 293 18 22 0.9244902 
12 251 16 20 0.92373055 
247 483 22 26 0.92341465 
801 413 23 28 0.9208429 
524 570 22 26 0.9204992 
460 427 22 28 0.92015606 
944 289 23 28 0.9175485 
173 304 18 22 0.9139361 
579 255 18 21 0.9138438 
989 373 26 29 0.91301984 
196 260 15 18 0.91027397 
439 344 19 24 0.90994203 
226 426 20 25 0.90783817 
7 330 18 22 0.90780514 
827 432 24 28 0.90595305 
91 481 19 22 0.90580875 
983 319 23 28 0.9048303 
928 402 26 29 0.9043244 
320 252 17 20 0.9036108 
530 249 17 21 0.90269077 
237 310 19 22 0.90095556 
303 610 22 27 0.90076524 
579 437 23 26 0.89666504 
730 508 24 28 0.8956089 
500 494 23 27 0.8953938 
812 289 19 22 0.8947114 
880 473 22 28 0.89409983 
781 182 15 18 0.893526 
752 263 20 23 0.89317065 
905 291 20 24 0.8912423 
620 174 14 18 0.8873337 
281 359 17 21 0.88726574 
804 221 17 20 0.88657594 
179 159 14 16 0.88076794 
63 439 20 25 0.87913144 
808 246 20 22 0.8764651 
46 380 15 18 0.87632686 
920 257 20 23 0.87446123 
469 543 20 24 0.8744412 
108 427 22 24 0.8734253 
516 608 20 24 0.8724609 
553 465 23 29 0.86910164 
622 300 21 25 0.86714035 
435 212 17 20 0.8664282 
443 462 19 23 0.8661921 
418 406 21 23 0.8656789 
283 405 19 23 0.862328 
337 268 19 22 0.8598065 
425 491 23 27 0.8594796 
138 381 17 22 0.8583299 
639 429 21 25 0.85755664 
879 209 14 18 0.85499597 
46 233 14 16 0.8496132 
302 279 16 19 0.84853643 
401 170 14 18 0.848311 
499 352 17 20 0.8481196 
468 375 15 19 0.845034 
421 340 17 20 0.84108317 
293 246 14 17 0.83624345 
922 627 21 28 0.8330526 
111 131 14 16 0.8250294 
638 371 21 26 0.8236707 
520 299 18 21 0.818601 
509 215 16 19 0.8170758 
912 319 23 24 0.8168723 
169 119 16 19 0.8166814 
328 334 18 20 0.8135298 
908 190 14 16 0.8062514 
992 150 19 21 0.8018599 
878 415 25 31 0.80105144 
258 74 14 17 0.8004427 
885 175 14 18 0.80020964 
262 204 13 17 0.79887897 
80 419 19 23 0.7976016 
489 650 28 31 0.7971039 
372 295 15 19 0.79574883 
701 245 14 17 0.7914459 
456 263 15 20 0.7903128 
27 356 17 21 0.7887843 
213 646 27 30 0.7886081 
887 357 22 27 0.7871397 
207 377 15 18 0.78395355 
661 215 17 21 0.7760422 
200 444 21 26 0.7731146 
213 281 13 17 0.7728823 
221 405 17 22 0.7662193 
646 74 13 16 0.76447403 
191 327 16 19 0.7644552 
733 104 13 17 0.7638511 
87 261 13 17 0.75538814 
722 147 16 19 0.75530475 
138 233 17 19 0.7534321 
562 554 22 29 0.752617 
425 50 13 17 0.74804115 
789 101 14 16 0.7473421 
80 380 16 19 0.7468272 
575 364 19 21 0.74585867 
403 455 22 25 0.74213123 
572 501 23 25 0.73259395 
45 324 19 22 0.73143786 
825 181 15 17 0.73085415 
587 623 27 32 0.7303258 
360 247 19 22 0.72756076 
631 235 16 19 0.7272116 
733 281 19 21 0.72449344 
613 224 15 19 0.72025836 
181 404 16 20 0.719267 
516 104 14 18 0.7164999 
366 323 17 19 0.7143358 
402 225 17 19 0.7021483 
239 386 19 22 0.70110136 
732 419 25 30 0.6984348 
314 371 18 22 0.6972444 
252 344 19 20 0.6971796 
165 348 17 21 0.69549143 
503 179 13 16 0.69391364 
185 428 17 22 0.69172263 
262 431 17 22 0.69103307 
360 441 21 25 0.6870988 
670 430 24 27 0.68510115 
133 155 12 16 0.68432415 
431 299 18 21 0.6835248 
927 164 14 18 0.6830434 
555 314 19 21 0.68160033 
701 145 14 17 0.68016756 
741 235 16 18 0.67675585 
112 178 13 17 0.6737945 
363 402 22 24 0.67174983 
383 188 18 20 0.6702265 
416 265 17 21 0.66409665 
143 210 14 17 0.663365 
244 588 22 25 0.6581039 
714 96 13 17 0.65537447 
447 151 14 17 0.6444324 
94 232 15 17 0.64348215 
252 189 15 17 0.64293426 
651 531 29 33 0.6412495 
382 223 17 19 0.64108986 
314 169 14 18 0.6368129 
506 332 18 20 0.6362035 
331 111 14 15 0.63475585 
275 555 25 28 0.63284904 
868 298 18 20 0.63179475 
650 496 21 24 0.6316139 
376 376 17 20 0.6275952 
661 242 20 23 0.62466455 
215 221 14 18 0.62275887 
170 69 12 15 0.6226993 
629 123 13 15 0.62052625 
338 353 17 22 0.6193755 
517 196 16 19 0.6177343 
900 76 13 15 0.61054474 
690 214 16 19 0.60578084 
692 202 14 16 0.6028064 
557 227 16 19 0.602393 
332 495 22 25 0.5991479 
169 273 14 17 0.5975247 
150 164 15 18 0.5939194 
209 139 12 15 0.59352565 
527 162 13 17 0.59244627 
540 206 17 20 0.5908017 
243 234 13 17 0.58898854 
601 82 14 17 0.58421314 
292 208 16 19 0.58051884 
229 199 14 17 0.5769628 
90 70 14 16 0.5728858 
334 178 16 19 0.5713851 
827 74 12 15 0.56558067 
140 104 13 16 0.5634861 
324 292 19 23 0.5629782 
865 237 20 23 0.56122005 
131 187 14 16 0.56108874 
799 319 21 24 0.557909 
303 341 20 22 0.55677897 
863 389 23 27 0.554373 
675 181 12 15 0.55203724 
258 264 17 20 0.5517572 
734 206 16 19 0.55119956 
589 291 16 20 0.55021745 
591 109 12 14 0.5451423 
1003 218 17 20 0.5407276 
756 150 14 15 0.5374903 
427 124 14 16 0.5365474 
905 238 18 21 0.5357774 
607 195 13 15 0.5333497 
623 52 12 15 0.53279936 
322 133 13 15 0.5295097 
398 255 16 19 0.5287759 
645 15 11 15 0.5287215 
625 198 12 14 0.5238617 
795 133 12 15 0.51405317 
552 297 17 19 0.5120375 
569 53 11 13 0.51065457 
458 235 17 21 0.5060229 
301 86 14 17 0.50546354 
112 153 14 16 0.50479114 
13 220 12 16 0.50253725 
285 95 13 15 0.5008757 
972 225 15 18 0.49938884 
20 271 17 19 0.49808788 
395 114 14 15 0.49789056 
846 131 13 15 0.49370497 
414 83 13 15 0.4930841 
171 185 15 18 0.48883697 
752 291 20 24 0.4851087 
440 49 12 15 0.48298055 
953 101 14 17 0.47985032 
259 195 15 18 0.47966355 
439 102 13 16 0.47905847 
137 468 21 24 0.47853658 
662 93 12 15 0.47626683 
680 156 14 16 0.47619647 
86 193 15 18 0.4708767 
188 283 17 18 0.46918494 
63 66 11 13 0.4666873 
973 89 15 19 0.46577823 
445 86 11 13 0.46343052 
431 73 12 16 0.4626643 
153 187 13 16 0.45624438 
941 190 16 20 0.4552598 
551 100 12 14 0.45263854 
482 101 13 16 0.4517036 
471 332 19 21 0.44788215 
536 116 13 15 0.44758165 
409 35 13 16 0.44743684 
454 304 16 21 0.4471342 
488 35 11 13 0.43742839 
705 551 27 32 0.43723872 
180 220 13 15 0.43700984 
565 77 12 14 0.4354666 
993 242 21 27 0.43473002 
68 300 13 17 0.4347075 
671 274 15 19 0.43402427 
933 227 16 18 0.43132317 
402 433 19 22 0.4292047 
318 96 12 14 0.4284199 
270 111 12 14 0.42830983 
150 309 20 24 0.42576006 
146 429 20 22 0.4218249 
293 157 16 18 0.42177698 
89 130 12 16 0.4207891 
682 93 12 14 0.41723812 
190 234 15 17 0.4152989 
491 472 23 26 0.41496515 
99 402 19 22 0.41462106 
404 60 13 16 0.40801594 
772 153 14 16 0.40120238 
501 68 13 15 0.3997976 
940 357 28 32 0.39873245 
59 214 13 16 0.39605185 
770 92 14 16 0.39280164 
44 282 17 20 0.38899747 
1002 265 17 19 0.38443264 
523 45 11 14 0.3816447 
364 174 12 14 0.3807399 
478 216 16 18 0.38067976 
73 125 12 15 0.37819397 
254 245 14 16 0.3765288 
520 285 17 18 0.3738273 
848 234 15 17 0.37374103 
254 166 13 15 0.37357426 
423 148 13 17 0.3727532 
189 78 11 12 0.3678166 
90 219 14 16 0.36733168 
835 49 14 18 0.36708844 
286 127 12 14 0.3660751 
278 571 24 28 0.3654024 
856 178 17 21 0.36534065 
90 456 18 22 0.3609451 
692 259 16 19 0.35836366 
602 161 14 17 0.35710657 
206 79 12 14 0.35515437 
366 122 13 16 0.35337275 
332 435 18 22 0.35143143 
312 236 13 16 0.34679267 
333 63 15 18 0.34500685 
386 344 18 22 0.3425774 
477 181 13 16 0.34208226 
610 66 13 15 0.34147543 
812 268 17 20 0.34067172 
222 261 13 16 0.3403845 
40 203 13 15 0.33954245 
19 162 13 15 0.3393687 
402 126 12 15 0.33560443 
504 43 11 14 0.33505434 
683 164 13 15 0.32755604 
480 83 11 14 0.3243396 
716 128 13 16 0.32354033 
798 66 16 17 0.323334 
204 101 14 17 0.322534 
560 150 13 16 0.32244462 
503 236 16 20 0.32112867 
956 179 15 18 0.3200276 
482 227 16 20 0.31948826 
606 420 20 25 0.3183886 
376 35 13 17 0.31782553 
841 265 17 20 0.31675294 
677 119 11 14 0.3157897 
388 304 17 20 0.31568027 
748 67 11 13 0.31536886 
292 30 11 14 0.3151152 
696 122 13 16 0.3150749 
770 110 14 16 0.31413203 
351 101 13 15 0.31363663 
830 235 15 17 0.31329218 
341 400 18 22 0.31317684 
248 109 12 15 0.31252 
651 42 11 14 0.31221458 
191 132 14 16 0.3110161 
944 243 18 22 0.30986243 
206 61 12 13 0.30657443 
583 140 12 14 0.30483884 
188 92 13 16 0.3021441 
641 166 11 14 0.29773185 
297 59 11 15 0.29756442 
1 488 16 21 0.29434693 
992 114 13 15 0.29245165 
899 197 14 17 0.29114366 
621 265 16 18 0.2855213 
645 60 11 14 0.28451842 
600 132 12 15 0.2818347 
361 367 18 21 0.28118092 
662 197 15 17 0.28088412 
863 219 15 18 0.27845958 
943 149 14 18 0.27716988 
231 116 14 16 0.2742089 
126 85 11 14 0.27172494 
210 242 14 16 0.27106562 
98 109 11 14 0.2710644 
368 69 11 13 0.27070245 
477 125 11 13 0.26955613 
803 157 12 15 0.26900706 
574 202 16 18 0.26885846 
688 171 13 16 0.268812 
684 337 19 21 0.26770005 
780 250 17 20 0.26688156 
438 233 13 17 0.26654375 
945 383 27 29 0.26647982 
188 84 14 16 0.26555234 
415 91 13 18 0.26338735 
562 173 12 14 0.26160663 
908 296 24 28 0.25882256 
228 60 11 14 0.25864434 
181 25 15 17 0.25717786 
579 125 12 14 0.25616324 
779 45 13 15 0.2532064 
536 186 15 16 0.25224298 
654 189 12 13 0.25106338 
683 86 13 15 0.25062197 
664 303 17 22 0.24864976 
726 33 12 16 0.24797268 
927 122 14 17 0.24773328 
139 599 17 20 0.2471226 
374 9 12 15 0.24657679 
459 75 12 14 0.24634913 
519 146 12 15 0.24626374 
695 67 11 15 0.24585824 
551 260 14 18 0.24558504 
672 115 12 15 0.24316525 
676 55 10 12 0.24186003 
57 110 12 15 0.23991996 
573 12 12 13 0.2384503 
642 213 15 17 0.23819248 
260 134 14 16 0.23770967 
596 535 25 31 0.23764774 
863 414 25 31 0.2374691 
646 141 12 15 0.236406 
516 67 12 13 0.23619446 
651 273 16 18 0.23519984 
663 362 20 25 0.23518796 
141 72 10 12 0.23482493 
608 12 10 12 0.23466717 
455 172 15 17 0.23397465 
558 69 12 13 0.23380297 
839 201 15 18 0.23354769 
774 35 13 15 0.23249201 
746 117 13 15 0.23148178 
526 233 15 17 0.231425 
470 126 11 14 0.22977434 
774 218 15 17 0.22803672 
958 153 14 18 0.22772077 
581 149 13 16 0.22643457 
225 69 13 15 0.22424982 
735 435 24 29 0.22348218 
130 332 14 17 0.22244158 
985 415 24 27 0.22052804 
620 22 11 13 0.22001122 
635 98 12 14 0.21954761 
181 227 14 18 0.21912716 
800 162 13 17 0.21847132 
743 458 25 32 0.21493255 
365 206 13 15 0.21467042 
195 185 15 18 0.21254303 
593 53 9 11 0.21191078 
671 111 10 13 0.21086784 
687 11 10 13 0.21059431 
583 63 12 13 0.21012372 
480 69 10 14 0.20899895 
878 142 14 16 0.20898876 
95 169 14 17 0.20821923 
595 258 16 20 0.20790517 
486 60 11 13 0.20478585 
76 83 10 13 0.20418555 
737 44 11 14 0.20393346 
73 85 9 12 0.20318387 
103 61 8 10 0.20256348 
503 165 12 14 0.20187472 
694 44 12 14 0.2017489 
868 141 12 15 0.20095749 
676 77 11 13 0.19981308 
0 523 40 55 0.19976252 
687 62 11 14 0.19938529 
520 368 18 21 0.19917269 
582 99 13 15 0.19909124 
234 282 15 17 0.19896351 
487 145 14 16 0.197334 
991 123 13 17 0.19701286 
703 54 10 12 0.19607623 
916 267 21 27 0.19565459 
299 190 13 16 0.19552015 
120 100 11 13 0.19514549 
742 165 12 14 0.19511726 
629 5 11 12 0.1950577 
465 130 11 15 0.19419855 
660 157 12 15 0.19336739 
700 46 11 12 0.19320941 
331 86 11 13 0.19312645 
607 209 13 16 0.19288485 
622 92 13 16 0.19267872 
69 305 15 19 0.19163877 
350 130 11 14 0.1914338 
6 286 15 21 0.19137958 
387 61 10 12 0.19134621 
894 123 14 17 0.19111986 
522 82 12 15 0.1895318 
65 194 14 15 0.18935071 
277 82 14 15 0.187937 
629 30 9 13 0.18763919 
242 14 12 15 0.18761338 
56 86 10 13 0.18577155 
890 109 12 15 0.18333197 
270 153 15 16 0.18316004 
462 213 11 15 0.18301958 
203 169 16 19 0.18233532 
135 64 9 11 0.17895885 
279 45 10 12 0.17843588 
629 94 13 16 0.17808619 
844 138 14 16 0.17723377 
552 12 10 12 0.17663932 
907 414 22 29 0.17660704 
953 171 16 19 0.17515343 
343 27 13 14 0.1747358 
968 208 18 21 0.17456256 
132 263 15 18 0.1744683 
578 169 14 17 0.17435388 
485 454 25 27 0.1715195 
186 69 12 15 0.17068434 
865 227 17 20 0.17049488 
526 51 11 13 0.16896583 
168 100 11 14 0.16870138 
774 66 12 15 0.16786477 
840 147 12 16 0.16769984 
565 133 12 13 0.16755672 
975 173 13 17 0.16754998 
150 93 10 12 0.16669126 
436 70 11 14 0.16662338 
600 180 11 15 0.16651513 
968 115 13 16 0.16633311 
445 5 13 14 0.16529024 
865 467 24 30 0.16499823 
762 178 13 16 0.1647326 
535 94 12 14 0.16423129 
125 79 11 13 0.16407086 
405 519 22 26 0.1628834 
863 35 11 13 0.16180086 
137 69 9 11 0.16066293 
235 91 12 14 0.16014661 
700 118 13 15 0.15949464 
236 290 16 17 0.1593666 
95 101 13 15 0.15859424 
341 157 11 13 0.15832314 
239 140 13 14 0.15824246 
172 1 11 11 0.1581659 
10 181 12 14 0.15812074 
414 196 15 18 0.1576805 
928 76 11 13 0.15759641 
737 449 24 28 0.15646693 
762 193 14 17 0.15646185 
401 288 15 18 0.15579748 
803 641 33 36 0.15526003 
385 69 11 15 0.15519741 
693 101 12 14 0.15460849 
360 47 11 14 0.15422067 
28 181 12 14 0.15370734 
77 101 9 13 0.15351678 
560 114 13 15 0.15348166 
863 265 16 18 0.1528366 
371 203 12 15 0.15222068 
533 60 10 13 0.1518495 
345 46 11 13 0.15168567 
977 278 19 21 0.15118892 
951 67 10 14 0.15108241 
239 44 11 12 0.15031706 
309 111 12 15 0.1498414 
562 281 14 18 0.14886251 
283 78 13 15 0.14864212 
508 69 11 13 0.14821427 
16 101 9 11 0.14783552 
499 90 12 15 0.14732368 
203 158 13 15 0.14704864 
813 172 14 17 0.14692813 
345 36 12 13 0.14648515 
486 391 16 19 0.14648376 
541 147 13 16 0.14643052 
275 433 19 24 0.14599834 
780 69 11 14 0.1459148 
616 148 11 14 0.14576021 
720 52 11 14 0.14550845 
744 90 12 14 0.1454548 
74 227 13 16 0.14490972 
599 138 12 15 0.14386176 
669 188 13 15 0.1437777 
132 86 9 13 0.14363025 
591 11 10 12 0.14362206 
687 54 11 13 0.14301415 
324 68 14 16 0.14258717 
398 243 15 18 0.14184631 
1005 447 17 24 0.14140032 
181 45 11 12 0.14074346 
69 328 16 18 0.1400214 
40 164 12 15 0.13971812 
82 292 16 17 0.13938427 
894 157 13 15 0.1391852 
62 91 10 12 0.1388471 
252 39 10 11 0.13866344 
908 79 11 14 0.13796808 
75 299 15 17 0.13788986 
347 244 13 17 0.13774356 
763 155 13 16 0.1376371 
326 156 11 14 0.13745141 
702 60 11 14 0.13735819 
694 11 9 12 0.13617125 
647 55 11 13 0.136048 
947 141 14 16 0.13583289 
399 198 13 16 0.1356458 
400 92 12 15 0.1355699 
787 232 15 19 0.13520648 
401 84 10 13 0.13458595 
612 14 11 12 0.13413988 
150 268 14 17 0.13401584 
327 77 12 15 0.13337755 
708 186 13 16 0.13337646 
273 466 23 26 0.13299616 
648 107 11 14 0.13233039 
718 171 11 15 0.13153213 
152 86 10 12 0.131493 
158 24 12 14 0.13149267 
375 149 12 15 0.13109076 
563 71 13 14 0.13084872 
256 45 9 12 0.1305184 
844 155 12 15 0.13020459 
764 15 13 15 0.12950821 
568 6 10 12 0.12940565 
526 130 13 15 0.12893671 
805 212 16 20 0.12862714 
486 157 13 15 0.12848705 
510 125 12 16 0.12834518 
256 54 10 12 0.12795305 
859 117 11 14 0.12734935 
624 27 11 13 0.12663549 
854 172 15 19 0.12645824 
366 370 22 25 0.12635273 
767 131 12 15 0.12627672 
739 189 13 14 0.12609017 
564 142 12 13 0.12587401 
600 150 12 14 0.12546526 
805 29 12 15 0.12516944 
709 171 13 15 0.124862134 
303 114 12 14 0.1247935 
398 99 13 15 0.12462453 
303 432 16 20 0.12462108 
911 218 13 16 0.123970136 
204 187 15 19 0.12312133 
133 249 14 17 0.12224084 
316 158 13 16 0.12221444 
334 90 11 13 0.1220312 
559 219 18 20 0.12124111 
358 163 13 16 0.12046079 
494 487 22 27 0.119950935 
657 161 12 15 0.11959777 
365 131 13 16 0.11946784 
916 83 11 13 0.11847003 
134 240 16 18 0.11808741 
150 71 10 12 0.1178941 
259 92 11 14 0.11785264 
953 501 24 27 0.1175086 
660 190 13 15 0.11748908 
694 129 13 16 0.11666322 
310 126 11 13 0.116616815 
360 425 24 28 0.116265066 
816 136 10 12 0.11602804 
791 125 13 16 0.1159096 
768 543 32 35 0.11587431 
17 74 10 14 0.115365736 
126 63 9 11 0.11525123 
552 129 12 16 0.11524114 
492 197 14 17 0.11472276 
917 133 17 19 0.11463399 
272 102 12 14 0.114264935 
94 93 11 14 0.11404289 
254 59 11 13 0.11391321 
372 557 20 25 0.11385246 
533 131 12 15 0.11355473 
595 220 12 15 0.11304937 
542 76 12 14 0.11286418 
700 6 11 12 0.11238506 
866 77 14 16 0.11226838 
226 28 12 14 0.11223315 
559 179 13 15 0.11222325 
725 101 12 16 0.112213746 
685 100 12 13 0.11144417 
837 85 11 14 0.11127511 
577 355 19 22 0.11111589 
671 70 11 13 0.11077959 
877 164 11 15 0.10974565 
24 179 11 14 0.10961199 
787 19 14 17 0.10926261 
445 196 14 17 0.10915225 
779 38 12 16 0.10904909 
878 57 13 15 0.10894227 
232 277 13 15 0.10887646 
816 140 12 15 0.10845051 
278 93 13 16 0.10834873 
646 268 16 19 0.10817357 
628 150 11 14 0.10764461 
158 293 14 16 0.10747603 
877 197 14 16 0.10729547 
641 205 14 16 0.10713382 
433 313 16 20 0.10678013 
738 221 15 17 0.105220534 
239 51 11 14 0.10473809 
557 187 13 17 0.10471933 
302 135 11 14 0.10434668 
660 88 11 14 0.10422848 
450 117 14 16 0.104217805 
471 152 13 16 0.104132876 
293 149 14 15 0.103935935 
577 209 15 18 0.10381018 
229 54 11 13 0.10368557 
835 36 13 15 0.103182495 
231 101 11 13 0.103033595 
261 47 9 10 0.103010155 
614 157 13 16 0.102931045 
577 196 14 16 0.10273939 
619 165 14 16 0.10216077 
427 35 13 15 0.10195521 
871 289 20 24 0.10167974 
398 79 12 14 0.10148087 
112 108 11 14 0.101432644 
125 91 12 14 0.10134432 
799 33 13 16 0.101223744 
341 132 12 15 0.10097486 
210 170 15 19 0.1005269 
185 640 23 27 0.1003542 
595 376 23 26 0.100329325 
78 150 11 14 0.100082256 
712 125 12 15 0.099977724 
415 180 13 16 0.09969937 
757 143 13 15 0.099537596 
71 276 14 17 0.099529944 
12 175 12 14 0.099499114 
599 89 13 16 0.09936092 
997 254 21 25 0.09921913 
680 555 25 32 0.09906005 
67 64 11 13 0.0989971 
891 226 16 19 0.098681025 
202 111 15 17 0.09844082 
247 103 11 14 0.09839749 
585 75 11 13 0.09821211 
773 18 14 17 0.098205306 
273 172 13 16 0.09791134 
317 67 13 16 0.09783001 
446 123 13 15 0.09737762 
815 43 13 16 0.097292535 
315 60 13 16 0.09699162 
751 43 14 17 0.09680639 
190 371 14 18 0.096598804 
193 124 14 16 0.09655047 
147 100 12 15 0.09643044 
678 11 11 15 0.096275985 
141 0 13 17 0.09626425 
644 94 11 13 0.09625838 
200 44 11 14 0.096153095 
587 69 12 14 0.09581756 
853 167 12 14 0.09527735 
702 171 12 15 0.09519441 
269 139 13 14 0.09516901 
172 63 13 16 0.0950491 
69 146 12 15 0.09478523 
740 180 13 14 0.094752155 
427 28 12 15 0.09474308 
21 173 13 15 0.09469138 
541 85 11 13 0.09398715 
582 37 12 15 0.093744054 
588 135 12 15 0.09368047 
833 241 15 18 0.09310175 
364 229 12 15 0.09300447 
154 159 15 18 0.09294478 
323 100 12 14 0.092596516 
366 62 11 14 0.09252338 
412 234 14 17 0.09247769 
640 18 11 14 0.09187702 
701 12 10 12 0.09182796 
954 162 15 20 0.09125964 
264 38 10 11 0.09123882 
831 30 12 15 0.09095388 
493 422 22 26 0.09083916 
891 411 25 32 0.09072961 
919 100 13 15 0.09050682 
614 143 11 13 0.09045592 
580 178 14 17 0.09011743 
1003 98 12 16 0.089967564 
480 130 12 13 0.08976633 
898 56 14 17 0.089699365 
362 414 19 21 0.089694165 
915 59 13 15 0.089573 
286 71 10 12 0.08939321 
504 249 16 18 0.089114316 
148 576 22 26 0.08892924 
871 91 12 14 0.088787 
413 187 15 16 0.08869472 
190 117 11 14 0.088582516 
290 132 13 15 0.088495396 
622 139 13 15 0.08843064 
336 138 11 14 0.088398896 
645 101 12 15 0.08829973 
503 51 11 13 0.08828221 
596 117 11 14 0.08756733 
417 251 15 19 0.08745704 
238 59 11 13 0.08745083 
733 12 11 12 0.08728281 
654 194 13 15 0.08715615 
102 77 10 12 0.08700892 
709 86 12 14 0.08676031 
579 187 14 16 0.08673722 
22 117 13 15 0.08673375 
337 471 21 26 0.08665501 
853 461 24 31 0.08662975 
242 146 14 16 0.0864786 
183 62 12 14 0.086412765 
447 142 12 14 0.08634862 
597 101 11 13 0.08622236 
916 108 13 15 0.08614988 
572 391 17 21 0.08613033 
612 115 13 16 0.08601615 
864 146 12 15 0.08585659 
597 246 16 20 0.08549578 
39 142 13 14 0.08511481 
417 243 16 19 0.08507875 
872 396 18 23 0.08465726 
394 342 16 20 0.08462735 
403 467 18 23 0.08460235 
914 41 15 17 0.08441054 
589 204 12 16 0.08429235 
482 76 13 15 0.08401313 
869 157 13 16 0.08396915 
205 66 11 14 0.0836941 
284 433 20 24 0.08368459 
975 267 18 19 0.0833851 
887 90 12 14 0.08331281 
636 442 24 31 0.083222985 
317 45 12 13 0.0830461 
739 196 14 15 0.0828534 
617 280 17 19 0.08278203 
459 82 14 16 0.08272988 
61 204 13 17 0.08262355 
247 37 11 13 0.08247481 
292 92 12 16 0.0824398 
296 84 13 17 0.0823625 
870 84 13 15 0.08196314 
205 54 12 15 0.08194797 
603 127 13 15 0.08187447 
338 115 13 16 0.08153081 
360 178 13 16 0.0814826 
660 37 12 15 0.08133067 
222 346 14 17 0.08130585 
117 70 11 13 0.080906175 
831 82 12 15 0.080713 
249 115 13 15 0.08060693 
232 87 11 13 0.08059388 
534 431 21 26 0.08054164 
689 46 11 12 0.080532685 
472 119 11 13 0.0804047 
692 167 12 16 0.07944632 
233 110 13 15 0.07932457 
485 441 21 28 0.079211615 
155 613 14 20 0.07918992 
561 29 10 13 0.079007745 
314 108 12 14 0.07849667 
471 68 11 14 0.078488976 
895 319 23 26 0.07844994 
891 115 14 16 0.07844918 
262 323 15 20 0.07841865 
357 186 13 16 0.07832843 
230 37 11 13 0.07832775 
563 165 13 17 0.07817759 
399 234 15 18 0.078139804 
688 108 12 13 0.07802474 
705 249 15 18 0.07798966 
484 286 19 24 0.07795956 
250 237 14 17 0.077876166 
396 150 12 15 0.07743244 
907 274 16 18 0.07734254 
699 196 13 16 0.07709672 
484 125 11 13 0.07708413 
174 319 14 19 0.07708343 
73 322 16 19 0.07701803 
314 230 14 17 0.07700375 
278 441 22 25 0.07691334 
310 132 10 13 0.07690723 
150 77 11 14 0.07667199 
894 83 13 17 0.076669686 
470 51 11 14 0.07655095 
88 92 10 13 0.07651119 
383 86 12 15 0.07609371 
758 160 15 16 0.076047875 
26 91 11 15 0.07602047 
695 251 15 19 0.07599693 
311 337 20 25 0.07583311 
586 236 14 17 0.0750773 
673 60 11 13 0.0750323 
815 28 11 13 0.07493237 
568 101 11 13 0.07486101 
144 85 9 12 0.07480551 
360 211 13 16 0.07477005 
372 107 13 15 0.07473485 
533 67 12 14 0.07470578 
267 119 14 17 0.07442376 
556 7 10 12 0.07440208 
525 556 25 29 0.07426466 
228 337 15 18 0.07420169 
411 172 13 15 0.074129134 
490 30 12 14 0.07412861 
201 68 10 13 0.0737372 
133 13 14 17 0.07364996 
868 305 22 27 0.073602185 
805 206 15 17 0.07347324 
661 149 13 15 0.073232196 
572 48 11 12 0.07307815 
884 315 24 28 0.07306624 
93 64 11 13 0.073049106 
457 70 11 15 0.07280674 
714 259 14 18 0.07277538 
85 633 26 31 0.0726215 
676 444 28 36 0.07249225 
332 29 11 13 0.07244062 
627 129 13 16 0.0723996 
678 424 26 29 0.07230194 
157 220 14 18 0.07228974 
137 129 12 16 0.072205745 
411 69 11 13 0.07216017 
228 267 14 16 0.07213273 
742 173 11 14 0.07205258 
223 47 11 12 0.07192915 
86 213 14 17 0.07179476 
177 13 10 13 0.07119576 
642 171 13 15 0.071004435 
198 84 10 13 0.07050633 
895 397 28 35 0.070387825 
219 315 14 18 0.07016569 
802 75 13 17 0.069957815 
205 304 15 18 0.06992318 
181 149 15 18 0.069811486 
640 76 12 15 0.069768615 
102 85 11 13 0.06976834 
325 414 16 19 0.06972042 
150 63 10 11 0.06970001 
168 107 12 16 0.069600016 
73 313 16 18 0.06945252 
488 43 12 14 0.06944887 
120 62 10 12 0.069371186 
867 438 22 28 0.06927342 
769 60 11 14 0.06918762 
79 205 12 15 0.06908496 
567 58 11 13 0.069026925 
46 62 10 11 0.06885956 
836 250 15 17 0.06871403 
832 227 16 19 0.06863382 
265 30 10 11 0.0685304 
363 219 13 16 0.06848439 
98 221 13 15 0.06833587 
600 368 23 26 0.06830133 
453 29 11 14 0.068295255 
224 53 11 13 0.06814868 
441 93 12 15 0.06806682 
318 128 13 16 0.06796228 
139 123 14 17 0.06794643 
719 13 10 12 0.06791828 
698 264 16 20 0.06783261 
529 14 9 11 0.06776688 
118 21 9 11 0.067740194 
584 23 9 12 0.06770628 
308 91 14 16 0.06767565 
287 249 14 18 0.06752027 
564 126 11 13 0.06737006 
224 3 11 12 0.06727651 
341 150 13 15 0.0671738 
83 199 16 18 0.067044504 
910 52 14 16 0.066935755 
445 67 11 14 0.066790685 
271 55 10 11 0.06678374 
371 116 13 16 0.066618815 
585 106 12 15 0.06659637 
773 144 12 14 0.06653848 
68 220 12 16 0.06649308 
396 436 18 22 0.06627166 
820 12 14 16 0.066173635 
181 37 13 15 0.06609414 
131 324 15 18 0.06602854 
820 155 13 14 0.06583072 
854 27 13 15 0.06578831 
116 106 12 15 0.06572317 
279 584 23 27 0.0656927 
27 164 11 13 0.06566005 
507 222 16 20 0.065646134 
146 218 14 17 0.06560449 
555 95 12 14 0.06534218 
931 71 13 16 0.065266214 
93 48 10 12 0.06522661 
668 157 11 14 0.06515688 
371 211 13 16 0.065129004 
272 84 11 14 0.06501361 
183 87 11 14 0.06495484 
327 55 10 12 0.06454872 
941 84 13 17 0.06452446 
263 124 14 16 0.06444453 
718 179 12 16 0.064313024 
559 23 9 11 0.06405412 
774 50 12 16 0.063914664 
914 212 13 15 0.06391035 
312 99 12 15 0.06390598 
349 78 11 13 0.06388133 
844 277 17 21 0.06387139 
392 110 12 15 0.063865386 
199 165 14 16 0.063655905 
198 298 13 18 0.06363542 
475 148 13 17 0.063320994 
911 403 23 29 0.06310949 
258 542 17 21 0.06300079 
275 141 12 14 0.06286372 
510 113 13 17 0.062839665 
174 95 10 14 0.06275684 
350 188 13 16 0.06256367 
706 141 13 17 0.062406756 
200 51 11 15 0.062236328 
331 35 11 14 0.06215315 
931 210 16 18 0.062071636 
558 132 12 13 0.062045544 
822 360 21 29 0.06201139 
205 390 16 21 0.06196683 
122 84 10 14 0.061608758 
437 170 13 15 0.061554775 
672 13 11 13 0.061553728 
612 7 10 12 0.061510555 
141 114 14 17 0.06146379 
94 177 14 17 0.06141008 
158 211 14 17 0.06126512 
98 242 15 17 0.061183374 
356 92 12 15 0.061172605 
143 292 13 15 0.061000492 
291 99 12 14 0.060970735 
316 616 22 29 0.060968194 
192 180 13 17 0.060938362 
453 163 15 17 0.06092679 
679 142 12 14 0.060905326 
875 400 25 33 0.060903985 
99 70 11 13 0.06079594 
326 37 11 12 0.06070173 
349 93 13 16 0.060667444 
744 64 12 14 0.060629386 
778 227 17 18 0.06047094 
837 78 12 14 0.060462896 
668 415 24 28 0.060363304 
189 334 17 22 0.060330622 
145 92 10 13 0.060244583 
295 109 11 13 0.060096893 
308 363 19 22 0.059993785 
796 421 26 32 0.059962366 
44 427 24 28 0.05969186 
485 473 17 22 0.059677497 
520 52 11 12 0.059671864 
779 259 20 26 0.05965973 
691 179 12 14 0.059562508 
485 3 10 13 0.059513677 
581 12 10 13 0.059468053 
120 77 10 12 0.059454266 
453 83 13 17 0.05942737 
746 84 13 16 0.059403148 
567 22 9 11 0.059391934 
660 29 11 13 0.0591543 
640 199 10 13 0.05904875 
651 51 12 16 0.05895047 
630 60 10 13 0.058819577 
803 84 13 15 0.058731526 
147 230 14 18 0.05869225 
773 173 13 16 0.058661543 
855 77 12 15 0.058341153 
808 92 11 14 0.058287602 
212 55 11 13 0.058219787 
37 208 14 17 0.05818901 
733 60 10 14 0.05798278 
176 28 11 14 0.057956398 
921 280 17 23 0.057901282 
204 95 13 15 0.057788808 
451 4 11 13 0.0577513 
129 354 17 22 0.057656895 
80 62 9 12 0.05760261 
956 118 12 15 0.057523593 
452 183 15 18 0.057507165 
185 162 14 16 0.05744095 
227 22 11 13 0.057344448 
239 77 12 14 0.057310212 
141 63 10 11 0.057270654 
68 203 13 16 0.057229467 
502 125 12 16 0.057131704 
815 422 23 26 0.056999177 
479 92 13 16 0.056939874 
261 420 15 19 0.056871664 
818 164 14 16 0.056816097 
285 120 13 14 0.056792676 
406 20 12 14 0.056782734 
442 302 19 24 0.05672145 
607 220 14 18 0.056645084 
827 116 14 17 0.05663189 
445 37 10 13 0.05660586 
525 318 14 19 0.056592744 
624 133 12 15 0.056523312 
342 126 12 15 0.05647715 
333 479 22 26 0.056432102 
881 216 16 19 0.05641372 
293 141 13 15 0.056401137 
600 170 13 17 0.056185313 
629 212 12 14 0.05597158 
531 158 13 16 0.05592672 
760 18 11 15 0.055872116 
421 172 11 13 0.055847604 
460 91 11 14 0.05550604 
261 220 14 17 0.05550555 
222 34 12 15 0.055360604 
948 276 16 18 0.055352375 
614 37 11 14 0.05528135 
83 150 13 15 0.05497773 
446 188 15 17 0.05496661 
76 178 11 14 0.05495487 
915 610 23 28 0.054818787 
572 492 20 22 0.054757364 
304 125 11 13 0.05470663 
550 105 13 16 0.054690707 
313 68 10 14 0.054651804 
721 228 13 17 0.054567263 
695 140 13 16 0.054471307 
589 211 13 17 0.05436072 
754 51 14 16 0.054356903 
934 82 13 17 0.054155603 
346 19 13 16 0.05411207 
726 59 12 14 0.054066557 
357 138 12 15 0.054041307 
707 60 11 13 0.0540205 
159 309 20 25 0.053999446 
423 129 14 16 0.05398275 
666 101 12 14 0.0539426 
630 35 11 13 0.053923696 
218 170 15 19 0.053820472 
390 256 16 20 0.053726774 
982 129 13 16 0.053719934 
231 234 13 17 0.05358068 
363 185 14 16 0.05352162 
764 138 12 15 0.053463083 
848 162 11 15 0.053406537 
93 155 13 16 0.05329506 
310 141 11 13 0.053279042 
576 142 10 13 0.053145517 
192 291 16 17 0.052792642 
731 38 13 14 0.052763484 
405 261 19 24 0.05276016 
519 93 11 14 0.052748464 
37 156 14 16 0.052565206 
477 639 26 31 0.052512467 
55 80 9 12 0.0524482 
469 37 11 13 0.052225664 
334 122 13 17 0.052118097 
568 91 10 14 0.052101832 
805 170 14 16 0.052075543 
511 63 11 13 0.05196174 
619 329 15 19 0.05193784 
320 37 10 12 0.051933248 
564 109 13 15 0.051837027 
882 429 27 31 0.051743478 
725 5 12 14 0.051722027 
323 93 12 15 0.05169745 
703 181 12 16 0.05167628 
278 51 10 13 0.05159048 
494 14 11 13 0.051555343 
175 52 11 14 0.051542416 
523 141 12 15 0.05143349 
6 410 22 30 0.05141909 
805 189 13 15 0.051399518 
799 82 12 14 0.05139886 
827 193 14 17 0.051324993 
824 106 13 17 0.051287476 
782 74 12 15 0.05125075 
184 140 14 16 0.051233616 
750 155 14 16 0.051113624 
937 233 16 19 0.05111248 
725 165 12 15 0.051081534 
820 29 12 14 0.051067136 
201 59 12 15 0.051040616 
560 34 10 14 0.05099844 
311 147 12 14 0.05099016 
566 1 9 9 0.050982796 
181 52 11 13 0.050936922 
273 92 11 14 0.050931215 
651 14 11 14 0.050902084 
445 131 13 15 0.050847374 
770 124 14 17 0.050832644 
748 12 11 14 0.050825816 
675 111 12 14 0.050536085 
88 64 9 11 0.05044322 
819 35 13 16 0.0503639 
257 250 15 17 0.050319374 
526 67 12 14 0.050275188 
343 13 11 16 0.05012015 
575 340 21 25 0.050108466 
392 154 12 15 0.050099347 
579 268 16 21 0.050035603 
591 47 11 13 0.049993798 
151 141 12 14 0.049940303 
812 186 13 15 0.04992719 
377 291 16 19 0.049841497 
211 313 16 20 0.049828667 
422 164 12 15 0.04980047 
135 4 14 16 0.049733117 
813 91 11 14 0.049724814 
573 59 11 14 0.049562186 
645 198 11 14 0.04952131 
531 171 14 16 0.049467992 
156 77 11 14 0.049393088 
832 90 11 14 0.049330525 
116 260 14 19 0.049294364 
957 226 14 18 0.049280267 
127 69 10 12 0.0492764 
693 52 11 13 0.049233247 
926 211 13 15 0.049123347 
819 211 14 16 0.049038623 
652 20 11 12 0.049022257 
724 235 13 18 0.049013812 
708 118 11 12 0.04895382 
672 121 12 16 0.048868727 
125 46 9 11 0.048796296 
824 233 13 18 0.048751414 
277 550 16 21 0.048703097 
141 315 15 19 0.048584 
329 277 22 25 0.04854822 
414 166 11 14 0.048513614 
549 197 14 17 0.04843006 
619 223 12 16 0.048415497 
469 13 11 13 0.0483757 
582 28 11 14 0.048247907 
348 84 12 15 0.048240636 
301 270 15 19 0.04822944 
722 132 14 16 0.04821042 
818 173 16 18 0.048158985 
198 77 11 15 0.04815277 
634 118 13 16 0.048141558 
426 139 14 16 0.048107 
544 8 9 11 0.048024897 
631 68 12 14 0.047992993 
548 148 12 16 0.047979236 
302 101 10 14 0.047975674 
242 134 13 16 0.04795253 
228 140 14 16 0.047929462 
229 190 14 17 0.047867376 
245 44 11 13 0.047840934 
237 299 16 19 0.047775835 
425 118 12 16 0.04774788 
374 165 11 13 0.047707766 
184 417 20 25 0.047679234 
913 283 20 27 0.047633167 
630 10 10 13 0.047628775 
727 12 10 13 0.047381874 
108 85 10 13 0.047365397 
44 464 20 27 0.047351222 
477 203 15 17 0.04733707 
471 100 12 15 0.047318775 
188 110 13 16 0.04729105 
270 47 10 10 0.04728613 
269 61 11 13 0.047208536 
444 390 16 20 0.047189515 
240 69 10 12 0.04717539 
202 178 16 19 0.04715683 
231 46 10 12 0.047103144 
468 76 12 15 0.047082793 
596 205 12 15 0.047074925 
723 170 12 15 0.046969745 
659 268 14 20 0.046905227 
818 19 14 16 0.046827205 
576 148 12 15 0.04669192 
411 312 16 21 0.046669085 
139 150 12 15 0.04666017 
383 232 15 19 0.046626326 
891 241 15 19 0.046491954 
844 190 14 17 0.046478227 
958 64 10 12 0.046420842 
168 2 11 14 0.046400197 
638 68 12 15 0.046399005 
276 187 14 17 0.046373 
677 175 13 15 0.046360366 
476 46 12 14 0.046334665 
93 86 12 14 0.046324216 
43 293 17 20 0.046251412 
886 124 13 16 0.04617159 
655 86 11 13 0.046164885 
288 4 10 12 0.046159644 
820 53 13 16 0.046131164 
55 126 13 16 0.045991793 
932 284 23 30 0.04592239 
179 249 14 17 0.04590928 
652 299 16 20 0.04580375 
653 148 12 15 0.045703292 
78 106 11 14 0.045650084 
20 72 9 12 0.04558212 
459 166 13 17 0.045523413 
701 26 13 15 0.04550237 
333 157 11 14 0.045437094 
857 493 23 30 0.04531397 
54 104 10 12 0.0453052 
112 70 10 13 0.045278832 
573 216 13 18 0.045231503 
330 507 21 27 0.04520093 
256 5 10 13 0.045159344 
138 260 15 19 0.045135297 
551 19 11 13 0.045131143 
260 62 13 14 0.045014877 
440 3 12 15 0.04500974 
522 102 13 16 0.044998378 
570 84 12 15 0.04496987 
265 273 15 18 0.0449578 
425 22 11 14 0.04491945 
14 274 14 18 0.04490816 
326 60 14 17 0.044844817 
7 115 10 14 0.04477288 
655 202 13 16 0.044745237 
903 99 11 14 0.04472885 
100 362 15 19 0.044655424 
128 183 13 16 0.044587158 
167 141 13 16 0.044551417 
734 124 12 15 0.044535488 
220 155 14 17 0.044427324 
950 135 13 15 0.044220343 
846 27 12 16 0.044150632 
278 0 9 11 0.044146046 
931 157 16 20 0.044066403 
894 150 14 15 0.044010848 
266 76 13 16 0.043986637 
516 126 11 14 0.043980278 
314 116 13 14 0.0438609 
13 86 10 12 0.04378219 
157 203 14 17 0.04374297 
193 137 14 17 0.043738425 
694 27 11 14 0.043566927 
504 1 10 10 0.04355455 
902 90 12 15 0.043481015 
494 125 10 13 0.043479647 
13 93 10 14 0.04346227 
176 45 10 13 0.04344238 
343 79 11 14 0.043377835 
604 100 11 13 0.043365423 
484 201 14 17 0.043339815 
511 76 10 14 0.04330139 
302 305 16 19 0.043251984 
822 204 13 16 0.04319877 
686 347 23 26 0.04319549 
518 170 12 16 0.043142986 
493 53 9 13 0.04312884 
247 32 11 12 0.043121345 
670 176 12 14 0.043099303 
139 346 16 21 0.04309859 
815 85 11 14 0.043089654 
329 406 21 24 0.042987365 
464 3 10 13 0.042972352 
167 50 11 14 0.042966254 
135 76 10 13 0.0429581 
259 99 13 15 0.042956524 
889 260 16 18 0.042925157 
862 454 23 28 0.042873263 
807 99 12 15 0.042817827 
580 118 14 15 0.04280682 
252 101 13 15 0.042804074 
807 140 10 13 0.04280236 
384 242 12 15 0.04275364 
444 242 14 17 0.042732023 
490 431 18 22 0.04272177 
317 149 12 15 0.04258771 
371 172 12 14 0.04258312 
923 95 14 16 0.042524427 
719 69 11 14 0.04245885 
977 96 15 18 0.042393647 
598 62 10 12 0.042390063 
54 180 11 15 0.04236521 
90 289 15 18 0.04235721 
286 139 13 16 0.04229252 
268 38 10 11 0.042264253 
7 278 12 16 0.042184826 
182 116 12 16 0.042181604 
132 347 16 20 0.042163007 
168 180 14 18 0.042158954 
256 138 13 15 0.042157248 
612 492 24 29 0.04214155 
90 138 14 16 0.04211524 
723 181 12 15 0.042110853 
400 67 12 14 0.042089056 
742 12 12 13 0.04206897 
247 61 10 13 0.04199394 
28 194 12 15 0.04193241 
323 383 15 20 0.04191664 
260 0 10 10 0.04178287 
391 280 19 24 0.041628547 
818 148 13 15 0.041596692 
522 41 10 12 0.04159614 
603 141 12 14 0.04156074 
478 258 14 17 0.04154399 
534 75 11 14 0.041523375 
123 576 15 19 0.04151449 
575 155 13 16 0.04151053 
725 188 13 16 0.04148242 
880 171 13 16 0.041442662 
75 119 13 15 0.041360803 
955 131 12 16 0.04128873 
563 548 17 22 0.041259196 
486 117 11 13 0.041243404 
67 211 12 15 0.041231748 
70 179 12 14 0.041108355 
70 92 9 12 0.041090254 
941 272 16 19 0.041022923 
480 139 12 16 0.041015565 
382 350 17 22 0.041015502 
117 15 9 12 0.040937297 
669 141 12 14 0.040877473 
110 114 14 17 0.040868584 
49 104 9 11 0.040865343 
216 36 11 14 0.04083733 
245 78 10 14 0.04081714 
649 133 14 16 0.040764913 
6 354 14 20 0.040718008 
442 201 15 19 0.040699925 
694 189 12 15 0.040694404 
372 74 12 14 0.04066508 
877 439 23 30 0.04061955 
718 235 13 17 0.04058318 
111 160 15 17 0.04056082 
94 302 16 19 0.040467355 
405 139 13 15 0.040427677 
24 187 13 18 0.040398937 
499 141 11 15 0.040359877 
277 454 24 28 0.040320378 
1002 188 16 18 0.040292308 
858 506 25 30 0.04025128 
877 65 14 17 0.040208124 
279 133 12 14 0.04019252 
612 123 12 14 0.04017251 
294 116 11 14 0.040171858 
381 166 11 13 0.040087614 
520 164 13 16 0.04007163 
126 202 13 16 0.040032204 
119 45 11 12 0.04002907 
468 212 13 17 0.039989308 
101 260 12 15 0.03998704 
639 146 12 16 0.039978325 
324 162 12 16 0.039955653 
597 213 12 14 0.039941374 
443 291 14 18 0.03989421 
29 88 11 13 0.0398721 
377 5 13 15 0.039857566 
179 240 15 19 0.039826 
221 397 15 18 0.039794862 
702 111 12 14 0.039730538 
980 305 38 52 0.0397075 
910 103 11 14 0.03968209 
381 101 12 16 0.039669946 
229 15 10 12 0.039667137 
478 164 13 17 0.039602365 
885 156 12 15 0.03960129 
88 55 9 10 0.039520692 
655 276 21 24 0.039435882 
670 133 12 15 0.03935557 
42 170 13 15 0.03935238 
484 495 16 21 0.039350424 
508 534 22 29 0.039344784 
882 456 29 35 0.03933454 
781 84 12 14 0.039271183 
955 140 11 15 0.03925403 
707 193 13 17 0.039250687 
256 13 9 13 0.039238844 
469 140 13 15 0.039187342 
509 1 10 10 0.03917088 
649 503 27 31 0.039151426 
752 29 11 13 0.039148614 
183 97 12 16 0.03914753 
373 180 12 16 0.03914103 
582 6 11 13 0.039059877 
637 5 10 11 0.039040286 
856 111 11 14 0.03903824 
622 231 18 22 0.038993306 
648 283 22 26 0.038962588 
517 278 15 19 0.03883784 
623 36 11 14 0.03883721 
822 316 15 19 0.038816746 
536 140 11 14 0.038574487 
493 286 16 19 0.038508005 
512 85 10 13 0.03844246 
124 53 10 12 0.038439743 
227 394 15 19 0.038429473 
517 130 13 16 0.03840296 
573 18 11 13 0.038391728 
294 227 12 15 0.038308777 
503 213 15 18 0.03823112 
444 60 13 16 0.03814511 
447 30 11 13 0.038140524 
176 38 11 13 0.038140383 
261 5 11 13 0.038132817 
535 31 9 12 0.038008437 
908 225 15 18 0.037968703 
326 188 13 16 0.037951555 
735 50 12 15 0.03786757 
315 245 16 19 0.037867334 
898 9 14 16 0.037865248 
334 393 21 25 0.037793398 
274 115 13 16 0.037775017 
83 304 15 19 0.037749738 
259 170 11 14 0.03774474 
664 13 8 12 0.037640356 
198 376 14 19 0.03761022 
367 437 18 21 0.037586585 
197 149 13 14 0.037517924 
323 172 12 15 0.037495103 
830 220 15 17 0.037447806 
191 173 14 16 0.037402555 
511 203 19 23 0.037333395 
664 69 10 13 0.037328754 
780 26 13 16 0.03732361 
91 250 15 18 0.03730455 
762 202 14 17 0.037290733 
587 244 15 18 0.037288956 
517 180 13 16 0.037254766 
398 20 11 14 0.037215758 
973 305 16 21 0.03721509 
937 250 21 25 0.037212204 
165 451 14 19 0.037207097 
435 129 13 16 0.03716435 
759 556 32 37 0.037088588 
293 196 19 23 0.037057113 
583 540 22 29 0.0370066 
103 140 11 15 0.036992192 
462 62 11 14 0.036989003 
689 197 13 16 0.03698781 
59 225 14 17 0.036984056 
319 31 10 12 0.036948163 
390 164 12 15 0.036948137 
88 512 22 27 0.03688611 
724 66 13 16 0.03687447 
538 175 13 16 0.036835667 
863 247 16 20 0.036832392 
60 124 13 15 0.036758322 
964 63 10 11 0.03672541 
157 70 10 12 0.03670613 
988 179 13 15 0.036664616 
587 263 15 19 0.036627244 
300 596 25 30 0.03650215 
187 145 14 17 0.03646494 
72 108 9 12 0.03639265 
783 123 11 15 0.036319822 
470 82 11 15 0.036297854 
830 56 15 19 0.036269493 
574 69 10 13 0.03624132 
853 201 14 19 0.036232326 
253 31 11 12 0.036199246 
749 75 12 15 0.03610909 
198 12 11 14 0.03610347 
245 68 10 13 0.03608037 
279 13 10 13 0.036071606 
550 188 13 16 0.0360615 
582 84 12 15 0.035993207 
623 105 12 15 0.03593691 
101 148 10 14 0.035933238 
938 208 16 19 0.035915352 
141 56 11 12 0.035883963 
823 122 13 16 0.035877306 
848 451 24 29 0.03586605 
121 536 22 26 0.03581959 
264 109 12 15 0.03567722 
876 85 12 15 0.035656445 
621 15 11 12 0.03564828 
666 148 13 15 0.03564527 
869 212 14 18 0.035639852 
859 408 18 22 0.035630856 
630 221 12 15 0.035599183 
367 30 12 14 0.035503488 
842 207 15 18 0.03549837 
588 228 14 16 0.03538608 
510 53 10 12 0.03537245 
94 149 12 15 0.035365373 
223 84 11 14 0.03531242 
622 117 12 15 0.035309304 
309 77 11 13 0.03528068 
75 282 15 17 0.035220556 
935 90 12 16 0.03519612 
251 228 12 16 0.035150457 
503 358 17 19 0.035136536 
89 234 13 16 0.035115924 
352 139 11 15 0.035089485 
598 12 9 12 0.035074104 
806 150 11 15 0.035053667 
869 59 15 17 0.035029855 
685 117 12 15 0.035020594 
286 207 14 18 0.03501828 
261 317 13 16 0.034961954 
749 449 26 32 0.03492842 
132 316 14 17 0.034898598 
748 172 13 16 0.03488827 
72 53 10 11 0.034881208 
127 260 13 19 0.034866918 
46 182 12 15 0.034856535 
740 49 13 15 0.034835137 
727 22 11 14 0.034784116 
349 149 12 14 0.034776058 
62 293 15 19 0.034738712 
270 165 14 16 0.03473597 
101 204 12 15 0.03471936 
534 14 9 11 0.034715172 
557 214 14 17 0.034696594 
901 267 15 20 0.03469037 
769 86 12 15 0.034614384 
126 39 10 12 0.03460423 
455 245 21 25 0.03459378 
164 16 11 12 0.034586143 
439 36 11 14 0.034577157 
406 440 18 22 0.034516826 
875 100 12 15 0.034471527 
684 325 17 18 0.03444384 
278 206 12 14 0.034435056 
844 76 13 16 0.03442956 
920 460 23 29 0.03439674 
100 212 12 15 0.03439272 
858 427 23 29 0.034391835 
97 462 18 21 0.034369573 
794 20 14 17 0.03433367 
389 565 13 19 0.034311637 
887 248 15 19 0.03431127 
639 218 13 16 0.034300596 
246 54 9 12 0.03430001 
337 212 14 17 0.03428414 
358 69 11 14 0.034127206 
76 45 11 13 0.034125123 
6 313 14 17 0.034123804 
976 64 10 12 0.034123234 
540 196 15 17 0.034112282 
806 21 13 17 0.034061972 
223 16 11 12 0.034029108 
215 16 10 12 0.033970173 
591 441 17 21 0.03395989 
789 317 21 26 0.03395094 
784 243 16 19 0.033885863 
494 131 12 15 0.03382371 
372 18 15 18 0.03382369 
18 244 14 18 0.03376315 
432 107 14 16 0.03376208 
797 13 12 14 0.033760875 
772 160 13 17 0.03375999 
472 107 11 14 0.033747204 
301 258 14 17 0.033743892 
450 12 10 13 0.03374352 
209 298 16 20 0.03374344 
548 115 12 15 0.03373354 
79 196 13 16 0.033681866 
916 604 17 22 0.033658914 
374 142 12 14 0.033648547 
573 100 12 14 0.033624645 
628 87 12 14 0.03362088 
849 266 16 19 0.033587616 
892 198 18 22 0.03358462 
627 242 22 25 0.03357165 
191 12 12 13 0.033557687 
61 103 10 13 0.03355265 
136 54 10 12 0.03355218 
464 54 10 12 0.033522323 
735 211 19 23 0.03349371 
798 41 14 17 0.033442073 
329 22 10 12 0.033425234 
28 330 13 18 0.0333782 
756 58 12 16 0.033349656 
237 237 15 18 0.033328615 
356 149 12 14 0.03330639 
128 194 13 17 0.03327503 
405 1 12 15 0.033271693 
315 393 16 21 0.033229426 
261 282 15 18 0.033212394 
766 53 12 16 0.033202507 
356 18 12 16 0.03319939 
337 429 17 21 0.033181973 
673 20 10 14 0.0331758 
920 414 24 31 0.03316093 
571 407 18 22 0.033157885 
221 132 12 15 0.033151865 
573 271 15 20 0.03311693 
431 186 12 16 0.033075362 
495 275 14 18 0.032990344 
148 132 13 16 0.032926816 
808 180 13 15 0.032925755 
830 149 11 14 0.03290489 
290 396 17 21 0.03289713 
355 290 14 17 0.032880098 
344 6 10 13 0.032871198 
286 107 12 14 0.03286708 
99 376 16 19 0.032860674 
377 402 16 19 0.032851256 
553 70 10 12 0.032827098 
469 203 13 17 0.03278173 
210 190 14 18 0.032764267 
147 123 12 15 0.03269046 
397 27 12 14 0.032669704 
363 264 15 19 0.032669656 
781 118 11 14 0.032668024 
780 93 14 16 0.032667197 
708 54 11 13 0.032664333 
263 231 14 18 0.032655235 
127 150 12 15 0.03265495 
25 279 16 18 0.03263532 
140 10 13 16 0.0326134 
268 377 16 20 0.032559723 
380 214 15 18 0.03255448 
229 206 15 19 0.03254948 
617 93 10 14 0.032548126 
899 118 13 17 0.03251832 
465 241 14 18 0.032512043 
662 434 22 27 0.032504074 
636 29 12 15 0.03248274 
708 264 15 20 0.032459177 
890 209 16 17 0.032457933 
405 97 12 16 0.032445077 
454 229 15 19 0.032383442 
906 55 21 24 0.032354612 
267 69 12 15 0.032322045 
722 125 14 15 0.032317977 
249 314 14 17 0.032303225 
708 67 11 14 0.03230174 
519 154 13 15 0.032275066 
949 218 12 15 0.03226356 
73 139 14 16 0.03224135 
131 579 15 18 0.032195803 
331 102 14 16 0.0321941 
779 17 19 23 0.032114867 
505 172 14 18 0.032081157 
124 349 16 19 0.032071713 
313 54 11 15 0.032059982 
553 253 15 18 0.03204219 
291 253 16 20 0.03203043 
294 238 13 16 0.03202164 
308 350 22 26 0.03201294 
209 277 12 16 0.032012615 
805 41 13 17 0.03199748 
453 293 13 17 0.0319887 
61 46 9 11 0.031923544 
180 277 13 16 0.031916875 
105 396 18 22 0.031885017 
372 197 14 16 0.03183637 
441 226 14 18 0.0318271 
684 78 13 15 0.031822413 
79 93 9 13 0.031798743 
482 171 15 17 0.031789448 
548 85 12 13 0.031772956 
440 17 11 15 0.031771827 
924 265 23 26 0.03175124 
887 104 12 14 0.031747516 
170 377 16 19 0.03173301 
749 197 11 15 0.0317176 
846 20 12 15 0.03170364 
448 180 13 16 0.031688757 
147 301 16 18 0.0316509 
391 121 13 18 0.03163797 
302 370 14 18 0.031586573 
193 432 16 21 0.03155571 
501 257 16 19 0.031524867 
1000 197 21 28 0.03151057 
476 195 15 18 0.031452492 
88 226 14 17 0.031439956 
287 156 14 18 0.03143071 
676 218 13 18 0.0313783 
228 251 15 17 0.031358905 
158 108 11 15 0.03135241 
511 20 10 14 0.0313334 
718 141 14 17 0.031332172 
878 269 13 16 0.031218462 
668 409 19 22 0.03118181 
755 37 13 16 0.031163245 
287 53 9 12 0.031157546 
773 233 16 19 0.031062411 
734 240 15 18 0.031049937 
876 156 14 17 0.031039579 
227 363 16 20 0.030991362 
175 234 14 18 0.030971926 
537 256 15 18 0.030903045 
590 84 11 14 0.030892463 
222 147 14 17 0.0308787 
967 85 15 19 0.030857554 
624 2 10 11 0.030856082 
233 121 14 16 0.030835373 
475 362 16 20 0.03082466 
493 62 10 13 0.030814473 
621 69 11 14 0.030801397 
675 28 11 15 0.030758373 
382 258 14 18 0.030744655 
78 53 10 11 0.030743493 
168 193 13 17 0.030739717 
369 12 11 15 0.030704241 
388 28 11 14 0.03068708 
785 192 15 17 0.030683096 
977 232 16 19 0.030671393 
590 164 11 14 0.030628439 
630 107 11 14 0.03059537 
699 502 24 31 0.030585088 
608 110 11 12 0.030578095 
711 13 9 12 0.030567084 
863 154 12 16 0.03056382 
180 314 18 23 0.030501487 
542 100 11 14 0.030493282 
344 100 12 15 0.03049288 
926 49 13 19 0.030449335 
471 44 12 15 0.030437117 
574 132 11 13 0.030416036 
718 104 12 15 0.030392567 
497 147 13 15 0.030391598 
176 86 10 12 0.03035921 
903 171 11 14 0.03034891 
874 278 21 26 0.03034456 
614 28 12 13 0.0302976 
853 94 12 14 0.030286757 
922 108 13 15 0.030254852 
747 203 13 17 0.030219452 
643 156 14 16 0.030208658 
300 67 12 13 0.030206833 
535 86 11 14 0.030175468 
34 275 20 23 0.03017378 
944 68 10 13 0.030133722 
469 342 17 21 0.030058796 
998 224 23 32 0.030035535 
746 250 22 27 0.030007234 
6 394 14 20 0.02997758 
280 70 11 13 0.029964738 
343 93 11 13 0.029802324 
797 149 13 16 0.029780574 
229 157 15 19 0.029758453 
972 197 14 17 0.029745834 
374 225 14 17 0.029716711 
14 324 21 25 0.02971274 
491 233 14 19 0.02967371 
155 272 14 18 0.029668411 
790 85 11 13 0.029665861 
278 61 10 12 0.029661162 
523 92 13 15 0.029654069 
171 174 16 18 0.029645545 
100 411 21 26 0.029598126 
111 44 11 13 0.029535824 
564 214 14 17 0.0294817 
180 290 16 19 0.02947574 
176 179 15 18 0.029471183 
319 13 10 13 0.029460205 
786 266 21 26 0.029449806 
805 134 11 13 0.029438373 
600 390 19 22 0.029399024 
44 409 22 26 0.029393896 
608 30 10 12 0.029392399 
87 30 8 10 0.029392166 
14 118 11 14 0.029350692 
446 173 11 15 0.029337352 
293 25 10 13 0.029326184 
644 278 16 21 0.02932245 
287 23 10 13 0.0293134 
164 297 19 23 0.029297298 
430 93 10 14 0.029253947 
388 55 11 14 0.029240789 
279 252 12 16 0.029227065 
188 46 10 11 0.029195534 
204 253 12 16 0.02918895 
571 546 24 28 0.02916002 
301 458 16 21 0.029147144 
285 227 13 16 0.029130273 
492 117 11 15 0.029120926 
93 370 16 19 0.029061666 
266 314 17 19 0.029060965 
248 391 19 21 0.02897038 
101 31 9 11 0.02893226 
261 13 10 13 0.028874377 
511 28 11 13 0.028868714 
143 299 13 16 0.028865881 
917 145 14 17 0.028851623 
386 357 17 21 0.028842043 
654 171 12 15 0.028823974 
550 28 11 13 0.028812736 
308 258 14 18 0.028808553 
153 28 11 13 0.028796287 
588 180 11 15 0.028789511 
42 543 18 25 0.028770681 
702 74 11 15 0.028755687 
101 46 10 12 0.028744902 
351 70 11 13 0.028540144 
109 53 10 13 0.028525474 
773 256 16 21 0.028504472 
139 586 23 26 0.02849482 
572 373 18 22 0.028490795 
224 101 11 14 0.0284671 
193 274 15 17 0.028449204 
478 473 16 21 0.028442692 
198 93 11 14 0.02840446 
424 69 10 14 0.028377874 
110 76 9 12 0.028367676 
670 47 11 13 0.028327696 
735 172 12 14 0.028274365 
636 106 13 16 0.028255321 
726 114 12 15 0.028234087 
87 162 14 18 0.02821694 
505 184 14 17 0.02818808 
279 21 10 12 0.028162315 
639 158 12 16 0.028130857 
27 400 14 18 0.028115243 
406 187 13 16 0.028092293 
180 5 10 12 0.028091766 
475 408 16 19 0.028083997 
879 36 14 16 0.028027844 
356 315 14 19 0.028017012 
469 4 11 13 0.027994761 
125 300 16 20 0.027964598 
518 249 13 17 0.027942965 
470 420 22 28 0.027932413 
641 421 17 20 0.027906101 
967 219 15 19 0.027865885 
533 45 10 12 0.027862187 
517 234 14 18 0.027842384 
8 314 21 25 0.02781697 
219 214 14 17 0.02778332 
65 143 10 13 0.027747728 
867 187 14 17 0.027747162 
403 107 13 16 0.027738545 
194 591 17 21 0.027732901 
641 55 9 12 0.027732296 
91 329 15 19 0.027696567 
10 92 8 12 0.027690122 
308 462 17 22 0.027682466 
726 287 16 21 0.02766031 
524 356 14 17 0.027647015 
53 156 11 14 0.027632557 
577 391 23 28 0.027592521 
6 386 12 17 0.027571343 
101 124 13 15 0.02752759 
392 350 17 20 0.027526317 
295 42 10 14 0.02750355 
287 568 19 22 0.027457751 
482 186 14 16 0.027376045 
72 428 21 26 0.027362019 
841 125 12 16 0.027286405 
300 37 11 13 0.027248656 
206 291 14 18 0.027236775 
912 138 13 17 0.027235206 
32 147 12 15 0.027195722 
396 2 15 16 0.02718865 
514 146 11 14 0.02718828 
531 320 14 20 0.027186705 
244 371 16 19 0.027148142 
163 35 13 14 0.027136156 
749 180 11 15 0.027129294 
719 21 11 14 0.027128492 
185 397 16 20 0.027127538 
925 58 12 16 0.027122071 
61 384 15 20 0.027073361 
512 62 19 23 0.027065443 
128 14 11 14 0.027044956 
311 175 14 17 0.027044125 
53 164 11 13 0.027043594 
214 127 11 14 0.027035415 
367 149 11 14 0.027024144 
212 143 13 17 0.027012423 
900 164 13 16 0.026993077 
13 453 22 28 0.026969705 
654 216 16 21 0.026956461 
933 139 11 16 0.026947467 
788 61 12 15 0.026917502 
747 221 12 16 0.026863271 
688 38 12 14 0.026841907 
758 77 11 14 0.026836509 
632 75 11 13 0.026832351 
455 62 11 14 0.026818795 
575 94 11 14 0.026798066 
118 28 10 11 0.026787382 
661 171 13 15 0.026784934 
415 157 12 14 0.02677384 
632 304 15 20 0.02675079 
589 37 10 14 0.026747514 
53 151 11 13 0.026741829 
646 179 11 14 0.02672561 
245 0 10 10 0.026696697 
413 14 10 13 0.026693543 
335 207 11 15 0.02668407 
177 214 12 16 0.026662145 
552 231 14 19 0.026632758 
554 324 18 22 0.026610555 
937 220 16 19 0.026586331 
876 189 14 16 0.02657043 
617 44 11 13 0.02653104 
609 161 18 23 0.026514128 
279 31 9 11 0.026484855 
876 75 13 15 0.02644292 
301 349 16 20 0.026441595 
268 327 21 24 0.026434056 
366 198 13 16 0.026418148 
502 35 18 21 0.026412876 
810 253 22 25 0.026369723 
790 35 11 15 0.02634762 
436 284 15 18 0.026342938 
389 102 12 15 0.026342839 
705 92 11 15 0.026311597 
293 78 11 14 0.026311187 
420 302 20 25 0.026274811 
106 275 14 17 0.026261855 
501 20 11 13 0.026235402 
8 166 9 12 0.02622427 
560 1 10 10 0.026194323 
286 147 12 16 0.026188299 
244 579 18 22 0.02615046 
112 14 10 12 0.026142288 
78 389 16 21 0.026130058 
255 219 12 15 0.026117219 
629 23 10 12 0.026081394 
49 276 15 19 0.026073318 
806 12 12 15 0.026067657 
952 123 12 15 0.026028173 
220 187 13 16 0.025997898 
99 505 16 21 0.025978416 
482 423 21 27 0.02597511 
471 377 20 25 0.025975073 
464 34 11 14 0.025963424 
954 286 23 30 0.025952004 
301 44 11 14 0.025933431 
382 55 12 14 0.025902534 
108 266 15 18 0.025885623 
133 201 14 17 0.025872862 
742 131 13 16 0.025867978 
861 302 17 20 0.025867198 
5 157 11 14 0.02586674 
360 234 19 24 0.025780816 
405 147 11 14 0.025769122 
317 191 14 18 0.02575497 
716 186 13 16 0.02572115 
748 188 12 14 0.025720315 
627 46 13 15 0.025720298 
332 44 11 13 0.025712376 
691 222 15 19 0.025711766 
836 189 14 17 0.025674691 
884 17 14 15 0.025641026 
224 93 11 13 0.025618138 
521 188 15 18 0.025598304 
539 314 14 19 0.025594309 
335 163 11 14 0.025582377 
27 231 14 18 0.025574742 
452 109 13 16 0.02557246 
910 67 12 14 0.025556264 
139 19 11 14 0.025516795 
590 22 10 12 0.0255025 
220 179 13 17 0.025469156 
155 261 14 17 0.025446333 
20 316 16 19 0.025436703 
724 42 13 16 0.025432376 
407 77 12 14 0.025409967 
862 42 13 16 0.025395824 
151 300 21 24 0.025284568 
26 112 12 13 0.025269631 
954 233 16 18 0.025267944 
516 223 15 19 0.025262272 
709 211 13 16 0.025238035 
960 184 15 19 0.025234928 
709 45 11 14 0.025166404 
204 123 13 16 0.025165195 
101 282 12 16 0.025145577 
31 203 12 15 0.025133915 
847 170 12 16 0.025128756 
884 267 14 17 0.025122235 
175 294 13 16 0.025073256 
545 346 22 27 0.025071988 
117 250 13 18 0.025067246 
332 22 12 14 0.025037693 
19 149 13 15 0.025032632 
221 140 14 16 0.025029581 
733 165 12 15 0.025020773 
473 185 13 17 0.025010725 
8 225 12 18 0.0250046 
779 141 12 15 0.024989793 
245 180 13 16 0.02498977 
541 536 16 21 0.024977898 
100 155 11 15 0.024975296 
452 130 13 16 0.02496306 
558 45 11 14 0.024958128 
358 124 13 16 0.024937935 
11 192 13 17 0.024937343 
821 82 13 15 0.024853075 
852 157 11 14 0.024831438 
400 505 24 30 0.024829177 
170 563 16 20 0.024820356 
502 99 10 14 0.024815354 
46 69 10 12 0.02481236 
216 259 12 16 0.024769783 
404 214 14 16 0.024726372 
36 180 12 15 0.024719924 
820 497 24 28 0.024705267 
59 552 26 28 0.024701642 
866 269 22 24 0.024673074 
629 187 12 15 0.024661854 
469 94 12 14 0.024646701 
254 298 13 18 0.024628041 
442 332 21 24 0.024624687 
105 458 16 19 0.024622105 
412 509 24 30 0.02461895 
885 235 14 20 0.024605028 
643 289 16 19 0.024601907 
495 268 13 16 0.024596322 
516 28 11 12 0.024595875 
154 92 12 14 0.024591986 
331 54 13 15 0.024590066 
259 290 14 17 0.024576059 
1001 148 15 19 0.024567436 
583 231 13 15 0.024561265 
732 111 13 17 0.024559405 
852 122 14 17 0.02455201 
471 217 13 17 0.024533266 
697 340 15 19 0.024518536 
645 304 16 20 0.024491055 
148 410 16 18 0.024473818 
613 0 10 11 0.024469076 
106 385 17 19 0.024455799 
70 154 13 15 0.024446717 
843 316 19 23 0.024446633 
157 99 11 16 0.024441179 
882 41 15 17 0.024409493 
300 228 12 16 0.024398673 
14 235 13 16 0.024392888 
415 458 17 20 0.024387425 
710 156 12 15 0.024381325 
963 69 12 13 0.024379024 
526 116 12 14 0.024371613 
365 86 11 13 0.024350617 
588 156 12 14 0.024337417 
278 211 13 17 0.02433536 
92 406 18 22 0.024303667 
285 188 12 16 0.024300614 
436 113 12 16 0.024292694 
478 21 10 13 0.024282768 
686 188 11 14 0.024258189 
922 41 14 19 0.024238052 
108 242 13 18 0.0242353 
453 367 14 18 0.0242173 
438 395 14 18 0.024210999 
933 351 26 29 0.024200961 
829 211 13 16 0.024188165 
842 56 15 20 0.024168827 
479 1 11 10 0.024167733 
509 159 10 13 0.024152232 
171 498 17 22 0.024115825 
378 309 20 24 0.02411516 
788 68 13 16 0.024079524 
60 180 13 15 0.024075173 
841 236 19 22 0.024067761 
312 46 10 13 0.024038177 
506 293 14 19 0.024031775 
893 141 12 15 0.024031242 
444 16 13 16 0.024022454 
948 94 14 17 0.024018055 
228 132 14 16 0.024006607 
973 165 14 17 0.02399405 
894 297 15 21 0.0239932 
649 443 23 29 0.023973882 
720 27 11 15 0.023960914 
863 317 21 27 0.023948997 
381 200 13 17 0.023917863 
806 271 15 20 0.023909574 
102 35 10 13 0.023879219 
889 331 25 29 0.023866225 
501 425 22 29 0.023860404 
438 30 11 14 0.023850089 
118 202 12 17 0.023849849 
391 130 12 14 0.02384939 
707 407 21 27 0.023795199 
563 187 13 17 0.023755863 
789 464 24 30 0.023755498 
799 188 12 16 0.023714507 
669 37 11 13 0.023713404 
177 21 11 14 0.023709044 
499 366 17 22 0.023693327 
813 385 24 28 0.023685291 
199 20 11 13 0.023648305 
932 57 13 16 0.023647085 
494 5 10 13 0.023621652 
177 346 14 18 0.023613846 
331 384 15 19 0.023608372 
789 219 13 18 0.023601228 
96 31 9 10 0.023596264 
45 222 12 15 0.023549922 
496 1 9 10 0.023546388 
555 202 14 17 0.02352566 
508 266 15 18 0.023521334 
46 56 10 11 0.023517659 
286 216 14 19 0.02351474 
193 343 15 19 0.023457803 
842 252 16 18 0.02345548 
647 8 10 12 0.023439113 
274 230 15 19 0.02342446 
844 35 12 14 0.02340938 
660 182 12 14 0.02336908 
608 19 10 12 0.023359088 
429 171 12 14 0.023344567 
715 291 17 21 0.023339452 
143 162 13 17 0.023334881 
749 21 12 15 0.023333747 
769 28 13 16 0.023326598 
765 75 12 15 0.023315774 
337 331 15 20 0.023310477 
318 88 12 15 0.02330606 
85 109 11 14 0.023295844 
377 187 12 16 0.023284825 
379 23 14 17 0.023263864 
162 225 14 18 0.023237616 
719 58 11 14 0.02322378 
212 249 14 17 0.023214616 
723 221 13 16 0.023198223 
255 272 14 18 0.023191815 
235 332 15 18 0.023191502 
677 132 12 15 0.023186645 
739 38 14 16 0.023184331 
468 401 16 21 0.023165287 
358 38 10 13 0.023150919 
454 220 12 16 0.023130693 
469 172 14 17 0.023117514 
253 400 15 19 0.023105597 
165 126 17 19 0.023089042 
828 203 13 17 0.02307578 
910 112 14 17 0.023066254 
828 11 14 16 0.023058824 
708 26 13 16 0.023055322 
691 270 17 21 0.023037147 
702 269 21 25 0.02300844 
231 313 15 19 0.023000097 
375 2 11 12 0.022997031 
872 194 13 17 0.022994693 
560 83 12 14 0.02296713 
549 76 10 13 0.022960292 
15 123 12 15 0.022958158 
481 408 21 26 0.022940628 
107 236 13 14 0.022914564 
127 252 12 15 0.022912407 
814 77 11 14 0.022911223 
360 59 11 14 0.022904329 
213 156 12 15 0.02290102 
385 379 14 18 0.02288261 
414 492 24 28 0.022878282 
575 31 11 12 0.022870833 
582 55 11 12 0.022854421 
708 237 15 18 0.022838732 
511 324 21 23 0.02283812 
479 37 10 13 0.022823067 
86 86 10 14 0.02282055 
229 398 21 25 0.02279621 
645 126 11 14 0.022792518 
481 329 17 21 0.022786014 
659 542 31 34 0.02278501 
550 181 12 15 0.022772681 
260 448 17 21 0.022769041 
862 80 13 16 0.022768073 
831 142 10 13 0.022742342 
740 241 20 25 0.022737075 
186 73 19 21 0.022716867 
964 120 15 17 0.022691252 
74 487 16 22 0.022652267 
335 14 11 13 0.02260268 
835 66 14 18 0.02260239 
180 450 15 20 0.022601513 
470 1 10 10 0.02258099 
481 29 10 13 0.0225694 
774 74 12 16 0.022564983 
637 178 12 16 0.022551183 
823 327 20 25 0.022539219 
345 358 16 21 0.022522455 
324 14 11 13 0.022520063 
468 363 16 21 0.022504322 
385 496 22 27 0.02249833 
244 94 11 14 0.022487951 
417 228 14 18 0.022467319 
364 91 12 15 0.022465065 
718 433 23 31 0.022462066 
717 203 13 16 0.022437328 
404 273 16 20 0.022412367 
700 100 12 15 0.022394037 
895 67 19 23 0.022333803 
91 376 15 20 0.022329371 
853 51 13 16 0.022313492 
4 473 14 20 0.02230423 
797 247 21 26 0.022299023 
8 213 13 18 0.022294417 
412 140 12 16 0.022270147 
114 20 9 11 0.022260712 
477 456 17 20 0.022252575 
126 315 13 17 0.022251075 
87 39 9 10 0.022229321 
148 10 11 13 0.022181395 
50 85 10 12 0.02217667 
777 147 14 18 0.02216924 
275 479 18 20 0.022158327 
397 521 22 30 0.022147467 
598 22 9 12 0.022142045 
653 6 11 12 0.022136511 
645 332 24 29 0.022126418 
789 76 12 14 0.022112226 
687 27 12 15 0.022105334 
366 101 12 15 0.022101186 
536 148 12 14 0.022099165 
30 157 11 15 0.022093067 
539 59 11 14 0.022072367 
709 204 13 16 0.022064907 
182 556 24 29 0.022050112 
853 308 15 18 0.022012927 
399 54 13 16 0.022001494 
654 249 15 19 0.021993881 
277 287 14 18 0.021988565 
125 19 11 14 0.021987353 
806 293 17 21 0.021978643 
633 384 21 28 0.021968814 
974 187 14 16 0.021960957 
233 269 15 17 0.021957643 
51 186 13 15 0.021942046 
322 365 15 20 0.02193739 
498 195 14 18 0.021935657 
270 22 10 13 0.021922689 
731 19 13 16 0.021922683 
205 320 14 19 0.0218873 
198 30 10 12 0.021878194 
118 347 14 18 0.021868913 
155 63 12 13 0.021810837 
625 271 16 19 0.021790318 
891 304 16 22 0.021788213 
862 133 12 15 0.021785308 
532 214 16 20 0.021783212 
576 35 12 14 0.021776011 
311 5 10 13 0.021749415 
820 92 12 15 0.021731757 
688 19 10 13 0.021689853 
908 256 15 20 0.021678237 
170 455 20 25 0.02167131 
246 121 13 16 0.021649333 
455 210 12 17 0.021648586 
723 94 12 15 0.021642746 
866 66 17 19 0.02163342 
389 385 15 18 0.021615276 
716 509 25 31 0.021597339 
113 539 21 27 0.021594487 
728 208 14 18 0.02153755 
723 75 13 16 0.021533228 
22 99 10 12 0.02153192 
159 116 10 14 0.021526158 
781 106 13 17 0.021522649 
799 205 13 17 0.021508357 
284 257 15 19 0.021501174 
187 297 14 19 0.021490091 
845 99 13 16 0.021489205 
709 440 23 30 0.021484906 
150 540 13 17 0.02146912 
435 179 14 17 0.021466382 
637 290 13 18 0.021454193 
548 139 12 17 0.021444403 
858 192 15 19 0.02142752 
583 504 18 21 0.021404685 
946 422 25 28 0.021398854 
372 60 12 15 0.02136109 
483 398 21 24 0.021360187 
934 98 11 15 0.02134523 
253 410 16 20 0.021326091 
230 242 14 18 0.02131821 
942 282 18 24 0.021269279 
671 82 12 15 0.021237334 
261 22 11 13 0.021232046 
556 285 21 24 0.021223716 
860 165 13 16 0.021218434 
402 116 13 16 0.021214528 
36 188 13 16 0.021202954 
691 364 18 20 0.021197947 
208 106 14 16 0.021189392 
451 22 12 14 0.021167737 
284 462 22 26 0.021158379 
189 53 11 13 0.021142231 
484 239 15 19 0.021141993 
143 307 15 19 0.021138014 
459 361 15 20 0.021110231 
518 5 10 11 0.021105459 
261 156 12 15 0.021102736 
218 278 13 16 0.021097207 
837 174 11 14 0.021094527 
512 14 9 12 0.021086149 
942 98 13 16 0.021080244 
848 309 24 30 0.021079566 
748 282 19 25 0.021059701 
109 292 14 18 0.021049116 
493 241 15 20 0.02103284 
330 527 18 22 0.021023594 
602 296 16 21 0.020984687 
662 22 10 13 0.020977654 
369 330 22 25 0.020959863 
829 247 15 19 0.020955097 
404 157 12 15 0.02091543 
878 133 13 16 0.02091505 
769 443 25 30 0.020906186 
689 430 23 29 0.020903092 
613 135 10 12 0.020862766 
618 316 20 26 0.020854313 
304 22 9 12 0.02085054 
349 59 12 15 0.020840084 
293 4 11 13 0.020825202 
464 46 10 12 0.020785395 
235 188 12 16 0.020782799 
938 160 16 19 0.020778254 
696 1 12 12 0.020710435 
266 544 16 20 0.020708086 
650 261 16 19 0.020684822 
647 30 9 12 0.020637915 
732 67 12 15 0.020612199 
-1 395 21 33 0.020609302 
487 13 10 13 0.020607373 
98 194 12 16 0.020593036 
273 0 10 11 0.020585153 
958 386 16 20 0.020550083 
717 196 13 15 0.020549856 
195 317 14 19 0.02054815 
391 13 12 15 0.020541273 
183 131 13 16 0.02053772 
465 387 20 27 0.020531364 
589 124 11 14 0.02051204 
326 441 22 27 0.020505883 
636 187 12 14 0.020503376 
32 347 17 22 0.020498347 
836 18 15 18 0.020487728 
215 44 11 13 0.02048196 
217 468 22 27 0.02045589 
654 101 12 14 0.020435635 
804 125 11 13 0.020408677 
221 124 13 15 0.020397164 
111 92 9 12 0.020382157 
781 202 13 16 0.020381475 
29 215 15 18 0.020366028 
867 31 12 14 0.020332001 
226 354 16 19 0.020330664 
637 35 12 15 0.020284284 
51 402 15 19 0.020264288 
590 296 22 25 0.020261997 
716 119 13 15 0.020253692 
588 171 11 16 0.020240132 
983 152 15 19 0.02022252 
863 93 10 13 0.020220747 
13 109 11 13 0.020218961 
517 385 24 29 0.020209195 
708 292 16 21 0.020172559 
644 379 22 27 0.020093864 
348 312 15 19 0.020093659 
861 70 15 17 0.020089438 
359 467 14 21 0.020070465 
524 638 22 30 0.020063078 
987 90 12 18 0.020059768 
731 154 12 15 0.020056965 
677 270 20 25 0.02004119 
382 56 18 23 0.020040393 
470 196 13 16 0.020026924 
