2_Demonstration_Demonstration_Or_Protest_2_438
162
468 547 58 75 0.9986633 
452 266 49 60 0.99819845 
78 579 33 42 0.45653594 
156 478 16 23 0.41752863 
21 526 27 31 0.24556477 
801 598 22 36 0.18933307 
875 497 15 21 0.15972906 
657 482 15 19 0.15638989 
101 513 16 20 0.1443975 
216 478 44 58 0.123708755 
692 497 22 26 0.11196038 
86 520 23 29 0.10889715 
70 467 13 19 0.1061902 
736 483 11 14 0.100408085 
860 470 10 12 0.0999604 
655 475 15 19 0.09146607 
818 510 20 22 0.09025589 
806 486 12 16 0.08422688 
850 525 13 16 0.07970148 
71 461 12 16 0.07885226 
868 505 16 20 0.07815879 
725 531 25 31 0.0744158 
114 443 15 18 0.072086096 
-1 627 49 63 0.06851405 
34 517 22 35 0.06726424 
710 456 15 21 0.06634155 
612 563 23 30 0.06497392 
19 615 49 50 0.06313769 
740 547 15 23 0.06238737 
873 493 13 16 0.060783744 
69 453 23 28 0.060359277 
641 283 377 426 0.059262227 
882 468 14 15 0.058295902 
210 502 29 49 0.058007408 
17 539 32 36 0.0579305 
773 486 11 14 0.055684544 
149 487 16 21 0.051912922 
707 543 23 35 0.0516684 
769 492 11 13 0.048654605 
1005 585 14 22 0.048579972 
280 492 12 15 0.048463248 
698 493 15 18 0.04829209 
815 515 13 19 0.047085263 
226 493 54 63 0.046171874 
74 474 14 17 0.045681264 
860 476 10 12 0.044677146 
649 462 22 28 0.044107787 
212 524 17 26 0.04382484 
35 607 48 48 0.043707486 
73 443 15 17 0.043346237 
56 584 47 53 0.042952433 
780 462 9 11 0.04189887 
846 499 13 16 0.041295312 
288 462 9 11 0.04047161 
125 482 15 19 0.03985063 
786 547 27 32 0.037796944 
719 543 26 32 0.03746269 
782 470 10 12 0.037315868 
317 590 42 62 0.037003975 
996 575 24 33 0.03648357 
800 483 12 17 0.036413413 
163 80 17 21 0.036024727 
956 490 12 16 0.035369247 
77 508 26 31 0.03529266 
770 647 33 35 0.03528943 
793 538 24 31 0.034554437 
890 551 28 34 0.03399742 
821 503 14 17 0.033692732 
885 463 12 13 0.032702643 
93 558 30 39 0.03261904 
804 529 13 19 0.0325969 
711 476 12 16 0.03185371 
13 432 9 12 0.03096481 
66 557 47 58 0.030839013 
877 485 13 16 0.030799324 
932 480 14 18 0.030754948 
865 511 13 17 0.03067539 
166 570 37 45 0.0306246 
752 462 8 10 0.030021768 
105 506 16 21 0.029751325 
676 528 18 22 0.029520389 
96 528 17 21 0.029514728 
39 559 49 52 0.02917486 
390 500 11 14 0.028780121 
816 477 11 13 0.028731966 
817 521 23 28 0.028707929 
250 563 41 46 0.028385282 
746 506 13 17 0.028355729 
89 507 24 30 0.028295489 
48 518 22 33 0.027766207 
701 458 22 28 0.027465431 
342 606 44 64 0.027413689 
129 490 14 18 0.027163286 
899 482 12 15 0.027128387 
989 489 24 31 0.026994787 
124 473 17 21 0.02694581 
796 537 17 18 0.026910132 
741 499 16 21 0.026805134 
974 453 26 30 0.026148843 
817 508 13 17 0.02596961 
125 463 11 14 0.02596061 
343 456 9 10 0.02581461 
58 517 20 31 0.02566766 
777 469 9 12 0.025611296 
240 509 54 68 0.025308976 
66 516 22 29 0.02519371 
60 448 99 112 0.025015643 
882 492 14 18 0.024890961 
806 484 21 26 0.024860218 
522 356 26 32 0.024821015 
902 454 9 10 0.024690533 
809 596 27 37 0.024396066 
83 499 14 17 0.024235744 
794 448 8 10 0.02419351 
667 527 17 21 0.024105882 
295 509 11 14 0.02400147 
293 456 9 11 0.02395993 
203 528 27 36 0.023898495 
799 479 10 13 0.023772985 
665 488 16 19 0.02373087 
788 603 29 37 0.02368171 
594 522 17 22 0.023606379 
615 573 27 41 0.023539923 
39 438 8 12 0.02326657 
880 474 13 16 0.023188109 
635 571 30 44 0.023187222 
839 476 11 14 0.022988366 
116 469 43 55 0.022961361 
138 489 24 31 0.022791155 
824 600 33 36 0.022784369 
687 576 23 37 0.022728981 
318 497 11 15 0.022665787 
846 528 15 21 0.0226039 
880 464 10 12 0.022245098 
958 443 44 54 0.022167992 
778 590 29 35 0.022017227 
658 471 23 29 0.02189417 
605 385 23 30 0.021693824 
621 425 25 30 0.021669492 
25 541 43 51 0.021627573 
892 461 10 12 0.021608265 
124 522 18 18 0.02159867 
830 502 21 27 0.021595538 
604 435 14 18 0.021499667 
927 482 12 17 0.021392364 
173 549 48 60 0.021347249 
701 406 10 15 0.021147702 
667 539 17 20 0.020936552 
122 489 25 29 0.020931566 
507 333 28 38 0.020925542 
884 516 12 16 0.020856474 
886 456 10 11 0.020829704 
960 576 40 51 0.020768445 
832 537 24 29 0.020720398 
917 490 14 20 0.020710928 
732 482 21 27 0.020506313 
736 549 26 32 0.02045808 
811 526 15 22 0.020411205 
282 461 10 12 0.020367136 
677 475 13 17 0.02022255 
413 308 27 31 0.020186078 
840 462 8 9 0.020136736 
