2_Demonstration_Demonstration_Or_Protest_2_306
32
825 209 102 144 0.9998276 
668 212 60 85 0.99803203 
184 154 114 165 0.9767403 
357 182 54 64 0.9755921 
311 191 51 67 0.9564388 
585 234 49 59 0.8854239 
332 185 54 64 0.8208994 
619 201 33 43 0.8202854 
341 323 73 84 0.6657557 
3 266 47 65 0.39228448 
748 248 42 75 0.26411787 
400 164 30 43 0.12056759 
790 232 95 133 0.08196187 
994 253 14 17 0.06317728 
444 205 56 61 0.061809033 
278 169 80 107 0.06111107 
25 262 60 67 0.05315862 
597 214 48 56 0.05148825 
444 288 47 62 0.041414198 
-8 271 362 488 0.033469472 
756 245 75 110 0.033085212 
41 117 54 82 0.03160157 
456 303 27 38 0.030624298 
628 212 32 44 0.028537659 
709 218 62 104 0.027551541 
740 264 33 49 0.02725647 
409 297 79 93 0.025143962 
230 178 76 110 0.024505794 
374 303 85 107 0.023878668 
409 271 51 68 0.02364384 
59 471 276 244 0.022816889 
383 174 40 52 0.021530427 
