2_Demonstration_Demonstration_Or_Protest_2_512
504
402 238 27 33 0.9969902 
963 375 54 85 0.9935959 
143 284 51 63 0.98315585 
935 279 26 31 0.82647085 
921 258 17 21 0.7049034 
469 229 12 14 0.60375774 
421 313 62 68 0.5810759 
992 207 11 13 0.57573384 
918 197 10 12 0.5682416 
242 210 18 20 0.566731 
954 313 33 38 0.54898995 
735 258 13 16 0.54573697 
598 289 31 32 0.5447077 
989 272 14 17 0.5302691 
97 294 26 35 0.5249795 
674 278 32 52 0.51302004 
639 244 12 15 0.44951162 
902 266 15 20 0.44408062 
156 191 17 22 0.4408308 
114 348 43 55 0.4105582 
647 207 11 14 0.34569263 
732 310 45 53 0.3336731 
199 228 25 34 0.30957398 
569 343 41 49 0.30684227 
685 303 42 53 0.29576582 
295 207 11 13 0.27232805 
621 244 15 18 0.26685384 
1012 275 10 16 0.26506662 
172 212 24 30 0.2594304 
625 221 10 13 0.25516382 
243 391 50 82 0.2496457 
685 289 32 47 0.23989944 
1005 315 15 20 0.22729087 
910 260 14 18 0.2270001 
128 191 26 33 0.22439486 
679 189 13 16 0.21522518 
718 199 8 10 0.19419965 
596 238 11 15 0.19326787 
813 213 10 11 0.18158647 
658 249 15 18 0.1642964 
838 274 17 24 0.15971513 
666 205 9 13 0.15568097 
231 292 26 32 0.15166192 
49 202 16 20 0.14940879 
713 222 9 10 0.1445167 
705 307 45 54 0.14064085 
964 269 13 17 0.13953461 
829 245 10 12 0.1372762 
598 213 11 17 0.13692015 
704 207 8 10 0.13598336 
976 208 9 10 0.13377944 
735 225 7 9 0.13365526 
631 260 23 27 0.123839036 
805 229 9 11 0.12263691 
958 265 13 16 0.11776499 
608 184 9 13 0.11201216 
680 181 12 14 0.10986352 
590 213 11 16 0.10776046 
584 287 28 33 0.10698328 
667 297 44 53 0.106960796 
663 199 10 13 0.106611855 
1007 259 12 14 0.10417888 
798 206 8 9 0.10344991 
645 228 11 13 0.101231486 
751 244 12 14 0.09976328 
736 230 9 12 0.09887416 
429 201 14 16 0.09844691 
719 246 11 13 0.098278895 
604 214 12 15 0.097078726 
719 205 9 10 0.0965112 
181 219 26 35 0.0949993 
714 198 8 10 0.09435497 
944 382 51 83 0.09383565 
865 219 22 29 0.09293 
768 248 10 12 0.09089913 
23 190 12 16 0.0892918 
969 274 14 16 0.08891235 
837 204 14 16 0.08781086 
442 223 25 31 0.08746651 
51 193 16 19 0.08510685 
606 206 9 12 0.082641914 
858 227 15 19 0.082372695 
742 235 10 13 0.08217298 
829 239 10 12 0.08197564 
451 211 16 19 0.081394635 
1 206 24 36 0.08122781 
928 262 17 19 0.0801827 
951 264 12 15 0.079714544 
331 182 24 30 0.07958895 
653 222 10 13 0.0792434 
771 245 14 16 0.07863692 
647 200 9 11 0.078493774 
615 247 13 17 0.078241356 
825 237 10 12 0.077711314 
825 231 10 12 0.07739319 
969 248 9 12 0.077382594 
574 211 13 14 0.07718688 
289 206 10 14 0.07619418 
302 319 56 73 0.07537842 
776 283 37 50 0.07518426 
792 289 25 30 0.07389632 
653 212 10 11 0.073580064 
623 184 11 14 0.071579516 
623 216 10 13 0.069759734 
433 195 16 19 0.069628984 
859 284 14 17 0.06887903 
977 212 10 12 0.06817277 
775 234 14 14 0.068149395 
927 314 22 28 0.06773392 
808 208 9 10 0.0675336 
533 408 51 66 0.066607006 
581 209 14 17 0.06642052 
593 252 10 14 0.0663799 
628 214 12 15 0.06580724 
549 327 53 60 0.06552862 
271 243 14 18 0.06550433 
857 260 15 17 0.06469702 
445 213 23 28 0.06435317 
202 228 39 56 0.0636494 
88 325 60 64 0.06348683 
534 238 17 22 0.06318775 
120 188 45 56 0.06313298 
210 238 14 19 0.06308785 
785 222 9 10 0.062235553 
35 201 14 20 0.062127374 
757 240 10 13 0.061826624 
655 239 11 13 0.06144892 
806 223 9 11 0.061338656 
637 249 15 19 0.06123291 
0 224 22 36 0.060916398 
310 147 11 13 0.060104594 
930 298 26 33 0.05961483 
210 229 15 18 0.059463385 
698 205 8 11 0.059337344 
1008 206 10 13 0.059304222 
638 212 11 14 0.059112325 
144 347 36 57 0.05883344 
317 201 12 15 0.05882641 
1008 196 9 13 0.058436025 
949 215 9 12 0.057921447 
872 323 45 54 0.057646096 
670 198 11 15 0.056934886 
464 194 14 17 0.05639912 
697 200 8 10 0.056367557 
823 198 9 11 0.05588447 
791 220 8 10 0.05551876 
627 228 11 13 0.055393655 
752 293 39 52 0.05529568 
778 323 27 38 0.054906327 
223 416 67 92 0.054842535 
295 197 12 14 0.054641433 
663 211 10 12 0.054247513 
822 207 8 10 0.053525258 
835 197 22 27 0.05338446 
429 189 15 17 0.053256795 
951 203 10 13 0.05302526 
1008 189 9 12 0.051642615 
461 224 20 26 0.051248673 
853 286 18 22 0.05081592 
600 207 10 14 0.05077427 
681 176 10 11 0.05034789 
639 222 10 13 0.05029544 
790 238 11 13 0.050203267 
692 231 10 13 0.04993017 
448 304 53 68 0.049653877 
805 325 48 53 0.048800196 
702 189 8 10 0.048767626 
974 222 10 13 0.04843129 
750 238 10 13 0.0475542 
623 207 8 10 0.0472987 
971 249 13 16 0.046777513 
180 206 13 17 0.046775218 
629 206 10 12 0.04673815 
615 205 9 11 0.04669362 
1004 300 12 16 0.046099853 
1013 186 9 14 0.04516141 
197 228 16 25 0.045122907 
991 262 12 16 0.045076862 
829 250 13 16 0.044823274 
606 242 15 20 0.04444328 
1002 190 8 11 0.04442874 
1000 304 20 27 0.044325113 
477 315 44 62 0.043887496 
347 195 15 17 0.043759275 
753 214 9 10 0.04369227 
736 207 9 10 0.043472767 
801 225 8 10 0.04341492 
838 244 11 14 0.043276656 
639 310 32 40 0.042665426 
80 300 52 54 0.042567607 
628 237 12 15 0.042370014 
300 172 26 34 0.04211936 
711 207 7 10 0.0417231 
647 191 8 10 0.041681603 
833 211 11 13 0.04139508 
312 204 12 14 0.041363582 
782 242 12 15 0.040966354 
668 222 12 17 0.040276248 
261 374 42 73 0.040033914 
843 244 12 15 0.039966863 
347 231 22 26 0.03993554 
553 199 11 15 0.039916165 
668 422 77 115 0.039797377 
584 218 12 15 0.03975573 
728 231 9 11 0.039755575 
1006 267 17 24 0.0396501 
285 338 51 74 0.039462797 
861 205 11 13 0.039071497 
776 207 8 10 0.038969204 
712 216 8 10 0.03892341 
49 182 25 33 0.038810875 
655 198 10 12 0.03863574 
613 214 11 13 0.038375784 
348 134 15 17 0.038145546 
1013 210 8 13 0.038093735 
613 238 13 17 0.038086437 
587 211 19 25 0.038053364 
312 172 28 36 0.03796724 
663 220 11 15 0.0377098 
588 206 11 16 0.03768311 
648 224 11 13 0.03733998 
993 278 16 19 0.037337333 
807 246 11 15 0.037301965 
661 191 9 12 0.036952745 
854 266 14 19 0.036914 
660 241 23 30 0.03690178 
517 198 12 15 0.036703825 
435 225 16 21 0.036178075 
511 202 13 16 0.03610224 
983 274 21 25 0.03584196 
866 263 43 57 0.035767782 
287 191 8 11 0.03563253 
605 197 12 14 0.035623915 
394 180 12 16 0.035457276 
634 303 24 38 0.035403647 
961 306 20 23 0.035359062 
542 226 15 18 0.035072923 
855 222 14 16 0.035064172 
837 207 47 54 0.034979977 
413 174 10 12 0.0345625 
300 185 15 19 0.0344769 
354 195 14 16 0.03432425 
315 148 11 14 0.034268513 
744 213 8 10 0.033900462 
846 277 22 27 0.03389081 
696 183 10 12 0.033863988 
685 214 8 11 0.033824395 
640 188 9 11 0.033801667 
660 238 12 16 0.033707373 
835 251 13 17 0.03343356 
618 249 22 28 0.033152934 
274 355 45 77 0.032982327 
686 168 8 10 0.03295915 
570 212 11 15 0.032829 
186 213 12 16 0.032793764 
641 235 15 18 0.03264355 
953 270 22 26 0.03253066 
658 281 32 39 0.032431275 
601 199 10 12 0.032410335 
717 238 11 14 0.032289788 
372 195 14 17 0.032277822 
0 157 11 20 0.032226097 
471 201 12 15 0.032221884 
23 190 20 27 0.031971075 
292 200 21 23 0.031965025 
935 267 23 28 0.031891845 
224 194 24 29 0.031813994 
627 248 14 18 0.031750802 
626 350 27 37 0.03162915 
752 230 9 12 0.031396616 
343 187 17 20 0.031352818 
791 198 9 11 0.03134985 
594 237 19 26 0.03130141 
343 128 25 27 0.031292934 
347 188 24 27 0.03110975 
630 182 9 13 0.030786296 
632 201 9 10 0.030752175 
990 203 17 21 0.030744258 
639 184 9 11 0.030714674 
272 237 42 52 0.030685984 
938 319 15 20 0.030447079 
752 287 27 36 0.030428968 
894 270 17 23 0.03038842 
515 268 26 43 0.030316219 
186 444 100 119 0.030247327 
803 284 14 18 0.030157551 
860 210 12 15 0.03015437 
427 209 14 15 0.03014084 
219 226 13 18 0.030137891 
349 240 23 29 0.03001428 
575 281 25 38 0.030003669 
790 280 46 54 0.029978754 
622 211 19 24 0.029881945 
279 191 10 12 0.029813105 
494 222 8 11 0.029801963 
13 200 28 36 0.029778328 
316 299 51 58 0.029632548 
608 291 41 51 0.029568022 
472 292 25 42 0.029475179 
859 281 23 32 0.029392399 
198 222 12 18 0.029323943 
798 201 9 11 0.029228576 
171 252 29 34 0.029101623 
30 184 24 31 0.028924298 
743 184 8 10 0.028924244 
212 223 13 16 0.028906636 
295 189 13 15 0.028822044 
640 250 22 26 0.028798135 
878 188 8 9 0.028750546 
625 249 42 47 0.028662331 
668 218 22 30 0.02866222 
656 191 9 12 0.028658694 
956 199 10 13 0.028634554 
917 230 15 18 0.028522965 
391 211 24 34 0.028453713 
982 207 9 11 0.0284359 
944 276 18 22 0.028363423 
814 267 14 20 0.028307727 
44 204 26 30 0.028266124 
192 215 40 52 0.02822752 
713 193 9 11 0.028071497 
832 197 11 14 0.02798292 
477 594 154 120 0.027968084 
825 225 8 11 0.027783448 
590 228 10 12 0.02763994 
505 317 44 57 0.027625795 
969 222 10 12 0.027611118 
26 200 25 32 0.027581435 
856 280 44 54 0.0275334 
36 187 40 51 0.02748315 
876 330 15 20 0.027403628 
214 212 42 57 0.02734904 
768 205 8 10 0.027272468 
688 235 12 16 0.02715735 
517 210 15 19 0.027142888 
227 202 12 15 0.027134493 
488 222 9 10 0.026991865 
999 197 10 12 0.026897864 
493 202 11 13 0.026844144 
613 185 12 15 0.02672064 
838 217 12 13 0.026613515 
389 149 12 14 0.02660352 
579 323 398 430 0.026567794 
969 191 8 11 0.026506346 
214 251 30 43 0.026460154 
172 252 49 65 0.026391298 
396 222 27 36 0.026351647 
58 319 56 67 0.026255762 
817 199 8 10 0.026164815 
784 265 29 35 0.026127396 
945 265 22 26 0.026084682 
494 229 10 13 0.026078457 
842 211 13 15 0.026040409 
726 236 11 14 0.026024112 
891 320 45 51 0.025794411 
793 206 9 10 0.02575862 
806 235 10 12 0.025662106 
646 323 38 39 0.025626877 
948 295 29 33 0.025624307 
279 396 26 49 0.025555331 
12 185 25 33 0.025544137 
830 221 11 12 0.025443282 
145 251 27 34 0.02536946 
798 270 25 31 0.025364487 
220 189 11 14 0.025293993 
940 261 14 17 0.025231875 
718 193 9 11 0.02522182 
921 265 25 30 0.024992386 
333 115 43 48 0.024918016 
839 260 23 30 0.024655366 
141 197 45 54 0.024611108 
92 143 45 66 0.024585675 
477 222 11 13 0.024578365 
736 213 8 10 0.024564091 
914 314 28 36 0.024515184 
790 261 13 16 0.024375325 
585 291 44 53 0.024305988 
653 254 18 22 0.024291405 
426 227 22 30 0.024245689 
755 249 12 16 0.024163013 
416 188 12 15 0.024156021 
476 197 13 15 0.024134515 
280 204 9 12 0.024081126 
1012 255 11 16 0.024036914 
932 293 19 23 0.023919757 
718 215 9 11 0.023713415 
687 221 9 13 0.023703117 
358 182 23 27 0.023625575 
469 220 21 25 0.02362481 
783 250 12 14 0.023566354 
782 208 8 9 0.023563206 
695 174 9 10 0.023556981 
712 236 10 13 0.023527104 
48 189 13 17 0.023483533 
868 203 12 14 0.023464384 
618 268 25 34 0.023423567 
486 197 12 14 0.023378491 
307 195 23 27 0.023366185 
499 198 12 14 0.023360277 
896 190 9 11 0.0233515 
480 192 10 12 0.023327883 
720 246 21 23 0.023322154 
318 185 15 19 0.02328431 
830 256 24 30 0.023279507 
243 353 53 72 0.023237422 
199 206 27 31 0.023191538 
326 208 24 33 0.023128854 
983 290 17 20 0.023057621 
394 311 59 76 0.0230036 
198 190 13 15 0.02297964 
790 193 8 10 0.022963427 
997 259 13 17 0.02290864 
422 189 12 15 0.022829391 
742 207 8 11 0.02280575 
461 202 13 19 0.022796078 
823 187 46 55 0.022713618 
851 234 48 61 0.022666203 
465 232 22 29 0.022589704 
757 273 24 29 0.022572428 
516 219 16 18 0.02254574 
268 236 23 29 0.022484832 
846 219 10 12 0.022484647 
173 180 12 15 0.022473397 
487 216 10 12 0.022362156 
479 215 10 12 0.022359928 
607 209 19 24 0.022339081 
430 205 24 29 0.022328556 
620 223 21 24 0.022302564 
813 260 13 16 0.022301381 
777 236 22 25 0.022272537 
797 215 8 9 0.02225457 
843 220 23 27 0.022253053 
236 173 10 14 0.022184579 
222 273 31 44 0.022159077 
237 285 15 20 0.02212485 
766 201 9 10 0.021930961 
245 242 13 17 0.02192096 
444 194 14 18 0.02191952 
668 213 11 13 0.021884859 
995 295 21 27 0.021832656 
974 199 8 11 0.021808876 
253 271 40 53 0.021799589 
488 203 11 13 0.021794569 
335 161 30 37 0.021770567 
640 198 9 11 0.021739367 
752 223 10 13 0.02157918 
963 261 14 18 0.021550756 
903 191 8 11 0.021542288 
605 273 29 38 0.021530055 
837 209 26 28 0.021524068 
811 250 12 17 0.021510163 
498 243 14 20 0.021505136 
716 319 57 79 0.021491764 
454 191 10 15 0.02146173 
926 205 10 13 0.02143118 
418 301 32 49 0.021336483 
518 201 25 28 0.021304656 
866 318 28 37 0.021270301 
763 275 29 36 0.021252163 
37 189 10 13 0.021210302 
701 237 10 12 0.021195918 
500 204 12 14 0.02119298 
996 219 11 13 0.02116533 
832 182 28 33 0.021090107 
105 277 29 45 0.021087449 
78 228 44 58 0.021014724 
508 197 23 28 0.021011783 
443 203 22 25 0.021008072 
968 216 9 11 0.02098544 
279 197 9 12 0.020944636 
854 294 28 35 0.02089097 
804 275 15 19 0.020881446 
622 256 13 18 0.020869307 
623 265 16 20 0.020817632 
501 213 11 14 0.020810291 
983 269 15 18 0.020777468 
165 181 12 14 0.020718025 
711 228 11 14 0.02071691 
714 245 11 13 0.02071464 
780 185 94 105 0.020626878 
209 225 25 32 0.020618247 
510 223 22 29 0.020568201 
863 199 9 11 0.020505702 
226 293 41 56 0.020440636 
183 233 29 41 0.02041991 
474 304 30 48 0.02039241 
723 259 26 29 0.020391248 
796 244 12 14 0.02039121 
264 202 11 13 0.020372728 
991 202 10 11 0.020288251 
520 230 23 30 0.020267306 
422 191 22 25 0.02026442 
19 184 41 55 0.020237543 
28 184 13 17 0.020168582 
291 243 29 37 0.020156777 
572 208 23 27 0.020136612 
733 229 20 25 0.020109018 
198 195 24 28 0.02009827 
596 229 13 18 0.020063171 
576 197 10 13 0.02006285 
613 197 12 15 0.020043531 
662 198 19 25 0.020042052 
776 224 9 11 0.020032313 
997 254 12 14 0.020005606 
