2_Demonstration_Political_Rally_2_960
38
578 775 51 66 0.99837685 
200 211 148 184 0.9982522 
397 275 54 62 0.9964038 
703 234 66 87 0.99379575 
110 264 54 69 0.9120206 
0 259 64 114 0.90683216 
625 315 32 39 0.50226504 
588 309 27 37 0.40721577 
539 285 62 70 0.34892628 
378 295 28 41 0.08042506 
16 329 412 426 0.050906483 
541 316 63 79 0.045301795 
872 958 11 13 0.044352114 
405 551 55 74 0.043948792 
78 48 9 10 0.03949321 
577 298 48 56 0.038890563 
594 307 17 22 0.03657421 
837 253 10 13 0.03270557 
926 309 40 50 0.032598734 
673 299 34 43 0.02988263 
679 273 55 70 0.029313024 
546 287 38 46 0.02779858 
666 233 45 62 0.027356474 
687 975 27 28 0.02691581 
398 254 32 36 0.026627079 
465 123 11 14 0.026278706 
449 125 11 11 0.025263304 
2 71 7 10 0.024662234 
26 110 8 11 0.024472674 
639 314 18 22 0.02356465 
458 313 28 32 0.023248795 
70 32 9 10 0.023202762 
882 312 102 131 0.022167753 
81 312 25 34 0.02213834 
559 799 29 46 0.021490725 
601 314 16 21 0.020886224 
571 75 29 34 0.020787332 
850 308 9 12 0.020580605 
