2_Demonstration_Protesters_2_748
31
749 248 23 33 0.99473464 
299 234 23 29 0.9939029 
433 170 52 69 0.7610833 
125 195 23 28 0.4822443 
130 266 17 19 0.11060104 
635 179 101 145 0.0967331 
206 271 11 15 0.08764498 
628 486 65 68 0.07874375 
509 255 33 39 0.073231265 
513 4 486 497 0.069736935 
448 161 43 54 0.06775976 
136 200 16 22 0.043013908 
633 195 60 99 0.040456135 
349 208 14 16 0.040110003 
910 326 8 11 0.038231198 
495 233 51 67 0.031823263 
157 260 16 19 0.02774778 
362 203 13 16 0.027436608 
404 160 35 41 0.02650935 
855 297 61 81 0.025242414 
904 324 10 12 0.025235455 
331 189 15 19 0.02518134 
343 202 14 17 0.024022575 
257 287 471 502 0.022453833 
736 445 14 15 0.022335347 
408 198 58 66 0.022240775 
732 451 15 16 0.02217301 
145 258 24 29 0.021512814 
411 156 49 64 0.021166941 
277 258 16 20 0.020817695 
812 191 214 255 0.020289533 
