2_Demonstration_Demonstrators_2_488
28
509 1 139 142 0.9999105 
228 40 117 155 0.9998578 
0 75 35 46 0.99075866 
981 134 44 88 0.8998026 
385 0 43 31 0.8987317 
151 28 80 107 0.8029488 
432 10 59 52 0.56044275 
945 165 34 48 0.39866346 
184 31 95 127 0.23779514 
166 44 38 49 0.18049672 
155 166 28 35 0.11797431 
956 152 45 76 0.089602694 
146 14 61 82 0.08486974 
446 94 72 119 0.0819736 
396 0 61 54 0.0740332 
181 18 67 83 0.069243886 
485 49 116 129 0.063776754 
471 86 94 121 0.06054707 
143 154 42 60 0.057793517 
270 -2 51 37 0.047098864 
133 72 51 66 0.033007983 
91 122 26 33 0.032087024 
471 4 115 114 0.03181832 
971 96 45 103 0.031660993 
424 13 95 97 0.029248357 
65 170 36 39 0.026471969 
16 69 32 42 0.02269926 
436 43 107 141 0.02068823 
