2_Demonstration_Protesters_2_65
50
560 252 61 82 0.99890924 
937 318 42 64 0.9974577 
732 219 74 97 0.9968072 
319 293 35 48 0.9844551 
269 272 35 46 0.98113006 
126 298 29 37 0.9663203 
277 318 37 44 0.90703905 
164 272 38 54 0.8190401 
61 300 34 47 0.7384017 
441 325 32 39 0.50563705 
97 323 23 30 0.30693564 
291 280 38 53 0.2004826 
994 283 26 33 0.14268866 
270 295 41 55 0.10919602 
684 268 48 64 0.085033536 
438 300 48 58 0.06740525 
179 281 35 41 0.06689516 
375 303 28 37 0.062485438 
406 336 29 35 0.05554067 
929 270 26 33 0.051399466 
155 267 31 41 0.050222028 
918 289 43 61 0.04647775 
453 292 36 44 0.0378231 
122 280 28 35 0.036010046 
89 310 27 38 0.03578913 
232 274 18 23 0.031429358 
260 423 17 24 0.03102869 
148 343 43 58 0.02922187 
110 294 38 54 0.028804041 
420 328 32 40 0.02784877 
327 315 33 42 0.027553871 
197 405 50 58 0.027058067 
1001 276 18 24 0.026943477 
87 277 28 38 0.026709251 
980 283 46 59 0.0263981 
128 311 47 63 0.026112009 
203 370 49 55 0.02570947 
943 330 52 76 0.025593424 
356 294 38 50 0.02526946 
363 345 18 23 0.024860634 
315 281 26 39 0.024695408 
148 593 34 38 0.024190307 
914 348 27 42 0.022430513 
160 199 390 523 0.022348309 
75 311 30 39 0.02184951 
-6 287 32 56 0.021423921 
923 309 26 38 0.02083058 
924 282 27 36 0.020273587 
451 333 33 38 0.02010063 
678 262 37 47 0.020023338 
