2_Demonstration_Demonstrators_2_470
20
454 141 118 142 0.9996044 
485 289 176 248 0.9990484 
627 29 78 120 0.9964978 
31 164 271 376 0.9960303 
879 113 88 151 0.99356925 
393 56 83 104 0.96465576 
49 61 130 149 0.32599682 
559 65 31 39 0.14198604 
20 382 145 188 0.08553007 
951 560 71 129 0.039397202 
33 130 168 241 0.028832877 
273 52 41 37 0.026827496 
320 14 58 52 0.026014933 
342 31 105 112 0.023096202 
678 52 96 122 0.022845218 
981 591 44 90 0.021680957 
820 202 47 75 0.021522345 
303 17 110 105 0.02113675 
442 437 35 41 0.020584373 
557 119 50 65 0.020276474 
