2_Demonstration_Demonstration_Or_Protest_2_687
3261
187 506 15 19 0.99521434 
133 547 14 20 0.9925644 
196 441 12 17 0.98428047 
669 387 12 16 0.98123497 
397 449 14 18 0.9809894 
485 514 14 18 0.98085046 
445 527 17 22 0.9775429 
702 484 14 18 0.97651404 
584 506 16 19 0.9760213 
229 498 13 17 0.9753352 
739 413 15 18 0.97483814 
646 520 14 19 0.97384584 
812 474 14 19 0.97335356 
879 376 13 17 0.9720353 
765 541 15 20 0.97197545 
406 365 12 15 0.96932113 
421 483 14 18 0.96927 
34 491 15 19 0.9684757 
367 434 14 18 0.96545535 
517 466 14 18 0.9648103 
669 363 13 17 0.9622217 
471 347 12 15 0.9621913 
437 454 14 20 0.9616326 
462 396 10 14 0.9547519 
754 510 16 20 0.95430106 
359 356 10 15 0.95029324 
793 456 15 18 0.9500654 
780 433 13 17 0.9470561 
884 437 14 17 0.9443706 
83 453 13 17 0.94195706 
259 444 14 20 0.9402317 
710 371 14 17 0.93864435 
652 317 11 15 0.93739057 
490 460 12 16 0.9367463 
162 483 14 21 0.9367009 
844 327 12 16 0.93555844 
378 565 14 18 0.9327309 
571 294 10 13 0.9254567 
556 382 13 15 0.9221174 
923 401 14 17 0.9220099 
590 292 10 14 0.91967875 
606 490 14 18 0.9175523 
384 358 13 16 0.91754186 
575 421 12 15 0.91721547 
668 306 11 14 0.9161111 
597 460 12 16 0.9151379 
535 514 13 17 0.9150183 
20 421 12 17 0.9132591 
310 505 14 18 0.9131232 
75 398 13 15 0.91302985 
501 406 12 15 0.90573543 
280 533 14 20 0.9044417 
767 414 12 15 0.9033022 
211 412 11 15 0.9011897 
446 310 12 16 0.89912474 
764 347 12 15 0.8970552 
679 410 13 17 0.89675695 
651 351 11 14 0.89208794 
701 310 12 15 0.8879204 
737 295 10 15 0.8863284 
502 342 13 16 0.8840704 
687 532 17 23 0.8806989 
380 333 10 13 0.8794318 
152 453 12 16 0.8775069 
873 309 10 14 0.87637645 
261 422 9 14 0.8735735 
828 294 9 12 0.86869943 
200 471 15 19 0.86604214 
325 330 11 15 0.8658722 
772 270 9 12 0.8642212 
816 356 11 15 0.85919183 
478 294 13 16 0.858815 
525 263 12 15 0.8530989 
963 631 20 24 0.85247207 
871 245 8 10 0.85024834 
421 302 9 12 0.84989274 
278 287 9 12 0.84288365 
77 325 10 14 0.83784837 
91 507 14 20 0.83224934 
99 292 10 14 0.82863134 
95 601 16 21 0.82521534 
557 310 11 14 0.8251479 
418 509 14 18 0.8224961 
672 327 12 16 0.82144463 
357 464 13 18 0.8205265 
176 403 12 17 0.81689405 
248 315 10 13 0.8143946 
334 349 9 13 0.81226844 
694 390 11 14 0.80909073 
7 261 11 15 0.8086143 
766 575 17 22 0.80309564 
822 402 11 15 0.7994634 
945 295 10 13 0.7975087 
911 322 11 15 0.79423475 
259 401 11 16 0.79378784 
341 295 9 12 0.7913139 
428 403 12 16 0.7767279 
472 263 10 13 0.7757382 
498 277 11 14 0.7710721 
722 460 13 18 0.76525456 
711 524 18 22 0.76378214 
118 339 10 13 0.76218915 
695 421 13 17 0.76124 
233 418 11 13 0.759734 
528 358 11 14 0.7567405 
677 474 14 17 0.7561632 
927 290 11 15 0.75541794 
605 309 10 14 0.7491685 
726 255 8 10 0.74805355 
552 270 12 15 0.7475177 
438 426 10 14 0.74743736 
541 342 11 16 0.7464763 
764 307 12 16 0.7456468 
621 356 12 14 0.74251896 
825 449 13 17 0.7389492 
615 405 11 12 0.7349324 
205 341 12 15 0.73399305 
900 331 12 15 0.73310906 
724 284 10 13 0.7293194 
737 451 16 21 0.7252221 
750 322 12 14 0.7228424 
99 361 12 16 0.7174155 
221 374 10 13 0.71583474 
459 253 10 13 0.71324456 
535 435 12 15 0.71313024 
743 269 10 13 0.7123599 
932 335 12 15 0.710744 
927 237 9 11 0.7100141 
934 350 12 16 0.7098669 
303 316 11 13 0.70724237 
481 490 13 17 0.7066405 
365 532 14 18 0.70397145 
332 312 10 13 0.69629866 
183 290 9 13 0.6961853 
27 327 11 14 0.6875809 
157 336 10 13 0.6871853 
598 271 10 13 0.6835369 
868 457 12 16 0.6819932 
561 484 12 16 0.68152857 
957 465 13 15 0.6785657 
810 410 13 16 0.6769731 
774 134 9 12 0.6750149 
278 369 11 14 0.6745524 
146 276 10 11 0.6711068 
536 384 10 13 0.6696269 
614 347 13 16 0.6671057 
696 222 8 11 0.6668037 
686 284 10 13 0.6612391 
824 372 12 16 0.6612208 
976 229 8 11 0.6611226 
411 399 10 14 0.66076314 
317 358 10 14 0.659151 
521 375 9 13 0.65462244 
232 357 11 15 0.6520013 
414 268 12 15 0.649034 
251 547 13 19 0.6455774 
709 326 10 14 0.637386 
62 292 10 12 0.6372193 
489 352 10 12 0.6320356 
741 343 10 13 0.63160163 
580 250 9 13 0.61923295 
7 333 9 12 0.6128229 
429 271 8 11 0.6117063 
767 382 12 15 0.61067945 
204 336 9 12 0.6100013 
577 229 8 11 0.60894066 
441 198 8 10 0.606452 
551 228 8 11 0.6054484 
287 268 9 12 0.6048411 
89 272 9 11 0.60389996 
393 278 9 12 0.60310614 
311 337 9 12 0.6028362 
437 288 9 13 0.60001063 
229 349 9 12 0.59605134 
223 308 9 11 0.5920771 
790 418 11 16 0.5857901 
899 415 12 15 0.5828947 
305 414 10 13 0.5821918 
582 370 12 15 0.5814756 
450 275 10 13 0.57989544 
296 382 10 13 0.5788599 
791 383 11 14 0.5781566 
280 387 9 12 0.57524383 
616 301 11 12 0.5733227 
592 214 9 11 0.57203394 
693 245 9 11 0.5679775 
232 332 9 12 0.5672745 
566 262 9 11 0.5666353 
446 391 9 12 0.5635527 
640 474 13 18 0.5633709 
861 263 9 12 0.5622958 
389 425 11 14 0.55571026 
524 396 10 15 0.5532305 
678 372 10 13 0.54807985 
231 280 8 11 0.54627216 
639 403 11 14 0.54253334 
520 286 11 14 0.54193825 
659 491 13 17 0.5416584 
659 221 8 11 0.5411586 
158 262 8 11 0.5387212 
856 239 9 11 0.5348924 
126 237 8 11 0.53471035 
110 311 9 12 0.5328438 
131 453 12 16 0.53273106 
384 237 9 12 0.5304295 
375 286 9 12 0.5245025 
342 380 10 12 0.5241698 
46 324 10 13 0.5141875 
968 246 8 11 0.51415616 
496 316 10 13 0.51414466 
148 206 8 11 0.5127879 
965 144 8 10 0.51107806 
278 325 10 13 0.50671065 
947 324 11 14 0.5061819 
718 261 9 13 0.50098604 
420 538 14 19 0.500494 
365 300 9 11 0.49978855 
687 256 9 12 0.49744126 
790 316 10 12 0.4971478 
415 80 7 10 0.4946331 
615 527 16 21 0.4918229 
919 275 10 13 0.48972777 
709 231 8 11 0.48959792 
336 416 10 13 0.48716542 
798 329 11 14 0.48410878 
576 355 10 12 0.4823504 
272 326 10 14 0.48193955 
189 368 10 13 0.48170012 
766 246 9 12 0.48001006 
125 271 8 10 0.47773057 
155 357 10 13 0.4764826 
663 254 10 13 0.47398865 
974 109 9 11 0.46771187 
464 303 10 14 0.46629983 
479 208 8 11 0.46568382 
547 347 10 13 0.46254843 
756 269 8 11 0.46172112 
617 232 9 12 0.4588247 
377 326 11 13 0.4582789 
505 260 10 12 0.45504865 
999 409 12 15 0.4519335 
372 378 12 15 0.4489046 
510 188 7 10 0.44523197 
947 370 12 15 0.44499493 
344 264 8 10 0.44368303 
654 252 10 13 0.44310012 
790 294 9 12 0.44206372 
764 496 16 20 0.43827036 
303 301 8 10 0.43303743 
53 247 10 13 0.43268988 
966 320 9 12 0.43171397 
859 350 11 15 0.42830658 
833 150 8 11 0.4192051 
527 230 8 10 0.41576862 
813 405 13 16 0.41378984 
646 391 12 15 0.41005948 
936 272 9 12 0.40721384 
926 428 12 18 0.40260196 
175 426 12 17 0.40104294 
771 386 12 15 0.39989555 
670 273 9 11 0.3997398 
751 270 10 13 0.3979909 
385 394 11 13 0.39499336 
453 216 9 12 0.38921058 
871 208 9 11 0.3885736 
412 252 9 11 0.38436335 
568 406 9 12 0.38318223 
143 477 11 15 0.38199505 
615 117 9 11 0.38120466 
480 225 8 10 0.3803692 
87 232 9 12 0.38006267 
112 167 10 13 0.37936038 
654 113 8 11 0.37920073 
256 384 10 12 0.3786852 
959 148 8 10 0.37753314 
32 224 9 12 0.37727055 
690 153 9 10 0.37635058 
446 205 8 11 0.37232286 
957 604 14 17 0.36615735 
671 411 12 16 0.36464345 
422 271 11 14 0.36427832 
374 278 9 11 0.36397722 
160 237 9 11 0.36319423 
382 293 9 12 0.36079633 
834 252 8 11 0.3601936 
687 125 7 10 0.3594745 
629 286 10 13 0.3585507 
473 102 7 10 0.35766923 
678 220 9 12 0.35589585 
952 271 9 11 0.3542043 
432 322 10 13 0.35323894 
798 306 11 14 0.35210925 
655 150 8 10 0.34978256 
600 184 9 11 0.3497604 
777 366 10 12 0.34974194 
583 157 8 10 0.34801295 
810 108 9 12 0.34647378 
216 311 8 11 0.34453526 
760 157 7 10 0.34424385 
397 280 9 12 0.34287843 
316 415 11 14 0.3417761 
834 173 9 12 0.34169742 
991 412 10 14 0.33999723 
29 269 8 11 0.3399063 
893 267 10 13 0.33815423 
544 476 11 13 0.3379685 
617 278 9 13 0.3362366 
36 183 8 10 0.3362329 
971 360 12 16 0.33440867 
159 443 11 14 0.3330049 
572 311 11 14 0.33177996 
346 331 9 12 0.33110732 
422 159 6 10 0.33080563 
789 352 10 12 0.33073846 
592 270 9 12 0.330581 
640 190 7 9 0.32902348 
691 340 12 14 0.3285417 
784 267 9 11 0.32774824 
744 111 7 10 0.32759482 
640 265 9 11 0.3266921 
505 302 10 12 0.32574064 
946 247 8 10 0.3234849 
40 490 16 19 0.32248467 
409 311 8 10 0.3161892 
234 521 13 18 0.31226066 
335 389 11 13 0.3119563 
423 243 10 12 0.310463 
672 181 10 12 0.31014225 
674 366 12 15 0.30947173 
352 184 7 9 0.30868578 
38 223 7 10 0.3072005 
409 247 10 12 0.30654147 
729 324 10 13 0.2999929 
361 318 9 11 0.29828572 
813 179 8 11 0.2972861 
725 317 11 14 0.29072094 
54 183 8 11 0.29063785 
632 250 10 13 0.28904217 
406 284 9 11 0.28895482 
749 247 8 11 0.28548887 
758 207 8 11 0.2845482 
413 264 9 12 0.28445303 
311 443 13 16 0.28396377 
705 285 9 12 0.28390417 
745 195 9 10 0.28290832 
402 160 8 10 0.2828306 
214 470 12 15 0.28128144 
921 182 8 11 0.2808558 
614 148 7 10 0.27712703 
590 151 7 10 0.2757796 
537 191 7 9 0.2755711 
184 276 8 11 0.2741831 
762 301 10 13 0.2739701 
503 239 8 12 0.2736363 
483 394 13 14 0.27233666 
680 271 9 11 0.27091435 
882 275 10 12 0.27065933 
836 531 13 17 0.2696959 
342 268 9 11 0.2696228 
866 180 8 11 0.26911426 
869 213 9 11 0.2686243 
374 223 8 9 0.26816273 
617 284 10 12 0.26787075 
536 305 9 10 0.26784566 
646 300 9 12 0.2674334 
646 235 8 12 0.26588348 
416 318 10 13 0.2633954 
887 272 9 12 0.26322162 
617 255 10 11 0.2631144 
757 263 9 12 0.26296026 
231 391 9 12 0.26170263 
158 295 9 12 0.26003867 
822 220 8 11 0.25996894 
551 141 7 10 0.25929302 
582 311 9 13 0.25883827 
605 270 9 11 0.25748911 
557 291 9 12 0.25748897 
560 150 7 10 0.2571895 
148 320 12 14 0.25684476 
664 174 8 11 0.25652078 
638 160 7 10 0.25506353 
781 176 7 10 0.2550122 
653 294 9 12 0.2534662 
274 287 8 12 0.2528954 
728 205 8 10 0.249257 
50 490 14 17 0.24804275 
951 168 11 13 0.24666798 
544 151 6 8 0.24661952 
310 86 7 9 0.24622265 
42 442 12 14 0.24478686 
622 285 11 13 0.24444444 
355 518 13 15 0.24360645 
649 279 9 11 0.24176402 
565 311 11 14 0.24073899 
497 224 8 10 0.24049665 
583 175 6 9 0.23929814 
975 177 8 11 0.23902354 
391 121 8 10 0.23886102 
956 232 8 11 0.23553866 
687 135 8 9 0.23509425 
254 279 9 11 0.23362769 
669 470 14 18 0.23259091 
448 101 7 9 0.23223251 
1007 264 8 9 0.23032954 
622 382 9 12 0.22928137 
680 93 8 9 0.22925712 
918 263 10 12 0.22904125 
513 318 9 12 0.22869825 
359 415 10 13 0.22807223 
585 269 8 12 0.22754823 
534 281 10 12 0.22748844 
253 265 8 10 0.22743127 
614 271 9 11 0.22619143 
605 385 12 15 0.22500418 
726 220 10 13 0.22473429 
237 334 9 12 0.22381367 
392 200 8 10 0.22280598 
404 183 8 11 0.22272268 
215 317 9 12 0.22244409 
773 246 8 11 0.22159117 
855 115 11 12 0.22088668 
566 160 7 8 0.2201962 
142 188 8 10 0.22010282 
109 152 8 10 0.21879838 
1002 277 9 11 0.21638878 
845 318 11 13 0.21574861 
1012 459 12 20 0.21510167 
633 310 10 13 0.21488653 
306 142 7 9 0.21465613 
463 236 8 11 0.2141253 
629 355 10 14 0.21334459 
870 220 8 11 0.21325465 
493 238 10 14 0.21179333 
621 235 9 12 0.21143326 
436 403 12 15 0.21107823 
1 333 9 14 0.21053794 
774 71 7 9 0.21015157 
349 309 8 10 0.20968957 
668 256 9 11 0.20877191 
501 270 10 14 0.20861179 
368 264 8 11 0.20834264 
813 103 9 12 0.20797409 
655 159 8 10 0.20731878 
655 128 7 10 0.20667967 
176 271 7 10 0.20630991 
655 164 8 10 0.20542604 
888 159 7 9 0.20526116 
540 387 10 12 0.20473976 
767 160 8 11 0.20397659 
407 128 7 9 0.20339108 
117 466 10 13 0.20319964 
636 381 10 13 0.20275982 
877 119 9 11 0.20229852 
921 133 10 13 0.20178753 
640 286 9 12 0.20148885 
489 411 9 12 0.2005286 
450 213 9 12 0.20040949 
118 62 7 9 0.19971025 
791 191 8 10 0.19934718 
720 216 9 12 0.19917458 
70 229 9 13 0.19827588 
319 277 8 10 0.1972781 
641 133 8 10 0.19724248 
605 423 12 14 0.19555393 
646 284 9 12 0.19553868 
940 144 8 11 0.1946096 
152 399 8 11 0.19382899 
594 168 7 9 0.1934182 
681 277 10 13 0.19298589 
1001 366 10 13 0.19045162 
449 167 7 10 0.19029927 
888 72 7 9 0.1898593 
726 200 8 11 0.1884758 
184 327 10 12 0.18817453 
658 88 8 10 0.18812206 
606 303 10 13 0.18798682 
946 56 8 10 0.18716632 
209 301 8 11 0.18681344 
703 279 9 11 0.18667813 
285 327 8 11 0.18592042 
421 296 9 11 0.18567872 
503 159 7 8 0.18562512 
460 247 11 13 0.18551065 
845 312 9 11 0.18537214 
182 166 8 9 0.18533693 
1008 120 8 10 0.18525875 
327 279 8 10 0.18507117 
421 323 10 13 0.1844641 
158 187 8 11 0.18423334 
522 150 7 10 0.1838521 
506 183 8 12 0.18320645 
167 319 10 12 0.18275158 
450 173 7 9 0.18273212 
648 295 9 13 0.18230017 
785 94 8 10 0.18154415 
406 189 8 10 0.181307 
630 143 8 11 0.18095173 
817 222 8 11 0.1807097 
605 438 11 16 0.18063244 
294 310 8 12 0.18058287 
36 472 12 13 0.18045989 
607 128 8 10 0.18015113 
623 493 12 16 0.17967713 
913 299 10 13 0.17961873 
905 277 8 11 0.17943716 
1008 196 8 10 0.17929916 
663 230 8 10 0.17914364 
1007 300 8 11 0.17906186 
532 263 11 14 0.17812505 
502 63 7 10 0.1779847 
678 144 8 10 0.17769317 
782 181 7 9 0.1774377 
648 206 8 10 0.1773633 
526 152 6 9 0.1770162 
961 77 8 10 0.17660919 
158 287 10 11 0.17635977 
420 455 14 19 0.17623413 
961 145 9 11 0.17618522 
339 419 10 12 0.17497458 
773 111 7 10 0.17462301 
702 167 8 11 0.17437822 
711 103 7 9 0.17414205 
456 363 11 14 0.17397518 
943 420 12 17 0.17338383 
663 132 7 10 0.17261015 
433 290 10 13 0.17197242 
210 135 6 8 0.17169327 
224 279 9 11 0.17155057 
801 277 8 10 0.17121287 
841 230 9 11 0.17080556 
534 320 11 12 0.16989206 
73 269 9 12 0.16979942 
358 277 8 10 0.16973038 
637 248 9 12 0.16934532 
736 318 10 13 0.1693167 
380 407 11 14 0.168713 
865 244 9 12 0.16871235 
790 80 7 10 0.1679586 
581 224 8 11 0.16738679 
315 438 10 13 0.16719283 
806 326 11 13 0.16694365 
687 78 7 9 0.16644964 
918 79 8 10 0.1654342 
937 254 9 12 0.16456936 
224 198 8 11 0.16433059 
977 79 7 9 0.16422676 
805 151 8 11 0.1638048 
383 273 9 11 0.16369087 
705 230 9 12 0.16289787 
127 233 8 11 0.16265781 
223 238 10 12 0.16233383 
237 434 10 13 0.16214305 
741 316 10 13 0.16166075 
788 405 10 12 0.16144742 
395 411 11 14 0.16143645 
478 268 10 14 0.16105755 
314 197 8 11 0.16099693 
722 255 9 13 0.16073942 
749 358 12 15 0.16038093 
540 432 13 15 0.16017032 
719 278 10 12 0.16006935 
343 78 7 9 0.1589695 
250 268 8 10 0.1587658 
219 190 8 10 0.15849958 
544 251 10 12 0.15813172 
457 259 10 12 0.15796298 
178 432 13 18 0.15794888 
578 151 8 10 0.15781361 
631 70 6 9 0.15758443 
734 134 7 9 0.15714097 
869 357 10 13 0.15644948 
205 244 10 11 0.15617248 
332 396 12 15 0.15607934 
85 292 11 14 0.1560182 
480 430 11 13 0.15562493 
376 230 8 10 0.15497585 
713 270 9 12 0.15424016 
592 172 8 10 0.15420413 
583 485 14 18 0.1540508 
120 253 8 10 0.1537332 
499 309 11 14 0.1531503 
528 158 6 9 0.15301743 
189 273 9 11 0.15279149 
519 24 9 11 0.15250453 
497 228 9 12 0.15242037 
543 190 6 9 0.1522792 
466 232 8 12 0.15161769 
943 79 7 9 0.15095781 
358 271 8 10 0.14959577 
756 501 19 22 0.14940087 
368 269 9 11 0.1493487 
470 231 10 12 0.14914699 
342 277 10 11 0.14889058 
398 142 7 10 0.14876372 
838 169 9 10 0.148296 
311 279 9 10 0.14759505 
501 380 9 12 0.14660957 
791 112 8 10 0.14617266 
520 130 7 10 0.14616756 
9 265 13 17 0.14616191 
185 272 8 11 0.14451662 
785 190 8 11 0.14412303 
616 260 11 12 0.14410111 
366 236 8 11 0.1440675 
887 88 9 10 0.14350688 
699 413 15 18 0.14283653 
841 209 9 11 0.14270675 
805 416 14 17 0.14233981 
874 459 12 15 0.14232689 
456 79 7 9 0.14182347 
650 117 8 10 0.14171223 
920 425 13 18 0.14110379 
503 401 10 12 0.14094995 
853 101 9 10 0.13984178 
1014 117 7 11 0.13977891 
547 230 8 10 0.13959986 
153 184 10 12 0.13900626 
242 79 7 9 0.13871512 
573 135 7 10 0.13819295 
841 310 9 12 0.13796014 
716 268 10 12 0.13629687 
136 381 10 13 0.13622081 
210 348 10 13 0.13599846 
802 272 7 10 0.1356191 
601 55 7 9 0.13554245 
614 113 8 10 0.13531908 
277 207 8 11 0.13492626 
1002 271 9 11 0.13486339 
105 272 7 10 0.1348168 
934 70 7 9 0.13480562 
486 272 9 12 0.13404319 
920 116 8 10 0.13394931 
336 175 7 9 0.1338656 
95 181 7 10 0.13374785 
702 348 11 13 0.1335126 
585 286 9 12 0.13230553 
402 188 8 11 0.13201503 
271 80 7 9 0.13142438 
598 167 7 10 0.1312176 
908 229 9 11 0.13120699 
325 244 8 12 0.13119315 
859 475 13 15 0.13105713 
260 387 10 13 0.13071495 
145 324 9 11 0.13071224 
607 62 7 8 0.13009432 
839 263 9 12 0.12969506 
308 416 14 16 0.12952565 
809 224 8 10 0.12901622 
591 144 6 9 0.12842628 
240 118 7 10 0.12787203 
669 174 9 12 0.12762052 
901 167 9 11 0.12739603 
221 367 11 13 0.12720902 
949 201 8 10 0.1271921 
794 324 9 13 0.12707467 
862 111 8 11 0.12698701 
606 132 8 10 0.12689005 
930 432 15 18 0.12678649 
377 159 8 9 0.12660287 
345 95 8 10 0.12638527 
313 286 8 10 0.12599148 
454 172 7 10 0.12593508 
246 81 7 8 0.12562872 
682 134 7 9 0.12524568 
445 424 9 12 0.1250594 
441 157 8 11 0.12499166 
789 270 7 9 0.124425344 
806 273 7 9 0.124412306 
551 137 7 10 0.124208234 
407 132 7 10 0.12382294 
118 302 10 13 0.123416014 
296 284 8 11 0.12304075 
226 202 9 12 0.12258454 
897 166 8 11 0.12256638 
648 127 8 10 0.12247799 
236 397 10 13 0.12219517 
935 520 9 13 0.122162536 
861 239 9 12 0.12166971 
626 135 8 10 0.12158939 
936 148 9 11 0.12138773 
47 459 9 12 0.1213419 
721 102 7 9 0.12133005 
801 206 8 11 0.12128592 
441 399 10 13 0.120825194 
650 111 8 11 0.12012592 
830 290 9 11 0.12011588 
414 229 9 12 0.11992545 
895 236 8 10 0.11983641 
296 427 9 12 0.11955443 
950 47 8 9 0.11945854 
850 389 10 13 0.11941787 
559 239 8 11 0.1184628 
89 222 8 10 0.11844665 
477 323 10 12 0.11836798 
592 57 6 8 0.11828801 
588 364 11 15 0.11827739 
254 366 9 12 0.118193075 
783 398 11 15 0.11803629 
248 302 8 12 0.118023105 
184 84 7 10 0.11742347 
904 190 10 13 0.11731419 
37 201 8 10 0.11705911 
530 319 9 11 0.11663334 
585 128 7 9 0.11658136 
950 328 12 15 0.1165317 
813 590 11 14 0.11631227 
568 269 9 11 0.11547333 
632 117 7 10 0.115363814 
469 300 11 15 0.1148956 
488 150 6 9 0.11483722 
160 267 9 11 0.11461091 
110 270 8 11 0.11441734 
375 261 9 11 0.113720454 
569 85 8 10 0.113544665 
604 182 9 12 0.11339486 
349 263 8 11 0.11317334 
327 426 11 12 0.11309942 
738 673 15 16 0.11303843 
809 176 10 12 0.11297517 
574 270 8 12 0.1126493 
461 360 9 12 0.1124778 
481 144 7 10 0.11244412 
846 229 7 10 0.11231411 
563 387 11 13 0.11195648 
433 73 7 9 0.11161691 
751 253 8 10 0.111503616 
409 317 9 12 0.11145769 
645 264 10 12 0.11144055 
933 631 21 29 0.11131807 
647 269 9 12 0.1113035 
785 86 8 10 0.11094972 
921 176 8 10 0.11086708 
928 63 8 10 0.11079131 
8 179 13 15 0.11031882 
663 470 12 16 0.110272914 
582 206 9 11 0.110172 
217 324 8 12 0.10975082 
826 270 8 10 0.109448284 
561 331 10 14 0.10905837 
528 352 10 13 0.10883626 
581 198 9 11 0.10841801 
758 276 9 11 0.108293295 
523 230 8 10 0.107858166 
799 198 8 10 0.10769007 
288 167 6 9 0.10760588 
384 422 12 16 0.10741338 
807 291 10 12 0.1073062 
760 253 9 11 0.10728912 
232 454 11 14 0.10721686 
479 127 6 9 0.10680765 
391 405 12 15 0.10611897 
165 323 10 12 0.106097385 
841 267 10 12 0.10609642 
577 48 6 9 0.10608899 
544 198 8 9 0.10607686 
586 135 8 9 0.10598953 
193 138 7 8 0.105821475 
956 333 10 12 0.10573058 
153 404 9 12 0.10560208 
536 337 11 14 0.10539709 
43 127 8 10 0.10517708 
512 151 6 8 0.105109334 
109 156 10 12 0.10509079 
986 412 10 13 0.1050655 
185 248 10 12 0.10499232 
50 188 8 10 0.10496332 
553 287 11 13 0.10477701 
789 117 8 11 0.10473961 
359 324 9 12 0.10462886 
697 168 10 12 0.104578234 
505 70 7 10 0.104319066 
473 151 7 9 0.10429027 
522 145 6 9 0.10391062 
439 74 7 9 0.10384444 
385 94 7 10 0.10368218 
394 141 8 10 0.1036665 
88 333 10 11 0.10346295 
158 325 11 12 0.10341333 
393 310 10 13 0.10329312 
760 295 10 13 0.10295293 
85 396 12 14 0.102877416 
544 412 10 12 0.10245902 
823 239 8 10 0.10244333 
264 145 7 9 0.10242116 
120 246 9 11 0.10239745 
228 308 9 12 0.10238347 
194 302 9 12 0.10233147 
114 464 9 11 0.10206774 
921 284 9 13 0.10204483 
526 130 8 9 0.101943396 
518 247 11 13 0.1018053 
473 80 7 9 0.10129842 
349 405 9 12 0.10127121 
709 287 9 11 0.10109087 
601 411 11 14 0.10108551 
138 183 8 11 0.10105946 
193 308 10 13 0.10092971 
918 390 10 12 0.10013103 
805 156 8 11 0.10003328 
663 236 9 11 0.09979933 
110 195 9 12 0.09973376 
847 214 8 10 0.0993723 
224 161 7 10 0.0993365 
303 279 8 11 0.09921105 
692 253 10 13 0.099174835 
113 179 10 13 0.099083245 
312 81 7 9 0.09861252 
440 152 8 10 0.09846037 
89 391 10 12 0.09842662 
478 78 7 9 0.098264426 
584 63 7 10 0.098233625 
537 197 6 9 0.098138146 
600 174 7 9 0.0979392 
710 235 8 11 0.09764803 
376 272 9 12 0.09758452 
849 224 7 10 0.097471416 
687 289 11 13 0.09735029 
488 160 7 9 0.09716927 
631 386 11 13 0.097108744 
1001 124 8 11 0.09688297 
56 78 8 10 0.096557155 
536 467 11 14 0.09653978 
975 253 8 9 0.0962991 
306 339 9 12 0.09608362 
944 319 11 14 0.09606956 
868 175 10 13 0.095968574 
895 158 8 10 0.09566927 
702 404 12 14 0.095607385 
787 426 13 17 0.09550925 
35 111 10 13 0.095177226 
613 308 10 13 0.09499419 
327 152 8 10 0.0949846 
174 318 8 11 0.09492104 
119 118 7 9 0.094899945 
302 175 6 9 0.09487536 
537 185 7 10 0.09452158 
591 109 8 10 0.09450095 
305 97 8 9 0.09434411 
913 71 7 9 0.09411881 
750 196 8 10 0.094009854 
142 62 7 10 0.09371126 
500 375 9 12 0.09361216 
528 165 7 9 0.09355986 
498 63 8 11 0.09332336 
366 308 9 12 0.092849225 
582 236 8 11 0.09278984 
947 426 10 15 0.0926537 
157 397 10 12 0.09264442 
550 303 9 12 0.09249277 
1014 111 9 13 0.09238656 
794 176 8 10 0.09235923 
695 217 7 11 0.09226832 
583 68 7 10 0.09187468 
504 151 7 10 0.09181124 
567 399 10 13 0.09179183 
661 217 8 11 0.09150699 
952 237 9 11 0.09145148 
957 168 10 12 0.09129833 
224 332 9 11 0.091240056 
655 146 8 9 0.09115763 
544 398 10 12 0.09085362 
487 93 8 10 0.09058548 
767 488 11 14 0.09047706 
583 263 8 11 0.09018271 
815 126 9 12 0.08982836 
621 375 10 13 0.0898204 
178 277 8 11 0.0894431 
618 517 14 16 0.08943934 
361 296 9 12 0.089412816 
901 151 8 10 0.089156374 
931 369 13 18 0.08912166 
229 343 10 13 0.08887723 
640 303 11 12 0.08887559 
944 87 8 10 0.08875861 
440 96 7 10 0.088672526 
527 70 7 10 0.08865157 
453 283 10 12 0.088583246 
433 95 7 9 0.08845736 
709 406 12 14 0.08845667 
536 245 10 13 0.0884451 
367 232 8 10 0.08811138 
601 47 7 9 0.088084415 
862 343 11 13 0.08805345 
328 402 12 15 0.08798543 
692 414 13 18 0.08790463 
775 265 9 12 0.08771293 
662 248 9 11 0.087423414 
927 80 8 9 0.08722457 
495 70 8 9 0.08715595 
625 388 9 11 0.08667677 
141 382 9 13 0.08664225 
965 72 8 10 0.086397596 
163 335 10 12 0.08635199 
349 328 11 13 0.08631896 
822 365 11 13 0.08612721 
693 103 7 9 0.086056866 
528 224 8 11 0.08602636 
223 328 8 11 0.08590973 
390 103 6 10 0.085855156 
337 383 11 13 0.085725255 
189 293 9 11 0.08541108 
648 311 10 12 0.085351475 
889 77 7 9 0.08528729 
937 95 9 12 0.08524238 
582 192 8 10 0.08522417 
296 248 7 10 0.085164875 
520 311 9 11 0.085115366 
873 79 7 8 0.08507176 
332 503 15 19 0.084705755 
977 45 7 9 0.084574744 
132 432 14 17 0.08449592 
905 47 8 9 0.084470026 
179 423 12 16 0.08443505 
528 87 7 9 0.08441048 
264 255 9 10 0.08437789 
398 308 9 12 0.084159866 
804 302 10 13 0.08400537 
574 289 9 11 0.083963126 
411 79 7 10 0.08386972 
217 378 9 12 0.08383635 
211 309 8 12 0.08372376 
755 458 12 16 0.083437994 
710 277 9 11 0.08333147 
522 597 8 10 0.08321633 
938 100 10 13 0.08312527 
473 98 7 8 0.08306648 
854 521 13 19 0.08300508 
313 192 8 12 0.08286155 
726 214 9 13 0.08275705 
929 158 9 11 0.08255288 
274 177 6 9 0.08242303 
941 270 9 12 0.082343705 
551 484 11 14 0.0820573 
32 201 9 12 0.08204157 
621 279 9 13 0.081976354 
543 302 8 11 0.08188868 
342 224 9 11 0.08169621 
821 437 15 18 0.08150323 
126 263 8 11 0.08140673 
781 371 10 13 0.081353635 
741 175 8 11 0.08117261 
869 143 9 11 0.081122644 
63 176 8 11 0.08073642 
125 335 9 13 0.08066827 
1012 191 8 11 0.080612645 
740 383 13 18 0.08055118 
838 180 7 10 0.08051238 
424 70 8 10 0.08047038 
479 72 7 8 0.08041734 
632 404 12 16 0.08030094 
485 431 10 13 0.08013044 
671 296 12 15 0.079979576 
766 376 10 13 0.07997617 
646 64 7 9 0.079965174 
360 160 7 9 0.07996516 
310 137 8 10 0.0798122 
953 109 7 10 0.07978914 
591 158 8 10 0.07976569 
935 47 7 8 0.079398476 
241 296 8 11 0.07937857 
457 237 9 11 0.079304 
462 72 7 9 0.07926558 
608 230 7 11 0.07917779 
390 273 8 11 0.07899389 
383 78 7 10 0.078989364 
94 177 7 10 0.07887366 
654 285 9 11 0.078746065 
591 264 8 10 0.07872049 
202 239 8 11 0.078649946 
998 246 7 11 0.07859727 
84 326 9 12 0.07851178 
391 77 7 9 0.07840123 
487 165 7 10 0.07832493 
337 299 9 12 0.07819324 
486 231 8 10 0.07787624 
727 227 9 11 0.07781851 
762 237 9 12 0.07760462 
391 73 6 8 0.077519506 
476 343 11 14 0.077512026 
471 133 7 9 0.07746308 
376 71 7 9 0.07744925 
236 362 9 12 0.07731806 
666 272 9 11 0.07721894 
236 404 10 12 0.07713491 
716 333 10 12 0.07701981 
504 296 10 11 0.07698343 
548 253 9 12 0.07693938 
498 143 7 9 0.07673317 
631 113 7 10 0.07665698 
839 156 8 10 0.076524705 
712 87 7 10 0.0764869 
562 158 7 9 0.076481156 
579 356 11 14 0.07619046 
487 88 8 10 0.07618998 
534 345 12 14 0.075980246 
765 231 10 12 0.07593108 
308 311 9 12 0.07584157 
855 441 11 15 0.07577422 
440 194 8 10 0.07569733 
866 72 6 9 0.075654075 
695 260 9 11 0.07559436 
611 150 7 9 0.07554661 
864 453 12 17 0.0755312 
253 372 9 12 0.07549269 
630 410 12 16 0.07548041 
169 383 10 13 0.07542362 
859 444 12 15 0.07529461 
894 78 7 9 0.07527339 
575 365 11 15 0.07524625 
966 77 7 10 0.07517939 
518 430 10 12 0.07512223 
765 239 10 12 0.075093366 
557 229 8 11 0.07503728 
833 178 9 11 0.07493444 
542 185 7 10 0.07490203 
432 424 11 14 0.0748977 
725 103 8 10 0.07471169 
692 401 13 17 0.07455741 
377 79 8 9 0.07454201 
725 311 11 13 0.07445845 
634 159 8 11 0.07438492 
682 255 9 12 0.07406875 
7 240 10 12 0.073935665 
977 41 7 9 0.07383542 
541 318 9 11 0.07375442 
770 492 16 19 0.073588006 
887 163 9 11 0.07354791 
683 127 8 10 0.07334203 
816 79 7 10 0.07302324 
537 294 8 11 0.07292493 
694 346 13 15 0.07259528 
733 221 9 12 0.07239486 
578 175 8 10 0.07234213 
910 47 7 10 0.07231149 
807 436 11 14 0.07227631 
792 277 8 10 0.07218147 
470 406 9 12 0.07211097 
920 187 9 11 0.07197875 
648 247 9 12 0.07165932 
217 278 9 12 0.07161012 
598 221 8 10 0.07147041 
377 257 9 11 0.071384065 
188 252 9 12 0.07127987 
338 79 7 8 0.071114704 
295 377 10 13 0.07101668 
928 297 11 13 0.07101085 
600 380 12 15 0.07092025 
378 165 8 10 0.07080102 
486 145 7 9 0.07073175 
647 200 7 10 0.0706616 
160 244 9 10 0.07062102 
496 200 8 10 0.07044359 
959 311 9 11 0.07028412 
679 149 7 9 0.07024614 
400 136 7 9 0.0698763 
845 294 8 11 0.069874376 
695 278 10 12 0.06983018 
847 517 13 18 0.069825515 
832 94 7 9 0.06972407 
102 56 7 9 0.069678366 
621 293 11 13 0.06955076 
522 71 7 9 0.06950671 
93 335 8 10 0.06950347 
582 180 8 10 0.069344044 
592 209 8 11 0.06931946 
590 380 11 13 0.06928459 
704 342 11 14 0.06926777 
606 56 6 8 0.069223836 
969 303 8 11 0.06909112 
320 71 6 9 0.06904725 
117 181 9 12 0.06891833 
879 80 7 8 0.06891014 
116 296 11 13 0.06872444 
831 262 9 12 0.0686923 
272 278 8 9 0.06841316 
503 143 6 8 0.068352215 
839 422 11 15 0.068343535 
961 317 10 13 0.06832221 
553 543 10 12 0.0682905 
647 213 9 11 0.06798066 
154 293 9 13 0.067978345 
184 261 8 11 0.06795458 
433 103 7 9 0.06794563 
661 92 8 11 0.067895666 
322 153 7 9 0.06788607 
168 215 9 11 0.06778375 
955 471 16 19 0.06776976 
273 238 8 9 0.06766409 
963 247 7 10 0.06743359 
93 216 8 10 0.06731448 
296 303 8 11 0.06726258 
902 140 8 10 0.067258425 
895 56 8 9 0.06722077 
638 388 12 16 0.06718915 
391 110 7 9 0.06704618 
814 96 8 11 0.06703471 
382 288 9 12 0.067003556 
972 248 8 10 0.06697057 
914 78 8 11 0.06696861 
877 323 12 14 0.066929065 
237 444 11 14 0.06674446 
970 181 8 11 0.06673397 
927 55 7 9 0.06664722 
678 295 10 13 0.06657905 
723 199 8 10 0.06657366 
719 247 9 11 0.06646683 
537 31 7 9 0.066451386 
849 111 8 11 0.06642492 
175 101 7 11 0.066341005 
709 224 8 10 0.06625278 
859 484 13 16 0.06623446 
834 169 8 10 0.06622513 
681 261 10 11 0.06612329 
440 102 7 9 0.06599854 
47 229 7 10 0.065965295 
213 134 7 10 0.065846376 
328 157 8 10 0.06580635 
590 126 8 11 0.06568819 
54 467 11 14 0.06559757 
626 142 8 10 0.06550158 
480 274 10 13 0.06538758 
121 219 10 13 0.065371655 
798 420 12 15 0.065368034 
621 409 12 15 0.065154985 
58 177 7 9 0.0650265 
279 177 6 8 0.064837694 
664 179 9 12 0.06470986 
853 222 7 10 0.06466591 
712 95 7 9 0.06459722 
34 175 8 11 0.0645664 
407 197 9 11 0.064561196 
753 152 7 11 0.06451683 
550 200 7 9 0.06440534 
543 481 12 16 0.06427849 
321 97 7 9 0.06415326 
165 237 9 11 0.064057514 
686 307 10 13 0.063997194 
711 107 7 10 0.0639458 
72 263 9 12 0.06394522 
754 206 9 11 0.063908495 
960 55 8 9 0.0638935 
575 142 7 10 0.06388013 
785 299 10 13 0.06379284 
782 135 8 11 0.06379013 
674 144 8 10 0.06376348 
754 156 8 11 0.06369352 
677 378 11 15 0.06365511 
634 268 9 12 0.06359432 
365 350 11 14 0.06353726 
166 232 9 11 0.063264854 
190 333 8 11 0.06321426 
320 101 7 9 0.063145645 
839 222 10 12 0.06312128 
631 87 8 11 0.06300097 
178 294 9 11 0.06285255 
162 156 10 13 0.06256035 
867 222 8 10 0.06255039 
871 72 6 8 0.062381495 
607 405 10 13 0.062323514 
175 301 9 11 0.06232249 
207 296 8 12 0.062249713 
958 189 8 9 0.062222715 
490 318 9 11 0.062173154 
689 240 9 11 0.062150303 
288 247 8 11 0.062094323 
53 462 9 13 0.06202157 
446 159 7 10 0.0619584 
926 117 7 10 0.061897714 
504 388 8 11 0.06186566 
942 252 9 12 0.06182232 
725 110 8 10 0.06178771 
807 140 7 10 0.06171081 
839 111 8 11 0.061682053 
914 85 7 10 0.061580863 
442 203 9 12 0.06152947 
610 118 8 10 0.061513532 
553 386 11 14 0.061485372 
814 287 9 11 0.061471228 
632 78 7 9 0.061441973 
825 263 8 11 0.061376784 
121 274 10 13 0.061359387 
815 239 8 10 0.061342377 
871 149 8 10 0.061324626 
328 283 8 11 0.061286457 
214 358 10 12 0.061151516 
543 310 8 11 0.06098493 
385 87 6 8 0.060977805 
238 328 9 11 0.060921647 
345 200 7 8 0.060917333 
558 359 10 12 0.06091724 
543 405 11 14 0.06080354 
490 80 6 8 0.060661603 
284 373 10 12 0.06046048 
586 55 7 9 0.060428843 
287 230 8 10 0.060362767 
265 96 7 9 0.06033939 
522 472 13 16 0.060330678 
387 119 8 11 0.06019594 
1002 86 8 10 0.060181323 
87 195 9 11 0.060142636 
246 295 9 11 0.060107134 
548 413 11 13 0.060093034 
472 320 11 12 0.060049716 
182 310 10 12 0.060036585 
636 350 11 14 0.060031496 
721 117 10 14 0.059969947 
906 224 9 11 0.059968807 
554 39 7 10 0.059955217 
710 292 10 12 0.059799183 
511 86 8 9 0.059670284 
954 611 17 21 0.05965887 
335 168 8 10 0.059562106 
734 128 8 10 0.05949815 
78 271 8 10 0.059495628 
341 397 12 15 0.05946489 
654 78 7 9 0.05942526 
406 325 9 12 0.059298273 
381 256 9 11 0.05922319 
774 128 9 12 0.059067793 
812 327 9 12 0.059055056 
647 69 8 10 0.059013303 
689 390 10 13 0.058842007 
919 293 10 13 0.058828466 
115 172 8 12 0.058657143 
552 237 9 11 0.058584835 
503 166 7 9 0.05848457 
265 260 8 11 0.05842834 
553 151 7 9 0.05838329 
432 110 8 10 0.05836628 
352 120 7 9 0.058365066 
271 97 7 9 0.058330048 
209 101 9 10 0.058246195 
151 483 12 17 0.05821431 
153 70 7 9 0.05799303 
877 465 12 15 0.05795585 
549 419 11 14 0.057937134 
334 279 9 11 0.057916056 
976 149 8 11 0.057805594 
385 73 7 9 0.05773836 
289 95 7 10 0.057729226 
383 183 8 9 0.057720095 
630 281 10 11 0.0577013 
182 318 10 12 0.057600852 
395 427 11 14 0.05758823 
136 143 8 10 0.05755998 
518 326 10 11 0.05755478 
438 141 7 9 0.057537325 
585 277 9 11 0.057528764 
375 384 12 16 0.057425696 
527 235 9 11 0.057342894 
483 298 10 14 0.057302237 
903 271 8 11 0.05724187 
8 422 9 13 0.057190757 
371 222 7 10 0.05717194 
679 187 8 11 0.057082817 
310 347 11 14 0.05703005 
527 24 8 11 0.056945458 
760 233 10 12 0.056926228 
230 382 8 11 0.05687486 
1 204 7 11 0.056836925 
849 239 7 10 0.056728207 
861 466 13 17 0.05671562 
949 61 8 10 0.056707416 
132 446 13 17 0.05668809 
304 80 7 9 0.056612775 
108 206 10 12 0.056610215 
780 486 13 17 0.056519587 
230 240 9 11 0.05648261 
57 61 9 11 0.0564228 
1011 412 10 15 0.056416057 
536 143 7 9 0.056280244 
784 256 8 10 0.056251455 
534 222 7 11 0.056177888 
151 85 9 10 0.05613457 
146 116 9 12 0.056131247 
797 192 7 9 0.056087077 
809 239 8 10 0.056050394 
949 89 7 10 0.056025967 
658 131 8 10 0.056017555 
384 299 8 11 0.05594685 
264 273 9 11 0.05587791 
472 129 8 10 0.055857792 
712 246 9 12 0.05581623 
337 269 8 10 0.05576984 
494 94 7 9 0.05572608 
463 77 6 9 0.055720083 
528 64 6 8 0.055561762 
241 158 7 8 0.05554017 
425 175 8 10 0.055525742 
439 136 8 10 0.055387817 
784 99 9 12 0.055374645 
717 403 13 17 0.05530041 
464 294 10 12 0.055291757 
546 144 7 9 0.055259485 
58 490 12 17 0.055179864 
315 457 12 17 0.055169728 
482 87 7 9 0.05507336 
945 73 8 9 0.055018228 
728 619 8 11 0.054988988 
666 168 7 10 0.05497788 
740 333 12 15 0.05494046 
101 69 9 11 0.054916844 
880 287 9 11 0.05491298 
221 184 7 10 0.05489121 
877 292 9 12 0.054860692 
572 399 12 14 0.054839086 
153 352 10 12 0.054828707 
401 72 8 10 0.05477057 
798 238 8 11 0.05476467 
651 461 12 15 0.05475872 
567 366 11 13 0.054742336 
933 64 8 10 0.05472313 
414 309 9 12 0.054700326 
415 614 10 13 0.054675557 
423 164 6 9 0.054637622 
696 366 10 13 0.05463058 
697 395 14 16 0.05460702 
87 288 10 12 0.054597236 
321 176 6 8 0.054593626 
730 434 14 16 0.054586425 
201 382 10 12 0.054571 
542 295 8 11 0.054541737 
158 71 7 9 0.05447789 
200 205 8 10 0.054458458 
302 425 10 14 0.054432075 
310 302 7 10 0.0544021 
981 195 9 11 0.05439078 
687 87 7 9 0.05438002 
93 342 9 11 0.05436205 
624 249 8 10 0.054344658 
800 133 8 11 0.054339428 
200 79 8 9 0.054319747 
319 566 9 12 0.054301947 
918 72 8 9 0.054253094 
176 441 12 17 0.054242942 
386 126 8 10 0.054205403 
317 287 9 11 0.054193355 
213 100 8 10 0.054127607 
847 134 9 12 0.054126788 
615 124 8 10 0.054096807 
774 116 8 11 0.054073114 
880 198 8 11 0.054012705 
91 230 10 12 0.053990312 
470 258 17 22 0.05396097 
911 127 9 11 0.053931735 
613 315 9 12 0.053855147 
621 118 8 11 0.05384989 
342 367 9 11 0.05384137 
249 285 9 11 0.053768244 
142 389 10 14 0.053757466 
830 103 8 10 0.05375485 
676 300 10 13 0.053746507 
537 88 6 8 0.053702287 
589 309 10 13 0.053548023 
842 529 15 19 0.05347201 
574 388 11 13 0.0534296 
121 78 7 9 0.05335462 
1014 548 10 16 0.053340573 
473 293 11 15 0.05333643 
440 165 9 11 0.05329217 
214 303 9 11 0.05329143 
527 279 10 13 0.05328308 
296 78 7 9 0.053263962 
328 338 11 14 0.05319929 
912 348 10 13 0.053198688 
78 286 11 13 0.05318579 
729 126 8 11 0.053156987 
313 362 11 13 0.05314631 
719 289 11 14 0.053112533 
361 311 9 12 0.05310232 
217 238 9 10 0.053048696 
352 269 8 11 0.053035498 
239 339 8 10 0.053009607 
1002 119 7 11 0.05294047 
163 439 11 15 0.05288904 
686 184 8 10 0.05287923 
808 320 8 10 0.052875623 
32 347 9 12 0.052851092 
538 151 7 9 0.05279132 
837 249 9 11 0.052772865 
599 441 12 16 0.052768826 
216 295 8 11 0.05276217 
74 573 11 15 0.05275564 
58 57 7 9 0.0526708 
599 160 7 9 0.052666828 
775 253 8 10 0.05264669 
576 380 11 13 0.05264086 
465 469 11 13 0.05250311 
479 149 8 10 0.052458808 
567 181 9 11 0.05242589 
925 276 9 12 0.052363463 
398 119 8 10 0.05232422 
889 64 7 9 0.052305643 
497 204 9 12 0.0522 
311 253 7 9 0.052187767 
645 133 8 10 0.052120995 
450 79 7 10 0.052062668 
169 219 10 12 0.051957294 
407 70 7 10 0.051955078 
686 189 8 9 0.051914927 
424 64 7 9 0.051886808 
418 46 9 10 0.051756322 
562 263 9 12 0.051677726 
432 88 6 8 0.051576287 
544 79 7 9 0.051555924 
791 126 8 11 0.05149126 
554 314 9 11 0.051490095 
602 127 8 10 0.051464446 
559 244 9 11 0.051449526 
477 103 7 9 0.051385056 
565 596 8 11 0.051378116 
162 213 9 11 0.051316135 
978 191 8 11 0.051265873 
288 276 8 11 0.051265117 
526 145 6 8 0.05125354 
0 190 6 13 0.051224608 
750 312 12 14 0.051182814 
933 172 10 13 0.05113606 
895 60 7 10 0.05105401 
502 321 10 13 0.051047314 
601 230 9 11 0.051035594 
513 22 8 11 0.050963737 
349 303 9 11 0.05095221 
262 177 7 9 0.050920747 
688 215 8 10 0.050914627 
96 63 9 11 0.05090625 
133 174 8 9 0.050863575 
191 421 11 14 0.05080569 
303 248 8 9 0.05075367 
845 167 8 10 0.05074967 
504 175 8 10 0.050725266 
580 415 11 15 0.05068097 
545 71 7 9 0.050675675 
447 111 7 10 0.05066947 
438 335 10 12 0.05065665 
880 86 7 10 0.050484702 
1013 263 8 11 0.0504835 
309 407 11 14 0.050446667 
415 237 9 12 0.050308485 
608 294 8 11 0.050234832 
804 426 13 18 0.05023167 
167 312 11 12 0.05022185 
790 95 7 10 0.05018244 
70 225 8 10 0.05017023 
937 87 7 9 0.05014087 
745 251 10 12 0.050103568 
951 182 11 12 0.05004862 
521 391 10 14 0.050024524 
734 332 11 14 0.04994465 
430 175 8 10 0.049886126 
638 150 7 10 0.04984826 
950 312 9 12 0.04977512 
831 216 7 10 0.049745813 
377 133 6 9 0.049629074 
205 278 9 11 0.0495306 
495 304 11 12 0.049501136 
521 592 8 11 0.049495127 
266 80 7 10 0.049463037 
862 86 8 10 0.049461037 
679 101 9 11 0.049454316 
791 288 8 10 0.049439624 
513 145 6 8 0.049433332 
271 149 6 9 0.04937977 
264 287 9 11 0.04935837 
378 236 8 11 0.049342744 
321 241 9 11 0.04930046 
473 213 8 10 0.049278494 
278 331 9 12 0.04923764 
169 103 8 10 0.04921955 
560 79 7 10 0.04918836 
27 425 11 14 0.04917324 
665 410 13 16 0.049064625 
110 276 9 12 0.049053814 
282 263 9 11 0.048971046 
921 63 7 10 0.04894123 
335 287 9 11 0.048936125 
522 79 7 10 0.04891904 
476 235 11 13 0.048894513 
1002 191 8 12 0.04886866 
902 433 12 16 0.04885071 
784 356 10 14 0.04884355 
144 396 9 13 0.04878017 
392 135 9 12 0.04874947 
702 224 8 11 0.048715405 
456 158 7 10 0.04869278 
617 87 7 10 0.048680674 
151 80 8 10 0.04862654 
663 102 7 10 0.048619315 
616 380 11 15 0.048600085 
568 289 17 22 0.048592005 
530 191 8 9 0.048586592 
591 105 8 9 0.04857071 
199 278 9 11 0.048533157 
561 593 9 11 0.048445243 
881 238 8 11 0.048284166 
337 213 9 10 0.048239965 
160 208 8 9 0.04823838 
958 111 8 11 0.04820877 
462 118 7 9 0.048197396 
41 324 10 14 0.04816999 
90 176 7 11 0.04816597 
650 395 11 14 0.048125345 
828 411 10 14 0.04807103 
891 263 8 11 0.048040155 
0 421 8 14 0.048027426 
776 324 10 13 0.048002567 
726 372 11 14 0.047957018 
823 104 10 12 0.047907498 
454 96 8 9 0.047894966 
50 251 8 11 0.047883645 
877 206 9 10 0.047878288 
809 30 7 10 0.047847383 
250 279 8 11 0.047840632 
560 128 7 10 0.047795825 
407 64 8 9 0.047773227 
911 277 10 13 0.047736935 
871 158 9 11 0.04772225 
393 301 9 12 0.04769875 
773 159 8 10 0.04765883 
689 222 8 11 0.047652945 
806 164 9 11 0.04758606 
766 28 9 11 0.047565404 
283 269 8 11 0.04750141 
258 175 8 10 0.0474148 
929 69 9 10 0.04738149 
512 111 8 10 0.047323752 
909 190 8 11 0.047226857 
506 410 11 15 0.04717632 
790 134 9 11 0.04713042 
299 461 15 20 0.047129095 
527 103 9 10 0.047118966 
513 15 7 9 0.04707871 
925 393 11 14 0.0470784 
887 181 9 11 0.047056034 
708 317 11 14 0.047045287 
999 300 10 12 0.04699636 
294 94 9 11 0.046990182 
577 52 6 10 0.04695155 
352 127 8 10 0.04690412 
157 319 12 13 0.046878885 
863 231 8 10 0.046874005 
459 392 18 23 0.04686489 
799 126 8 11 0.04685543 
207 168 7 9 0.04685424 
217 263 8 10 0.04682284 
489 510 14 18 0.046653505 
344 74 7 10 0.046622712 
745 239 9 11 0.046606675 
610 143 7 10 0.04660396 
141 334 11 13 0.04655719 
557 224 8 10 0.046537053 
463 143 7 9 0.046482496 
536 475 11 15 0.046422746 
697 271 9 12 0.046414424 
358 408 10 12 0.04639792 
345 100 8 9 0.046374846 
521 97 7 8 0.046309188 
562 406 9 12 0.046293713 
273 371 11 14 0.04629144 
535 94 8 10 0.04629079 
559 214 7 10 0.046275694 
682 373 12 14 0.046234716 
510 310 10 13 0.046206832 
425 28 9 11 0.046204913 
614 207 8 11 0.046200097 
960 252 9 10 0.046176728 
608 287 8 11 0.046088547 
933 165 9 12 0.04606455 
343 239 7 9 0.046011295 
650 251 9 13 0.045983233 
981 143 9 11 0.045981493 
943 94 9 11 0.045955963 
377 420 11 15 0.045916364 
535 205 8 10 0.045876984 
579 157 8 10 0.04585115 
809 228 9 11 0.0457661 
211 463 13 15 0.045765005 
58 126 9 11 0.045729473 
746 341 12 14 0.04572042 
977 73 7 9 0.045711935 
386 108 8 11 0.04570788 
950 71 7 9 0.045705818 
19 459 11 13 0.04566294 
720 175 8 11 0.045648277 
618 343 13 16 0.045645878 
682 479 13 18 0.04560716 
537 55 7 9 0.045563582 
297 315 8 12 0.04547776 
887 110 6 9 0.0454739 
289 88 8 9 0.045469835 
443 403 11 13 0.045461934 
567 165 7 9 0.045370422 
719 96 7 9 0.04532942 
656 467 11 16 0.04530471 
488 39 8 10 0.045274258 
833 117 7 10 0.04525073 
705 79 7 9 0.04523754 
608 341 12 17 0.045208957 
439 111 7 9 0.045176044 
662 110 8 11 0.045079697 
465 30 8 10 0.045079328 
231 447 10 13 0.045041654 
747 457 14 18 0.04500776 
668 314 12 17 0.045006387 
825 276 8 11 0.04498375 
918 84 7 10 0.04493188 
455 85 7 10 0.04492933 
534 135 7 9 0.044928864 
328 168 7 9 0.044913843 
821 408 12 17 0.044910684 
200 72 8 9 0.044909652 
542 62 6 9 0.04489622 
494 79 7 9 0.04488538 
526 310 8 11 0.04484486 
470 244 10 12 0.04482889 
735 5 9 11 0.044812426 
279 281 8 10 0.044761155 
602 61 7 9 0.044757403 
872 63 7 9 0.04472205 
455 189 10 12 0.04471813 
68 292 10 13 0.044672616 
975 114 9 11 0.04465401 
465 133 8 11 0.044650756 
888 133 8 10 0.044565946 
544 95 7 9 0.044528276 
552 23 9 11 0.044523697 
380 382 11 14 0.04447266 
38 266 11 15 0.044467583 
128 166 9 12 0.0443939 
351 201 8 9 0.0443514 
222 429 10 12 0.044275988 
390 94 7 10 0.044274792 
317 293 9 10 0.044249326 
488 44 9 11 0.044247545 
886 285 8 11 0.044224866 
658 228 8 11 0.044207163 
318 303 8 11 0.044205066 
797 180 8 10 0.044199493 
1001 319 9 12 0.044138763 
344 170 7 8 0.04410544 
463 411 9 13 0.04402615 
438 316 11 15 0.04402222 
71 179 9 11 0.0440154 
342 288 12 14 0.044003878 
873 85 8 10 0.04397679 
288 316 8 11 0.043972187 
824 288 10 12 0.04393857 
198 316 9 11 0.043922797 
126 159 8 10 0.043914106 
479 614 7 10 0.0439098 
97 120 8 9 0.04383245 
707 102 8 10 0.04375134 
358 190 8 10 0.04370471 
748 110 9 11 0.043698285 
558 39 7 10 0.043681946 
146 458 9 14 0.043679945 
111 112 8 11 0.04367907 
717 325 11 13 0.04361349 
871 189 9 11 0.043584798 
400 330 10 14 0.043565053 
337 366 9 12 0.04354986 
105 158 10 13 0.0434844 
774 393 13 15 0.043444343 
87 501 15 19 0.043413363 
112 264 8 11 0.043369994 
475 207 8 11 0.04320446 
465 128 7 10 0.043126777 
521 166 7 9 0.043108184 
145 210 9 11 0.043075465 
463 288 9 12 0.043058213 
177 23 10 12 0.04303195 
608 69 7 10 0.042973433 
1006 85 9 11 0.042916678 
497 159 8 10 0.04289003 
529 15 7 9 0.042822402 
897 171 9 12 0.04277361 
498 56 7 9 0.04268183 
857 525 15 19 0.042677864 
976 96 7 10 0.04267229 
473 108 7 10 0.042647783 
832 110 7 9 0.04251524 
34 166 9 12 0.04249894 
411 85 8 10 0.04248938 
980 562 13 15 0.042482544 
463 112 7 9 0.042460307 
440 183 8 10 0.042457182 
342 206 8 10 0.04229479 
839 190 8 11 0.04227711 
620 398 12 15 0.042258315 
319 80 7 8 0.0421843 
640 197 8 10 0.04217861 
587 288 18 22 0.04216818 
523 157 7 9 0.042147826 
1006 123 8 11 0.042087577 
688 395 12 15 0.0420807 
351 175 7 9 0.042071134 
982 77 8 10 0.042068813 
978 132 8 12 0.04200478 
534 379 18 22 0.041991502 
273 233 7 9 0.041875895 
215 220 9 11 0.04187003 
77 276 10 12 0.041856818 
79 207 9 12 0.041850355 
272 84 7 9 0.04184002 
345 87 7 10 0.041790128 
644 190 8 11 0.04168556 
399 200 7 10 0.041653227 
941 414 12 16 0.04164982 
789 341 10 13 0.041649643 
657 174 9 11 0.041633975 
184 102 8 11 0.041576833 
281 254 8 10 0.04155738 
922 56 7 9 0.041522615 
831 88 7 10 0.04151381 
552 87 8 9 0.041477352 
61 78 9 11 0.041466095 
911 551 8 11 0.041423667 
720 229 9 12 0.041415755 
925 112 7 10 0.041267443 
326 501 14 18 0.041233324 
871 165 8 11 0.04120442 
706 95 7 9 0.04118265 
790 102 9 10 0.04117599 
508 256 11 13 0.041134678 
712 460 13 17 0.04112921 
506 86 8 10 0.041096408 
665 383 12 16 0.04106832 
1008 111 9 12 0.041056897 
846 494 10 13 0.041040406 
281 103 7 9 0.04102778 
0 198 7 12 0.04098733 
559 208 7 9 0.040981445 
512 430 9 11 0.04097516 
585 104 8 9 0.040903017 
199 151 8 10 0.040902384 
118 188 10 13 0.04089826 
938 79 7 9 0.040883392 
529 94 7 9 0.04079014 
867 350 12 16 0.04074714 
909 403 13 16 0.04072701 
981 223 9 11 0.040708542 
134 95 8 9 0.0406842 
206 454 10 13 0.04068255 
709 302 10 13 0.04064971 
863 77 8 10 0.04064581 
801 212 8 11 0.04063963 
113 116 8 10 0.040545795 
785 196 8 10 0.04051336 
638 143 8 11 0.040486176 
511 80 8 9 0.040469848 
252 310 8 12 0.04039018 
406 176 8 9 0.04037364 
632 396 13 17 0.040368926 
207 328 8 11 0.040324006 
134 23 9 11 0.040295493 
485 477 11 14 0.040271435 
447 356 10 13 0.04024196 
177 265 8 11 0.040241428 
93 198 10 12 0.040232632 
649 453 9 13 0.040232092 
678 320 11 14 0.040207006 
224 446 10 12 0.040179886 
172 215 9 11 0.040157482 
826 398 11 16 0.040117208 
847 437 12 16 0.040110655 
592 95 8 10 0.04010899 
1 217 10 14 0.04009029 
174 310 9 13 0.040075567 
535 413 9 12 0.040030114 
717 238 9 11 0.040025853 
528 46 8 10 0.0400161 
313 294 7 10 0.040010314 
367 245 8 11 0.039879616 
301 387 9 12 0.039877027 
166 176 8 10 0.039875194 
805 206 8 11 0.039851896 
397 564 11 14 0.03985014 
953 143 9 11 0.03981974 
607 396 10 14 0.03976122 
825 298 11 13 0.03968372 
647 103 7 9 0.039616797 
464 96 7 8 0.03959024 
569 142 8 10 0.03955355 
39 430 10 13 0.039523497 
407 303 10 13 0.03948035 
870 270 9 11 0.039434467 
908 395 13 17 0.03938971 
960 38 7 9 0.039356276 
430 264 9 11 0.03934062 
872 287 9 12 0.03932391 
671 285 10 12 0.039310332 
882 72 7 9 0.03929385 
912 64 7 9 0.039276615 
148 160 8 10 0.03923257 
214 127 8 11 0.039226174 
536 117 7 9 0.039222013 
541 439 12 15 0.03921358 
785 32 7 9 0.039167646 
455 231 10 13 0.039142903 
401 126 7 10 0.03908665 
154 255 9 11 0.03908446 
1011 302 10 12 0.039000176 
311 326 8 11 0.038997047 
1015 277 8 11 0.038985197 
999 252 7 10 0.038968675 
882 158 8 11 0.03894226 
161 150 10 13 0.03892583 
726 250 9 10 0.038917117 
574 80 8 10 0.038915996 
126 256 7 10 0.038884103 
728 330 11 14 0.038883712 
473 661 12 15 0.03885854 
534 405 11 13 0.038834702 
776 222 8 11 0.038806017 
925 175 9 11 0.038783416 
592 360 10 12 0.0387676 
775 241 8 11 0.038751397 
101 62 8 10 0.038736373 
457 152 7 9 0.038725547 
286 332 9 11 0.03872492 
22 301 10 12 0.038721975 
534 376 9 11 0.03869636 
831 526 12 17 0.038669746 
944 223 8 10 0.038664777 
560 175 7 10 0.038659878 
810 357 10 14 0.038648747 
640 292 10 12 0.038645465 
862 334 10 13 0.038606137 
904 183 8 10 0.038600203 
97 125 10 11 0.038599215 
380 319 10 12 0.038558695 
705 235 9 11 0.038494296 
453 102 8 9 0.038455654 
526 79 7 10 0.038453355 
650 150 9 11 0.03843002 
538 80 7 9 0.03842178 
592 120 8 10 0.038372017 
472 85 7 9 0.03834104 
204 388 11 14 0.038319986 
280 96 7 9 0.038295973 
541 285 10 13 0.03827422 
246 420 10 14 0.038198344 
391 88 7 9 0.038193107 
328 174 7 9 0.038167644 
489 242 9 12 0.03815893 
327 272 9 9 0.03815772 
346 184 7 9 0.038140383 
823 231 8 9 0.038140204 
805 308 9 12 0.038130734 
361 165 7 9 0.038123365 
709 359 13 15 0.038086243 
7 480 13 17 0.03807368 
156 413 10 14 0.038063582 
17 363 10 14 0.03806011 
522 224 7 10 0.03803922 
647 174 8 11 0.037997574 
950 104 7 11 0.037988905 
519 423 10 12 0.03797601 
481 30 8 10 0.03793827 
17 144 8 9 0.03793262 
168 270 7 10 0.037931193 
544 547 9 12 0.03784534 
853 216 8 10 0.037731 
138 327 8 11 0.037714247 
941 329 11 15 0.03770722 
349 399 10 13 0.037684977 
842 235 9 11 0.03765393 
570 223 8 10 0.037653685 
600 418 13 17 0.037640493 
609 334 9 12 0.037617367 
721 205 9 10 0.037577007 
45 223 7 10 0.03756734 
102 77 8 11 0.037538663 
627 70 7 10 0.03752874 
599 40 8 10 0.03751395 
867 207 9 11 0.037495825 
890 56 7 9 0.037447065 
545 435 13 15 0.03739619 
17 454 10 14 0.037340447 
1011 418 12 19 0.037328765 
7 124 12 14 0.037319586 
54 240 9 11 0.037312083 
735 141 9 11 0.037290905 
686 94 7 9 0.037278716 
527 411 10 13 0.03726641 
149 113 8 10 0.03726062 
165 80 9 11 0.03724535 
519 279 10 11 0.037228897 
176 160 8 11 0.03721998 
511 158 7 9 0.037189703 
534 239 9 11 0.03716978 
221 317 9 12 0.037142668 
596 363 11 13 0.03713919 
348 374 11 14 0.037127987 
577 167 8 9 0.037101693 
1006 60 9 12 0.03709937 
552 79 7 9 0.037081596 
960 48 7 9 0.03704181 
1001 111 7 10 0.037036262 
969 175 8 11 0.03702984 
447 230 10 13 0.036968835 
545 224 8 11 0.036920678 
278 343 10 12 0.036905486 
423 288 8 10 0.03689192 
505 78 8 10 0.036869045 
616 248 9 11 0.036867708 
303 117 8 11 0.036856387 
355 514 21 26 0.036836732 
167 352 9 11 0.036827683 
485 334 10 13 0.036826104 
337 208 8 10 0.036811333 
504 137 6 9 0.036798492 
318 407 11 14 0.03679252 
152 134 9 10 0.03677748 
975 333 9 12 0.03677634 
479 356 10 12 0.036763858 
320 181 7 9 0.036744975 
940 340 11 15 0.036738116 
325 254 9 11 0.036650125 
320 332 10 13 0.03664577 
703 365 13 17 0.03664574 
687 508 14 19 0.03663842 
880 232 9 10 0.03662663 
72 256 9 11 0.036614493 
281 110 7 10 0.036558114 
677 199 10 11 0.036551185 
703 354 12 15 0.036521323 
548 405 11 13 0.03650847 
886 152 8 11 0.036460716 
535 484 12 15 0.036436386 
919 128 11 13 0.03639459 
510 72 7 8 0.036365584 
683 78 7 10 0.03632966 
841 63 8 9 0.03631783 
897 136 8 11 0.036317065 
30 251 11 13 0.036294706 
275 281 17 23 0.036282662 
488 102 8 10 0.036266312 
624 434 12 15 0.036258366 
252 302 9 12 0.036254734 
671 205 9 12 0.03624658 
590 60 8 10 0.03618294 
526 303 9 11 0.036172286 
552 73 7 9 0.036151383 
494 40 7 9 0.036149867 
511 437 9 12 0.036110207 
414 419 11 14 0.03609542 
233 72 7 9 0.036076266 
567 289 10 11 0.03607469 
814 277 8 10 0.036066532 
857 78 8 10 0.036063515 
89 347 10 13 0.036040828 
609 426 14 17 0.03603862 
816 399 13 16 0.036028914 
343 174 7 9 0.036023736 
231 160 7 9 0.03601544 
691 285 11 13 0.0359695 
216 231 10 12 0.035945017 
577 234 10 12 0.03593851 
806 214 7 10 0.03593765 
911 341 11 13 0.035911076 
497 151 8 10 0.035906438 
439 55 8 11 0.03589341 
205 285 9 11 0.035890188 
771 406 15 17 0.03587713 
839 21 9 11 0.03576856 
457 142 8 10 0.03576636 
415 285 9 11 0.03576412 
126 243 8 10 0.035757646 
457 45 9 12 0.035685167 
44 263 10 13 0.035647992 
304 253 8 10 0.035642736 
969 86 7 8 0.035626728 
550 356 10 12 0.035603326 
546 471 12 14 0.035568364 
872 320 12 15 0.03554626 
956 271 8 12 0.03549863 
975 85 7 10 0.035496093 
328 144 7 8 0.035448354 
122 231 10 12 0.03542565 
111 508 11 16 0.035403583 
176 96 8 12 0.03539287 
49 78 8 10 0.035353255 
950 264 8 11 0.035340805 
738 191 7 11 0.035252515 
613 401 18 22 0.03524671 
353 411 10 14 0.03523478 
362 232 8 10 0.035223693 
97 78 7 9 0.035201807 
56 83 9 11 0.035177022 
313 272 8 11 0.035161216 
480 95 8 10 0.03514068 
357 183 8 10 0.03512928 
305 398 9 12 0.035089824 
553 206 7 10 0.035078134 
396 573 11 14 0.03506672 
248 95 7 10 0.03503912 
482 167 8 10 0.035024855 
62 128 8 11 0.035010196 
253 559 12 15 0.035009358 
105 164 10 13 0.03499911 
33 186 9 11 0.034994766 
326 413 13 16 0.03498826 
552 375 11 13 0.034968834 
715 587 13 16 0.034948803 
166 295 9 11 0.034925602 
675 395 11 14 0.034890365 
662 285 10 12 0.034883585 
486 344 11 14 0.03488079 
473 223 8 11 0.034877367 
806 37 9 11 0.034861486 
24 272 13 16 0.034857046 
269 272 9 11 0.03483905 
439 118 7 10 0.034775093 
768 264 9 12 0.03477167 
622 93 7 10 0.03471841 
543 87 7 9 0.03470613 
351 100 7 10 0.034672707 
543 214 8 10 0.03464704 
368 326 8 11 0.03461526 
857 86 9 11 0.03458639 
976 143 8 11 0.034573957 
233 427 12 16 0.03456765 
812 436 12 16 0.034563646 
597 207 9 11 0.034543738 
365 397 10 12 0.034541376 
501 57 8 9 0.034539137 
149 165 8 10 0.034528084 
872 47 7 9 0.034516003 
559 45 6 9 0.03448088 
368 217 7 9 0.03435559 
257 80 6 9 0.034321245 
914 118 8 10 0.03430797 
944 311 9 13 0.03430006 
161 280 10 10 0.03428124 
413 392 10 14 0.034256805 
638 315 10 12 0.034232218 
618 93 8 10 0.034225862 
614 79 8 10 0.03416381 
650 382 14 16 0.034147598 
506 95 7 9 0.03412192 
535 15 8 10 0.034080528 
351 441 12 16 0.034072418 
55 70 10 13 0.034048274 
623 88 7 10 0.034031507 
182 95 9 10 0.034026183 
25 263 10 13 0.034006048 
967 309 9 11 0.033987414 
935 54 7 9 0.033980988 
749 240 9 11 0.033971705 
153 93 8 11 0.033965643 
199 136 7 8 0.033961523 
1007 424 13 19 0.03394467 
558 55 7 9 0.033927612 
190 81 8 10 0.033919517 
390 380 10 13 0.033903293 
406 149 8 10 0.033901036 
935 259 10 14 0.033900127 
703 272 9 12 0.033852056 
463 266 11 14 0.03384491 
784 421 13 17 0.033803146 
238 112 7 9 0.033796262 
514 128 7 9 0.0337055 
901 388 12 13 0.033681974 
509 442 11 14 0.033680316 
377 84 7 9 0.033679146 
280 231 8 10 0.033670284 
270 262 8 9 0.03366936 
870 361 12 16 0.033656694 
444 446 12 16 0.033652037 
351 63 7 9 0.03365056 
561 71 7 10 0.033633064 
649 158 9 10 0.033618383 
847 140 9 12 0.03360245 
981 127 8 11 0.033602156 
169 405 10 13 0.033571206 
856 515 17 20 0.03352964 
633 182 8 12 0.033526026 
600 303 10 13 0.033515852 
569 119 7 9 0.03351473 
310 446 19 25 0.033460207 
686 73 7 9 0.03345554 
417 63 7 10 0.03340701 
142 56 7 11 0.033400163 
568 439 10 14 0.033389788 
767 287 9 11 0.03338574 
446 28 8 11 0.03336532 
446 152 7 9 0.033279724 
560 87 6 8 0.033258602 
4 312 15 18 0.03325702 
585 143 8 9 0.03324079 
5 215 11 15 0.033239108 
652 272 10 12 0.03323475 
958 326 10 12 0.03322144 
796 317 11 14 0.03322015 
768 116 9 11 0.03319229 
650 78 8 10 0.033191334 
39 343 10 14 0.033186562 
686 417 13 16 0.03318037 
417 73 7 9 0.033135746 
135 386 12 17 0.03313256 
313 184 6 7 0.033130843 
191 357 11 15 0.033092555 
785 316 11 13 0.033090007 
416 103 8 10 0.03307521 
113 303 10 13 0.033070598 
321 157 7 10 0.033043366 
417 40 8 10 0.033014707 
768 365 10 12 0.033004813 
136 333 10 13 0.032961488 
1003 264 8 11 0.03295922 
954 480 15 19 0.032956835 
639 280 9 11 0.03290848 
551 166 8 10 0.03290493 
910 166 9 11 0.032868594 
735 445 15 19 0.032867935 
271 382 10 13 0.032838665 
294 532 13 17 0.032775484 
620 308 10 12 0.03273152 
719 397 11 14 0.032710586 
904 53 8 10 0.032709427 
222 253 10 11 0.032708224 
447 182 9 10 0.03264644 
458 40 7 9 0.032613646 
455 369 11 14 0.03259469 
416 92 8 10 0.03256948 
518 332 10 12 0.032562643 
471 55 8 10 0.03256151 
1001 157 8 11 0.032538787 
201 437 12 16 0.032510966 
568 128 8 9 0.032501288 
168 15 7 9 0.032495953 
206 461 12 15 0.032490056 
318 351 9 13 0.032467008 
326 532 12 14 0.03240655 
693 136 8 9 0.032402813 
497 137 7 9 0.032399517 
125 214 8 11 0.032387286 
399 111 7 10 0.032384742 
952 617 10 16 0.032339945 
233 111 8 10 0.03231976 
528 207 8 10 0.03231547 
432 253 9 11 0.032290418 
23 322 18 23 0.03228236 
684 317 11 14 0.032280266 
926 270 11 14 0.032257333 
480 424 10 13 0.032224916 
285 254 9 10 0.03222331 
550 265 10 13 0.032204192 
81 192 9 11 0.032203257 
559 411 11 13 0.03220049 
480 480 11 14 0.032137707 
932 288 10 13 0.03212836 
840 293 9 11 0.032127563 
25 204 11 14 0.032082926 
201 168 6 9 0.03206715 
578 206 9 10 0.032067064 
23 306 13 19 0.032065783 
898 328 10 14 0.032027967 
904 39 7 9 0.03198521 
1013 470 12 18 0.0319696 
309 492 21 27 0.03187804 
247 444 11 15 0.03187161 
843 427 12 16 0.031859193 
310 94 7 10 0.031846005 
631 376 12 14 0.031838994 
908 413 11 15 0.031827398 
739 112 8 9 0.03181241 
936 40 7 10 0.031812362 
370 72 7 8 0.03179984 
910 53 8 10 0.03179198 
528 214 8 10 0.03178529 
610 112 8 10 0.031766016 
234 458 13 15 0.031751923 
13 187 9 11 0.03174881 
881 164 8 11 0.031739265 
913 132 8 12 0.031736262 
592 464 14 17 0.031718954 
626 149 8 10 0.031710424 
757 429 12 15 0.031673886 
807 442 12 16 0.03167226 
920 168 8 10 0.031635765 
1000 92 10 12 0.031618457 
567 176 8 10 0.031609014 
912 390 10 13 0.031595882 
694 217 17 23 0.031585988 
560 63 6 9 0.03158585 
774 76 8 11 0.031574223 
511 295 9 12 0.03157208 
241 124 7 10 0.03153316 
514 581 8 12 0.031503573 
240 253 9 10 0.031463504 
892 347 12 14 0.031451788 
391 294 8 11 0.03144315 
886 238 8 11 0.031433158 
696 303 11 13 0.03142832 
653 333 11 14 0.031428248 
62 84 9 11 0.03139484 
131 237 9 11 0.031381626 
440 302 9 12 0.031367484 
542 205 9 10 0.03136155 
87 266 17 23 0.03132383 
616 224 8 10 0.03131983 
517 631 7 10 0.031317677 
814 444 11 16 0.03129348 
732 206 9 11 0.03128221 
876 304 12 16 0.031259038 
967 95 9 11 0.03125454 
552 158 7 9 0.0312539 
432 339 11 15 0.031246293 
143 69 8 9 0.03124425 
196 421 11 13 0.03121767 
796 576 12 16 0.031216891 
199 86 8 9 0.031210287 
905 246 9 12 0.031201867 
463 64 7 9 0.031197889 
855 509 13 17 0.031192247 
542 15 8 10 0.031166755 
553 215 8 9 0.031155098 
881 111 8 10 0.03115055 
464 22 8 11 0.031119049 
92 396 9 11 0.031108525 
815 116 8 11 0.031033434 
200 285 9 11 0.030990649 
406 142 9 11 0.030981628 
478 405 10 13 0.030969856 
614 212 8 11 0.030960904 
215 245 9 12 0.030905815 
561 165 7 10 0.030861346 
393 149 8 11 0.030851493 
256 72 7 9 0.030823918 
626 64 7 10 0.030804308 
600 428 12 15 0.030792352 
431 40 8 10 0.030768203 
581 406 11 13 0.030756162 
745 417 13 16 0.030750211 
303 272 9 10 0.030748015 
578 64 7 9 0.030746104 
799 287 8 10 0.030725067 
327 96 7 9 0.030718418 
505 102 6 9 0.030703157 
519 456 11 15 0.030691486 
845 264 10 12 0.030685285 
310 248 7 10 0.030684011 
481 159 8 10 0.030681055 
152 352 16 22 0.03067791 
609 207 8 11 0.030677572 
887 105 7 9 0.030666765 
199 373 8 11 0.03062738 
424 127 7 10 0.030616185 
457 118 8 9 0.030611034 
514 134 8 10 0.030586816 
593 78 7 11 0.030553166 
344 257 8 9 0.03053535 
337 180 7 10 0.030514576 
926 127 9 12 0.030499432 
239 247 8 10 0.030490166 
425 109 8 10 0.030489339 
279 248 9 10 0.030425692 
782 388 11 15 0.030390922 
376 64 7 10 0.030386185 
685 379 11 15 0.030376915 
333 158 8 9 0.030368688 
98 57 7 9 0.030335471 
1014 295 8 11 0.030316427 
738 179 10 12 0.030287474 
118 554 12 17 0.030287424 
6 162 14 16 0.03027429 
541 324 9 12 0.030267376 
1013 308 10 13 0.030263787 
175 334 10 12 0.030259503 
417 152 8 10 0.030231386 
217 195 10 12 0.030225726 
113 15 9 10 0.030223588 
685 345 13 15 0.030221958 
699 527 18 25 0.030219238 
495 367 9 11 0.030136844 
223 118 9 10 0.030120252 
793 245 8 11 0.03010395 
973 350 11 14 0.030101862 
104 191 8 11 0.030084515 
256 159 7 9 0.030062802 
361 436 12 16 0.030053029 
1005 52 8 12 0.030035729 
7 470 12 16 0.03001498 
112 21 10 11 0.030014938 
369 80 7 9 0.030012265 
303 182 7 8 0.030011497 
272 247 9 11 0.02998809 
981 175 8 11 0.029982524 
159 392 10 13 0.029978504 
215 79 8 9 0.029903136 
909 236 8 12 0.029892886 
90 64 8 10 0.029891131 
633 54 6 9 0.029887868 
916 310 12 13 0.029870398 
495 410 11 15 0.029845038 
196 366 10 13 0.029832428 
744 322 12 16 0.029831398 
967 241 9 11 0.029829862 
602 314 11 13 0.029813258 
336 373 10 13 0.029808512 
440 126 7 9 0.029804913 
822 507 13 17 0.029723668 
418 164 8 10 0.029720467 
912 555 9 12 0.029713592 
303 454 11 15 0.02970969 
894 93 9 12 0.029699504 
409 240 9 11 0.029689886 
64 222 8 10 0.029684244 
337 200 7 8 0.029683584 
587 109 8 10 0.029675549 
800 263 9 10 0.029662823 
480 134 7 8 0.029656166 
575 263 9 11 0.029646685 
631 65 7 9 0.029641831 
584 120 9 11 0.029639432 
832 221 8 10 0.029633839 
554 30 7 9 0.029632121 
585 213 9 10 0.029624658 
57 118 8 10 0.029612249 
495 214 9 10 0.029582705 
933 232 8 11 0.029581532 
80 296 13 16 0.02957971 
510 270 8 11 0.029572079 
558 340 10 12 0.0295563 
246 152 7 9 0.02954878 
608 104 8 9 0.029544717 
287 102 7 9 0.029539727 
206 470 19 21 0.029480416 
192 150 9 11 0.029479066 
520 368 10 13 0.029460205 
932 440 14 16 0.029422577 
332 325 11 13 0.029412232 
688 206 8 11 0.029403308 
595 266 18 23 0.029394148 
286 381 10 13 0.029379403 
350 88 8 9 0.029360788 
399 316 9 11 0.02935966 
485 223 9 11 0.029355386 
472 63 8 9 0.029322853 
120 262 9 12 0.029318865 
946 47 8 10 0.02929978 
199 295 9 11 0.029273763 
414 135 8 10 0.029264687 
521 65 7 9 0.029256074 
92 275 9 11 0.029210294 
583 79 8 10 0.029183883 
77 263 8 11 0.029154109 
599 143 7 10 0.029107908 
704 291 12 14 0.029100643 
37 422 8 12 0.029090077 
880 64 7 9 0.029070104 
888 2 8 9 0.029061276 
1000 359 10 14 0.029026018 
296 296 9 10 0.028991835 
341 357 9 11 0.028990977 
81 524 10 14 0.028985338 
1005 405 18 28 0.028979208 
888 232 8 10 0.028971666 
1001 80 7 10 0.028940422 
745 355 12 16 0.028921036 
961 31 7 10 0.02892102 
111 294 9 13 0.028911658 
405 163 8 11 0.02890917 
960 62 8 10 0.028901644 
191 167 8 10 0.028888559 
859 358 14 18 0.028880375 
120 70 8 11 0.02884418 
241 84 8 10 0.028842898 
512 39 7 9 0.028832808 
1000 151 8 10 0.028816396 
318 135 8 10 0.028781602 
807 24 8 10 0.028778948 
240 134 7 10 0.028769102 
967 264 9 10 0.0287685 
450 86 7 9 0.028767914 
528 174 7 10 0.028761122 
190 102 7 10 0.028738463 
850 96 9 12 0.028731246 
632 341 10 14 0.028724581 
158 134 7 9 0.028705085 
471 198 8 10 0.028669914 
511 335 9 11 0.028650865 
636 189 8 11 0.02865044 
672 200 9 11 0.028618012 
901 157 9 11 0.028612284 
769 63 8 10 0.028605886 
214 87 8 9 0.028604174 
592 387 10 13 0.0286004 
544 167 7 9 0.028591909 
175 350 9 12 0.02858681 
950 288 9 12 0.028558254 
94 87 10 12 0.028544953 
629 230 9 11 0.028541295 
200 328 9 10 0.0285399 
206 253 9 11 0.028494224 
954 188 8 10 0.028491838 
797 294 10 12 0.028466096 
598 103 7 9 0.028442675 
266 100 7 11 0.028414067 
148 468 11 15 0.028412756 
327 263 9 11 0.028411552 
327 356 9 12 0.02837046 
209 129 8 10 0.028352661 
851 394 12 15 0.028333666 
230 318 9 10 0.028324591 
880 38 8 10 0.028283115 
784 38 8 10 0.02827709 
929 48 8 9 0.02826494 
624 127 8 9 0.028229658 
464 87 7 9 0.028227344 
671 62 7 10 0.02820385 
886 246 8 11 0.028196491 
727 290 10 13 0.028196296 
839 144 8 11 0.028195145 
849 326 13 16 0.028176703 
540 503 13 15 0.0281691 
430 392 9 12 0.0281639 
1004 506 14 22 0.028153084 
547 135 8 11 0.028132135 
870 228 9 11 0.028122345 
856 232 8 10 0.028078217 
958 339 10 13 0.02806931 
295 377 16 23 0.028067334 
309 546 13 15 0.028049167 
741 267 17 21 0.028042745 
211 316 8 12 0.028024754 
1015 90 9 13 0.02801461 
761 379 12 17 0.028011143 
577 192 8 10 0.028010806 
821 429 11 15 0.02797047 
846 63 8 10 0.027940437 
236 390 9 13 0.027934195 
399 55 7 9 0.02792284 
855 233 18 24 0.027909247 
406 428 10 13 0.02789133 
287 111 8 11 0.027888045 
774 318 9 13 0.02783788 
720 279 18 23 0.027824119 
614 273 18 24 0.027808525 
534 252 11 14 0.02779713 
631 128 7 9 0.027790122 
649 166 8 10 0.02778353 
1005 47 8 11 0.027782688 
352 529 12 16 0.027771136 
880 103 8 11 0.027764166 
345 189 8 10 0.027764069 
464 150 7 10 0.02773661 
103 118 7 10 0.027735535 
601 463 14 18 0.027734611 
649 87 8 10 0.027722655 
399 88 7 9 0.027711507 
424 104 7 9 0.027710767 
741 265 10 12 0.027684264 
657 237 9 11 0.02767095 
296 168 7 9 0.027643163 
870 102 9 12 0.02763008 
774 165 8 10 0.027615752 
208 140 8 9 0.027609047 
554 56 8 9 0.027602056 
797 245 8 10 0.027598217 
256 359 8 12 0.027565014 
536 113 7 9 0.027556626 
959 303 9 11 0.027556311 
281 556 10 13 0.02754912 
222 295 8 11 0.027524807 
403 656 12 16 0.027504904 
975 261 8 11 0.027503883 
615 103 8 11 0.027503762 
120 124 9 12 0.027486926 
924 262 10 13 0.027485168 
817 84 7 10 0.027479928 
183 172 10 11 0.027459675 
687 166 10 12 0.027455688 
178 286 10 12 0.027428443 
479 109 7 9 0.027426023 
402 176 8 10 0.027419813 
151 127 8 10 0.027396774 
916 267 17 22 0.027390394 
856 256 9 11 0.027388409 
786 380 10 15 0.027353471 
800 23 9 11 0.027340326 
364 510 12 16 0.02729372 
688 336 19 22 0.027266849 
706 418 13 18 0.0272598 
761 375 10 13 0.02725759 
567 102 7 9 0.027233152 
687 198 9 11 0.02720693 
353 350 9 12 0.027201438 
98 512 13 18 0.027200215 
145 79 8 10 0.027162326 
512 205 9 12 0.027161922 
456 127 8 10 0.027150786 
536 174 7 10 0.027143544 
598 374 11 15 0.027133675 
606 158 8 10 0.02710234 
246 311 17 23 0.02710146 
789 263 8 11 0.027080268 
760 418 13 15 0.027076084 
425 531 14 20 0.027073963 
894 275 10 12 0.027072558 
702 469 13 16 0.02707174 
818 217 8 10 0.02706789 
207 79 7 9 0.027050596 
813 292 8 11 0.027044158 
913 269 11 15 0.02701887 
423 78 7 10 0.027013218 
879 47 8 9 0.026988069 
558 144 8 10 0.026983103 
710 166 7 10 0.026979279 
456 112 8 10 0.026961137 
309 331 18 23 0.026960958 
206 231 9 11 0.026925713 
280 311 9 11 0.026922844 
967 349 11 14 0.026900025 
254 294 8 11 0.026893793 
165 144 9 11 0.026886443 
905 236 9 11 0.026854297 
42 375 9 13 0.026853787 
822 456 13 16 0.026852379 
50 72 8 10 0.026850373 
734 215 10 12 0.026825776 
904 119 8 10 0.0268202 
440 88 7 8 0.0268041 
167 627 9 12 0.026796525 
556 419 12 14 0.026782334 
529 183 8 10 0.026769357 
649 144 8 9 0.026757494 
621 270 9 11 0.02675058 
693 142 9 10 0.026749028 
439 433 11 14 0.026740974 
542 32 7 9 0.026733514 
814 228 8 11 0.026717674 
456 64 9 10 0.026716275 
694 86 7 10 0.026703991 
11 256 11 14 0.026631251 
319 112 8 10 0.02662999 
331 344 17 22 0.026576992 
892 426 14 18 0.026557464 
-2 135 7 12 0.026554082 
553 175 7 9 0.026549213 
609 77 8 12 0.026548907 
809 96 9 10 0.026524244 
270 254 9 10 0.02651687 
438 254 8 11 0.026502356 
224 390 11 14 0.026498364 
688 141 9 11 0.026484936 
339 349 10 13 0.0264832 
420 443 14 18 0.026481615 
945 241 9 10 0.026463758 
433 150 7 10 0.026451092 
775 359 10 14 0.02645055 
65 263 9 12 0.026426151 
190 85 9 10 0.026423968 
575 216 8 9 0.026398508 
119 329 9 10 0.026391545 
266 86 6 8 0.026363272 
469 256 12 15 0.026359294 
308 428 14 16 0.026357444 
735 262 9 12 0.02635567 
440 62 7 10 0.026341371 
942 30 8 10 0.026340991 
551 564 10 14 0.026334902 
790 32 8 10 0.026332358 
451 220 9 11 0.026321542 
919 407 14 18 0.026319964 
866 238 19 25 0.02631702 
224 112 8 10 0.026307669 
260 364 10 13 0.026287846 
376 152 9 11 0.026276546 
267 420 10 14 0.026271727 
551 364 10 13 0.026266068 
71 286 10 14 0.026265642 
493 431 9 12 0.026259862 
487 362 10 13 0.026246866 
974 325 8 11 0.026237825 
616 198 7 9 0.026223235 
573 352 19 22 0.026205732 
975 234 9 13 0.0262054 
536 37 7 10 0.02620096 
1014 86 8 12 0.026185563 
870 109 8 10 0.026163803 
165 245 9 11 0.026153238 
598 177 18 24 0.02614507 
62 214 8 10 0.026120443 
359 197 9 11 0.026112799 
999 142 7 10 0.02611023 
568 371 11 14 0.026080133 
369 525 15 19 0.026065817 
588 419 12 14 0.026063662 
607 198 8 10 0.026043009 
550 622 9 13 0.026011338 
248 389 10 12 0.025999116 
661 150 8 11 0.02597669 
560 94 7 10 0.02596792 
575 129 7 9 0.025960201 
333 437 12 15 0.02594819 
387 204 8 11 0.025945304 
665 63 8 9 0.025936412 
801 165 9 12 0.025916042 
785 309 10 14 0.02590842 
590 331 11 14 0.025900356 
567 256 9 12 0.025863605 
495 389 9 12 0.025843862 
873 55 7 10 0.025810596 
1015 165 9 13 0.025797319 
525 379 10 13 0.025782432 
865 63 7 9 0.025762582 
721 192 7 11 0.025739966 
1001 283 9 12 0.02570478 
790 255 8 10 0.02567728 
418 297 17 22 0.025673736 
879 245 9 11 0.02567293 
815 429 10 14 0.025645137 
490 71 7 10 0.025641685 
583 49 7 9 0.025612522 
199 262 8 10 0.025604503 
641 69 8 10 0.02560223 
508 240 9 10 0.025558451 
472 156 8 10 0.025551818 
775 65 7 9 0.025540316 
517 342 10 12 0.02553604 
607 235 9 12 0.025533404 
642 231 9 12 0.025527537 
445 191 9 11 0.025517076 
155 238 9 11 0.025486821 
175 340 10 12 0.025483994 
646 183 8 11 0.025482068 
136 70 9 11 0.025464237 
12 325 11 16 0.025458511 
682 71 7 10 0.025448255 
295 112 8 10 0.025441952 
142 339 11 13 0.025431622 
231 272 9 10 0.02542954 
295 334 9 12 0.0254282 
89 69 9 12 0.025413215 
423 87 8 10 0.025400287 
303 263 8 10 0.025398163 
435 142 6 9 0.025393065 
709 398 12 14 0.025380956 
693 293 9 12 0.025379512 
305 453 20 26 0.025370734 
781 332 10 13 0.025350263 
264 119 7 9 0.025322316 
340 316 9 12 0.025317576 
910 158 8 10 0.025312506 
599 486 14 18 0.025311984 
200 173 7 9 0.025302397 
909 151 9 12 0.025270352 
677 205 10 12 0.025268326 
1007 451 16 22 0.025254928 
565 400 19 24 0.025253175 
150 370 10 12 0.025243305 
136 101 8 10 0.025241572 
160 79 8 10 0.025236527 
455 412 10 12 0.02522444 
358 287 8 10 0.025220584 
283 263 19 24 0.025218446 
319 546 11 14 0.025201334 
397 381 11 14 0.025190117 
111 485 12 18 0.025186451 
641 205 7 10 0.025164966 
594 190 8 10 0.025156802 
82 401 13 15 0.025156718 
388 570 13 16 0.025125094 
704 200 8 11 0.02511936 
368 127 8 10 0.025095578 
583 166 7 10 0.025077635 
429 245 9 11 0.02507315 
39 292 12 16 0.025071621 
748 380 12 16 0.025065165 
928 576 11 13 0.025059404 
368 332 9 12 0.025056848 
297 183 7 10 0.025050785 
849 373 10 14 0.025047867 
455 183 8 10 0.025036244 
497 182 8 11 0.025025416 
474 119 7 9 0.025008464 
333 152 8 9 0.024991976 
928 165 8 11 0.024985215 
372 281 18 22 0.024980912 
599 398 11 13 0.024931766 
440 349 11 15 0.024919773 
71 317 13 17 0.024911541 
527 7 7 9 0.024902225 
821 419 11 14 0.024897397 
999 460 12 16 0.024896447 
713 215 8 11 0.024889776 
32 473 20 26 0.024885574 
116 413 9 13 0.024875272 
197 431 12 14 0.024872772 
128 181 8 12 0.024870837 
683 280 18 22 0.024864415 
599 120 7 10 0.02485527 
479 64 7 9 0.024853488 
720 311 10 13 0.024826301 
350 223 7 10 0.02482269 
310 102 8 9 0.024794782 
215 271 9 10 0.024769217 
108 162 18 23 0.024762047 
519 206 8 11 0.024743708 
776 578 14 18 0.024742927 
501 205 9 12 0.024742652 
533 421 11 13 0.024742283 
526 245 10 13 0.024740696 
368 85 8 10 0.024724305 
489 310 9 12 0.024715241 
772 485 14 17 0.024710242 
597 110 8 10 0.02469793 
729 4 9 11 0.024696644 
5 413 9 16 0.0246852 
874 124 9 12 0.024672342 
542 278 10 12 0.02465009 
788 375 13 16 0.024640784 
734 197 8 11 0.02463829 
425 94 7 9 0.024636611 
906 329 13 16 0.024622902 
546 269 9 12 0.024613978 
488 111 8 9 0.02460554 
657 100 8 10 0.02459773 
634 5 11 12 0.024559455 
785 275 9 12 0.02455468 
338 290 17 21 0.024550647 
884 331 12 14 0.024529647 
749 288 10 11 0.024522632 
136 395 10 14 0.024516152 
336 96 8 9 0.024514629 
622 331 12 15 0.024489358 
825 289 17 21 0.024485813 
521 86 8 9 0.024467837 
473 145 7 9 0.024467655 
867 340 12 15 0.024466334 
870 264 8 11 0.024432981 
127 72 8 10 0.024417069 
665 333 10 13 0.024408393 
289 143 7 9 0.024404658 
312 111 8 10 0.024399687 
705 205 8 10 0.024397606 
737 117 8 10 0.024356833 
557 23 8 10 0.02435159 
851 380 13 16 0.02434458 
831 309 10 13 0.02432878 
105 199 8 11 0.024325741 
445 332 10 13 0.024323381 
930 85 7 9 0.024318725 
745 105 6 9 0.02430712 
153 300 10 11 0.024302116 
258 144 7 9 0.024299253 
529 198 8 9 0.024297124 
283 367 10 13 0.024267826 
832 190 9 12 0.024261894 
944 181 9 12 0.024258485 
161 109 8 11 0.024252638 
64 207 8 10 0.024246646 
742 287 10 12 0.024240365 
560 181 8 10 0.024230931 
338 376 18 22 0.024228282 
125 308 8 12 0.024225762 
159 311 10 11 0.024212748 
742 212 10 13 0.024207583 
970 103 10 12 0.024205638 
687 145 18 24 0.024195155 
257 546 14 18 0.024174383 
155 419 11 15 0.02416994 
544 7 9 10 0.024151534 
440 230 9 11 0.024140524 
287 238 8 9 0.024136087 
351 132 8 11 0.02413305 
612 335 11 13 0.024132809 
399 150 8 9 0.024124173 
223 421 10 13 0.024109127 
456 135 7 10 0.024106614 
799 103 9 12 0.024100764 
520 174 8 11 0.024099275 
825 158 9 11 0.024089504 
69 84 9 12 0.024081644 
310 398 9 11 0.024077801 
314 72 7 9 0.024069957 
550 557 11 15 0.024062598 
695 118 7 11 0.024042597 
570 229 8 11 0.024025293 
814 29 8 10 0.024020363 
494 87 8 10 0.024013054 
839 302 10 12 0.024009418 
641 173 8 12 0.024005147 
134 340 9 12 0.023979703 
575 119 7 9 0.023977216 
479 24 9 10 0.023975194 
191 397 10 15 0.023970602 
138 542 12 18 0.023955116 
574 517 10 15 0.023945948 
471 288 10 13 0.023942715 
47 175 9 11 0.023924002 
839 71 8 10 0.023905737 
611 435 12 16 0.023897817 
337 73 8 10 0.023882542 
785 46 9 11 0.023845106 
422 152 7 10 0.023823682 
126 207 8 11 0.023792243 
6 205 8 10 0.02378593 
600 71 8 9 0.023784785 
878 143 9 11 0.023784634 
669 232 9 10 0.023779584 
224 358 10 13 0.023777107 
558 30 7 9 0.023760589 
652 343 12 14 0.023749363 
441 23 9 11 0.02373951 
198 271 9 11 0.023738364 
632 92 8 10 0.02371251 
416 175 8 10 0.02370685 
595 293 10 13 0.023699405 
663 144 7 9 0.02369923 
249 381 10 13 0.02368939 
777 190 8 11 0.023684556 
101 342 10 11 0.023680871 
206 397 12 16 0.023678739 
743 148 9 13 0.023673838 
872 199 9 12 0.023653887 
1005 286 9 11 0.023634844 
674 215 9 11 0.023628559 
687 425 14 17 0.023613922 
930 523 12 15 0.02360673 
115 335 9 11 0.023603527 
113 406 8 11 0.023598723 
583 23 7 10 0.023595791 
440 174 8 9 0.02359522 
320 263 8 10 0.023575345 
328 87 7 9 0.023569532 
231 126 8 10 0.023550494 
943 262 9 11 0.02354964 
1015 255 9 12 0.023532605 
1014 269 8 12 0.023528202 
102 182 10 11 0.02352257 
423 251 10 12 0.023515914 
593 183 9 11 0.023507142 
324 540 13 15 0.02350642 
273 212 10 11 0.023500027 
565 628 9 12 0.023498712 
271 166 7 9 0.023487007 
200 200 7 10 0.023479247 
448 72 6 9 0.023475016 
550 572 9 12 0.02347024 
542 618 11 15 0.023469865 
976 379 11 15 0.023457034 
464 462 11 14 0.023452472 
670 247 8 10 0.023444565 
256 96 7 9 0.02344068 
285 285 9 11 0.023439648 
489 63 8 10 0.02341464 
543 237 9 11 0.023399886 
495 103 7 9 0.023387356 
497 165 7 9 0.023380835 
301 312 18 22 0.023373466 
5 548 10 14 0.02335946 
472 430 10 13 0.023330214 
155 331 17 21 0.023329442 
976 214 9 11 0.02332565 
346 134 7 10 0.023325445 
144 200 17 23 0.023322264 
261 357 11 14 0.02332172 
238 285 9 11 0.023321373 
656 258 10 13 0.023318449 
973 341 10 13 0.0233032 
815 244 8 11 0.02328942 
26 316 15 19 0.023281295 
542 56 6 9 0.023280736 
105 112 9 11 0.02327776 
973 302 8 11 0.02325274 
838 515 14 19 0.02324344 
529 430 10 12 0.02323503 
524 290 10 13 0.023226963 
479 333 10 13 0.023220902 
393 192 8 9 0.023207158 
407 120 7 9 0.02318555 
750 263 18 23 0.023176022 
870 21 9 11 0.02317187 
290 79 7 9 0.02316169 
479 56 8 10 0.02314636 
231 87 8 10 0.023145491 
246 350 10 12 0.023130365 
278 87 8 9 0.023128232 
854 15 9 10 0.02311523 
180 286 17 23 0.023086134 
694 110 8 10 0.023077466 
938 431 14 19 0.023076965 
448 64 7 9 0.023076866 
504 416 10 14 0.023063868 
208 87 8 9 0.023049107 
695 64 8 10 0.023038376 
1000 164 9 12 0.023031184 
900 457 13 17 0.023030162 
652 426 13 17 0.023016667 
736 275 10 13 0.023013001 
290 150 8 10 0.022994976 
768 127 10 12 0.022989051 
127 77 8 10 0.022984399 
511 95 7 9 0.022980336 
881 150 8 10 0.022968683 
216 332 9 12 0.022958715 
813 254 10 12 0.022955468 
218 159 7 9 0.022944635 
910 103 9 11 0.02291834 
535 168 6 8 0.022912897 
912 306 11 15 0.022910004 
196 356 10 13 0.022885153 
246 158 7 9 0.022876654 
560 395 10 13 0.022871006 
757 364 10 13 0.022861851 
58 287 19 23 0.022855014 
942 39 8 10 0.022851711 
654 73 7 9 0.022850398 
772 129 18 23 0.022844056 
230 92 8 11 0.02284327 
666 358 11 14 0.022842037 
175 462 8 11 0.022826979 
57 287 11 15 0.022820314 
951 135 8 11 0.022814944 
391 274 17 22 0.022807386 
423 391 11 13 0.022801435 
622 192 8 10 0.02279793 
825 86 8 10 0.022790495 
747 348 12 14 0.022779632 
904 282 10 13 0.022775196 
246 56 7 10 0.022768151 
456 292 10 13 0.022729248 
689 335 11 14 0.022721386 
110 220 11 14 0.022720668 
135 469 12 15 0.022711871 
617 23 8 10 0.022707088 
399 94 7 10 0.02270694 
706 86 8 11 0.022706453 
742 373 10 14 0.022706453 
190 315 11 13 0.022705665 
577 180 8 10 0.022704517 
951 77 7 10 0.022685878 
944 290 10 11 0.022676328 
992 239 10 12 0.022665842 
485 347 17 22 0.022652403 
16 300 11 13 0.022623105 
887 47 7 8 0.022600727 
630 332 11 14 0.022585979 
247 357 9 12 0.022585886 
234 505 13 16 0.022584759 
448 235 10 13 0.022562034 
758 286 10 12 0.022555705 
290 303 8 11 0.022547994 
865 167 8 11 0.022544064 
173 389 8 12 0.022535875 
871 134 9 12 0.022534437 
337 101 7 9 0.022514183 
892 363 15 17 0.022506012 
288 117 7 10 0.022505729 
0 239 10 14 0.022497255 
37 187 9 11 0.022491612 
93 528 14 19 0.022485942 
679 273 17 22 0.022484228 
208 110 8 10 0.022462545 
607 38 7 9 0.022461075 
81 231 9 12 0.022458246 
786 289 19 23 0.02245555 
822 390 11 14 0.022450747 
991 428 11 15 0.022443678 
728 237 9 12 0.022439286 
1000 334 11 14 0.0224387 
432 44 8 11 0.022424655 
808 254 9 12 0.022419795 
454 208 8 11 0.022390878 
496 335 10 13 0.02238545 
589 208 18 24 0.022370158 
773 287 10 12 0.022362221 
207 272 9 10 0.022347357 
593 40 8 10 0.02233639 
663 187 10 13 0.022329336 
24 199 10 12 0.02232126 
1013 355 11 15 0.022314418 
327 527 11 12 0.022314204 
879 192 8 10 0.022310406 
669 238 8 11 0.022291197 
887 205 8 11 0.022283787 
151 65 8 10 0.022270586 
196 396 13 16 0.022262359 
479 364 10 11 0.02223785 
471 38 7 10 0.022231378 
513 463 14 16 0.022212308 
392 446 14 17 0.022192713 
550 246 10 12 0.022191966 
539 461 12 14 0.022186844 
521 102 8 10 0.022182642 
759 353 12 16 0.022179093 
434 167 7 9 0.02217278 
857 72 8 10 0.022154272 
551 100 7 10 0.022145815 
877 367 13 17 0.022130227 
108 357 10 14 0.02212317 
887 175 9 11 0.022119796 
206 373 10 13 0.022118539 
477 444 12 13 0.022102106 
352 538 10 13 0.022101536 
374 510 12 16 0.02209195 
191 415 10 13 0.022076799 
302 239 8 9 0.022076087 
422 264 11 12 0.022072135 
631 377 18 23 0.022069301 
533 230 8 10 0.022069126 
422 41 7 9 0.022066277 
366 198 8 10 0.02206531 
481 173 8 9 0.022061327 
793 238 9 12 0.022056546 
287 135 7 9 0.022049973 
904 71 7 10 0.022048822 
492 473 11 14 0.022042438 
600 235 11 13 0.022028372 
624 174 8 11 0.022011684 
416 142 8 10 0.021986881 
0 180 9 14 0.02196173 
384 141 8 11 0.021960696 
46 215 7 9 0.021935351 
605 275 10 13 0.021933684 
497 175 7 10 0.021922667 
447 117 8 10 0.02189115 
469 515 13 16 0.021870105 
757 200 8 10 0.021856533 
479 120 7 9 0.021856083 
0 406 7 12 0.021852888 
527 109 9 11 0.021848477 
124 189 9 12 0.021828976 
257 438 12 17 0.021819446 
776 23 9 11 0.021798624 
38 317 13 16 0.021787308 
375 217 7 10 0.021783927 
464 16 7 9 0.021773161 
133 421 10 14 0.02177116 
981 44 8 10 0.02173986 
338 228 8 10 0.021714937 
146 84 9 11 0.021685064 
823 244 9 12 0.021684062 
406 541 12 16 0.021678934 
349 287 10 12 0.021676335 
498 341 11 14 0.021670248 
608 265 8 10 0.021659998 
864 214 20 24 0.021654323 
567 39 8 9 0.021650782 
872 94 9 11 0.021649009 
28 341 12 15 0.021647818 
959 198 9 11 0.021638617 
607 224 8 11 0.021636268 
1015 285 9 13 0.021627693 
585 85 7 9 0.021627298 
227 374 10 13 0.021623202 
989 407 18 24 0.021618236 
263 216 7 9 0.021616723 
31 213 10 12 0.021611834 
380 232 18 23 0.021611301 
502 256 17 22 0.021603523 
769 534 15 19 0.021597259 
958 116 9 11 0.02158908 
632 206 8 10 0.021580912 
445 437 10 13 0.02157832 
438 193 17 23 0.021557948 
883 489 15 19 0.021547059 
565 151 8 11 0.02153781 
464 53 7 11 0.021529458 
769 264 17 22 0.021529231 
313 118 7 10 0.021523515 
224 451 12 14 0.021507826 
298 411 9 14 0.021502437 
542 38 8 9 0.021501373 
809 61 8 11 0.021453483 
952 476 12 16 0.021446852 
711 206 8 10 0.021443684 
246 60 8 11 0.021443354 
735 147 11 14 0.02143185 
919 48 8 9 0.021419689 
407 294 10 12 0.021412982 
534 101 8 10 0.021392563 
1005 151 9 10 0.021390477 
298 540 16 18 0.02138943 
994 300 10 12 0.021368686 
27 300 12 14 0.021365818 
761 24 9 12 0.021337729 
423 54 7 9 0.02131728 
996 610 14 19 0.02131654 
786 110 9 13 0.0213162 
966 54 7 10 0.021313332 
943 159 8 11 0.021307388 
519 110 8 10 0.021295534 
966 167 8 11 0.02129262 
102 46 8 10 0.021291377 
318 341 9 12 0.021278786 
540 519 11 15 0.02127195 
148 382 11 13 0.021246145 
521 301 9 12 0.021239253 
705 225 17 23 0.021217834 
999 133 8 11 0.021210443 
272 387 10 13 0.021188099 
572 484 12 16 0.021185564 
740 311 16 22 0.021183657 
388 232 9 11 0.021175964 
413 199 8 9 0.021175208 
246 249 9 10 0.02117144 
945 165 9 12 0.021162212 
543 118 8 10 0.02114508 
845 160 7 9 0.02114285 
894 72 7 9 0.02113873 
471 274 11 14 0.021125365 
694 96 7 9 0.02112442 
738 338 17 22 0.02111619 
304 502 13 17 0.021115365 
142 268 17 22 0.021101737 
504 30 8 10 0.021089163 
57 131 10 12 0.021079695 
236 279 9 11 0.021044537 
110 230 9 12 0.021038288 
806 262 8 10 0.02103715 
621 29 8 10 0.021035304 
400 261 10 12 0.021034274 
846 172 8 11 0.021031681 
829 277 9 11 0.021020686 
615 158 8 9 0.021019373 
321 168 8 10 0.021005051 
885 199 8 10 0.021000374 
462 167 8 10 0.020995092 
568 216 8 10 0.020978985 
377 329 16 20 0.02097275 
278 238 7 9 0.02096313 
296 101 8 10 0.020961842 
839 127 8 11 0.020955218 
486 253 10 12 0.020935087 
658 350 12 14 0.02093475 
111 56 9 11 0.0209239 
784 127 9 10 0.020922003 
568 274 10 13 0.020914163 
529 118 8 9 0.020885853 
200 190 7 10 0.020881971 
94 203 10 13 0.020873815 
383 173 8 10 0.02087016 
374 310 10 12 0.020869158 
832 196 9 12 0.020867562 
647 341 12 15 0.020866701 
648 95 9 11 0.020860944 
271 159 8 10 0.020859113 
448 282 10 13 0.020845495 
434 283 17 22 0.020833883 
598 96 7 10 0.020828176 
414 127 7 10 0.020822499 
300 376 11 13 0.020816071 
982 95 8 10 0.020791398 
776 103 8 11 0.020786954 
317 191 9 11 0.020785797 
189 381 10 12 0.020780228 
578 244 16 21 0.020769894 
541 489 13 15 0.02076117 
225 344 18 21 0.02076028 
494 110 8 10 0.020753002 
847 22 7 10 0.020749532 
543 262 9 13 0.020736882 
953 41 7 9 0.020729693 
32 104 9 12 0.02072737 
534 502 13 17 0.020723375 
864 104 8 10 0.020711605 
103 350 11 14 0.020708567 
576 22 7 10 0.020707566 
790 37 8 10 0.020704491 
85 252 10 13 0.020701364 
153 15 8 9 0.020699339 
110 347 11 14 0.020698944 
923 231 19 24 0.020697033 
357 126 8 11 0.020696944 
855 344 11 14 0.020692434 
896 37 8 10 0.020690657 
384 134 8 11 0.02068787 
800 322 19 23 0.020686194 
657 179 9 12 0.020681813 
878 55 8 10 0.02067833 
775 30 8 9 0.020673128 
294 88 7 9 0.02067221 
973 224 18 23 0.020669516 
382 152 8 10 0.020666381 
679 166 9 11 0.020661445 
845 301 9 13 0.020657407 
78 255 9 11 0.020654734 
696 68 8 10 0.02065404 
616 191 9 11 0.020650486 
654 206 8 9 0.02065003 
81 448 11 15 0.020643357 
801 140 9 12 0.020634985 
592 71 7 10 0.020631671 
982 39 8 11 0.020603595 
145 165 8 10 0.020602241 
378 94 7 10 0.020593151 
167 108 8 10 0.020555625 
949 339 12 14 0.0205324 
964 241 19 23 0.020531544 
816 71 8 10 0.020528354 
456 404 10 12 0.020522831 
71 79 8 11 0.020512033 
330 415 18 21 0.020500876 
389 254 10 11 0.020498611 
192 158 8 10 0.020482806 
414 223 9 12 0.020478591 
117 331 17 23 0.02046932 
432 332 11 13 0.020437716 
863 188 10 12 0.020435436 
781 13 9 11 0.020434424 
667 267 18 23 0.020433221 
505 127 7 9 0.02042696 
679 226 11 12 0.020403998 
999 385 12 16 0.020403815 
71 207 8 10 0.020402396 
958 65 18 24 0.020387448 
199 142 7 9 0.02037927 
732 429 12 14 0.020376885 
393 64 6 8 0.020358166 
525 593 8 11 0.020354414 
207 199 7 10 0.020353474 
588 166 20 25 0.020332307 
845 182 9 10 0.020326056 
894 5 9 10 0.020323066 
462 183 8 10 0.020316832 
838 288 9 10 0.02031406 
168 199 7 9 0.020299213 
211 453 13 15 0.020285834 
137 406 8 11 0.020276438 
136 148 9 11 0.020266693 
547 222 19 24 0.020265691 
535 23 7 10 0.020261712 
497 14 8 9 0.020258192 
1 258 19 27 0.020254387 
520 236 10 11 0.020254046 
639 55 8 10 0.020216592 
465 196 8 12 0.020214185 
809 594 12 15 0.020212367 
593 48 7 8 0.020196516 
172 229 9 12 0.020194601 
392 55 8 9 0.020182967 
814 273 8 9 0.020182744 
161 142 8 12 0.020172948 
280 181 6 8 0.020170452 
575 102 8 10 0.020170262 
567 348 10 13 0.020150771 
485 261 11 13 0.020148406 
223 524 11 15 0.020145487 
152 5 10 11 0.020142043 
151 140 10 12 0.020141028 
70 130 11 13 0.020139297 
566 340 10 13 0.020135975 
245 119 8 10 0.020128665 
967 341 10 14 0.020120485 
543 23 9 10 0.020118479 
519 182 8 11 0.020116057 
496 312 17 21 0.02011127 
529 342 10 12 0.020104969 
1008 80 8 11 0.020083386 
400 77 8 9 0.020074688 
655 216 17 23 0.020069726 
182 45 9 11 0.020065673 
915 387 21 25 0.020062745 
447 136 8 9 0.020061098 
494 396 10 13 0.020046696 
624 158 7 10 0.020026632 
