2_Demonstration_Political_Rally_2_301
329
645 271 10 12 0.48899776 
521 260 11 14 0.37214392 
255 244 12 15 0.37163737 
687 263 9 12 0.3522795 
624 271 10 12 0.31463766 
469 244 9 11 0.28700557 
545 279 9 12 0.2799079 
487 244 9 11 0.24514334 
432 257 9 12 0.21778952 
568 279 11 12 0.19676435 
344 254 10 12 0.1894137 
329 262 8 10 0.17977518 
607 267 10 12 0.16226952 
390 245 9 12 0.16210236 
410 285 11 13 0.15986164 
362 269 9 12 0.15221633 
424 277 10 12 0.14750247 
553 263 9 11 0.14709698 
523 256 11 12 0.13657291 
411 292 10 13 0.13442533 
470 261 8 11 0.12759848 
629 272 9 11 0.1234642 
653 296 10 13 0.1176355 
334 279 10 13 0.11506468 
663 280 10 12 0.11470104 
677 321 15 18 0.11322176 
616 268 10 12 0.11156309 
311 263 9 11 0.10227537 
463 260 8 12 0.10181436 
382 254 11 12 0.099848 
488 263 9 11 0.099267945 
318 254 9 11 0.0986109 
421 310 8 10 0.096723 
343 245 11 13 0.096395165 
464 284 9 13 0.093651816 
553 326 10 12 0.09244329 
488 269 9 11 0.09178166 
550 269 9 11 0.09101908 
503 270 9 11 0.08996996 
301 253 9 10 0.08927998 
429 270 9 12 0.08851086 
360 264 9 12 0.08829747 
168 278 9 11 0.08751612 
495 269 7 11 0.084672704 
342 240 10 12 0.0829689 
471 310 8 10 0.08259421 
654 277 8 12 0.081362344 
486 318 7 9 0.07981653 
337 240 9 11 0.076754525 
411 268 11 13 0.0757436 
351 238 10 12 0.07555938 
663 261 10 11 0.07506776 
329 279 10 13 0.07447067 
549 283 9 11 0.07398428 
544 272 9 11 0.07341053 
160 271 9 12 0.07246968 
573 271 9 11 0.07204587 
358 255 8 10 0.07177802 
173 286 7 10 0.069826774 
357 232 9 11 0.06976206 
391 285 8 10 0.06919028 
132 294 10 13 0.069175 
640 274 11 14 0.06785778 
695 277 10 13 0.066848494 
48 230 11 13 0.066604875 
510 271 9 11 0.0662709 
21 231 11 15 0.06624669 
520 286 9 11 0.06610185 
591 278 11 13 0.063198276 
501 254 9 11 0.06307464 
173 279 7 9 0.063031144 
392 301 8 10 0.062775 
656 285 8 11 0.062308077 
181 272 8 10 0.059767388 
208 262 7 10 0.059592366 
399 247 10 12 0.05911375 
691 262 10 12 0.05886331 
535 295 8 10 0.058621507 
260 252 11 14 0.058359493 
382 260 10 12 0.057953116 
343 375 12 14 0.057860952 
505 311 8 10 0.057853714 
359 275 12 15 0.057575427 
182 238 8 10 0.057517387 
390 262 9 12 0.05713742 
510 312 9 11 0.056617595 
389 241 9 11 0.055586703 
409 264 10 13 0.054242622 
415 301 8 11 0.05382301 
866 413 26 34 0.053202942 
376 259 10 13 0.05318092 
145 216 9 11 0.053021405 
423 282 10 12 0.05259136 
264 260 10 12 0.05253316 
313 318 8 11 0.052375697 
470 255 8 11 0.052303415 
120 274 10 14 0.0520696 
413 278 11 14 0.05155707 
494 245 10 12 0.051224116 
231 253 8 10 0.050665833 
312 255 9 11 0.05004072 
727 350 9 11 0.050037134 
162 276 9 11 0.049981475 
126 272 9 10 0.049127225 
326 255 8 11 0.048390947 
673 239 8 9 0.04780491 
288 361 10 14 0.047732707 
506 317 8 10 0.047118966 
518 293 9 10 0.047006562 
479 326 8 10 0.04691919 
456 260 10 13 0.046886917 
106 268 10 14 0.04650125 
405 246 9 11 0.045852315 
556 267 10 12 0.04582762 
258 239 13 14 0.045809485 
571 283 10 13 0.04541929 
343 363 11 13 0.045356214 
393 279 8 11 0.045291577 
136 270 8 11 0.045050737 
693 270 11 14 0.044786125 
305 263 9 12 0.044438135 
396 271 9 11 0.044429976 
276 252 11 13 0.044196613 
560 304 9 10 0.044103425 
193 261 9 12 0.043111537 
222 264 7 9 0.042729884 
432 302 9 11 0.042228792 
349 259 10 12 0.041942507 
321 326 7 10 0.041915484 
364 261 12 15 0.041429564 
273 237 10 14 0.041139834 
215 270 8 10 0.040489193 
217 264 8 10 0.040377483 
479 271 10 12 0.039987605 
482 320 7 9 0.039392743 
596 278 12 14 0.03908415 
339 278 11 13 0.038580537 
736 250 10 12 0.038412627 
270 253 13 14 0.038261674 
397 278 9 11 0.038224332 
448 259 10 13 0.038089447 
104 264 9 11 0.038059518 
240 263 9 12 0.038043555 
494 264 9 11 0.037898816 
329 267 9 12 0.037801716 
197 261 9 12 0.03768225 
482 245 9 11 0.03760069 
494 240 9 11 0.037398692 
543 303 7 10 0.037286814 
628 462 9 11 0.037025347 
159 254 8 10 0.036958992 
616 277 9 12 0.03684964 
389 250 11 13 0.036779616 
409 299 10 12 0.0364212 
181 297 9 11 0.036027413 
181 253 8 11 0.03601085 
432 294 8 10 0.035856836 
422 305 8 10 0.035820678 
176 272 8 10 0.035819743 
633 293 8 11 0.035773735 
495 302 9 11 0.0355688 
149 220 7 10 0.035480976 
34 270 8 10 0.035386536 
357 281 11 15 0.035023294 
433 326 8 11 0.03499139 
584 276 9 12 0.03487172 
297 248 10 13 0.034676958 
698 275 11 13 0.034470286 
501 262 11 12 0.03442295 
318 319 8 10 0.034127746 
797 295 13 18 0.033876516 
686 341 9 12 0.033857025 
101 254 8 10 0.03380601 
590 271 10 12 0.033712745 
535 299 8 11 0.03368443 
246 269 9 12 0.03351649 
518 279 10 12 0.033411227 
465 304 8 11 0.03326304 
652 272 9 12 0.033243332 
687 257 9 11 0.03314055 
693 284 11 14 0.0331098 
688 286 11 13 0.03308281 
269 260 11 12 0.032353956 
600 264 10 12 0.032252036 
682 267 10 12 0.03218781 
391 324 7 10 0.032078907 
435 260 10 13 0.03195969 
684 317 12 17 0.031935696 
558 309 10 12 0.03190174 
641 265 10 12 0.03173248 
144 253 9 11 0.030945817 
641 266 18 22 0.030841397 
166 272 9 12 0.030825995 
17 253 8 11 0.030781722 
239 237 9 11 0.030497137 
526 278 10 13 0.030414905 
178 238 8 10 0.030403832 
949 388 18 19 0.030402994 
213 278 9 11 0.030367838 
536 271 10 12 0.030301364 
657 316 11 14 0.030276872 
512 276 9 11 0.030178534 
133 288 9 11 0.030121198 
489 294 8 10 0.030057255 
385 285 8 9 0.029586239 
177 294 8 11 0.02950365 
30 228 11 14 0.029483024 
182 247 8 10 0.029259546 
217 303 8 9 0.029243616 
208 254 8 11 0.02915089 
152 269 8 11 0.029048145 
288 337 8 10 0.02889395 
384 318 9 11 0.028869959 
552 258 9 10 0.028644977 
415 253 10 11 0.028516192 
434 319 8 9 0.028501777 
424 255 10 12 0.02846596 
322 334 8 10 0.028462417 
678 247 8 10 0.028252525 
272 232 9 11 0.028177911 
232 231 9 11 0.028096467 
0 244 9 14 0.028072953 
94 247 9 11 0.028007697 
669 285 8 10 0.027987678 
5 240 9 12 0.027987327 
433 310 9 10 0.027748737 
405 280 19 24 0.027539872 
479 262 10 12 0.027260263 
144 248 9 11 0.027103307 
65 269 11 15 0.02699686 
502 239 8 11 0.026860679 
5 246 9 12 0.026855608 
126 232 9 11 0.026645083 
486 253 10 11 0.026363565 
366 247 9 11 0.026357468 
478 311 9 10 0.02635392 
294 262 11 12 0.026336726 
398 302 7 10 0.026232842 
353 278 10 13 0.02611695 
380 365 12 13 0.026069244 
222 294 8 11 0.026022172 
150 262 8 11 0.025967777 
680 254 8 10 0.025943281 
277 245 10 13 0.025931424 
198 256 8 10 0.025877196 
466 241 9 10 0.025855519 
544 308 8 10 0.025761215 
153 236 8 11 0.025691502 
456 329 8 10 0.025673982 
213 247 9 11 0.025658447 
535 276 11 13 0.02560529 
573 291 10 13 0.02559955 
440 278 8 11 0.025563553 
501 246 9 11 0.025526626 
430 285 8 10 0.02550723 
647 292 20 25 0.02548005 
605 276 12 14 0.025443507 
366 254 11 12 0.025432294 
79 256 7 10 0.025199287 
719 269 9 11 0.025119325 
38 246 11 13 0.024884885 
479 348 9 11 0.02485923 
705 255 8 9 0.024638526 
493 294 8 10 0.024439935 
552 311 9 10 0.024370164 
437 310 8 11 0.024342 
317 259 10 12 0.024297599 
244 262 10 13 0.024130944 
737 238 10 12 0.024010025 
32 264 9 12 0.023985785 
406 240 8 10 0.023948088 
614 283 10 12 0.02393349 
319 248 10 12 0.02391377 
720 263 9 12 0.023874912 
342 270 10 11 0.023792662 
497 308 8 10 0.023647549 
472 268 9 12 0.023603324 
558 285 9 12 0.023428453 
334 270 8 10 0.023420157 
151 232 9 11 0.023330025 
239 246 9 11 0.023296632 
480 285 8 10 0.023249362 
407 311 9 12 0.02308195 
668 279 9 11 0.023020323 
677 239 8 10 0.022782132 
247 254 10 11 0.02265691 
680 286 10 12 0.02265655 
495 287 8 11 0.02264599 
557 257 10 11 0.022643114 
238 254 9 11 0.022370283 
485 274 10 12 0.022319581 
557 318 10 14 0.022226613 
121 252 8 11 0.02219342 
558 277 11 12 0.022143623 
501 302 9 11 0.02199807 
466 309 9 12 0.021952963 
398 262 9 12 0.021950819 
264 278 9 11 0.02182278 
375 277 9 13 0.02179426 
647 283 10 13 0.021646086 
739 244 12 15 0.021641247 
750 245 11 13 0.02162752 
328 291 9 12 0.021567635 
30 222 11 13 0.02153811 
536 285 10 11 0.021442333 
201 238 8 11 0.021432724 
134 264 9 11 0.021220438 
518 310 12 14 0.021151954 
286 207 7 9 0.02110282 
20 243 11 14 0.021040617 
269 286 8 11 0.021013811 
472 317 8 9 0.020922111 
199 287 7 9 0.020919131 
631 284 10 13 0.020875959 
513 294 8 10 0.020866416 
310 212 9 10 0.020843767 
486 313 8 10 0.020821301 
674 245 8 10 0.020812485 
311 247 9 11 0.02075801 
120 213 12 14 0.020603396 
512 326 7 10 0.020455137 
122 231 8 11 0.0203704 
735 340 9 12 0.020361485 
400 285 9 12 0.020332538 
437 326 8 10 0.02032094 
226 254 7 9 0.020213855 
176 261 9 11 0.020206459 
358 310 8 10 0.02010156 
142 271 8 12 0.02009752 
