2_Demonstration_Demonstration_Or_Protest_2_600
628
150 308 35 41 0.9991222 
46 238 73 91 0.9963966 
891 280 46 75 0.9931124 
868 223 25 29 0.98428476 
479 301 27 32 0.9775334 
678 351 32 45 0.97074395 
221 389 36 50 0.96460044 
817 304 33 50 0.94818705 
833 117 11 15 0.92184144 
379 148 17 19 0.92151874 
946 402 36 49 0.9155912 
852 138 13 19 0.9010558 
637 149 19 23 0.8853834 
254 109 11 14 0.8746918 
733 151 11 14 0.85985607 
285 149 13 15 0.8178739 
124 111 12 16 0.75179183 
958 124 13 16 0.75026715 
660 120 10 13 0.74393725 
598 109 10 13 0.7267444 
55 151 19 22 0.7173148 
951 269 29 35 0.71199536 
732 110 11 14 0.6994133 
435 107 11 14 0.67904973 
190 144 19 22 0.67656314 
240 164 14 17 0.675781 
77 102 12 15 0.6718245 
687 103 11 13 0.6500238 
458 429 108 113 0.64621943 
703 129 11 14 0.62954855 
111 35 10 12 0.62415946 
24 104 14 18 0.6084154 
227 102 11 14 0.60411537 
540 112 10 13 0.5788367 
0 156 11 17 0.57608783 
507 146 15 19 0.56116945 
500 108 11 14 0.54242766 
899 125 10 14 0.52871156 
341 312 23 27 0.51022804 
941 147 13 17 0.50822765 
564 126 12 15 0.5019889 
799 150 11 14 0.49997976 
84 46 11 13 0.4704056 
30 152 17 21 0.46894705 
615 95 12 13 0.44890746 
400 106 13 15 0.41880265 
372 110 11 14 0.40452862 
152 55 8 10 0.40243784 
541 216 12 14 0.40227443 
918 147 13 16 0.39693204 
310 105 14 16 0.36943346 
709 157 10 12 0.36895895 
397 183 14 16 0.36021402 
773 119 10 12 0.34204143 
196 279 23 27 0.32545155 
78 170 15 18 0.3239308 
793 117 11 13 0.3150299 
479 108 11 12 0.3024142 
301 222 15 17 0.30174106 
267 229 18 22 0.30035633 
792 111 10 12 0.29519954 
221 48 9 12 0.2845104 
407 125 12 15 0.27935302 
848 135 12 17 0.26211256 
756 179 11 13 0.25638658 
759 118 10 12 0.25552863 
635 111 8 9 0.2500004 
5 31 10 13 0.24729212 
241 56 9 11 0.24350621 
819 112 8 11 0.24047099 
69 47 8 10 0.23748037 
462 128 12 16 0.23632216 
273 59 10 12 0.23552495 
102 156 12 16 0.2225959 
168 101 12 16 0.22065069 
182 120 11 14 0.20196503 
505 191 10 14 0.20012607 
30 46 8 11 0.19819145 
545 167 10 14 0.19619629 
827 137 13 15 0.18953915 
741 190 12 14 0.18867733 
919 113 9 11 0.18749386 
965 265 22 27 0.18732896 
139 147 15 19 0.18442486 
433 104 10 12 0.1803691 
406 118 11 13 0.17436874 
729 153 12 15 0.17351067 
911 112 9 11 0.17016356 
639 358 24 37 0.16995652 
433 171 10 13 0.16869214 
629 122 11 15 0.16809964 
798 142 12 15 0.163339 
604 110 9 13 0.15626985 
288 155 15 17 0.15551074 
848 112 9 10 0.15225148 
925 165 14 19 0.15052094 
753 117 9 11 0.1469659 
725 142 9 12 0.14505507 
999 86 11 14 0.13945171 
637 118 9 11 0.13484238 
886 148 13 16 0.1325664 
432 87 9 12 0.13254446 
813 125 9 12 0.1319327 
884 111 9 11 0.13175808 
620 98 9 12 0.13039647 
221 125 12 16 0.1289644 
696 172 11 12 0.12714028 
539 189 11 13 0.12652381 
740 151 10 13 0.12395883 
984 142 8 11 0.12335907 
774 188 9 12 0.12111844 
762 198 9 13 0.117304064 
262 187 11 14 0.1165347 
148 167 18 22 0.11591309 
850 290 46 65 0.11372321 
637 144 13 16 0.11352902 
240 75 9 12 0.111429304 
430 154 12 14 0.11130834 
988 387 32 40 0.1110789 
339 102 11 14 0.10999542 
511 317 17 19 0.10991279 
562 109 9 12 0.10971459 
764 203 10 12 0.10956567 
709 109 8 11 0.10943152 
133 151 15 19 0.1078782 
215 125 12 15 0.10717686 
767 118 10 12 0.10715905 
664 364 38 44 0.10554936 
561 118 10 13 0.10534007 
156 127 15 18 0.1052679 
954 265 20 23 0.104661725 
672 166 8 11 0.10375936 
470 159 10 13 0.103452794 
512 133 10 12 0.103067085 
28 142 15 18 0.10254134 
895 128 11 15 0.100763544 
887 141 12 13 0.09963131 
390 119 9 12 0.09807037 
467 125 11 14 0.09741694 
897 269 31 51 0.097072 
537 183 9 12 0.09666998 
912 387 33 36 0.09634352 
1006 117 10 16 0.09505287 
889 134 10 13 0.094397835 
632 118 11 15 0.09392426 
422 119 10 12 0.093132876 
695 168 9 12 0.092954084 
913 135 12 14 0.09201721 
795 303 42 55 0.09177371 
537 66 10 13 0.09151505 
181 442 105 101 0.09094066 
497 105 11 12 0.090393215 
976 116 9 12 0.08961784 
454 113 9 11 0.08898863 
423 184 12 14 0.088856556 
813 133 9 12 0.08867111 
137 172 24 26 0.087114476 
582 111 8 10 0.08630023 
423 141 10 12 0.08597053 
823 116 10 13 0.083409384 
21 145 17 22 0.082747094 
915 136 19 24 0.08216221 
814 151 10 12 0.08176129 
766 158 8 11 0.08098258 
57 61 8 9 0.08058461 
110 128 10 13 0.07982854 
928 111 9 12 0.07877419 
631 624 31 32 0.07863879 
786 308 27 43 0.07836818 
609 158 11 13 0.0777147 
932 108 10 12 0.077676326 
304 108 12 14 0.07728359 
721 150 9 12 0.0771405 
232 63 8 10 0.07696888 
132 141 14 19 0.07696062 
881 115 9 11 0.076810576 
856 143 16 19 0.075959586 
303 129 11 15 0.075721934 
758 167 11 12 0.074403726 
962 329 28 44 0.07439571 
946 141 12 17 0.07397699 
904 148 9 12 0.07361822 
436 167 12 14 0.07317252 
834 180 11 14 0.072340705 
831 289 40 62 0.072234884 
816 115 10 13 0.072091155 
316 125 15 18 0.071913294 
680 199 12 15 0.071704365 
803 153 12 15 0.07126181 
127 147 13 17 0.07104202 
63 142 12 15 0.07050073 
464 110 9 12 0.07043566 
480 165 10 13 0.07005076 
469 118 9 11 0.06981434 
717 190 11 13 0.06974792 
970 226 20 22 0.069193415 
679 108 10 11 0.06899633 
983 119 8 11 0.068793274 
980 307 33 38 0.06822122 
153 127 11 14 0.066831715 
986 124 9 13 0.06670505 
907 111 8 11 0.06547995 
963 130 11 14 0.065021195 
477 159 11 13 0.06476831 
940 350 25 30 0.0646211 
829 154 11 15 0.06449757 
463 176 10 12 0.06319426 
86 41 9 12 0.06317361 
83 106 10 13 0.06300188 
783 111 9 10 0.062988535 
759 113 9 12 0.06199518 
987 131 11 15 0.061990876 
815 179 12 14 0.061641738 
1013 117 9 15 0.06158551 
549 132 10 13 0.061008677 
655 134 9 12 0.060590703 
750 150 9 11 0.060281176 
418 325 16 20 0.05996281 
589 133 10 13 0.059780154 
901 118 11 14 0.059565075 
935 142 12 15 0.0590317 
929 168 16 20 0.058972757 
564 104 9 11 0.058812097 
922 156 13 17 0.058687706 
515 339 16 20 0.058179364 
107 36 10 12 0.058128983 
61 61 8 9 0.058073893 
334 95 10 12 0.058066513 
424 168 9 12 0.057353858 
661 142 10 14 0.057220463 
983 400 26 38 0.05707614 
833 102 9 11 0.056955393 
324 226 14 16 0.056383424 
345 156 16 19 0.056079343 
656 140 11 14 0.055753693 
136 185 25 28 0.05468625 
950 340 25 37 0.054560028 
261 127 11 14 0.05446269 
232 68 8 12 0.054377604 
510 181 9 12 0.05432628 
647 131 11 13 0.054140147 
13 126 10 13 0.05413835 
839 157 12 15 0.05409088 
844 156 11 15 0.05373956 
114 30 11 14 0.052763116 
432 80 8 10 0.052615687 
594 106 8 11 0.052571792 
868 255 17 23 0.052516334 
480 171 11 13 0.05223959 
823 155 11 14 0.052207068 
246 72 9 11 0.051828366 
127 131 13 16 0.05163652 
519 139 11 14 0.051461115 
471 111 8 12 0.051252794 
795 122 10 13 0.050773714 
435 93 10 12 0.050512157 
437 112 11 14 0.05043817 
222 120 10 12 0.04973021 
830 148 12 15 0.049722165 
767 188 12 15 0.049496308 
994 86 9 13 0.049304344 
704 120 10 13 0.04881702 
632 104 9 11 0.04870789 
975 142 10 12 0.048501275 
414 119 9 13 0.048459005 
630 164 12 16 0.048009947 
972 221 15 17 0.047982775 
767 182 11 14 0.04764521 
769 151 8 10 0.04760162 
590 127 9 12 0.04696009 
464 157 12 15 0.046947163 
405 224 12 16 0.046657313 
535 193 13 16 0.04660952 
224 59 9 12 0.046201874 
865 235 28 37 0.046171304 
968 314 33 48 0.046064675 
0 155 18 26 0.0459071 
85 97 10 12 0.045862716 
138 386 44 44 0.045750003 
96 133 10 13 0.045652967 
242 218 21 25 0.045629717 
912 147 11 15 0.045406543 
752 272 18 20 0.045353927 
227 128 13 16 0.0452579 
765 165 9 11 0.04523985 
838 134 10 13 0.045173895 
180 402 51 56 0.04505316 
662 130 10 13 0.04504659 
637 122 11 14 0.04501151 
372 124 13 16 0.04495606 
430 62 8 9 0.04469781 
943 133 13 14 0.044540986 
687 126 9 12 0.0444302 
252 137 14 18 0.044292796 
242 30 8 12 0.04404824 
608 99 9 12 0.0436932 
127 176 40 47 0.043645684 
425 148 11 13 0.042887717 
966 141 11 14 0.04257009 
232 163 12 18 0.042449802 
360 181 11 14 0.0421359 
151 48 10 13 0.041848406 
626 121 9 12 0.041712448 
688 130 11 15 0.041255504 
257 184 12 17 0.04123249 
610 95 10 13 0.041107707 
749 188 10 13 0.040943664 
211 189 13 16 0.04067345 
935 154 12 15 0.04058779 
375 105 9 12 0.040338174 
776 112 9 11 0.040309582 
329 172 15 18 0.04025499 
622 147 12 14 0.040254444 
448 109 9 12 0.040086754 
62 156 20 27 0.039839543 
837 101 8 11 0.039524104 
301 182 13 16 0.03950616 
691 106 10 13 0.03950545 
759 312 39 55 0.03942363 
138 161 23 25 0.039182853 
538 216 22 25 0.039119102 
599 130 9 13 0.03911845 
681 119 9 11 0.038897194 
500 374 31 41 0.038837135 
70 162 20 27 0.038631782 
785 134 8 11 0.038606677 
588 137 12 16 0.038486164 
836 112 10 13 0.038352042 
8 147 22 28 0.038352024 
705 151 11 13 0.038322043 
973 134 11 12 0.03817426 
759 190 9 13 0.03810496 
356 110 10 11 0.03804695 
134 178 14 18 0.037799496 
792 216 10 11 0.037490074 
127 263 28 33 0.03741274 
163 131 13 16 0.037275646 
853 111 9 11 0.036816865 
185 64 7 10 0.036528405 
933 102 9 13 0.0364761 
106 162 14 17 0.03641012 
70 51 9 11 0.036379892 
405 96 9 11 0.036050458 
1 193 11 18 0.03597363 
989 118 11 13 0.03597262 
380 156 15 20 0.035933055 
96 127 9 13 0.03592866 
767 172 10 13 0.035910033 
823 150 10 13 0.03571941 
855 117 9 11 0.03560072 
710 178 12 15 0.035564642 
325 232 18 21 0.035465956 
190 65 8 10 0.03540293 
291 168 13 16 0.035193928 
126 163 13 17 0.03503685 
23 96 11 15 0.034973837 
773 150 9 11 0.034673635 
297 94 8 10 0.03457049 
695 179 14 18 0.034495324 
127 170 13 17 0.034267347 
301 95 9 11 0.034204617 
962 398 31 45 0.034201007 
512 128 9 11 0.034191463 
483 167 13 14 0.034123234 
800 165 10 13 0.034051064 
243 172 15 22 0.033921912 
45 152 18 25 0.033904303 
855 126 12 14 0.03384734 
188 414 68 71 0.033724308 
69 135 11 14 0.03366458 
185 69 8 11 0.03365751 
871 116 9 11 0.03350519 
51 157 23 32 0.033484887 
814 141 9 12 0.033406675 
399 113 13 16 0.033394463 
277 176 14 18 0.033373624 
736 95 9 11 0.03326495 
863 118 8 11 0.03304538 
205 402 40 43 0.033036184 
877 174 16 23 0.033025518 
414 147 9 13 0.033000324 
65 146 15 20 0.032967806 
425 426 45 63 0.032909054 
144 48 8 11 0.03290712 
708 118 10 13 0.032840755 
448 78 8 10 0.032564633 
835 149 12 15 0.03246948 
1002 313 16 23 0.032396413 
656 114 9 11 0.032354422 
73 95 10 12 0.032313216 
944 261 24 32 0.032123692 
485 103 10 12 0.03207732 
62 55 9 10 0.031887487 
129 453 68 73 0.03183649 
432 103 17 21 0.031826545 
501 422 131 125 0.0317199 
325 115 12 15 0.031714614 
411 130 11 15 0.031702913 
137 48 9 10 0.031667612 
598 180 11 13 0.03152138 
791 220 12 14 0.03139845 
413 103 8 11 0.0312769 
972 122 11 14 0.031090364 
416 172 10 12 0.031016465 
695 129 12 17 0.031002924 
189 69 8 11 0.030905502 
1005 92 9 11 0.030845651 
126 153 13 18 0.030761158 
896 122 11 13 0.030530619 
949 131 12 14 0.030514082 
535 158 10 12 0.030505318 
975 158 10 12 0.03048575 
969 147 10 13 0.030419655 
851 218 30 34 0.03035423 
215 120 11 13 0.030335078 
455 77 9 11 0.03031535 
170 138 13 16 0.030311717 
425 86 10 13 0.0302475 
867 147 13 17 0.030154845 
933 138 19 24 0.030066961 
246 36 9 11 0.02994937 
33 191 22 27 0.029867152 
258 114 11 14 0.02983222 
506 326 24 26 0.029799476 
144 61 10 12 0.029768825 
782 117 9 12 0.029711166 
793 142 9 12 0.029697085 
263 21 9 11 0.02965776 
705 104 10 13 0.029527402 
537 107 17 21 0.02951871 
921 414 31 37 0.029322665 
157 61 9 10 0.02921132 
72 86 9 11 0.029210607 
34 161 20 29 0.029148564 
315 197 11 14 0.02912601 
315 114 15 19 0.029052518 
766 113 9 10 0.02897152 
391 319 12 17 0.02890159 
525 172 10 12 0.028782185 
971 268 26 34 0.028737886 
453 163 10 13 0.02856418 
14 98 13 18 0.028358372 
231 55 8 10 0.028353352 
112 109 9 13 0.028316986 
710 161 11 14 0.028311271 
909 173 11 16 0.028078614 
414 140 10 14 0.027958196 
438 78 8 11 0.02790765 
463 79 8 10 0.027842551 
638 629 16 19 0.027833452 
147 154 15 19 0.027794236 
309 127 15 18 0.027748832 
236 119 11 13 0.027722064 
672 78 9 12 0.027660578 
666 125 10 13 0.027584424 
927 175 13 18 0.02744679 
230 48 8 10 0.0274459 
96 38 9 10 0.027407583 
593 114 10 13 0.027301786 
116 169 14 19 0.027230956 
1015 109 10 15 0.02721892 
735 315 42 55 0.02711138 
517 68 11 12 0.027095202 
707 138 13 16 0.027086468 
811 253 13 14 0.027055826 
632 147 13 19 0.027046608 
462 85 9 11 0.027001925 
172 95 11 15 0.026799262 
872 111 9 11 0.026773803 
381 110 9 12 0.026698923 
434 157 12 15 0.02668268 
406 138 13 16 0.026669903 
277 162 15 18 0.026595742 
804 166 12 14 0.026583288 
112 239 46 59 0.026440343 
932 149 22 25 0.026364742 
664 166 11 15 0.026245855 
966 180 10 13 0.026210561 
69 41 10 13 0.02612846 
592 179 12 13 0.026053317 
31 50 8 11 0.025928052 
209 276 17 24 0.025698729 
429 180 10 14 0.025553474 
217 40 8 11 0.025402877 
270 164 12 16 0.025400026 
0 308 20 45 0.025397312 
176 116 12 16 0.02537242 
983 146 9 12 0.025328374 
661 113 9 11 0.025304602 
25 40 9 12 0.025279291 
17 93 19 27 0.02523034 
651 352 40 49 0.025149796 
243 60 9 11 0.025115333 
990 308 16 19 0.025079597 
959 136 13 17 0.025074065 
861 124 11 14 0.025035646 
984 125 18 25 0.02496656 
674 108 9 11 0.02492895 
805 141 10 12 0.024846902 
131 161 16 20 0.024833642 
794 149 10 13 0.024657456 
910 125 11 13 0.02461745 
608 152 10 11 0.024614025 
677 85 8 11 0.024446243 
929 94 8 10 0.02442351 
145 54 9 11 0.024362527 
156 47 11 13 0.024310367 
422 135 10 12 0.024309117 
1006 226 14 22 0.024305793 
221 177 14 20 0.024129933 
780 188 9 13 0.024121318 
502 144 14 17 0.024070317 
772 173 10 12 0.02401362 
1005 79 9 11 0.023984633 
265 55 8 11 0.023933833 
858 133 14 18 0.02391194 
980 260 15 18 0.023781596 
175 55 8 10 0.023717918 
496 103 18 22 0.023717688 
383 116 10 13 0.023700546 
234 125 12 15 0.023644341 
106 28 20 25 0.023600603 
71 126 11 14 0.02359759 
359 173 12 15 0.023586327 
118 163 12 16 0.023579048 
789 134 9 12 0.023524519 
518 174 12 13 0.023404835 
937 163 15 18 0.02335637 
792 105 10 12 0.023247998 
819 172 12 16 0.02315119 
293 276 111 125 0.023114441 
504 55 9 11 0.02311373 
81 50 10 12 0.02310817 
103 131 11 15 0.023062218 
130 115 13 15 0.023046013 
967 174 10 14 0.022889344 
456 86 9 11 0.022885341 
36 174 15 21 0.022815974 
357 118 10 12 0.02281219 
726 137 10 12 0.022804337 
446 164 10 13 0.022798268 
774 167 9 11 0.022729607 
177 118 19 22 0.022617528 
131 167 21 25 0.022583764 
964 119 11 14 0.02258333 
232 374 44 65 0.022512715 
317 79 9 12 0.02250302 
269 54 19 23 0.022495974 
6 25 9 12 0.02247121 
643 143 12 15 0.022344476 
495 311 27 31 0.022325827 
351 102 10 13 0.02216798 
296 131 11 15 0.022118941 
969 290 36 48 0.022111375 
264 79 9 11 0.022105774 
573 157 10 12 0.022072082 
205 156 11 15 0.02198469 
996 314 26 36 0.021916946 
614 150 10 13 0.02189705 
824 105 8 11 0.02188293 
284 168 14 18 0.021874182 
595 104 17 23 0.021790164 
252 165 10 14 0.021759113 
640 132 11 15 0.021755714 
13 118 11 14 0.021741046 
79 69 11 14 0.0217331 
712 186 12 15 0.021710189 
395 189 17 20 0.021703735 
699 185 12 17 0.021688454 
677 79 8 11 0.021663917 
183 130 12 16 0.021657987 
1005 268 12 16 0.021571606 
973 261 15 20 0.021526268 
93 157 20 25 0.021509523 
0 184 19 30 0.02148237 
148 47 20 25 0.021468833 
813 166 11 15 0.02145804 
205 187 22 27 0.021455877 
585 127 9 11 0.021440594 
622 154 11 15 0.021423128 
585 165 9 11 0.021376785 
224 95 12 15 0.021335624 
947 152 15 16 0.021318713 
891 152 12 15 0.021305291 
215 68 8 11 0.02126134 
496 141 9 14 0.021245586 
752 169 17 22 0.021221776 
728 411 124 140 0.02117445 
119 102 11 15 0.02116993 
870 124 10 12 0.021120062 
637 104 9 11 0.02108624 
956 163 13 17 0.021074815 
785 140 9 11 0.021045627 
878 153 12 15 0.021032829 
768 113 19 23 0.020997936 
260 136 15 20 0.020952022 
568 159 9 12 0.02090553 
799 136 10 12 0.020894924 
352 118 10 12 0.020889092 
400 125 12 15 0.02085626 
999 120 15 19 0.020833481 
134 26 12 14 0.020826582 
423 78 9 11 0.020810014 
38 130 12 16 0.020802872 
105 44 9 11 0.020790128 
833 97 9 11 0.02073883 
613 91 18 22 0.020718899 
1000 80 11 14 0.020687625 
263 176 19 25 0.020677289 
565 134 12 17 0.020654365 
583 139 11 15 0.020650549 
446 70 9 10 0.020574348 
210 177 15 19 0.020515148 
838 96 9 11 0.020508248 
505 59 10 12 0.020501135 
673 103 9 11 0.02048007 
172 172 12 15 0.02044335 
547 190 12 14 0.020435356 
221 41 9 11 0.02042084 
240 49 8 10 0.020388244 
255 125 10 13 0.0203772 
589 160 10 12 0.020303594 
508 351 27 33 0.020115444 
97 30 8 10 0.020111652 
63 15 8 10 0.020080611 
463 103 9 12 0.020055331 
696 158 9 12 0.020052608 
702 165 10 13 0.020034948 
