2_Demonstration_Political_Rally_2_365
144
720 103 252 367 0.999271 
462 296 72 100 0.99390596 
385 398 17 22 0.9454196 
213 340 74 90 0.9376959 
403 394 13 17 0.730324 
374 380 10 13 0.67996895 
325 415 13 15 0.59926736 
303 369 13 17 0.58139896 
309 437 15 18 0.5426422 
350 405 11 14 0.4035635 
363 395 10 14 0.3864747 
425 367 10 13 0.37039852 
-5 374 126 258 0.35410866 
350 341 10 13 0.30297816 
360 391 11 13 0.24682668 
333 348 9 12 0.23600961 
379 359 8 11 0.21075223 
344 398 11 12 0.1892114 
300 173 28 35 0.17425707 
394 360 7 9 0.15749505 
49 294 37 56 0.14899859 
333 374 9 11 0.13698316 
373 427 11 14 0.12857674 
396 393 17 23 0.12641536 
352 367 9 11 0.120903604 
358 383 10 12 0.118935615 
291 397 10 13 0.11103667 
344 421 9 12 0.10429912 
378 363 10 12 0.1029174 
350 336 9 12 0.09923797 
304 165 45 51 0.09840436 
415 373 10 12 0.085372895 
404 130 25 39 0.082865626 
370 344 8 10 0.07151979 
355 411 11 15 0.07120897 
-12 405 266 280 0.06869375 
399 359 7 10 0.06545178 
389 391 13 15 0.06431506 
354 381 10 12 0.062456988 
343 393 11 12 0.06106906 
342 359 8 11 0.05922152 
431 357 9 12 0.05849942 
318 432 22 28 0.056692656 
408 334 8 9 0.054798074 
416 360 8 9 0.052844144 
369 349 8 10 0.052405003 
368 429 12 15 0.05206134 
336 358 9 11 0.051770017 
117 336 13 17 0.050920025 
429 376 13 18 0.05075896 
352 428 10 12 0.049244948 
353 327 8 10 0.04791397 
330 342 9 13 0.047766726 
408 328 8 9 0.046842016 
385 332 7 10 0.045648865 
240 324 49 73 0.044240966 
320 236 11 13 0.04413679 
281 592 54 60 0.043836493 
399 326 6 9 0.043686625 
309 381 11 13 0.04366069 
315 431 13 16 0.043091398 
381 374 9 12 0.043068077 
351 391 9 12 0.039931007 
344 413 11 14 0.039868016 
445 222 9 12 0.038446877 
327 391 9 11 0.038392168 
357 366 9 11 0.038224876 
391 333 8 10 0.038133036 
375 328 8 10 0.038128193 
393 328 8 10 0.037958734 
344 365 9 11 0.036643114 
432 353 10 11 0.036390644 
369 328 8 10 0.035671774 
356 402 12 16 0.0350402 
417 367 8 11 0.034868933 
391 384 10 13 0.03465431 
334 379 9 12 0.034606162 
359 328 8 11 0.03418159 
310 387 11 14 0.03414771 
405 351 8 10 0.034026325 
300 427 12 17 0.03398659 
353 321 7 9 0.033824645 
378 381 11 13 0.033733726 
374 350 8 10 0.03342742 
335 366 9 11 0.033415344 
356 155 21 30 0.033113565 
383 351 7 9 0.032671977 
344 349 9 12 0.032362904 
301 422 10 12 0.03232641 
300 188 17 22 0.031854454 
348 420 11 14 0.03152035 
408 365 8 10 0.030754054 
367 368 9 10 0.030718457 
356 436 13 17 0.029969716 
415 379 11 14 0.029493893 
445 212 9 12 0.028728245 
303 361 9 11 0.02830858 
364 401 11 14 0.02824091 
392 352 8 10 0.028118253 
350 360 11 13 0.02762134 
311 420 11 13 0.02752644 
352 441 15 20 0.027416982 
167 338 49 66 0.027206497 
609 175 27 33 0.026910847 
370 375 10 12 0.026848406 
401 343 7 10 0.026761096 
414 390 11 14 0.026648683 
369 357 8 10 0.026565041 
357 429 10 14 0.026131218 
382 389 12 15 0.025821531 
401 352 8 10 0.025491502 
55 51 67 62 0.025283493 
370 375 18 23 0.025276603 
323 218 13 15 0.025194095 
358 391 18 22 0.025137514 
450 347 10 15 0.025081918 
331 418 11 14 0.025035173 
327 396 10 12 0.024724185 
399 364 8 9 0.024428897 
415 344 8 9 0.023936193 
422 176 44 57 0.02377912 
319 407 11 14 0.02372977 
433 157 88 115 0.023579558 
311 404 10 13 0.023568192 
345 393 17 22 0.022949083 
422 362 18 23 0.022883782 
406 359 8 11 0.022672966 
335 406 10 14 0.02258386 
57 21 402 481 0.02238542 
304 159 30 35 0.022347154 
317 388 9 11 0.022314193 
356 374 10 12 0.022241583 
334 336 7 10 0.02192621 
385 125 39 54 0.021768536 
422 345 7 9 0.021291902 
418 146 12 17 0.021278458 
423 361 9 11 0.021236923 
302 416 9 11 0.020913169 
317 383 8 12 0.020724183 
412 334 8 10 0.020720271 
436 373 12 14 0.020461893 
303 395 10 14 0.020360537 
462 188 11 16 0.020048581 
537 349 13 17 0.020000441 
