2_Demonstration_Political_Rally_2_204
394
765 386 12 15 0.960429 
222 430 14 16 0.881749 
405 390 10 13 0.85678375 
341 396 9 13 0.7878074 
57 407 9 13 0.70521045 
497 398 10 13 0.6847027 
136 434 10 12 0.6067143 
384 394 10 14 0.6021731 
204 420 10 13 0.59199023 
578 391 9 12 0.4636523 
749 404 10 12 0.45203838 
644 374 10 13 0.4365231 
800 390 9 11 0.41267398 
464 391 10 13 0.3997598 
839 391 9 12 0.37973237 
278 402 10 12 0.32038194 
673 391 8 10 0.29822078 
924 391 7 9 0.28978726 
526 400 10 13 0.28503662 
320 392 11 14 0.27551815 
101 422 8 11 0.25971255 
861 388 9 12 0.25508535 
640 379 11 12 0.21676819 
481 390 10 12 0.19897494 
22 404 10 13 0.19637245 
977 412 8 11 0.17892036 
870 375 8 9 0.17747046 
119 430 9 11 0.17111121 
866 406 8 11 0.16810137 
1000 388 9 11 0.15767111 
663 391 7 10 0.15705246 
782 389 10 13 0.1562503 
425 391 9 12 0.15344726 
248 423 9 10 0.15218686 
700 379 9 12 0.1487125 
821 415 9 11 0.1418271 
223 425 11 12 0.13851711 
745 399 10 14 0.13623653 
565 405 9 11 0.13419637 
429 386 11 14 0.13174583 
727 407 10 12 0.13163948 
689 412 8 11 0.13125873 
487 398 9 12 0.12916267 
150 429 9 11 0.12900446 
903 389 9 10 0.12802708 
807 397 8 10 0.12664875 
418 299 25 29 0.1245381 
96 431 8 10 0.12435396 
169 431 9 12 0.119153194 
140 430 10 13 0.11734273 
113 422 8 10 0.115336 
693 414 8 10 0.112865016 
284 403 11 13 0.11177717 
896 382 7 9 0.11106122 
622 399 9 12 0.10969683 
615 76 11 16 0.10969503 
191 429 9 10 0.10312294 
254 423 8 9 0.102734245 
551 385 8 10 0.102044985 
849 368 8 9 0.100419834 
89 431 8 11 0.09968185 
616 396 9 11 0.09711761 
274 399 9 13 0.09583536 
550 399 9 12 0.094228655 
116 424 9 10 0.094139166 
566 399 8 11 0.08887665 
204 428 11 13 0.088313445 
40 423 8 10 0.087615535 
401 393 12 16 0.08630904 
388 391 9 13 0.08617323 
981 408 9 11 0.085415326 
800 395 9 12 0.08474848 
805 392 9 11 0.08395289 
872 383 9 11 0.08359494 
711 416 8 10 0.081993856 
446 398 9 11 0.07953964 
468 395 9 12 0.07790299 
878 390 9 11 0.0764133 
843 388 11 12 0.07371688 
904 385 7 9 0.0727622 
567 383 8 10 0.07273538 
101 428 8 11 0.07261504 
704 421 10 11 0.07119446 
645 369 10 11 0.07066196 
1004 385 9 11 0.06987663 
400 366 11 14 0.0693206 
160 423 9 12 0.06907227 
771 384 11 14 0.068087034 
545 398 8 10 0.06642628 
822 421 9 11 0.065748565 
824 405 8 10 0.065390505 
936 438 9 11 0.064572655 
248 429 9 10 0.06447016 
848 373 9 11 0.06346589 
840 384 9 12 0.06319763 
521 399 9 11 0.0628131 
129 422 8 11 0.06239914 
938 385 7 9 0.06167481 
411 288 26 31 0.061009414 
176 403 10 12 0.060235474 
663 381 9 11 0.059564292 
313 396 9 14 0.058666762 
726 399 9 11 0.057066213 
294 405 10 12 0.056043807 
191 423 9 11 0.056023635 
622 390 10 12 0.055682868 
694 420 9 12 0.055205204 
376 395 11 15 0.055185366 
613 89 13 17 0.054934442 
241 421 10 12 0.054457027 
130 415 9 10 0.054210376 
942 384 8 9 0.05344237 
576 385 8 10 0.052854072 
482 395 10 13 0.052621946 
207 437 9 11 0.05232571 
114 429 9 11 0.052122593 
302 414 9 13 0.05207491 
734 415 9 10 0.05174928 
815 391 9 11 0.051480807 
411 389 10 13 0.050906513 
111 438 9 10 0.049725883 
417 373 9 12 0.04954429 
638 388 12 13 0.048369884 
897 378 7 9 0.04796581 
501 392 10 14 0.047841262 
134 424 10 11 0.04781462 
294 396 11 16 0.047388688 
592 383 8 10 0.047010817 
172 434 10 12 0.046731874 
532 397 11 13 0.046485223 
561 400 9 11 0.045795266 
455 388 11 14 0.0456207 
501 402 10 12 0.045332782 
336 392 18 22 0.044959955 
658 391 8 11 0.044924665 
876 384 9 10 0.044922624 
306 467 10 13 0.044905238 
583 386 8 10 0.04449822 
437 289 14 19 0.044223633 
404 369 12 15 0.04415294 
127 430 9 12 0.04396558 
704 416 9 10 0.04360153 
567 94 11 14 0.04358705 
415 367 9 11 0.04344115 
769 413 9 11 0.043394346 
736 421 8 11 0.04276674 
247 417 9 11 0.04261365 
830 414 9 11 0.042096786 
791 389 8 12 0.042067163 
910 383 8 10 0.042051002 
832 397 9 11 0.04197518 
710 420 8 11 0.041703954 
407 360 10 11 0.04167492 
887 392 9 11 0.041626252 
16 410 12 14 0.04132816 
102 417 9 11 0.04127095 
895 389 9 11 0.041110653 
413 290 15 17 0.040863723 
143 425 9 11 0.040505603 
581 405 11 12 0.040434904 
590 388 10 13 0.04038641 
879 396 9 11 0.040289704 
945 399 8 9 0.04014893 
534 389 10 13 0.04014171 
992 423 9 12 0.040003456 
181 400 9 11 0.039855286 
134 382 9 12 0.03962657 
534 382 10 11 0.039580602 
223 416 8 10 0.03954901 
912 376 8 9 0.03951387 
428 292 13 16 0.039483316 
926 385 7 9 0.039396178 
639 396 9 11 0.039022163 
662 396 9 10 0.039008208 
430 376 13 15 0.037959967 
426 311 16 17 0.037805047 
369 363 10 13 0.037510782 
399 403 11 12 0.03743263 
111 366 7 9 0.037376303 
273 421 9 12 0.037277125 
705 141 9 11 0.036972538 
617 80 15 19 0.036940537 
393 365 10 13 0.036886495 
565 411 10 12 0.036829453 
792 384 8 12 0.036748234 
993 383 9 12 0.036691066 
582 414 11 14 0.03596689 
809 165 9 11 0.035942025 
641 358 8 9 0.035845 
921 395 8 11 0.035741422 
87 423 8 11 0.035678238 
19 400 9 12 0.03567517 
81 423 8 11 0.035501134 
576 402 10 12 0.035267595 
192 437 10 11 0.035149753 
112 417 7 10 0.03512763 
829 182 8 11 0.03491903 
228 423 10 12 0.034715727 
609 396 9 11 0.03466479 
301 290 11 14 0.034508996 
246 437 9 10 0.034069408 
950 399 8 9 0.03400983 
423 366 9 11 0.033621237 
582 420 10 13 0.033396173 
729 367 7 10 0.03325883 
96 416 10 12 0.033172045 
284 411 11 14 0.03316755 
280 392 10 13 0.033124108 
641 367 10 12 0.032882657 
863 399 9 10 0.032748286 
624 382 10 12 0.032492723 
544 390 9 11 0.03225687 
921 440 7 9 0.03211489 
967 389 7 10 0.032031886 
768 406 9 12 0.031822804 
567 86 11 14 0.031730212 
993 376 7 9 0.03172201 
133 408 9 11 0.031713415 
135 388 9 11 0.0315572 
253 428 9 11 0.031548556 
509 397 9 11 0.031458005 
767 360 9 11 0.031359073 
531 404 10 12 0.03134384 
27 404 10 13 0.03124553 
184 429 8 11 0.031143656 
903 397 10 12 0.031038351 
240 437 9 11 0.030983258 
921 385 8 10 0.03097032 
840 206 9 11 0.030721065 
791 397 9 11 0.030530151 
654 128 8 11 0.030448344 
814 159 9 11 0.030447975 
176 422 9 11 0.030441443 
367 389 11 15 0.030400297 
944 389 8 9 0.030278455 
689 419 9 13 0.029983234 
999 421 11 14 0.029945008 
214 422 9 12 0.02988014 
622 355 9 11 0.029842291 
285 392 10 14 0.029793693 
297 413 9 13 0.029646756 
743 431 8 11 0.029571524 
94 436 8 10 0.029559013 
722 397 9 11 0.029353911 
399 360 10 12 0.02934564 
903 405 9 12 0.029248545 
528 391 10 12 0.02922125 
88 360 8 10 0.029149203 
926 406 8 10 0.029086879 
632 382 8 11 0.028892562 
373 359 10 12 0.02853043 
816 384 8 10 0.028473536 
910 399 9 10 0.02844702 
734 405 10 13 0.028436176 
300 403 13 16 0.028267952 
295 391 10 13 0.028240662 
381 398 14 17 0.028027143 
165 414 9 11 0.028020421 
518 481 8 10 0.027993757 
748 204 11 12 0.027989145 
640 370 17 21 0.027917061 
229 444 10 12 0.027844217 
741 382 8 11 0.027751137 
970 414 8 10 0.027691863 
609 75 10 15 0.027686683 
717 59 13 18 0.027683454 
240 416 9 11 0.02752879 
353 366 212 206 0.027406195 
511 381 10 12 0.027185166 
591 406 9 10 0.027174111 
575 386 17 22 0.02713988 
742 437 8 10 0.027030148 
433 413 10 13 0.027028367 
655 381 9 12 0.026970396 
918 375 6 9 0.026967878 
448 390 10 14 0.026502652 
429 360 11 11 0.02646601 
484 383 12 14 0.026199639 
167 406 10 12 0.026195692 
57 402 17 22 0.025956236 
729 357 8 10 0.02592463 
928 440 8 10 0.025898132 
657 397 9 11 0.025857814 
568 390 9 11 0.025837116 
113 456 9 12 0.025785042 
829 405 9 10 0.025760869 
960 385 7 9 0.025606632 
911 405 8 11 0.025463395 
857 384 10 12 0.025356945 
542 478 9 11 0.025311247 
745 395 18 23 0.025227394 
494 393 17 22 0.025221413 
482 404 10 13 0.0250105 
853 374 8 9 0.024922926 
598 397 10 11 0.024863763 
925 396 8 10 0.024828611 
518 391 9 12 0.02473154 
641 470 9 11 0.024594616 
1 712 54 63 0.024579352 
183 423 9 11 0.024382511 
701 173 10 13 0.024352385 
368 395 12 16 0.024308795 
815 396 8 12 0.024222268 
855 220 11 12 0.024210371 
318 391 18 22 0.024133174 
903 376 8 9 0.02407651 
907 54 14 17 0.024074169 
885 212 11 12 0.024056688 
1004 417 14 16 0.024055764 
81 427 9 12 0.023898738 
424 381 11 15 0.023808256 
559 383 8 10 0.023682954 
961 389 8 10 0.02364112 
390 415 11 13 0.023538144 
721 392 8 11 0.02352627 
1015 382 8 10 0.023312435 
510 376 9 11 0.02325274 
485 411 10 12 0.023240257 
609 91 10 16 0.023165224 
958 400 8 8 0.023085311 
597 383 9 11 0.023045035 
89 365 8 9 0.023030123 
632 389 8 12 0.02296273 
454 395 11 13 0.022918487 
39 427 10 13 0.022724867 
841 168 8 10 0.022703385 
432 480 8 10 0.022672862 
413 359 9 12 0.022645691 
128 436 9 11 0.022608954 
736 430 9 12 0.022523463 
734 397 11 14 0.022478387 
200 415 18 22 0.022474205 
968 368 8 9 0.02234029 
807 143 9 12 0.022338841 
654 374 9 12 0.022283383 
765 151 8 10 0.02225688 
710 38 9 11 0.022081608 
597 389 11 14 0.022035906 
870 437 8 11 0.022027573 
639 110 9 12 0.02202041 
557 477 9 10 0.021998372 
824 167 8 9 0.021985196 
510 389 12 15 0.021984365 
426 377 19 24 0.021979792 
866 368 8 10 0.021910176 
232 397 8 12 0.02184824 
297 419 9 12 0.021792207 
444 462 10 12 0.0217761 
535 377 8 11 0.0217326 
697 134 9 11 0.021704165 
743 422 7 10 0.021659767 
437 478 9 11 0.0216511 
1014 445 8 12 0.021633534 
381 420 12 13 0.021616712 
439 276 11 14 0.02158797 
240 429 10 12 0.021568365 
855 413 9 12 0.021565216 
103 438 9 10 0.021501163 
422 281 25 31 0.021495288 
463 384 10 13 0.021453172 
279 412 11 13 0.021243725 
716 45 10 13 0.021202845 
991 397 8 10 0.02119296 
559 390 8 10 0.021192685 
844 397 10 12 0.021190519 
224 455 10 12 0.021164522 
951 383 7 10 0.021131217 
452 383 13 15 0.021050386 
772 405 11 13 0.021037819 
894 454 8 9 0.020980235 
870 399 9 11 0.020956185 
771 392 13 16 0.02094753 
966 238 9 12 0.020872664 
437 389 10 14 0.020773381 
414 394 10 12 0.020682853 
415 412 9 12 0.020518105 
231 416 8 10 0.02046075 
434 380 11 16 0.02044802 
670 384 8 11 0.020417549 
152 381 9 12 0.020372171 
975 384 8 10 0.0202522 
67 406 9 12 0.02024872 
51 406 10 13 0.020229273 
793 143 8 10 0.020187208 
676 395 10 12 0.020163927 
998 443 10 14 0.020163279 
719 423 8 10 0.02010499 
853 368 9 10 0.020103402 
646 116 8 12 0.020100988 
807 414 9 11 0.020086827 
44 421 10 13 0.020065216 
719 85 9 11 0.020047033 
893 395 11 13 0.020014595 
654 405 9 10 0.020001756 
