2_Demonstration_Demonstrators_2_170
59
865 192 57 65 0.99899167 
928 174 77 87 0.99837554 
735 141 64 80 0.99776757 
318 113 65 99 0.9907759 
584 103 54 71 0.96376294 
41 115 28 37 0.93070316 
5 120 20 26 0.7712375 
720 125 35 43 0.72071105 
90 126 17 22 0.5541769 
190 112 37 42 0.2145856 
724 125 52 62 0.16627519 
85 124 14 21 0.138469 
59 118 26 33 0.13678826 
72 119 22 28 0.11241108 
612 105 47 66 0.07999319 
586 74 39 41 0.07473918 
105 183 31 39 0.06065424 
642 108 40 59 0.052642252 
238 93 29 36 0.05165722 
45 212 13 15 0.05061572 
286 132 11 14 0.050145883 
295 134 10 12 0.04945163 
702 169 48 65 0.046036623 
441 18 16 22 0.044422455 
702 124 31 42 0.04324235 
249 129 32 35 0.041465722 
70 168 31 41 0.040378336 
495 126 43 65 0.039945196 
446 31 14 20 0.038581826 
0 114 12 18 0.037092097 
468 136 47 65 0.035241473 
62 101 12 14 0.033968635 
515 40 39 55 0.031233205 
533 151 43 67 0.03069089 
478 191 31 41 0.029665677 
38 204 24 29 0.029665306 
546 284 33 34 0.028834065 
80 163 39 54 0.028670898 
39 121 16 23 0.028015649 
501 14 50 64 0.02627458 
540 141 13 15 0.026070964 
161 91 16 18 0.02562221 
522 116 77 118 0.025124663 
477 113 76 105 0.02459728 
821 137 39 55 0.024325395 
457 153 44 61 0.024274416 
658 49 15 19 0.023951745 
504 58 37 51 0.023652736 
286 430 37 52 0.023523204 
541 147 13 16 0.023256825 
425 453 30 39 0.02309051 
491 208 16 25 0.022101944 
170 101 60 71 0.021896936 
573 81 47 58 0.02170252 
499 149 15 22 0.021485714 
697 128 45 67 0.021480743 
406 0 39 42 0.021296714 
686 123 31 49 0.02126769 
422 145 37 64 0.020127235 
