2_Demonstration_Protesters_2_525
1341
660 484 31 40 0.9989367 
994 458 31 36 0.9978077 
416 515 28 37 0.99714017 
880 518 35 44 0.99701774 
554 484 30 40 0.99681646 
760 458 26 32 0.99621946 
578 402 23 29 0.9961326 
484 436 27 33 0.99606377 
848 426 23 29 0.9948856 
849 368 16 19 0.99365634 
763 400 23 30 0.9935935 
765 302 15 20 0.99077153 
297 487 31 36 0.98997235 
232 486 25 28 0.9897956 
468 331 14 17 0.9880518 
325 416 23 27 0.9874857 
389 437 20 27 0.9872695 
203 381 20 28 0.9870003 
999 397 21 28 0.98562384 
480 399 17 21 0.9799652 
920 477 31 37 0.97811323 
595 211 14 18 0.97718984 
337 346 19 23 0.9739248 
712 307 16 20 0.9734614 
501 318 13 16 0.97339195 
317 326 15 18 0.9721562 
657 427 26 31 0.9698683 
592 344 16 20 0.96799064 
310 384 20 25 0.96574605 
809 228 15 19 0.96560884 
54 433 23 30 0.96108884 
718 330 14 19 0.96088535 
919 376 20 24 0.9603501 
453 267 13 16 0.95935524 
781 344 16 18 0.9576441 
615 210 14 18 0.95682484 
455 308 12 16 0.9560129 
715 361 21 26 0.95490885 
250 368 20 26 0.9473896 
61 344 15 17 0.9442776 
362 307 14 17 0.94000024 
884 330 12 16 0.93971777 
2 372 20 27 0.93614 
951 351 20 23 0.9326999 
79 316 13 16 0.9287972 
527 277 11 14 0.9251149 
145 341 12 16 0.92345417 
671 321 16 20 0.9129178 
500 283 13 15 0.91258836 
835 341 12 16 0.9118145 
639 295 14 18 0.9114681 
1005 238 17 21 0.90862405 
725 206 13 15 0.9073173 
990 380 16 19 0.9068666 
248 311 13 15 0.9061388 
685 220 15 19 0.9059044 
862 331 12 16 0.9017665 
783 317 16 19 0.9005039 
845 397 17 22 0.89437413 
79 380 20 23 0.8931157 
414 314 12 15 0.8903813 
722 225 14 17 0.8859213 
866 228 12 16 0.8824073 
525 395 17 21 0.88184166 
775 231 14 18 0.8755152 
185 339 12 16 0.8669638 
441 292 11 15 0.8583259 
475 294 12 15 0.8528205 
960 236 10 14 0.8348142 
408 205 9 11 0.83399326 
541 287 12 15 0.821514 
167 288 10 13 0.8165778 
385 280 9 13 0.8078693 
968 249 13 16 0.804452 
147 450 17 22 0.7673078 
436 355 12 17 0.7521811 
797 364 17 19 0.74228525 
566 279 12 16 0.7346504 
133 285 10 13 0.7340313 
26 414 18 21 0.73244786 
123 300 11 15 0.72459525 
996 223 12 16 0.7099019 
53 298 11 14 0.7082499 
385 348 13 16 0.7060721 
973 218 12 15 0.7046737 
20 296 12 15 0.6968218 
243 293 10 13 0.68403125 
560 208 9 12 0.67792267 
447 210 9 12 0.6501985 
255 347 15 18 0.64695215 
831 364 14 18 0.64051574 
644 217 13 17 0.63756645 
274 358 15 19 0.63357264 
31 319 12 15 0.62254125 
948 433 22 25 0.616174 
56 410 20 22 0.59489924 
806 435 14 19 0.59158385 
115 358 14 18 0.5883267 
828 218 14 19 0.5815122 
532 335 16 19 0.5781243 
835 255 15 18 0.57231814 
967 544 37 32 0.57105386 
225 312 11 15 0.56355524 
297 310 11 15 0.5621996 
86 409 17 21 0.5414735 
416 274 11 14 0.5336434 
327 276 8 12 0.5306257 
519 237 11 14 0.51846397 
222 284 9 11 0.51807815 
90 464 17 22 0.51776963 
767 217 14 17 0.51537 
358 275 9 12 0.5141754 
265 287 10 13 0.51343226 
298 314 14 17 0.5036686 
310 284 9 12 0.5028452 
0 346 11 15 0.49896532 
109 354 16 18 0.49775103 
500 215 10 12 0.4952117 
209 353 19 21 0.49384925 
632 228 10 13 0.4923096 
915 237 12 14 0.47656342 
753 204 10 13 0.4706014 
343 264 10 13 0.4670693 
588 268 12 15 0.46478468 
392 213 8 11 0.46388322 
373 292 10 13 0.4607285 
213 298 10 14 0.45617345 
319 294 10 13 0.45586804 
368 328 14 18 0.45167765 
466 373 16 16 0.44923013 
22 335 12 16 0.44919628 
383 523 28 39 0.4484468 
478 212 9 11 0.43855464 
825 181 9 12 0.43822575 
87 511 22 26 0.420507 
532 555 26 25 0.41817877 
891 236 12 15 0.40811145 
558 329 13 16 0.40531492 
873 373 12 16 0.38224638 
406 407 15 21 0.3787512 
662 372 13 17 0.37776363 
876 406 13 18 0.37133124 
424 216 9 11 0.36710086 
334 303 10 12 0.36641842 
168 256 9 10 0.3614957 
157 279 9 11 0.36004445 
422 333 13 17 0.35523853 
532 310 12 14 0.34864426 
368 267 10 12 0.34734967 
822 402 15 20 0.3439367 
909 324 13 16 0.34336188 
618 267 12 17 0.33109474 
415 366 13 16 0.3261392 
926 263 10 12 0.32432187 
941 293 10 12 0.32287154 
75 261 8 11 0.32150942 
375 236 9 10 0.31860256 
99 513 17 22 0.31681478 
524 207 9 12 0.31596076 
726 293 15 17 0.31511045 
636 337 15 17 0.31249875 
578 299 12 14 0.3088626 
156 310 11 14 0.30857363 
274 270 8 12 0.30700523 
262 447 23 32 0.300817 
112 270 9 11 0.29123718 
471 231 9 11 0.28960884 
664 307 13 17 0.28868732 
124 320 11 14 0.2873388 
309 264 9 11 0.28072003 
293 294 9 10 0.27868047 
678 258 15 19 0.26885614 
885 218 12 17 0.2688313 
293 347 14 19 0.26277962 
430 378 14 18 0.25635093 
104 280 8 11 0.25490382 
437 408 15 19 0.25241852 
192 324 11 14 0.25231084 
115 403 16 21 0.2508871 
541 207 9 11 0.24928333 
863 251 10 13 0.24765283 
765 515 21 29 0.24623139 
73 279 9 12 0.24486186 
471 250 12 15 0.24361473 
941 236 11 14 0.23989005 
503 365 12 16 0.23843893 
406 254 10 12 0.23740987 
948 279 11 12 0.23695982 
563 302 11 14 0.23564644 
498 253 14 16 0.23518547 
593 322 13 16 0.23263024 
351 292 10 13 0.23077719 
375 214 8 10 0.22918278 
902 350 12 14 0.22758472 
163 475 16 23 0.22641939 
392 298 11 14 0.22281377 
932 341 10 14 0.22178702 
165 480 23 31 0.22177039 
592 311 12 14 0.22155593 
780 359 15 18 0.22049107 
88 348 11 14 0.21952422 
563 325 12 15 0.21803914 
288 293 8 11 0.2138182 
428 221 9 12 0.21278971 
-1 423 10 20 0.21089324 
39 280 9 11 0.2086623 
574 211 9 12 0.20588905 
432 200 7 9 0.20546734 
370 383 18 20 0.20539035 
966 379 15 19 0.20463829 
278 326 11 14 0.20229544 
487 238 10 12 0.20139709 
534 324 13 16 0.19890907 
252 444 23 31 0.19861667 
258 351 16 20 0.19820464 
876 206 10 13 0.1980812 
428 308 10 13 0.19718796 
191 275 10 12 0.19610006 
438 322 12 17 0.19497578 
442 386 13 16 0.1928515 
348 237 10 12 0.19113275 
30 401 15 21 0.19006374 
111 409 16 21 0.18972926 
550 395 16 21 0.18554175 
240 288 10 12 0.18474275 
169 260 8 11 0.18329257 
613 517 17 22 0.18293281 
383 238 8 11 0.1812224 
97 301 11 14 0.18035476 
520 211 9 11 0.17784163 
470 207 9 11 0.17715049 
826 513 17 21 0.17701212 
74 300 10 14 0.17605531 
117 270 9 11 0.17379747 
565 307 11 14 0.17360963 
301 320 14 18 0.17051977 
621 385 15 20 0.17025638 
471 212 10 12 0.16976358 
503 354 12 15 0.16907763 
36 393 19 23 0.16889563 
984 292 11 14 0.16741441 
465 388 16 18 0.16712466 
894 190 11 14 0.16680638 
631 254 10 13 0.1642448 
452 208 8 11 0.16180846 
986 277 12 15 0.1616843 
335 317 12 16 0.16048501 
156 303 10 11 0.15950339 
936 237 10 14 0.15936898 
350 233 8 10 0.15846103 
157 358 9 12 0.15770961 
645 224 15 20 0.15745859 
422 310 12 15 0.15698549 
698 250 14 18 0.15638027 
573 318 12 16 0.15574622 
285 431 13 18 0.15515791 
416 284 10 13 0.15402478 
110 278 9 11 0.1526477 
144 268 9 13 0.1522238 
437 273 11 14 0.15185367 
890 183 9 11 0.15132049 
718 260 15 19 0.14856493 
175 311 11 14 0.14849369 
343 309 10 13 0.14722525 
477 231 8 10 0.14676484 
886 229 13 16 0.14663666 
919 400 14 19 0.14521065 
429 206 9 11 0.1445344 
770 277 16 18 0.14375998 
301 352 14 20 0.1436507 
741 264 13 17 0.14326769 
526 337 14 17 0.14089759 
901 425 17 21 0.14033426 
73 296 9 12 0.13949239 
611 367 15 19 0.1384216 
436 381 14 16 0.13799961 
811 449 21 28 0.13575247 
394 531 18 23 0.13573219 
464 232 9 12 0.13559574 
631 369 15 18 0.13547274 
271 452 24 30 0.13457496 
147 370 18 20 0.13301854 
141 397 15 19 0.1327299 
969 372 14 18 0.13212767 
772 531 26 37 0.1320803 
788 219 12 15 0.13181137 
380 555 15 19 0.13097174 
124 449 17 19 0.13058507 
564 206 10 13 0.12987852 
267 311 11 13 0.12970248 
31 269 8 10 0.12937537 
420 272 10 12 0.12906733 
932 347 10 15 0.12877823 
130 435 17 19 0.12422031 
934 220 10 14 0.12358095 
517 338 11 15 0.12326263 
407 228 9 12 0.12282734 
63 546 15 20 0.12262583 
141 357 13 17 0.1224429 
287 332 11 15 0.122085065 
466 212 8 11 0.12197867 
342 303 10 12 0.1211098 
836 245 14 18 0.12024306 
551 388 14 17 0.11844872 
197 329 11 15 0.1176388 
693 412 19 27 0.116875656 
334 254 9 11 0.116602205 
357 406 16 21 0.116105154 
540 456 23 28 0.11472478 
390 270 10 12 0.11470027 
953 255 10 14 0.11461094 
209 262 9 11 0.11386175 
888 420 18 21 0.112450495 
321 272 8 11 0.112134404 
797 279 12 16 0.11208949 
96 294 10 11 0.11174844 
356 284 11 14 0.11106042 
889 188 10 13 0.11090323 
877 212 13 15 0.110742256 
158 330 11 14 0.11028246 
286 205 8 9 0.11018892 
127 474 14 18 0.11016325 
367 205 8 11 0.11011989 
889 430 23 29 0.10976009 
943 215 10 13 0.109400004 
533 223 10 13 0.10932025 
334 307 12 14 0.10917414 
249 207 7 9 0.10878443 
264 256 9 11 0.108359106 
96 306 11 15 0.107103966 
76 283 9 11 0.10695914 
493 335 12 14 0.10632239 
883 442 23 27 0.105499804 
111 264 9 11 0.10467383 
313 292 10 13 0.10353331 
172 286 10 13 0.10342795 
497 278 12 16 0.102783486 
103 322 12 14 0.10258163 
437 246 10 12 0.10073724 
5 309 10 12 0.099778496 
458 491 17 23 0.099677175 
886 252 12 15 0.09850838 
254 207 7 9 0.098484546 
6 457 15 21 0.0984085 
270 263 8 10 0.09754707 
304 330 12 16 0.09739568 
272 276 9 11 0.09718361 
970 330 13 17 0.096149735 
192 261 8 10 0.09568752 
192 309 9 12 0.09563802 
652 353 14 18 0.09417261 
543 371 14 18 0.09369476 
97 286 10 11 0.09367248 
296 272 8 10 0.09334865 
278 431 22 29 0.09235551 
941 328 13 18 0.092302084 
8 324 9 12 0.09227873 
327 301 9 12 0.09212974 
153 315 10 14 0.09187086 
503 230 9 12 0.09169177 
277 275 9 11 0.091647565 
846 226 13 16 0.091331914 
269 256 9 10 0.091130085 
605 181 8 11 0.091042735 
904 343 11 14 0.091011554 
245 300 12 15 0.09099742 
187 333 13 17 0.0908555 
799 211 11 15 0.090802394 
677 246 12 15 0.09078308 
129 459 15 17 0.090682216 
300 340 12 16 0.090665154 
870 283 12 16 0.090362996 
910 251 13 15 0.09020031 
969 214 12 14 0.09000397 
801 358 16 19 0.089658596 
345 214 6 8 0.0893124 
911 242 13 16 0.08883874 
453 329 11 16 0.08875565 
573 307 13 14 0.08863588 
153 301 9 11 0.08862469 
348 310 10 13 0.088029295 
887 243 12 14 0.08801591 
43 380 14 17 0.08752267 
472 326 14 17 0.08734312 
485 472 15 21 0.08730766 
288 337 13 17 0.08729481 
17 545 26 30 0.08638992 
790 203 14 16 0.08622894 
816 371 12 18 0.08599922 
329 255 9 11 0.085983604 
151 411 15 20 0.08574136 
303 269 9 11 0.0855735 
372 265 10 13 0.08498959 
944 286 10 13 0.08479303 
371 508 30 39 0.08477599 
209 295 11 13 0.08417242 
897 354 12 15 0.08367319 
392 245 8 10 0.08358439 
669 207 10 14 0.08349375 
933 229 10 12 0.08338711 
185 207 7 10 0.08319356 
463 285 12 15 0.08280523 
156 417 14 17 0.081715085 
804 210 10 13 0.08141276 
125 296 11 14 0.08133725 
259 341 14 17 0.081245944 
305 222 6 9 0.08117708 
231 255 7 10 0.08105544 
35 330 12 15 0.08099256 
369 286 9 13 0.08072114 
544 261 10 14 0.08035596 
58 264 6 8 0.0803191 
622 407 19 26 0.08006467 
806 440 20 24 0.08004806 
715 559 16 18 0.0795804 
189 239 8 10 0.079467736 
463 377 14 16 0.078787185 
30 495 14 20 0.07854189 
256 272 7 9 0.07837982 
229 353 13 17 0.07806502 
565 317 14 17 0.07802543 
373 499 23 26 0.077864274 
805 476 15 20 0.07784628 
168 268 9 11 0.077691704 
725 239 14 18 0.077682 
635 227 13 17 0.07766972 
865 327 13 15 0.077623524 
995 542 25 34 0.07733944 
1 308 9 12 0.07719707 
397 215 8 9 0.07715 
149 270 8 11 0.07698831 
349 263 9 11 0.07667131 
304 254 7 10 0.076127715 
148 360 15 17 0.07594009 
597 252 12 13 0.074681856 
340 316 12 14 0.07465899 
80 518 23 28 0.074372396 
303 248 7 9 0.074221805 
148 402 14 17 0.0740194 
31 371 12 17 0.073212154 
872 209 12 15 0.073108315 
441 206 9 12 0.07310531 
590 183 9 11 0.07248234 
264 332 12 15 0.07225805 
585 182 7 10 0.07206808 
445 326 12 16 0.07188392 
497 221 9 11 0.0718595 
362 207 7 10 0.071796335 
288 271 8 10 0.07154977 
422 244 8 11 0.071544394 
459 423 16 23 0.07139201 
748 234 11 14 0.071300924 
171 355 13 15 0.07108201 
33 279 8 11 0.07105543 
342 392 16 19 0.070917636 
50 296 10 12 0.07059779 
440 239 9 11 0.07059647 
73 257 9 11 0.06995991 
743 354 15 20 0.06977486 
431 360 14 18 0.06948628 
417 245 9 11 0.06933553 
100 451 15 19 0.069186896 
180 309 10 14 0.0690906 
138 443 21 25 0.06905021 
634 377 16 19 0.06899831 
421 285 10 13 0.06895256 
682 251 13 17 0.068924956 
390 239 8 10 0.06871196 
304 278 9 12 0.06870092 
528 315 12 15 0.068269946 
351 270 10 12 0.068244554 
527 200 8 10 0.06818317 
6 280 8 10 0.06802234 
796 373 16 19 0.0679707 
207 362 15 19 0.06795674 
111 325 10 12 0.06792033 
142 322 11 14 0.06764026 
942 434 18 21 0.06668389 
969 255 16 19 0.06667603 
549 267 12 14 0.06657814 
984 284 13 15 0.065940894 
580 306 13 16 0.0656048 
392 254 9 11 0.06558175 
329 240 8 10 0.06530295 
963 232 11 13 0.06519887 
708 199 10 13 0.065185435 
32 264 8 10 0.0651482 
893 255 10 13 0.06500833 
887 390 11 14 0.064974 
945 271 9 11 0.06491431 
66 236 8 11 0.064912066 
754 379 20 23 0.06487507 
152 212 7 10 0.06450048 
360 214 8 10 0.06406774 
121 297 10 13 0.06389877 
6 304 10 12 0.063807845 
486 268 10 14 0.06354215 
159 284 10 13 0.063202284 
504 237 9 11 0.06300841 
934 334 11 15 0.062997535 
949 214 9 13 0.06294501 
794 401 15 18 0.062532835 
385 208 8 9 0.062426943 
117 458 12 18 0.062400687 
881 404 15 18 0.06233851 
400 221 9 12 0.062066805 
231 339 12 15 0.061850253 
636 273 14 17 0.06184181 
429 253 12 15 0.061812256 
433 246 9 10 0.061772954 
110 340 13 15 0.061762873 
47 340 11 16 0.061706252 
543 181 9 11 0.06163275 
28 331 12 17 0.061627246 
574 339 12 16 0.061330747 
222 302 8 12 0.06130159 
247 455 24 32 0.061236378 
479 236 9 12 0.061121996 
537 211 9 11 0.061012104 
967 265 13 15 0.06090779 
549 378 14 18 0.060757782 
163 469 15 18 0.06047258 
909 278 10 12 0.059935603 
20 356 13 17 0.0596931 
396 307 12 15 0.059655316 
441 392 16 19 0.05950424 
487 379 13 15 0.059478246 
423 240 9 11 0.059186433 
892 317 12 15 0.058893014 
151 254 8 10 0.058776464 
328 209 7 9 0.058711167 
755 521 24 28 0.05825678 
423 303 11 13 0.058222044 
456 247 8 11 0.058118675 
525 250 14 16 0.058053035 
957 252 11 15 0.057870716 
294 288 9 11 0.057843987 
936 215 10 12 0.057835236 
271 246 8 9 0.057634052 
283 206 7 9 0.05749236 
596 491 20 25 0.05749093 
911 231 12 15 0.057482943 
3 367 16 20 0.057415873 
461 276 10 12 0.057401467 
610 450 17 21 0.057367444 
527 222 11 13 0.057263955 
573 222 9 11 0.057116102 
885 396 13 17 0.05706572 
383 199 8 10 0.056970306 
699 352 16 22 0.05691049 
569 222 8 11 0.056846544 
95 457 19 25 0.05681112 
898 361 15 18 0.0566765 
382 232 8 11 0.056581303 
866 246 11 14 0.05639328 
787 377 15 19 0.056351837 
264 207 7 8 0.056082066 
503 209 8 11 0.05599525 
487 207 9 10 0.055897932 
921 261 10 13 0.055755544 
396 364 14 18 0.055523645 
558 319 12 16 0.05551019 
556 268 11 14 0.05550774 
195 407 16 20 0.055073872 
600 182 10 11 0.054938678 
507 391 14 20 0.054922905 
742 218 12 16 0.05482891 
370 232 8 10 0.054727703 
921 267 10 13 0.054705486 
320 225 7 9 0.054698627 
281 293 9 11 0.054498646 
6 286 9 11 0.054333005 
883 364 14 18 0.054164253 
26 337 13 17 0.054152366 
398 316 11 15 0.054128155 
156 387 15 19 0.05378834 
69 381 14 18 0.053700246 
377 543 26 29 0.053660225 
272 324 11 15 0.053576257 
762 372 16 19 0.053448208 
110 424 15 20 0.05344168 
431 271 11 15 0.053236075 
905 330 12 16 0.052979942 
392 263 10 12 0.052949052 
743 228 13 18 0.05290015 
442 354 12 17 0.052833337 
719 297 19 22 0.052822255 
761 524 29 39 0.052773807 
427 200 7 9 0.05277307 
501 246 10 13 0.052461836 
516 499 25 28 0.05237726 
560 276 12 16 0.052347258 
446 252 9 13 0.05233186 
437 200 8 9 0.052302007 
998 235 15 20 0.05225183 
710 354 20 26 0.05220457 
728 209 14 17 0.05217197 
948 272 10 12 0.052058313 
523 243 13 15 0.051983938 
336 247 7 10 0.05186699 
97 279 10 12 0.051548444 
24 287 9 12 0.051292673 
397 271 9 11 0.051207025 
960 549 25 29 0.05107033 
78 268 9 10 0.05105586 
370 238 8 10 0.05082166 
166 208 7 9 0.050640956 
250 238 8 10 0.050380822 
32 312 9 12 0.050260343 
838 238 12 15 0.049993683 
103 350 14 17 0.049948767 
787 362 16 18 0.049705047 
365 277 9 11 0.04955698 
430 403 16 19 0.049420968 
424 255 10 12 0.049292456 
278 231 7 9 0.049284298 
207 319 10 13 0.049057417 
877 199 9 12 0.04888662 
975 237 11 14 0.048869725 
345 294 10 12 0.04882205 
236 339 13 17 0.04871032 
672 242 12 16 0.048405234 
736 266 12 15 0.04807309 
595 268 11 14 0.04801581 
337 261 10 14 0.047969926 
950 219 10 13 0.047872152 
468 287 12 16 0.047273703 
512 208 9 12 0.047195908 
218 286 8 11 0.047160167 
815 224 18 23 0.04712798 
631 343 14 17 0.04689374 
384 215 8 10 0.046890836 
559 246 11 13 0.046828162 
479 268 10 13 0.046818733 
197 309 10 12 0.04665637 
824 214 13 16 0.04664328 
208 269 8 11 0.04658913 
377 220 8 10 0.04655004 
48 271 7 8 0.046452567 
703 203 12 16 0.04631978 
888 308 10 13 0.046269782 
1 340 14 17 0.04623808 
83 311 13 16 0.0462375 
649 232 16 18 0.04619409 
543 255 10 12 0.046069168 
525 228 11 13 0.04596571 
784 214 11 15 0.045914553 
566 182 9 11 0.045846593 
335 240 7 9 0.045827284 
668 364 13 17 0.045697246 
372 369 17 19 0.04551109 
902 271 9 11 0.045509577 
8 292 9 11 0.045295633 
257 254 9 11 0.04526897 
304 475 31 38 0.045236327 
229 303 10 12 0.045224793 
711 220 10 14 0.04507809 
747 361 14 19 0.04507602 
488 199 8 10 0.044945907 
815 402 14 21 0.04488417 
959 213 10 12 0.044870306 
423 328 11 14 0.044846606 
904 277 10 12 0.04481401 
550 252 11 13 0.044801254 
214 270 8 10 0.044636805 
96 404 21 27 0.044539988 
183 427 14 16 0.044495422 
927 236 10 14 0.04447441 
437 416 22 26 0.04441012 
345 208 7 10 0.044349875 
74 309 11 14 0.044241454 
594 332 14 17 0.044229783 
585 265 10 12 0.044185292 
256 434 18 24 0.044102553 
827 414 17 21 0.04405462 
438 252 11 13 0.04393617 
439 230 9 10 0.0437027 
830 245 13 15 0.043685224 
863 355 11 15 0.04344121 
164 332 10 13 0.04343582 
533 344 14 17 0.043225367 
879 337 11 14 0.04317464 
856 244 11 15 0.04305604 
123 396 15 20 0.043008346 
464 200 8 10 0.042961314 
900 377 15 17 0.04295322 
430 315 12 15 0.042911056 
274 231 7 9 0.042703282 
680 266 13 16 0.04262001 
283 325 12 18 0.04238165 
911 271 9 11 0.04217807 
495 323 12 14 0.042120308 
244 322 14 17 0.042042766 
226 230 7 9 0.041851155 
932 431 17 22 0.04158486 
1001 228 16 18 0.041576527 
852 222 12 17 0.04153721 
477 247 9 11 0.04146396 
919 291 9 12 0.041422397 
15 351 11 14 0.04136435 
519 292 11 13 0.041303508 
488 222 10 11 0.04129788 
207 208 8 10 0.041247137 
343 244 10 11 0.041243155 
206 368 23 28 0.041165113 
63 271 8 10 0.04115072 
360 200 7 10 0.041129265 
151 296 9 12 0.041103397 
952 415 24 27 0.04101461 
311 325 13 16 0.040979944 
191 284 10 13 0.04094954 
699 487 18 22 0.040924493 
1006 214 11 12 0.040773273 
929 222 10 14 0.040697087 
306 215 6 8 0.040580124 
105 217 7 9 0.040575314 
537 286 10 13 0.04047563 
249 232 8 10 0.040360577 
196 319 11 13 0.040355973 
68 373 13 15 0.040265776 
165 370 13 16 0.040206466 
453 424 16 23 0.04015341 
950 395 16 19 0.04011993 
1001 221 14 16 0.040062245 
892 310 11 13 0.03997129 
329 246 8 10 0.03987339 
374 208 8 10 0.0397986 
533 392 18 24 0.03978797 
813 277 11 13 0.03976586 
423 375 14 19 0.03975648 
261 431 23 30 0.039617248 
30 284 9 11 0.03950927 
404 396 15 19 0.039428126 
47 285 8 10 0.0394159 
495 230 9 11 0.03936287 
185 271 8 10 0.03932534 
272 239 8 10 0.03931285 
134 395 13 19 0.039291624 
453 378 12 16 0.039104965 
154 404 14 17 0.039093822 
581 386 14 18 0.03895265 
928 214 10 12 0.03894893 
407 247 9 11 0.038773827 
523 276 10 13 0.03875524 
4 334 12 15 0.038638763 
843 508 23 28 0.03847572 
524 272 18 22 0.03845711 
30 430 15 20 0.03840695 
558 261 12 14 0.03839805 
281 288 8 11 0.038393546 
189 207 8 9 0.03829501 
632 296 14 18 0.038258847 
347 301 11 13 0.03824493 
795 219 13 16 0.03820648 
876 447 17 22 0.038090307 
415 291 10 12 0.038013108 
220 339 13 16 0.038009115 
646 347 14 19 0.037981175 
551 318 12 15 0.037940264 
603 211 13 17 0.03792785 
351 256 9 11 0.03786492 
79 514 15 20 0.03779856 
372 334 14 19 0.03760982 
957 408 17 20 0.037595004 
512 242 11 14 0.03754225 
867 306 13 15 0.03743887 
895 290 12 15 0.03743751 
907 466 15 20 0.03728091 
881 225 10 15 0.037254028 
788 449 16 20 0.03724177 
360 239 7 10 0.03718075 
57 269 7 10 0.037140556 
238 330 13 16 0.03696627 
880 250 12 15 0.03694393 
106 261 8 11 0.036920745 
340 323 11 14 0.03690652 
446 247 9 12 0.036883336 
66 278 8 10 0.03679342 
643 274 16 18 0.03665903 
662 403 15 17 0.03654465 
152 324 10 13 0.03645906 
477 222 9 12 0.036398534 
630 269 12 16 0.03637247 
733 554 19 21 0.03631534 
373 419 15 20 0.03631014 
560 236 10 12 0.036147647 
444 425 17 23 0.036133066 
111 334 12 14 0.03612481 
183 354 13 16 0.036053512 
61 294 10 13 0.036030535 
110 256 9 10 0.035988353 
780 367 16 21 0.035956502 
295 320 13 18 0.035752453 
374 244 9 11 0.03574599 
713 266 11 15 0.035675075 
28 458 12 16 0.035635404 
519 223 9 12 0.035547424 
527 323 12 15 0.035536323 
165 283 17 22 0.035517827 
889 195 10 12 0.03550771 
35 554 16 20 0.03547638 
144 377 14 17 0.035426043 
69 531 25 28 0.035391055 
287 224 8 9 0.035378706 
795 199 11 13 0.03528106 
107 517 20 28 0.035232496 
686 299 14 17 0.035222266 
489 332 11 14 0.035190925 
837 225 12 17 0.03514049 
799 339 12 16 0.035140336 
191 304 9 12 0.0351282 
901 192 9 11 0.035095952 
662 210 14 18 0.03493003 
408 237 9 11 0.03490722 
455 200 8 9 0.03484928 
385 243 8 11 0.034826405 
288 230 7 10 0.034765497 
359 261 8 11 0.034757733 
841 252 14 18 0.034714863 
405 517 26 35 0.03471138 
791 410 15 20 0.034692563 
271 207 7 9 0.0346516 
1011 214 11 13 0.034529276 
175 324 11 14 0.034464408 
526 290 10 13 0.034442574 
950 448 27 31 0.03437833 
620 364 14 17 0.03436488 
105 256 8 11 0.034338083 
43 556 14 19 0.034303736 
875 382 15 18 0.034294013 
444 212 8 10 0.034261074 
453 338 12 15 0.03421366 
994 336 16 21 0.0341934 
677 361 14 18 0.034175187 
116 339 11 14 0.034103155 
615 384 14 20 0.034059398 
483 549 18 23 0.034052655 
504 192 7 9 0.03392288 
509 311 12 14 0.033907067 
648 190 8 11 0.03389184 
469 318 13 16 0.033886485 
567 229 9 11 0.033837613 
829 236 12 15 0.033805355 
889 412 15 19 0.033731796 
264 280 8 10 0.033730485 
756 392 23 29 0.03371606 
533 302 13 15 0.033708602 
862 351 10 12 0.033580497 
273 224 7 8 0.03355476 
622 252 11 15 0.033417538 
493 237 10 13 0.033389848 
13 323 12 15 0.033361986 
651 219 14 17 0.033354208 
904 252 10 13 0.033338513 
262 325 13 16 0.03333558 
960 554 15 19 0.033312492 
351 223 8 9 0.03329615 
885 208 10 12 0.033245575 
821 235 13 16 0.033222128 
705 344 16 21 0.03318479 
405 200 18 23 0.03315366 
367 201 7 10 0.033105344 
164 433 14 16 0.033077773 
369 245 8 11 0.032953657 
154 378 15 18 0.032838546 
259 365 20 26 0.032757256 
910 294 9 12 0.032680757 
46 280 7 10 0.032579344 
445 228 9 12 0.032560226 
417 332 13 15 0.032534994 
659 219 14 17 0.032526065 
41 405 20 27 0.032487508 
770 222 17 22 0.03245897 
28 300 10 13 0.0324578 
16 333 13 16 0.03243009 
549 365 13 18 0.032365877 
55 341 13 17 0.03234785 
201 214 8 9 0.032238826 
54 287 9 10 0.032234136 
37 338 13 18 0.03219143 
794 266 15 18 0.03211056 
690 213 13 16 0.032079514 
414 494 23 26 0.031966455 
240 280 9 11 0.031925593 
952 299 10 13 0.03190448 
650 284 14 17 0.031902283 
562 182 8 10 0.03190187 
255 276 9 11 0.031870406 
422 292 10 13 0.03172327 
278 318 12 16 0.03168514 
598 261 12 14 0.03157763 
956 221 12 14 0.031562228 
465 420 16 20 0.031486694 
473 223 8 11 0.031480912 
23 280 8 10 0.03147098 
64 287 9 11 0.031467866 
77 257 9 12 0.031466164 
566 212 9 11 0.031384073 
401 207 8 10 0.031383447 
148 335 12 15 0.0313626 
338 199 6 8 0.031297438 
461 491 27 35 0.031280506 
319 230 7 9 0.031245453 
160 221 8 10 0.031217407 
880 356 12 15 0.031217307 
139 286 10 13 0.031157777 
507 348 13 16 0.03111715 
242 207 7 9 0.031105263 
215 359 17 21 0.031075059 
387 418 16 19 0.030954462 
97 232 7 9 0.030949319 
220 294 10 13 0.030943805 
152 236 8 11 0.030915815 
903 245 10 13 0.030900491 
159 215 8 10 0.030825198 
186 419 20 25 0.030822864 
305 210 7 8 0.030751603 
138 270 10 11 0.03072484 
647 548 27 25 0.03067817 
712 336 18 22 0.030624205 
374 297 11 14 0.030556912 
812 365 13 17 0.030338652 
904 215 10 13 0.030299038 
376 377 18 22 0.030296767 
254 233 7 9 0.030262256 
300 304 11 13 0.030257413 
758 211 12 16 0.030247636 
263 270 8 10 0.030209558 
584 272 12 15 0.03016585 
644 323 12 14 0.030156601 
958 232 17 23 0.030133307 
53 304 12 15 0.03003692 
130 478 16 19 0.030010052 
910 284 10 12 0.029963208 
34 371 19 24 0.029914578 
294 432 23 30 0.029863698 
349 400 19 23 0.02985498 
622 245 10 14 0.029756756 
607 199 10 12 0.029743055 
64 255 8 10 0.02972835 
81 221 8 10 0.029704029 
782 205 11 14 0.029703524 
281 301 9 12 0.029689908 
102 341 13 15 0.029686838 
820 277 10 13 0.029620297 
295 303 11 14 0.029614167 
855 349 10 13 0.02960874 
161 421 15 17 0.029587409 
199 302 10 13 0.029571095 
488 327 10 13 0.029461255 
431 351 13 16 0.029394235 
217 347 17 20 0.029291948 
225 239 7 10 0.02921276 
129 279 9 12 0.029180238 
1014 190 8 12 0.02916807 
3 355 15 18 0.029154353 
356 347 12 16 0.02912059 
545 290 13 16 0.029105343 
792 447 22 26 0.029092792 
53 404 16 21 0.029065443 
148 263 10 12 0.029013725 
722 250 15 18 0.029006556 
365 502 23 31 0.028902087 
182 286 8 11 0.028894959 
166 350 12 15 0.028793052 
208 288 9 11 0.028752264 
471 258 12 14 0.028731562 
108 457 15 20 0.028728075 
118 544 14 19 0.028689899 
383 275 16 21 0.02863196 
855 534 25 30 0.028606972 
117 332 12 16 0.028601049 
65 232 8 10 0.028600045 
774 353 16 21 0.028568173 
750 384 15 20 0.028469183 
362 388 21 26 0.028462747 
448 201 8 10 0.028462144 
825 489 16 19 0.028458418 
62 263 7 9 0.028427891 
440 223 9 10 0.028396856 
653 360 16 20 0.028365178 
513 199 7 9 0.028355744 
851 360 13 16 0.02829684 
583 176 8 10 0.02829144 
63 385 14 18 0.028268816 
153 284 9 12 0.028261999 
516 386 14 21 0.028224178 
533 253 10 14 0.028216626 
459 303 12 15 0.028172886 
751 198 18 23 0.028163658 
148 386 17 20 0.02810809 
115 412 20 26 0.02809937 
1 284 9 13 0.02805667 
102 239 8 9 0.02803751 
757 361 14 19 0.028032864 
564 260 11 13 0.02801559 
416 215 8 10 0.028013375 
880 349 10 14 0.027984036 
655 377 15 19 0.027975906 
409 310 13 16 0.027938673 
526 345 13 17 0.027849777 
160 208 7 9 0.027820842 
140 511 15 20 0.027789664 
999 217 10 13 0.027769303 
382 294 10 13 0.027768651 
496 207 9 11 0.027762998 
447 221 9 11 0.027762821 
286 301 10 13 0.027734905 
764 438 18 22 0.027729595 
487 232 9 10 0.027720135 
368 401 23 27 0.027689168 
430 229 9 11 0.02767297 
539 346 14 17 0.027631227 
81 216 7 8 0.02758623 
125 329 13 16 0.027585985 
37 312 11 13 0.027573517 
239 270 9 10 0.027521925 
404 368 13 19 0.027511792 
304 238 7 9 0.027504941 
121 475 12 17 0.027480463 
558 203 17 22 0.027439533 
720 211 13 16 0.02742994 
267 339 13 16 0.027424801 
542 279 12 15 0.027421905 
478 261 11 14 0.02741527 
899 386 16 20 0.027399719 
6 262 8 10 0.027372612 
416 338 12 16 0.027366662 
108 398 16 21 0.027282227 
183 303 9 11 0.027275389 
43 387 21 25 0.027258012 
327 284 9 12 0.027241813 
897 279 9 12 0.027235137 
1001 290 11 14 0.027234556 
105 496 16 21 0.027207257 
693 254 15 18 0.02712562 
917 221 11 14 0.02712338 
666 378 13 17 0.027120499 
262 282 17 22 0.027033146 
413 253 11 13 0.027011307 
472 270 10 12 0.02698037 
151 248 8 10 0.02697597 
173 261 8 11 0.026944296 
2 279 8 11 0.026891433 
379 363 15 19 0.026866851 
266 247 8 10 0.02684321 
495 199 8 9 0.026765151 
63 325 11 13 0.0267559 
361 245 7 10 0.026715048 
876 260 12 15 0.026713597 
92 341 13 16 0.026618095 
367 255 9 11 0.026610006 
502 299 11 13 0.026536657 
319 289 10 11 0.026500847 
948 292 11 15 0.026498536 
549 274 13 16 0.02646626 
59 300 10 14 0.026452072 
413 321 14 16 0.026436502 
352 215 6 9 0.026413966 
636 487 21 27 0.02639913 
481 199 7 9 0.026394064 
804 281 13 16 0.026365854 
251 323 13 16 0.026339648 
477 317 13 15 0.026327763 
639 284 19 22 0.026249608 
79 414 16 22 0.026248677 
226 255 7 10 0.026217889 
458 230 8 12 0.026203515 
444 299 12 14 0.02619382 
210 237 7 10 0.026121039 
872 261 10 12 0.026044223 
203 505 25 31 0.026030606 
834 215 11 15 0.025998132 
580 316 12 16 0.025976546 
373 470 26 30 0.025974724 
333 286 9 11 0.025959527 
977 213 14 17 0.02593863 
379 333 13 18 0.025912907 
409 285 10 13 0.02587407 
247 279 9 11 0.025784086 
230 239 8 10 0.025781726 
494 298 12 14 0.025743224 
397 394 14 18 0.02566766 
301 383 18 24 0.025638625 
60 334 14 16 0.025603075 
535 200 7 10 0.025579797 
815 349 11 14 0.025567738 
234 346 14 18 0.025510252 
871 367 12 16 0.025499998 
845 474 22 27 0.025487335 
631 332 15 17 0.025443258 
626 390 16 21 0.025438543 
805 455 16 22 0.025420196 
214 342 13 16 0.025414184 
949 409 16 19 0.02540664 
24 271 8 10 0.025392652 
184 277 9 11 0.025371682 
123 422 20 25 0.025345387 
412 469 19 23 0.025338646 
279 225 7 8 0.025302744 
416 240 9 11 0.025262965 
748 210 12 16 0.025227366 
895 206 9 11 0.025177034 
584 214 10 12 0.025172908 
891 389 14 16 0.025168333 
564 253 11 13 0.025136475 
517 317 11 14 0.025112147 
369 315 13 17 0.0250761 
312 224 6 8 0.025075387 
823 494 24 30 0.025052676 
223 272 8 10 0.02500504 
1004 297 16 20 0.024999265 
478 498 14 17 0.02496125 
550 476 26 32 0.02493142 
694 474 15 18 0.024929961 
398 240 8 10 0.024927003 
937 232 18 22 0.024885038 
133 333 12 15 0.024847852 
866 412 22 24 0.02482876 
76 527 17 21 0.024819594 
106 439 15 20 0.024771385 
338 562 16 16 0.024727674 
678 380 14 18 0.024708202 
310 256 8 10 0.02466696 
676 369 15 18 0.02464252 
462 246 9 12 0.024616156 
374 488 18 21 0.024614153 
408 276 11 12 0.02461343 
418 356 18 23 0.0246125 
642 333 12 16 0.024608007 
151 231 9 12 0.024593722 
13 417 13 18 0.024574561 
313 174 9 11 0.024471536 
167 309 10 14 0.024431013 
214 257 8 10 0.024396723 
191 430 22 26 0.024378156 
178 198 7 9 0.02436544 
638 324 14 17 0.024333207 
307 318 12 15 0.024325939 
209 230 8 10 0.024310062 
296 239 6 8 0.024305316 
823 356 12 15 0.02417635 
975 209 10 14 0.02414508 
926 172 8 10 0.024106715 
495 310 11 14 0.024058815 
224 321 11 15 0.024043044 
776 217 18 22 0.024034608 
279 308 11 15 0.023999356 
656 174 10 12 0.023979427 
655 261 11 14 0.023959829 
163 450 14 18 0.023949482 
884 400 22 24 0.023898311 
939 335 15 20 0.023885606 
918 198 8 10 0.023871757 
790 260 13 17 0.023854988 
133 322 11 16 0.023846058 
239 263 7 9 0.023836572 
424 192 7 9 0.023820737 
431 239 8 11 0.023816295 
287 308 11 16 0.023756871 
405 386 14 18 0.023755087 
503 492 24 27 0.023731863 
617 367 19 24 0.023716932 
0 551 9 14 0.023714442 
231 333 11 15 0.023703648 
763 353 15 20 0.023653906 
892 214 10 14 0.023630166 
446 203 16 22 0.02362481 
149 391 21 25 0.023603734 
393 218 8 11 0.023546986 
966 531 29 35 0.023538621 
334 294 10 13 0.023531783 
266 239 8 9 0.023519427 
232 260 8 10 0.023517493 
73 315 13 15 0.023502251 
565 235 10 12 0.023501946 
320 247 7 9 0.023482222 
240 231 6 8 0.023477651 
965 462 16 22 0.023461217 
105 221 8 10 0.023453243 
622 511 22 28 0.023450758 
224 225 8 9 0.023426654 
100 295 10 11 0.023415152 
96 499 23 29 0.02340009 
489 493 24 29 0.023392716 
903 230 10 14 0.023386355 
902 292 11 14 0.02337771 
416 221 8 11 0.02334915 
344 222 7 10 0.023316817 
359 256 8 11 0.023276834 
829 207 12 15 0.02324879 
399 246 8 10 0.023204856 
929 465 29 40 0.023098113 
877 365 13 18 0.0230641 
670 189 8 11 0.023054443 
389 395 13 17 0.023042465 
949 208 11 13 0.022999763 
1 483 11 16 0.022997813 
444 287 12 15 0.022977797 
747 365 20 25 0.02296224 
69 246 9 10 0.022941804 
902 261 10 12 0.022915728 
191 200 8 9 0.022903528 
241 469 26 35 0.022755869 
449 263 10 13 0.022745533 
2 419 15 21 0.022742298 
133 458 24 28 0.022696836 
983 399 14 18 0.022692364 
510 192 7 8 0.022638438 
90 525 17 20 0.02260642 
488 193 7 9 0.022592107 
820 348 13 16 0.022588471 
160 492 28 34 0.02255047 
491 335 18 23 0.022487734 
263 302 11 14 0.02247053 
956 385 16 20 0.022470467 
177 428 23 25 0.022461645 
193 415 17 22 0.022379294 
230 230 8 10 0.022351736 
644 393 13 17 0.022300998 
27 364 14 19 0.022293283 
352 208 6 9 0.022281447 
129 280 18 22 0.022267226 
475 390 14 18 0.022240557 
937 326 11 15 0.022238411 
491 546 27 30 0.022233455 
349 243 10 12 0.022147262 
320 239 6 9 0.022138122 
64 319 9 11 0.022129184 
575 182 9 10 0.022120854 
313 299 10 13 0.022074416 
52 554 17 19 0.02206281 
233 247 7 9 0.022061339 
745 205 10 13 0.022039909 
215 224 8 9 0.022039888 
314 198 8 9 0.022021705 
497 437 25 30 0.02200963 
664 510 27 32 0.021983698 
320 254 9 11 0.021977108 
573 228 9 11 0.021974301 
782 293 13 17 0.021947972 
306 278 19 24 0.021917898 
615 201 10 13 0.021814644 
711 282 14 18 0.021735428 
72 269 9 10 0.02173287 
93 540 14 18 0.021722868 
777 544 30 31 0.021693584 
413 200 8 11 0.021679925 
101 396 14 19 0.021677475 
366 259 18 23 0.021643238 
201 190 8 10 0.021642566 
0 532 11 17 0.021519031 
471 201 7 9 0.021517787 
112 246 8 10 0.021499516 
125 271 8 10 0.021496128 
383 221 7 10 0.021495245 
519 394 16 20 0.021483663 
903 284 11 14 0.021481149 
510 480 24 26 0.021478798 
253 304 11 13 0.021452725 
24 318 12 14 0.021450667 
400 253 9 12 0.02144782 
453 482 17 23 0.021442557 
198 256 7 9 0.021424562 
317 289 18 23 0.021412004 
428 430 24 30 0.021384807 
574 253 10 12 0.02137723 
910 206 10 12 0.021367356 
37 366 13 16 0.021322718 
159 272 9 10 0.02127872 
43 316 11 14 0.021274472 
450 433 23 31 0.021273924 
357 338 13 18 0.02126135 
175 304 9 11 0.021220883 
365 334 15 19 0.021204133 
671 265 15 19 0.02120141 
906 471 23 29 0.021193538 
184 263 8 10 0.02119033 
343 287 10 12 0.021177895 
433 194 6 8 0.021157118 
534 258 11 15 0.021101063 
869 356 10 15 0.021100493 
520 201 8 10 0.02108398 
448 411 14 19 0.021062285 
559 294 11 14 0.021015719 
670 199 9 12 0.020996887 
864 284 12 15 0.02099668 
963 337 16 19 0.020995926 
258 261 8 10 0.020975074 
545 464 24 32 0.020961106 
389 296 18 24 0.020937335 
762 218 11 16 0.020911956 
343 275 11 12 0.020892484 
248 271 9 10 0.020889381 
425 228 10 12 0.020889156 
862 195 10 13 0.02087342 
640 206 11 14 0.020831965 
199 232 7 9 0.020821525 
369 213 8 10 0.020812592 
352 272 19 25 0.020795934 
518 510 25 31 0.020784304 
567 201 8 10 0.02077631 
191 291 9 11 0.02074001 
431 323 12 17 0.020706935 
731 285 14 19 0.020695072 
337 224 8 9 0.020664655 
106 271 8 10 0.020660475 
401 200 7 9 0.02061385 
476 493 24 32 0.020598996 
209 257 8 10 0.020574588 
518 201 18 23 0.020535585 
428 193 19 25 0.020535257 
121 362 12 17 0.020530378 
118 443 14 18 0.020508727 
336 232 7 9 0.020491568 
267 351 15 19 0.02049086 
98 237 8 11 0.02044271 
499 338 12 15 0.020429708 
226 214 7 9 0.020425042 
158 351 10 14 0.020408373 
741 531 24 28 0.02040202 
77 363 13 16 0.020330863 
185 244 9 11 0.020325981 
538 182 8 10 0.020316897 
424 210 16 22 0.020308157 
783 453 23 28 0.020295354 
999 300 13 17 0.020268619 
290 238 7 9 0.020261561 
522 546 27 32 0.020259973 
101 332 12 14 0.0202503 
28 356 12 16 0.020249445 
91 531 25 30 0.020220058 
99 318 20 23 0.020199152 
63 415 18 21 0.020156927 
600 177 10 11 0.020151852 
158 237 8 10 0.020150373 
715 439 23 28 0.020083196 
617 508 17 21 0.02005868 
636 355 16 19 0.020032022 
628 473 17 21 0.02002653 
0 413 10 17 0.020000922 
