2_Demonstration_Demonstrators_2_163
53
561 182 100 126 0.99907637 
885 260 45 54 0.9946924 
192 263 60 72 0.99261224 
839 285 39 45 0.9750991 
328 189 86 108 0.93802476 
555 293 24 32 0.6694414 
94 262 32 41 0.5485199 
19 238 29 43 0.44902757 
37 155 17 22 0.25163233 
29 245 28 45 0.13144165 
0 291 22 35 0.07031003 
290 214 98 110 0.0690779 
100 262 44 57 0.069067754 
808 273 46 55 0.053704884 
574 253 36 45 0.050798703 
237 429 47 61 0.047022853 
118 285 43 57 0.04572866 
70 492 13 18 0.043621153 
4 237 32 47 0.04361239 
41 260 25 34 0.041664742 
11 214 45 63 0.041609496 
75 244 50 68 0.04105627 
176 279 48 53 0.04101899 
658 1081 196 212 0.037782487 
464 50 45 56 0.033071812 
106 285 29 37 0.032076508 
30 159 16 21 0.0313818 
361 174 66 88 0.031242078 
23 260 45 64 0.031239387 
35 279 43 62 0.029054677 
105 269 18 22 0.02830139 
41 149 17 21 0.027600225 
977 1091 12 17 0.027265623 
329 57 60 75 0.02664772 
86 515 14 18 0.026312284 
0 302 46 67 0.026210852 
126 302 26 32 0.025810761 
38 232 48 65 0.025424832 
285 241 58 70 0.025107002 
208 418 48 61 0.024287315 
69 684 15 20 0.024238491 
255 430 33 41 0.023535466 
58 498 15 18 0.023360526 
7 629 18 32 0.022709232 
49 265 44 61 0.022400158 
314 481 41 58 0.02227206 
22 430 409 529 0.0219331 
47 1121 202 255 0.021857465 
24 205 32 40 0.021621361 
117 601 16 19 0.021343244 
549 279 41 55 0.02098095 
69 491 22 28 0.02040536 
862 273 49 55 0.020304754 
