2_Demonstration_Demonstration_Or_Protest_2_578
502
941 320 29 37 0.9997311 
667 295 29 36 0.99944097 
568 307 26 32 0.99927825 
322 320 24 30 0.9983724 
852 336 28 32 0.9964192 
749 252 15 21 0.99385744 
503 304 21 28 0.99334466 
810 232 15 19 0.993204 
255 334 22 28 0.9917291 
68 309 22 27 0.98804456 
148 322 20 27 0.9860787 
704 211 11 14 0.9748385 
579 276 18 23 0.9695672 
780 349 25 29 0.9658757 
881 247 16 20 0.965172 
423 308 21 25 0.94838023 
961 225 14 17 0.91463524 
230 270 14 18 0.89674413 
93 268 12 15 0.88158154 
293 219 12 14 0.87802863 
0 311 19 23 0.8198974 
611 221 12 15 0.8091268 
212 354 22 28 0.80417544 
984 233 13 17 0.70892394 
548 221 11 15 0.7012467 
808 206 10 12 0.67118955 
385 249 13 19 0.6312255 
905 223 12 14 0.5691999 
586 250 13 17 0.5296457 
496 258 15 19 0.5196705 
698 248 15 19 0.44718546 
669 189 8 12 0.44017875 
575 216 10 13 0.4204921 
627 182 9 12 0.3571105 
383 226 11 14 0.32079265 
550 199 9 12 0.314423 
495 275 14 17 0.30329612 
748 183 8 10 0.28659832 
316 222 9 11 0.28129503 
742 199 9 12 0.2803165 
323 166 13 16 0.27950144 
959 203 10 12 0.27347577 
885 207 9 11 0.2721784 
303 247 12 15 0.26440606 
749 226 12 15 0.26429436 
469 327 20 27 0.26344514 
289 222 11 13 0.23846102 
713 229 12 14 0.23693547 
543 203 9 11 0.23557179 
871 165 9 11 0.23466124 
812 209 10 13 0.23262905 
733 184 8 11 0.2273541 
829 141 9 11 0.21728584 
710 175 9 11 0.21221524 
671 206 8 11 0.21117961 
629 188 8 10 0.20630184 
49 305 15 21 0.1971176 
730 189 8 11 0.18459243 
661 222 8 12 0.18278624 
800 201 10 13 0.18248107 
661 205 9 12 0.17444015 
657 212 9 12 0.14632381 
29 198 10 13 0.14487986 
745 221 9 14 0.13976814 
745 188 9 11 0.13422687 
743 215 8 11 0.1340659 
639 141 8 11 0.13174456 
789 173 9 11 0.12736571 
0 231 13 24 0.12593807 
281 223 9 11 0.12551156 
789 168 8 11 0.12187392 
558 183 8 11 0.12149274 
743 135 9 11 0.120944284 
389 229 11 13 0.11941555 
398 235 11 15 0.11869939 
749 167 9 11 0.11297082 
836 267 10 13 0.10764314 
520 183 8 10 0.105747685 
715 234 11 15 0.10498011 
805 200 11 14 0.103464365 
769 136 8 10 0.10325878 
522 190 8 11 0.10048336 
552 167 6 8 0.09738157 
863 157 10 12 0.09734823 
808 131 10 12 0.096177585 
582 173 7 9 0.0959712 
537 204 9 11 0.09499198 
705 174 8 10 0.091183566 
299 284 19 23 0.08959421 
877 167 8 10 0.089510895 
845 190 10 12 0.08888616 
206 247 12 15 0.08862378 
5 201 11 15 0.088107824 
611 157 8 10 0.08687528 
749 173 8 10 0.086773224 
495 200 7 10 0.08668096 
1 217 18 31 0.085786335 
768 193 8 10 0.08542453 
487 187 7 10 0.08481281 
478 297 14 19 0.08481025 
1014 207 8 11 0.08478935 
713 167 8 10 0.082987435 
744 167 9 11 0.082053185 
268 194 13 15 0.0818348 
557 188 9 11 0.07991802 
813 174 9 10 0.077049606 
679 148 9 11 0.07682607 
985 241 13 16 0.07672105 
864 152 9 12 0.07598897 
738 203 9 12 0.07539786 
641 137 8 11 0.07460748 
745 139 9 12 0.07451949 
768 140 8 10 0.07387982 
793 197 10 12 0.07271753 
360 250 13 18 0.07222857 
714 160 7 9 0.07213247 
128 308 22 27 0.0713471 
168 236 9 12 0.06999721 
864 163 11 12 0.06934227 
998 196 9 10 0.06881805 
520 197 8 11 0.06783653 
665 185 9 12 0.06761614 
767 176 9 11 0.0672147 
734 166 9 11 0.06714264 
791 210 10 14 0.06700386 
583 151 7 10 0.066403635 
708 221 12 14 0.06561657 
831 149 8 10 0.06531615 
151 230 10 13 0.0647499 
286 174 9 11 0.064173155 
751 158 8 11 0.06342295 
560 204 10 12 0.063347355 
708 250 13 16 0.06310688 
631 206 8 10 0.062746234 
813 191 9 12 0.06241855 
816 151 8 10 0.062321186 
760 234 10 16 0.061350137 
833 157 8 11 0.061300483 
583 169 6 9 0.061280336 
625 176 9 11 0.060619045 
358 236 13 17 0.059623245 
796 261 11 15 0.05938109 
662 199 9 12 0.059008066 
312 216 10 12 0.058841508 
505 151 8 9 0.058814418 
45 220 10 12 0.057485987 
289 215 20 23 0.057086308 
756 230 11 14 0.055587288 
76 253 13 15 0.05513997 
586 188 9 12 0.054188 
329 251 12 17 0.05394844 
713 152 7 8 0.053893548 
689 165 9 11 0.053593062 
645 136 9 11 0.052940346 
839 158 9 11 0.052345507 
286 226 10 12 0.0519052 
734 161 9 9 0.05125994 
729 166 9 10 0.051198095 
671 198 9 12 0.050591473 
117 367 15 19 0.050126538 
212 266 12 17 0.049850654 
353 229 10 13 0.049777776 
917 600 15 18 0.049632434 
854 141 9 10 0.04962554 
964 199 9 11 0.04953113 
748 198 9 12 0.04925986 
239 221 11 14 0.049121805 
585 184 9 11 0.049075916 
438 228 10 13 0.048960567 
704 168 8 10 0.04860578 
592 213 10 13 0.048327386 
695 158 7 9 0.047140196 
441 211 10 13 0.04695528 
715 245 13 16 0.04690339 
579 220 9 11 0.04682646 
882 212 10 12 0.04673509 
896 152 7 10 0.046601016 
826 136 9 11 0.046453826 
1 204 10 15 0.046291333 
527 198 8 11 0.045836836 
1013 212 9 12 0.045835014 
557 198 11 13 0.045770943 
617 356 14 19 0.045634806 
823 151 8 10 0.045460243 
329 187 11 14 0.04498882 
690 160 8 9 0.044909265 
869 160 9 11 0.044820115 
138 218 12 16 0.04479184 
272 223 9 11 0.04458039 
511 232 8 11 0.04443692 
454 239 10 13 0.04406794 
56 228 11 15 0.043866504 
660 226 10 15 0.043681208 
620 220 11 14 0.043601215 
597 184 9 11 0.04329525 
646 159 8 11 0.043276675 
886 201 10 13 0.043020543 
222 290 15 23 0.043009594 
119 273 13 15 0.04260509 
591 184 8 12 0.04236659 
757 274 12 16 0.04226827 
514 200 7 10 0.042251997 
739 272 13 16 0.042134404 
365 230 10 12 0.04198075 
812 197 12 15 0.041232787 
469 230 8 11 0.04090234 
477 303 20 29 0.040638372 
851 235 13 15 0.040631518 
553 175 8 10 0.04059356 
521 143 7 10 0.040557805 
362 244 12 16 0.04048871 
1016 197 8 12 0.04046278 
162 194 16 20 0.039989196 
577 174 8 10 0.039984297 
846 182 9 12 0.039894503 
582 158 8 9 0.03971153 
625 197 9 12 0.03958136 
773 135 8 10 0.039333798 
745 158 8 11 0.039132006 
656 184 8 10 0.03877242 
697 174 7 10 0.03875927 
598 126 7 10 0.03874936 
975 192 8 10 0.03859833 
886 184 10 11 0.03809507 
529 168 7 9 0.03802476 
609 165 9 10 0.03795579 
790 158 8 9 0.037952274 
733 148 9 11 0.037894793 
570 215 9 12 0.037795402 
629 198 9 11 0.037668515 
699 238 14 16 0.037612967 
801 144 8 10 0.03759132 
706 180 8 10 0.037285224 
839 182 9 11 0.03705586 
565 200 9 11 0.03694612 
825 120 10 12 0.03653589 
806 142 9 10 0.036535297 
763 273 14 17 0.036465928 
818 230 12 16 0.036368124 
147 393 29 30 0.036340848 
859 157 8 11 0.036325835 
397 242 13 17 0.035915203 
896 157 8 11 0.03584455 
627 252 11 13 0.03571423 
0 213 11 22 0.03560639 
716 224 10 13 0.035132542 
767 205 10 12 0.034982458 
839 175 10 11 0.034939233 
831 181 8 11 0.0349209 
571 219 10 13 0.03488172 
445 207 10 14 0.034740444 
1002 258 16 21 0.034521803 
552 259 12 16 0.034516253 
868 150 9 12 0.034322985 
303 204 11 13 0.03424434 
903 165 7 9 0.034018613 
887 168 8 9 0.03382011 
742 126 9 11 0.033524 
460 321 22 28 0.033477403 
759 135 8 10 0.03330824 
509 216 9 12 0.03329229 
301 214 10 14 0.033174776 
864 95 10 12 0.033083133 
847 104 9 10 0.032878898 
743 118 11 13 0.03277406 
182 243 13 17 0.032741103 
26 202 11 14 0.03270769 
635 142 9 11 0.032641456 
520 204 9 10 0.032561388 
199 396 27 35 0.032493852 
465 92 11 15 0.032297652 
790 152 9 10 0.032284137 
769 158 8 10 0.03225985 
19 181 10 14 0.03225396 
767 150 8 11 0.032029178 
624 204 9 12 0.032013588 
847 174 9 11 0.031925507 
746 151 7 9 0.031705365 
745 112 9 11 0.031599283 
869 125 9 12 0.031542838 
968 191 8 10 0.031413645 
357 230 12 15 0.031402417 
584 119 10 12 0.031372342 
454 213 8 11 0.031222818 
76 348 12 16 0.031215578 
961 192 8 10 0.03118749 
772 259 13 16 0.031101473 
718 166 7 10 0.030903045 
934 182 8 11 0.030808277 
300 227 12 14 0.030634241 
774 190 8 11 0.030225765 
895 237 10 14 0.030185023 
829 100 10 12 0.030159542 
806 201 17 22 0.030106226 
719 135 7 9 0.03000818 
600 203 10 15 0.0299586 
614 164 8 11 0.029867854 
36 180 11 13 0.029790703 
813 225 12 14 0.02969022 
33 175 11 13 0.029556327 
982 190 8 10 0.029403005 
685 207 9 12 0.029177723 
269 200 13 16 0.02906837 
238 195 10 13 0.029036116 
750 152 8 9 0.029017884 
455 325 12 15 0.029004091 
623 226 11 15 0.028882092 
211 245 10 14 0.028880976 
836 275 12 16 0.028719578 
474 316 23 30 0.028611552 
904 142 8 9 0.028599685 
968 176 8 10 0.028589819 
728 195 10 13 0.028486785 
968 181 8 9 0.028402355 
528 173 8 10 0.028376456 
520 176 8 10 0.02827684 
22 415 15 21 0.028180372 
472 136 9 11 0.028095745 
695 153 8 9 0.028084991 
567 231 10 12 0.028035508 
976 175 8 12 0.027953953 
958 210 12 14 0.027945304 
400 321 13 19 0.027742544 
599 175 7 9 0.0277179 
953 356 17 22 0.027676897 
926 236 11 14 0.027458718 
483 188 9 11 0.027437665 
317 243 10 14 0.027370648 
865 322 16 19 0.02736557 
641 123 8 11 0.027290614 
294 270 26 32 0.0271876 
879 184 8 10 0.02718044 
767 212 10 13 0.027137162 
568 175 7 9 0.027119655 
599 218 11 15 0.027112821 
462 325 11 15 0.027091417 
641 164 7 10 0.027032036 
891 353 16 18 0.027023315 
858 55 8 11 0.026979432 
489 199 8 11 0.026978616 
645 119 11 13 0.02692457 
171 231 10 13 0.026873084 
506 232 8 11 0.026813619 
808 189 11 13 0.026763357 
478 152 8 10 0.026643744 
849 141 9 11 0.026527323 
739 212 9 12 0.02649944 
377 224 10 13 0.026486216 
703 269 11 14 0.026395578 
656 151 8 9 0.026261372 
212 398 13 17 0.026218204 
993 190 10 12 0.026119739 
861 237 11 13 0.026007881 
695 166 8 11 0.025953257 
717 175 9 11 0.025939386 
821 223 10 13 0.025853833 
92 229 11 13 0.025656603 
21 190 10 14 0.025622968 
589 206 10 14 0.025461154 
892 563 52 56 0.025343876 
905 137 7 9 0.025317824 
311 226 11 14 0.02531304 
775 141 7 10 0.025161607 
522 149 7 10 0.025010752 
325 277 11 14 0.024970839 
954 205 9 10 0.024919992 
861 54 8 10 0.024868784 
902 243 10 13 0.024795357 
361 267 11 16 0.02474372 
896 165 8 10 0.024720406 
944 205 9 10 0.024671836 
206 239 11 14 0.024650434 
16 189 10 13 0.024640601 
454 189 12 15 0.024609769 
53 221 11 14 0.024606992 
764 292 12 15 0.02460343 
712 145 7 8 0.024562323 
958 572 15 19 0.024561012 
808 181 10 12 0.024547499 
380 223 18 23 0.02452414 
109 229 9 12 0.024433909 
729 161 8 10 0.024377676 
872 182 9 11 0.02433781 
848 136 9 12 0.024299217 
609 151 10 12 0.024263699 
687 213 9 12 0.024236765 
647 165 8 9 0.024232686 
871 133 8 11 0.0242133 
449 252 12 15 0.024115756 
169 200 16 18 0.024046253 
717 160 8 10 0.0239786 
750 135 9 12 0.02393555 
839 152 9 11 0.023918359 
589 195 10 12 0.023903457 
696 230 10 13 0.023861881 
830 187 9 12 0.023825023 
790 54 11 14 0.0238183 
738 135 8 10 0.023790991 
983 247 12 15 0.023790415 
390 234 14 18 0.023773255 
366 224 9 11 0.02374796 
0 201 20 33 0.023743883 
770 165 8 10 0.02369043 
919 238 10 13 0.023540365 
332 252 16 22 0.023529405 
583 145 8 10 0.02341156 
125 285 23 27 0.023369147 
745 222 18 24 0.023298096 
825 181 9 12 0.023257215 
48 176 9 12 0.023223357 
123 260 16 19 0.023205172 
394 232 20 24 0.023197697 
190 262 13 18 0.023174278 
639 148 9 11 0.023162201 
309 236 11 14 0.023142193 
683 6 93 123 0.023137972 
812 167 11 13 0.023117248 
969 167 7 9 0.0230556 
672 143 9 10 0.022959992 
572 211 18 22 0.022953553 
480 165 7 10 0.022952998 
200 250 13 16 0.022935757 
505 215 9 12 0.022929728 
695 181 8 10 0.022907797 
210 251 13 17 0.022855366 
551 161 7 9 0.02285247 
1012 571 13 20 0.022768563 
278 215 11 14 0.022714667 
729 144 9 11 0.022708502 
8 317 16 22 0.022705218 
829 235 10 15 0.022699207 
325 230 10 12 0.022672478 
761 191 9 12 0.022670535 
131 322 14 20 0.022635844 
434 223 10 13 0.022537643 
766 252 11 15 0.02234739 
654 124 9 11 0.022325031 
856 164 9 12 0.022202285 
678 251 10 14 0.022193933 
126 223 10 12 0.022173658 
783 144 7 9 0.022103341 
105 229 9 12 0.02209857 
960 175 8 10 0.022061361 
513 142 7 10 0.02200415 
440 262 11 15 0.02198409 
22 192 19 24 0.02197079 
699 212 10 14 0.021950494 
742 176 19 23 0.021920878 
604 535 32 34 0.021915132 
535 213 9 13 0.021800566 
933 237 10 12 0.021782253 
814 182 8 11 0.021659194 
539 307 15 21 0.021625409 
665 175 8 10 0.021613548 
403 236 11 14 0.021577448 
319 275 11 15 0.021552252 
1009 208 10 11 0.02148984 
159 236 11 13 0.021485161 
471 295 15 21 0.021451129 
728 174 8 10 0.02143434 
207 255 21 27 0.021378452 
734 172 10 12 0.021309284 
854 174 10 13 0.021286696 
926 262 10 13 0.021282842 
607 214 13 18 0.021184554 
678 206 9 11 0.021150973 
920 181 8 10 0.021144103 
623 177 17 23 0.021138873 
66 174 8 10 0.021105677 
264 228 10 14 0.021101683 
511 204 8 10 0.021098807 
592 168 7 9 0.021038378 
814 143 8 10 0.021015985 
720 182 9 10 0.02099206 
787 28 14 18 0.020990722 
381 234 14 19 0.020966219 
111 223 9 12 0.020906068 
815 156 9 11 0.020879282 
766 340 13 17 0.020813271 
806 150 8 10 0.020802887 
857 152 9 11 0.020717664 
792 237 9 13 0.020713676 
625 245 12 16 0.020712253 
773 175 8 10 0.020697033 
944 229 9 12 0.020694194 
488 151 8 10 0.020653915 
547 167 7 9 0.020553065 
699 250 22 26 0.020552602 
132 277 14 16 0.020547597 
558 228 9 13 0.020541647 
45 283 21 28 0.020498337 
887 221 9 12 0.020452088 
718 198 9 12 0.02037554 
317 370 16 17 0.020370055 
1 190 9 13 0.020325113 
761 206 9 11 0.020254785 
599 151 8 10 0.020236725 
281 179 10 13 0.020227524 
792 192 9 12 0.0202212 
1012 250 12 20 0.020195575 
664 151 7 9 0.020181768 
156 395 17 20 0.020171892 
