2_Demonstration_Demonstration_Or_Protest_2_604
123
403 137 56 68 0.9975702 
278 32 88 123 0.99674857 
824 394 139 174 0.99608815 
655 121 59 106 0.9903341 
97 164 43 60 0.9860946 
13 176 25 33 0.9803153 
537 137 23 27 0.91676 
36 209 17 23 0.71062225 
168 170 26 31 0.5827466 
40 128 17 20 0.5824852 
13 134 12 14 0.57104284 
466 149 17 24 0.46596065 
697 106 28 37 0.44360512 
2 232 24 35 0.3986706 
101 130 16 20 0.33068612 
71 135 14 18 0.32964534 
517 97 13 17 0.20364253 
684 106 26 38 0.18078372 
782 3 61 79 0.17717242 
308 184 29 36 0.16292861 
495 10 11 14 0.15788981 
256 290 49 62 0.14698078 
80 136 25 29 0.14324632 
85 122 13 15 0.14173926 
93 133 23 26 0.1180752 
3 153 16 22 0.09509086 
709 99 29 39 0.09430678 
474 106 14 17 0.0845206 
11 224 17 24 0.082690075 
680 106 47 79 0.075355805 
111 89 15 19 0.071581885 
772 99 29 31 0.068759106 
797 173 30 40 0.06813058 
558 127 78 125 0.06627971 
28 113 12 15 0.06007611 
478 99 14 17 0.059943136 
347 156 29 45 0.057501327 
24 170 18 24 0.05540098 
118 178 32 48 0.05177883 
521 145 16 18 0.05094082 
45 161 38 47 0.05033702 
6 162 22 31 0.04931664 
501 443 59 96 0.047781654 
475 304 58 85 0.04678471 
563 146 12 16 0.045551557 
177 159 27 33 0.044967417 
10 138 12 14 0.04451578 
21 165 15 21 0.043250166 
365 1 31 24 0.041360643 
556 142 15 21 0.03984321 
226 48 83 114 0.03972611 
158 167 25 32 0.038595572 
482 124 14 18 0.03849793 
86 121 21 26 0.038484912 
320 14 64 87 0.036292315 
469 187 24 29 0.035904918 
799 -4 133 126 0.035079967 
76 125 21 25 0.033152264 
476 127 17 21 0.033007827 
320 147 40 58 0.033001024 
16 218 15 21 0.03281584 
477 12 11 14 0.031059053 
0 138 8 13 0.030393817 
704 103 52 67 0.030285362 
463 157 25 37 0.030211026 
564 97 11 14 0.029752811 
491 18 14 18 0.029456254 
481 460 54 73 0.029314077 
83 148 33 42 0.029081171 
344 7 59 74 0.02906725 
35 430 25 31 0.029021371 
59 168 15 22 0.028899098 
512 174 53 64 0.02852761 
196 85 56 78 0.028260207 
9 145 15 19 0.028141757 
876 123 16 20 0.02762591 
506 114 26 32 0.027417175 
513 190 25 33 0.027175747 
612 125 78 115 0.027010804 
335 78 34 59 0.026974263 
169 113 25 31 0.026854275 
487 12 13 15 0.0267564 
471 31 10 13 0.02674117 
74 173 26 31 0.026706707 
678 26 28 32 0.026340172 
41 197 26 32 0.025408905 
560 94 11 13 0.02531912 
522 245 17 22 0.025065389 
510 239 31 38 0.024610056 
789 176 47 63 0.024523864 
528 141 47 61 0.024381319 
470 177 13 18 0.024083365 
17 138 13 15 0.024023741 
2 208 15 21 0.023909144 
492 388 102 148 0.023464903 
434 472 45 65 0.023398425 
26 214 25 31 0.023022136 
1 191 22 34 0.022910507 
491 175 40 49 0.022850104 
512 102 22 26 0.022770982 
764 97 47 56 0.022631422 
340 417 66 79 0.02229699 
32 150 26 29 0.022015339 
127 107 27 32 0.021874808 
148 171 25 35 0.021711655 
87 480 24 38 0.021549104 
311 169 34 38 0.0213286 
513 92 14 17 0.021308642 
700 3 94 108 0.021274282 
-2 230 39 55 0.021259584 
-1 214 22 38 0.021066785 
482 103 15 19 0.021043502 
92 133 53 63 0.020954613 
375 132 46 67 0.020753529 
803 180 17 21 0.020591138 
763 173 17 20 0.020582298 
420 448 80 109 0.020438222 
184 174 19 23 0.020435244 
713 98 19 23 0.020334875 
44 153 14 18 0.020295486 
539 170 27 33 0.020213759 
162 76 17 20 0.020049246 
522 105 14 17 0.02001203 
