2_Demonstration_Political_Rally_2_22
120
76 389 103 116 0.9998658 
580 476 47 67 0.99918157 
867 404 52 75 0.94495356 
377 323 60 83 0.8105916 
573 410 25 36 0.80048364 
453 382 23 28 0.7279299 
427 440 22 29 0.60034704 
767 368 29 35 0.5434176 
297 418 26 42 0.25547132 
538 368 43 55 0.22749302 
748 349 48 58 0.18981491 
981 333 17 21 0.16536324 
564 404 45 53 0.15323234 
1006 394 14 18 0.10974019 
998 388 23 31 0.09677593 
419 275 13 19 0.08682405 
803 390 38 51 0.079351045 
369 180 21 30 0.072091214 
359 279 99 129 0.063958935 
536 599 41 46 0.063481435 
556 89 31 44 0.062334284 
593 411 32 41 0.06135247 
960 326 12 14 0.0583334 
593 306 12 14 0.055322137 
251 111 52 66 0.055274412 
526 366 29 42 0.053420447 
203 98 41 42 0.052120026 
436 341 92 115 0.05155994 
558 384 31 47 0.04773021 
345 236 9 13 0.047594942 
588 344 13 15 0.04674817 
330 292 15 21 0.046504006 
31 381 34 43 0.046486218 
454 365 55 70 0.044683807 
837 269 11 13 0.043463003 
408 326 82 107 0.043186914 
-1 244 10 19 0.04303474 
999 392 14 19 0.042893786 
1011 399 11 18 0.042367525 
711 310 97 105 0.04211882 
761 369 41 60 0.040944956 
885 334 15 20 0.04069584 
89 341 14 17 0.040692203 
801 234 15 19 0.040146243 
307 188 11 15 0.039229695 
402 332 34 44 0.039002325 
603 396 27 38 0.03758162 
881 316 16 19 0.03736848 
440 299 46 50 0.03727579 
899 331 21 29 0.037113942 
635 252 10 14 0.035139408 
902 344 14 19 0.034963716 
570 420 49 60 0.03331185 
716 433 17 26 0.032854658 
388 323 33 47 0.032730106 
450 426 12 16 0.032721348 
285 405 29 37 0.031953428 
179 430 53 64 0.031906646 
351 219 11 15 0.031543776 
731 259 120 158 0.031241974 
349 228 10 13 0.030988643 
398 315 56 69 0.030403234 
422 223 10 13 0.030351276 
556 408 28 38 0.03008895 
3 299 13 16 0.030080026 
481 224 9 12 0.030060276 
593 292 11 14 0.02980574 
355 214 12 16 0.029631656 
617 336 31 42 0.028419873 
889 329 22 31 0.027594907 
25 315 10 13 0.027351666 
421 229 13 16 0.027290829 
928 319 8 10 0.027206784 
813 315 14 16 0.027176846 
555 358 30 50 0.026802612 
582 287 11 14 0.0266245 
496 230 9 11 0.026537163 
182 208 13 18 0.026535735 
500 279 14 22 0.026212787 
793 229 26 32 0.025932776 
878 397 31 52 0.025630044 
543 229 11 15 0.025525875 
687 172 38 49 0.024733655 
31 183 9 12 0.024593461 
358 179 23 32 0.02453979 
957 337 14 17 0.024501346 
77 349 28 34 0.024429124 
324 292 27 32 0.024372406 
444 395 54 71 0.023814917 
847 294 27 36 0.023781125 
608 322 12 17 0.023693895 
956 324 20 25 0.023670236 
435 441 25 42 0.023528716 
882 317 24 34 0.023257669 
929 326 10 12 0.023071367 
519 345 48 69 0.022750413 
1008 299 13 16 0.022720436 
216 95 51 65 0.02267485 
768 210 51 65 0.02234791 
446 313 13 18 0.022214914 
8 325 9 12 0.022106413 
496 274 25 36 0.02209335 
603 414 18 26 0.021947086 
100 282 16 20 0.021883562 
610 411 39 54 0.021689504 
909 297 12 14 0.021660106 
397 307 15 18 0.021435548 
372 300 10 13 0.021333925 
415 443 27 31 0.021272559 
72 336 9 11 0.021191968 
997 340 14 20 0.021182766 
485 225 10 12 0.021085698 
928 309 10 12 0.02104366 
520 483 43 63 0.020618768 
338 214 22 26 0.020468287 
422 167 10 13 0.020444287 
564 129 42 55 0.020438109 
47 174 11 13 0.02041327 
378 186 12 17 0.02033791 
424 309 50 60 0.020225422 
