2_Demonstration_Demonstrators_2_28
475
171 379 27 36 0.9989405 
657 606 55 64 0.9986926 
456 396 23 32 0.99864024 
40 389 32 43 0.99705887 
603 385 22 27 0.9967818 
516 445 27 35 0.9955273 
755 430 22 31 0.9947648 
594 503 36 47 0.993666 
385 429 27 34 0.9929 
251 395 23 30 0.9909875 
328 443 26 35 0.9883874 
891 437 26 42 0.9868721 
179 515 39 49 0.98549116 
333 514 32 40 0.9834584 
86 477 36 46 0.9804365 
546 361 15 21 0.9747244 
263 452 22 28 0.9741115 
491 388 19 27 0.9688793 
647 368 14 21 0.96505284 
368 381 17 24 0.9601096 
586 363 17 21 0.9557943 
297 425 23 31 0.95456374 
35 361 27 35 0.94047827 
673 378 15 23 0.93940324 
66 356 16 20 0.93700045 
421 353 15 19 0.92013454 
980 479 25 35 0.9167302 
843 514 41 51 0.9138905 
621 365 12 15 0.8949456 
38 548 42 55 0.8522411 
454 346 12 15 0.85196835 
870 398 22 30 0.84935004 
264 363 19 23 0.8488767 
442 370 19 27 0.8448368 
481 364 15 19 0.80275273 
715 402 14 18 0.80150735 
285 369 17 22 0.7795808 
764 350 14 21 0.7761868 
757 352 15 21 0.77122045 
684 449 22 27 0.7580109 
192 353 13 17 0.75445217 
463 370 14 18 0.71865016 
1004 444 20 30 0.6645775 
240 340 12 16 0.59870136 
219 371 13 18 0.53712684 
619 319 11 13 0.5207275 
215 335 11 14 0.49248686 
526 343 9 13 0.4607907 
569 341 11 15 0.38775527 
339 371 16 22 0.3845313 
809 331 8 10 0.38350958 
996 342 9 12 0.3794278 
64 340 12 14 0.3695425 
670 351 9 11 0.34250674 
141 422 17 25 0.3335894 
805 391 14 20 0.32963094 
498 367 14 19 0.30936882 
548 512 23 26 0.30671498 
156 369 17 23 0.30484834 
183 599 50 72 0.28014645 
662 332 9 11 0.27674332 
0 364 11 19 0.27581197 
649 342 9 12 0.2722877 
172 342 9 13 0.26537615 
639 347 10 13 0.25247514 
137 370 15 20 0.24618475 
163 363 14 18 0.23621768 
680 412 16 19 0.23471086 
998 446 16 23 0.23329802 
563 370 14 19 0.23029038 
491 556 37 57 0.22549804 
277 346 11 15 0.22085592 
1003 357 11 15 0.21870123 
794 332 9 11 0.21432473 
966 366 12 16 0.2129584 
999 348 10 14 0.21055767 
817 364 10 12 0.20026514 
804 359 10 14 0.19641985 
833 366 9 13 0.19584936 
407 378 11 16 0.19484206 
701 357 12 15 0.18176512 
564 323 10 13 0.17841527 
89 333 9 11 0.16899425 
46 330 11 14 0.16616222 
723 391 19 26 0.1638228 
711 370 11 16 0.16057757 
694 360 14 17 0.15771425 
709 355 13 16 0.1526027 
473 320 9 10 0.15149039 
346 295 17 20 0.14979354 
897 358 10 13 0.14828612 
706 581 28 49 0.14633508 
568 335 9 13 0.14353201 
510 353 11 15 0.1432509 
904 423 22 33 0.1401167 
853 333 10 11 0.1371923 
830 332 8 11 0.13561293 
502 350 11 14 0.1318157 
638 356 11 14 0.13072932 
838 391 13 18 0.124416955 
861 454 28 36 0.12391848 
756 404 16 21 0.122334756 
308 229 19 22 0.12003938 
445 366 13 18 0.11950503 
520 348 10 14 0.11948733 
561 321 10 12 0.11825577 
848 334 9 11 0.11542971 
732 372 14 16 0.11406602 
478 369 21 26 0.113490984 
438 489 29 37 0.11255168 
952 365 10 12 0.11194064 
704 334 9 11 0.10971911 
913 422 16 23 0.1076413 
477 350 11 13 0.10655542 
324 312 8 11 0.10309282 
589 323 9 12 0.10225806 
389 367 11 14 0.10097377 
862 325 9 12 0.10043204 
783 370 12 17 0.099209115 
140 384 17 23 0.09625092 
173 334 10 14 0.09617628 
925 331 15 18 0.09501328 
749 296 9 12 0.0946122 
553 364 17 25 0.09460567 
585 319 9 12 0.09418885 
533 369 12 16 0.09416922 
642 324 9 11 0.09384826 
160 373 26 32 0.09215644 
886 367 8 11 0.090972036 
149 372 19 27 0.090156764 
710 397 14 19 0.08894174 
729 386 17 21 0.0864768 
101 362 14 18 0.08509221 
256 387 20 27 0.08505814 
626 369 12 16 0.084340654 
958 365 12 15 0.08297778 
986 399 18 20 0.08071037 
-1 375 13 26 0.08022009 
436 470 26 34 0.07954168 
837 371 11 15 0.07725972 
845 341 10 12 0.076891765 
225 371 17 20 0.07680425 
604 349 12 14 0.07649555 
195 386 14 21 0.074316256 
798 329 7 9 0.07392612 
281 395 14 17 0.073322356 
326 316 9 13 0.07287208 
811 328 9 11 0.072796516 
840 328 8 11 0.07261259 
143 355 13 16 0.07144008 
879 400 16 22 0.07142713 
872 444 25 37 0.068797275 
595 358 12 16 0.06804284 
1006 378 11 15 0.0676291 
518 377 19 24 0.06699571 
613 347 12 14 0.06688598 
280 408 14 19 0.06609968 
367 335 10 13 0.064750984 
718 339 9 12 0.06446044 
826 329 9 11 0.064159304 
437 299 10 12 0.06405528 
432 378 13 19 0.06358325 
638 363 11 17 0.06354499 
821 359 9 12 0.06307207 
815 370 13 16 0.06204399 
683 379 11 17 0.06203084 
710 337 9 11 0.061974574 
97 358 24 29 0.0616456 
527 371 13 18 0.060740996 
572 337 10 13 0.060650945 
677 418 21 27 0.06008652 
19 342 11 12 0.059391636 
752 415 25 34 0.058028333 
231 363 13 18 0.057877015 
63 346 15 19 0.05733126 
125 363 13 20 0.056624092 
849 442 32 41 0.056480583 
901 352 10 15 0.056016196 
284 346 14 17 0.05536604 
258 371 23 30 0.055360332 
935 407 26 35 0.05497018 
864 321 7 10 0.054704547 
425 311 8 10 0.05386274 
725 324 9 12 0.05378559 
659 327 9 12 0.053665157 
429 310 10 11 0.053353526 
219 396 19 30 0.053319026 
860 403 18 25 0.05297543 
856 329 9 11 0.05261029 
117 363 13 18 0.052425228 
704 338 11 14 0.05158167 
108 363 14 17 0.051536486 
875 389 16 21 0.05148125 
330 344 10 13 0.051404793 
47 369 18 22 0.051335804 
716 364 11 15 0.051293205 
157 21 53 72 0.050671175 
688 364 13 15 0.050613496 
229 322 10 14 0.050559424 
680 428 23 29 0.05052038 
292 350 10 12 0.04990812 
623 312 9 12 0.049743775 
239 330 20 25 0.049483888 
550 351 11 14 0.04901448 
644 319 10 13 0.048837196 
853 470 32 33 0.048630375 
182 333 11 14 0.04783496 
276 369 14 19 0.047746222 
128 363 21 29 0.047736257 
333 323 11 13 0.047419585 
950 359 10 13 0.04678121 
648 337 9 12 0.046663873 
78 285 9 12 0.045591775 
439 364 13 18 0.04558549 
841 342 9 13 0.045435023 
186 383 21 30 0.045428697 
703 369 13 17 0.045126088 
702 328 8 10 0.044992886 
64 286 9 12 0.04490679 
468 371 18 23 0.04465814 
524 393 16 22 0.044425327 
32 341 9 12 0.044008415 
980 405 23 32 0.043692693 
926 385 15 19 0.043354306 
715 357 11 15 0.043176055 
855 409 15 19 0.043024704 
470 163 12 14 0.042870577 
836 360 10 13 0.042732105 
902 364 12 15 0.04262149 
371 374 15 21 0.042526472 
15 346 12 15 0.04218354 
1012 378 11 16 0.04204772 
96 358 10 12 0.041968662 
683 405 14 18 0.041897684 
516 351 12 17 0.0411987 
477 323 9 11 0.040611595 
540 550 58 68 0.040610384 
846 328 9 11 0.039704032 
923 292 43 51 0.03956808 
844 373 11 14 0.039426733 
389 269 17 21 0.039291535 
359 338 10 14 0.039247997 
363 514 23 34 0.039186288 
570 369 13 18 0.03865021 
173 326 11 16 0.0376917 
1001 380 11 13 0.03765944 
704 388 12 16 0.037570365 
227 320 9 12 0.037235465 
118 357 10 15 0.03721391 
665 384 13 18 0.03692204 
937 305 16 17 0.036903474 
762 407 15 21 0.0368733 
573 363 13 18 0.03674371 
697 327 8 10 0.03659455 
971 369 12 15 0.035974026 
920 408 26 32 0.035625204 
277 333 13 16 0.035585295 
992 337 10 13 0.035204332 
707 361 18 24 0.035192885 
236 356 13 16 0.034323588 
904 336 8 11 0.034290444 
572 396 12 19 0.03421775 
674 348 12 15 0.03408455 
433 293 11 15 0.034072105 
427 369 15 21 0.03400871 
615 369 14 17 0.03379846 
632 359 11 14 0.033780027 
968 351 10 13 0.03373628 
409 257 23 28 0.033647176 
530 342 12 15 0.033613075 
582 397 14 19 0.033487845 
560 347 10 14 0.033325125 
311 359 12 14 0.033146426 
194 343 16 17 0.033126473 
446 356 13 18 0.03286812 
146 391 21 31 0.032857437 
743 326 9 12 0.032780956 
627 450 13 18 0.03274491 
622 293 10 11 0.032632884 
814 351 10 12 0.03258728 
743 363 13 16 0.032440536 
158 359 12 16 0.03237468 
966 355 13 17 0.03233595 
972 357 9 13 0.03226413 
641 368 13 19 0.031822655 
750 358 15 19 0.031503614 
441 467 17 23 0.031446707 
697 332 10 12 0.031335127 
111 358 23 29 0.03121606 
945 441 16 21 0.031176565 
54 372 23 31 0.031173756 
489 370 17 22 0.031102376 
665 355 11 15 0.03102971 
726 380 16 19 0.030950248 
143 417 27 38 0.03092703 
616 357 12 16 0.030921772 
383 371 12 17 0.030910512 
320 348 9 13 0.030876826 
52 353 25 30 0.030804574 
497 350 11 14 0.03080378 
797 388 18 22 0.030748984 
811 365 20 26 0.030682396 
702 350 12 16 0.030568043 
599 350 11 15 0.030499266 
188 335 11 13 0.03045091 
581 342 11 15 0.030288965 
1006 357 21 29 0.03020795 
613 331 13 15 0.030187681 
169 336 16 23 0.03013676 
628 377 12 16 0.030120946 
560 330 11 14 0.029947253 
334 333 12 15 0.029926633 
806 381 11 15 0.029843284 
686 372 12 17 0.029807948 
664 340 10 13 0.029671755 
823 301 8 11 0.029581351 
615 315 17 21 0.029534575 
988 409 28 36 0.029413192 
183 338 11 16 0.029390914 
171 356 12 15 0.029338466 
432 269 10 15 0.029245986 
897 350 17 23 0.02913686 
997 349 19 26 0.028974988 
425 357 16 21 0.028887147 
903 369 13 17 0.028688755 
655 333 10 12 0.028546473 
671 344 9 12 0.028416758 
654 295 9 11 0.028391205 
691 378 13 18 0.028355462 
263 397 17 23 0.028244013 
984 350 9 11 0.028213887 
688 347 11 14 0.028188325 
722 317 10 14 0.028154425 
150 363 14 21 0.028103044 
157 393 14 20 0.02808736 
550 343 11 13 0.028021803 
931 297 25 29 0.027800323 
646 346 10 12 0.027638271 
925 391 25 30 0.027527831 
780 375 13 18 0.027477043 
846 413 22 28 0.027466195 
831 392 14 18 0.027448112 
279 380 21 26 0.027412385 
126 417 26 37 0.027312981 
667 345 19 24 0.027302591 
71 285 9 14 0.0272721 
607 343 11 14 0.027261354 
23 215 10 14 0.026979055 
590 351 13 16 0.026969844 
396 382 15 21 0.02666592 
941 426 23 33 0.026628545 
139 356 21 28 0.026456203 
815 342 9 11 0.0264382 
81 332 10 13 0.02638253 
440 25 10 13 0.026315019 
641 334 10 13 0.026226679 
227 293 16 20 0.02621767 
917 300 11 13 0.026139613 
659 370 14 20 0.026128063 
893 509 38 55 0.026085362 
531 376 15 21 0.026077079 
291 355 13 16 0.02577908 
839 468 33 32 0.025669191 
661 364 12 16 0.025646007 
295 405 11 17 0.025404546 
37 360 16 19 0.025391273 
391 359 10 14 0.025256203 
51 333 13 15 0.025248682 
36 348 11 13 0.025226427 
460 520 24 28 0.02513146 
119 350 10 12 0.025119016 
428 342 13 16 0.025059773 
919 357 11 13 0.025056114 
724 334 10 11 0.024943665 
496 356 12 17 0.024930868 
944 364 12 14 0.024750777 
973 351 8 11 0.024729067 
920 336 15 17 0.024705153 
731 455 16 19 0.024658537 
275 352 14 20 0.024605444 
125 357 12 17 0.024599973 
693 349 13 15 0.024444142 
4 359 12 17 0.0244246 
233 339 11 16 0.02439623 
950 445 23 31 0.024324836 
298 61 9 13 0.024211137 
830 371 20 27 0.02420707 
68 335 8 12 0.02416994 
1004 383 14 19 0.024131438 
588 396 12 17 0.024082687 
745 298 10 14 0.023992661 
283 332 14 18 0.023949185 
881 370 10 13 0.023868352 
941 450 22 29 0.023639476 
691 434 15 19 0.023466261 
589 343 10 13 0.023295114 
867 469 28 33 0.023242986 
316 358 11 16 0.023237899 
667 334 10 11 0.02323517 
47 338 11 15 0.0232113 
500 384 20 27 0.023116792 
894 334 10 13 0.023107145 
799 359 19 23 0.023105228 
56 339 11 15 0.023098053 
812 378 12 15 0.023096131 
333 421 12 17 0.023050545 
448 364 19 27 0.023047123 
369 245 9 11 0.022981968 
46 348 10 12 0.022879811 
567 342 19 22 0.022875339 
889 317 9 12 0.022803921 
659 416 17 21 0.022802757 
422 344 14 16 0.022749454 
616 312 11 13 0.022607794 
992 337 17 24 0.022478972 
975 420 26 36 0.022466738 
78 309 10 12 0.022412553 
94 350 38 47 0.022362974 
507 362 13 18 0.022270247 
472 186 11 16 0.02226478 
125 349 10 12 0.0222642 
850 371 14 16 0.022259127 
990 356 12 15 0.022247631 
34 375 31 44 0.02219047 
55 5 50 68 0.022127211 
845 398 22 27 0.022122512 
385 367 20 25 0.021843763 
736 394 24 30 0.02171296 
493 379 15 22 0.021639736 
730 375 22 26 0.021603154 
1006 372 19 27 0.02154937 
396 373 12 17 0.021534907 
444 145 13 17 0.021485142 
328 341 20 26 0.021480717 
42 326 12 15 0.021475226 
625 198 46 51 0.021343395 
615 212 14 16 0.021232603 
970 409 25 36 0.021222053 
483 351 11 13 0.021208081 
709 325 9 12 0.021158684 
523 339 17 22 0.021148013 
917 393 15 18 0.02114024 
617 293 10 12 0.021115614 
433 373 21 27 0.021053813 
607 318 12 14 0.021022856 
944 357 12 14 0.021005591 
984 358 9 12 0.020994302 
709 603 34 47 0.020938653 
1 378 24 34 0.02084537 
806 350 12 14 0.02079309 
805 369 14 17 0.020753747 
878 349 9 12 0.020734461 
948 412 23 32 0.020725016 
750 371 11 15 0.020678496 
853 381 13 15 0.02057442 
246 300 10 13 0.020565653 
927 560 30 34 0.020548943 
501 459 14 18 0.020543274 
667 417 16 22 0.020516373 
833 348 8 11 0.020508546 
668 361 15 19 0.020491712 
565 355 13 18 0.020483373 
348 358 13 16 0.020425646 
608 196 40 47 0.020412091 
8 524 36 48 0.020375973 
290 342 12 15 0.020350007 
927 420 27 40 0.020266812 
816 310 8 11 0.020237967 
772 404 13 19 0.020170739 
329 372 20 29 0.020145455 
502 453 25 30 0.020134624 
67 366 15 20 0.020121735 
527 449 25 34 0.02011134 
502 344 10 13 0.020013103 
233 333 10 14 0.020002278 
