2_Demonstration_Demonstration_Or_Protest_2_30
40
597 77 20 26 0.8723086 
771 76 49 66 0.8450701 
436 62 18 21 0.38711426 
168 418 48 50 0.2871413 
148 410 27 38 0.17757584 
435 210 45 64 0.15461463 
153 405 47 55 0.08755015 
153 158 51 65 0.061449286 
514 332 29 30 0.0593629 
422 195 75 106 0.044097777 
237 568 14 20 0.04377033 
378 172 43 50 0.04104728 
645 272 37 36 0.038245466 
380 305 62 70 0.030352559 
441 73 14 18 0.030161288 
182 118 36 36 0.029203882 
123 588 13 14 0.028651627 
223 182 33 39 0.02642635 
184 558 9 13 0.025901899 
229 474 14 19 0.025397269 
452 221 48 69 0.025303394 
162 411 19 25 0.025169445 
82 220 16 17 0.025097862 
228 22 42 58 0.02471608 
655 435 42 61 0.024561206 
184 163 52 60 0.024237342 
443 53 14 20 0.024199547 
195 285 16 20 0.024145547 
198 125 52 60 0.024009999 
608 81 15 19 0.023999792 
259 447 17 20 0.023242833 
202 435 82 103 0.0231978 
118 261 25 32 0.022559563 
205 148 50 60 0.021708608 
433 26 97 121 0.021310003 
438 196 33 45 0.021208288 
194 87 45 52 0.021006808 
436 78 16 18 0.020955224 
451 200 30 52 0.020807331 
431 72 26 30 0.02038562 
