2_Demonstration_Political_Rally_2_83
448
882 553 110 129 0.9996942 
403 306 85 116 0.9993766 
600 492 93 129 0.999342 
506 213 52 60 0.9991781 
168 0 30 36 0.9991239 
290 568 102 137 0.9986141 
122 524 100 118 0.9978398 
627 392 86 96 0.99762946 
206 225 54 70 0.99686605 
181 155 46 57 0.99675876 
558 80 33 39 0.99653983 
883 334 79 84 0.9934263 
72 215 56 63 0.9932787 
3 393 82 98 0.99270904 
625 65 30 36 0.992645 
888 158 47 55 0.9923955 
225 263 71 96 0.99233174 
560 295 70 76 0.9907431 
290 34 29 35 0.9888343 
444 115 37 49 0.98813766 
109 79 32 41 0.98771626 
476 84 33 38 0.9872787 
678 612 102 105 0.9861443 
216 60 39 50 0.98598456 
97 292 68 82 0.98566854 
307 71 29 37 0.9828068 
385 154 30 42 0.98138565 
173 386 76 98 0.97823113 
1 71 33 43 0.9776113 
230 119 42 54 0.9773136 
265 19 21 27 0.97696346 
200 109 34 42 0.97465444 
322 164 51 63 0.9741964 
428 33 27 35 0.96768785 
808 134 40 52 0.96750325 
400 110 31 38 0.96682143 
789 121 33 40 0.9644252 
743 151 40 50 0.95900375 
475 17 25 30 0.957461 
870 30 25 29 0.9405759 
824 64 23 32 0.92213887 
235 12 27 35 0.9138637 
45 180 41 54 0.8900106 
558 185 28 39 0.8783136 
495 42 24 30 0.8675863 
387 66 27 31 0.8410861 
957 148 41 52 0.83289105 
781 43 22 26 0.82535875 
972 446 54 91 0.81970984 
109 574 104 130 0.8059427 
403 200 52 63 0.803206 
669 51 22 26 0.77689695 
750 20 21 26 0.7737344 
885 76 32 40 0.7577681 
474 173 40 49 0.7415926 
831 336 37 43 0.7322586 
375 247 45 61 0.70179 
3 129 53 65 0.7017509 
816 40 20 22 0.6973718 
508 -1 27 24 0.68162024 
601 111 38 46 0.6767452 
215 242 59 80 0.67530733 
930 198 46 61 0.6366134 
919 -1 21 22 0.6317354 
277 74 34 41 0.62412566 
115 43 28 35 0.6115997 
412 1 22 23 0.60953915 
950 415 51 60 0.6033774 
80 36 28 31 0.57754993 
33 62 28 39 0.57075065 
631 234 32 39 0.5503957 
301 0 17 19 0.53468996 
292 71 32 37 0.53418475 
343 30 25 32 0.53310156 
967 210 57 91 0.52778286 
941 80 31 37 0.5127796 
475 41 25 31 0.4934267 
997 126 23 35 0.45479363 
377 95 31 35 0.44510278 
730 378 63 91 0.43733257 
970 82 36 46 0.43333063 
390 217 54 67 0.4284339 
245 184 41 47 0.41297406 
800 25 16 19 0.41001153 
253 67 23 34 0.40863284 
133 444 38 47 0.39993024 
445 67 28 32 0.38514608 
604 61 24 29 0.3844597 
69 48 35 45 0.37426925 
552 408 46 62 0.35820994 
42 290 38 50 0.3390486 
327 84 27 34 0.33184832 
760 95 26 32 0.32664502 
621 38 22 26 0.32060027 
536 45 26 30 0.31767353 
25 3 25 27 0.30977768 
667 92 29 35 0.28502166 
267 5 22 25 0.2733372 
386 3 27 27 0.26757255 
587 18 22 27 0.26609105 
340 20 24 31 0.2636167 
567 43 20 24 0.26297492 
692 7 19 22 0.25555652 
55 190 48 59 0.25325662 
489 201 50 62 0.2509829 
376 0 26 25 0.24966931 
953 80 37 48 0.23992017 
947 11 22 27 0.23874703 
590 51 17 21 0.233877 
397 76 27 32 0.2320534 
834 17 16 20 0.23065159 
66 296 45 60 0.2255049 
464 185 40 51 0.20490551 
215 371 59 79 0.19387165 
880 131 30 38 0.19229098 
978 120 40 58 0.18931289 
613 213 44 56 0.18364705 
-1 158 30 45 0.17535302 
880 97 28 34 0.16247699 
593 183 42 56 0.15985222 
665 35 26 29 0.15313517 
792 44 16 21 0.14821324 
329 20 25 32 0.14451723 
146 373 49 60 0.14359553 
609 25 17 20 0.14349909 
296 27 20 23 0.14100276 
989 93 35 42 0.13757174 
984 0 19 19 0.13591795 
825 326 28 44 0.13351229 
944 201 53 76 0.13168079 
196 63 26 37 0.1270328 
550 394 31 57 0.12620981 
946 161 35 40 0.12609814 
310 283 48 65 0.12584074 
823 35 19 20 0.122362666 
366 264 35 50 0.12111453 
7 98 53 61 0.121107884 
120 322 61 76 0.12037907 
284 59 32 40 0.12037694 
635 246 36 41 0.118731596 
380 55 26 32 0.118337974 
349 135 32 37 0.11637985 
618 112 40 53 0.10963387 
892 9 24 32 0.108488604 
948 24 27 31 0.10838717 
583 95 40 51 0.10748793 
137 177 34 41 0.10687818 
263 78 31 40 0.1060538 
794 8 17 20 0.10559172 
88 303 46 54 0.10554026 
600 70 30 35 0.10520221 
787 177 33 39 0.10421978 
535 33 24 28 0.10419988 
572 178 41 55 0.1036261 
720 204 36 52 0.10114362 
109 212 37 42 0.09978526 
904 6 22 27 0.098177135 
343 9 28 32 0.09740386 
403 93 29 36 0.09509628 
62 137 39 46 0.09341224 
645 109 37 52 0.09116652 
-1 257 27 51 0.0891155 
139 423 55 67 0.088259466 
431 22 27 30 0.08811021 
749 51 21 26 0.0849531 
659 29 22 28 0.08400475 
541 68 23 30 0.08371659 
631 -2 28 26 0.082092844 
672 56 27 34 0.081989326 
295 51 37 44 0.08185687 
910 0 22 25 0.08006088 
130 70 29 38 0.07951151 
945 95 33 41 0.07850981 
986 32 23 27 0.07748158 
370 0 20 20 0.07621848 
111 60 31 37 0.07452467 
211 100 43 52 0.07413715 
198 126 42 54 0.074042454 
596 90 28 34 0.07394723 
758 144 45 52 0.073654614 
669 -1 19 14 0.072479 
17 68 33 40 0.07247521 
827 26 18 21 0.07124633 
352 2 26 28 0.06991049 
823 47 19 22 0.0693004 
627 50 24 28 0.06890522 
569 84 39 47 0.06774994 
429 180 44 57 0.067166 
386 105 31 38 0.06699191 
134 351 52 66 0.066290736 
757 293 35 39 0.06613267 
722 0 23 23 0.06585362 
155 386 58 69 0.06569442 
600 20 21 26 0.065583356 
105 622 71 82 0.06533086 
599 53 23 27 0.06498798 
578 43 23 27 0.06466788 
40 51 43 50 0.06379684 
668 383 86 98 0.06378717 
69 0 15 12 0.06285822 
880 141 39 54 0.062028896 
300 247 39 48 0.0620244 
567 427 41 48 0.061495345 
586 159 48 60 0.061422225 
258 0 17 14 0.061022874 
721 301 34 37 0.0600625 
768 174 46 55 0.0590793 
619 421 106 143 0.058683295 
222 53 27 35 0.05860746 
796 31 16 22 0.058252584 
444 149 32 40 0.05817644 
985 156 38 48 0.057270437 
790 151 47 55 0.057167858 
636 125 33 43 0.05629409 
994 28 16 20 0.05623083 
983 9 24 30 0.05614323 
383 197 49 62 0.054824926 
392 13 19 24 0.05461421 
677 78 30 35 0.054393496 
-2 42 12 21 0.05434448 
186 68 23 30 0.054012824 
379 166 43 57 0.053898156 
612 27 22 27 0.05238594 
483 157 45 54 0.052367568 
993 2 17 17 0.05232689 
308 27 27 33 0.052299827 
235 203 51 62 0.05229776 
583 142 39 43 0.052110147 
805 37 22 28 0.05189146 
869 46 28 31 0.05155579 
599 86 44 51 0.051434092 
954 36 27 33 0.0507458 
504 101 24 34 0.05054098 
409 83 19 24 0.050253082 
873 20 21 26 0.049985483 
622 196 43 56 0.049810044 
897 86 29 36 0.049614504 
555 41 25 30 0.049144424 
900 0 16 19 0.048399806 
881 110 31 39 0.047363494 
238 5 16 19 0.046979506 
876 67 25 34 0.046329096 
5 28 25 31 0.046283133 
492 179 38 49 0.045857478 
701 120 38 49 0.045651317 
99 23 29 34 0.045623448 
118 94 31 40 0.04557769 
470 23 36 44 0.04489956 
462 145 43 54 0.04483849 
101 2 29 30 0.04478689 
737 180 45 59 0.04475008 
98 524 56 81 0.04404856 
490 90 31 37 0.044035297 
57 168 42 46 0.043991387 
963 158 47 68 0.043965146 
802 114 19 23 0.04389847 
295 170 42 56 0.043251406 
907 0 15 12 0.04322034 
14 7 28 32 0.042921007 
689 338 47 54 0.042913888 
601 133 44 49 0.042538594 
924 284 47 57 0.042479277 
767 103 29 35 0.04239956 
38 24 24 28 0.042366263 
654 30 16 21 0.04232797 
892 64 26 31 0.04199568 
842 332 48 58 0.041648813 
442 79 29 34 0.041631054 
436 48 30 38 0.04152218 
75 39 21 22 0.041399024 
749 33 25 32 0.040632483 
1013 56 11 18 0.04027481 
205 86 35 45 0.039602563 
783 194 37 46 0.039600827 
58 0 17 19 0.039095126 
831 59 19 25 0.03882637 
217 172 29 38 0.038661238 
0 109 36 42 0.03851488 
462 77 27 34 0.03849735 
756 170 34 40 0.038018923 
1004 33 16 21 0.037656955 
115 112 31 42 0.03752323 
875 12 18 19 0.03627535 
390 140 34 43 0.03594857 
342 148 38 45 0.03580073 
105 36 27 35 0.03574902 
32 7 28 33 0.035682846 
472 1 22 25 0.035581183 
941 427 75 92 0.035538267 
289 296 29 45 0.035395876 
121 35 16 22 0.035241462 
776 47 17 22 0.03517402 
1002 2 15 15 0.03507328 
374 48 23 31 0.03507151 
272 181 34 47 0.03506646 
748 0 15 14 0.035065904 
664 49 17 23 0.03504328 
884 15 25 33 0.034947 
388 20 24 29 0.03493364 
0 36 24 33 0.034919105 
755 56 25 31 0.03491855 
252 133 36 44 0.034707565 
979 21 25 31 0.034617204 
847 0 13 13 0.034521025 
83 110 42 51 0.034475826 
609 55 38 47 0.034334272 
405 188 35 47 0.034064654 
934 109 39 50 0.033866636 
938 92 20 25 0.033807587 
241 101 41 57 0.033591688 
453 128 37 49 0.033538338 
115 2 18 18 0.033231176 
94 0 23 25 0.033178277 
358 146 44 52 0.032861374 
919 87 25 34 0.032857347 
487 21 18 22 0.03247456 
441 16 19 24 0.032361485 
228 28 27 34 0.03223852 
660 137 16 21 0.03169328 
68 13 21 27 0.031615756 
806 326 32 38 0.031589102 
891 49 24 28 0.03158633 
124 218 35 43 0.031441912 
596 221 31 36 0.031391125 
742 26 22 30 0.03128669 
485 335 34 42 0.031160943 
647 246 21 25 0.030831078 
85 2 15 17 0.03077023 
228 178 38 42 0.030537002 
692 77 23 32 0.030402755 
867 194 24 34 0.030067 
208 274 50 76 0.03002252 
4 15 27 31 0.029982243 
247 80 30 41 0.02995061 
111 433 50 62 0.029845038 
-4 269 39 62 0.029703984 
230 20 20 24 0.029387908 
598 231 16 21 0.029362092 
70 315 53 64 0.029323995 
663 60 23 29 0.029087458 
388 260 54 68 0.02899293 
385 81 37 44 0.028742248 
743 14 21 27 0.028579928 
558 344 59 79 0.028502082 
637 242 19 22 0.02792341 
208 55 30 42 0.02780475 
813 71 26 33 0.02773835 
312 251 45 64 0.027732939 
406 172 30 39 0.027654674 
753 80 25 33 0.027443022 
19 269 41 62 0.027409976 
739 45 24 29 0.027368248 
352 26 19 24 0.027294269 
737 77 23 31 0.027062723 
496 182 22 25 0.02704623 
704 352 52 62 0.026859907 
128 11 26 32 0.026834954 
899 305 64 76 0.026556963 
108 546 30 47 0.026513373 
240 240 59 75 0.026490197 
763 84 18 21 0.026446868 
383 191 34 44 0.026381716 
865 60 25 31 0.026357776 
455 100 39 52 0.026308553 
738 56 17 22 0.026289007 
710 313 46 55 0.026277458 
295 87 37 46 0.026161691 
130 218 17 23 0.0259256 
321 96 33 40 0.025860434 
789 72 20 28 0.025849089 
-1 338 38 61 0.025649188 
502 34 22 31 0.025641752 
530 18 24 28 0.02561495 
783 57 24 31 0.025559274 
666 20 24 28 0.025548222 
389 37 27 32 0.02553242 
47 0 24 23 0.02546907 
325 6 29 33 0.025385933 
144 315 58 66 0.025312882 
310 106 38 47 0.025288928 
734 25 14 21 0.025220579 
736 216 31 42 0.0251168 
534 57 25 32 0.024991374 
977 -5 45 44 0.024976887 
514 110 15 21 0.024742316 
419 184 33 40 0.024546254 
252 0 16 18 0.024532866 
870 100 25 34 0.02452506 
902 52 22 27 0.024523815 
834 52 14 18 0.024435908 
948 57 44 53 0.024288036 
233 361 41 48 0.024258975 
39 1 19 22 0.024119113 
759 191 51 67 0.024016835 
302 44 21 26 0.023957655 
275 20 25 29 0.023912804 
630 536 104 125 0.023908375 
95 34 18 23 0.023770643 
995 135 29 53 0.02374176 
67 59 47 57 0.02369672 
314 17 25 31 0.023663761 
683 62 30 38 0.023596557 
971 6 25 30 0.02348035 
77 534 53 78 0.023307098 
416 7 24 30 0.023237564 
711 141 29 35 0.023126993 
121 126 31 39 0.023084521 
581 122 36 40 0.022887127 
316 135 32 39 0.02285697 
744 67 25 34 0.022808513 
611 6 14 16 0.022794105 
339 265 48 65 0.022647917 
664 75 27 36 0.022568196 
72 1 16 18 0.022558313 
813 -1 17 14 0.022554299 
263 66 19 26 0.022542806 
734 82 13 18 0.022370208 
609 53 19 22 0.022187041 
610 239 44 52 0.022072425 
638 216 36 45 0.021960715 
1005 49 22 30 0.021882802 
790 24 16 20 0.02170078 
826 82 18 24 0.021630282 
737 0 23 23 0.021600727 
387 0 20 18 0.021495074 
982 34 17 21 0.021345418 
943 7 40 43 0.021292068 
851 0 15 16 0.02121147 
579 18 41 44 0.021195855 
700 110 25 35 0.021189528 
649 135 19 25 0.021173721 
802 47 17 23 0.020985084 
288 263 50 74 0.020964202 
806 25 20 25 0.020871457 
1 55 28 40 0.020847412 
779 102 26 33 0.02078179 
310 5 25 28 0.020776194 
528 6 25 26 0.020719362 
991 4 26 29 0.020691158 
271 64 29 40 0.020599663 
683 91 27 37 0.020593103 
347 3 20 19 0.020530857 
691 29 23 29 0.020405952 
272 0 17 16 0.020354606 
821 0 24 24 0.020319242 
17 173 18 23 0.020261088 
635 59 39 47 0.02017092 
266 95 35 44 0.02016337 
