2_Demonstration_Demonstrators_2_547
57
683 136 54 81 0.9991391 
215 137 58 70 0.99856323 
483 163 40 46 0.9982376 
821 136 45 56 0.99689037 
877 177 40 45 0.99444973 
640 161 40 55 0.97232336 
0 213 26 39 0.97002685 
931 202 27 37 0.93866146 
458 201 25 34 0.9120352 
987 208 29 53 0.88584495 
419 192 26 34 0.80496407 
928 291 43 61 0.64934325 
950 214 38 50 0.57322305 
937 203 36 50 0.2701836 
309 110 15 20 0.22100748 
165 160 42 52 0.20589681 
404 224 15 22 0.15873386 
469 207 28 38 0.15488458 
969 212 36 49 0.13746929 
988 366 27 35 0.13481814 
425 188 18 23 0.12686683 
201 183 22 34 0.11995635 
976 369 26 36 0.112270154 
459 195 16 21 0.10249451 
-2 509 39 60 0.09993751 
765 205 26 29 0.086227044 
913 184 22 30 0.075758226 
405 213 22 30 0.059326537 
480 214 30 36 0.05653468 
413 202 27 35 0.042770766 
1003 409 16 20 0.042383775 
762 406 22 29 0.03536162 
170 218 29 35 0.033887267 
662 469 27 32 0.03364577 
1000 373 17 22 0.033575136 
445 201 24 34 0.031240677 
866 331 33 40 0.027824849 
589 56 24 35 0.02745821 
165 171 13 18 0.027269347 
178 183 41 52 0.02672044 
398 217 15 25 0.026522042 
262 224 52 59 0.025718069 
458 239 26 32 0.02551625 
963 361 24 33 0.025351675 
186 170 33 43 0.024988724 
458 222 29 38 0.023914516 
379 190 12 14 0.02372312 
994 390 17 21 0.021688867 
1 340 38 66 0.021629747 
875 320 27 36 0.020967107 
435 203 16 26 0.020954482 
413 198 18 22 0.020849356 
946 354 28 33 0.020723313 
658 162 38 49 0.020392174 
1002 205 22 44 0.02038384 
162 188 33 42 0.020195998 
852 319 27 32 0.020005442 
