2_Demonstration_Political_Rally_2_891
46
308 269 130 183 0.9998404 
492 27 152 197 0.99834716 
27 385 50 63 0.98924553 
233 285 34 53 0.9420563 
28 255 26 46 0.9306411 
182 385 39 52 0.7826058 
59 261 15 22 0.62445563 
73 241 13 18 0.3860541 
239 280 52 70 0.27386367 
249 178 54 86 0.13858257 
118 339 14 18 0.1332876 
160 257 13 19 0.11958367 
124 233 13 16 0.10207497 
50 258 25 36 0.10069237 
48 488 43 64 0.08174475 
111 366 23 30 0.05158446 
123 225 24 30 0.050802585 
166 237 11 14 0.04286887 
192 227 11 15 0.04203566 
89 345 24 36 0.03938789 
270 236 12 18 0.03921011 
385 140 12 15 0.039100304 
123 334 13 16 0.03519725 
13 325 14 17 0.03319922 
1013 185 10 16 0.032404456 
178 226 14 17 0.032281872 
115 363 16 19 0.03223376 
165 343 11 12 0.03176125 
65 258 14 22 0.03147934 
28 506 56 79 0.0312008 
5 249 44 63 0.031182451 
883 172 13 17 0.030807799 
169 350 25 29 0.029635256 
187 245 11 14 0.02637383 
185 296 10 11 0.025529454 
258 235 23 34 0.025234273 
23 243 25 35 0.025005624 
169 217 24 28 0.0238497 
135 251 10 14 0.023338404 
172 243 12 15 0.022937581 
184 301 10 11 0.022820674 
172 232 15 18 0.022624088 
21 471 56 80 0.021242607 
164 227 21 28 0.02071318 
20 364 48 60 0.020570511 
256 199 34 49 0.020117186 
