2_Demonstration_Political_Rally_2_286
26
807 663 86 104 0.9987834 
142 362 195 259 0.9963037 
432 727 82 103 0.9946997 
804 224 17 23 0.057884198 
758 71 9 11 0.04319649 
996 182 14 17 0.043114398 
506 114 13 16 0.03610377 
882 179 11 15 0.034273144 
808 173 9 12 0.033494614 
990 178 25 28 0.033249944 
82 317 364 402 0.032578006 
900 189 14 19 0.0300893 
741 161 12 15 0.029229943 
112 525 352 512 0.029180432 
616 118 12 16 0.027868053 
423 432 9 11 0.027706476 
389 430 8 11 0.026571393 
415 423 8 10 0.025925655 
699 781 32 36 0.02573143 
775 165 13 18 0.024585024 
422 437 10 11 0.023978489 
732 82 10 12 0.023941321 
438 445 10 12 0.022987606 
406 414 10 12 0.022157753 
833 82 14 17 0.021602878 
825 171 12 17 0.02065738 
