2_Demonstration_Political_Rally_2_57
129
213 145 33 45 0.998137 
897 256 32 40 0.9979273 
492 166 33 42 0.99784446 
757 145 29 35 0.9969452 
781 145 32 41 0.99688846 
526 155 30 36 0.996182 
826 123 31 42 0.99605286 
384 120 29 39 0.99598014 
78 137 35 46 0.99412763 
664 183 29 35 0.9925976 
280 145 26 34 0.99159604 
274 204 33 41 0.9906405 
358 140 36 44 0.98877907 
944 171 27 31 0.9851687 
588 133 35 47 0.98028266 
261 130 21 29 0.95921934 
145 133 33 36 0.9494226 
930 216 23 29 0.9382881 
465 153 23 34 0.91644883 
-1 125 19 34 0.8909001 
480 307 54 68 0.8578012 
922 170 25 33 0.826381 
486 134 23 28 0.77878886 
104 120 27 30 0.7668084 
444 77 18 23 0.6169447 
645 134 17 25 0.52633655 
58 66 16 19 0.50792515 
476 141 29 37 0.39304438 
763 140 39 48 0.30124032 
936 152 19 22 0.28367153 
473 104 15 19 0.25772196 
92 129 30 37 0.24503735 
133 153 24 32 0.2403969 
852 237 21 27 0.20093396 
929 160 26 32 0.18455142 
21 110 13 17 0.1787185 
646 156 16 22 0.17077053 
963 148 13 16 0.1554388 
109 108 27 30 0.14254686 
289 117 11 14 0.14190958 
989 236 14 18 0.14085865 
715 184 24 34 0.1266117 
9 130 19 26 0.12242287 
130 219 12 16 0.11796302 
544 169 27 35 0.11697956 
141 146 27 35 0.11606236 
366 121 40 54 0.09794284 
368 287 31 32 0.09118477 
489 147 28 37 0.0866982 
669 123 12 16 0.085802294 
579 126 13 17 0.08505822 
294 66 12 16 0.08401471 
555 116 12 16 0.07373967 
716 169 23 28 0.069786474 
56 65 11 14 0.06915342 
402 169 17 22 0.068971254 
17 92 10 13 0.06868845 
177 214 17 20 0.065579385 
815 277 13 16 0.060562592 
302 174 22 29 0.05999892 
466 169 18 24 0.056097336 
21 88 9 11 0.05594876 
119 131 20 25 0.05430844 
647 126 13 18 0.051597178 
295 109 22 30 0.04891356 
560 4 12 13 0.048260104 
457 43 11 13 0.047653332 
300 98 13 17 0.047626358 
273 134 16 19 0.045629907 
662 169 29 35 0.042086095 
575 123 20 28 0.042010542 
2 73 12 15 0.04171757 
306 157 25 33 0.0398123 
478 160 34 39 0.03942233 
292 337 16 20 0.03869382 
654 136 20 26 0.03808694 
580 118 10 14 0.03775332 
655 151 22 29 0.037688486 
292 110 12 16 0.035903085 
961 181 17 21 0.035829887 
123 146 24 32 0.0355094 
285 131 14 18 0.03509693 
551 122 12 16 0.034450594 
474 107 22 27 0.034146417 
288 111 19 26 0.034029394 
554 177 14 22 0.033978663 
292 152 24 32 0.032633778 
955 149 21 27 0.032255776 
924 165 15 19 0.031895883 
99 150 28 33 0.031790655 
811 125 30 36 0.02989763 
667 137 15 19 0.029270567 
971 151 9 12 0.029160036 
14 114 15 19 0.029078893 
809 593 35 36 0.028798366 
711 221 23 36 0.027342316 
22 106 20 27 0.027073467 
904 366 25 30 0.026808005 
311 190 25 34 0.026398849 
108 158 16 22 0.026030777 
434 64 23 31 0.025867945 
264 127 13 17 0.025709987 
316 152 26 33 0.025515348 
584 95 7 10 0.025305199 
574 110 20 30 0.02484025 
14 95 20 28 0.024801701 
283 194 31 39 0.024375444 
946 147 15 18 0.023754714 
553 111 10 15 0.023659676 
475 119 16 21 0.022791896 
476 129 15 20 0.02270384 
849 291 17 23 0.022642523 
663 145 14 20 0.022595135 
153 75 11 16 0.022439266 
446 126 14 18 0.02235505 
71 146 26 36 0.022111218 
416 237 34 48 0.021719849 
-1 68 18 27 0.021584889 
15 135 22 28 0.021582512 
279 132 24 31 0.021426326 
396 46 17 23 0.021192703 
364 133 12 15 0.021122798 
3 60 12 16 0.020902507 
557 108 22 29 0.020701192 
348 132 12 15 0.02057035 
124 128 34 44 0.020487063 
923 188 16 21 0.020279061 
662 130 15 20 0.02020059 
296 94 11 15 0.020063385 
