2_Demonstration_Political_Rally_2_985
83
552 474 60 74 0.9995478 
786 542 157 202 0.99431664 
115 445 31 40 0.994091 
15 443 28 43 0.9866152 
361 403 23 30 0.9514667 
394 396 15 24 0.9307687 
92 423 21 27 0.8134758 
983 373 33 43 0.7963313 
75 541 16 19 0.5291407 
312 417 50 84 0.5243545 
200 421 47 69 0.4930298 
789 295 14 18 0.38739973 
69 427 13 17 0.2783953 
474 472 42 46 0.25719887 
7 413 12 14 0.24648999 
189 439 17 21 0.2134213 
114 555 15 20 0.18915722 
349 360 15 21 0.18145706 
413 418 12 16 0.17099579 
331 429 51 83 0.1612515 
384 400 16 21 0.10039977 
198 431 31 44 0.099627495 
11 401 14 18 0.08332364 
344 391 41 57 0.08147166 
90 463 19 23 0.07928001 
186 386 15 18 0.074324094 
152 421 11 16 0.07212582 
129 426 11 14 0.06940955 
375 400 22 30 0.068733856 
747 347 15 18 0.058075722 
110 421 11 16 0.057934895 
172 426 47 61 0.051237546 
365 464 23 33 0.050633237 
407 441 14 17 0.0500227 
29 406 13 16 0.043646812 
74 420 14 19 0.04075098 
858 489 164 255 0.03887694 
131 420 12 15 0.037596107 
35 571 26 33 0.03755955 
101 419 21 28 0.03668467 
21 403 12 16 0.03659449 
501 269 41 50 0.035862207 
407 370 14 19 0.034134697 
133 407 12 15 0.034110904 
35 412 12 14 0.034104634 
346 398 14 19 0.033713166 
636 283 39 45 0.03358235 
4 407 20 24 0.03305009 
332 426 32 52 0.03263465 
8 395 14 18 0.032587007 
75 415 42 48 0.031157078 
47 566 23 32 0.030409623 
183 381 14 17 0.029951423 
344 396 26 33 0.029865384 
9 417 16 18 0.028629916 
341 354 17 22 0.027631456 
624 287 33 37 0.026221562 
100 413 13 16 0.025610814 
279 441 59 83 0.02470694 
1 412 12 16 0.024083648 
330 405 26 41 0.024010474 
182 390 13 18 0.023903267 
754 352 14 16 0.023575027 
210 -5 56 61 0.023510473 
280 349 9 11 0.02349851 
93 545 22 26 0.02317868 
63 423 14 18 0.022611817 
341 364 17 23 0.022607401 
85 387 16 19 0.022201996 
32 368 99 112 0.021966964 
139 412 12 15 0.021814259 
260 478 63 69 0.021780947 
177 388 10 15 0.021717522 
741 350 16 19 0.021513091 
205 375 10 11 0.021474304 
175 384 46 59 0.02121403 
313 390 90 121 0.021008803 
240 324 13 17 0.020969972 
624 288 11 14 0.020854684 
195 386 15 17 0.020722281 
170 434 31 39 0.020701827 
186 437 27 34 0.020457897 
389 372 10 14 0.020221654 
