2_Demonstration_Political_Rally_2_741
104
123 499 28 54 0.9870194 
571 479 45 60 0.9855181 
738 477 15 21 0.9010139 
202 477 27 40 0.7859315 
671 434 12 15 0.3352058 
656 438 10 12 0.27717522 
758 445 11 14 0.2130344 
731 451 11 16 0.18191889 
64 476 26 38 0.18188693 
759 450 13 16 0.16420132 
870 494 51 65 0.16077976 
783 438 12 14 0.15656327 
832 455 8 11 0.14970408 
196 401 36 39 0.12388868 
796 496 16 19 0.108939864 
641 439 10 13 0.10265341 
792 484 23 28 0.097346336 
86 517 35 41 0.09409498 
772 476 11 15 0.08802825 
588 414 24 32 0.08322947 
667 469 13 17 0.08210905 
753 444 11 14 0.07357231 
725 453 14 20 0.07233497 
645 444 9 11 0.07177495 
718 449 15 20 0.069646075 
724 443 14 20 0.06942576 
824 455 10 12 0.06864719 
604 421 15 21 0.06852203 
241 413 25 31 0.06834077 
75 493 34 55 0.06731501 
836 454 8 12 0.059760846 
901 459 9 13 0.055418596 
763 444 11 15 0.05014868 
781 460 16 20 0.0487326 
766 440 9 12 0.047728308 
691 471 16 19 0.0454833 
837 483 12 17 0.044260897 
744 477 16 19 0.04371884 
717 438 15 17 0.04275522 
904 496 42 57 0.040969294 
658 430 10 13 0.03982915 
670 420 11 14 0.039781705 
660 444 10 12 0.039362364 
720 429 11 13 0.03896732 
756 481 14 19 0.035293102 
781 451 15 19 0.03456896 
955 505 41 53 0.03307355 
783 473 25 31 0.032858696 
675 431 12 15 0.03260937 
733 469 15 22 0.03233544 
777 468 21 28 0.03195367 
767 471 11 16 0.031835783 
183 391 34 47 0.031191647 
51 490 37 54 0.030000031 
883 461 26 33 0.02965706 
661 436 11 15 0.029631093 
963 453 12 15 0.029050965 
265 412 40 49 0.029016202 
726 479 16 22 0.028488116 
894 460 14 17 0.028464302 
670 414 10 14 0.028442198 
774 470 12 17 0.028405694 
663 429 11 15 0.02804655 
630 438 10 14 0.027167115 
832 482 12 16 0.026778921 
695 462 12 16 0.026410041 
741 451 13 16 0.026204458 
710 457 14 17 0.02582559 
659 397 12 15 0.025679134 
685 452 10 15 0.025530899 
848 459 82 108 0.025344858 
895 439 9 12 0.024988888 
763 478 15 21 0.024697028 
260 418 15 21 0.024669604 
263 410 26 35 0.02457256 
687 428 10 12 0.024563419 
439 386 30 36 0.024438722 
519 395 29 44 0.024240134 
487 732 47 74 0.02383969 
672 463 20 28 0.023838311 
645 420 12 17 0.023693364 
644 427 10 13 0.023631653 
274 395 23 32 0.023568252 
677 460 12 15 0.02348817 
306 439 26 35 0.023437925 
569 412 45 48 0.02308305 
812 442 13 15 0.022996308 
711 428 9 12 0.022734586 
684 436 11 14 0.02269617 
620 442 12 15 0.022443324 
85 174 399 432 0.022431452 
780 433 18 23 0.02231294 
283 384 24 33 0.02186927 
814 452 10 13 0.021633241 
859 433 14 15 0.021245904 
32 492 42 57 0.021206705 
693 427 11 14 0.021019137 
678 454 10 13 0.020790923 
617 260 24 31 0.020773837 
949 453 9 12 0.020714497 
703 429 9 13 0.020393644 
246 429 26 38 0.020356389 
686 459 11 16 0.020327197 
544 400 33 43 0.020026576 
