2_Demonstration_Protesters_2_56
110
813 196 58 76 0.99894804 
393 399 66 90 0.9987503 
625 332 64 77 0.99856454 
880 279 63 78 0.9981786 
487 470 69 78 0.99421376 
737 432 81 91 0.990555 
238 392 53 64 0.97328633 
682 235 19 24 0.88179225 
25 358 100 145 0.68466586 
341 361 25 34 0.46977758 
697 220 15 18 0.40025744 
709 257 32 41 0.3720491 
654 225 25 31 0.32988325 
885 210 33 49 0.28521475 
985 285 31 43 0.26180568 
294 551 50 59 0.25215557 
4 210 180 250 0.23235154 
332 372 28 38 0.21627535 
796 154 24 28 0.20689532 
708 697 48 62 0.20684059 
687 221 22 28 0.18978213 
277 366 27 34 0.16666742 
849 160 27 28 0.15807983 
665 521 41 51 0.14609323 
965 240 50 76 0.14561385 
669 159 12 17 0.1355582 
316 709 52 66 0.108243786 
602 249 25 36 0.10377713 
665 201 21 29 0.10121882 
981 240 30 44 0.09144789 
664 231 24 32 0.08996617 
344 384 28 32 0.082021564 
672 217 35 48 0.080585726 
525 291 52 57 0.08052242 
331 392 15 23 0.07746197 
670 196 14 19 0.077191494 
275 93 37 40 0.07703837 
654 246 25 36 0.070297934 
867 166 36 42 0.06950995 
79 410 33 45 0.06426727 
659 210 25 30 0.06390773 
53 380 60 92 0.06004013 
857 160 34 35 0.057065316 
727 694 55 56 0.05671617 
949 223 50 68 0.056125246 
738 693 24 31 0.05273435 
806 686 13 17 0.052305844 
530 0 153 212 0.05125333 
670 209 22 28 0.051141106 
890 192 30 47 0.050952032 
877 184 32 49 0.04998596 
546 470 45 63 0.04949669 
253 373 49 58 0.04689836 
485 321 28 47 0.04678982 
666 240 15 20 0.046192303 
728 700 25 40 0.043430194 
485 60 10 13 0.037432015 
443 104 28 31 0.03721494 
760 704 27 33 0.03613143 
714 683 113 95 0.035758138 
641 259 27 32 0.034591723 
189 345 19 24 0.034408018 
610 255 27 37 0.032934103 
525 484 40 52 0.032617405 
857 158 15 17 0.03255965 
694 213 24 30 0.031822298 
447 85 13 14 0.030937495 
740 712 14 21 0.030473886 
973 223 34 41 0.030421117 
665 225 16 22 0.030018548 
680 675 83 103 0.02899992 
613 246 12 17 0.028516386 
591 198 21 27 0.028296672 
872 60 11 13 0.026595846 
627 209 15 19 0.026386568 
835 150 44 48 0.025867822 
644 232 17 21 0.02563892 
792 147 40 48 0.025620544 
619 207 26 30 0.024957618 
262 94 32 35 0.024836173 
84 240 54 67 0.024803432 
962 57 27 31 0.024523227 
989 252 17 25 0.024247833 
603 327 50 65 0.024226533 
359 380 29 37 0.024025446 
693 233 23 30 0.024018457 
644 270 36 46 0.023842895 
685 218 15 20 0.02362783 
449 40 9 11 0.023366215 
258 413 38 48 0.023270076 
751 553 238 247 0.023258785 
868 162 17 20 0.022954611 
847 163 16 18 0.022714572 
98 257 19 27 0.022388048 
512 37 102 125 0.022271028 
655 219 16 20 0.022217313 
979 230 17 20 0.022060394 
351 371 30 35 0.021810543 
744 555 19 22 0.021786047 
986 220 34 50 0.021586126 
371 390 14 20 0.021516848 
855 151 11 14 0.021328822 
826 391 32 45 0.02110758 
465 47 8 10 0.020616198 
999 283 25 38 0.020544142 
-59 150 307 397 0.02043698 
996 252 24 39 0.020325923 
608 272 15 22 0.020319426 
739 709 30 36 0.020253707 
337 373 12 17 0.0201639 
