2_Demonstration_Demonstration_Or_Protest_2_619
483
990 195 15 20 0.97154355 
907 117 16 22 0.9535581 
526 125 12 15 0.94808483 
678 96 12 16 0.9053404 
807 86 12 15 0.8925213 
429 87 15 19 0.8754494 
432 174 25 30 0.85760367 
648 178 18 23 0.83445686 
854 102 14 17 0.8265491 
250 230 18 21 0.8235803 
647 138 13 18 0.8083883 
203 149 15 19 0.8034982 
781 149 13 15 0.799725 
945 223 16 19 0.7877967 
494 132 13 17 0.7835985 
500 113 11 15 0.77924794 
413 399 24 34 0.74602526 
620 114 13 15 0.7225793 
868 260 16 19 0.7030152 
760 117 9 12 0.6941774 
736 137 11 14 0.68088984 
294 173 13 19 0.6422617 
459 204 16 20 0.62512577 
550 195 16 19 0.55268705 
417 114 11 15 0.5504297 
572 130 12 15 0.54529536 
900 187 15 19 0.5393125 
705 206 22 27 0.51622826 
555 110 12 15 0.50893 
201 228 15 22 0.48016182 
593 26 10 14 0.4541469 
390 125 15 19 0.4525081 
817 138 14 19 0.43505493 
469 121 15 19 0.4339804 
872 364 14 17 0.431758 
241 192 16 20 0.37117803 
788 183 14 19 0.3261904 
614 172 13 16 0.3248118 
982 256 14 21 0.32426757 
895 267 14 16 0.32197294 
255 129 14 18 0.31701797 
784 180 12 18 0.31313714 
452 114 14 17 0.3062522 
496 177 21 27 0.2955657 
203 199 12 17 0.2921947 
553 84 12 16 0.2834041 
491 213 17 21 0.2815626 
283 258 22 26 0.27215904 
530 255 17 20 0.2703607 
474 545 19 21 0.26528835 
580 152 13 18 0.2638649 
797 114 11 14 0.26112434 
518 237 15 23 0.253693 
734 50 11 14 0.25282302 
789 347 16 22 0.25191942 
320 307 27 39 0.2513012 
395 181 16 19 0.24703959 
428 180 18 22 0.24644393 
652 266 18 23 0.2449002 
736 119 10 13 0.24452744 
542 141 12 14 0.22604598 
826 327 16 19 0.22357984 
572 137 14 18 0.22250366 
600 92 11 14 0.21713072 
419 394 15 19 0.21634871 
550 20 9 12 0.19001661 
572 145 15 20 0.18727882 
341 107 16 19 0.18514909 
105 149 16 20 0.17047013 
933 283 14 17 0.16553995 
660 197 22 27 0.16415592 
308 355 22 27 0.15441728 
814 300 13 16 0.1476718 
548 231 15 19 0.1471449 
357 147 17 20 0.14582667 
433 288 17 22 0.14065495 
499 137 14 17 0.13844486 
766 103 9 12 0.13770406 
418 264 17 19 0.13762742 
849 251 14 19 0.13661157 
838 159 11 15 0.13515618 
599 170 11 15 0.13178661 
349 84 13 16 0.1298339 
462 121 15 21 0.1281982 
188 266 15 19 0.12720336 
443 175 20 25 0.12651555 
795 186 12 16 0.12599684 
629 131 13 16 0.12202494 
212 264 16 22 0.12163467 
868 129 14 17 0.11931463 
819 151 13 18 0.11777365 
157 198 12 15 0.11720373 
204 266 14 22 0.11420892 
888 187 12 18 0.11290983 
507 139 12 16 0.10936321 
343 101 13 15 0.10935648 
195 267 15 20 0.10739043 
736 58 10 13 0.10578291 
500 144 16 20 0.10497607 
986 289 11 17 0.09839051 
787 297 14 19 0.09782102 
981 259 42 59 0.09777945 
415 292 29 40 0.09664187 
759 171 14 19 0.09575813 
881 147 15 19 0.09371871 
764 109 12 15 0.093685836 
603 215 16 22 0.09129758 
805 107 10 13 0.08811246 
156 203 15 19 0.08673569 
209 151 16 20 0.084837675 
484 175 24 29 0.08379452 
293 132 17 21 0.080963135 
845 168 13 18 0.07900406 
830 157 12 14 0.07807492 
588 233 13 19 0.07732332 
524 240 21 27 0.0716251 
758 166 12 15 0.0709347 
985 280 23 31 0.07046558 
293 122 15 17 0.06939164 
189 201 15 20 0.06902267 
425 395 15 17 0.06891461 
766 125 10 12 0.06878223 
140 354 15 18 0.06866902 
932 202 14 19 0.06825487 
555 191 15 18 0.06812053 
138 431 15 20 0.06791833 
753 164 10 13 0.067796685 
605 170 13 17 0.06778229 
596 212 16 22 0.06766167 
246 262 15 21 0.067054614 
876 139 14 19 0.06700195 
338 131 15 19 0.06682083 
761 102 10 12 0.066345535 
500 235 17 21 0.06593803 
212 168 17 20 0.0649399 
613 137 13 18 0.064855285 
925 200 14 20 0.06435285 
526 111 10 12 0.06332719 
975 321 13 18 0.06310904 
386 343 14 21 0.06262166 
775 143 14 18 0.062338416 
212 198 20 25 0.06136296 
973 265 13 18 0.061137382 
749 246 15 21 0.060950767 
755 117 10 13 0.06048087 
471 540 16 20 0.060077984 
793 111 11 15 0.05950759 
510 238 15 21 0.05933951 
475 170 17 23 0.05919105 
356 178 13 19 0.05872748 
590 217 15 21 0.058153868 
284 132 13 17 0.05794817 
442 286 15 22 0.05781119 
563 195 12 17 0.057756715 
519 119 13 16 0.057696763 
93 258 13 17 0.057314068 
893 180 14 21 0.05721598 
404 186 14 17 0.056926355 
212 377 17 22 0.056822248 
250 258 13 18 0.056811716 
459 116 14 19 0.05646464 
614 145 14 18 0.056429747 
648 187 22 26 0.055788532 
807 102 11 14 0.05538053 
276 163 13 18 0.05451649 
823 91 10 13 0.0541097 
751 189 11 15 0.053736437 
338 114 22 30 0.052923523 
922 188 14 16 0.052014217 
548 144 12 16 0.051247083 
343 86 12 15 0.050894897 
668 168 16 22 0.05053684 
650 201 19 21 0.049966965 
371 149 12 16 0.048928246 
946 213 17 20 0.047931593 
230 157 13 18 0.04791335 
999 195 15 19 0.047475938 
366 98 14 19 0.0472612 
863 227 12 18 0.04675912 
788 153 12 14 0.046746008 
268 122 12 16 0.04670713 
489 201 25 30 0.04663395 
219 205 18 22 0.04659631 
906 180 15 20 0.046463717 
544 170 13 16 0.046058994 
963 208 15 21 0.045604203 
208 156 22 27 0.045451064 
696 211 28 35 0.044592373 
805 297 23 27 0.044563618 
247 131 13 19 0.044542663 
410 195 14 18 0.044461604 
788 173 13 19 0.04445492 
342 92 13 16 0.044409275 
873 357 17 19 0.044402853 
540 230 20 27 0.044042613 
532 131 12 15 0.043906752 
976 260 12 18 0.04328921 
657 259 22 30 0.042804904 
674 201 13 21 0.04278396 
403 297 31 41 0.04257723 
786 196 17 23 0.04244792 
266 283 15 18 0.04239586 
850 253 21 24 0.04231703 
182 202 15 21 0.042272437 
156 250 17 24 0.041974474 
788 144 12 15 0.041800346 
876 346 15 17 0.041477032 
144 252 22 27 0.041291613 
124 424 20 27 0.04109637 
426 162 26 32 0.041044854 
151 202 13 16 0.04067418 
334 111 16 20 0.040571503 
722 209 14 19 0.04045893 
888 315 12 15 0.040118728 
273 373 15 19 0.039669983 
868 233 14 19 0.039659068 
219 351 16 21 0.039389458 
236 375 15 20 0.039264236 
565 286 27 27 0.03896903 
813 318 25 31 0.038923524 
565 222 13 16 0.03835215 
498 121 15 19 0.038002066 
333 124 14 20 0.037753534 
776 185 12 17 0.03769254 
874 252 13 18 0.03731709 
414 93 11 14 0.037253022 
219 212 21 26 0.0366173 
8 133 26 32 0.036362495 
853 170 12 16 0.036205593 
790 165 13 17 0.036107585 
506 169 16 23 0.03606597 
421 280 25 31 0.035944402 
870 135 15 20 0.035823975 
508 160 16 21 0.035773844 
364 143 13 17 0.035645507 
626 110 11 13 0.035558 
795 306 14 18 0.03531457 
867 242 15 20 0.03528696 
583 181 11 13 0.0350247 
139 257 17 21 0.034948647 
556 140 11 15 0.034773067 
682 212 22 30 0.034706116 
161 212 14 17 0.034689505 
223 370 23 32 0.034563273 
350 285 25 31 0.034269586 
132 418 16 20 0.034252044 
342 132 23 30 0.03403534 
838 209 11 17 0.033840973 
882 340 15 18 0.033823475 
508 116 11 15 0.033814687 
858 113 15 19 0.033655174 
860 241 15 20 0.03339257 
786 299 22 28 0.033188205 
550 26 10 14 0.033187177 
417 269 23 28 0.033083048 
846 301 24 28 0.033074416 
476 552 21 22 0.033038538 
117 421 16 27 0.032955527 
898 55 15 19 0.032886676 
284 163 13 19 0.032836393 
158 217 15 18 0.032722548 
619 176 13 17 0.032682635 
679 242 26 36 0.032649264 
852 244 15 20 0.032513022 
591 32 10 14 0.032469388 
311 212 13 15 0.032438084 
211 226 13 19 0.032394476 
416 553 18 19 0.03214293 
812 100 12 15 0.032096677 
317 359 21 30 0.032038614 
806 163 12 16 0.032006666 
289 176 13 17 0.0319224 
667 188 16 21 0.031919807 
485 137 15 17 0.03188325 
860 251 15 19 0.031871565 
123 275 14 19 0.031725284 
260 256 15 18 0.03171706 
390 391 45 59 0.03159162 
286 212 13 16 0.031558055 
460 109 12 17 0.031516973 
242 306 25 32 0.031454813 
426 262 13 17 0.03143065 
960 240 76 100 0.031335145 
627 233 15 21 0.031312063 
281 119 21 27 0.031043056 
251 138 22 30 0.030974885 
833 325 14 17 0.030936552 
599 177 13 16 0.030895283 
571 196 13 17 0.030807588 
596 204 14 17 0.03069194 
227 349 13 18 0.03066841 
119 268 13 17 0.030483909 
929 353 19 23 0.030472273 
775 335 20 29 0.030441308 
455 127 15 19 0.030389484 
342 85 22 25 0.030380148 
104 143 11 16 0.03027299 
843 158 12 16 0.030074663 
948 309 13 15 0.029981915 
818 293 13 17 0.02991765 
994 204 16 19 0.02990853 
557 211 12 15 0.029764416 
807 308 26 31 0.029634329 
937 287 17 18 0.029540025 
545 195 13 19 0.029492578 
552 80 11 14 0.029299045 
190 232 16 20 0.029296685 
620 137 12 18 0.029283311 
927 207 15 21 0.029051375 
350 182 15 20 0.029011507 
405 199 22 27 0.028995777 
479 237 13 17 0.028864142 
343 106 26 31 0.028755687 
595 223 15 22 0.028650673 
363 178 12 18 0.028398342 
287 148 13 16 0.028371172 
885 374 11 14 0.028348232 
172 234 15 18 0.02825384 
291 144 16 19 0.028232066 
510 123 12 15 0.028211888 
474 534 18 19 0.028106729 
289 268 19 22 0.02798519 
755 184 14 18 0.027919732 
692 257 16 23 0.02788966 
362 265 22 26 0.027781768 
357 337 24 31 0.027575575 
616 122 12 14 0.027574461 
354 489 16 21 0.027417338 
919 200 14 19 0.0273413 
939 201 14 18 0.027284727 
947 282 15 18 0.027111242 
271 221 13 16 0.02707968 
257 240 16 19 0.027055241 
862 124 13 17 0.02703948 
419 118 14 18 0.026940797 
79 194 15 19 0.02682507 
656 169 20 25 0.026822653 
271 201 13 16 0.026757397 
569 225 15 19 0.02666181 
898 105 20 27 0.026595032 
130 258 21 27 0.026589023 
205 194 19 26 0.026580697 
348 123 26 32 0.02651172 
411 380 22 33 0.026480006 
794 169 15 20 0.02617637 
782 116 11 14 0.02603001 
479 152 24 28 0.026000408 
326 210 13 17 0.025990207 
519 109 11 13 0.025944447 
335 99 15 19 0.025825057 
937 131 99 120 0.025788099 
595 234 14 21 0.0257694 
603 240 15 20 0.025763102 
460 239 15 21 0.025704218 
157 222 23 25 0.025636833 
520 104 8 10 0.025595272 
758 113 17 22 0.02553373 
596 76 10 12 0.02549058 
696 164 11 13 0.025451055 
556 180 13 17 0.025294406 
991 287 30 38 0.025284186 
426 301 19 24 0.025200743 
350 146 16 21 0.02520069 
566 103 10 13 0.025162496 
329 132 11 15 0.02511329 
563 108 11 13 0.025087968 
269 153 15 20 0.025048696 
474 161 16 21 0.024942694 
730 45 12 15 0.024892129 
140 418 14 20 0.024859883 
729 123 12 16 0.024762703 
206 482 21 34 0.024742581 
185 465 26 41 0.02463029 
326 264 16 24 0.02453564 
958 203 14 21 0.024530217 
237 137 13 18 0.024427043 
239 403 14 19 0.024355508 
183 321 28 33 0.024284529 
780 206 14 22 0.02426629 
729 134 11 15 0.024238436 
355 89 13 17 0.024221547 
241 494 17 22 0.024218358 
794 147 12 14 0.024194052 
451 190 22 28 0.024184946 
592 87 9 12 0.024119752 
425 408 17 20 0.02409472 
926 279 15 18 0.024075733 
598 36 11 12 0.024071772 
798 103 11 13 0.024052972 
139 439 17 21 0.024016494 
435 394 14 16 0.02400178 
471 521 15 18 0.023974692 
984 197 15 20 0.023964679 
717 221 24 31 0.023937225 
169 200 23 29 0.023914734 
193 188 23 31 0.023856949 
876 236 12 16 0.023833586 
447 111 14 18 0.023784136 
565 231 14 19 0.023780825 
987 293 16 23 0.023757631 
179 260 18 24 0.023703814 
869 107 11 15 0.023516623 
121 402 24 31 0.02347148 
150 192 12 14 0.023432223 
895 91 14 15 0.023345191 
842 283 15 18 0.02332888 
675 228 25 37 0.023304414 
435 154 17 21 0.023254009 
774 109 10 13 0.023182824 
677 207 14 21 0.023105757 
985 255 26 36 0.023060724 
349 96 21 26 0.022999015 
62 139 14 18 0.022905072 
843 203 15 20 0.022820737 
887 267 14 17 0.022793377 
827 194 16 21 0.022666195 
610 212 15 21 0.02262744 
734 81 12 14 0.02259373 
217 381 18 23 0.0225832 
198 143 15 19 0.022570059 
374 410 32 43 0.022419283 
730 201 16 18 0.02238758 
516 140 13 17 0.022367924 
606 218 22 29 0.022302717 
413 98 13 17 0.022196742 
542 79 8 11 0.022153808 
893 381 11 12 0.022137139 
297 131 23 27 0.022114404 
170 256 16 23 0.02208459 
940 212 14 19 0.02205553 
947 313 25 33 0.022044491 
954 218 15 21 0.021891525 
277 136 15 18 0.021845777 
592 92 10 14 0.021844354 
763 184 14 17 0.021765307 
261 124 21 26 0.02173564 
232 378 23 31 0.021728495 
455 556 14 17 0.021708626 
910 37 11 13 0.021641131 
347 138 14 18 0.021640487 
492 152 16 19 0.02158649 
942 306 14 17 0.021560183 
715 198 15 18 0.021522108 
773 133 12 14 0.021474628 
122 419 16 21 0.021447998 
760 324 28 37 0.021421537 
878 192 15 19 0.021406732 
481 146 16 19 0.021376468 
424 164 11 17 0.021274166 
369 341 22 29 0.021249017 
551 104 11 14 0.021217857 
563 213 12 15 0.021204505 
542 102 9 12 0.021189341 
152 209 14 18 0.021187412 
406 216 23 30 0.021163622 
340 192 14 17 0.021145228 
975 242 23 35 0.02110013 
828 185 15 20 0.021014545 
753 254 16 20 0.02082016 
590 239 13 19 0.020807637 
394 184 24 30 0.020800432 
449 287 15 21 0.020775368 
381 349 17 25 0.020766165 
105 216 16 18 0.020759879 
402 261 26 26 0.020740796 
195 279 17 22 0.020595383 
433 79 17 19 0.02058863 
309 170 14 20 0.020518662 
558 132 11 15 0.02049044 
771 341 15 20 0.020430496 
724 197 14 19 0.020415379 
258 161 14 18 0.020379242 
411 227 21 28 0.020361932 
513 154 14 18 0.02035046 
906 132 16 21 0.020342276 
83 367 24 33 0.02029396 
661 215 16 17 0.020271478 
441 161 17 22 0.020253794 
492 234 18 21 0.020157728 
893 255 15 19 0.020156952 
562 274 26 30 0.020083943 
812 80 12 14 0.020049872 
437 388 13 16 0.020008052 
