2_Demonstration_Political_Rally_2_18
240
166 331 21 28 0.9913225 
864 447 18 23 0.9841763 
453 295 15 21 0.9823799 
317 437 20 26 0.9796704 
66 337 18 23 0.97724426 
148 384 18 24 0.97464776 
243 421 18 26 0.9686327 
133 295 19 24 0.9656007 
363 428 17 22 0.9639584 
41 448 20 26 0.9639052 
12 353 19 24 0.96141243 
486 360 17 23 0.95578027 
480 402 18 22 0.9545752 
622 455 20 24 0.9544189 
271 394 21 27 0.9542602 
379 436 19 24 0.9540361 
314 261 18 24 0.9511274 
530 396 17 23 0.95054716 
27 310 17 23 0.94753534 
171 450 20 27 0.9470657 
767 419 18 23 0.94699234 
103 239 16 23 0.945484 
353 342 20 27 0.9409157 
96 447 21 24 0.93914074 
222 274 20 25 0.93793505 
442 458 20 28 0.9378393 
501 448 19 24 0.934127 
185 306 18 22 0.934019 
24 258 16 20 0.9194645 
238 310 18 22 0.9192644 
157 408 19 23 0.9169964 
914 435 16 19 0.9033962 
169 259 18 24 0.897133 
263 202 20 27 0.8961759 
422 426 19 22 0.89372325 
87 264 19 23 0.89080584 
298 331 19 27 0.8687701 
21 460 20 25 0.86363715 
40 425 20 23 0.8468818 
81 288 19 22 0.8396418 
41 239 16 21 0.8253927 
228 362 21 28 0.80764663 
398 390 13 19 0.7535847 
228 252 16 19 0.7503227 
546 435 14 17 0.7088061 
57 259 12 17 0.6963156 
76 319 15 20 0.6954859 
186 225 17 22 0.618396 
299 318 19 26 0.59950674 
438 413 15 19 0.5607126 
154 302 18 22 0.52793336 
370 304 14 19 0.47064897 
343 276 11 15 0.4494209 
461 488 17 22 0.4270719 
39 336 14 19 0.42475563 
372 375 13 17 0.39327985 
428 363 14 18 0.3595329 
371 430 18 24 0.3359207 
0 469 11 16 0.33449394 
340 394 14 17 0.3192495 
299 444 16 22 0.31784198 
0 211 11 17 0.31000948 
382 395 15 19 0.28365117 
304 241 14 21 0.2717302 
123 248 14 18 0.2684754 
1 258 10 15 0.2683749 
421 364 13 17 0.26687488 
74 425 21 22 0.2600529 
279 267 15 19 0.25699732 
445 370 12 14 0.25244847 
26 300 16 22 0.24257305 
3 326 15 20 0.2168787 
99 312 12 16 0.21107018 
252 351 13 17 0.20950332 
130 431 15 21 0.20388123 
22 432 15 20 0.20249747 
368 345 15 20 0.18289205 
143 296 19 25 0.16667756 
382 362 14 17 0.16563006 
912 9 108 149 0.16493554 
333 201 15 21 0.1479273 
70 330 18 24 0.14760055 
435 365 14 17 0.13110629 
401 472 18 21 0.12553407 
754 487 14 15 0.12236359 
459 476 19 26 0.12165322 
46 282 13 17 0.117112294 
106 282 15 20 0.11428136 
165 219 14 17 0.11235227 
233 377 20 28 0.10946998 
83 425 20 24 0.105616555 
172 255 14 17 0.10529069 
391 291 14 18 0.10217651 
87 387 14 16 0.09329809 
186 281 14 17 0.09279338 
443 311 15 17 0.073187485 
213 363 15 18 0.07078398 
27 425 21 27 0.07075761 
352 454 18 23 0.067160144 
335 402 14 18 0.0632464 
387 287 23 28 0.062319756 
375 294 21 26 0.06138037 
149 318 16 21 0.060767993 
151 309 19 26 0.057200376 
372 276 12 16 0.056848943 
505 567 28 33 0.05673926 
386 355 15 21 0.056482635 
510 489 19 28 0.0552585 
396 296 13 16 0.054091997 
182 275 14 18 0.053224202 
413 358 16 19 0.0527185 
324 577 45 54 0.05214346 
845 490 10 13 0.049658906 
247 339 21 25 0.04951473 
339 380 16 23 0.048336774 
474 564 15 18 0.047850512 
895 554 14 19 0.04689962 
423 387 12 17 0.045734778 
67 427 20 23 0.045041576 
309 359 14 20 0.04464144 
301 435 16 22 0.04370206 
183 379 15 19 0.043604877 
67 249 14 17 0.04346321 
41 414 18 21 0.043438613 
30 335 14 19 0.04222424 
106 453 16 20 0.042170335 
85 338 13 19 0.041868694 
68 392 19 22 0.04143632 
518 565 13 18 0.039757125 
29 376 16 22 0.039268553 
415 367 14 17 0.03903509 
27 273 16 21 0.03857569 
524 567 34 41 0.036513373 
386 345 15 21 0.035859298 
188 371 16 20 0.034839056 
446 300 19 24 0.03480881 
448 451 17 23 0.03460629 
0 366 8 13 0.0345853 
349 365 15 21 0.034567833 
246 194 10 15 0.03453023 
50 445 22 27 0.03435134 
229 428 13 18 0.03332842 
68 469 13 16 0.03296668 
116 245 14 18 0.03296279 
246 174 11 15 0.03294451 
408 363 13 16 0.0328057 
460 313 13 16 0.03250953 
0 273 9 18 0.03237094 
450 373 11 14 0.03204602 
34 276 14 18 0.032038867 
684 439 15 19 0.032002803 
23 422 12 16 0.03193545 
774 486 10 11 0.03180586 
895 467 12 14 0.031734563 
631 483 13 16 0.03170214 
364 267 22 28 0.031639695 
346 385 14 19 0.03135961 
389 389 17 22 0.030650232 
313 354 16 21 0.030473353 
359 483 18 22 0.030060798 
387 428 14 19 0.029912274 
533 558 44 52 0.029507007 
766 486 10 13 0.02942399 
-2 468 17 27 0.02913665 
116 397 14 18 0.02877251 
493 386 13 16 0.028414669 
333 171 14 17 0.028092477 
453 463 19 27 0.027577367 
91 390 15 19 0.027501866 
393 270 22 28 0.027281081 
194 232 15 20 0.027120506 
99 273 14 21 0.026868584 
172 224 12 18 0.026809799 
544 323 408 430 0.026780818 
274 454 16 21 0.026540397 
73 386 17 19 0.026525429 
132 514 15 19 0.026485931 
326 355 12 17 0.026252558 
411 274 12 19 0.025268085 
437 518 15 20 0.0250963 
910 420 26 31 0.025036355 
396 283 13 18 0.024968747 
329 217 12 17 0.024862679 
395 282 23 30 0.024820121 
346 270 14 19 0.02473882 
63 426 15 18 0.024720225 
326 182 23 30 0.024539243 
499 388 13 17 0.024521993 
839 485 13 17 0.024374742 
0 255 16 25 0.024336122 
382 292 14 17 0.024243714 
895 531 44 52 0.024208399 
948 550 17 20 0.024153048 
523 436 15 18 0.024150312 
60 498 15 22 0.024019672 
-1 404 9 16 0.023995887 
281 447 19 26 0.023801934 
323 158 25 29 0.0237285 
223 362 17 22 0.023711085 
433 357 14 18 0.023558268 
341 368 14 21 0.023427548 
223 245 16 20 0.023057997 
159 225 14 17 0.023053126 
80 476 18 21 0.023031415 
129 244 15 17 0.022777785 
197 468 15 20 0.0227565 
637 491 26 36 0.02274535 
716 475 12 17 0.022539802 
412 288 13 19 0.02250129 
394 410 14 19 0.022342226 
367 280 13 17 0.022181306 
454 312 13 17 0.021812383 
51 274 13 18 0.021810522 
346 278 15 20 0.02177913 
373 383 20 25 0.021736518 
605 495 24 33 0.021727832 
111 395 14 17 0.021710007 
283 243 15 21 0.02165684 
391 419 13 17 0.02165574 
51 250 17 23 0.021627119 
232 423 23 28 0.021558294 
282 569 29 39 0.02148625 
49 237 13 18 0.02144677 
115 465 14 17 0.021405077 
359 297 23 28 0.021240145 
377 343 18 25 0.021038868 
353 268 21 28 0.020969996 
554 441 15 20 0.020916378 
351 251 11 15 0.020866333 
79 270 24 28 0.020852266 
594 554 24 35 0.02071325 
114 458 13 17 0.02070791 
552 436 14 17 0.020614369 
9 198 21 28 0.020599058 
233 358 15 19 0.020554373 
191 357 22 27 0.020270897 
405 289 14 19 0.020158717 
405 269 14 20 0.020092573 
829 483 14 19 0.02006937 
-1 417 8 15 0.020053811 
