2_Demonstration_Protesters_2_826
222
893 239 61 75 0.9995334 
627 72 32 45 0.99937004 
706 203 49 70 0.9988524 
604 140 36 43 0.9981889 
544 168 43 54 0.996903 
580 76 26 32 0.97967416 
56 86 29 40 0.96411294 
498 148 28 39 0.9574164 
517 68 13 18 0.9278238 
227 101 18 22 0.89458704 
179 114 15 21 0.88000655 
545 104 17 24 0.8398133 
424 83 17 24 0.7582637 
210 81 17 20 0.6634471 
519 124 20 24 0.5750446 
91 82 12 16 0.52864057 
256 68 10 12 0.49774247 
562 55 21 27 0.47732097 
686 68 13 16 0.4142322 
386 82 15 19 0.40933448 
617 67 13 16 0.36891186 
141 102 13 16 0.3104109 
536 75 12 14 0.30177373 
181 86 8 11 0.28299445 
200 108 11 17 0.276475 
552 66 11 15 0.26824644 
509 132 27 36 0.24734643 
26 98 31 37 0.24085169 
359 88 21 26 0.2316571 
400 56 7 10 0.2262714 
545 32 8 10 0.2201248 
415 105 12 17 0.18820396 
405 89 10 14 0.16937463 
685 72 16 24 0.16383435 
435 136 27 34 0.14755464 
401 184 35 54 0.13539714 
99 85 12 14 0.12906922 
780 87 12 16 0.12475627 
399 86 10 12 0.12361569 
315 100 15 19 0.123060375 
488 77 11 14 0.122573815 
376 364 52 80 0.122214384 
131 99 15 18 0.113434084 
412 62 9 12 0.111880824 
372 189 51 58 0.11143412 
450 136 26 32 0.105655074 
369 89 15 19 0.105007894 
334 136 28 38 0.09703739 
504 65 11 14 0.09580084 
234 74 10 14 0.09246407 
576 67 24 30 0.09078015 
252 70 23 32 0.08869707 
869 62 14 16 0.08388878 
676 55 10 13 0.08293893 
423 77 15 20 0.08281479 
40 92 32 39 0.08015016 
254 44 8 11 0.07892167 
455 56 8 11 0.07848246 
0 128 10 18 0.07623964 
455 147 26 35 0.071405225 
148 106 11 15 0.0711717 
86 79 19 25 0.070689924 
431 90 16 19 0.0687063 
152 84 10 12 0.06786304 
255 73 14 19 0.06635431 
137 132 12 15 0.062419545 
311 94 11 15 0.061732236 
353 64 7 8 0.060573388 
684 80 21 29 0.06054458 
213 89 21 25 0.060217824 
465 154 25 30 0.059649266 
529 110 22 25 0.058368057 
618 68 28 37 0.057926364 
1002 167 8 12 0.057780396 
324 100 14 19 0.056334972 
121 99 12 16 0.054549232 
279 39 10 12 0.05444879 
852 92 23 34 0.05378896 
551 61 21 27 0.053264163 
200 78 21 27 0.053223025 
491 83 10 13 0.05227825 
993 159 7 9 0.052213285 
677 82 13 19 0.051693458 
455 60 10 13 0.05012504 
349 134 12 16 0.049671162 
540 70 12 16 0.048670877 
449 54 9 11 0.04850434 
883 80 13 16 0.048266694 
442 93 13 17 0.048250444 
466 97 16 22 0.047816686 
416 193 32 44 0.0465918 
487 72 8 11 0.045211002 
175 98 23 33 0.045154247 
175 110 13 18 0.045130786 
552 100 23 28 0.044938557 
27 104 19 22 0.04417541 
332 100 12 17 0.04413257 
157 80 8 10 0.043455776 
459 84 21 28 0.042628225 
670 83 13 19 0.04246306 
199 81 13 17 0.04229644 
321 37 9 12 0.04203366 
887 51 11 14 0.041890666 
68 82 24 33 0.041274536 
1014 182 7 10 0.04077073 
392 62 9 11 0.038402196 
562 99 16 21 0.038117666 
361 336 86 128 0.0377383 
412 68 10 12 0.037426695 
624 32 11 14 0.037313715 
59 14 13 17 0.03728168 
376 30 7 9 0.03714065 
215 101 22 27 0.036698464 
262 43 9 11 0.036660787 
193 106 19 26 0.036035996 
365 125 14 17 0.035595268 
522 61 13 16 0.035414215 
413 56 9 11 0.03536462 
503 170 31 40 0.035278283 
1006 172 8 10 0.03516472 
406 99 13 20 0.034898065 
734 62 11 15 0.03453003 
21 11 27 31 0.034469016 
203 110 14 20 0.03402483 
949 80 10 13 0.033892807 
126 95 15 18 0.03382369 
442 103 16 19 0.03380546 
334 93 11 16 0.03366545 
481 62 9 11 0.03299681 
1002 183 8 10 0.03290942 
218 80 12 14 0.032746095 
526 54 10 12 0.032331146 
519 110 12 16 0.03221302 
353 89 11 17 0.03220657 
193 77 10 12 0.03210724 
406 55 9 12 0.031826265 
211 157 25 29 0.031576782 
207 70 10 13 0.03129791 
476 99 16 22 0.031185834 
455 72 22 26 0.030778293 
529 46 8 11 0.030600559 
861 84 14 17 0.030499684 
285 40 8 10 0.030010348 
458 132 17 21 0.0297045 
454 69 12 17 0.029703489 
273 39 9 11 0.029456727 
340 137 17 23 0.02933161 
186 107 17 24 0.029302573 
529 31 7 10 0.029241206 
424 54 8 11 0.029105844 
597 60 15 18 0.028682167 
667 220 37 59 0.028084736 
419 93 16 23 0.027356613 
47 3 12 15 0.027131008 
693 83 21 31 0.027077002 
316 109 17 20 0.026804391 
545 139 30 34 0.026586095 
485 99 14 23 0.026482053 
384 5 97 121 0.026441766 
327 94 11 16 0.026338192 
589 69 24 30 0.026155407 
913 75 14 17 0.026148658 
249 81 10 17 0.026043935 
517 117 16 21 0.025804525 
501 74 13 17 0.025662575 
480 69 11 15 0.02553887 
729 132 10 13 0.025496896 
53 5 11 13 0.025494702 
167 107 12 15 0.025458843 
506 148 39 53 0.025222322 
405 325 96 137 0.025059737 
333 145 17 24 0.024913898 
550 54 11 13 0.024842363 
155 108 13 16 0.02478979 
46 10 25 32 0.024719961 
466 138 15 21 0.024636647 
271 61 10 13 0.024577249 
397 67 12 14 0.024367927 
173 130 14 18 0.024273686 
692 104 13 18 0.02427191 
1011 89 11 18 0.024077484 
485 111 13 20 0.023786882 
333 61 8 10 0.023697369 
701 105 12 17 0.023677422 
449 70 11 14 0.023329737 
395 55 8 10 0.023222167 
920 60 13 15 0.023178741 
355 130 13 16 0.022949448 
0 125 18 31 0.022768067 
690 62 12 15 0.022649689 
825 414 29 34 0.022506265 
358 63 7 9 0.022475922 
687 97 14 20 0.022334468 
529 37 8 10 0.022306914 
559 53 16 20 0.022275519 
495 54 8 11 0.022199543 
390 69 11 14 0.022036804 
452 125 15 18 0.022019813 
438 122 27 32 0.021865966 
866 73 15 19 0.021830754 
996 289 28 48 0.021640895 
858 82 22 30 0.02157179 
450 59 9 13 0.021376785 
663 160 39 53 0.02125745 
512 122 16 22 0.021185609 
421 138 27 35 0.02110465 
407 47 8 10 0.021007659 
259 64 11 13 0.020949444 
596 67 15 19 0.020918107 
357 185 35 37 0.020894574 
400 86 20 27 0.020864315 
384 86 23 30 0.02084042 
131 112 17 19 0.020686116 
284 74 12 18 0.02061876 
191 82 11 15 0.020608246 
329 61 8 11 0.020527927 
175 89 12 16 0.020477299 
140 111 16 18 0.020423127 
176 80 18 23 0.02036548 
134 128 21 24 0.020247765 
1007 184 8 10 0.020106953 
1003 189 8 11 0.020081528 
