2_Demonstration_Demonstrators_2_518
82
89 255 58 79 0.9995782 
942 415 61 89 0.99829584 
978 261 44 64 0.9964965 
472 149 50 54 0.99589276 
620 414 55 61 0.99467117 
392 144 46 57 0.994325 
937 45 28 37 0.9873028 
759 51 30 43 0.97786874 
191 0 28 29 0.959589 
699 146 32 43 0.9546828 
557 138 32 42 0.8287304 
195 297 33 57 0.73435444 
837 84 27 39 0.6238257 
235 195 35 62 0.5032597 
343 156 35 62 0.34426746 
579 135 47 55 0.25801745 
605 133 32 41 0.20721127 
218 207 41 60 0.20563649 
741 128 32 43 0.20167962 
1005 633 19 33 0.17520241 
675 0 16 17 0.17250472 
294 161 49 73 0.14067364 
191 206 49 63 0.13995947 
153 282 41 61 0.1307062 
170 298 42 59 0.13064158 
772 266 36 42 0.1280677 
867 8 43 62 0.11438749 
286 280 42 50 0.11148779 
679 144 37 44 0.10684521 
1003 81 20 32 0.10418063 
811 80 41 48 0.09179185 
619 145 16 22 0.07632051 
723 127 39 53 0.06847827 
924 53 34 39 0.06696387 
712 140 32 46 0.065233245 
758 268 55 65 0.05336483 
525 186 48 64 0.04953649 
801 80 31 40 0.049478807 
176 481 45 74 0.04927697 
773 248 33 41 0.047901858 
955 122 15 19 0.046201844 
949 274 35 53 0.04242435 
372 153 48 64 0.04237857 
140 274 37 54 0.04190839 
376 450 30 33 0.04116663 
951 115 25 32 0.0342468 
116 270 47 63 0.03162016 
268 187 52 70 0.031108942 
773 56 30 43 0.030043354 
835 285 16 19 0.030032782 
547 434 27 37 0.030014144 
768 600 54 57 0.029914299 
738 49 41 51 0.02975401 
444 402 51 55 0.028490972 
137 296 33 57 0.028450482 
245 206 48 67 0.027239341 
713 96 30 37 0.026590478 
862 483 43 59 0.02637943 
275 258 45 56 0.02600844 
803 161 27 36 0.02468989 
33 372 57 69 0.024587076 
990 600 12 16 0.024519164 
205 304 37 62 0.024468452 
746 254 49 59 0.023858178 
743 273 85 106 0.02371638 
564 144 41 49 0.023572138 
932 548 32 45 0.02351423 
202 273 41 64 0.023461675 
570 89 14 17 0.022962688 
515 1 19 18 0.02289142 
769 630 32 37 0.021731308 
494 3 25 28 0.02144298 
275 474 46 79 0.0214321 
606 84 13 16 0.021423303 
905 35 39 54 0.021415217 
599 87 11 14 0.021380337 
513 95 44 55 0.02110376 
544 156 48 68 0.020961452 
217 46 36 47 0.020912444 
851 386 38 60 0.020792237 
544 443 44 59 0.020446625 
879 611 46 74 0.020222096 
