2_Demonstration_Demonstrators_2_456
47
1 275 104 130 0.9978073 
905 487 77 88 0.99358374 
632 425 76 105 0.9924124 
348 37 91 111 0.98139554 
461 348 67 93 0.98111695 
171 212 74 92 0.9677485 
227 467 50 66 0.91549563 
850 234 107 118 0.68657875 
54 96 28 40 0.23507659 
37 112 35 33 0.1982628 
62 84 27 45 0.19784091 
185 261 61 79 0.15670815 
217 317 39 49 0.09708826 
204 288 51 68 0.09520577 
21 339 68 86 0.08271427 
919 -3 47 33 0.082369104 
873 417 38 51 0.061225045 
550 2 113 95 0.060467422 
131 422 50 55 0.04631614 
67 530 25 29 0.04355678 
846 21 57 66 0.043360557 
348 5 72 86 0.042311296 
66 411 43 54 0.040996827 
44 425 43 52 0.036670282 
29 86 53 59 0.03607347 
322 265 91 151 0.03264401 
835 1 91 110 0.0324734 
780 160 51 63 0.031121723 
833 38 49 61 0.03095972 
558 38 71 72 0.030072145 
826 202 155 208 0.029638458 
49 122 19 25 0.029567625 
296 58 109 116 0.027286462 
763 183 48 54 0.026150467 
747 438 58 60 0.025697066 
862 279 78 94 0.025210321 
946 35 85 123 0.023539923 
833 54 27 32 0.022533685 
659 249 107 130 0.02252447 
82 401 48 58 0.022248864 
228 319 46 59 0.021568302 
554 131 25 36 0.021527668 
768 430 43 36 0.021449747 
53 172 15 17 0.021269616 
244 330 47 60 0.021051079 
310 283 57 75 0.021046236 
72 89 41 53 0.02088563 
