2_Demonstration_Protesters_2_179
63
515 197 34 39 0.9981493 
643 155 32 43 0.9966538 
154 185 37 50 0.9884871 
3 317 12 15 0.78282243 
54 317 12 15 0.76469713 
966 191 21 25 0.72008073 
978 191 16 20 0.65293854 
846 152 29 42 0.64934725 
101 317 12 17 0.3007511 
80 325 13 16 0.21326831 
865 141 39 42 0.2103207 
63 347 10 13 0.19080262 
3 255 14 19 0.18039405 
79 338 11 14 0.15539145 
854 130 30 37 0.15188776 
80 331 12 16 0.15000919 
47 368 11 14 0.1480447 
799 157 13 17 0.12947921 
93 321 14 19 0.10016564 
96 418 9 12 0.0834279 
671 456 13 14 0.08014864 
40 383 10 14 0.062459137 
688 140 25 37 0.05360794 
3 273 13 16 0.044734403 
84 320 14 17 0.041203175 
802 176 14 18 0.0396513 
749 158 11 14 0.037437923 
423 133 12 14 0.03738946 
869 130 30 35 0.03556481 
43 379 13 16 0.033946764 
91 396 10 14 0.03339516 
79 358 9 12 0.033313338 
700 133 13 15 0.031981315 
791 165 25 31 0.03171913 
6 282 13 17 0.031454183 
10 315 11 16 0.031352416 
716 160 15 17 0.030961532 
244 398 13 17 0.030936865 
13 307 12 16 0.030613994 
853 124 16 23 0.02991578 
923 236 44 51 0.02979831 
696 134 10 13 0.02979561 
70 359 11 13 0.029274657 
766 153 52 68 0.028684955 
701 138 25 31 0.028612962 
93 353 10 14 0.027314186 
106 232 24 32 0.027312951 
47 360 10 13 0.027100641 
21 308 12 17 0.026579052 
40 337 11 16 0.026380558 
70 342 10 13 0.026146779 
57 320 13 16 0.026052386 
13 285 11 14 0.026008584 
629 444 9 12 0.025846383 
42 365 11 14 0.024643287 
9 258 13 17 0.022709755 
10 266 12 16 0.022252453 
744 164 11 15 0.02186309 
38 310 11 14 0.021696683 
550 214 25 29 0.021652263 
963 190 37 44 0.021392504 
826 147 42 55 0.020861762 
87 356 10 13 0.020768207 
