2_Demonstration_Protesters_2_369
86
531 367 120 135 0.9993352 
261 440 120 131 0.99836963 
657 313 38 43 0.98855186 
185 80 49 64 0.9832481 
641 349 51 63 0.9816488 
962 199 63 102 0.94811964 
616 305 27 35 0.9197258 
608 270 22 26 0.828122 
911 149 46 60 0.5680663 
638 264 14 18 0.26352218 
631 253 12 15 0.19787574 
698 278 22 30 0.16362068 
423 54 13 18 0.15887265 
565 193 15 19 0.10250896 
924 127 48 59 0.081465006 
627 262 19 26 0.063803986 
318 387 42 63 0.06272251 
88 326 54 55 0.058829203 
326 288 49 61 0.058523823 
583 358 94 104 0.057259306 
660 297 18 20 0.05516279 
279 297 13 18 0.054974712 
771 279 30 42 0.05168383 
394 -2 45 45 0.051159147 
730 411 97 131 0.045991726 
234 395 41 40 0.04586765 
76 63 55 76 0.04512426 
646 313 13 18 0.043437228 
998 65 26 37 0.041060604 
611 252 12 15 0.039533168 
651 307 16 22 0.039289236 
780 325 43 58 0.039016046 
602 307 32 41 0.03890656 
707 275 15 20 0.037537288 
931 108 46 53 0.037327472 
679 149 44 53 0.03722625 
569 188 12 16 0.03639904 
509 469 42 45 0.03626796 
619 267 20 27 0.036107227 
877 6 58 66 0.034922358 
747 259 48 61 0.03350097 
735 433 58 87 0.033245713 
450 158 130 191 0.032917216 
623 296 29 37 0.032801885 
184 393 146 114 0.032780666 
701 225 17 22 0.032496385 
1013 48 10 16 0.03164357 
333 295 14 16 0.03157256 
661 302 24 29 0.031527467 
704 267 26 35 0.030867646 
612 261 13 17 0.030602442 
100 351 54 64 0.030160123 
692 198 30 37 0.030016381 
331 400 53 72 0.029925102 
687 363 34 39 0.029916236 
800 0 53 59 0.029760474 
652 395 86 118 0.028543444 
788 250 35 40 0.026694259 
630 252 20 25 0.026666634 
629 291 14 18 0.026346315 
411 403 30 37 0.026245818 
705 250 46 59 0.02548263 
828 301 36 42 0.025393749 
624 317 44 57 0.025267575 
654 301 13 16 0.02476162 
649 331 40 51 0.02467271 
728 238 55 68 0.024143118 
457 52 9 12 0.023468405 
218 396 68 65 0.02315237 
298 409 51 71 0.022684531 
869 584 118 118 0.02250211 
736 167 394 407 0.02194099 
694 285 17 23 0.021389939 
699 291 17 24 0.021355564 
591 329 55 69 0.021267198 
696 211 10 14 0.02098384 
607 64 15 22 0.020876462 
621 237 10 13 0.020720363 
664 253 11 16 0.020646166 
300 285 43 56 0.020638354 
773 303 30 46 0.020626487 
759 243 49 62 0.020622458 
920 24 54 68 0.02058148 
781 285 31 46 0.020567838 
632 312 17 24 0.020471899 
931 178 57 81 0.02011619 
