2_Demonstration_Demonstrators_2_712
86
889 426 35 44 0.99327236 
701 535 27 30 0.9698205 
648 531 48 59 0.95456356 
765 479 37 50 0.9105384 
994 376 30 42 0.7760402 
113 566 26 36 0.7081168 
554 269 17 21 0.2689812 
803 409 15 19 0.16213948 
683 491 12 14 0.14790308 
269 336 9 11 0.14619644 
741 40 43 43 0.13939841 
641 194 11 13 0.1346627 
685 521 16 20 0.11902846 
759 546 28 47 0.1046661 
772 425 14 17 0.09507824 
124 560 30 43 0.09457806 
135 536 11 14 0.08799587 
119 543 11 14 0.070884794 
71 204 423 495 0.06443698 
684 527 41 53 0.06409366 
42 98 9 13 0.06361156 
804 417 14 19 0.06236007 
862 436 15 18 0.059684314 
336 376 50 66 0.058199685 
455 588 13 15 0.056134675 
289 344 9 11 0.05326865 
321 368 9 11 0.04872312 
996 356 28 41 0.046900664 
351 327 10 12 0.04633221 
680 519 26 36 0.045461435 
822 369 12 14 0.04532356 
124 541 11 13 0.045259174 
620 192 11 13 0.044435553 
754 443 12 14 0.04112212 
693 562 32 37 0.040862054 
304 366 10 12 0.040255774 
128 532 10 14 0.039190967 
499 576 15 19 0.038190514 
666 525 34 46 0.037546173 
139 565 32 48 0.036627665 
749 411 16 20 0.03598898 
126 527 9 13 0.03402675 
365 536 9 11 0.033480205 
773 432 14 17 0.031710118 
348 371 9 12 0.031265106 
719 446 13 17 0.031175973 
188 503 54 67 0.030523703 
544 260 11 13 0.02947803 
901 18 65 80 0.0292307 
678 485 21 26 0.02890484 
866 419 24 32 0.028269071 
425 538 45 62 0.027687475 
266 338 10 14 0.027684303 
113 541 11 13 0.027394677 
768 432 11 16 0.02697167 
361 628 60 50 0.026257472 
632 209 9 12 0.02558714 
816 405 11 16 0.025433866 
779 459 13 16 0.025096064 
278 364 12 15 0.025074853 
601 370 10 12 0.02425072 
291 348 10 12 0.023886884 
673 514 25 28 0.023802316 
197 563 11 13 0.023678686 
778 435 13 17 0.022900147 
361 539 10 11 0.02280474 
344 368 10 13 0.022752782 
861 66 176 229 0.02269611 
325 370 8 12 0.022663739 
680 610 36 33 0.022485323 
590 219 13 16 0.022215363 
695 511 27 32 0.02205852 
434 540 26 38 0.022056602 
736 11 50 54 0.021585826 
141 557 13 18 0.021461407 
189 549 12 15 0.021284917 
376 534 8 11 0.021237617 
272 389 11 13 0.020774836 
592 214 10 12 0.020774167 
484 570 13 17 0.020701319 
575 192 11 12 0.020429118 
470 583 12 15 0.020424347 
336 368 9 11 0.020358775 
630 191 9 12 0.020187052 
6 587 32 61 0.0200804 
660 -45 398 445 0.020005392 
