2_Demonstration_Protesters_2_260
37
110 176 109 125 0.99954456 
707 62 117 140 0.9993136 
578 110 87 108 0.99821174 
948 198 20 24 0.7686755 
990 224 30 34 0.646222 
10 309 20 23 0.22683598 
937 199 24 31 0.15609968 
995 176 25 30 0.13505764 
6 314 44 52 0.1055189 
522 431 110 122 0.06690346 
328 162 89 121 0.06586611 
37 306 17 21 0.06352179 
664 800 52 70 0.059720103 
22 306 27 32 0.057377268 
997 170 17 19 0.056745566 
13 315 26 33 0.055761594 
989 475 23 30 0.03623672 
926 206 26 32 0.0358862 
857 139 27 36 0.03360021 
949 470 15 16 0.031190079 
566 172 445 412 0.030816311 
345 387 400 483 0.030792687 
911 59 41 59 0.028569072 
322 693 102 139 0.028485013 
1004 548 14 18 0.027232094 
21 328 16 20 0.02586257 
529 495 55 64 0.025169494 
973 158 22 30 0.023277847 
862 142 14 20 0.022910507 
425 199 44 61 0.022779994 
996 552 15 18 0.02195343 
985 159 25 31 0.021667352 
447 304 194 239 0.021506622 
922 82 19 24 0.021419324 
955 192 22 28 0.02127723 
904 599 28 35 0.020278178 
21 276 16 22 0.02017927 
