2_Demonstration_Protesters_2_345
56
680 87 65 75 0.999529 
437 63 60 85 0.99948895 
250 45 64 73 0.9983266 
825 114 42 59 0.45567977 
498 520 9 11 0.25484997 
233 9 39 42 0.25433773 
417 511 9 11 0.24360743 
599 161 30 49 0.2416941 
436 515 11 13 0.18492793 
479 519 9 11 0.17308965 
607 151 28 41 0.10984988 
520 520 8 10 0.0896463 
917 124 10 13 0.0843484 
548 170 31 49 0.0740012 
239 13 54 64 0.05960531 
167 41 9 11 0.057728425 
419 516 11 13 0.057579096 
378 107 40 61 0.052832976 
447 512 10 11 0.05007074 
389 509 9 11 0.04472638 
484 519 9 11 0.04454331 
751 684 74 72 0.044529617 
174 44 9 11 0.044262912 
455 517 9 10 0.039381262 
837 133 52 66 0.039106388 
620 140 14 19 0.03852957 
270 355 30 39 0.03797187 
609 137 28 33 0.037516367 
557 190 15 24 0.03700759 
239 351 26 32 0.03674468 
194 67 31 43 0.03245225 
539 521 8 9 0.03174011 
631 132 13 18 0.030789228 
525 520 8 10 0.029855132 
548 208 12 16 0.029345216 
198 312 416 437 0.028597975 
630 129 23 33 0.028253151 
546 191 23 36 0.02817186 
527 184 47 61 0.02808268 
126 3 12 11 0.027240532 
486 524 9 11 0.026981533 
452 513 10 11 0.0265238 
767 384 34 35 0.026140464 
190 40 8 11 0.02511308 
148 29 10 12 0.024613235 
183 43 12 13 0.0242981 
555 183 45 52 0.023722116 
517 193 34 46 0.022770155 
372 509 9 11 0.022371076 
431 510 19 23 0.02181711 
216 297 28 39 0.021489277 
591 135 49 52 0.021467842 
583 197 33 37 0.021375773 
546 158 25 34 0.021178091 
541 162 15 22 0.021145988 
812 124 31 45 0.020996533 
