2_Demonstration_Protesters_2_456
50
302 484 126 165 0.9996977 
850 443 95 130 0.9992951 
658 472 57 77 0.99886274 
763 520 45 46 0.9463319 
858 339 25 32 0.7393735 
892 458 91 117 0.64789724 
939 455 84 116 0.48794997 
25 467 47 84 0.39764094 
232 393 16 21 0.2698567 
268 390 12 16 0.1769791 
330 439 45 56 0.11093791 
744 225 33 40 0.09212419 
244 409 17 22 0.09026047 
451 516 53 66 0.07752502 
980 479 43 76 0.07403813 
36 447 48 75 0.07063694 
486 342 59 82 0.06693831 
843 341 12 16 0.05371128 
337 404 34 37 0.051191937 
770 192 94 116 0.04429726 
488 333 100 134 0.04300276 
733 235 28 35 0.042989463 
342 384 38 46 0.042797107 
839 345 12 15 0.03914085 
64 434 30 37 0.037428584 
262 390 20 28 0.03560096 
260 402 46 64 0.034341022 
840 341 22 29 0.03413996 
374 497 100 125 0.033131372 
539 330 30 40 0.032373186 
310 444 49 62 0.030464426 
244 385 43 58 0.030190647 
645 267 27 37 0.02978718 
506 328 56 69 0.029098822 
635 283 34 38 0.028795332 
473 492 36 48 0.027624007 
539 392 14 16 0.027558023 
56 439 32 54 0.027028136 
548 337 18 24 0.025192345 
777 223 54 68 0.024515184 
231 560 32 36 0.023821041 
430 495 60 81 0.02346113 
641 464 29 38 0.023092883 
225 451 18 24 0.022626933 
274 427 28 39 0.022420278 
746 225 52 61 0.022335617 
265 397 28 39 0.022064133 
721 484 44 59 0.020501252 
190 335 14 18 0.020200184 
716 238 43 54 0.02017469 
