2_Demonstration_Demonstration_Or_Protest_2_813
148
537 356 22 30 0.9660054 
253 333 22 31 0.6960219 
803 287 19 23 0.6767281 
837 378 17 22 0.6539786 
701 456 13 21 0.40197918 
471 366 19 26 0.36482662 
703 391 11 15 0.28059292 
895 391 24 26 0.26648313 
495 368 18 29 0.26630238 
653 445 15 18 0.25515723 
478 363 20 31 0.24001096 
234 334 25 32 0.23031777 
717 474 14 18 0.20656836 
884 382 20 30 0.20496401 
662 390 10 13 0.18339412 
668 442 14 19 0.16615579 
871 379 21 29 0.15607381 
707 449 13 24 0.1511036 
463 387 13 16 0.14526789 
328 352 21 25 0.12674597 
448 367 10 14 0.09970643 
488 359 9 12 0.09934321 
395 534 22 31 0.098916836 
445 332 8 11 0.09821071 
685 456 14 18 0.09789173 
906 393 22 28 0.09507483 
481 336 9 11 0.09150143 
694 452 15 20 0.08819366 
712 475 21 30 0.08211772 
311 349 12 19 0.07729427 
315 352 15 20 0.07577802 
842 371 24 30 0.07203442 
354 364 14 19 0.071143135 
649 435 15 18 0.06879306 
320 342 11 17 0.068205476 
639 445 11 16 0.06492472 
648 431 11 14 0.06465934 
353 394 9 13 0.06408762 
483 338 12 15 0.063446335 
678 452 12 17 0.062777475 
750 270 10 13 0.06180941 
481 556 8 11 0.058853194 
912 349 9 11 0.05877541 
806 317 11 15 0.058539577 
462 373 21 26 0.058364127 
385 341 10 13 0.054785777 
702 444 13 21 0.05473928 
528 354 21 32 0.054623466 
685 444 14 18 0.05279094 
22 4 15 18 0.052415248 
101 18 14 20 0.051035788 
646 443 15 17 0.04969373 
602 368 15 16 0.0495374 
324 347 14 18 0.04685626 
568 347 11 18 0.046309385 
541 350 14 21 0.044841908 
337 349 15 19 0.04436572 
574 348 10 15 0.044235162 
917 376 17 24 0.04409772 
856 348 9 12 0.043937664 
-1 54 10 17 0.042278543 
658 435 20 26 0.041952383 
863 355 12 15 0.041752968 
856 374 22 29 0.04047776 
33 2 15 18 0.039200746 
423 391 10 12 0.038074926 
839 539 10 12 0.037436437 
480 359 10 15 0.036927193 
442 328 9 12 0.03612461 
700 386 19 24 0.03562953 
581 348 11 14 0.035507243 
721 483 12 18 0.035375226 
110 34 13 18 0.035262734 
623 349 10 13 0.035196185 
511 350 12 15 0.035029724 
351 357 13 17 0.034773782 
504 373 17 23 0.033643894 
383 324 9 12 0.03362037 
350 368 14 21 0.03212528 
658 454 16 20 0.031999152 
493 357 10 16 0.031314652 
722 470 11 16 0.030771917 
28 0 14 15 0.030733056 
870 526 15 20 0.030693373 
908 408 16 19 0.030481841 
206 472 9 12 0.030314788 
16 9 13 17 0.029809356 
777 309 10 14 0.029769229 
385 318 9 12 0.029760007 
553 354 16 23 0.029720921 
493 362 14 24 0.029529558 
509 332 10 12 0.02948104 
516 354 13 19 0.028975198 
636 363 10 13 0.028490927 
447 359 9 12 0.028329205 
658 384 19 25 0.028256744 
97 20 11 15 0.027942766 
356 392 12 15 0.027332295 
424 340 8 12 0.027011193 
92 351 8 10 0.026418692 
696 389 13 17 0.02624375 
517 361 14 22 0.026168324 
861 351 11 14 0.025964217 
838 564 12 17 0.025913905 
45 5 12 14 0.02573621 
620 426 13 16 0.0256148 
341 370 13 18 0.025534062 
871 390 26 35 0.02525446 
860 361 14 19 0.025088627 
445 366 19 25 0.024754243 
141 37 11 14 0.0245779 
506 361 17 23 0.024459587 
709 382 10 13 0.02378386 
384 335 10 12 0.023709904 
264 333 15 26 0.023550164 
516 416 22 26 0.02351821 
55 6 11 12 0.023264268 
457 319 8 9 0.02224653 
611 370 13 16 0.022068985 
380 542 40 49 0.021969443 
440 357 10 12 0.021856869 
526 364 15 26 0.02167108 
715 458 13 18 0.02157256 
664 423 24 29 0.021510335 
826 402 13 17 0.021391306 
416 335 9 11 0.021318795 
750 323 13 18 0.021313654 
839 387 24 32 0.021297758 
630 397 11 13 0.02119946 
500 355 14 19 0.021150174 
648 449 22 26 0.021104757 
413 516 13 17 0.02103227 
917 364 10 14 0.020916719 
455 386 15 18 0.020854123 
650 302 40 47 0.020752491 
648 423 10 13 0.020743057 
-1 12 9 13 0.020698896 
115 28 13 16 0.020612521 
401 255 8 9 0.020608163 
409 326 9 12 0.020443873 
599 387 13 16 0.02042221 
353 316 11 15 0.020404913 
79 6 12 15 0.020357559 
468 395 10 13 0.02031263 
482 262 8 11 0.02028116 
694 461 15 21 0.020243961 
639 382 8 12 0.020193739 
385 313 8 11 0.0201904 
