2_Demonstration_Political_Rally_2_695
585
767 557 54 70 0.99762374 
805 225 24 31 0.9966562 
438 343 32 38 0.9963372 
586 366 31 42 0.99612975 
405 372 35 44 0.99524635 
44 239 29 32 0.99509925 
498 373 34 42 0.99368435 
324 470 42 50 0.99112403 
423 465 43 51 0.98925495 
3 385 31 34 0.98711884 
17 271 27 31 0.9788846 
883 478 30 37 0.9393191 
1 18 15 18 0.935785 
297 425 36 39 0.8873355 
103 232 22 27 0.87890726 
963 89 15 18 0.8724628 
169 209 22 28 0.8513082 
684 184 20 22 0.84155613 
657 200 22 30 0.8409636 
191 225 20 23 0.83476436 
212 315 28 32 0.8219826 
315 532 40 48 0.8159821 
810 174 16 21 0.8116539 
21 124 14 18 0.80526334 
142 129 12 15 0.7955526 
12 432 38 49 0.7834096 
135 395 39 41 0.7664488 
360 420 35 44 0.7618293 
210 267 19 24 0.75778496 
160 256 23 26 0.730803 
322 254 29 37 0.71502906 
684 146 17 21 0.71040523 
528 454 36 39 0.69706935 
404 297 27 34 0.6727937 
705 198 17 23 0.6541551 
966 644 47 47 0.65239793 
282 405 29 37 0.62955076 
111 359 29 38 0.60347044 
501 473 30 35 0.57401115 
189 454 42 49 0.519857 
781 133 16 19 0.51703453 
224 345 30 52 0.5164759 
628 156 14 18 0.5047294 
59 133 14 17 0.46834624 
18 227 16 20 0.45650318 
812 293 24 33 0.4510495 
272 250 16 20 0.4126492 
292 256 26 33 0.40740964 
134 111 10 12 0.39810058 
851 175 25 32 0.3963738 
67 61 12 14 0.39217728 
172 439 33 45 0.35634303 
468 459 30 40 0.3491869 
589 182 11 13 0.33622605 
140 271 21 27 0.30728072 
879 354 24 37 0.30126134 
188 371 25 27 0.3011122 
609 580 31 40 0.29332352 
341 309 33 46 0.2683897 
655 124 11 14 0.26658797 
330 318 31 38 0.2621522 
61 221 25 28 0.26067084 
639 170 15 20 0.26066577 
565 325 25 33 0.25940776 
696 109 10 13 0.24835587 
794 194 18 24 0.24348213 
108 128 10 13 0.23402037 
61 420 15 21 0.23125264 
244 216 16 19 0.22539668 
253 187 23 27 0.22206011 
268 156 16 18 0.22073485 
20 383 29 34 0.21719809 
271 282 26 35 0.21666034 
155 300 21 28 0.2074818 
496 632 17 21 0.20744704 
527 443 28 31 0.20114699 
193 231 23 28 0.19498542 
238 101 12 15 0.19330809 
469 299 15 18 0.1901974 
248 459 23 36 0.18844165 
340 406 30 38 0.17805408 
738 322 27 37 0.17638978 
114 260 14 21 0.1751263 
97 60 11 13 0.17203413 
113 84 11 14 0.17031004 
179 268 21 29 0.16658622 
212 240 14 18 0.16578381 
192 146 11 13 0.16105352 
632 127 8 11 0.15659477 
771 173 13 17 0.15442923 
-1 501 24 41 0.14986911 
572 324 14 18 0.14303264 
121 31 9 11 0.14243253 
247 206 22 27 0.14163963 
509 468 43 51 0.14121929 
397 518 41 53 0.14059448 
902 529 43 57 0.13312934 
125 118 10 12 0.12779893 
112 79 10 12 0.1277146 
693 131 12 14 0.12742968 
423 351 40 48 0.12536463 
405 50 12 14 0.12387507 
213 463 32 43 0.123682104 
720 473 29 41 0.12256896 
180 218 22 27 0.11805343 
164 427 32 45 0.11688145 
975 117 14 18 0.11671849 
63 358 38 54 0.115380086 
97 14 9 12 0.11054025 
631 133 11 13 0.11041003 
813 273 25 34 0.1087637 
687 489 38 51 0.108128704 
696 321 39 49 0.107317604 
774 135 15 19 0.10728687 
541 313 22 30 0.10638029 
958 126 13 16 0.105955645 
613 128 9 10 0.10542252 
252 389 16 24 0.104242034 
853 341 25 34 0.102297395 
481 613 27 40 0.10216451 
414 301 27 34 0.10039095 
123 124 11 13 0.10019504 
611 203 13 18 0.099987425 
796 167 26 33 0.09861531 
117 373 42 50 0.09567279 
1007 103 10 13 0.09514405 
147 404 38 42 0.092835575 
382 343 26 33 0.09181259 
485 463 31 38 0.09090133 
681 277 22 30 0.09079038 
756 177 14 18 0.09022028 
148 201 13 17 0.08929991 
104 280 21 27 0.08868314 
277 255 40 51 0.088580124 
203 257 21 26 0.08763351 
607 126 9 11 0.08563203 
331 332 19 23 0.084610194 
454 421 29 34 0.08427371 
469 400 26 30 0.084182315 
199 119 9 10 0.08338273 
616 494 46 57 0.08292903 
1015 83 9 13 0.08272165 
726 115 13 16 0.081977166 
649 126 10 14 0.08182869 
279 393 27 34 0.08065252 
504 303 11 13 0.0800092 
200 243 22 28 0.07896909 
680 140 14 17 0.077627346 
85 134 12 14 0.07627558 
183 38 8 11 0.075926036 
193 265 20 28 0.075682 
718 139 21 26 0.07541207 
408 290 18 21 0.074793234 
258 205 17 22 0.074598916 
681 114 9 13 0.07295213 
300 441 41 50 0.072815016 
706 477 30 39 0.071903564 
354 327 17 23 0.07050489 
256 454 29 43 0.06965057 
229 328 28 40 0.06937858 
701 125 10 14 0.068936676 
204 237 16 22 0.068139784 
249 135 9 11 0.06800629 
554 325 24 30 0.067478694 
596 107 9 13 0.066939026 
685 134 14 18 0.06672277 
789 444 25 32 0.06535308 
129 111 10 13 0.06508859 
759 116 13 18 0.064996384 
915 543 43 62 0.06476116 
235 359 37 53 0.06394328 
219 132 12 15 0.06352989 
761 101 9 12 0.06307708 
196 253 16 22 0.062907256 
175 117 8 10 0.06278716 
717 288 13 17 0.061819624 
148 256 24 28 0.061649047 
719 162 12 16 0.060821764 
723 289 15 17 0.060235586 
669 124 12 17 0.059253614 
823 228 24 31 0.059177708 
112 70 9 11 0.05875664 
730 140 12 16 0.0586039 
728 461 26 34 0.05855065 
796 454 15 19 0.05851543 
305 376 19 22 0.058247007 
863 334 34 50 0.0581645 
910 532 28 34 0.057768054 
273 245 25 31 0.0576824 
132 260 26 33 0.05744807 
84 331 30 33 0.057321437 
241 96 16 20 0.05693117 
706 287 18 20 0.05669438 
0 197 9 15 0.05647438 
355 409 30 40 0.05632943 
688 126 10 13 0.055145662 
116 253 21 30 0.05502924 
708 487 37 54 0.05473512 
642 201 21 30 0.054526843 
718 150 20 26 0.053371914 
733 111 9 13 0.053241964 
269 458 30 42 0.05275949 
5 350 13 16 0.05264829 
482 346 21 31 0.052444257 
70 467 28 37 0.052284446 
401 47 11 13 0.05154269 
1012 108 9 13 0.051533896 
148 305 19 22 0.05122591 
117 93 11 13 0.05065237 
139 203 16 18 0.050454147 
769 245 16 22 0.049819816 
44 37 9 13 0.049674165 
688 139 15 18 0.049641185 
405 24 8 11 0.049009446 
319 417 39 47 0.048734456 
170 13 12 14 0.04870059 
795 190 13 17 0.048610486 
578 159 9 11 0.048540425 
694 114 13 16 0.04847711 
733 171 13 18 0.04833752 
700 235 25 30 0.048286043 
745 131 11 15 0.048171677 
125 132 11 13 0.047935523 
67 131 12 16 0.047887154 
604 201 23 28 0.04762642 
858 410 14 18 0.04752726 
686 117 10 13 0.047124118 
570 632 15 19 0.0470391 
766 176 12 18 0.046384707 
333 257 29 40 0.046106398 
583 185 16 20 0.046100374 
246 193 15 18 0.046030838 
61 56 14 16 0.045668066 
100 66 11 14 0.045387212 
701 115 11 14 0.045271944 
76 374 15 21 0.044565853 
439 54 10 13 0.044509824 
88 20 10 13 0.044478435 
324 331 19 22 0.043883063 
42 388 13 19 0.04377301 
6 131 12 14 0.04349956 
53 231 29 32 0.04343953 
62 222 14 18 0.043213353 
52 409 27 32 0.043029107 
13 281 29 36 0.04276022 
471 93 13 15 0.042738114 
94 18 11 14 0.04268296 
673 208 17 22 0.04226375 
198 323 27 40 0.042177156 
9 423 29 35 0.0420697 
348 414 18 23 0.041795567 
585 129 8 10 0.04151438 
120 98 10 13 0.04131314 
188 46 11 12 0.04116567 
22 418 42 57 0.04097017 
156 118 10 13 0.040968925 
80 134 11 13 0.04085966 
586 173 14 18 0.04080516 
80 78 11 13 0.040754013 
640 186 13 17 0.040679768 
181 203 26 30 0.04048131 
113 277 23 33 0.040447537 
765 201 14 17 0.040363416 
171 251 23 29 0.040362682 
305 261 18 24 0.04024934 
829 290 31 39 0.040242802 
636 133 10 13 0.04023043 
49 426 26 36 0.04004437 
220 223 16 21 0.039441843 
155 258 38 45 0.03939595 
228 459 32 41 0.039330628 
85 355 15 19 0.039308853 
7 394 46 56 0.039076895 
267 387 26 37 0.03907165 
161 414 30 38 0.038760457 
286 193 15 20 0.038718626 
709 124 11 15 0.038510576 
80 318 30 32 0.038386237 
248 246 26 31 0.03835846 
649 120 10 12 0.038219724 
344 416 31 45 0.03816322 
983 65 15 18 0.038000807 
753 512 25 37 0.037843026 
749 124 12 17 0.037828155 
169 306 15 20 0.037562627 
185 33 9 11 0.037511993 
654 108 11 13 0.037492536 
759 529 45 61 0.03705138 
45 43 9 12 0.037006006 
225 217 17 21 0.03690314 
317 263 17 22 0.03684006 
219 235 16 19 0.03677097 
46 316 30 36 0.03661106 
3 9 21 25 0.036412716 
58 61 10 13 0.03640632 
93 26 11 14 0.036345195 
666 489 40 57 0.036045022 
672 147 11 15 0.035863344 
78 360 28 38 0.03568795 
94 226 13 17 0.03566592 
184 254 21 28 0.035345517 
126 102 9 11 0.035308104 
56 125 12 14 0.035120744 
21 201 15 19 0.035000242 
138 116 12 14 0.03495697 
471 67 8 11 0.034920342 
298 253 17 21 0.03479306 
489 487 43 50 0.03471066 
79 114 11 14 0.03470504 
507 360 28 34 0.03453646 
167 40 8 9 0.03448662 
253 132 11 13 0.03444229 
178 38 9 11 0.034250844 
297 380 26 31 0.034204833 
724 134 15 19 0.03415139 
109 63 10 12 0.034113687 
204 34 10 12 0.034065075 
97 361 29 40 0.034043252 
90 290 27 31 0.03400883 
86 100 11 13 0.03380939 
39 213 13 15 0.033772975 
821 573 16 23 0.03371932 
594 181 11 14 0.033523437 
713 283 22 26 0.03332937 
188 212 26 29 0.033315632 
728 478 38 54 0.03321759 
269 280 18 27 0.03313604 
638 178 20 28 0.033130225 
220 196 13 14 0.032854024 
260 248 24 29 0.032835413 
267 149 15 18 0.032773636 
642 193 13 18 0.032633737 
529 305 37 47 0.032629035 
109 241 23 31 0.032541662 
92 220 13 17 0.03227641 
442 46 10 13 0.032102898 
468 434 33 43 0.03209244 
210 248 17 22 0.032086518 
186 37 12 13 0.031994045 
651 511 14 19 0.031923335 
660 188 36 43 0.031807866 
89 303 27 35 0.031665374 
601 124 10 13 0.03142266 
740 501 27 40 0.03140247 
847 51 46 60 0.03139954 
721 318 36 46 0.031168994 
634 202 19 29 0.031144725 
758 522 13 19 0.031031957 
663 148 10 14 0.030976003 
630 204 13 19 0.03093108 
446 451 43 52 0.030912489 
670 139 13 17 0.030817814 
726 170 13 18 0.030788988 
654 120 18 24 0.030761799 
147 373 27 32 0.030759837 
463 294 15 17 0.030676428 
412 47 11 13 0.030625226 
62 79 10 11 0.030570472 
93 347 30 39 0.03055506 
668 277 29 39 0.030490303 
686 111 9 12 0.030340185 
227 235 15 17 0.030334657 
99 338 15 19 0.0303075 
723 271 27 32 0.030287258 
454 71 8 10 0.03028349 
91 141 11 12 0.030210208 
540 325 25 33 0.03005478 
248 140 10 13 0.02991533 
31 276 17 24 0.029873764 
205 0 12 11 0.029768743 
834 298 41 53 0.029619675 
984 92 10 12 0.0295919 
235 217 21 26 0.029550789 
660 119 10 14 0.02953089 
589 166 11 14 0.029488005 
767 122 22 26 0.02935407 
865 183 17 23 0.02886421 
1008 95 10 13 0.028801937 
155 376 16 17 0.028691169 
337 378 42 48 0.028612921 
2 351 21 26 0.028610311 
320 430 19 22 0.028536266 
489 359 26 35 0.028493727 
127 247 24 31 0.028468644 
159 283 26 34 0.02843677 
952 93 10 15 0.028415082 
772 165 25 34 0.028400727 
999 103 11 14 0.028343324 
452 606 51 58 0.028296184 
730 283 14 17 0.02828296 
376 425 29 42 0.028247492 
709 118 9 12 0.028204726 
281 441 39 52 0.027936744 
33 365 38 50 0.027898092 
456 31 7 9 0.027896617 
371 407 28 38 0.02780148 
454 301 12 14 0.027771981 
10 77 9 12 0.027536534 
699 138 12 16 0.02748021 
46 101 9 11 0.027336787 
141 196 23 27 0.027326558 
198 112 10 12 0.027315889 
154 202 14 19 0.027181862 
316 235 48 61 0.0271228 
759 116 22 28 0.027121967 
-9 408 76 99 0.02707037 
207 275 26 32 0.026707508 
77 126 11 14 0.026700655 
118 239 24 29 0.026645765 
802 376 26 31 0.026552835 
848 412 21 29 0.026543953 
1 483 14 18 0.026520468 
48 124 11 13 0.026382308 
709 130 12 17 0.026338141 
638 151 10 13 0.026324462 
49 118 10 12 0.026322097 
608 142 10 13 0.026252046 
-1 365 30 41 0.026251448 
22 112 10 12 0.026240652 
276 302 24 30 0.026198832 
989 638 34 44 0.026180223 
171 271 19 22 0.026136987 
845 318 41 53 0.026026407 
608 131 10 12 0.025935398 
56 56 10 12 0.025930779 
130 241 17 21 0.025901068 
70 86 9 11 0.025891984 
706 331 19 25 0.025880251 
286 385 28 35 0.025816955 
584 132 12 15 0.025751932 
699 264 27 33 0.025709592 
271 182 26 30 0.0256649 
71 94 9 11 0.025573181 
220 45 11 13 0.025420532 
738 521 38 56 0.025320685 
259 471 38 52 0.025291374 
615 159 10 14 0.025287423 
633 501 43 58 0.025282947 
390 46 9 11 0.025193663 
732 173 20 27 0.02511728 
85 348 14 17 0.025056046 
664 122 21 28 0.025000924 
371 411 16 20 0.024982251 
811 487 25 32 0.024842696 
69 403 25 32 0.024741508 
624 126 9 11 0.0246758 
589 128 8 11 0.02466343 
599 119 9 12 0.024542397 
446 40 8 10 0.024504496 
288 330 25 30 0.024475021 
101 54 12 16 0.024422226 
937 574 25 31 0.02426599 
62 645 15 19 0.024254195 
120 131 10 12 0.024228085 
153 365 26 29 0.024209043 
61 449 29 41 0.024198674 
988 70 14 17 0.024178639 
623 138 12 15 0.024147261 
120 521 48 52 0.024111291 
681 210 16 20 0.024051573 
431 645 27 37 0.023985835 
41 442 34 45 0.023976928 
49 111 8 11 0.023960607 
201 211 15 18 0.023925528 
989 91 10 13 0.023908148 
356 309 30 42 0.02389441 
407 40 9 11 0.02385413 
112 89 13 16 0.023852274 
863 26 47 65 0.023828384 
850 425 15 20 0.023825046 
743 125 11 16 0.023789179 
727 159 20 29 0.0236894 
752 328 18 23 0.023689354 
87 212 14 17 0.023681885 
16 203 24 29 0.023671865 
235 345 18 28 0.023642095 
669 110 11 14 0.02361942 
326 271 29 36 0.023614835 
626 133 21 25 0.023612328 
77 70 11 12 0.02360751 
232 105 11 14 0.023525108 
768 136 13 18 0.02348685 
763 120 14 17 0.02346976 
201 30 11 14 0.023447517 
476 503 46 54 0.023443213 
712 487 19 23 0.023408039 
630 119 8 11 0.023297634 
97 495 28 37 0.023257572 
565 400 16 24 0.023238916 
189 30 11 13 0.023234889 
285 233 49 59 0.023192603 
84 400 16 23 0.023175133 
890 355 15 24 0.023074405 
43 139 14 16 0.023002576 
168 8 10 11 0.02298628 
195 207 16 19 0.022929193 
576 164 10 13 0.022888614 
294 404 38 42 0.02286099 
710 157 22 29 0.02284542 
335 274 41 55 0.0228441 
770 115 14 18 0.02272822 
200 471 34 44 0.02272265 
616 203 21 29 0.022687756 
426 300 15 21 0.022565946 
724 502 39 58 0.022546055 
751 116 13 18 0.022530094 
87 127 11 14 0.022479882 
103 118 9 11 0.022471575 
153 341 26 36 0.02243054 
38 505 38 52 0.02241567 
127 367 17 23 0.022414248 
110 79 18 24 0.022409914 
62 47 11 12 0.02230211 
93 125 10 13 0.02226064 
967 117 14 17 0.022259768 
786 126 14 17 0.02222987 
216 117 10 11 0.022179171 
127 141 11 13 0.022164868 
261 280 16 25 0.022136377 
244 204 16 19 0.022112703 
720 111 9 12 0.022035306 
989 61 13 16 0.022020102 
378 289 43 51 0.0220157 
423 14 8 10 0.021912498 
175 31 9 12 0.021908164 
591 156 10 13 0.02188441 
809 564 27 38 0.021878358 
639 161 25 34 0.02187131 
867 345 18 26 0.02182714 
544 456 20 25 0.021786554 
109 380 15 23 0.021769017 
252 378 15 23 0.021707077 
0 355 13 18 0.021670278 
444 299 14 17 0.021660656 
316 573 45 54 0.021588737 
139 310 27 33 0.021563953 
108 108 11 14 0.02152877 
614 149 9 12 0.021518858 
216 311 38 49 0.021497434 
868 477 30 41 0.021449069 
78 101 9 11 0.021396112 
68 271 24 29 0.02135267 
638 127 8 12 0.02129242 
625 134 10 12 0.021253034 
131 106 19 23 0.021216199 
628 198 13 16 0.021198658 
644 150 10 13 0.021150507 
749 171 17 23 0.02105682 
613 142 10 13 0.021019923 
141 213 15 20 0.021006312 
709 111 9 12 0.020998757 
44 132 13 15 0.020954251 
7 70 11 13 0.020941786 
168 125 9 10 0.020874662 
6 192 10 13 0.020826727 
72 229 17 23 0.02080788 
84 106 13 16 0.020750966 
271 413 41 52 0.02065404 
180 117 10 11 0.020636007 
719 530 45 64 0.0206179 
62 316 31 37 0.02057728 
637 108 9 11 0.02057655 
242 254 25 33 0.020566264 
52 118 13 15 0.02055995 
707 493 18 25 0.020545792 
895 527 32 44 0.020491311 
241 336 17 21 0.020486277 
428 621 53 58 0.020468334 
31 80 9 11 0.020467855 
207 14 14 14 0.020445539 
474 306 12 15 0.02043595 
747 505 14 21 0.020428803 
669 118 11 14 0.020407122 
230 96 21 25 0.020393198 
670 180 12 16 0.020355342 
833 225 19 26 0.020349544 
275 273 16 27 0.020295588 
719 116 13 16 0.02022497 
35 213 22 27 0.020211324 
27 603 32 34 0.020129321 
745 312 26 34 0.020099025 
713 193 17 25 0.02003911 
259 132 14 15 0.020033222 
103 138 10 13 0.020032583 
399 22 10 13 0.020017784 
