2_Demonstration_Demonstrators_2_546
156
943 168 26 37 0.9950104 
802 202 27 33 0.9500016 
986 154 13 18 0.49973515 
148 187 16 20 0.48103917 
888 152 16 19 0.45196897 
320 202 27 35 0.44877893 
200 198 13 15 0.43409333 
357 134 14 18 0.41474247 
218 157 26 30 0.4014263 
302 228 12 15 0.39243123 
479 170 14 20 0.3803142 
326 134 10 12 0.27166978 
678 127 19 26 0.24866833 
1000 181 11 14 0.24142489 
174 210 13 19 0.23454054 
243 136 24 29 0.20598671 
948 149 10 15 0.18679899 
154 180 16 20 0.17655194 
818 156 20 28 0.17074704 
676 127 12 16 0.1699688 
943 152 12 17 0.15641125 
689 128 15 19 0.13971584 
841 176 15 18 0.1259667 
164 202 11 15 0.11147915 
421 133 12 14 0.09925608 
983 158 20 28 0.09507838 
259 141 13 19 0.0936855 
610 151 25 30 0.09252746 
156 194 15 18 0.09030175 
331 133 10 13 0.08731459 
434 184 15 22 0.08243868 
663 167 11 15 0.07752741 
773 166 11 14 0.07652933 
390 127 11 15 0.065993086 
942 153 21 30 0.06303256 
282 172 15 21 0.05958396 
997 157 12 16 0.057317674 
213 152 16 21 0.05727169 
184 188 11 16 0.057248663 
276 163 12 16 0.05567131 
168 207 14 21 0.054244433 
897 217 13 18 0.053901438 
607 290 21 29 0.053315848 
223 197 11 15 0.0532409 
887 139 12 15 0.050751757 
816 157 13 18 0.050448094 
203 191 20 25 0.04939846 
381 188 14 18 0.049117982 
707 160 15 18 0.04874796 
141 175 11 14 0.04721727 
132 205 11 18 0.047057744 
376 180 26 33 0.046507336 
324 137 15 17 0.045600943 
355 128 14 16 0.04448674 
446 223 38 55 0.04412305 
431 239 10 13 0.04400918 
415 142 10 14 0.043228332 
396 131 11 16 0.04309395 
142 179 14 17 0.042677306 
669 172 13 16 0.042528857 
284 257 14 17 0.0412975 
799 201 17 25 0.04059201 
755 146 15 19 0.040481757 
912 252 12 15 0.039969187 
160 197 20 26 0.039794296 
477 297 12 15 0.039656047 
311 215 23 31 0.039600477 
106 274 16 20 0.039341953 
352 127 10 12 0.039085962 
569 110 10 13 0.038184352 
621 154 26 31 0.037850153 
449 223 11 14 0.037436523 
333 188 36 46 0.037341215 
291 244 16 18 0.037252475 
145 188 26 32 0.036476642 
416 133 11 15 0.03639414 
346 135 26 30 0.0353866 
1004 172 13 17 0.035086267 
343 140 13 16 0.034351714 
149 176 15 17 0.032663636 
529 158 10 14 0.03245202 
225 148 18 22 0.03233727 
463 222 10 14 0.032249752 
442 150 10 13 0.031514075 
1003 162 12 16 0.031468425 
294 222 22 27 0.031159146 
764 155 12 18 0.0310631 
769 168 22 32 0.03091272 
823 152 11 16 0.030753355 
808 163 11 16 0.030633196 
997 173 20 27 0.03033481 
263 122 11 15 0.030168261 
564 484 35 35 0.029760133 
974 161 15 20 0.029318657 
107 273 26 31 0.029076459 
606 154 16 23 0.02890645 
814 202 22 27 0.028358521 
329 196 17 23 0.02790263 
446 151 11 13 0.02748398 
271 298 28 42 0.027461328 
494 174 11 15 0.027431356 
884 138 20 24 0.026727982 
709 147 14 17 0.026632141 
717 150 12 14 0.02653391 
317 225 11 16 0.026468452 
837 182 17 22 0.025955746 
822 166 25 31 0.025865985 
271 157 11 16 0.025853112 
357 163 43 54 0.025484882 
407 133 12 16 0.025229802 
486 227 14 19 0.025080886 
387 133 16 20 0.024796177 
307 221 14 21 0.0247455 
669 164 12 16 0.024571842 
281 249 26 30 0.024533562 
180 184 20 27 0.02448503 
976 227 26 37 0.024418784 
233 154 15 20 0.024325464 
344 133 11 14 0.024181413 
133 198 11 15 0.024080796 
163 229 12 15 0.024047319 
697 163 11 16 0.023781965 
767 162 11 17 0.023594504 
743 148 13 17 0.023316959 
237 137 18 22 0.02328586 
949 182 28 33 0.023109257 
268 277 12 17 0.023073062 
1001 248 24 38 0.022943743 
338 202 16 23 0.022931065 
106 271 10 14 0.022758422 
139 171 23 30 0.02262148 
752 144 12 14 0.022459649 
807 159 22 28 0.02235514 
349 145 14 16 0.022279527 
707 155 27 29 0.022017576 
676 145 24 30 0.021999791 
768 169 13 19 0.021883646 
683 163 12 15 0.02187391 
260 132 13 16 0.02185434 
408 139 13 16 0.021809135 
570 309 13 17 0.021511478 
333 128 10 12 0.021406058 
130 188 37 49 0.02124641 
717 142 13 15 0.020890923 
298 239 14 19 0.020858131 
772 143 11 13 0.020719392 
335 162 46 60 0.020551233 
993 163 18 27 0.020384325 
677 141 16 20 0.020283751 
472 170 24 32 0.020243712 
138 179 11 15 0.020225575 
387 181 15 18 0.020217622 
332 145 12 16 0.0201797 
465 222 24 39 0.020095538 
258 135 22 31 0.020058272 
535 288 13 19 0.02001607 
