2_Demonstration_Demonstrators_2_268
283
268 256 26 31 0.99921286 
78 283 32 42 0.9988801 
362 263 23 29 0.9904861 
976 260 39 47 0.98779374 
30 265 16 19 0.981351 
574 281 25 28 0.9719875 
682 246 19 24 0.97065824 
840 278 22 24 0.95921123 
721 360 22 28 0.9160727 
538 248 13 17 0.89801294 
452 261 11 14 0.88698167 
949 262 15 21 0.8704291 
238 261 16 18 0.8262313 
616 277 12 15 0.80714864 
75 251 14 18 0.8011165 
878 255 17 19 0.75137305 
601 258 10 13 0.7333937 
217 252 13 17 0.6065135 
164 285 22 25 0.56820077 
292 300 21 28 0.54825205 
504 266 11 14 0.5427484 
103 265 9 12 0.37922084 
727 255 9 11 0.3672956 
154 265 21 22 0.359968 
409 247 10 12 0.31202424 
442 276 10 12 0.3029571 
135 271 13 16 0.26657948 
204 317 12 17 0.2427361 
852 326 12 15 0.23710415 
912 246 11 13 0.2350041 
156 271 24 28 0.23364626 
471 291 12 14 0.23186558 
214 265 13 15 0.22804208 
640 291 10 12 0.21786869 
487 263 12 14 0.21265332 
0 281 11 19 0.19758464 
525 254 9 13 0.19406596 
782 256 8 9 0.18602382 
929 255 9 11 0.1801596 
502 284 11 14 0.1797703 
665 251 10 12 0.17392665 
492 262 11 14 0.16837224 
341 276 14 18 0.15844123 
768 262 9 10 0.14720155 
625 254 8 11 0.14312929 
642 247 9 11 0.14077592 
581 264 14 15 0.13685742 
204 269 12 15 0.12608278 
367 244 12 14 0.12335016 
82 260 11 15 0.12134126 
613 290 11 14 0.117559314 
671 252 9 14 0.11539313 
413 251 10 13 0.10252805 
818 256 7 10 0.09917503 
429 278 8 12 0.09916298 
423 303 10 14 0.0990273 
459 260 11 14 0.09846545 
447 257 12 15 0.09520365 
726 248 9 12 0.09451128 
623 260 10 11 0.09445368 
761 256 7 9 0.09396767 
310 262 9 11 0.091231845 
849 253 9 11 0.088670984 
834 254 9 13 0.087397724 
388 268 12 16 0.08686713 
437 186 15 17 0.08452882 
202 273 10 14 0.08179019 
640 251 10 13 0.080985464 
469 255 10 12 0.07866938 
785 271 9 12 0.0783523 
855 253 10 12 0.07469658 
774 310 8 10 0.07399888 
12 276 11 15 0.07213491 
301 272 18 21 0.071029454 
638 311 9 12 0.070824705 
507 262 11 15 0.07065436 
918 251 9 12 0.070394956 
712 129 11 14 0.06908377 
441 260 11 13 0.067830995 
62 261 12 16 0.06761849 
717 311 11 12 0.06666647 
176 289 13 18 0.06659535 
93 281 25 34 0.06503781 
594 282 14 20 0.062451165 
766 257 8 10 0.06041701 
656 261 8 11 0.06000389 
12 330 11 15 0.06000239 
607 240 10 12 0.05988108 
631 285 11 14 0.059873063 
162 295 26 31 0.059720557 
406 234 16 20 0.05885413 
862 248 9 12 0.05596702 
446 267 13 16 0.055075347 
784 262 9 10 0.0549658 
389 254 11 14 0.053363472 
933 259 11 13 0.053150926 
775 271 8 10 0.05305014 
777 278 9 10 0.05245594 
824 277 11 14 0.05219492 
629 254 9 11 0.05200963 
519 257 13 17 0.051261775 
612 299 11 13 0.051221572 
773 263 8 10 0.05097271 
443 302 11 14 0.05066271 
621 246 10 12 0.050022624 
643 293 10 12 0.050022382 
621 331 11 12 0.04979176 
1005 235 16 21 0.049603857 
583 248 10 11 0.048644587 
806 262 8 9 0.04839557 
782 276 9 11 0.048075207 
537 231 10 13 0.046568718 
847 320 20 26 0.046468258 
821 256 9 11 0.04571566 
761 261 9 11 0.0454036 
462 255 11 14 0.045083206 
390 273 12 18 0.044758383 
720 270 8 11 0.044701554 
424 284 11 15 0.044667237 
733 254 8 11 0.04448463 
486 291 9 13 0.043953303 
535 236 12 16 0.043834794 
759 268 10 12 0.043359526 
904 246 10 12 0.043266155 
429 301 12 14 0.043180093 
742 288 7 10 0.04313149 
62 251 14 18 0.04257565 
791 263 7 10 0.042535003 
721 247 9 12 0.04231295 
452 219 12 14 0.041904096 
960 365 32 35 0.041334182 
728 276 9 11 0.040688474 
800 263 8 10 0.040616572 
777 255 9 10 0.04031049 
605 298 13 16 0.040249694 
852 385 13 15 0.040222626 
870 266 12 17 0.040185846 
419 236 10 14 0.04000942 
762 278 8 11 0.039176874 
722 253 9 12 0.03907674 
448 239 8 11 0.038567286 
616 244 10 12 0.038495418 
754 257 6 8 0.038473636 
668 246 11 16 0.03835016 
476 287 11 14 0.038210865 
416 260 11 13 0.037866056 
503 274 13 18 0.03773051 
514 314 14 17 0.03648981 
501 263 17 23 0.03647706 
24 316 11 13 0.035956126 
55 245 12 16 0.034789197 
322 271 17 21 0.03477198 
919 278 10 13 0.03451014 
232 259 15 18 0.03435086 
300 293 13 16 0.034174006 
642 241 8 11 0.034158412 
343 268 22 28 0.03363909 
570 336 9 10 0.033513702 
454 237 10 12 0.03336565 
179 233 22 28 0.033236254 
505 282 15 18 0.032920092 
342 255 11 14 0.032612886 
483 260 20 25 0.032423474 
85 234 12 15 0.032414205 
106 285 15 24 0.032402884 
644 252 10 12 0.032373074 
5 276 13 20 0.032054175 
935 247 10 12 0.0319531 
881 263 15 18 0.031932365 
582 252 12 13 0.031684525 
898 349 13 15 0.031447243 
872 258 14 18 0.030434018 
451 273 13 16 0.030274019 
734 271 8 11 0.029906468 
481 261 10 13 0.029740041 
109 278 12 15 0.029182384 
780 308 10 12 0.02915538 
330 270 19 25 0.029079603 
286 243 12 16 0.029031921 
905 251 10 13 0.028962268 
327 311 11 15 0.028917724 
775 294 9 12 0.02884828 
752 261 8 10 0.028528515 
616 255 8 10 0.028513286 
480 267 11 14 0.028342946 
408 318 11 14 0.02824011 
872 254 11 14 0.028168736 
508 239 11 13 0.027946094 
477 275 11 14 0.027886182 
206 285 10 12 0.027623015 
14 272 10 13 0.027506258 
505 244 10 12 0.027371172 
646 270 8 11 0.027306905 
276 226 14 15 0.027269874 
6 329 13 20 0.0269052 
629 262 10 13 0.026658935 
799 268 9 10 0.026594143 
101 272 15 21 0.02635203 
658 245 9 13 0.02626053 
437 243 11 14 0.026247373 
130 246 8 10 0.026185295 
801 279 8 10 0.026124794 
734 276 7 10 0.026112877 
397 282 11 15 0.025999269 
150 270 16 22 0.025945935 
129 274 13 15 0.025844252 
588 247 10 13 0.02581684 
599 238 10 12 0.025719434 
494 257 11 13 0.025587758 
742 272 8 11 0.025472568 
721 276 9 11 0.025451848 
766 284 8 11 0.025073802 
460 277 10 13 0.025055252 
597 255 18 21 0.02480799 
833 248 9 11 0.024688488 
836 259 10 12 0.024682732 
671 256 12 16 0.024590364 
575 262 14 16 0.0244165 
769 303 8 11 0.02440896 
18 326 21 27 0.024404783 
589 261 11 13 0.02434064 
631 267 11 14 0.023991384 
732 260 9 11 0.023980265 
198 307 22 27 0.023700949 
463 248 10 12 0.023667932 
106 260 12 17 0.023664014 
431 272 9 12 0.023648689 
587 278 15 19 0.023646753 
477 221 406 493 0.023645496 
567 254 9 11 0.023636362 
380 266 14 19 0.023592517 
285 260 24 29 0.023573868 
190 287 11 14 0.023550514 
616 262 8 10 0.023470864 
622 240 8 11 0.02341052 
591 254 10 12 0.023394482 
752 309 8 11 0.023250679 
55 259 13 19 0.023169734 
118 306 15 19 0.02313755 
33 339 12 15 0.022933628 
547 252 12 15 0.022930577 
1 348 26 42 0.022593066 
152 282 25 31 0.02257896 
191 269 9 13 0.022571065 
657 255 8 12 0.022524327 
388 261 20 28 0.022460354 
592 231 10 11 0.022356514 
586 266 14 17 0.022265201 
774 304 9 11 0.022252413 
182 248 12 16 0.022132296 
800 256 8 10 0.022086525 
751 278 9 12 0.021946074 
830 271 10 14 0.021928754 
645 277 10 12 0.021861078 
814 270 11 13 0.021858223 
195 292 11 13 0.021800496 
417 302 10 13 0.021667762 
97 261 11 14 0.02160404 
824 311 9 11 0.02143922 
3 287 13 18 0.02143877 
275 287 16 19 0.021385157 
71 270 31 39 0.021258958 
575 253 11 12 0.021100754 
454 246 10 12 0.021100461 
398 308 11 14 0.02108353 
526 245 12 16 0.021047033 
95 252 11 14 0.021045823 
198 285 10 12 0.020954272 
910 269 10 13 0.020921798 
439 306 12 13 0.020856319 
639 300 12 15 0.020680081 
807 292 11 15 0.020670163 
422 270 10 14 0.02061095 
440 255 19 25 0.020557905 
69 295 18 21 0.020368496 
419 243 11 15 0.020288855 
407 302 9 13 0.020283097 
708 262 13 15 0.020254795 
873 281 16 19 0.020194769 
178 305 15 18 0.020160837 
419 253 11 14 0.020142373 
645 299 11 15 0.020103712 
180 205 12 14 0.020031152 
