2_Demonstration_Demonstration_Or_Protest_2_140
926
952 637 28 34 0.99802446 
331 519 15 19 0.9959559 
764 624 15 20 0.99539244 
843 628 24 33 0.9910409 
493 476 13 17 0.99030465 
202 539 16 21 0.98979175 
806 569 14 20 0.98487246 
742 548 15 19 0.9832669 
382 476 12 15 0.982576 
413 561 17 21 0.97857636 
956 590 15 21 0.9764237 
785 561 15 19 0.9764058 
769 541 16 20 0.97396505 
138 585 18 22 0.9737129 
802 644 17 21 0.9735371 
531 490 15 20 0.97040457 
756 577 15 19 0.96646166 
637 383 13 16 0.96610916 
332 606 20 23 0.9646073 
616 526 18 22 0.9644335 
637 487 14 18 0.9593165 
430 619 18 21 0.9577893 
451 486 13 15 0.956899 
763 597 13 16 0.9561972 
302 606 15 21 0.9529064 
558 501 14 19 0.95227015 
157 544 14 18 0.9496762 
548 475 14 17 0.9454369 
180 616 17 19 0.9406143 
455 397 11 14 0.94053805 
521 574 18 23 0.9397731 
245 607 15 20 0.92945033 
375 630 19 24 0.92719615 
834 543 13 16 0.9257527 
702 462 13 17 0.9248712 
779 522 13 16 0.9177482 
860 601 15 17 0.91441876 
547 526 15 19 0.905662 
559 355 10 12 0.8950955 
511 501 14 19 0.89111346 
564 468 14 16 0.88129765 
512 386 11 15 0.87376153 
624 623 20 26 0.8719579 
365 604 17 20 0.8682266 
413 478 15 18 0.8642472 
915 602 16 19 0.86157787 
713 572 12 17 0.8609514 
630 470 13 16 0.8551167 
299 517 16 19 0.85348225 
523 527 13 17 0.85263765 
601 380 11 15 0.84913033 
685 504 15 17 0.84682727 
591 458 14 17 0.84427685 
740 395 11 14 0.83655006 
545 397 10 13 0.8292334 
682 477 13 16 0.81410587 
725 476 12 15 0.80096465 
572 537 15 19 0.7879144 
304 557 16 20 0.7854613 
711 389 9 12 0.78094316 
375 509 14 20 0.75505334 
280 526 13 17 0.7544114 
379 573 13 17 0.7480938 
183 651 21 20 0.7439352 
686 415 12 16 0.72492754 
412 652 19 21 0.7194402 
623 378 10 13 0.7162593 
231 463 16 20 0.7133294 
644 461 13 16 0.70241135 
823 272 9 12 0.6969079 
903 641 28 28 0.6965358 
575 328 13 17 0.6961716 
721 627 17 21 0.67717624 
611 434 12 15 0.6771123 
527 621 21 27 0.6544646 
854 265 8 10 0.63038397 
249 563 15 21 0.6261675 
721 311 10 13 0.6134895 
453 643 15 20 0.5988316 
694 357 11 14 0.5708027 
388 615 15 19 0.5622911 
552 419 10 12 0.56193084 
557 387 11 14 0.5554045 
671 318 11 15 0.5431522 
743 240 8 10 0.5314769 
721 255 8 11 0.5310434 
670 540 15 21 0.53059804 
692 269 10 13 0.50783324 
609 653 20 20 0.5059784 
232 485 13 17 0.5041843 
759 256 9 12 0.5016377 
698 591 15 19 0.47071216 
668 248 9 12 0.46826783 
221 621 15 19 0.45944846 
460 556 14 18 0.43309978 
362 548 15 18 0.41051733 
803 301 10 14 0.41044217 
160 592 15 19 0.4080185 
656 333 10 12 0.39717704 
459 533 13 16 0.39650217 
923 639 23 27 0.38010913 
702 216 6 9 0.37969688 
784 263 10 12 0.36456287 
661 638 22 24 0.36176592 
857 288 10 13 0.36037225 
652 556 14 19 0.35235164 
654 270 8 12 0.34402344 
673 367 12 15 0.3412359 
485 634 16 18 0.33918273 
838 97 11 12 0.3370504 
653 598 16 21 0.33236238 
751 287 9 11 0.3288433 
769 235 8 11 0.32693574 
490 629 17 20 0.3118105 
860 324 12 13 0.31033587 
910 581 16 20 0.30580494 
872 237 7 10 0.3047743 
798 238 8 10 0.28641248 
490 531 17 21 0.27940887 
686 196 8 11 0.27940607 
794 237 7 10 0.27374265 
695 651 15 18 0.2666877 
304 581 12 16 0.26606014 
751 293 8 10 0.25226858 
648 530 14 17 0.23360823 
562 245 11 13 0.22696258 
876 578 13 16 0.22364953 
468 389 13 16 0.22119653 
571 445 12 15 0.21685816 
736 271 8 9 0.2129786 
522 275 11 13 0.21001346 
629 281 11 15 0.20919205 
676 299 10 13 0.20912355 
999 220 8 10 0.20875496 
630 463 12 15 0.20634805 
744 175 8 10 0.20599948 
671 390 10 14 0.20458503 
693 448 10 12 0.20362231 
655 204 10 12 0.20344271 
692 543 16 18 0.20099412 
697 239 8 10 0.19287847 
781 214 9 11 0.18919767 
687 287 9 13 0.18494445 
896 279 10 12 0.1831705 
358 553 16 20 0.18243001 
888 229 7 9 0.17886265 
571 436 11 13 0.17664692 
604 311 10 12 0.17509532 
746 651 18 21 0.1710388 
540 255 10 12 0.17051014 
788 318 10 12 0.1644229 
469 583 11 15 0.16356957 
879 284 8 10 0.16328599 
432 589 13 17 0.16274989 
774 188 8 11 0.16197282 
527 374 10 13 0.16115025 
673 295 11 13 0.15934272 
804 296 10 12 0.1574921 
447 604 14 19 0.15401593 
678 389 12 15 0.15247661 
550 391 12 15 0.15233266 
854 215 8 11 0.1521961 
758 207 7 9 0.15140368 
800 262 9 12 0.14958839 
985 263 7 10 0.14731255 
571 430 12 13 0.14566822 
494 430 9 12 0.14348814 
871 189 10 12 0.14281487 
534 259 10 13 0.14097397 
792 233 8 10 0.13768806 
419 503 16 20 0.1376089 
822 174 7 9 0.13638201 
799 214 7 9 0.12997077 
783 255 9 11 0.12834309 
140 611 12 16 0.12606464 
832 223 8 9 0.12603578 
582 313 10 15 0.1255633 
686 254 8 11 0.12503947 
592 346 10 12 0.12158947 
969 264 7 9 0.12044862 
842 238 8 11 0.11914746 
937 224 8 10 0.11875144 
597 548 16 18 0.117979065 
675 446 13 15 0.11710397 
934 279 8 10 0.11659481 
842 142 9 11 0.114264905 
834 185 7 9 0.11355252 
742 601 14 17 0.11217011 
764 256 9 11 0.11196887 
74 344 10 13 0.111105956 
912 178 9 12 0.110985056 
721 248 8 11 0.11003632 
700 237 9 11 0.10925806 
761 174 7 9 0.107179284 
145 648 23 26 0.10597623 
767 174 8 9 0.10518673 
689 452 11 13 0.103277236 
816 199 7 9 0.10327416 
768 168 8 10 0.10223838 
665 453 10 14 0.10171556 
743 212 8 10 0.100570254 
828 277 10 12 0.09991833 
615 280 11 13 0.099177696 
281 414 19 20 0.09831612 
166 513 13 16 0.09723012 
688 274 11 14 0.09719608 
725 253 8 11 0.096555516 
749 300 8 10 0.09561719 
976 248 6 8 0.09534065 
941 225 8 10 0.09517233 
685 349 11 13 0.09413235 
284 594 16 21 0.093496546 
595 565 17 19 0.092623435 
792 190 8 10 0.09259836 
681 383 10 12 0.09167214 
767 216 7 9 0.09137609 
569 287 9 12 0.091104224 
809 625 15 18 0.09041604 
701 483 13 16 0.090179875 
998 642 12 17 0.090162836 
686 522 16 18 0.0893487 
750 175 8 10 0.089096375 
770 149 8 11 0.08846685 
754 207 8 9 0.08675964 
962 232 7 10 0.08661603 
833 247 8 10 0.08563917 
669 450 12 15 0.085359484 
838 613 12 16 0.084853485 
807 611 11 14 0.08475586 
477 524 12 16 0.084539026 
777 214 9 11 0.083027855 
718 240 7 9 0.08277885 
413 537 15 20 0.08254572 
702 232 8 10 0.08232171 
927 311 10 12 0.082168534 
264 428 12 14 0.0812887 
606 406 12 14 0.081003524 
738 238 8 10 0.08077621 
739 206 8 11 0.08038601 
765 655 13 15 0.08002392 
730 232 7 9 0.078718774 
805 278 9 11 0.07824394 
634 476 14 17 0.07765686 
725 249 9 10 0.07759827 
791 197 8 10 0.07635191 
809 159 8 10 0.0758164 
403 535 20 24 0.07538999 
597 245 9 11 0.07526037 
683 387 11 14 0.07505589 
749 310 9 11 0.07463665 
461 545 22 28 0.07434601 
889 272 8 9 0.074046604 
697 167 7 9 0.07380061 
589 386 10 13 0.07376661 
587 521 15 17 0.07367928 
786 175 7 9 0.07359052 
849 216 8 10 0.073446766 
793 184 7 9 0.07331791 
874 284 9 11 0.07311181 
887 277 9 12 0.072871014 
839 217 8 9 0.07231606 
562 351 13 16 0.07194959 
724 341 9 12 0.07189519 
592 326 10 13 0.071369976 
789 311 10 11 0.07123874 
783 287 8 10 0.07106822 
655 213 8 10 0.07089534 
735 231 7 10 0.07083552 
688 356 12 15 0.07060425 
741 200 8 9 0.07058785 
510 575 16 21 0.070492424 
820 319 9 12 0.0703272 
660 541 19 26 0.070309885 
781 209 8 9 0.07014788 
509 412 12 13 0.070036076 
533 299 9 12 0.06998743 
508 261 9 14 0.069690034 
791 173 7 9 0.06964651 
683 593 16 19 0.06948718 
683 343 12 13 0.06945918 
790 548 13 16 0.06930494 
638 214 9 11 0.06922751 
988 641 14 18 0.069113635 
805 317 10 11 0.068957485 
829 578 15 17 0.06755898 
749 241 8 10 0.06684139 
882 605 12 16 0.06647009 
678 306 11 15 0.06641451 
735 276 10 12 0.06634912 
916 91 10 13 0.06617137 
734 265 8 9 0.064932376 
526 256 10 12 0.064641975 
634 183 7 10 0.064348 
596 279 10 13 0.06425208 
928 318 10 13 0.06414347 
968 216 8 9 0.063953646 
839 245 8 11 0.0639281 
426 500 14 19 0.06366907 
281 544 12 17 0.06348537 
680 144 7 9 0.0630106 
622 278 13 15 0.06290923 
297 641 22 26 0.06246378 
435 114 13 16 0.062188026 
669 276 11 13 0.062049355 
816 206 8 10 0.061827037 
308 456 15 21 0.06104429 
691 293 10 13 0.061029278 
701 647 20 25 0.060771998 
877 189 7 10 0.06015191 
798 190 7 9 0.06014587 
460 388 18 22 0.059894107 
822 169 7 9 0.059879504 
642 207 7 10 0.059858777 
303 649 23 24 0.05982644 
744 181 9 11 0.059695743 
626 375 12 15 0.059547123 
822 214 8 10 0.05937888 
840 296 8 10 0.059234425 
520 627 12 17 0.059161037 
571 505 13 16 0.059017755 
751 535 13 14 0.058720686 
910 606 16 20 0.058564167 
648 207 8 11 0.058536906 
593 212 10 15 0.058495086 
180 475 10 13 0.058448147 
356 616 14 20 0.057910386 
954 215 6 9 0.057279654 
838 221 8 10 0.056528118 
785 240 8 9 0.056278117 
213 577 13 15 0.055660818 
663 647 23 25 0.055553976 
894 573 12 15 0.05528358 
397 546 15 19 0.054958683 
832 190 7 9 0.05494536 
687 238 8 11 0.054647263 
748 501 10 13 0.05441666 
825 245 8 11 0.05428574 
709 271 9 11 0.05390105 
782 246 9 10 0.053844605 
239 571 13 17 0.053715795 
838 183 7 8 0.05365206 
555 475 13 17 0.05363526 
624 384 10 14 0.053564653 
447 581 12 16 0.053452816 
896 216 8 9 0.051740825 
1001 247 7 9 0.051631957 
622 223 9 13 0.051151983 
762 574 13 16 0.05105535 
718 621 13 17 0.050947204 
623 612 14 16 0.050698247 
974 215 7 9 0.050178856 
934 292 11 14 0.05014775 
381 623 19 24 0.050144117 
359 608 15 20 0.049791988 
204 588 12 16 0.049678 
929 292 9 13 0.04961188 
806 215 7 10 0.049457647 
704 199 7 8 0.049140565 
582 460 13 15 0.049090434 
799 145 7 8 0.049066674 
720 293 10 12 0.048777316 
850 221 8 10 0.048739877 
518 351 13 14 0.0485986 
916 177 9 11 0.048519906 
814 294 11 13 0.04849071 
632 381 12 15 0.048109423 
702 220 8 11 0.04787816 
793 216 7 9 0.047853056 
817 192 7 9 0.047786944 
282 611 16 20 0.04751151 
862 280 9 11 0.04741596 
299 444 25 32 0.047308907 
520 373 10 13 0.047181156 
682 254 8 10 0.047075897 
974 549 10 13 0.047022074 
378 600 16 20 0.04693787 
791 543 11 14 0.046700634 
773 233 8 10 0.046383586 
788 577 13 15 0.0461935 
776 247 9 10 0.045929484 
742 643 17 21 0.045906022 
682 239 8 11 0.045696214 
798 232 8 10 0.045682482 
750 181 8 10 0.045563027 
711 284 9 11 0.045418195 
475 581 11 15 0.04511415 
737 183 8 10 0.045063034 
937 200 7 9 0.044833813 
544 431 11 14 0.04482734 
680 208 7 9 0.044751182 
799 209 7 8 0.044579584 
754 256 9 11 0.044323687 
761 214 7 9 0.044193212 
629 456 12 14 0.04413228 
688 263 11 14 0.04398861 
685 527 21 24 0.043981243 
928 240 8 9 0.043969024 
688 231 8 9 0.043930527 
179 145 13 17 0.043877 
463 527 20 25 0.043868564 
915 574 14 17 0.04376436 
636 219 10 13 0.043691806 
370 462 13 17 0.043615274 
862 177 7 9 0.043607254 
778 208 8 9 0.043596968 
487 585 15 18 0.04358459 
743 223 6 9 0.0435505 
798 184 8 10 0.04325058 
782 220 9 11 0.043212377 
801 319 8 11 0.043031834 
824 239 8 10 0.04300236 
800 243 8 11 0.04296363 
697 208 7 10 0.042897034 
114 609 18 22 0.04284258 
769 190 9 10 0.042812992 
545 358 10 12 0.042431157 
821 295 10 12 0.042259406 
718 183 7 10 0.042164773 
738 224 6 8 0.042135116 
679 500 14 19 0.041709397 
684 310 10 12 0.041688684 
725 294 9 10 0.04159295 
285 653 14 18 0.041541114 
752 224 7 9 0.041150823 
714 247 8 10 0.040913302 
725 391 10 11 0.040782902 
820 270 9 11 0.040707566 
680 214 7 10 0.040562827 
768 295 8 10 0.040503327 
715 633 22 29 0.04041395 
634 277 13 15 0.040380172 
805 285 10 12 0.0402685 
678 472 13 17 0.040178604 
777 253 8 11 0.04 
669 285 11 13 0.039947245 
728 271 8 10 0.03992192 
582 444 12 15 0.039778844 
205 579 14 18 0.039760645 
177 625 25 31 0.03966853 
268 422 11 13 0.03960859 
646 544 21 27 0.039357193 
146 611 16 20 0.039198313 
761 223 7 10 0.03897698 
688 537 15 19 0.03894154 
752 280 8 11 0.038924843 
773 534 13 17 0.038896866 
865 191 9 11 0.03882 
759 296 8 9 0.03881777 
747 296 8 10 0.038781375 
634 188 9 12 0.038685575 
204 639 15 19 0.03868527 
676 585 18 22 0.038669534 
711 303 10 12 0.03865402 
695 172 10 12 0.038636543 
797 109 10 12 0.038602155 
662 269 11 14 0.038500156 
517 364 11 13 0.038493536 
515 495 13 17 0.03840675 
611 421 13 15 0.038320974 
793 169 7 9 0.038264077 
933 285 11 14 0.038241006 
773 237 8 11 0.03816257 
646 253 9 11 0.03812868 
371 502 17 21 0.03810866 
709 278 10 13 0.038104016 
232 494 14 17 0.038080238 
678 277 9 12 0.038070753 
617 632 23 28 0.038037345 
686 215 7 9 0.038009685 
896 241 8 10 0.03797324 
208 572 13 15 0.037903354 
513 363 10 13 0.037855208 
697 160 8 9 0.037689596 
827 270 9 13 0.037653293 
735 283 10 12 0.037561856 
749 316 9 12 0.037508268 
832 283 10 13 0.0373937 
202 650 16 18 0.037045255 
633 216 8 9 0.036889717 
866 652 17 19 0.036648486 
91 126 15 23 0.036637466 
858 320 10 13 0.036602955 
817 167 8 9 0.036398884 
682 393 14 16 0.03637859 
889 191 6 9 0.0361635 
469 537 23 27 0.036129035 
760 248 9 11 0.036128152 
800 285 9 12 0.03604119 
855 231 7 9 0.035930246 
784 183 7 9 0.035899125 
817 145 7 8 0.035863016 
834 100 9 12 0.035823856 
594 571 24 27 0.035755225 
559 240 19 25 0.035716403 
880 215 7 9 0.03554798 
885 283 9 12 0.03538756 
738 213 8 10 0.035343707 
728 262 8 10 0.03530319 
760 200 8 10 0.035281703 
832 252 9 11 0.035173383 
248 612 17 22 0.03511706 
934 272 9 10 0.035078578 
712 650 17 20 0.03499223 
791 278 8 11 0.034807716 
607 248 10 12 0.034735523 
339 491 12 15 0.034734685 
824 231 8 10 0.03465941 
816 151 8 10 0.034554806 
687 363 9 12 0.034538068 
519 269 18 23 0.034380242 
902 601 13 18 0.034341525 
511 562 14 18 0.03421891 
789 268 8 10 0.034188528 
455 571 11 16 0.034170102 
928 231 7 9 0.034163117 
828 482 15 19 0.03415415 
610 412 12 14 0.03398227 
976 269 7 9 0.033973593 
881 206 8 10 0.033927795 
420 530 12 15 0.033876453 
761 300 8 10 0.03379018 
629 246 8 10 0.033642028 
583 230 8 10 0.033617094 
927 199 6 9 0.03348595 
882 223 7 9 0.033212774 
691 560 16 19 0.033163052 
760 169 7 10 0.033136588 
844 622 17 22 0.033106744 
680 222 7 9 0.033048097 
718 394 10 12 0.032993812 
816 312 8 10 0.03297197 
761 192 8 9 0.032940518 
977 143 7 9 0.03290458 
725 336 8 11 0.032902654 
622 505 14 17 0.032897647 
552 357 9 12 0.0328912 
333 629 16 21 0.03282333 
989 263 8 9 0.03281379 
554 383 11 14 0.032779716 
912 651 20 22 0.03275539 
817 185 7 8 0.03274457 
677 269 10 13 0.03266986 
366 499 15 19 0.03258654 
87 605 11 16 0.03258138 
983 643 13 17 0.03255982 
292 641 16 22 0.0325082 
853 642 24 26 0.032330275 
1001 253 7 10 0.032223664 
215 624 13 18 0.032202493 
745 317 9 12 0.032185048 
596 651 24 25 0.031995818 
680 263 9 12 0.03191172 
897 199 8 10 0.031893186 
913 215 8 10 0.031869628 
847 280 10 11 0.031786516 
822 266 17 23 0.031733215 
854 141 7 10 0.031711042 
793 223 8 9 0.031708196 
766 245 10 11 0.031672847 
770 183 9 10 0.031663943 
514 565 21 27 0.03165217 
593 284 11 14 0.031616054 
456 533 21 24 0.03155631 
750 496 9 11 0.03153063 
898 206 7 9 0.031497445 
671 328 11 13 0.031435706 
651 516 15 18 0.031115493 
685 459 13 14 0.031104418 
975 264 7 10 0.031075645 
280 426 12 14 0.031044692 
757 250 18 23 0.030980682 
588 529 15 20 0.030967284 
670 499 13 18 0.030956864 
449 109 9 13 0.030934593 
792 152 7 9 0.030918928 
385 571 14 18 0.03077925 
966 236 8 9 0.03077869 
665 586 24 30 0.030739466 
752 326 10 12 0.030712174 
718 231 7 9 0.030568222 
684 316 10 13 0.030565022 
784 324 10 12 0.03056081 
624 277 20 24 0.030536098 
805 261 8 11 0.030498236 
840 191 8 10 0.03048439 
398 577 15 20 0.03047178 
912 231 6 8 0.030451864 
674 213 7 10 0.030392297 
709 384 18 23 0.030346118 
798 509 11 11 0.030221505 
866 232 7 9 0.0299983 
625 213 7 10 0.029964268 
693 396 10 12 0.0299394 
470 492 11 15 0.0299167 
776 302 7 10 0.029911296 
967 554 14 16 0.029904876 
817 213 9 11 0.029900063 
824 192 7 8 0.029890358 
282 518 16 20 0.02984221 
846 244 8 10 0.029744292 
822 208 8 10 0.029697305 
685 602 13 16 0.029691568 
192 633 23 30 0.029569788 
847 137 9 11 0.02955199 
671 241 8 11 0.02953702 
849 284 9 12 0.029483203 
725 394 12 15 0.029337179 
838 317 8 11 0.02913603 
807 222 8 9 0.029108282 
917 214 9 11 0.02908968 
836 606 13 16 0.029074678 
685 512 16 19 0.029041087 
767 566 11 14 0.028957237 
681 246 9 11 0.028889764 
567 406 11 13 0.028774098 
549 427 11 14 0.028756062 
381 584 14 18 0.02874071 
909 595 18 22 0.028739719 
752 332 10 12 0.02866463 
971 642 24 28 0.028640894 
666 389 11 14 0.028552337 
741 271 8 10 0.028499944 
719 223 6 9 0.028464688 
548 415 19 22 0.028376851 
830 602 14 16 0.028291715 
969 248 7 8 0.028268509 
752 271 7 9 0.028246846 
767 301 7 10 0.028165957 
856 209 8 10 0.028151635 
792 158 8 9 0.028131273 
831 159 7 9 0.028093854 
727 276 8 11 0.027977511 
718 306 17 23 0.027906641 
864 182 7 10 0.027887767 
452 619 11 14 0.027865743 
688 264 17 22 0.027822642 
635 459 18 22 0.027815964 
192 648 24 26 0.027714564 
840 233 9 9 0.027662463 
830 230 8 10 0.0276622 
841 137 8 10 0.027590947 
734 652 17 20 0.027533041 
220 578 13 15 0.02752184 
878 240 7 9 0.027473914 
792 245 8 10 0.027460681 
492 611 14 17 0.027425129 
789 254 9 11 0.027418545 
583 364 10 11 0.027384546 
335 484 11 15 0.02737706 
478 492 12 15 0.027358666 
927 192 7 9 0.02735679 
776 544 15 19 0.02735269 
903 610 15 18 0.027287979 
774 168 7 9 0.027234128 
715 254 8 11 0.027224153 
712 189 8 11 0.027191458 
664 243 18 22 0.027081411 
574 461 12 16 0.0270725 
833 217 8 9 0.026985802 
936 205 7 9 0.026981082 
645 572 83 100 0.026907748 
687 223 7 10 0.026900444 
782 304 7 9 0.026888939 
693 299 10 13 0.026869876 
589 309 11 14 0.026861664 
900 283 8 11 0.02685871 
925 570 14 16 0.026849179 
832 294 9 11 0.02684606 
716 384 11 13 0.026803644 
703 276 10 14 0.026782041 
722 470 12 16 0.026774287 
822 150 7 10 0.026742611 
619 380 9 13 0.026706306 
895 191 7 9 0.026601633 
777 328 9 11 0.02657757 
581 438 12 14 0.026545152 
916 501 9 12 0.026476312 
983 268 8 9 0.026456438 
774 294 8 10 0.026454931 
581 454 12 15 0.026388096 
766 270 9 11 0.026348501 
586 383 10 13 0.026278174 
821 311 10 12 0.026262872 
810 199 7 9 0.02617955 
886 199 8 10 0.026159482 
835 612 20 25 0.026083855 
678 357 13 16 0.026064256 
691 285 11 15 0.026016714 
352 604 11 16 0.026002351 
470 525 15 18 0.025936868 
729 168 7 10 0.025915558 
1004 586 16 17 0.025906203 
647 306 13 17 0.025892176 
800 257 9 10 0.025879145 
805 240 9 10 0.025870502 
857 320 18 23 0.025864339 
772 658 12 13 0.025844479 
607 283 12 15 0.025825711 
768 288 9 10 0.025803328 
558 293 11 14 0.025752388 
449 104 9 11 0.025679106 
740 609 15 18 0.025649145 
655 220 8 11 0.025618104 
769 144 7 10 0.025608238 
721 346 10 13 0.02560342 
832 317 9 12 0.025593368 
686 247 8 11 0.02553654 
816 223 8 9 0.025503635 
694 325 12 15 0.02542907 
960 215 7 10 0.025373653 
513 357 11 13 0.025357261 
277 653 13 17 0.025339236 
960 236 9 11 0.025325155 
929 223 7 9 0.025295127 
777 220 9 11 0.025262648 
782 258 18 23 0.02525196 
315 643 17 20 0.025250934 
760 134 10 13 0.025163315 
705 395 9 12 0.025158824 
694 141 7 9 0.025134884 
472 526 22 26 0.025104897 
808 164 8 10 0.025087329 
758 584 20 24 0.02507038 
571 303 21 29 0.024962528 
747 540 15 18 0.0249288 
703 284 9 13 0.024847044 
823 183 7 9 0.024829082 
405 552 19 24 0.024733046 
784 311 8 11 0.024685018 
773 564 13 16 0.024655387 
575 398 9 11 0.024655009 
1006 254 8 9 0.024654124 
720 287 8 10 0.024653278 
625 238 10 11 0.024612537 
929 651 17 20 0.024606002 
584 358 10 11 0.024596654 
840 176 7 9 0.024503201 
219 629 17 21 0.024501719 
855 152 7 9 0.024428196 
895 222 7 10 0.024426896 
990 199 8 9 0.024412416 
588 315 11 15 0.02438743 
229 581 11 15 0.02437915 
984 136 7 8 0.0243682 
799 610 12 17 0.024296703 
368 512 15 19 0.024283146 
914 583 23 27 0.02421021 
520 517 20 24 0.024198048 
669 291 18 22 0.024174271 
387 471 11 15 0.024081385 
400 389 15 17 0.024078505 
213 592 14 19 0.024077253 
757 539 13 16 0.024047699 
640 197 7 11 0.024046417 
759 278 8 10 0.02403572 
685 406 14 18 0.024024097 
569 525 21 27 0.024012262 
558 257 14 16 0.02400444 
999 239 8 11 0.023999965 
952 158 7 9 0.023979941 
595 588 22 27 0.023943651 
436 599 15 20 0.023894496 
815 287 10 12 0.02385201 
793 563 14 18 0.023834042 
714 184 7 10 0.023812516 
382 602 20 26 0.023810126 
838 325 8 11 0.02380765 
352 562 14 18 0.023804516 
984 166 7 9 0.0237945 
485 525 13 17 0.02375351 
967 220 8 11 0.02374775 
872 244 8 10 0.023714485 
524 367 11 14 0.023711417 
976 209 6 9 0.023686903 
702 269 10 13 0.023683032 
656 183 8 11 0.023667073 
952 208 7 9 0.023649862 
753 201 7 9 0.023641966 
579 621 16 21 0.023614472 
840 197 8 10 0.023601316 
871 215 7 9 0.02358183 
324 585 13 17 0.023544794 
985 257 7 9 0.023538547 
701 157 9 11 0.023528202 
622 585 20 28 0.02350516 
940 293 10 13 0.023497837 
712 293 9 12 0.02343741 
741 232 8 10 0.0234135 
300 459 17 21 0.023356915 
704 152 9 10 0.023329627 
696 232 8 10 0.02332904 
473 554 14 17 0.023252325 
661 341 10 11 0.023189848 
858 177 7 8 0.023154393 
590 654 16 18 0.023144828 
609 577 14 20 0.023142198 
892 271 10 11 0.02297162 
858 191 7 10 0.022965748 
992 149 8 11 0.022905426 
500 436 13 16 0.022893883 
829 593 15 17 0.022884136 
970 167 6 8 0.02287938 
713 308 11 13 0.022874082 
600 403 11 15 0.022819053 
634 622 14 20 0.02274629 
750 214 8 9 0.022701439 
508 253 9 13 0.022670783 
308 439 15 18 0.022633579 
690 352 18 22 0.022562254 
599 314 12 14 0.02248432 
436 582 12 16 0.022473179 
744 159 8 10 0.022446806 
799 222 8 10 0.022405628 
943 199 7 10 0.02238259 
910 539 11 12 0.022382537 
334 478 11 14 0.022330241 
888 239 8 10 0.022313384 
690 609 17 20 0.022304894 
719 305 10 13 0.022296527 
854 606 17 20 0.022278298 
684 323 12 15 0.02223982 
694 136 7 10 0.022214988 
980 543 9 11 0.022195429 
654 583 24 32 0.022163229 
728 215 7 10 0.02213713 
285 644 14 17 0.022096839 
621 610 22 26 0.022092408 
985 119 7 10 0.022089288 
867 238 8 10 0.022082355 
707 476 12 16 0.022079008 
806 270 7 10 0.02207007 
136 565 11 15 0.022040125 
760 269 9 11 0.022034677 
729 236 8 10 0.02198721 
799 325 9 10 0.021987187 
286 500 12 15 0.02194259 
87 600 20 28 0.02189829 
660 593 52 57 0.021887075 
676 534 12 17 0.021843916 
569 471 15 18 0.021803299 
593 341 12 14 0.021746676 
210 628 20 25 0.021744544 
648 412 11 14 0.021735359 
489 422 11 14 0.021700254 
936 193 8 9 0.021668825 
864 214 7 9 0.021666864 
656 247 9 11 0.021644179 
617 223 10 13 0.0215294 
932 633 24 31 0.021526478 
864 209 7 9 0.021481832 
872 573 14 17 0.021473773 
693 598 17 22 0.021401072 
139 643 19 24 0.02136491 
885 572 14 16 0.021338785 
652 589 14 19 0.02133858 
546 434 13 15 0.021284413 
664 325 10 14 0.021280644 
617 576 20 29 0.021279901 
741 385 11 13 0.021279799 
962 224 7 8 0.021266451 
443 594 16 21 0.02125178 
647 248 9 10 0.021238074 
713 231 7 9 0.021201894 
766 199 8 10 0.021172192 
579 428 12 15 0.021165818 
728 173 8 10 0.021145701 
800 291 18 23 0.02114303 
846 193 8 10 0.021129215 
769 158 8 9 0.021105047 
632 301 10 14 0.021007525 
668 458 13 15 0.020997953 
814 560 11 14 0.020985497 
920 597 16 20 0.020932456 
824 223 8 10 0.020898037 
622 271 11 13 0.020893276 
992 256 7 10 0.02086036 
710 617 15 20 0.020842437 
599 506 13 16 0.020832174 
219 592 15 19 0.020824336 
766 535 14 18 0.0208042 
902 240 8 10 0.020768415 
905 324 9 11 0.0207512 
766 221 8 10 0.020697296 
742 507 12 16 0.020683268 
176 635 40 40 0.020677561 
712 137 8 9 0.020668987 
937 382 38 50 0.020658923 
761 238 8 10 0.020618578 
976 149 7 10 0.020609649 
563 496 13 16 0.020600894 
752 230 7 10 0.020591564 
573 279 23 26 0.020589171 
372 517 15 20 0.020582594 
568 299 12 16 0.02057663 
508 417 13 17 0.020552404 
109 604 16 20 0.020533456 
900 626 26 32 0.0205238 
521 259 12 15 0.020500492 
612 247 10 12 0.020494077 
630 271 11 13 0.020475104 
499 427 13 16 0.020473978 
928 206 7 9 0.020470658 
164 478 10 12 0.020470224 
832 198 8 10 0.020426687 
822 282 11 14 0.020410633 
975 254 7 9 0.020401157 
740 513 13 15 0.020390298 
414 485 22 24 0.020354187 
928 244 8 10 0.020340193 
491 620 15 18 0.02028024 
269 654 15 19 0.020270811 
108 615 18 20 0.02022999 
374 565 15 19 0.020214334 
392 85 8 11 0.020201521 
673 208 7 9 0.020200891 
300 635 16 19 0.020189647 
584 223 10 13 0.02017301 
609 569 15 19 0.020160912 
740 233 18 23 0.020159958 
598 249 12 16 0.02014723 
833 143 7 10 0.020146072 
726 349 9 11 0.020105675 
884 599 13 16 0.020101678 
96 605 24 28 0.020097418 
975 166 7 9 0.02006841 
35 659 14 14 0.020060962 
