2_Demonstration_Demonstration_Or_Protest_2_915
100
411 321 248 325 0.9950465 
201 272 18 24 0.9345152 
297 283 22 27 0.7432914 
264 267 12 16 0.60189044 
798 236 11 14 0.3436998 
229 275 12 16 0.2803547 
743 216 10 12 0.24834312 
328 260 12 14 0.20850371 
55 330 24 27 0.16290148 
363 237 10 14 0.10195285 
108 376 15 20 0.09846621 
722 244 10 13 0.09482863 
842 220 14 16 0.09196195 
768 220 12 15 0.08924067 
115 376 15 20 0.082791686 
106 384 16 20 0.07922172 
748 214 10 12 0.07469108 
58 341 19 22 0.07124064 
2 188 25 36 0.06570944 
278 317 13 17 0.064430684 
333 276 12 15 0.060175136 
197 363 16 22 0.0597261 
124 301 13 18 0.05556394 
669 214 14 17 0.055472776 
3 307 12 15 0.05498534 
661 217 16 19 0.050778035 
100 370 17 21 0.05075217 
49 283 10 13 0.050269246 
302 278 12 16 0.049002364 
148 379 13 17 0.046257008 
119 284 12 15 0.045156833 
98 385 26 31 0.044964395 
304 271 9 11 0.04125083 
675 214 11 14 0.040946417 
253 317 12 15 0.04074408 
239 258 12 15 0.040394604 
26 315 16 20 0.040086813 
124 378 14 20 0.03835038 
22 331 14 16 0.037144806 
331 268 12 15 0.037082244 
752 208 9 12 0.03678342 
472 120 24 31 0.034551326 
756 208 9 11 0.0340016 
579 106 15 19 0.033954334 
339 282 12 17 0.0320576 
323 256 21 25 0.031840097 
83 204 24 30 0.031696517 
10 188 15 20 0.03126882 
278 292 11 16 0.031157691 
837 216 23 27 0.03072596 
256 307 12 15 0.030711249 
36 314 14 19 0.030425642 
132 300 14 18 0.030166488 
45 298 14 17 0.029998535 
219 293 13 16 0.029787933 
874 208 24 30 0.029169258 
724 239 10 14 0.028987877 
170 370 16 19 0.028690225 
10 351 15 20 0.028482413 
361 260 9 11 0.028201535 
10 98 31 35 0.028065657 
375 236 13 14 0.027676322 
772 203 11 13 0.027223857 
100 314 14 18 0.02721586 
126 281 11 13 0.02658488 
13 149 26 32 0.026524935 
279 285 11 15 0.026308145 
742 196 12 14 0.025932137 
748 219 11 14 0.025873898 
60 317 14 16 0.025797695 
179 254 22 28 0.0256232 
285 284 11 15 0.02557291 
55 316 26 31 0.025334477 
685 245 13 17 0.025027819 
71 286 9 11 0.024814148 
766 211 21 25 0.024295636 
283 279 24 28 0.024041757 
688 159 7 9 0.02398331 
2 337 23 32 0.023518924 
186 354 16 19 0.023197083 
187 265 17 21 0.022940446 
678 232 13 17 0.022617495 
257 266 12 17 0.022592276 
577 101 25 34 0.022454321 
76 333 12 16 0.022234824 
232 261 10 13 0.02190892 
687 255 14 18 0.021857632 
269 252 13 16 0.021853115 
21 322 23 27 0.021837192 
237 284 10 13 0.021514047 
75 405 26 36 0.021341901 
259 314 13 16 0.02121385 
22 131 15 17 0.020995678 
224 271 12 18 0.020640424 
456 91 43 55 0.020625414 
838 171 225 250 0.02057638 
583 94 12 13 0.020451708 
190 361 16 21 0.020417307 
164 330 16 20 0.020125732 
278 278 10 13 0.020036377 
