2_Demonstration_Demonstrators_2_196
1575
182 723 11 15 0.9297034 
87 717 12 13 0.86064297 
150 723 13 17 0.75141644 
208 694 12 15 0.68573976 
35 735 12 14 0.6624659 
107 666 13 17 0.6304601 
156 744 13 16 0.63044375 
739 621 10 13 0.62991226 
295 462 9 12 0.6115294 
444 309 12 17 0.50467396 
414 613 8 11 0.47558814 
445 607 10 13 0.45098853 
374 709 13 17 0.43989804 
478 606 10 12 0.43848628 
832 679 9 12 0.42198554 
133 695 17 21 0.39371058 
278 581 10 13 0.3848874 
622 204 13 15 0.37590143 
642 630 9 12 0.3608007 
942 658 11 14 0.35076675 
926 630 10 11 0.34183878 
63 366 8 10 0.32894367 
64 484 11 13 0.32361925 
510 581 10 13 0.31837925 
637 669 10 15 0.3099393 
406 316 11 15 0.3050936 
93 499 10 13 0.3039342 
302 300 9 11 0.2963851 
503 688 12 16 0.28733853 
491 587 11 14 0.28468665 
175 471 8 10 0.2807338 
273 462 8 11 0.2793131 
477 643 11 14 0.27229032 
436 532 9 11 0.27036545 
721 502 9 12 0.26452476 
347 722 12 16 0.2631444 
25 486 9 11 0.26235458 
192 464 7 9 0.26022866 
198 499 9 12 0.25939268 
369 441 8 11 0.2454175 
148 639 9 12 0.24325024 
125 648 12 17 0.2386242 
191 374 8 10 0.23295172 
108 350 9 12 0.22889651 
599 324 13 15 0.2284934 
180 359 8 11 0.22694673 
185 295 9 12 0.22552231 
807 653 12 15 0.22533979 
69 480 9 11 0.22362122 
581 400 16 18 0.22072776 
311 270 8 11 0.21733709 
250 342 8 11 0.21290702 
142 361 8 10 0.21273947 
80 545 10 12 0.21146536 
159 359 11 12 0.20951137 
32 571 8 11 0.20933571 
236 509 9 13 0.2092443 
134 511 10 13 0.20710954 
408 322 11 15 0.20507136 
386 488 8 11 0.2043415 
83 748 12 15 0.2010648 
257 472 9 12 0.20104691 
522 606 10 13 0.20016085 
585 552 9 10 0.19987687 
319 310 9 12 0.19906376 
56 669 10 11 0.19768137 
349 632 13 18 0.19638258 
583 390 9 11 0.19597931 
222 470 8 10 0.18987596 
684 716 11 13 0.18951817 
193 697 9 13 0.1874659 
466 473 9 11 0.18667817 
20 233 14 20 0.18507396 
144 494 11 13 0.18426086 
711 632 13 17 0.17897873 
943 648 9 11 0.17779902 
249 723 13 17 0.17765059 
524 524 9 12 0.17746398 
341 509 8 10 0.17728736 
67 532 11 14 0.17454305 
337 340 10 12 0.17396504 
824 654 9 12 0.17394398 
628 422 10 12 0.17277132 
460 376 10 12 0.1711934 
826 697 15 18 0.16813596 
752 527 10 12 0.16778852 
586 587 12 17 0.16704477 
161 493 9 12 0.1657533 
373 279 10 13 0.16373079 
342 332 9 13 0.16282773 
63 361 7 10 0.16275063 
302 514 10 15 0.16214225 
520 38 8 11 0.16211833 
903 636 8 10 0.161853 
431 291 10 12 0.16138463 
232 685 11 15 0.15960239 
273 254 7 8 0.15774018 
393 563 10 12 0.15768427 
767 647 11 15 0.1575444 
357 536 8 11 0.1571727 
674 694 16 21 0.1563537 
762 733 11 14 0.15331185 
360 608 10 13 0.15220967 
0 504 7 12 0.15113357 
175 478 9 11 0.1500736 
239 605 9 12 0.14985281 
645 635 9 12 0.14767836 
112 375 9 12 0.14612445 
735 626 12 16 0.1459821 
206 309 8 10 0.14594106 
756 615 15 18 0.14538758 
150 343 8 10 0.14336956 
297 351 7 9 0.14320034 
325 343 8 12 0.14237471 
405 262 10 13 0.1419099 
628 611 10 14 0.14001884 
230 431 7 9 0.13980025 
340 556 9 12 0.13957575 
161 446 9 11 0.13882914 
177 363 9 12 0.13540795 
478 582 12 14 0.13497776 
278 486 9 11 0.1348475 
343 328 9 12 0.13481522 
126 733 14 19 0.1342023 
147 475 12 14 0.13413872 
318 709 10 13 0.1328496 
446 584 8 11 0.13283153 
343 296 8 10 0.13244478 
125 711 10 14 0.13191861 
599 438 9 12 0.1314798 
64 371 8 10 0.13049501 
751 610 15 17 0.12447645 
807 693 11 14 0.12359431 
88 375 9 11 0.12338512 
161 452 10 13 0.12321418 
486 579 13 17 0.122824535 
57 498 10 13 0.12266742 
223 439 8 11 0.12250696 
483 568 10 12 0.12233118 
242 495 7 10 0.12209356 
484 319 13 18 0.12173612 
435 267 12 15 0.12163149 
310 423 9 11 0.12129106 
523 519 9 12 0.12093849 
145 220 8 10 0.120210014 
632 662 10 13 0.120118335 
486 573 10 14 0.119814746 
531 340 12 17 0.119610466 
91 446 8 10 0.11875527 
113 214 7 10 0.118043646 
784 614 12 14 0.11800583 
767 711 14 19 0.11719566 
44 550 9 12 0.11575583 
445 598 10 12 0.115454786 
167 461 8 10 0.11481338 
105 518 10 13 0.11363275 
346 660 12 16 0.11359827 
231 445 9 11 0.11354956 
687 740 14 20 0.11278257 
423 659 11 14 0.1112016 
370 365 8 12 0.11063959 
410 556 10 11 0.10976016 
755 591 13 16 0.10949581 
163 748 14 16 0.10947331 
79 501 9 12 0.10892181 
445 589 9 11 0.10845281 
405 332 11 15 0.10839835 
357 303 7 10 0.10688307 
675 446 11 14 0.105383895 
416 635 12 14 0.10503917 
257 295 8 11 0.104979016 
389 252 11 13 0.10471032 
433 528 10 13 0.104292855 
623 533 25 36 0.103875674 
102 711 12 17 0.10362775 
85 525 8 12 0.10211888 
924 661 9 12 0.1020094 
228 485 9 11 0.10075242 
742 616 12 15 0.10040372 
181 351 7 11 0.10024737 
746 714 14 19 0.09931553 
880 388 12 15 0.09888385 
630 518 11 15 0.09860273 
112 296 8 11 0.098226346 
620 440 10 13 0.09811919 
456 379 12 15 0.097798765 
295 312 8 11 0.09769959 
24 567 8 10 0.09737291 
277 454 8 12 0.09719172 
246 652 9 11 0.09590103 
190 581 10 13 0.095877 
226 431 7 10 0.0954821 
707 668 12 16 0.095311135 
300 681 16 20 0.09528296 
1005 329 15 20 0.09478392 
294 316 8 11 0.09474291 
128 206 8 11 0.09465449 
234 188 9 11 0.09425546 
441 583 9 10 0.09398715 
366 738 14 17 0.093560725 
561 647 10 12 0.092559054 
855 711 10 13 0.09226111 
296 343 7 9 0.09190182 
87 311 9 11 0.091805056 
926 568 9 11 0.091197334 
238 457 9 10 0.089777835 
254 510 8 11 0.089384094 
81 471 7 10 0.08862475 
8 574 9 12 0.08861638 
344 540 9 11 0.08843663 
29 623 8 10 0.088104 
200 672 9 11 0.088070564 
407 623 10 13 0.088009425 
110 748 13 18 0.08796993 
2 563 9 13 0.087770775 
110 356 8 10 0.08765038 
831 164 9 11 0.08758499 
597 660 12 16 0.08738859 
894 645 8 12 0.08686511 
103 573 8 9 0.08441216 
919 637 11 13 0.084348775 
73 445 7 9 0.08409778 
218 320 7 9 0.083030336 
576 577 10 15 0.08269112 
454 604 9 13 0.0826674 
757 688 14 18 0.08262025 
170 750 14 16 0.08254048 
756 625 12 16 0.08253155 
914 731 14 19 0.08199769 
93 336 8 11 0.08175138 
512 585 10 14 0.081713304 
23 480 8 11 0.081476584 
557 470 10 12 0.08140216 
195 496 8 11 0.08070185 
143 247 8 10 0.08038193 
231 438 10 13 0.08035536 
120 247 8 10 0.08022219 
125 366 8 11 0.07993066 
419 629 11 13 0.079900384 
919 653 12 14 0.07985882 
504 601 9 11 0.07942136 
254 501 9 12 0.07920874 
126 357 7 10 0.079046376 
780 713 14 18 0.078480214 
217 445 7 10 0.07833723 
336 493 8 10 0.07828146 
188 301 9 11 0.07803318 
430 415 8 10 0.07769752 
968 654 11 15 0.07753284 
101 465 8 10 0.077209495 
295 415 8 9 0.077127255 
265 381 8 10 0.0771142 
182 215 7 9 0.07689142 
300 463 8 11 0.0768049 
349 223 9 12 0.07659837 
399 642 10 14 0.07636452 
327 396 8 12 0.0758539 
525 533 9 12 0.07553566 
56 477 9 12 0.07519367 
223 478 10 12 0.07513908 
300 734 17 23 0.07484502 
128 744 16 19 0.074662656 
159 333 7 10 0.07465993 
150 348 8 9 0.07461083 
17 751 8 10 0.0746067 
518 373 10 11 0.07454508 
24 663 8 11 0.07445668 
95 295 7 10 0.07428698 
200 684 10 14 0.07387387 
754 566 10 13 0.07357646 
61 492 11 13 0.073540434 
143 729 14 18 0.07334499 
533 472 9 12 0.072762065 
159 441 8 10 0.07259811 
205 677 9 12 0.07208913 
436 554 14 17 0.072086625 
14 709 11 13 0.07205155 
437 478 8 11 0.07122063 
923 163 12 15 0.07089773 
670 453 14 18 0.07086793 
237 319 7 10 0.070520096 
66 528 9 11 0.07046015 
755 603 16 19 0.070167996 
93 748 12 15 0.070082545 
464 743 10 11 0.0700561 
714 748 12 13 0.0699397 
206 687 11 14 0.069877476 
334 535 8 12 0.0697111 
54 181 9 10 0.06956736 
15 589 10 12 0.06897363 
286 295 7 10 0.06895366 
605 663 12 14 0.06892034 
232 455 8 10 0.06878311 
257 301 8 10 0.068456165 
111 447 9 11 0.0682921 
319 305 7 9 0.06825767 
200 676 10 14 0.06815086 
89 496 10 12 0.06811852 
61 718 9 12 0.06768621 
463 322 11 13 0.06756571 
409 575 9 10 0.06722401 
422 427 12 14 0.066602506 
503 427 10 13 0.06659393 
461 543 12 14 0.06635118 
636 674 14 20 0.06608891 
403 338 12 16 0.06545277 
178 215 7 10 0.06519924 
353 535 8 11 0.06519639 
125 351 10 11 0.06489957 
29 492 9 12 0.06463008 
90 722 14 17 0.06459015 
302 351 6 9 0.06438396 
532 740 12 15 0.064338714 
363 646 12 14 0.06431704 
269 428 9 11 0.06427803 
199 694 9 13 0.06423826 
613 500 11 13 0.06423424 
296 430 8 10 0.06411262 
897 638 9 11 0.063848704 
265 423 9 12 0.063762575 
22 742 10 12 0.06374447 
41 544 8 11 0.06372596 
526 546 14 17 0.06330561 
78 478 9 12 0.06318963 
125 335 10 13 0.06300181 
487 596 10 12 0.062953874 
371 725 15 18 0.06290571 
288 388 9 11 0.06286799 
229 471 8 10 0.06280815 
486 626 11 14 0.06272321 
201 365 9 10 0.062711135 
158 651 10 14 0.06269149 
173 399 10 12 0.06253918 
90 709 14 18 0.06251548 
713 740 14 15 0.062297955 
230 679 9 12 0.062295713 
272 686 10 12 0.0621749 
543 419 12 16 0.062064625 
658 638 8 11 0.06195439 
160 215 8 10 0.061950803 
838 161 8 10 0.061939977 
130 185 7 9 0.061905995 
417 424 10 13 0.061458245 
304 410 7 9 0.061200414 
181 640 10 11 0.061167125 
527 450 9 12 0.061118513 
321 346 9 12 0.060904805 
0 190 9 13 0.06074986 
96 463 9 10 0.0605812 
15 543 9 12 0.060451284 
115 744 15 19 0.06033329 
822 647 9 13 0.060270645 
248 423 8 10 0.060186397 
56 717 11 14 0.06000021 
582 580 12 17 0.05995447 
838 670 11 14 0.059826683 
222 326 7 10 0.05968191 
113 233 9 11 0.05963828 
335 488 9 10 0.05950285 
182 415 9 12 0.059426703 
431 102 8 12 0.059371207 
301 643 9 13 0.05933811 
338 518 9 12 0.059276104 
335 540 8 12 0.059066504 
133 686 13 17 0.05905447 
46 204 13 15 0.058952305 
114 471 9 11 0.058783136 
162 384 8 10 0.05870832 
237 439 9 11 0.05864998 
748 634 12 14 0.058638416 
848 727 11 14 0.05858808 
233 311 7 10 0.058543883 
144 641 12 15 0.058501184 
25 623 8 12 0.05840214 
0 516 9 12 0.05829572 
729 628 12 15 0.058181964 
486 312 12 15 0.0581417 
461 605 9 11 0.058048494 
218 440 7 10 0.058018968 
660 572 15 18 0.057991408 
184 326 7 9 0.05794703 
7 591 9 12 0.057767417 
521 530 10 13 0.057736985 
750 629 12 15 0.057716697 
111 328 7 8 0.057508014 
583 445 10 13 0.057446785 
224 312 7 9 0.057138678 
517 588 9 11 0.056954604 
350 496 7 9 0.056696363 
89 455 8 11 0.05669212 
146 240 8 9 0.056681585 
694 695 12 15 0.056656275 
554 439 15 18 0.056586575 
343 494 7 10 0.056554437 
236 184 9 11 0.05651154 
947 714 17 20 0.0564165 
216 327 8 9 0.056374148 
128 200 7 10 0.056237917 
343 627 14 19 0.056222137 
87 742 12 16 0.056202568 
959 662 10 13 0.055670056 
486 614 10 13 0.05562893 
488 350 7 10 0.05552204 
144 485 12 14 0.05518586 
364 727 21 26 0.055080235 
302 533 8 11 0.055047963 
214 717 11 14 0.05496688 
144 375 10 12 0.054913286 
665 447 23 31 0.05472933 
576 398 12 16 0.0546863 
553 504 9 11 0.05466639 
84 713 18 22 0.054576788 
312 275 8 11 0.054390687 
111 487 8 10 0.054365654 
222 319 7 9 0.05429793 
89 336 9 11 0.05422906 
200 345 7 10 0.05421159 
294 422 9 11 0.054166988 
0 469 7 12 0.054114718 
121 198 8 10 0.053887703 
958 744 14 18 0.053649586 
76 392 8 10 0.05323967 
70 232 11 14 0.053214185 
353 301 8 12 0.052999455 
794 750 15 16 0.052930094 
280 432 8 11 0.05288611 
256 310 7 9 0.052885197 
9 683 13 16 0.05282458 
191 647 9 11 0.05271376 
589 656 13 18 0.05267232 
773 604 10 13 0.052557815 
409 606 10 13 0.052447997 
13 573 8 10 0.052261043 
565 589 10 14 0.05223822 
206 304 9 11 0.05219603 
166 384 8 9 0.052173007 
257 526 9 11 0.05213784 
912 651 11 14 0.05213601 
480 601 9 12 0.052111402 
623 414 9 13 0.052075617 
295 408 7 9 0.051817488 
365 607 9 12 0.051690746 
692 620 13 18 0.05147377 
524 38 10 11 0.051311594 
175 639 11 13 0.05127548 
813 636 10 13 0.051213585 
150 221 8 10 0.05117835 
161 238 9 11 0.05106628 
519 559 13 17 0.050994374 
130 645 12 16 0.0509875 
333 612 10 12 0.050911322 
621 653 10 13 0.050755333 
235 687 13 18 0.050746467 
33 454 9 11 0.050402362 
23 473 9 11 0.050369427 
161 459 10 12 0.05030887 
583 409 14 17 0.049765397 
131 541 12 16 0.049676698 
56 473 8 10 0.04964624 
0 704 7 12 0.049585517 
518 581 9 13 0.04954971 
257 462 9 11 0.04952461 
84 694 13 15 0.049379487 
191 586 11 15 0.04934712 
3 246 11 14 0.049300835 
474 606 10 12 0.049106833 
242 653 9 11 0.04888826 
119 486 10 11 0.0488243 
478 739 13 15 0.04882196 
23 372 9 12 0.048773553 
388 534 10 12 0.048649114 
436 291 10 12 0.048509225 
443 554 10 15 0.04843511 
422 548 10 13 0.048433024 
344 622 11 14 0.04840912 
344 614 10 11 0.048279252 
337 502 8 12 0.048102174 
249 272 7 9 0.048095215 
150 591 11 13 0.048091825 
719 662 13 17 0.048078034 
479 550 10 13 0.04798504 
305 422 9 12 0.04798146 
240 295 7 10 0.047949087 
344 227 10 12 0.04783861 
525 610 9 12 0.047754303 
313 469 7 10 0.047695234 
154 728 15 18 0.047637254 
484 581 20 25 0.047592014 
135 231 8 10 0.047576625 
138 249 8 10 0.047570217 
238 501 10 14 0.047499407 
1012 179 10 14 0.047434133 
727 648 10 12 0.047338534 
955 670 16 20 0.047267277 
360 344 8 11 0.047214888 
89 304 7 9 0.0472012 
520 369 11 12 0.046758857 
349 600 10 13 0.046583623 
168 502 9 12 0.046435192 
717 522 15 19 0.046389576 
938 654 20 24 0.04637669 
342 597 10 12 0.04634009 
235 515 11 15 0.046307933 
386 375 7 10 0.04614132 
451 348 11 14 0.046095643 
261 296 7 10 0.046058495 
414 553 10 11 0.046035726 
88 460 8 11 0.045982007 
337 327 8 12 0.045970745 
416 80 8 10 0.045953434 
134 185 8 9 0.04593581 
111 639 9 11 0.045934893 
184 190 7 9 0.045909803 
290 421 8 10 0.045898523 
301 469 9 10 0.045896642 
327 659 13 16 0.04570072 
104 343 9 11 0.045696016 
597 635 10 12 0.04556375 
120 254 8 10 0.045416128 
625 520 22 31 0.045217697 
329 288 6 9 0.04515449 
96 252 9 11 0.045078322 
754 531 12 14 0.045073688 
70 716 9 13 0.045014217 
150 239 8 10 0.044996407 
159 222 7 9 0.04499123 
360 237 7 10 0.044950392 
702 583 10 13 0.044822633 
702 635 13 19 0.04474884 
224 305 8 9 0.04459709 
13 492 10 12 0.04458814 
430 751 11 12 0.044559803 
200 334 8 9 0.04453691 
70 174 9 11 0.044524368 
250 278 7 10 0.044335186 
381 30 9 11 0.04432335 
408 454 11 13 0.044246282 
175 557 12 15 0.044220135 
639 484 10 14 0.044195313 
494 693 11 14 0.044193823 
749 581 11 14 0.044080175 
214 453 9 12 0.044060104 
65 175 9 11 0.04404183 
169 478 9 12 0.04403854 
529 54 9 11 0.044025917 
119 479 9 10 0.043969944 
208 349 7 10 0.043932706 
281 265 6 9 0.04385014 
43 236 14 17 0.043803003 
732 533 10 12 0.043735173 
260 475 9 12 0.04369734 
694 555 13 16 0.04368502 
143 198 8 10 0.043612402 
672 700 21 27 0.04360386 
580 638 13 17 0.043589853 
789 630 14 17 0.043522697 
553 643 23 28 0.04350516 
623 604 14 18 0.043496814 
351 604 10 14 0.04336433 
121 367 9 11 0.04320281 
664 707 25 31 0.04316902 
30 711 8 11 0.043128956 
202 304 7 10 0.04312215 
25 183 9 12 0.04311137 
337 552 9 13 0.043058116 
910 401 17 19 0.043032818 
297 286 7 9 0.043027867 
181 558 10 13 0.04297757 
46 554 9 12 0.04291964 
281 303 8 9 0.042903036 
37 502 9 11 0.04272403 
39 525 9 12 0.042632066 
298 295 8 11 0.042547923 
158 328 7 10 0.04244067 
843 669 12 14 0.04234842 
193 369 7 10 0.04228804 
166 237 9 12 0.0422252 
15 568 9 11 0.04216065 
145 349 8 10 0.04214846 
392 -66 430 486 0.04212202 
392 366 8 11 0.0420319 
152 335 8 11 0.042005286 
205 360 8 11 0.04199668 
7 579 8 12 0.04198057 
308 678 14 19 0.04190814 
80 732 10 14 0.04190134 
118 215 7 10 0.041837435 
166 388 8 9 0.041764904 
284 286 9 11 0.04176075 
382 514 14 18 0.041741885 
0 276 11 18 0.04172478 
763 721 15 18 0.04164196 
103 558 10 12 0.04163492 
405 638 10 13 0.04153978 
94 311 8 10 0.041483168 
233 625 9 12 0.04138116 
323 699 12 16 0.04125367 
191 240 8 10 0.04119878 
702 619 11 16 0.04117741 
165 487 9 12 0.04108513 
233 366 9 10 0.04103746 
145 422 9 11 0.041026313 
442 714 15 20 0.040987276 
499 751 15 15 0.040946394 
174 255 8 10 0.040934358 
452 285 13 16 0.040898766 
104 513 9 11 0.04078745 
255 397 9 11 0.04064081 
853 724 10 13 0.0406136 
612 148 15 20 0.040594876 
1008 181 10 13 0.04055057 
901 671 12 14 0.040535785 
101 750 13 17 0.040497933 
253 336 8 10 0.040482406 
216 190 7 9 0.0404141 
104 673 12 15 0.040390342 
958 733 13 16 0.04037373 
312 463 8 11 0.04035114 
808 751 12 14 0.04029617 
523 553 15 20 0.04024398 
233 382 10 12 0.040242214 
347 333 9 11 0.04024161 
909 163 10 12 0.040217694 
304 414 8 10 0.040174715 
897 632 9 11 0.0401584 
118 735 19 26 0.04010851 
297 355 8 11 0.040080797 
484 605 10 12 0.04004921 
229 478 9 12 0.040039644 
249 510 9 13 0.039990295 
917 643 12 15 0.039981965 
270 541 9 12 0.03992143 
295 324 8 11 0.03985713 
351 612 9 13 0.03979772 
701 547 15 20 0.03971299 
293 383 8 11 0.039594896 
144 472 11 13 0.039589096 
479 556 11 13 0.039548542 
582 418 15 20 0.03953599 
103 248 7 11 0.039367598 
302 309 8 11 0.039357323 
86 729 13 16 0.039318066 
366 628 12 16 0.039313216 
848 716 11 13 0.039258607 
164 532 11 15 0.03920347 
553 489 8 11 0.03914498 
170 375 7 9 0.039093874 
652 590 12 16 0.03908064 
69 180 9 11 0.039048973 
430 596 9 12 0.039036233 
537 642 12 19 0.0390018 
217 475 9 12 0.038997814 
715 733 13 16 0.038942683 
432 275 11 13 0.038824696 
376 608 9 11 0.038822528 
150 216 8 10 0.03878021 
89 296 8 10 0.038750753 
21 543 9 12 0.038718347 
431 580 9 10 0.03867598 
201 319 7 9 0.03865354 
44 738 11 14 0.03858103 
776 749 12 14 0.03855695 
634 545 13 17 0.03846384 
97 568 8 10 0.038408644 
290 415 8 11 0.03840386 
600 503 9 11 0.038395338 
423 624 9 12 0.03834894 
133 206 8 10 0.038282204 
254 496 9 11 0.0382243 
641 134 7 10 0.038164828 
916 630 21 25 0.038108505 
154 718 13 16 0.038073614 
885 654 12 14 0.03807271 
340 239 10 12 0.038052093 
319 689 13 18 0.038035247 
285 578 12 16 0.038002133 
652 410 50 69 0.037888333 
224 465 8 10 0.03781923 
825 684 11 13 0.037749797 
310 511 10 13 0.03770723 
476 617 13 17 0.037674077 
160 209 8 10 0.037538946 
4 658 12 15 0.037525587 
441 597 10 12 0.03750147 
246 573 9 14 0.037458066 
78 741 12 16 0.037444618 
582 486 8 10 0.03736419 
158 677 10 13 0.037277605 
706 675 12 15 0.03725511 
160 255 7 9 0.037239775 
286 302 8 10 0.037237927 
254 573 14 18 0.03717754 
144 429 8 11 0.03714241 
105 368 8 10 0.037123725 
615 452 12 16 0.03706897 
85 582 9 12 0.037038952 
186 374 8 11 0.03703313 
48 707 9 12 0.036979932 
119 684 12 16 0.036942717 
48 471 8 10 0.036889292 
217 335 7 9 0.036886543 
824 160 9 11 0.03686338 
349 384 7 9 0.036836185 
783 734 11 13 0.036829535 
190 652 10 12 0.03680652 
474 583 10 14 0.036757402 
154 327 8 10 0.036725212 
70 538 12 15 0.036670655 
558 488 8 10 0.036659177 
943 691 11 15 0.03661399 
329 612 9 12 0.03661044 
200 328 8 10 0.036607515 
837 684 10 13 0.03646007 
81 583 9 12 0.036320347 
207 486 8 11 0.036265824 
989 732 12 15 0.036221866 
77 168 9 10 0.0362015 
138 367 9 10 0.03618918 
285 366 9 11 0.036181957 
693 602 12 16 0.03613719 
145 463 8 10 0.03613358 
339 596 9 12 0.036080226 
371 705 22 27 0.03605937 
566 594 14 18 0.036039688 
145 414 9 11 0.035960454 
287 454 10 14 0.035960093 
278 481 10 11 0.03594794 
97 279 8 10 0.03590955 
232 397 10 11 0.035894662 
59 664 11 12 0.035884045 
232 522 12 16 0.035871137 
110 523 11 15 0.035849348 
643 668 13 17 0.03582912 
234 359 8 10 0.035745174 
1 230 9 14 0.035733107 
608 126 8 10 0.035712313 
514 376 9 11 0.035653956 
185 209 6 8 0.035488993 
70 461 8 10 0.035487715 
911 637 10 12 0.035481066 
474 612 11 15 0.035479605 
912 645 12 14 0.035459932 
433 492 10 13 0.035451576 
47 512 9 11 0.035445724 
36 653 11 13 0.035433486 
106 381 8 11 0.03542444 
239 572 11 14 0.03541479 
899 598 17 22 0.03538377 
147 381 10 13 0.035350345 
289 406 8 11 0.03532004 
222 350 7 9 0.035312846 
175 465 7 10 0.03531203 
95 398 7 10 0.0351496 
15 487 9 11 0.035143275 
94 360 8 10 0.03505724 
237 627 9 13 0.03504708 
230 549 9 12 0.035009645 
428 652 10 14 0.034889054 
183 644 9 11 0.034859415 
142 398 7 9 0.03485554 
436 539 11 13 0.034828115 
763 618 11 14 0.034704477 
230 425 8 10 0.034678042 
24 571 10 11 0.034673896 
185 321 8 10 0.0346628 
52 206 11 12 0.034656946 
38 462 8 10 0.03463835 
113 221 8 10 0.034606103 
946 653 12 16 0.034596592 
308 743 15 20 0.034554165 
182 654 11 12 0.034533266 
120 222 8 10 0.03451928 
296 279 8 10 0.034512307 
116 375 9 11 0.03450322 
415 642 13 16 0.034404308 
20 725 11 14 0.034399442 
143 271 9 10 0.03438809 
272 535 9 11 0.03437799 
254 516 9 12 0.03436274 
377 31 9 11 0.034314025 
238 324 7 10 0.034309756 
392 360 7 11 0.034306947 
232 388 11 13 0.03430145 
79 724 11 15 0.034246318 
247 658 11 15 0.034191277 
988 707 13 17 0.03415753 
92 699 13 16 0.034151338 
390 272 8 11 0.034112316 
196 589 11 13 0.034103386 
916 586 17 22 0.0339811 
68 374 9 10 0.033969183 
363 130 23 30 0.03394238 
199 558 9 11 0.033927497 
695 614 20 27 0.033912368 
168 686 10 13 0.03373915 
921 160 9 12 0.03368241 
838 694 11 14 0.033611618 
350 296 8 10 0.03345568 
104 271 8 10 0.033404734 
176 550 10 12 0.033403702 
238 414 10 10 0.033336565 
208 345 7 9 0.033304676 
669 645 12 16 0.03321662 
470 741 11 13 0.033212658 
112 209 8 10 0.033168882 
174 373 8 10 0.03314991 
708 621 11 14 0.03314754 
510 650 10 14 0.03310613 
39 614 9 13 0.03309806 
216 343 8 9 0.033096354 
463 334 12 15 0.03308665 
581 572 12 16 0.033079784 
304 334 7 9 0.033070665 
544 366 8 12 0.03304125 
78 174 8 10 0.03296033 
545 492 8 10 0.032928206 
207 253 7 10 0.032923765 
527 346 12 15 0.032891355 
314 683 14 19 0.03286974 
862 718 9 12 0.03286122 
892 651 10 14 0.032826055 
101 568 9 11 0.03275985 
349 341 9 11 0.032713532 
128 190 8 9 0.032706138 
109 559 10 12 0.032705687 
225 426 8 9 0.032687634 
633 377 27 38 0.032624807 
109 334 8 10 0.03261452 
369 714 12 16 0.032611627 
5 230 9 11 0.03260185 
839 751 14 15 0.03258982 
216 350 7 10 0.032574527 
278 468 9 11 0.0325629 
808 731 11 13 0.03255464 
505 109 8 10 0.0325254 
769 661 10 14 0.032521233 
392 677 11 13 0.032517895 
925 689 15 20 0.03249657 
60 723 10 12 0.032484412 
297 639 10 13 0.032472912 
33 392 8 10 0.03247132 
279 406 8 10 0.032435805 
342 524 9 12 0.03243549 
492 462 11 15 0.03243478 
142 446 7 10 0.032367922 
703 534 10 12 0.03235312 
104 238 8 10 0.03231639 
439 561 12 16 0.032268528 
877 174 11 14 0.032248218 
9 596 10 12 0.032228485 
41 591 10 13 0.032222264 
372 373 8 11 0.03221821 
281 436 8 11 0.03217883 
103 279 7 9 0.03210767 
682 692 14 19 0.032039028 
352 540 8 11 0.032034583 
247 488 7 9 0.03202624 
117 232 8 10 0.031981807 
96 287 8 10 0.0319795 
185 700 10 12 0.031970587 
991 175 8 10 0.031871565 
185 382 7 10 0.031854454 
192 509 10 13 0.03185196 
413 620 11 15 0.03178986 
183 334 7 10 0.03174793 
126 223 8 9 0.031733904 
249 295 8 10 0.031699724 
86 191 9 11 0.03169608 
368 380 8 10 0.0316574 
634 522 14 18 0.031641435 
437 484 10 13 0.031567916 
743 603 11 15 0.031555332 
963 651 20 28 0.031511005 
254 347 8 11 0.031467944 
740 632 14 17 0.031392694 
487 104 7 9 0.03134787 
740 597 12 16 0.031293012 
413 448 10 12 0.031261887 
356 628 12 17 0.031242166 
137 253 8 10 0.031241227 
277 255 6 8 0.031239912 
391 372 7 11 0.031201592 
925 644 11 14 0.03105145 
708 660 13 18 0.031029891 
676 710 22 25 0.030988527 
150 677 12 15 0.030979028 
678 733 12 16 0.030937081 
237 312 8 10 0.030924652 
110 644 10 12 0.030886414 
254 287 7 9 0.030870132 
569 476 8 10 0.030844951 
310 595 13 16 0.03080445 
317 539 9 12 0.03067039 
246 580 10 13 0.030657982 
793 95 8 10 0.030618701 
448 286 10 13 0.030604457 
94 692 12 16 0.030592421 
846 661 11 13 0.030591074 
776 677 9 12 0.030535327 
595 324 11 14 0.030533751 
224 684 10 14 0.030532397 
295 533 10 13 0.030477623 
383 277 9 13 0.030474927 
29 604 10 12 0.030458476 
190 320 7 9 0.030448044 
290 311 8 10 0.030379917 
141 480 20 25 0.030375991 
5 517 9 11 0.030353738 
750 700 11 14 0.030280592 
215 303 8 10 0.030279065 
160 231 8 10 0.030260457 
256 455 10 13 0.03022677 
822 743 12 14 0.030217871 
585 501 10 13 0.030210407 
342 349 9 10 0.030206326 
599 496 10 11 0.03018022 
32 747 10 13 0.030176118 
33 459 10 13 0.030152064 
931 635 12 15 0.030112265 
125 247 8 9 0.030102635 
587 424 13 16 0.030095328 
627 210 13 15 0.030094504 
636 555 11 15 0.03008994 
1 590 9 12 0.030056408 
185 246 8 10 0.03001956 
312 541 10 11 0.029990863 
414 630 18 24 0.029968357 
326 358 8 10 0.029934011 
984 735 23 27 0.029906942 
302 477 9 10 0.029892279 
191 207 7 9 0.02986 
772 629 11 14 0.029842485 
15 150 7 9 0.029837321 
271 639 10 12 0.029797832 
772 636 12 15 0.029777337 
693 732 12 18 0.029763 
327 293 7 9 0.02974088 
128 383 8 11 0.029732173 
263 462 8 10 0.029732144 
492 612 11 14 0.029717179 
330 540 8 12 0.029700488 
598 584 12 18 0.029694723 
474 639 19 24 0.029667888 
136 430 8 10 0.029666817 
32 655 10 12 0.029646493 
638 623 11 14 0.029576836 
254 701 9 12 0.029571697 
297 511 11 15 0.029571546 
384 533 9 12 0.02953255 
457 546 13 16 0.02951518 
117 238 9 12 0.029500317 
630 512 10 13 0.029478155 
343 564 10 13 0.029464433 
200 488 8 10 0.029405564 
32 728 10 13 0.029404882 
535 533 10 13 0.029389651 
135 485 9 12 0.029385231 
144 231 8 9 0.029384919 
771 644 13 17 0.029382689 
149 632 11 13 0.029359443 
545 373 9 11 0.029344087 
757 714 13 17 0.029338198 
430 605 9 13 0.029289499 
533 79 11 12 0.029281693 
462 491 12 17 0.029268594 
252 655 9 11 0.029268548 
124 636 12 17 0.02924874 
70 415 7 9 0.029235546 
121 207 7 10 0.029234452 
510 412 9 12 0.029209092 
862 723 10 13 0.029199297 
248 711 11 13 0.029192667 
102 312 8 10 0.02915669 
491 576 11 13 0.029064627 
421 666 12 15 0.029047986 
198 223 7 10 0.029024888 
32 616 9 12 0.028994152 
392 384 9 11 0.028952269 
397 254 11 14 0.028948026 
454 343 10 14 0.028931653 
803 620 13 15 0.028909104 
880 632 9 11 0.028903773 
565 582 11 14 0.028900556 
692 636 15 18 0.028845763 
505 576 10 14 0.028833002 
127 501 10 12 0.028796308 
99 691 12 16 0.028787479 
14 669 10 12 0.028770633 
206 319 8 9 0.02877046 
509 603 10 14 0.02876004 
372 245 10 11 0.028749617 
921 623 10 13 0.028745594 
179 479 9 12 0.028723903 
57 484 10 13 0.028712636 
167 208 7 10 0.02870353 
119 492 11 14 0.028649198 
303 328 8 10 0.028643342 
327 643 12 14 0.028638275 
501 609 12 15 0.028617082 
73 749 10 14 0.028591141 
336 523 9 13 0.02858764 
239 566 10 13 0.028564522 
623 597 11 14 0.028548129 
828 750 10 13 0.028540833 
693 726 10 14 0.028518789 
65 165 9 11 0.028517196 
128 213 8 10 0.028493235 
86 230 8 11 0.02847829 
95 654 11 14 0.028445594 
87 428 8 10 0.028385106 
116 689 15 19 0.028379597 
895 622 10 12 0.028346013 
829 743 10 12 0.028322209 
54 709 11 15 0.028273381 
525 577 12 15 0.028238032 
551 385 11 15 0.028197197 
53 189 10 12 0.028192567 
628 199 13 17 0.028192315 
885 684 10 14 0.0281766 
46 722 11 14 0.028122945 
89 441 8 11 0.028088927 
984 706 25 32 0.028070703 
134 199 8 10 0.02805149 
185 579 10 13 0.028029053 
386 541 9 11 0.028026076 
460 477 21 29 0.02802418 
533 637 23 30 0.028005315 
232 336 8 9 0.027977671 
645 347 11 14 0.027976518 
260 547 13 15 0.027961474 
947 684 13 18 0.027926225 
119 262 8 10 0.027922774 
166 506 12 15 0.027920129 
231 305 7 8 0.02791276 
286 437 8 10 0.027873829 
258 532 9 11 0.027855048 
318 429 8 10 0.027849756 
231 503 18 24 0.027772337 
21 221 14 17 0.027763722 
165 677 10 13 0.027755266 
615 345 10 13 0.027740477 
312 535 9 11 0.02770668 
246 462 10 12 0.027665058 
1 581 9 13 0.027662894 
387 508 12 16 0.027657757 
387 522 12 16 0.027631953 
636 204 12 13 0.027588345 
877 537 9 11 0.02756645 
614 325 8 12 0.027517462 
198 382 8 10 0.027488824 
160 270 8 10 0.02746232 
110 368 9 11 0.027418064 
441 603 17 21 0.027392264 
160 352 7 9 0.027381774 
709 651 12 15 0.02737816 
239 540 10 14 0.027309595 
27 221 11 14 0.02730205 
780 677 10 12 0.027296485 
1 195 10 14 0.027289258 
193 629 9 11 0.02726025 
167 215 7 9 0.027251082 
726 530 13 16 0.027243625 
567 504 11 12 0.02724091 
495 414 9 12 0.027209377 
253 279 8 10 0.027205294 
145 262 8 10 0.027182411 
40 519 8 12 0.027127646 
530 164 9 11 0.027025646 
106 708 13 18 0.027015716 
430 314 13 15 0.027001595 
764 603 13 16 0.026995119 
543 488 8 11 0.026994612 
820 505 28 37 0.026968857 
174 667 14 16 0.026966628 
937 653 12 16 0.026919996 
508 525 12 15 0.026909182 
29 187 9 11 0.026904164 
45 545 10 12 0.026903827 
782 740 11 13 0.026903346 
86 520 9 12 0.026880356 
339 295 8 10 0.02687741 
373 260 10 12 0.026840627 
121 192 7 9 0.026801886 
106 374 9 11 0.026800867 
281 281 8 10 0.026799854 
668 719 15 18 0.026779482 
9 707 10 14 0.026759328 
520 600 10 14 0.026744274 
884 613 9 12 0.026673073 
232 375 9 11 0.026663246 
430 406 10 14 0.026660716 
766 700 13 17 0.026659904 
264 279 7 10 0.02660438 
328 638 10 13 0.026599105 
296 436 8 10 0.026582394 
805 599 14 19 0.026487738 
357 308 9 10 0.026443077 
248 428 8 10 0.026435021 
276 575 19 24 0.026420137 
702 653 11 15 0.026372552 
695 653 12 15 0.02634795 
751 741 11 15 0.026345665 
278 564 10 14 0.026315825 
635 530 14 18 0.026296502 
724 725 11 14 0.026281426 
93 302 8 10 0.026267627 
88 494 19 24 0.026266225 
124 703 20 24 0.026224535 
311 328 8 9 0.026223416 
208 453 9 11 0.02620837 
677 437 12 14 0.026208177 
576 642 11 16 0.026206618 
207 556 12 16 0.026197061 
772 717 14 19 0.026189828 
1008 175 11 14 0.026165286 
9 534 9 11 0.02612634 
413 341 11 16 0.026117949 
115 718 21 29 0.026111959 
560 580 11 13 0.026079686 
509 710 32 36 0.025975822 
600 508 10 12 0.02597169 
9 487 9 11 0.025954116 
158 638 9 12 0.025950575 
958 689 13 16 0.025949908 
72 723 10 13 0.025941316 
889 646 10 13 0.025935048 
325 316 9 11 0.025905205 
433 471 9 12 0.025897667 
468 323 11 15 0.025890373 
104 295 8 10 0.025885822 
948 661 19 26 0.025883315 
798 660 13 16 0.025874937 
150 388 9 11 0.025863219 
80 496 8 10 0.025862837 
581 648 22 29 0.025849527 
314 310 9 11 0.02582288 
546 672 26 30 0.025817009 
932 690 15 21 0.025815977 
903 180 9 13 0.025803963 
206 461 9 12 0.025768142 
61 565 9 11 0.025735853 
422 543 10 12 0.025704732 
271 527 8 10 0.025703285 
645 436 41 55 0.025680084 
750 537 16 20 0.02567555 
515 38 8 11 0.025663927 
180 483 10 13 0.025646962 
396 276 10 13 0.025635965 
296 606 8 9 0.025623865 
102 158 9 10 0.02561758 
887 632 8 10 0.02559839 
281 269 7 8 0.025597531 
290 317 8 11 0.025588568 
302 524 10 14 0.02556853 
527 679 9 12 0.025555925 
219 691 13 16 0.02553641 
182 221 7 10 0.025530858 
23 639 11 13 0.025492266 
397 524 12 16 0.02547406 
654 667 11 14 0.025458854 
185 718 15 18 0.02543813 
385 271 10 13 0.025430547 
496 606 9 12 0.025423432 
148 556 13 16 0.025404219 
65 160 8 11 0.025386462 
231 406 11 13 0.025378857 
111 739 13 18 0.0253642 
839 662 11 14 0.025361503 
78 235 10 12 0.025339896 
150 245 8 10 0.02532193 
197 390 9 11 0.025314715 
590 577 22 29 0.025312882 
462 553 11 13 0.025276106 
215 495 8 10 0.025264705 
365 349 9 11 0.025262617 
40 532 8 11 0.025257803 
272 303 7 10 0.025254812 
193 349 8 11 0.025201645 
198 515 10 12 0.025159016 
159 539 12 15 0.025153778 
31 715 8 12 0.02508804 
296 600 7 10 0.025079584 
411 284 13 15 0.025077999 
806 626 13 16 0.025053842 
70 166 10 12 0.025015678 
115 674 14 18 0.025012216 
588 444 10 14 0.024995906 
24 692 10 14 0.024989305 
335 287 7 9 0.024984702 
349 422 8 11 0.024933804 
397 247 8 11 0.024924649 
81 182 8 10 0.024921473 
197 507 11 14 0.024917096 
249 469 9 12 0.024913134 
812 727 11 13 0.02490804 
206 374 9 10 0.024902767 
45 607 11 13 0.024900986 
691 40 230 282 0.024899295 
79 454 8 11 0.024879929 
493 566 10 12 0.024835227 
174 492 10 12 0.024817666 
852 661 10 13 0.02481327 
336 222 9 11 0.024810953 
14 510 10 12 0.024799556 
570 644 24 33 0.024799244 
77 447 7 9 0.024783127 
625 572 10 13 0.02476227 
859 750 14 16 0.024760997 
687 557 12 16 0.024759233 
104 328 8 9 0.024746586 
739 577 14 18 0.024736483 
846 655 11 13 0.024728388 
563 654 14 21 0.024727754 
302 287 7 10 0.02472734 
24 238 16 20 0.024701148 
190 639 10 12 0.024697011 
308 148 9 11 0.024688978 
634 479 9 14 0.024647452 
782 607 11 14 0.02460058 
70 519 10 11 0.024598002 
301 114 42 49 0.024557607 
70 189 8 11 0.024556013 
144 388 8 12 0.024537614 
96 328 7 9 0.02452593 
357 219 10 13 0.024513382 
368 692 24 30 0.024512671 
287 431 8 11 0.024502661 
411 697 13 17 0.024501726 
399 365 9 12 0.024474097 
233 504 10 13 0.024420457 
190 309 8 10 0.024409981 
254 422 8 10 0.024407053 
1006 692 12 16 0.024405554 
360 323 9 12 0.024373058 
489 321 14 18 0.024366597 
113 501 8 11 0.024353385 
249 318 8 11 0.02434874 
923 623 21 26 0.024329212 
135 214 9 11 0.02431216 
380 739 12 17 0.024306754 
113 182 8 10 0.024277408 
252 646 9 12 0.024246985 
480 351 8 11 0.024229754 
651 748 14 18 0.024227042 
374 360 9 12 0.024224099 
4 280 12 17 0.024208505 
112 255 7 9 0.024159122 
925 668 11 13 0.024147402 
47 751 10 12 0.02412447 
750 137 8 11 0.024108777 
161 264 8 10 0.024091858 
428 622 10 12 0.024090417 
387 121 14 16 0.024053957 
637 445 10 15 0.023992768 
102 205 8 10 0.023989389 
352 527 7 10 0.02397166 
94 215 7 10 0.023943612 
77 507 10 12 0.02393846 
392 659 13 17 0.023930684 
814 645 10 13 0.023903335 
17 240 11 16 0.023902854 
335 481 7 9 0.023865812 
241 302 8 10 0.02384709 
137 445 8 10 0.02383879 
807 167 8 9 0.02381642 
378 610 12 15 0.023776721 
622 666 11 14 0.023774803 
132 535 10 12 0.023740752 
681 157 9 12 0.02372693 
467 540 11 13 0.023726398 
152 207 7 10 0.023707168 
113 245 8 11 0.023704685 
138 373 8 10 0.023698911 
521 730 29 31 0.023686318 
483 554 12 15 0.023669083 
78 531 10 14 0.023663878 
672 406 25 36 0.023641841 
185 239 8 10 0.023618052 
617 407 10 13 0.023601834 
588 220 10 12 0.02356564 
176 208 7 9 0.023558784 
827 677 11 15 0.023538439 
916 645 21 26 0.023501234 
626 681 27 37 0.023500586 
246 494 8 11 0.023495477 
483 104 7 9 0.023490435 
208 327 7 10 0.023454247 
998 183 11 14 0.02343345 
820 648 19 26 0.023405911 
130 509 10 12 0.023385692 
677 601 13 18 0.023385104 
310 265 10 13 0.023377428 
36 572 9 13 0.02336218 
627 655 11 14 0.0233515 
1002 617 16 19 0.023349952 
0 166 7 10 0.023328302 
142 659 11 14 0.023319697 
82 716 12 15 0.023310399 
32 500 9 12 0.023302026 
764 748 12 15 0.02327787 
312 441 9 11 0.023255346 
222 541 11 15 0.023246441 
73 548 11 14 0.023244228 
36 727 12 16 0.023234805 
22 175 8 10 0.023214336 
272 574 10 14 0.023180444 
515 378 12 16 0.023165073 
224 548 10 14 0.023164263 
47 211 11 14 0.023133995 
112 493 9 13 0.023129556 
174 247 8 11 0.023116196 
897 675 11 14 0.023091383 
362 445 10 12 0.023087166 
661 715 16 20 0.023085617 
106 447 9 11 0.02306943 
265 700 13 15 0.023066398 
225 375 8 11 0.023061853 
370 283 11 13 0.023040088 
74 396 8 10 0.023017317 
271 564 11 14 0.023006056 
558 504 8 11 0.022993652 
86 531 9 12 0.02298115 
630 468 10 12 0.02296958 
173 277 9 11 0.022963373 
567 486 8 10 0.022954281 
80 697 13 17 0.022912057 
588 643 12 16 0.02290018 
100 684 13 16 0.022864917 
19 710 12 13 0.022864183 
681 596 22 30 0.0228566 
130 722 21 26 0.022849025 
167 638 10 13 0.022827769 
801 168 8 10 0.022822173 
292 388 10 11 0.022777684 
486 31 8 11 0.022766475 
282 293 8 10 0.02276175 
137 223 8 9 0.022745011 
284 573 21 27 0.022734597 
368 359 9 13 0.022731567 
111 288 7 9 0.022712842 
237 359 9 10 0.022709688 
378 515 11 16 0.022704666 
116 300 8 11 0.022692585 
142 253 9 11 0.022669205 
628 617 12 15 0.022626257 
47 191 12 13 0.022618677 
323 311 9 12 0.022608688 
120 278 9 10 0.022588275 
828 721 14 15 0.022573778 
310 415 7 10 0.022559132 
509 111 7 9 0.022558589 
481 312 11 15 0.022552004 
520 347 11 14 0.022532208 
1014 100 9 13 0.022525698 
177 414 9 12 0.022524025 
154 557 12 14 0.02251517 
53 220 10 13 0.022512339 
62 509 8 11 0.022497645 
93 505 12 13 0.022473872 
544 380 11 15 0.022461586 
274 586 11 14 0.022457 
352 216 9 11 0.022453407 
62 518 9 11 0.02241985 
16 370 11 14 0.022408595 
293 399 9 11 0.022397945 
204 501 8 12 0.022360615 
116 296 9 10 0.022338025 
415 346 12 16 0.022315748 
718 494 20 25 0.022271426 
708 640 14 17 0.022242546 
58 674 13 16 0.022231407 
123 339 9 12 0.022228181 
143 184 7 9 0.022220328 
387 247 9 11 0.022213487 
267 546 12 15 0.02219559 
955 657 21 28 0.022189418 
886 636 10 13 0.022188708 
541 679 16 20 0.02216102 
24 447 8 11 0.022145757 
835 697 12 16 0.022140931 
62 559 9 12 0.022137003 
25 229 13 18 0.022131877 
775 743 10 13 0.022129877 
175 311 8 10 0.022104299 
256 612 11 15 0.022096375 
225 390 8 10 0.022075018 
656 580 12 16 0.022063345 
767 637 11 15 0.02201267 
304 446 9 11 0.02200983 
550 366 9 11 0.0220055 
652 579 23 27 0.021991117 
87 367 10 13 0.021981424 
639 626 17 22 0.021963736 
555 385 13 17 0.021959858 
430 611 10 13 0.021947188 
120 574 9 11 0.021936258 
708 206 11 12 0.0219262 
159 671 10 12 0.021924919 
177 335 8 10 0.02189805 
249 667 12 15 0.02187439 
111 190 8 9 0.021860732 
328 437 9 11 0.021828119 
252 659 13 16 0.021811541 
216 358 9 10 0.021809937 
102 200 8 10 0.021802204 
669 394 53 73 0.02177504 
56 384 9 11 0.02176952 
280 372 9 11 0.021766413 
47 533 9 11 0.02175613 
69 491 10 12 0.021752773 
242 343 8 10 0.021747781 
1 182 9 14 0.021746429 
189 421 9 10 0.021725757 
687 654 11 14 0.021723902 
419 649 19 23 0.02170984 
104 582 10 12 0.02168716 
393 612 10 14 0.021672906 
362 408 8 9 0.02166267 
126 328 8 8 0.021648105 
237 375 9 11 0.021592867 
357 586 13 16 0.021591274 
309 295 8 10 0.021551393 
16 124 107 137 0.021547059 
101 654 10 13 0.021520842 
953 731 22 30 0.021512715 
200 230 7 10 0.021507753 
272 479 9 12 0.021490242 
55 390 9 12 0.02148768 
533 614 10 14 0.021473663 
516 166 10 12 0.021443995 
33 159 7 10 0.021429032 
335 627 11 15 0.021412589 
242 540 13 15 0.021396022 
832 673 12 14 0.021391356 
239 420 10 12 0.021366505 
169 254 8 10 0.02136351 
78 676 12 16 0.02136189 
262 415 9 11 0.021360075 
801 653 11 15 0.021358987 
839 655 10 12 0.02135841 
573 478 8 9 0.021349432 
329 94 11 12 0.021330511 
250 326 7 10 0.021312747 
226 677 10 14 0.021311387 
577 389 11 14 0.021310207 
200 208 7 9 0.021309337 
161 197 8 10 0.021309229 
247 379 9 12 0.021292757 
544 400 9 11 0.021285236 
350 350 9 10 0.021279166 
479 626 12 16 0.021279048 
89 222 8 11 0.021269696 
431 592 8 11 0.021262927 
93 380 8 11 0.0212612 
342 655 14 17 0.021227127 
166 232 9 12 0.021226222 
663 539 11 13 0.021211293 
277 637 9 12 0.021206437 
430 550 14 15 0.021198353 
709 614 11 14 0.021196453 
135 389 10 13 0.021190438 
358 320 9 10 0.021165852 
177 654 10 13 0.02113546 
81 196 9 11 0.021128776 
254 391 10 12 0.02112685 
65 189 9 11 0.021124303 
183 232 7 9 0.021115886 
429 533 22 24 0.021111472 
135 478 10 12 0.021103313 
742 540 12 15 0.021094615 
93 366 9 12 0.02106469 
372 230 9 10 0.021064617 
338 243 9 12 0.021060243 
503 413 10 13 0.021056402 
311 334 8 9 0.02104094 
782 596 11 14 0.021039292 
373 381 8 10 0.021034759 
304 428 8 11 0.021034515 
565 621 13 15 0.021000467 
327 205 11 12 0.020983158 
751 589 20 25 0.020981817 
349 682 11 17 0.02095422 
244 566 9 12 0.020925984 
341 592 10 12 0.020915966 
550 464 11 12 0.020913173 
396 515 11 15 0.020912051 
285 566 11 14 0.020894924 
334 700 11 16 0.020887902 
417 660 12 15 0.020885965 
76 737 20 27 0.020832356 
780 643 12 16 0.020831244 
338 301 9 11 0.020829659 
326 627 11 15 0.020829314 
78 484 9 11 0.02082657 
468 518 12 16 0.020820417 
156 683 12 15 0.020819824 
21 732 12 15 0.020818308 
330 492 9 12 0.020817073 
82 191 9 11 0.02081554 
126 279 8 10 0.020806812 
301 606 10 11 0.020777708 
464 524 12 14 0.02076393 
104 286 8 10 0.020742722 
134 502 9 12 0.02074217 
760 652 10 13 0.020741848 
70 659 12 14 0.02074119 
178 190 7 9 0.020726629 
436 402 13 15 0.020694995 
257 248 7 9 0.020679694 
293 686 16 22 0.020666912 
5 509 9 13 0.020657687 
217 432 8 10 0.02064407 
401 310 11 14 0.02063737 
470 349 9 13 0.020612387 
629 444 12 16 0.02059734 
172 502 10 12 0.020590167 
815 742 12 14 0.020583037 
453 143 10 11 0.020580275 
505 694 24 30 0.020578636 
812 754 13 13 0.020572342 
703 713 12 16 0.020562956 
119 710 21 25 0.020538932 
558 632 23 29 0.02053835 
790 665 13 16 0.020530296 
350 518 10 13 0.020507881 
105 487 8 10 0.020474186 
97 467 9 12 0.02047339 
925 706 13 17 0.02046387 
96 559 9 11 0.020460676 
169 271 7 10 0.02045291 
440 573 9 11 0.020444809 
343 682 11 17 0.020430477 
369 461 11 14 0.0204247 
461 450 15 19 0.02041539 
152 319 7 10 0.020413512 
329 327 8 11 0.020406427 
872 622 9 12 0.02038904 
757 680 12 13 0.020367987 
687 608 21 32 0.020331185 
656 642 11 14 0.02032847 
307 270 7 10 0.020321438 
350 564 12 16 0.02032057 
774 621 11 13 0.020317106 
635 419 12 16 0.020292748 
223 490 10 14 0.02029219 
607 149 13 17 0.020286225 
136 263 7 9 0.0202853 
190 558 9 11 0.02027459 
185 255 8 9 0.02026177 
695 547 14 18 0.020245677 
614 659 14 17 0.020239292 
125 494 10 13 0.020225083 
446 388 11 15 0.020194331 
33 517 9 12 0.020192344 
87 742 20 25 0.020167064 
182 343 7 10 0.02016273 
311 302 8 10 0.020146722 
48 219 11 13 0.020133983 
570 588 20 27 0.020131677 
174 674 14 17 0.020130407 
237 366 9 10 0.020111652 
6 502 9 13 0.020106038 
37 494 11 13 0.020101935 
14 557 9 11 0.020095484 
172 692 11 13 0.020082492 
470 549 10 12 0.020073896 
809 657 13 16 0.020041388 
436 301 21 27 0.020033432 
269 692 11 14 0.020032896 
350 500 8 10 0.020031901 
95 685 11 14 0.020024206 
565 572 13 16 0.020020494 
174 231 8 10 0.020018501 
710 743 20 23 0.020008588 
615 444 20 27 0.020008374 
