2_Demonstration_Political_Rally_2_319
768
618 457 33 46 0.9960918 
392 466 26 34 0.99448484 
116 446 23 29 0.9886479 
666 445 25 32 0.9841579 
157 486 24 36 0.9781129 
716 531 29 51 0.92304146 
459 436 16 26 0.89092267 
137 685 23 38 0.88471365 
46 567 23 45 0.84967107 
192 412 18 23 0.7609596 
0 395 11 17 0.7066453 
175 419 13 16 0.68441087 
308 422 13 16 0.654544 
857 432 15 23 0.5815489 
876 388 9 12 0.58067876 
182 384 12 14 0.578991 
158 386 13 17 0.5574538 
465 391 19 23 0.5564586 
261 377 12 15 0.52873147 
838 572 41 63 0.5163148 
57 459 21 29 0.5106184 
345 366 9 11 0.49325788 
220 394 13 16 0.47110698 
807 449 18 23 0.4642557 
238 398 12 16 0.45335934 
511 480 16 21 0.44894755 
35 391 11 13 0.41469523 
198 381 11 14 0.3958162 
493 381 15 18 0.39400667 
24 366 9 11 0.3879888 
730 477 26 30 0.38786137 
748 404 10 15 0.38227415 
845 399 9 12 0.36434352 
243 379 12 15 0.36352375 
723 399 11 13 0.35448453 
997 489 16 23 0.3438167 
275 450 14 21 0.3402871 
42 436 17 22 0.33757597 
73 350 8 11 0.2792943 
323 396 15 19 0.2782687 
320 342 10 12 0.27384403 
985 360 9 11 0.27290776 
279 444 24 31 0.2710537 
244 373 12 15 0.2659962 
174 413 12 16 0.2574953 
269 356 10 13 0.2518654 
312 379 12 14 0.24428721 
782 419 10 14 0.24114186 
223 350 8 11 0.23786268 
833 466 16 19 0.23685941 
380 416 17 22 0.23162809 
952 398 12 17 0.22692691 
686 405 10 13 0.22626856 
266 354 10 12 0.2181931 
45 457 23 30 0.21569987 
79 391 9 12 0.21436267 
109 371 9 12 0.21277224 
764 420 13 16 0.21156666 
56 371 9 12 0.209363 
234 359 9 12 0.20667586 
208 444 23 27 0.19691376 
299 478 15 23 0.19492508 
147 412 11 14 0.17270169 
375 359 8 10 0.17066674 
424 366 10 11 0.16656312 
247 369 9 11 0.16462535 
386 410 15 19 0.1632436 
555 390 16 21 0.1607955 
895 394 13 15 0.15981138 
183 356 8 12 0.1593466 
926 375 8 11 0.15862663 
80 396 10 14 0.1580633 
967 365 7 9 0.15118109 
335 413 10 14 0.15087636 
388 405 13 16 0.15049547 
862 377 8 10 0.14962496 
582 523 34 45 0.14525384 
399 364 8 10 0.13886224 
192 358 9 12 0.13647325 
106 369 8 10 0.13326846 
436 411 14 18 0.12934962 
502 419 27 42 0.1292067 
136 367 8 10 0.12650327 
894 359 7 9 0.1261552 
966 374 9 12 0.12564878 
793 396 9 11 0.12470048 
739 472 27 33 0.12219841 
873 413 11 14 0.12126287 
542 445 25 32 0.12060493 
88 367 9 11 0.12038343 
191 335 6 8 0.120377794 
252 403 14 18 0.11980069 
30 463 14 19 0.11947225 
128 375 9 12 0.1193457 
798 397 9 12 0.11932984 
873 384 10 12 0.11719721 
0 331 8 12 0.11704017 
752 392 8 11 0.11642956 
222 399 14 20 0.116310276 
23 359 9 12 0.11593971 
190 382 10 14 0.11360705 
801 404 10 13 0.11331182 
302 359 9 12 0.112068586 
1000 352 8 9 0.10948742 
72 355 9 11 0.10874468 
1013 382 9 12 0.10783397 
273 466 24 33 0.10713037 
287 375 9 12 0.105013 
370 357 9 11 0.10424108 
830 384 8 10 0.10385125 
255 333 9 11 0.10384777 
508 370 10 14 0.10369893 
341 411 14 20 0.10226487 
272 452 23 31 0.10188993 
143 371 10 13 0.101772465 
406 360 8 9 0.101224914 
982 382 10 12 0.10013502 
880 373 9 10 0.100127354 
540 450 17 23 0.09912239 
865 396 10 12 0.098935515 
330 326 8 11 0.09863016 
359 208 10 13 0.097536236 
54 319 8 10 0.09738892 
202 379 13 16 0.09720679 
239 390 11 15 0.09630292 
856 390 9 11 0.09540777 
165 365 9 11 0.0948443 
744 374 9 11 0.09466009 
750 398 10 16 0.093891695 
431 445 19 27 0.09147888 
223 345 8 10 0.09147119 
237 364 10 12 0.091429725 
284 358 8 11 0.09135908 
242 401 13 19 0.09123358 
310 358 9 10 0.0911107 
815 392 8 10 0.08964053 
1008 367 8 9 0.0894439 
863 406 10 12 0.08911313 
5 368 8 11 0.08888161 
825 435 10 14 0.0887244 
30 320 8 9 0.088323206 
331 403 12 17 0.08729073 
110 450 17 22 0.08722153 
40 446 25 31 0.08707609 
315 419 11 17 0.086333804 
963 401 15 17 0.08517619 
382 358 8 11 0.084862724 
735 421 11 16 0.084048904 
76 381 10 12 0.08387705 
678 347 12 15 0.08349239 
229 402 13 19 0.08251627 
95 386 13 16 0.0813022 
257 328 8 10 0.0812751 
891 429 21 27 0.0809753 
326 392 10 14 0.080652796 
0 371 10 13 0.08052686 
311 520 21 36 0.08011283 
455 374 10 13 0.07940252 
389 398 10 14 0.07805558 
89 358 10 11 0.07775289 
864 438 16 22 0.07661884 
16 350 8 10 0.076421954 
365 421 12 18 0.076415256 
369 341 9 12 0.07582684 
892 441 16 21 0.07534464 
280 343 8 9 0.07494129 
297 352 8 10 0.07491 
830 430 11 16 0.073946096 
89 352 8 10 0.073329605 
833 367 7 9 0.07325235 
1001 357 8 9 0.072767705 
10 349 9 11 0.07264052 
207 365 9 11 0.072091624 
320 401 12 18 0.07183394 
262 319 7 9 0.0711994 
179 413 13 18 0.070459895 
971 396 14 17 0.0702988 
799 359 7 9 0.069855146 
169 410 11 15 0.06922106 
684 408 14 20 0.06918144 
269 442 18 24 0.06903026 
197 358 9 12 0.06895437 
890 358 8 10 0.06879196 
198 351 9 10 0.068769574 
73 304 8 10 0.06803198 
369 349 9 11 0.06746686 
121 382 10 13 0.06739557 
724 479 19 23 0.067187525 
61 367 9 11 0.06703979 
509 419 14 22 0.06697632 
961 361 7 10 0.06688825 
248 344 8 9 0.066628516 
845 435 21 29 0.06652837 
619 329 13 17 0.06632764 
858 382 9 10 0.066279195 
159 366 11 12 0.066278405 
64 319 7 9 0.065760136 
438 408 20 27 0.06536797 
486 418 22 33 0.06528354 
303 412 14 17 0.06509066 
951 382 9 13 0.064707175 
897 404 11 14 0.06466084 
248 334 8 10 0.06443571 
765 406 11 15 0.06415887 
38 411 10 13 0.06406319 
346 414 16 20 0.06371189 
816 366 9 10 0.063574694 
745 380 9 11 0.06353619 
775 414 10 15 0.06333706 
202 343 7 9 0.06257612 
207 342 7 9 0.062426236 
416 365 8 12 0.062365606 
350 450 16 20 0.062181573 
204 375 11 13 0.06207685 
870 407 10 11 0.061900612 
326 407 13 18 0.061760943 
372 404 10 14 0.061139952 
814 396 9 12 0.06106901 
461 365 9 12 0.06058291 
595 404 16 20 0.060120944 
295 363 11 14 0.05975853 
279 351 11 13 0.05941211 
351 317 8 9 0.059067767 
889 353 7 9 0.05865787 
575 443 13 18 0.05865093 
193 362 10 13 0.0585597 
897 427 14 18 0.05842409 
743 439 14 18 0.058060087 
807 380 9 11 0.05781871 
41 365 8 11 0.05765548 
5 372 10 13 0.05762671 
222 355 10 12 0.056840353 
298 333 8 10 0.056501485 
177 386 12 15 0.056490313 
218 309 9 12 0.05619207 
807 359 8 9 0.056189314 
551 425 25 34 0.05616875 
7 327 8 12 0.055745568 
369 335 8 11 0.055552457 
953 375 8 11 0.055516627 
286 364 10 13 0.055490475 
841 401 10 13 0.05519143 
592 434 24 31 0.055168383 
710 391 9 12 0.055042826 
774 424 12 15 0.054911945 
710 419 11 14 0.054803163 
25 320 8 10 0.054594155 
286 464 24 35 0.05452366 
12 395 10 15 0.054370355 
40 359 9 11 0.05424485 
292 374 11 13 0.054201197 
988 364 9 11 0.05408628 
743 407 13 17 0.054060668 
971 523 32 35 0.053949997 
677 334 13 17 0.053643536 
315 341 9 12 0.053628292 
196 408 13 16 0.052760184 
109 395 10 13 0.0522514 
823 368 7 9 0.051937357 
318 388 12 15 0.051806547 
206 397 12 15 0.051211983 
1004 483 15 24 0.051075563 
534 394 13 16 0.050987303 
990 374 9 11 0.05070021 
838 366 7 10 0.050687682 
692 374 8 11 0.050602246 
64 451 23 33 0.050341457 
786 421 11 14 0.05022013 
278 320 8 9 0.050097268 
407 468 24 30 0.04999451 
912 343 9 12 0.04996792 
313 351 8 10 0.049834218 
253 367 9 11 0.049817555 
848 352 7 9 0.049794372 
1007 358 8 10 0.04965572 
119 389 9 12 0.04942211 
198 363 10 12 0.049329046 
262 334 8 10 0.04929499 
15 334 9 10 0.049223337 
754 460 22 31 0.049201332 
222 375 9 11 0.049199868 
801 411 10 14 0.04918962 
134 372 10 12 0.048874334 
239 326 8 10 0.048518077 
273 363 10 12 0.048302595 
879 342 6 8 0.0481923 
796 392 9 11 0.047908053 
880 358 7 8 0.047498174 
104 349 8 11 0.047354404 
282 477 17 23 0.046791453 
473 389 16 19 0.046772704 
241 412 21 29 0.04675802 
247 349 9 11 0.046593364 
818 457 14 21 0.046575703 
474 417 24 34 0.04649597 
528 390 11 14 0.046420377 
823 349 7 9 0.04591615 
396 412 13 17 0.04581038 
70 403 12 16 0.045743417 
368 381 10 13 0.045542505 
525 435 14 19 0.045359682 
523 371 13 15 0.04530749 
384 352 8 10 0.04524745 
261 384 14 18 0.04519627 
78 375 9 12 0.04497874 
371 419 19 26 0.044948727 
131 405 15 17 0.044940494 
285 343 7 9 0.04492245 
1001 366 8 11 0.044798486 
101 388 11 14 0.044619743 
822 345 7 9 0.044614624 
896 365 7 9 0.044592496 
397 419 14 19 0.04454489 
552 446 25 37 0.044234995 
885 389 10 13 0.044120878 
40 348 10 12 0.044032477 
709 412 12 15 0.044030152 
61 373 10 12 0.043999016 
881 369 8 9 0.043985825 
951 388 12 17 0.04396364 
960 531 48 55 0.04394368 
268 380 10 13 0.043817908 
151 368 8 12 0.043746836 
304 480 18 24 0.04373272 
791 365 8 11 0.043718334 
53 326 9 10 0.04368231 
255 378 12 16 0.043677535 
281 336 7 9 0.043573845 
703 390 11 13 0.043560494 
394 364 8 11 0.043354385 
717 410 12 15 0.043343373 
271 336 8 10 0.043343306 
825 384 8 10 0.04329697 
272 342 8 9 0.04322809 
610 326 19 27 0.04310389 
77 400 12 16 0.043055423 
184 336 8 9 0.043047503 
974 375 8 11 0.04302017 
360 470 24 32 0.043007083 
193 353 8 10 0.042980473 
319 337 8 11 0.042972565 
345 479 23 26 0.042941477 
209 337 7 9 0.042806447 
14 327 8 10 0.042625498 
733 389 9 12 0.04259653 
9 343 9 12 0.04251109 
859 375 8 10 0.042459648 
447 410 21 32 0.042341363 
871 382 18 24 0.04217284 
649 335 10 12 0.04212987 
286 335 7 9 0.042054154 
879 394 10 12 0.041942056 
570 533 30 41 0.04177035 
886 396 10 12 0.041717075 
528 437 28 34 0.04168234 
369 478 23 30 0.04142503 
450 373 10 13 0.04131286 
118 367 8 10 0.041280586 
984 375 9 12 0.04114023 
383 334 7 9 0.04107161 
284 351 9 11 0.041008413 
911 413 9 14 0.040997002 
73 344 9 12 0.04088435 
956 390 14 18 0.04071539 
765 523 39 56 0.040704727 
693 382 9 11 0.040704347 
393 360 7 9 0.040364135 
21 351 8 11 0.040237445 
757 402 12 16 0.04016667 
92 367 10 11 0.040108953 
861 422 12 17 0.03986944 
273 326 8 10 0.03966877 
1013 374 10 15 0.039663248 
40 304 7 9 0.039437033 
431 352 10 12 0.03942108 
358 368 8 11 0.039401643 
280 380 10 13 0.03925436 
922 379 10 12 0.039161555 
744 399 11 16 0.03908286 
222 326 8 9 0.038935162 
612 337 12 16 0.03891324 
864 337 8 10 0.03891081 
454 492 22 35 0.038837936 
848 367 7 9 0.038778774 
818 344 8 9 0.03867554 
358 419 13 17 0.038454007 
177 353 8 10 0.03839152 
80 327 7 9 0.038319215 
602 439 15 20 0.038305387 
193 376 20 24 0.038287055 
382 375 8 11 0.03790025 
162 391 14 17 0.037796617 
268 434 17 20 0.037678495 
886 367 8 9 0.03767035 
240 342 8 10 0.037628144 
158 373 11 13 0.03734022 
66 468 16 20 0.037308563 
298 342 7 10 0.037247464 
161 496 31 40 0.037168853 
489 385 14 18 0.037030414 
285 400 14 18 0.036896173 
117 394 11 14 0.036791205 
520 364 11 14 0.036754303 
80 334 8 10 0.036729645 
959 379 11 14 0.0367148 
65 325 8 10 0.03668212 
699 402 16 19 0.0365372 
224 380 10 14 0.036515847 
958 342 7 10 0.03649538 
730 536 36 50 0.036417175 
94 351 8 11 0.03637284 
311 384 14 17 0.036303382 
900 423 12 14 0.036276374 
517 429 27 35 0.03602685 
799 365 8 10 0.03599257 
104 395 11 14 0.035936728 
719 394 18 22 0.035827126 
608 340 11 13 0.035792056 
214 366 8 10 0.03569793 
9 332 8 11 0.035530128 
293 468 14 21 0.03552722 
139 407 18 22 0.035386197 
534 335 8 10 0.035195377 
206 360 8 10 0.03511039 
96 474 12 18 0.03504075 
166 373 10 13 0.03487571 
975 380 10 13 0.034852285 
791 342 8 10 0.034813777 
232 320 8 10 0.03476019 
897 527 33 46 0.03475855 
398 341 9 11 0.03474721 
208 326 8 10 0.03460009 
604 359 10 13 0.034577224 
807 398 10 13 0.034564488 
406 364 10 12 0.03446112 
289 443 20 24 0.034365382 
846 392 10 13 0.034318585 
175 496 28 35 0.034178145 
825 471 25 31 0.034145527 
56 312 8 10 0.034138124 
16 342 9 12 0.034000304 
871 341 8 10 0.03393759 
972 388 13 16 0.03393078 
112 333 7 9 0.03385477 
318 358 8 10 0.03384451 
349 372 10 12 0.03375825 
815 360 8 9 0.033753406 
433 334 9 10 0.0337236 
989 493 18 21 0.03363918 
691 402 13 19 0.033485353 
175 374 11 13 0.033299964 
46 381 10 14 0.033249285 
674 333 21 30 0.033165198 
124 687 42 58 0.033143498 
214 335 7 9 0.033128366 
866 418 21 27 0.033058304 
856 563 47 70 0.033033513 
302 352 8 10 0.032957148 
853 396 10 12 0.0329257 
861 411 12 14 0.032822512 
368 328 8 10 0.032799307 
335 348 8 11 0.032684945 
793 382 9 11 0.032666095 
381 469 23 32 0.032511782 
72 387 12 14 0.032499887 
54 377 10 15 0.03247615 
358 372 10 12 0.03243301 
62 410 14 17 0.032338914 
193 375 9 12 0.03227706 
996 405 13 16 0.032246202 
180 389 15 18 0.032231968 
103 343 8 10 0.032029536 
455 498 35 51 0.032008804 
750 533 32 43 0.032005344 
512 522 38 51 0.03191188 
764 457 15 26 0.031906087 
800 541 42 60 0.031889174 
240 321 7 9 0.031847313 
163 383 12 15 0.03178526 
961 374 9 12 0.03173802 
215 390 13 17 0.031728264 
237 524 38 53 0.03170551 
221 319 9 10 0.031689934 
177 366 8 11 0.031586327 
230 343 7 9 0.03157693 
406 379 13 15 0.0315514 
47 333 9 10 0.031410605 
215 326 8 10 0.03139225 
750 350 10 13 0.031251747 
314 336 8 10 0.03124626 
807 421 9 11 0.031233821 
853 448 13 19 0.031152891 
62 312 8 10 0.031130394 
544 359 9 11 0.031050216 
501 424 15 23 0.031023111 
780 423 14 18 0.03100023 
279 326 8 9 0.03093605 
234 326 7 10 0.030918488 
336 367 8 10 0.030782219 
877 406 10 13 0.03071449 
296 327 9 11 0.030701816 
457 367 11 13 0.030699879 
383 327 7 10 0.03066238 
837 427 13 18 0.030649254 
513 425 16 23 0.030597383 
952 342 10 12 0.030597223 
31 325 9 10 0.030596107 
793 359 7 10 0.030562958 
680 446 23 29 0.030490465 
198 537 35 37 0.030476337 
578 438 23 29 0.030446332 
835 441 23 30 0.030391164 
230 421 12 16 0.030350411 
854 424 12 16 0.030281024 
200 327 8 9 0.03017997 
63 378 11 14 0.030052846 
479 385 22 27 0.029938877 
379 484 16 23 0.029882416 
974 367 8 9 0.029860005 
288 451 26 35 0.029855533 
241 334 7 10 0.029805273 
965 387 14 17 0.029610474 
1012 386 11 15 0.02953862 
594 409 23 27 0.02953616 
823 442 12 17 0.02949865 
182 364 9 12 0.029483255 
122 469 27 33 0.029392846 
865 360 7 9 0.029390473 
465 398 25 33 0.029303849 
997 382 10 12 0.029189918 
327 511 37 53 0.028960628 
856 406 9 11 0.028957706 
407 371 12 14 0.028842866 
507 438 30 42 0.028737348 
265 506 12 16 0.028682718 
496 408 22 30 0.028623732 
858 335 7 10 0.028618379 
70 376 10 13 0.028606152 
71 320 8 10 0.028539328 
945 383 10 13 0.028533958 
131 414 16 19 0.028518656 
946 556 48 52 0.028429018 
715 418 13 16 0.028313285 
216 343 8 11 0.028249273 
693 443 23 31 0.028220033 
273 321 8 10 0.027956203 
991 350 9 11 0.027908865 
423 486 23 35 0.027891174 
807 353 7 8 0.027858598 
15 372 10 13 0.027855976 
997 388 10 13 0.027734287 
909 419 11 14 0.027582342 
71 397 12 16 0.027332045 
523 529 14 24 0.027322616 
248 406 20 26 0.027203629 
906 430 23 29 0.027139062 
991 398 10 13 0.027048754 
745 389 9 12 0.027043382 
682 398 10 15 0.027036054 
815 404 10 12 0.026966685 
871 367 7 9 0.026964387 
308 405 14 17 0.026924226 
510 459 24 36 0.026887462 
21 335 8 10 0.026878212 
872 359 7 8 0.02686023 
849 358 7 10 0.026806306 
493 386 21 26 0.02671721 
793 374 8 10 0.02660267 
270 386 11 16 0.02657736 
451 405 13 18 0.026551062 
97 335 8 9 0.026535094 
733 396 10 14 0.0264993 
277 361 13 15 0.026423631 
799 374 8 11 0.026411548 
35 458 18 24 0.0263937 
983 351 10 12 0.026337495 
901 411 11 14 0.026300995 
183 342 8 9 0.026296312 
493 410 16 20 0.02628011 
39 384 10 13 0.026266178 
905 351 7 9 0.026184496 
217 316 10 12 0.026184231 
347 405 16 20 0.02616287 
414 360 8 11 0.026109263 
400 372 9 12 0.026003683 
915 497 40 48 0.025977058 
39 320 8 9 0.025945833 
24 325 8 10 0.025883326 
318 409 12 19 0.025829323 
195 419 24 28 0.025785223 
453 403 23 34 0.025728581 
911 389 8 11 0.025719637 
6 356 9 12 0.025667712 
103 452 16 23 0.02564136 
799 353 7 9 0.025469556 
264 344 8 9 0.025353678 
902 367 8 10 0.025312139 
925 407 10 13 0.025255581 
25 455 10 14 0.025247248 
833 360 9 10 0.025197249 
229 352 9 10 0.025187377 
533 369 14 16 0.025181305 
683 334 10 14 0.025157012 
748 465 17 23 0.025032908 
130 368 7 11 0.025016366 
168 482 29 38 0.025006237 
232 335 7 10 0.024997696 
524 377 13 17 0.024990363 
223 336 8 9 0.024980443 
43 386 12 16 0.024932383 
917 429 16 18 0.02491399 
787 426 13 16 0.024887055 
353 455 18 21 0.024866534 
828 442 13 19 0.02481225 
734 383 9 12 0.024752283 
809 300 98 132 0.024735603 
760 423 14 19 0.024715442 
609 332 11 16 0.024663566 
1005 352 9 11 0.024562279 
839 391 8 11 0.024544459 
176 321 7 9 0.024493176 
200 336 7 9 0.024473665 
20 361 19 23 0.024472037 
387 420 16 23 0.024448087 
458 372 13 16 0.02443126 
958 337 8 10 0.024395544 
831 420 12 16 0.024394222 
519 360 9 12 0.024388377 
473 516 26 43 0.024372095 
366 411 13 18 0.02427176 
719 481 15 20 0.02422263 
1004 406 11 15 0.02421761 
46 343 10 11 0.024153693 
760 412 13 16 0.024093153 
552 543 32 37 0.02405857 
238 548 12 16 0.023999998 
328 322 8 10 0.023775414 
550 392 24 32 0.023770591 
725 391 13 14 0.023713086 
296 320 7 10 0.023687752 
466 486 22 35 0.023655534 
605 348 11 14 0.023607481 
354 460 25 30 0.023536462 
393 340 9 11 0.023457184 
627 326 11 14 0.023392439 
739 419 13 17 0.023390027 
507 377 12 16 0.023384733 
93 372 9 11 0.023369133 
794 350 7 10 0.023235733 
723 409 14 19 0.023156928 
911 382 8 11 0.023154438 
8 319 8 10 0.023139238 
823 374 8 10 0.023134407 
255 341 8 10 0.023115976 
462 359 9 13 0.023089685 
582 411 12 17 0.023089336 
799 419 11 13 0.023073304 
734 403 11 15 0.023059743 
879 352 7 9 0.02302247 
304 374 11 13 0.023018286 
744 367 10 13 0.02299571 
892 391 20 23 0.022982392 
128 409 14 18 0.022934536 
871 376 8 10 0.022932405 
717 391 13 16 0.022922795 
259 411 14 17 0.022921102 
15 319 8 10 0.022879029 
694 386 12 15 0.022873221 
702 395 13 16 0.022870332 
650 340 10 12 0.022848517 
223 365 9 11 0.022831129 
247 320 8 9 0.022678494 
918 412 11 14 0.02264091 
193 450 30 32 0.022634557 
950 519 46 52 0.022562943 
216 304 9 12 0.022555662 
650 472 16 22 0.022535997 
18 357 8 11 0.022535186 
955 401 25 28 0.022525365 
104 335 8 9 0.022434015 
885 521 32 37 0.022433357 
262 457 14 17 0.022359475 
496 369 18 23 0.022353416 
356 475 17 23 0.022351824 
627 419 17 22 0.022309752 
932 374 9 11 0.022293303 
997 399 11 13 0.02228688 
588 332 10 12 0.02220182 
262 452 23 30 0.022200057 
302 342 7 10 0.022180479 
499 404 13 18 0.022162352 
733 413 12 17 0.02216227 
26 459 12 17 0.022149673 
808 390 9 12 0.022132095 
772 458 14 23 0.022102982 
38 310 8 9 0.022066547 
953 358 8 11 0.022061363 
78 321 8 9 0.021931566 
1012 366 9 13 0.021902872 
247 328 8 11 0.02188927 
413 380 12 15 0.021877788 
176 325 8 10 0.021868214 
786 412 13 17 0.021768048 
333 381 12 14 0.02172438 
328 332 9 11 0.021701513 
381 364 9 11 0.021695899 
941 413 11 14 0.021533167 
754 445 22 32 0.021475276 
97 460 22 30 0.021464862 
109 427 12 17 0.021464271 
229 390 12 15 0.021450412 
256 312 8 9 0.021439482 
18 365 9 12 0.021437405 
1 302 6 10 0.021435887 
38 333 10 11 0.021429325 
791 403 10 14 0.02141045 
314 326 7 10 0.021410128 
27 372 10 13 0.021372847 
998 373 9 12 0.021336792 
20 613 54 69 0.02132738 
702 345 40 55 0.021267263 
119 374 10 12 0.021265611 
493 431 14 24 0.021259006 
640 606 34 45 0.021208236 
329 366 9 11 0.02114503 
150 392 14 19 0.02112235 
389 392 11 13 0.021075578 
214 373 9 13 0.021072378 
807 364 8 11 0.02102561 
79 454 21 30 0.021000415 
840 344 7 9 0.020964358 
502 344 8 10 0.020954099 
38 327 9 11 0.020939574 
847 428 14 21 0.020911105 
521 393 24 29 0.020882802 
192 342 7 10 0.020879824 
156 412 11 15 0.02085718 
32 386 17 22 0.020832503 
980 396 11 15 0.020777976 
847 314 101 132 0.020755762 
948 375 21 28 0.020697296 
919 398 10 12 0.020664504 
909 406 10 13 0.020617269 
839 373 8 10 0.020581258 
291 400 21 27 0.02057161 
32 404 12 17 0.02057015 
1011 367 19 27 0.020526694 
552 336 8 10 0.020499581 
77 308 9 11 0.020480968 
873 352 7 9 0.020464439 
199 439 25 27 0.020461477 
936 422 11 13 0.020444294 
278 386 12 16 0.020408334 
71 364 9 11 0.020378526 
707 402 14 18 0.020360924 
164 518 43 50 0.020341527 
990 380 10 13 0.020327935 
20 226 195 232 0.020308722 
869 410 19 24 0.020294255 
40 373 9 12 0.020213485 
709 424 15 19 0.020187644 
332 387 12 15 0.020168552 
686 387 11 16 0.020153888 
991 345 9 10 0.020036817 
879 382 19 25 0.020035937 
80 368 9 10 0.020020997 
29 360 9 11 0.020020494 
363 429 17 21 0.020010179 
