2_Demonstration_Protesters_2_86
1334
809 321 26 31 0.9996946 
321 367 32 38 0.99964905 
117 339 29 34 0.9996202 
284 335 29 35 0.99961483 
968 351 30 40 0.99949765 
729 340 29 39 0.99923706 
492 316 25 33 0.9989911 
681 412 35 42 0.9989287 
461 374 34 42 0.99856085 
598 328 26 33 0.9983335 
218 331 24 29 0.9977366 
903 371 28 38 0.99773467 
45 480 46 52 0.9972209 
184 372 35 43 0.9969997 
928 323 29 33 0.9965023 
961 559 64 58 0.9949255 
185 315 23 28 0.99399996 
130 273 14 17 0.99339586 
533 300 20 27 0.9904192 
38 591 79 91 0.98937714 
764 300 20 25 0.98833394 
605 269 16 20 0.9882378 
73 313 23 27 0.98818576 
782 275 16 22 0.98716474 
355 474 44 49 0.98687345 
978 304 21 27 0.9862909 
677 308 25 30 0.98624504 
537 438 46 60 0.98561794 
276 291 19 24 0.9854916 
656 278 18 23 0.9853795 
330 300 19 23 0.9845808 
149 271 16 20 0.98027337 
295 273 13 18 0.9782366 
120 298 20 23 0.97648126 
24 297 21 26 0.97529924 
860 263 17 19 0.9750244 
726 292 18 23 0.9731578 
803 422 41 42 0.97134835 
101 244 13 17 0.97127265 
0 278 14 22 0.9705978 
566 287 19 24 0.9700861 
620 255 13 15 0.9697788 
771 249 13 17 0.9695491 
447 267 16 20 0.9674859 
95 278 18 22 0.9634584 
393 335 22 25 0.9631426 
398 245 11 14 0.9601867 
452 299 19 23 0.9589506 
917 291 18 23 0.95771104 
462 248 12 16 0.954749 
838 282 19 24 0.9539074 
532 278 17 23 0.9535219 
330 266 13 16 0.9505126 
134 231 13 16 0.94796246 
55 278 18 23 0.94667226 
428 257 14 17 0.9432799 
899 234 12 16 0.94324404 
651 244 12 16 0.9421554 
513 261 13 18 0.9333122 
402 301 19 23 0.93207407 
247 254 14 19 0.93079454 
203 273 16 19 0.9299388 
680 267 17 21 0.91323453 
891 302 20 23 0.9045544 
220 226 11 13 0.8597708 
884 253 12 15 0.8408236 
968 262 13 16 0.8402797 
360 272 15 18 0.83438826 
814 263 13 16 0.83433205 
571 238 12 16 0.832864 
826 301 16 21 0.8296074 
718 228 11 13 0.81957585 
334 216 9 12 0.8064416 
741 277 14 17 0.80190426 
700 249 12 16 0.78681916 
-2 360 18 33 0.78200936 
67 187 12 15 0.7792094 
423 240 10 12 0.7776479 
380 390 25 29 0.7755543 
307 232 12 14 0.7530833 
270 268 13 16 0.7521154 
156 236 13 16 0.74993485 
26 263 13 16 0.72943825 
460 232 10 12 0.7281602 
221 214 8 11 0.72070044 
626 311 18 23 0.7116964 
73 266 15 20 0.7076073 
589 229 11 14 0.7048586 
103 194 10 12 0.69143033 
744 206 8 10 0.6679303 
282 247 11 14 0.657588 
186 233 11 14 0.6542277 
292 231 8 11 0.5997745 
941 236 10 13 0.5991204 
359 231 10 13 0.5825571 
181 176 8 9 0.57668775 
248 215 9 11 0.5758988 
541 245 10 13 0.56779814 
574 269 14 19 0.5579369 
901 212 10 12 0.55072355 
761 240 11 14 0.54803044 
275 228 10 14 0.5456838 
523 237 10 12 0.54363644 
704 231 10 12 0.53312564 
837 238 13 16 0.5325595 
511 240 12 16 0.52646047 
321 254 10 14 0.52303404 
671 224 9 11 0.5208619 
1007 261 15 17 0.51246727 
258 231 8 11 0.50720274 
816 216 11 13 0.49273694 
549 230 9 12 0.48929596 
374 246 12 15 0.48897845 
727 254 12 15 0.48527092 
724 229 11 13 0.46337563 
944 277 11 15 0.45239264 
755 493 29 42 0.45093712 
305 205 8 10 0.44602087 
190 260 12 15 0.44559088 
908 262 13 15 0.4307464 
488 215 7 9 0.41519085 
100 178 12 14 0.40802446 
519 204 8 10 0.4047434 
989 253 12 13 0.40239066 
158 212 9 12 0.39359328 
848 304 17 22 0.38844803 
606 223 8 10 0.38841644 
494 229 9 11 0.37270704 
204 207 9 12 0.3718594 
964 216 9 11 0.37108317 
721 207 8 10 0.36750287 
158 254 10 12 0.36663818 
983 283 14 18 0.3649285 
670 201 8 10 0.36151826 
919 236 11 14 0.35806873 
175 219 10 12 0.35703805 
766 245 14 16 0.3558465 
1011 297 13 22 0.3545399 
20 197 10 13 0.3486688 
791 254 11 13 0.3423738 
743 222 8 11 0.33980417 
131 182 8 11 0.3359357 
884 207 10 12 0.33526722 
764 282 15 20 0.33314672 
976 242 10 13 0.3306784 
202 230 9 12 0.33008006 
486 257 12 15 0.3204139 
743 243 11 13 0.31009564 
952 230 9 10 0.3047713 
631 243 9 12 0.30453357 
756 223 10 12 0.30406713 
875 223 11 14 0.30355263 
319 220 9 12 0.3029174 
543 212 9 11 0.30200696 
47 183 12 14 0.30112144 
503 208 8 10 0.29938772 
277 212 10 11 0.29457322 
407 229 9 12 0.29433116 
351 218 10 12 0.2936809 
253 215 8 11 0.29343462 
61 250 13 16 0.29235095 
559 207 8 10 0.2912652 
761 199 7 9 0.29042277 
775 223 10 11 0.28439155 
54 372 12 16 0.28237647 
990 223 9 10 0.27972284 
598 237 9 12 0.27561247 
272 212 9 11 0.275393 
21 182 8 11 0.2670981 
494 412 36 52 0.26708072 
663 221 9 11 0.26586822 
781 229 11 12 0.26037005 
633 223 9 11 0.25642827 
401 208 6 8 0.25612816 
36 184 11 13 0.24861355 
668 237 11 14 0.2460302 
966 271 15 18 0.24569629 
421 359 13 17 0.24561983 
856 205 10 12 0.24301223 
206 254 11 14 0.24234967 
265 191 7 10 0.24225308 
703 206 8 10 0.23925154 
932 263 9 11 0.23650059 
406 224 7 10 0.23581444 
232 203 8 12 0.23439907 
29 336 15 22 0.23279405 
457 319 16 22 0.23149332 
654 221 9 12 0.23041783 
263 255 12 14 0.22729278 
832 182 9 13 0.22521453 
535 228 8 11 0.22516944 
744 230 9 12 0.22390127 
606 239 11 12 0.22106774 
703 222 10 11 0.21931235 
838 337 24 29 0.21878122 
578 215 8 9 0.21868986 
782 208 7 9 0.21724862 
366 229 10 13 0.21679871 
448 209 8 9 0.20907769 
328 198 8 9 0.20563947 
632 198 8 10 0.20483752 
153 189 9 13 0.20415518 
360 249 9 11 0.20190994 
405 281 13 17 0.19914761 
728 197 7 10 0.19854228 
792 213 9 12 0.19822551 
777 214 8 10 0.19822349 
164 235 11 14 0.19643132 
666 201 8 10 0.19571137 
855 201 8 10 0.19492076 
326 207 8 11 0.19487205 
698 191 7 9 0.19363432 
490 222 7 10 0.19186054 
631 228 8 11 0.19003211 
959 242 10 13 0.18913218 
885 268 11 14 0.18849137 
260 235 10 13 0.18839222 
879 236 11 12 0.18733561 
427 423 29 39 0.1871234 
777 210 8 9 0.18594109 
624 209 7 9 0.18525572 
489 230 9 11 0.1850515 
320 215 10 11 0.1843754 
924 232 9 12 0.18120173 
852 224 9 12 0.18075906 
326 234 10 13 0.17899567 
607 209 8 10 0.178662 
761 206 8 11 0.1785788 
663 216 8 11 0.1784319 
357 216 8 10 0.17743526 
279 192 8 10 0.17518248 
936 197 9 11 0.17463389 
748 253 11 13 0.1740886 
571 311 15 21 0.1736527 
881 211 10 13 0.17304577 
1007 239 10 12 0.17303734 
246 183 8 11 0.17278993 
837 188 9 11 0.17187022 
116 242 12 15 0.17076838 
608 244 11 13 0.16962472 
677 223 9 12 0.16935456 
589 205 8 10 0.16752787 
153 184 8 10 0.16267858 
761 191 7 10 0.16216715 
252 221 9 12 0.16182533 
920 192 9 10 0.16143675 
402 228 9 11 0.16098839 
6 179 9 12 0.15836917 
689 200 7 9 0.15823789 
910 207 9 10 0.15708327 
879 192 8 10 0.15650128 
374 229 8 10 0.15616542 
409 209 6 8 0.1557831 
295 214 7 10 0.15562046 
793 245 12 15 0.15395659 
622 213 8 10 0.1538878 
425 243 14 15 0.15332255 
188 421 24 35 0.15305239 
329 214 9 12 0.15296917 
695 247 13 15 0.1516948 
384 201 7 8 0.15125795 
559 213 8 10 0.15001057 
424 222 7 9 0.14919862 
59 231 13 15 0.14911963 
728 192 8 11 0.14890312 
904 208 9 12 0.1481307 
368 222 9 10 0.14802834 
159 258 11 16 0.14800943 
384 213 7 10 0.14746699 
313 190 8 9 0.14736782 
222 209 9 10 0.1473459 
913 221 9 12 0.14716081 
832 237 13 15 0.14540708 
391 214 7 10 0.14493607 
231 259 11 14 0.14210448 
696 208 8 9 0.14089407 
888 198 10 11 0.13982822 
190 276 15 17 0.13957633 
521 231 9 11 0.13955665 
664 239 10 14 0.13934104 
889 184 8 10 0.13886061 
815 207 10 12 0.13884768 
984 223 9 10 0.13625304 
915 242 12 15 0.13578573 
544 200 7 9 0.13538699 
664 184 8 10 0.13510555 
183 207 7 9 0.13493286 
144 220 11 13 0.13431272 
455 223 7 10 0.13220128 
332 328 15 20 0.13193135 
627 323 19 27 0.13172896 
439 213 7 10 0.13146323 
52 187 10 11 0.13095012 
681 213 8 11 0.13054919 
183 191 8 11 0.13037811 
748 207 8 10 0.13035485 
636 334 15 20 0.1298905 
687 182 7 10 0.12965693 
304 201 8 10 0.12881923 
677 250 12 15 0.12873468 
688 207 8 10 0.12839723 
561 238 10 13 0.1271097 
738 206 7 9 0.12704404 
415 209 6 8 0.126743 
601 177 8 9 0.12547188 
657 217 7 10 0.12501578 
688 246 10 14 0.12471802 
752 223 9 12 0.12446105 
497 208 7 9 0.12438426 
861 206 9 12 0.12435341 
605 212 8 11 0.12406796 
814 359 22 30 0.1237592 
497 237 9 12 0.12336357 
165 261 12 15 0.121964365 
0 246 9 13 0.12176396 
287 214 8 10 0.121721156 
705 200 7 10 0.121338375 
780 224 10 11 0.12078248 
725 207 8 10 0.12052518 
873 196 8 11 0.12040518 
254 206 8 10 0.12039103 
367 199 6 8 0.12028378 
759 213 9 11 0.11936815 
20 190 10 13 0.11878906 
521 428 43 56 0.118593335 
367 251 12 13 0.11852272 
904 190 8 10 0.11776566 
602 213 8 10 0.11747755 
398 282 14 17 0.116920784 
151 213 11 14 0.11663869 
439 328 14 19 0.11630214 
167 198 8 10 0.11593488 
423 217 7 8 0.11503488 
847 204 9 12 0.114842735 
797 238 10 14 0.11420861 
502 239 9 12 0.11392941 
0 450 21 49 0.11358494 
192 193 8 11 0.11346923 
925 199 10 11 0.113280654 
737 176 8 9 0.11304726 
920 204 9 12 0.11296484 
308 206 8 11 0.11281328 
921 198 9 12 0.11266055 
886 220 11 14 0.11209343 
1015 220 7 10 0.11193162 
78 182 9 13 0.11155459 
383 207 8 10 0.11085757 
750 228 11 13 0.11022857 
202 211 10 12 0.10957961 
944 212 9 12 0.10836062 
272 192 7 9 0.10831213 
849 200 8 11 0.106661774 
84 189 9 11 0.10635176 
987 230 8 11 0.10577246 
682 185 7 9 0.10546784 
832 229 10 13 0.10542179 
1002 207 8 11 0.104451135 
412 283 12 15 0.10425317 
887 191 9 10 0.10425161 
264 183 8 10 0.10423892 
637 221 9 12 0.10382957 
231 182 8 10 0.10346212 
409 215 7 9 0.10334134 
413 232 9 10 0.10311539 
370 215 8 11 0.102759324 
489 209 7 9 0.10086426 
289 224 9 11 0.10086119 
359 208 7 8 0.10079418 
560 254 11 13 0.10076325 
212 260 11 14 0.10074586 
731 259 13 15 0.1002025 
544 239 10 12 0.10005614 
654 229 10 12 0.0999474 
633 207 8 9 0.099903814 
605 177 7 9 0.09987612 
637 215 8 10 0.09965098 
1006 214 8 10 0.099392734 
757 229 11 13 0.09936188 
738 199 7 10 0.09931216 
942 198 7 9 0.09795008 
350 200 7 9 0.09784232 
249 207 8 9 0.09757555 
568 230 10 11 0.09745837 
598 296 16 22 0.09704256 
992 182 7 10 0.096719496 
647 206 8 9 0.096541844 
682 190 7 9 0.096440844 
681 208 7 10 0.09605774 
433 208 6 9 0.095970884 
802 189 9 12 0.095365465 
815 175 7 10 0.09460969 
447 349 13 16 0.09434452 
118 207 10 13 0.09326755 
54 219 12 12 0.09325736 
381 252 10 12 0.09296382 
742 182 8 10 0.09283401 
981 238 11 13 0.092556715 
265 176 7 10 0.09239414 
729 477 27 34 0.09214528 
67 271 18 23 0.09147473 
240 182 8 10 0.09140353 
343 207 7 10 0.0909033 
302 177 7 9 0.08995507 
416 215 7 9 0.08962074 
345 199 7 10 0.089430794 
513 226 8 10 0.089324765 
911 192 7 10 0.08931429 
630 192 8 10 0.0893053 
687 224 8 11 0.08914211 
158 196 9 11 0.08879956 
296 177 8 9 0.088520795 
239 176 7 10 0.08841922 
792 208 8 10 0.087756455 
0 237 9 13 0.08707966 
439 223 8 10 0.08707699 
354 230 10 13 0.08696713 
585 222 9 13 0.0868864 
292 235 10 12 0.08683191 
688 177 7 9 0.08682687 
268 262 13 16 0.086585015 
649 221 10 12 0.08655768 
250 201 8 9 0.08580371 
792 239 10 13 0.08571503 
543 223 10 12 0.085656025 
493 258 11 15 0.08546511 
625 191 8 10 0.08545834 
817 243 10 12 0.0854011 
231 236 10 13 0.08498236 
711 200 7 9 0.08497858 
486 237 9 12 0.08478116 
935 192 9 11 0.08441459 
538 433 34 39 0.08398946 
440 209 7 10 0.08365954 
218 134 7 9 0.08346817 
591 200 8 9 0.08331639 
637 198 8 10 0.08271663 
433 214 7 9 0.082649134 
224 182 7 9 0.08262022 
775 165 8 10 0.08246592 
450 223 9 11 0.08227183 
455 208 7 10 0.08207032 
701 275 14 19 0.082030006 
125 251 12 15 0.081923105 
607 193 7 9 0.08187355 
233 176 7 9 0.081547715 
341 215 8 10 0.08123209 
638 207 7 9 0.08071572 
238 205 7 10 0.08064813 
703 191 7 9 0.08061127 
462 223 8 10 0.08051696 
859 291 14 18 0.080378965 
376 208 8 10 0.080322094 
663 190 8 9 0.080283 
743 175 7 9 0.0800536 
949 298 14 19 0.07990291 
779 252 11 15 0.07941063 
721 182 8 9 0.07915911 
703 215 8 11 0.07868235 
375 214 7 10 0.078564405 
222 134 7 9 0.0782558 
878 247 13 16 0.07772423 
319 168 7 10 0.07765151 
943 243 10 12 0.077581264 
726 182 6 9 0.07755995 
128 177 9 11 0.07740751 
608 229 9 12 0.07727475 
551 355 15 19 0.07712565 
333 246 10 11 0.07706115 
319 172 8 10 0.076724105 
599 197 7 9 0.0766155 
303 222 10 11 0.076502495 
111 230 8 10 0.07649539 
518 224 8 10 0.076437786 
525 233 10 11 0.07622872 
181 214 9 12 0.07617025 
313 291 15 20 0.07614905 
553 174 7 9 0.07602331 
296 191 7 10 0.07597862 
712 217 7 9 0.07545002 
961 219 10 12 0.07544042 
304 215 8 10 0.075058535 
223 244 11 14 0.07487974 
926 151 7 11 0.074289195 
142 206 10 11 0.07415165 
514 201 7 9 0.07396591 
189 242 11 14 0.07326871 
482 215 7 10 0.07285031 
440 229 8 11 0.072582886 
712 206 7 9 0.072535045 
505 168 7 9 0.072145164 
615 209 7 8 0.07208611 
302 190 7 10 0.07193763 
627 230 8 10 0.0719316 
930 267 13 16 0.07187102 
752 173 7 9 0.07152594 
4 231 10 12 0.07129218 
288 190 8 10 0.0707231 
720 212 9 11 0.07058243 
1000 175 8 9 0.070180066 
1014 182 8 10 0.06994629 
530 172 7 10 0.06984776 
1002 212 8 12 0.06981509 
151 195 10 12 0.06969531 
670 183 7 10 0.06913465 
358 220 9 11 0.06911219 
711 222 9 12 0.069032684 
327 193 8 10 0.06859523 
2 180 8 12 0.06853668 
494 224 8 10 0.068361476 
242 215 8 11 0.06803425 
600 193 7 9 0.067976825 
781 235 11 13 0.06757316 
332 251 11 14 0.06745278 
210 189 8 10 0.067164116 
114 166 8 10 0.067160174 
247 189 7 9 0.06698389 
255 200 7 10 0.06648894 
264 196 8 11 0.06629186 
391 208 8 9 0.06628664 
512 185 7 9 0.0660304 
157 500 49 55 0.06598892 
229 231 11 13 0.06588373 
821 239 10 13 0.06578683 
473 207 7 9 0.06574987 
618 213 7 9 0.06572605 
990 335 15 18 0.065689445 
856 184 8 9 0.065510206 
375 240 10 13 0.065505095 
895 207 9 10 0.06521125 
487 244 11 14 0.065156676 
735 230 8 12 0.064941116 
743 214 10 11 0.064847805 
415 360 20 27 0.06469447 
581 258 13 16 0.064659856 
59 305 13 18 0.06465274 
87 220 11 12 0.06462146 
370 207 7 9 0.06460645 
894 184 9 11 0.06459276 
826 182 8 11 0.064422294 
910 213 10 12 0.0643541 
711 229 9 13 0.06429021 
658 190 7 10 0.064270794 
78 176 9 12 0.06377629 
1007 181 7 9 0.063557304 
745 168 7 10 0.06335316 
152 243 13 14 0.06328734 
222 235 12 13 0.06317516 
649 201 8 9 0.0630982 
296 198 7 9 0.062921755 
905 198 8 9 0.06290555 
615 197 7 10 0.062778294 
538 207 8 10 0.06250304 
481 258 12 16 0.06239525 
26 268 16 20 0.062105346 
739 223 7 10 0.06199355 
558 222 8 10 0.061970677 
505 201 7 8 0.061839376 
238 231 10 11 0.06179234 
739 182 7 9 0.061304413 
207 222 8 12 0.060906798 
895 189 8 11 0.060651902 
726 247 13 15 0.060364038 
373 223 8 10 0.06035307 
345 175 6 9 0.06025626 
310 199 9 11 0.060118675 
319 230 10 12 0.059517656 
406 237 10 12 0.059507556 
22 203 9 12 0.059334736 
305 490 24 32 0.059283152 
464 215 8 9 0.059265472 
602 209 7 9 0.0592394 
424 232 10 11 0.059228342 
857 160 7 10 0.059104573 
136 205 11 12 0.05904438 
312 185 9 10 0.058897726 
840 206 10 12 0.058807995 
241 221 8 11 0.058725532 
704 184 8 9 0.05842627 
392 222 7 9 0.058069937 
916 251 12 14 0.057779815 
765 206 9 11 0.05771525 
855 190 9 10 0.057689942 
976 185 7 10 0.05760829 
872 214 10 12 0.057498846 
183 496 35 38 0.057417486 
956 230 9 11 0.057398405 
574 222 10 11 0.057370123 
217 184 8 10 0.057254504 
239 150 7 10 0.05723292 
697 212 7 10 0.057108518 
446 252 10 13 0.057020687 
821 206 9 12 0.056868725 
119 199 9 10 0.056853365 
501 230 8 10 0.05664784 
614 257 14 19 0.056595065 
769 223 8 11 0.056512263 
264 207 8 10 0.05634352 
199 198 8 9 0.056206066 
953 184 8 9 0.056191843 
132 188 11 12 0.05608298 
113 208 9 11 0.056020204 
464 209 6 8 0.055916015 
737 215 8 10 0.05586943 
1012 319 12 18 0.055661257 
559 268 15 18 0.055469453 
351 191 7 9 0.055376563 
311 251 9 12 0.055335898 
225 199 8 9 0.055078864 
793 173 8 9 0.054903135 
945 221 8 11 0.054821815 
524 244 9 12 0.054821245 
637 239 9 12 0.05481238 
477 307 14 20 0.054738235 
781 213 9 11 0.05468417 
696 223 8 10 0.054682262 
805 243 11 13 0.0546756 
527 200 7 10 0.054661322 
596 232 10 12 0.05452684 
336 209 9 10 0.054443408 
592 176 8 10 0.054382205 
336 158 7 9 0.054296143 
75 276 15 22 0.05425542 
583 192 6 9 0.054135513 
405 375 15 21 0.054091305 
917 275 14 17 0.05394591 
106 313 21 26 0.05394517 
480 208 7 8 0.053862035 
441 320 15 21 0.05377348 
274 197 8 10 0.05338471 
568 199 7 9 0.053259924 
479 221 8 10 0.05301895 
583 174 7 9 0.052979033 
425 200 6 8 0.052929245 
568 168 7 9 0.052819073 
301 263 10 13 0.052499417 
191 207 8 10 0.052455485 
734 268 14 16 0.05208604 
988 279 11 13 0.052073967 
503 224 8 10 0.051868185 
534 168 8 10 0.051824473 
680 280 16 20 0.051751014 
933 273 14 18 0.05166393 
559 174 8 10 0.0515511 
880 257 13 16 0.051442984 
916 504 32 36 0.05132577 
796 260 10 13 0.05109735 
938 546 44 55 0.05103676 
774 159 10 12 0.050919432 
82 270 18 25 0.050878454 
302 183 8 10 0.050775528 
190 213 8 11 0.050765697 
107 248 12 16 0.05064137 
295 182 8 11 0.050433796 
583 235 10 14 0.0504073 
336 150 7 9 0.050364245 
721 200 7 10 0.05033647 
871 252 12 15 0.050267912 
679 200 7 9 0.05015513 
287 209 7 9 0.050154403 
967 257 11 15 0.050072122 
586 200 8 10 0.04998381 
925 191 9 11 0.04982094 
840 291 21 26 0.049786374 
720 176 8 10 0.049690384 
649 240 11 15 0.049554918 
109 239 12 15 0.049551554 
153 231 10 13 0.049535386 
247 176 8 10 0.04949216 
759 173 8 10 0.049354758 
583 168 7 9 0.04924059 
986 305 23 28 0.049175363 
495 176 7 9 0.049003948 
333 236 10 12 0.04896565 
575 208 7 9 0.04890704 
488 199 6 8 0.0488628 
825 188 10 12 0.048762284 
184 197 8 10 0.048396654 
224 177 7 8 0.048293583 
290 185 7 9 0.048259947 
361 202 7 7 0.048229363 
616 193 7 10 0.048084896 
352 206 8 9 0.04805685 
536 184 7 9 0.04790335 
109 174 9 12 0.047902554 
976 189 9 10 0.047646087 
68 373 17 19 0.047611672 
303 249 11 14 0.047396928 
968 174 6 9 0.047393765 
590 254 11 14 0.047318082 
911 198 8 11 0.047242418 
910 254 13 16 0.047104344 
416 237 9 12 0.047069576 
534 422 33 34 0.046865698 
966 169 7 9 0.046821 
230 300 13 16 0.04676146 
809 169 7 9 0.046600558 
318 190 8 10 0.046531085 
200 254 11 13 0.046481065 
745 483 25 38 0.04627235 
297 160 8 9 0.046117768 
982 289 19 25 0.045944896 
265 213 7 10 0.045927286 
206 247 10 12 0.045815323 
111 224 9 11 0.045794103 
431 224 8 10 0.045656137 
486 267 13 17 0.045599025 
550 198 8 10 0.045520663 
151 206 10 12 0.045216333 
0 350 12 22 0.04519252 
425 208 7 8 0.04502455 
1008 220 9 11 0.04493152 
597 151 9 10 0.044886995 
177 179 9 11 0.04484308 
903 472 13 16 0.044827573 
770 160 8 10 0.044816796 
742 429 24 29 0.044639044 
425 252 14 17 0.044577874 
968 183 8 10 0.04450768 
539 213 7 10 0.044477176 
553 207 8 10 0.044398684 
134 199 10 12 0.044221845 
480 231 9 11 0.04421918 
936 205 8 10 0.044204947 
863 184 7 10 0.04419625 
61 214 10 13 0.044111762 
250 135 7 9 0.044085093 
955 297 15 19 0.043988332 
801 197 9 10 0.043930084 
655 200 7 10 0.043880392 
792 167 8 10 0.04386416 
739 433 15 19 0.043847248 
570 225 8 11 0.043702707 
438 237 9 12 0.043619044 
897 160 7 9 0.043467037 
823 175 8 10 0.043428004 
981 244 11 14 0.043409795 
311 223 10 12 0.04326833 
968 228 9 12 0.04325115 
562 190 7 9 0.04310858 
559 169 8 9 0.04304215 
87 182 8 12 0.04299585 
616 176 8 10 0.042927448 
783 167 7 9 0.04288353 
407 191 7 8 0.04287475 
958 189 9 10 0.04271939 
901 185 9 10 0.042497214 
706 377 15 19 0.042445652 
550 225 9 11 0.04238005 
391 229 9 12 0.04236284 
375 285 11 15 0.042313714 
41 404 23 29 0.042309944 
536 201 8 9 0.04229762 
923 272 16 19 0.042184647 
841 484 11 12 0.042107448 
561 201 8 9 0.04197645 
794 299 14 18 0.041945074 
717 224 18 22 0.041926175 
337 192 7 9 0.041834448 
636 227 11 13 0.041697826 
56 252 12 15 0.041691788 
998 371 22 33 0.041622628 
314 159 7 9 0.041579552 
390 254 9 12 0.041429244 
327 282 13 15 0.041384105 
711 166 8 10 0.041312147 
816 181 7 9 0.04117538 
551 192 7 9 0.041140962 
1012 238 8 12 0.040848788 
262 246 13 16 0.04082215 
840 159 8 10 0.040818207 
210 269 14 19 0.04080199 
568 207 7 9 0.040760543 
364 261 14 17 0.040677834 
1006 232 9 11 0.040641397 
847 190 9 10 0.04055747 
735 168 9 10 0.040549383 
879 136 8 10 0.04053152 
453 215 8 9 0.04043725 
119 192 8 10 0.040415455 
988 238 11 13 0.040371384 
519 185 8 9 0.040090386 
686 212 9 11 0.04006616 
14 221 8 11 0.0400546 
286 166 7 9 0.040014688 
871 248 10 12 0.03998246 
217 209 9 11 0.039958548 
81 404 11 15 0.03992969 
624 222 9 10 0.039883308 
886 274 11 15 0.039834216 
907 348 27 34 0.03983316 
178 208 8 10 0.039817706 
405 261 12 15 0.039785188 
839 213 9 12 0.03976966 
937 233 11 13 0.03973399 
401 200 6 9 0.03964523 
341 151 7 9 0.039613396 
886 341 15 21 0.039377768 
686 191 8 10 0.039368805 
307 244 12 15 0.039345533 
1014 175 8 11 0.03908506 
627 196 8 10 0.039077684 
430 229 8 11 0.03881731 
447 247 10 12 0.03881509 
664 176 9 10 0.038749784 
388 568 32 37 0.038602617 
848 165 8 9 0.038579687 
387 260 11 14 0.03852414 
480 176 6 8 0.03850509 
735 192 8 10 0.03848987 
77 214 11 14 0.038471285 
607 248 13 16 0.038306925 
39 253 12 15 0.038227577 
846 183 8 10 0.038202096 
591 242 12 14 0.038176406 
1000 246 9 12 0.03816987 
335 166 8 9 0.038143285 
751 213 8 10 0.038118117 
235 150 7 9 0.038077608 
109 196 8 11 0.03776944 
749 258 12 15 0.03772707 
861 159 8 10 0.03771075 
879 268 11 14 0.03765882 
962 169 7 9 0.03758046 
566 191 7 9 0.03753596 
205 235 10 12 0.037503447 
991 265 11 15 0.037372835 
527 216 7 9 0.037345175 
446 229 9 11 0.03734298 
272 174 7 9 0.03731236 
45 254 10 15 0.037259866 
72 216 10 12 0.03713852 
862 239 11 13 0.03707904 
297 208 6 9 0.037074156 
618 182 7 9 0.037069757 
238 144 7 10 0.037039805 
1015 230 8 11 0.03700859 
917 269 11 15 0.03695295 
222 128 8 10 0.036841094 
208 185 8 10 0.036681216 
288 161 6 9 0.036612745 
649 217 8 10 0.036592245 
609 469 42 64 0.036452644 
824 158 8 10 0.03644606 
497 183 7 9 0.036366403 
886 227 10 13 0.03635255 
951 169 7 8 0.036308534 
743 189 7 10 0.036291584 
575 159 7 8 0.036286294 
233 144 8 10 0.036227483 
711 183 6 9 0.036078945 
197 192 9 10 0.03605759 
908 272 16 18 0.03602922 
124 244 11 15 0.0360141 
572 230 11 14 0.035927653 
512 205 8 10 0.035909157 
894 310 23 29 0.035717584 
431 200 6 8 0.035620585 
514 271 15 18 0.03559768 
153 251 11 14 0.03556472 
727 176 7 10 0.035538998 
705 166 7 10 0.035516094 
504 190 6 8 0.03540772 
179 221 10 12 0.035399586 
197 260 13 15 0.035299428 
456 226 18 22 0.035299204 
543 184 7 8 0.03529484 
192 265 19 23 0.03516409 
677 287 16 19 0.035138927 
815 297 23 26 0.035020012 
912 239 10 13 0.03500177 
487 194 6 7 0.034966838 
245 247 13 16 0.034888946 
399 212 8 10 0.03485313 
332 210 17 22 0.034838036 
558 231 9 12 0.034731224 
312 285 12 17 0.034730263 
536 332 20 27 0.034682088 
696 184 7 9 0.0346681 
729 284 18 23 0.034659825 
753 190 8 10 0.034550905 
992 176 8 9 0.03449181 
697 230 9 11 0.03447867 
383 267 12 15 0.034471937 
745 151 8 10 0.034459926 
382 239 9 12 0.034450013 
593 192 7 9 0.03437475 
976 198 9 11 0.034352206 
611 238 11 14 0.034334198 
247 558 10 13 0.034280237 
972 324 16 21 0.03420737 
525 253 11 15 0.03414652 
118 221 10 13 0.034007285 
801 185 9 11 0.033570986 
228 243 13 16 0.033505064 
182 252 11 14 0.03350503 
944 174 8 10 0.033474445 
115 259 14 17 0.03344149 
798 232 9 11 0.033436596 
195 275 19 21 0.033404455 
365 291 13 18 0.033401288 
765 199 7 10 0.033388417 
528 222 8 10 0.033379007 
119 230 8 11 0.033375677 
575 167 8 10 0.033347014 
791 160 7 9 0.033283062 
770 166 8 10 0.033281934 
993 166 8 10 0.033098217 
604 292 14 19 0.033018447 
495 243 10 12 0.032918796 
637 193 8 9 0.032874618 
74 374 20 25 0.032846708 
999 260 10 14 0.03282784 
625 237 10 12 0.03282156 
200 248 10 12 0.032724936 
985 258 10 14 0.032524697 
952 235 9 13 0.032484315 
357 262 14 17 0.032481514 
528 184 7 9 0.032455508 
758 283 14 19 0.032417648 
695 199 7 9 0.03231945 
566 174 7 9 0.032306075 
719 167 8 9 0.03228001 
140 437 13 16 0.0321796 
577 174 8 10 0.032094263 
949 213 9 11 0.032088175 
848 386 18 20 0.0320864 
482 192 6 8 0.032063764 
382 230 9 11 0.03205906 
855 164 8 10 0.032053854 
496 201 6 7 0.032029785 
950 174 8 10 0.031991933 
336 196 7 10 0.03191863 
726 213 8 11 0.031877782 
861 210 10 13 0.03182766 
1016 198 8 10 0.03181686 
863 189 7 10 0.031762626 
712 259 10 14 0.031698447 
105 229 10 12 0.03168472 
898 143 7 9 0.03166324 
273 168 7 9 0.03166184 
612 230 9 11 0.03165327 
414 429 34 44 0.031502437 
246 238 9 12 0.031494867 
830 177 8 10 0.03146614 
953 188 9 11 0.03140334 
211 253 11 14 0.031355314 
998 299 15 20 0.031326037 
257 151 8 9 0.03131781 
767 229 9 12 0.031134564 
127 223 9 12 0.030943528 
836 231 11 13 0.030913873 
832 304 16 21 0.03083332 
703 159 8 9 0.030752141 
848 161 7 10 0.030748522 
176 247 10 13 0.030645773 
165 208 8 10 0.030618737 
112 161 9 10 0.030614957 
436 254 12 16 0.030536335 
323 201 18 23 0.030487953 
831 223 11 13 0.030485347 
494 214 8 9 0.030468019 
594 183 7 8 0.030465221 
174 229 10 13 0.03043751 
751 420 27 32 0.030425591 
808 214 10 12 0.030367061 
563 260 12 14 0.030360308 
648 134 8 9 0.03035924 
201 223 9 12 0.03025467 
546 192 7 8 0.030230224 
319 184 8 9 0.03022057 
919 328 28 35 0.030207628 
270 207 20 23 0.03018096 
326 174 7 9 0.030177241 
356 226 17 22 0.030171359 
428 314 13 17 0.030153671 
328 152 7 9 0.030130312 
806 184 8 10 0.030119024 
167 215 9 10 0.030072466 
785 185 7 9 0.0300664 
876 346 22 26 0.030033264 
941 328 19 22 0.02998344 
342 158 7 8 0.02996751 
418 198 6 8 0.02996665 
28 221 11 13 0.029929534 
741 260 13 15 0.029927006 
554 169 7 10 0.029910412 
950 208 9 12 0.029860396 
719 152 6 8 0.029837044 
529 190 7 9 0.029688204 
214 189 9 10 0.029636262 
741 316 16 19 0.029588073 
314 174 8 9 0.029549802 
338 184 7 9 0.029537752 
239 156 8 11 0.029506624 
281 168 8 8 0.029492626 
1011 243 11 14 0.029484935 
708 251 11 16 0.029331176 
466 421 22 32 0.02925095 
272 159 7 9 0.029161185 
264 168 7 9 0.029031541 
39 467 28 35 0.0289506 
97 206 9 12 0.028949877 
792 218 9 13 0.028842025 
104 223 9 11 0.028823966 
597 157 10 10 0.028805256 
315 167 8 10 0.028796598 
67 246 15 18 0.028791958 
711 191 7 9 0.028762873 
831 251 13 15 0.028740296 
511 256 12 15 0.028728649 
390 200 7 9 0.028726503 
931 349 17 23 0.028687462 
670 421 29 31 0.02867746 
944 169 7 9 0.028674362 
200 201 17 23 0.028670948 
202 136 7 8 0.028647097 
397 291 14 17 0.028596876 
93 222 9 11 0.028531674 
1011 472 14 26 0.028492205 
758 152 8 10 0.028490543 
996 251 11 14 0.028471664 
643 344 20 25 0.028389039 
927 212 9 11 0.028363412 
302 199 18 24 0.028316759 
293 296 14 19 0.028316397 
704 175 8 10 0.028268183 
845 349 17 22 0.028195513 
546 176 7 8 0.02808019 
343 192 7 9 0.02806438 
445 202 19 24 0.02796301 
731 429 24 33 0.027946211 
57 372 20 25 0.027932407 
238 166 8 9 0.027890824 
820 253 14 16 0.027868597 
752 152 8 10 0.027853126 
367 192 6 8 0.027815215 
814 225 14 17 0.027813675 
472 222 9 10 0.027780628 
471 192 6 8 0.02775717 
145 199 9 12 0.027756685 
230 222 9 12 0.02765611 
790 231 9 12 0.027599746 
54 257 12 16 0.027523596 
632 152 6 8 0.02747787 
317 159 8 10 0.027416172 
246 210 17 22 0.027383257 
481 244 10 13 0.027371189 
391 289 13 17 0.027342051 
21 177 10 12 0.027276253 
974 231 8 10 0.027208708 
879 141 8 9 0.027102428 
687 239 9 12 0.027099779 
845 507 38 48 0.027074074 
313 152 7 9 0.027067909 
902 255 11 14 0.027067471 
365 234 11 14 0.027014088 
836 247 15 16 0.027012784 
82 382 15 19 0.026983306 
790 185 8 9 0.026957747 
244 343 22 26 0.026934437 
534 287 23 31 0.026928674 
47 375 16 21 0.026892422 
318 248 12 14 0.026873346 
118 249 12 16 0.026823964 
578 191 7 9 0.02671905 
789 189 9 12 0.02667254 
913 260 12 15 0.026608601 
873 370 23 30 0.026607342 
847 213 8 11 0.02659582 
714 152 7 8 0.0265793 
89 493 25 35 0.02651946 
545 223 18 25 0.02651788 
912 227 9 12 0.026492354 
526 205 7 10 0.026471807 
231 213 8 11 0.026440626 
798 173 8 10 0.026425175 
832 159 7 9 0.026412679 
581 159 7 8 0.026381245 
379 200 7 9 0.026361527 
982 200 10 11 0.026359573 
791 200 8 10 0.026359513 
288 197 8 10 0.026280807 
783 173 8 9 0.026263786 
597 254 11 14 0.026250174 
649 227 9 12 0.026211059 
511 168 6 9 0.026197933 
918 355 24 34 0.026188184 
132 176 10 11 0.026176516 
575 200 8 10 0.026125185 
765 190 8 11 0.026115196 
444 309 20 27 0.026064485 
538 240 17 23 0.026039459 
662 322 13 18 0.026003499 
774 238 12 14 0.02598772 
993 188 8 10 0.025929557 
278 174 8 10 0.025924185 
15 176 9 12 0.025867606 
224 190 9 10 0.025862139 
748 286 15 20 0.025845759 
722 191 7 9 0.025838071 
623 184 7 9 0.025827136 
640 254 10 13 0.025795072 
716 424 29 35 0.025786182 
922 155 9 12 0.02577793 
992 160 7 9 0.025741747 
809 206 9 12 0.02570279 
99 191 19 22 0.025689425 
220 291 16 20 0.025684604 
997 168 8 9 0.025667738 
448 200 7 7 0.025633344 
468 514 35 40 0.025617987 
991 217 9 11 0.025595948 
591 168 7 10 0.02550371 
101 210 10 13 0.02543194 
858 281 16 20 0.025430392 
139 298 14 20 0.025406132 
397 200 19 26 0.025378287 
847 175 9 10 0.025318787 
352 167 6 8 0.025232665 
570 160 7 8 0.025203783 
712 176 7 9 0.025163747 
875 308 14 18 0.025146492 
169 220 10 12 0.02512369 
130 230 10 13 0.025120154 
104 160 9 11 0.025117949 
542 167 8 9 0.025077635 
609 198 7 9 0.025068425 
560 185 7 8 0.025051689 
1004 270 16 19 0.024998385 
701 226 19 22 0.024929779 
502 256 9 12 0.024923092 
653 260 11 14 0.024911767 
624 134 8 9 0.024905732 
999 356 22 33 0.024905652 
774 199 8 10 0.024841487 
504 242 9 13 0.024807064 
206 135 7 9 0.024797497 
593 132 9 10 0.024785174 
706 414 31 33 0.024781996 
484 310 24 32 0.024700383 
518 231 18 22 0.024667202 
575 262 14 16 0.024585405 
767 212 9 11 0.024504125 
1005 200 10 11 0.02447889 
697 237 11 13 0.024443818 
973 276 19 25 0.024420785 
511 284 13 19 0.024331797 
35 321 15 21 0.024264185 
702 152 7 10 0.024255143 
69 363 15 18 0.024215056 
117 160 8 10 0.02419779 
327 247 11 13 0.024185287 
600 240 10 15 0.024184491 
901 143 8 9 0.024170365 
766 326 15 21 0.024146244 
277 263 11 14 0.024139231 
232 168 8 9 0.024137422 
206 201 8 9 0.024095451 
257 191 7 9 0.02404441 
837 221 9 12 0.024038782 
776 173 7 9 0.024025628 
905 295 21 28 0.024013752 
398 459 27 30 0.024005024 
448 192 6 8 0.023907118 
23 213 9 11 0.023893435 
471 199 7 9 0.023848578 
622 175 8 10 0.02384828 
1006 231 19 26 0.023835927 
668 424 17 22 0.023830315 
535 190 7 9 0.02382037 
279 184 8 10 0.023803705 
871 207 9 12 0.023798432 
231 189 7 10 0.023768153 
759 157 7 9 0.023732664 
844 496 33 36 0.02370228 
984 182 8 11 0.023661321 
164 255 11 14 0.023584707 
431 191 7 8 0.023574963 
814 168 7 9 0.023550998 
1001 239 9 12 0.023546437 
489 224 19 23 0.02351114 
216 235 10 13 0.023500105 
565 268 15 19 0.02346252 
395 433 36 44 0.023456257 
754 434 24 29 0.023424678 
521 167 7 9 0.02342464 
909 333 25 31 0.023411298 
913 436 32 34 0.023398304 
862 201 9 11 0.023394763 
707 234 11 13 0.023364922 
630 174 7 9 0.023343185 
856 305 17 22 0.023335995 
814 255 14 16 0.023324642 
185 277 11 16 0.023193754 
69 352 16 20 0.023182722 
693 293 13 17 0.023166971 
190 175 7 9 0.023116631 
744 144 8 9 0.023107555 
896 291 22 27 0.023098595 
114 307 20 27 0.023072192 
829 260 13 16 0.02306809 
141 244 12 14 0.02306692 
440 200 6 8 0.02303052 
831 213 10 12 0.023027468 
351 184 7 8 0.023002448 
319 250 18 23 0.022981944 
740 199 19 24 0.022976207 
854 235 10 13 0.022911394 
216 209 18 22 0.022897093 
413 253 12 15 0.022829512 
918 213 8 11 0.022829426 
108 307 15 21 0.022809213 
796 218 11 14 0.022806536 
941 192 9 11 0.02279467 
336 146 7 8 0.022786057 
465 199 6 8 0.022764634 
616 332 21 28 0.022729352 
438 426 34 44 0.022718117 
644 324 21 28 0.022683678 
36 258 13 17 0.022658627 
702 335 20 29 0.022643456 
805 252 12 14 0.02263862 
986 160 7 9 0.022632407 
616 167 8 10 0.022614155 
443 386 12 17 0.022572648 
98 197 9 11 0.02257231 
320 198 8 10 0.022534542 
809 265 14 17 0.022525672 
490 177 7 9 0.022498513 
797 207 9 11 0.022468738 
619 299 23 29 0.022415405 
598 145 9 10 0.02239811 
284 261 12 14 0.02238765 
990 206 9 11 0.022331761 
659 185 7 11 0.022314114 
696 167 8 10 0.022272246 
401 258 11 15 0.022216203 
521 214 8 9 0.02218638 
679 168 9 9 0.022185927 
338 267 11 14 0.022181595 
758 249 14 17 0.022087742 
377 192 6 7 0.022070529 
289 225 16 21 0.022046508 
665 194 19 24 0.021982899 
998 190 8 9 0.021935606 
465 168 7 9 0.021930685 
798 168 7 9 0.021917801 
248 229 8 11 0.021885294 
28 256 12 15 0.021838954 
620 342 501 480 0.02172288 
344 219 9 12 0.021717833 
493 266 12 17 0.021667186 
38 199 11 12 0.021661334 
185 133 8 10 0.021641275 
739 390 28 34 0.021638367 
158 176 8 10 0.021626135 
510 425 36 45 0.02160886 
999 268 12 15 0.021578949 
829 177 18 24 0.02155852 
698 158 8 10 0.021557083 
872 184 7 9 0.021556552 
152 176 9 11 0.021554168 
505 173 7 9 0.021514762 
841 165 8 9 0.021510527 
456 192 6 8 0.021425521 
936 213 9 12 0.021397531 
862 152 8 10 0.021326609 
471 214 8 10 0.02129712 
173 236 9 12 0.021281444 
671 177 7 9 0.021250283 
814 212 17 21 0.021216713 
396 360 21 31 0.021216696 
983 216 10 12 0.021202657 
352 137 7 8 0.021188876 
576 153 7 9 0.021186523 
870 526 28 32 0.021143045 
1006 255 13 16 0.021134114 
217 175 8 10 0.021114614 
328 168 8 9 0.021112131 
69 413 15 20 0.021100374 
872 236 11 14 0.021097543 
256 167 7 9 0.021093307 
752 217 18 22 0.021079812 
809 173 8 10 0.021029208 
62 308 21 27 0.021021532 
805 198 9 10 0.020982232 
0 308 9 15 0.020958899 
253 282 11 16 0.02094047 
185 144 7 9 0.020933399 
937 167 8 11 0.020893773 
137 271 17 22 0.020893162 
97 239 11 15 0.02089032 
402 191 7 8 0.020886254 
816 158 9 11 0.02088183 
93 490 13 20 0.020878065 
169 135 7 9 0.02086107 
86 195 9 12 0.020855354 
133 127 8 9 0.02084669 
344 183 7 9 0.020833371 
569 153 8 9 0.020827377 
432 320 19 23 0.020808209 
960 210 18 22 0.020779865 
38 230 10 12 0.020764211 
38 204 10 12 0.02076042 
822 227 12 15 0.020756984 
94 271 15 18 0.020662867 
747 245 11 14 0.020649837 
118 174 8 11 0.020640222 
133 253 12 14 0.020637738 
215 246 10 13 0.02063636 
999 181 8 10 0.02061369 
216 199 8 9 0.020592023 
384 222 7 10 0.02054774 
656 205 8 10 0.02053976 
297 165 8 9 0.020530747 
3 236 11 13 0.020498361 
741 216 18 23 0.020469602 
693 272 13 19 0.02046197 
720 160 7 9 0.020450274 
516 194 17 23 0.020442078 
967 207 9 10 0.020429647 
627 279 15 19 0.02038704 
73 300 23 29 0.020308763 
670 190 8 10 0.02030027 
310 214 8 11 0.02028528 
435 407 25 34 0.020280436 
1003 478 21 41 0.020268066 
397 317 23 29 0.020242348 
293 245 11 14 0.020207578 
30 228 10 12 0.020158947 
254 226 18 23 0.02010792 
1007 456 21 38 0.020061165 
151 133 8 10 0.020046268 
16 176 19 24 0.020007415 
