2_Demonstration_Protesters_2_542
41
603 169 66 89 0.99895763 
16 99 61 83 0.9960491 
856 87 17 21 0.84788424 
920 98 18 22 0.83018786 
204 347 58 49 0.26471618 
636 422 63 81 0.09322217 
6 565 82 157 0.07704286 
311 217 47 85 0.06446139 
215 152 8 11 0.05967436 
224 178 9 12 0.058273133 
36 605 55 95 0.039273087 
258 293 24 27 0.039156903 
311 179 48 85 0.038840987 
772 77 12 15 0.03567978 
510 128 9 11 0.034333047 
555 296 121 168 0.034272976 
439 140 10 14 0.03305239 
767 71 11 13 0.03214028 
610 386 99 137 0.031854622 
246 149 9 11 0.02979499 
515 65 13 15 0.02793117 
191 140 9 12 0.027517457 
928 102 16 22 0.026980007 
238 174 7 10 0.026606824 
197 134 9 11 0.025799187 
854 116 10 12 0.024836184 
528 102 11 13 0.024800068 
193 136 8 11 0.024547566 
545 130 9 12 0.023471398 
157 309 60 57 0.022942401 
543 103 9 11 0.02244797 
297 151 9 12 0.022276007 
977 109 10 13 0.022254167 
241 126 9 10 0.021971103 
535 95 9 11 0.021863298 
212 339 43 34 0.021673271 
186 328 62 56 0.021480234 
265 286 11 13 0.02105198 
181 -30 213 216 0.02076188 
273 151 8 10 0.02065338 
26 670 55 71 0.020641623 
