2_Demonstration_Protesters_2_884
149
523 153 33 42 0.99844897 
938 429 90 131 0.9894003 
366 85 21 27 0.9773237 
890 183 31 36 0.9448387 
584 93 22 23 0.88204074 
662 258 25 56 0.8680795 
516 220 33 32 0.69183743 
701 45 24 32 0.62239873 
314 117 17 21 0.46173245 
555 69 13 16 0.39886412 
35 79 18 19 0.3735457 
291 100 13 16 0.34159106 
17 161 27 32 0.33460903 
335 192 15 20 0.3062677 
722 17 31 40 0.25784242 
211 91 19 20 0.2349006 
119 244 55 62 0.1844172 
663 96 36 46 0.18248527 
779 0 35 36 0.16957662 
703 18 11 15 0.16573 
874 161 17 20 0.16500229 
205 92 14 17 0.16345452 
885 248 37 35 0.15508531 
875 157 26 30 0.14276068 
201 92 11 16 0.14227758 
416 354 33 40 0.14035448 
389 126 13 17 0.12561499 
299 103 12 15 0.1252324 
433 202 30 34 0.122586034 
878 168 34 42 0.10856513 
423 188 24 29 0.10315063 
704 36 14 18 0.09920982 
436 172 16 19 0.085461654 
575 188 29 35 0.07609167 
730 31 16 22 0.07487298 
799 313 38 40 0.07457253 
11 257 42 47 0.06823701 
293 147 14 17 0.064948596 
536 71 11 15 0.062462527 
110 132 16 20 0.05948395 
652 12 16 21 0.055997413 
381 163 12 16 0.05594113 
979 27 23 26 0.0546526 
787 273 16 19 0.053576514 
110 272 13 15 0.051582143 
538 75 13 17 0.051479384 
305 119 23 27 0.051420186 
890 157 15 17 0.048431687 
90 279 27 33 0.04799942 
703 27 13 19 0.047123227 
365 56 15 20 0.046402782 
189 547 118 110 0.044692323 
94 285 14 17 0.04361268 
245 133 10 13 0.043607164 
229 98 12 17 0.043450654 
5 117 10 13 0.0420993 
307 108 12 18 0.04184004 
94 258 62 71 0.04143759 
174 130 29 41 0.040246706 
843 236 14 17 0.0402184 
699 15 20 27 0.04009026 
759 162 10 12 0.03951003 
680 100 32 40 0.039398987 
689 7 23 26 0.039030064 
687 36 42 48 0.03881879 
567 108 14 17 0.038747028 
987 57 24 29 0.038655378 
6 137 11 14 0.038541105 
426 210 27 34 0.037571393 
295 141 21 25 0.037192367 
710 34 26 35 0.037141822 
157 89 17 20 0.03686443 
572 84 23 30 0.036538772 
20 134 12 14 0.036010243 
221 88 20 26 0.035691973 
144 242 44 48 0.03556045 
555 71 21 26 0.03500554 
562 69 12 15 0.034641452 
8 126 10 13 0.034361694 
640 256 43 67 0.034232914 
898 152 16 18 0.033733774 
579 186 18 21 0.033721823 
577 86 37 42 0.03266405 
287 97 12 15 0.032536943 
693 21 12 16 0.032533806 
158 122 34 47 0.032068525 
235 97 14 16 0.031695772 
786 269 26 32 0.031591106 
539 155 37 51 0.030211778 
295 103 20 25 0.030202784 
887 145 26 30 0.029819183 
683 0 24 23 0.029761033 
32 169 15 20 0.02963215 
192 239 31 41 0.029328328 
272 136 16 18 0.029310936 
976 250 29 33 0.0286654 
671 265 37 50 0.028446177 
108 125 25 32 0.0280687 
162 82 16 21 0.027483216 
652 5 14 15 0.027474998 
211 95 25 28 0.0270902 
568 100 24 29 0.026892306 
841 158 28 33 0.02658553 
553 65 11 15 0.026475284 
556 199 30 36 0.026466843 
12 131 14 17 0.026148472 
899 261 18 20 0.026014045 
836 144 18 25 0.025917854 
819 120 12 14 0.025686966 
917 175 34 39 0.025505062 
828 153 16 22 0.025333714 
854 162 24 31 0.025234783 
950 145 12 17 0.025226105 
155 99 26 31 0.025187822 
100 275 16 17 0.025098458 
715 7 28 33 0.02508503 
403 190 13 17 0.02496159 
729 19 19 23 0.024905678 
390 120 11 15 0.024589334 
665 233 53 73 0.024280634 
37 72 12 14 0.024262162 
932 226 39 48 0.024074843 
398 195 15 19 0.023930954 
887 157 30 35 0.023203121 
548 78 16 21 0.023133509 
12 273 49 58 0.023131259 
101 267 31 31 0.0230829 
305 146 14 17 0.022878814 
285 102 17 21 0.022801539 
685 20 15 17 0.02273519 
307 102 12 15 0.02234928 
349 403 13 16 0.022311388 
564 78 23 31 0.022031816 
777 268 11 15 0.021715948 
707 51 29 36 0.021501789 
968 109 51 84 0.021409635 
401 222 24 29 0.021332243 
0 318 36 46 0.021093555 
775 268 25 29 0.021034293 
591 166 32 38 0.02072393 
230 84 13 19 0.020719802 
827 182 13 16 0.020645007 
263 226 26 34 0.020609355 
197 126 27 31 0.020600788 
394 200 22 26 0.02041782 
541 205 24 33 0.020388182 
835 229 24 29 0.020344753 
555 204 15 20 0.020248173 
681 17 24 30 0.020117467 
