2_Demonstration_Political_Rally_2_659
62
34 241 103 119 0.9998914 
509 194 127 143 0.9994666 
161 289 28 32 0.9988955 
731 238 51 59 0.99885225 
960 243 64 81 0.9981989 
194 275 33 48 0.9913523 
-2 323 34 44 0.98861516 
232 284 23 40 0.9784225 
367 272 20 27 0.9754174 
406 276 17 24 0.84746486 
1 291 25 29 0.45122603 
258 248 29 35 0.33418489 
451 266 47 56 0.25510868 
166 276 36 50 0.24814941 
897 216 29 38 0.1403728 
208 278 35 48 0.12592523 
835 259 50 62 0.08872351 
766 213 41 49 0.08563614 
341 274 15 19 0.08512471 
451 261 25 31 0.08125936 
435 277 12 14 0.079797454 
139 288 26 34 0.07860305 
867 252 38 60 0.075586125 
-1 656 21 52 0.06447674 
476 221 103 112 0.063502654 
275 241 27 33 0.054612838 
895 201 13 17 0.049442545 
434 281 15 20 0.045374066 
341 278 21 26 0.044498015 
442 253 79 96 0.042493403 
894 227 14 20 0.040412374 
353 381 10 15 0.0381297 
404 271 15 18 0.03712594 
236 297 33 44 0.033494838 
448 266 13 18 0.03286735 
886 219 25 35 0.032667246 
901 197 13 16 0.03261644 
867 227 40 59 0.032179736 
894 196 24 32 0.03148286 
906 220 16 23 0.030637423 
782 496 63 74 0.02997797 
800 254 57 68 0.029213808 
736 205 10 13 0.029103069 
266 257 30 39 0.028641043 
255 250 15 19 0.027902678 
750 227 55 67 0.02735527 
887 253 45 63 0.027257543 
363 345 12 15 0.02710196 
941 255 49 67 0.027091477 
886 187 14 17 0.02664029 
397 279 16 22 0.026521597 
443 290 13 16 0.026431004 
17 297 15 20 0.025943294 
193 301 31 40 0.0256614 
717 244 15 23 0.024539953 
138 271 46 58 0.023189854 
904 262 44 62 0.022512594 
209 240 28 33 0.021674315 
390 282 15 19 0.02134255 
206 222 13 17 0.021018527 
871 210 12 16 0.020305885 
289 241 19 26 0.02005523 
