2_Demonstration_Demonstrators_2_162
70
242 347 73 71 0.9863094 
581 345 45 54 0.9799178 
658 355 43 52 0.97539526 
496 392 40 57 0.93909615 
621 357 24 33 0.76270145 
543 286 23 32 0.3947282 
471 354 13 17 0.32505545 
562 444 39 51 0.24770175 
431 631 65 53 0.23955885 
492 338 24 30 0.22599334 
525 325 18 21 0.222686 
199 313 27 41 0.20959544 
547 278 11 15 0.19584963 
417 434 32 49 0.18673433 
461 334 24 28 0.15755375 
635 356 37 51 0.14550069 
514 387 46 61 0.13468727 
601 351 44 53 0.13108982 
981 344 9 11 0.10984232 
478 400 32 47 0.10309101 
370 365 14 18 0.08948548 
325 426 46 60 0.08920648 
424 439 46 62 0.07980099 
380 317 10 13 0.07664603 
450 462 50 65 0.07304921 
392 316 11 14 0.06741565 
535 388 45 60 0.05633751 
961 351 8 10 0.054803465 
491 350 16 22 0.04957242 
523 278 14 18 0.049304362 
487 280 13 17 0.044997007 
621 365 32 43 0.044835854 
468 411 29 35 0.04306678 
576 436 46 58 0.03862936 
547 223 11 14 0.036852527 
528 277 23 31 0.034206323 
448 282 15 20 0.033215232 
408 353 28 36 0.033138648 
543 280 16 23 0.033129606 
462 348 21 27 0.032040626 
54 613 9 12 0.031707454 
813 310 11 18 0.028103743 
522 313 18 21 0.02623426 
498 333 18 21 0.026121615 
552 173 8 10 0.025988262 
223 330 55 68 0.02563257 
624 189 9 11 0.02527838 
326 378 11 14 0.025209881 
429 429 33 45 0.024871478 
553 300 16 21 0.024609908 
519 322 16 20 0.024131365 
548 411 45 63 0.023920659 
610 260 10 13 0.023895778 
664 183 9 11 0.023807297 
545 373 28 45 0.023061734 
656 344 27 43 0.023000075 
967 344 9 11 0.022995379 
368 370 50 62 0.022804517 
977 345 11 13 0.022611778 
608 200 9 11 0.022587452 
493 336 40 48 0.022573031 
655 184 8 10 0.021954672 
562 461 21 28 0.021660354 
176 321 31 35 0.021257034 
669 182 9 12 0.02110022 
797 478 31 40 0.020595696 
609 205 9 11 0.020505624 
342 368 11 12 0.020451764 
275 354 44 44 0.020160384 
919 341 11 14 0.020154575 
