2_Demonstration_Political_Rally_2_224
33
606 117 81 108 0.99868804 
782 251 61 91 0.9977422 
105 180 70 97 0.99737084 
899 261 59 86 0.9954796 
345 98 72 100 0.99341875 
458 297 55 65 0.08739977 
807 237 56 77 0.069454506 
772 548 41 63 0.06702652 
214 164 14 17 0.054229513 
434 167 17 19 0.03988705 
318 578 28 32 0.038753502 
479 285 51 63 0.033876847 
907 231 47 57 0.033109326 
958 226 12 14 0.03077986 
417 159 45 61 0.029891366 
243 131 14 16 0.029427776 
700 191 27 35 0.02681664 
176 163 47 65 0.026464412 
945 180 11 15 0.025626414 
158 439 9 11 0.025599262 
950 180 13 16 0.025306277 
933 251 50 74 0.025104418 
25 657 32 35 0.024423191 
278 125 10 14 0.023623148 
208 134 11 15 0.023036567 
961 235 45 69 0.021478802 
890 240 49 72 0.02125347 
977 241 30 40 0.021213673 
286 132 44 62 0.021208236 
188 136 52 67 0.020771498 
951 286 30 46 0.020733213 
171 454 15 16 0.020606706 
273 145 26 37 0.020263435 
