2_Demonstration_Demonstrators_2_672
30
647 190 128 164 0.9994628 
266 166 31 43 0.99176747 
72 176 29 41 0.9894823 
456 170 24 34 0.9804673 
157 254 54 64 0.96229166 
220 165 36 48 0.92603403 
167 165 52 55 0.19499068 
248 165 39 52 0.16781092 
178 173 32 33 0.1041166 
558 291 30 34 0.08981279 
1013 479 11 21 0.071172245 
532 280 34 45 0.05567314 
517 447 9 12 0.040503275 
608 309 50 65 0.03748149 
596 22 103 131 0.03339239 
620 424 223 231 0.031982172 
531 440 206 254 0.030399326 
225 163 22 24 0.03034903 
136 230 55 69 0.030214636 
83 172 17 25 0.030137608 
228 142 23 27 0.023839356 
391 37 36 38 0.023451004 
340 17 114 108 0.022811042 
657 45 30 40 0.022440126 
186 245 55 67 0.022219937 
194 169 58 66 0.021957591 
561 264 33 40 0.021327002 
528 464 9 10 0.020968784 
509 462 10 12 0.020635448 
836 128 14 17 0.02036112 
