2_Demonstration_Demonstration_Or_Protest_2_441
115
2 189 29 38 0.9993488 
287 186 32 41 0.99894756 
329 208 37 44 0.99865746 
932 153 35 44 0.9985006 
570 174 35 48 0.99849904 
611 174 40 49 0.99815696 
854 170 35 45 0.99785244 
232 152 41 49 0.9970662 
109 185 47 51 0.9961916 
402 166 37 45 0.994534 
789 156 43 53 0.9884871 
499 162 38 51 0.9881224 
720 166 24 32 0.8631777 
568 96 22 31 0.7871263 
146 125 23 33 0.7828546 
316 172 22 30 0.6397273 
854 352 28 34 0.37444967 
487 592 56 41 0.30443606 
684 87 18 23 0.2807575 
145 164 27 37 0.26529878 
898 583 59 59 0.22633855 
438 334 20 25 0.20239174 
481 107 22 31 0.18480888 
533 84 15 20 0.18369913 
994 77 15 20 0.15725023 
43 389 22 30 0.13107336 
134 174 32 38 0.12968637 
21 476 21 28 0.12516017 
531 328 14 19 0.11563916 
654 575 28 30 0.107870884 
678 163 21 30 0.1009219 
355 73 25 28 0.09819341 
345 572 17 20 0.093523204 
798 576 15 18 0.09296213 
466 332 9 12 0.08372417 
443 492 57 66 0.082716696 
157 157 27 40 0.08159008 
363 563 17 19 0.07531789 
4 444 21 29 0.07194645 
41 198 26 33 0.07129333 
39 438 26 32 0.06540602 
77 199 29 40 0.06508769 
699 118 17 21 0.06497225 
65 177 23 33 0.061740488 
743 59 15 18 0.05743796 
371 568 16 19 0.05533758 
495 330 11 12 0.053860042 
655 573 15 16 0.05006577 
510 303 14 16 0.049248196 
725 74 14 17 0.046684913 
499 100 23 31 0.042453464 
636 541 54 59 0.041987866 
142 132 17 24 0.041394956 
379 573 13 16 0.041366287 
352 562 25 27 0.04051943 
909 146 11 16 0.039890308 
631 346 13 18 0.036879875 
502 324 11 14 0.036518402 
472 574 94 81 0.036376707 
665 584 16 17 0.033588704 
590 540 61 67 0.0320474 
37 176 26 35 0.031980738 
624 340 25 31 0.031337757 
558 524 107 115 0.031182008 
741 63 23 29 0.030400828 
32 448 29 37 0.030047677 
170 328 14 15 0.029880729 
887 563 14 17 0.028914614 
460 518 37 43 0.028879156 
511 105 26 34 0.028849764 
726 170 29 42 0.028706506 
518 235 39 49 0.028609991 
0 456 21 34 0.028470872 
207 127 15 18 0.028393913 
661 554 108 109 0.027880372 
794 429 14 16 0.02717914 
681 27 13 16 0.026959427 
491 317 11 15 0.026876751 
691 120 23 35 0.026837256 
850 562 15 18 0.026708748 
467 484 63 73 0.026387496 
996 504 25 43 0.02623701 
10 479 25 35 0.02601183 
676 17 30 33 0.025872773 
703 569 14 15 0.02585136 
140 144 38 49 0.02496915 
859 349 17 23 0.024749752 
501 557 59 68 0.024230257 
619 322 28 37 0.023954976 
14 449 26 39 0.02387107 
595 135 19 23 0.023660868 
350 567 45 51 0.023627738 
799 530 46 52 0.023438977 
994 86 14 19 0.023289591 
364 569 26 28 0.023199972 
508 315 13 15 0.023164462 
574 99 27 33 0.023031523 
572 67 39 50 0.022976028 
507 298 23 26 0.022355163 
706 169 25 32 0.022333855 
734 597 11 12 0.022186494 
396 562 12 15 0.022062486 
728 67 22 28 0.022046538 
788 565 13 16 0.0219652 
71 185 27 39 0.021593884 
0 470 23 39 0.021451851 
425 127 27 36 0.021350956 
660 9 55 50 0.021289509 
922 550 64 79 0.021160856 
556 376 14 16 0.021058995 
705 588 64 64 0.020768743 
306 129 32 36 0.020633597 
740 49 25 30 0.020561026 
679 115 24 34 0.020497007 
59 174 21 25 0.0200442 
