2_Demonstration_Political_Rally_2_584
30
649 505 125 148 0.9996012 
206 188 38 53 0.98091954 
233 409 48 61 0.9319026 
253 675 111 194 0.5285434 
38 573 57 106 0.29540148 
9 579 98 154 0.23079276 
25 654 108 136 0.08121789 
164 659 181 236 0.06761216 
868 520 55 69 0.05011287 
92 671 88 115 0.044386998 
875 1025 47 76 0.0404571 
899 532 34 43 0.03771324 
82 716 66 81 0.033795998 
113 668 113 169 0.033557322 
771 611 44 56 0.032169975 
841 474 100 124 0.031199645 
46 549 96 135 0.030788973 
863 306 51 66 0.029968161 
591 373 15 18 0.029559208 
45 -23 215 233 0.029284896 
745 1133 50 76 0.02871172 
977 1091 12 17 0.027946342 
492 453 11 12 0.026512662 
288 712 64 131 0.026414873 
307 167 45 76 0.024986986 
101 520 55 81 0.024028111 
53 575 36 60 0.023855494 
851 555 55 64 0.021301296 
851 496 58 71 0.021232594 
472 983 107 151 0.020324599 
