2_Demonstration_Protesters_2_563
60
818 309 105 124 0.9998821 
564 220 30 37 0.9994861 
633 185 26 35 0.9994579 
301 234 26 30 0.99932027 
819 186 33 39 0.9991412 
669 166 31 40 0.9986841 
873 207 64 87 0.9984005 
394 187 66 98 0.99796426 
227 254 39 49 0.9971385 
722 234 69 96 0.9963672 
668 253 48 62 0.9960246 
98 242 83 97 0.99446374 
237 213 24 32 0.9925053 
771 196 29 32 0.9392127 
-1 184 69 148 0.6674208 
984 205 35 38 0.46848065 
177 207 28 33 0.35091582 
503 179 28 33 0.24391688 
527 293 29 38 0.12038311 
61 327 46 66 0.11737377 
612 27 10 14 0.083834045 
627 53 14 18 0.07654539 
781 190 39 47 0.07033986 
177 267 31 39 0.06834864 
553 317 29 34 0.06370157 
534 170 26 32 0.0626292 
653 259 40 55 0.05361255 
489 182 42 53 0.052482586 
826 610 58 58 0.046907306 
508 169 41 47 0.040808465 
7 157 55 103 0.04014215 
975 212 13 17 0.039117165 
191 211 16 22 0.03591157 
646 174 35 45 0.03356133 
65 288 28 35 0.033095405 
675 315 27 31 0.032879103 
548 329 29 33 0.032134835 
536 285 40 49 0.03130664 
755 205 50 61 0.029949801 
524 151 42 52 0.029392738 
973 204 28 35 0.028781675 
636 441 48 50 0.026774773 
832 220 35 47 0.026762879 
483 201 27 35 0.026177319 
547 305 29 37 0.02513977 
171 196 27 34 0.0239584 
836 246 89 111 0.023124106 
842 218 49 63 0.022975765 
152 396 47 59 0.02239701 
553 288 35 42 0.022333508 
186 205 18 22 0.022328544 
663 478 51 58 0.022131495 
471 188 44 64 0.021956405 
805 618 36 36 0.02182708 
975 214 37 42 0.021461364 
523 146 29 36 0.021411555 
773 241 53 72 0.021335727 
952 200 40 56 0.020874478 
550 339 14 17 0.020607727 
190 172 13 16 0.020123912 
