2_Demonstration_Political_Rally_2_64
162
634 457 32 38 0.9938361 
851 381 32 41 0.98716915 
790 260 23 31 0.9772195 
584 394 32 33 0.97572666 
706 335 18 21 0.7978588 
638 396 16 26 0.52072793 
522 355 18 21 0.368974 
582 325 15 18 0.36049882 
559 294 9 12 0.32443702 
634 296 7 10 0.30689293 
765 356 14 17 0.1701285 
894 339 12 16 0.16178147 
525 284 12 16 0.15841156 
677 342 11 14 0.15180717 
848 392 45 53 0.12611678 
262 222 10 12 0.123768575 
553 286 9 12 0.116451755 
198 203 9 12 0.11576831 
673 342 10 12 0.110666096 
868 377 25 37 0.106083095 
615 352 11 15 0.08944835 
719 339 15 18 0.08158849 
225 236 10 12 0.07482773 
659 351 10 13 0.06799329 
608 465 11 15 0.06506756 
564 385 52 57 0.06504684 
660 377 17 21 0.063058816 
528 356 26 29 0.06269645 
636 300 8 11 0.060103588 
307 135 15 18 0.057883613 
668 373 14 19 0.056725316 
698 339 11 14 0.05657325 
527 252 10 13 0.055979926 
293 354 10 14 0.055103358 
198 260 8 12 0.05454081 
628 419 16 19 0.051646635 
826 354 16 19 0.05086565 
893 333 21 27 0.04970238 
183 215 10 13 0.04970087 
504 262 10 14 0.04783706 
531 319 11 14 0.04758085 
629 397 17 26 0.046735156 
302 129 24 29 0.046678577 
627 407 27 33 0.046517715 
652 355 15 17 0.04519026 
683 346 12 14 0.04240826 
734 357 13 17 0.042336375 
267 427 13 15 0.04216193 
312 367 25 32 0.041725162 
222 245 11 13 0.041358415 
714 382 16 19 0.041226726 
625 312 7 9 0.040597428 
532 277 12 14 0.04021944 
649 364 24 28 0.039738443 
525 268 12 15 0.039428305 
546 457 17 20 0.039354697 
918 175 39 51 0.03927905 
351 429 10 15 0.03892338 
328 417 27 40 0.038129643 
325 359 12 15 0.037841517 
555 287 12 15 0.03756646 
424 275 9 14 0.035764977 
225 191 7 9 0.03547027 
632 347 10 12 0.035337277 
638 391 13 18 0.03505877 
854 349 10 14 0.035054397 
644 382 26 32 0.034441836 
521 278 21 26 0.033709828 
910 251 10 13 0.033225715 
518 345 48 53 0.032942656 
228 230 12 16 0.032820255 
675 373 13 18 0.03276143 
798 346 14 18 0.032581028 
463 341 10 14 0.03243995 
529 309 10 12 0.0322927 
496 359 10 13 0.031745303 
876 373 16 21 0.031713787 
429 102 10 13 0.031574514 
192 205 10 12 0.03121976 
574 349 9 11 0.030838521 
418 450 13 17 0.030827856 
582 359 14 16 0.0306489 
623 396 13 19 0.030469202 
693 346 13 16 0.030452428 
510 278 9 13 0.030031921 
247 237 12 14 0.029206373 
857 414 40 50 0.029162522 
340 432 15 23 0.028763026 
284 389 23 30 0.02865178 
197 239 8 11 0.028642498 
221 251 10 12 0.028530087 
630 381 9 13 0.028319709 
670 365 13 15 0.028312253 
891 377 22 31 0.027698467 
648 401 18 22 0.027626071 
215 247 12 14 0.027165351 
533 270 11 14 0.027032996 
518 350 17 20 0.026482772 
639 356 22 27 0.02626958 
526 259 11 14 0.026057828 
632 309 8 11 0.025932906 
868 359 12 14 0.025583716 
638 309 9 11 0.025499843 
492 267 12 15 0.025474675 
300 479 13 17 0.025394773 
512 355 15 20 0.02523091 
168 183 8 11 0.02511371 
609 381 41 47 0.024969628 
827 264 15 21 0.024089769 
174 263 10 11 0.024073625 
511 283 10 13 0.024049219 
502 388 10 15 0.023974229 
624 379 11 15 0.023683958 
501 364 10 13 0.023680024 
292 133 11 15 0.023640908 
168 231 9 11 0.023476645 
188 212 11 15 0.023471672 
570 390 29 36 0.023435326 
539 374 93 97 0.023395581 
543 443 28 34 0.023327488 
638 348 10 13 0.02323903 
256 226 13 15 0.023109773 
671 419 28 36 0.023085717 
586 319 15 19 0.023029108 
292 84 11 13 0.023019692 
655 343 9 10 0.022969205 
759 359 15 19 0.022951832 
310 372 13 16 0.02294484 
266 425 9 12 0.022918552 
316 371 15 20 0.022875996 
668 436 14 19 0.022799924 
608 356 12 15 0.022680797 
769 358 16 20 0.02264718 
679 427 14 19 0.022516806 
638 327 8 11 0.022509305 
486 254 9 13 0.02230321 
307 399 27 31 0.02193356 
720 354 24 30 0.021932535 
329 201 7 9 0.021903927 
553 297 11 14 0.021818144 
347 435 12 17 0.021766445 
500 447 12 14 0.021680588 
333 78 10 12 0.021677945 
678 420 13 17 0.021531029 
316 378 25 33 0.021510772 
670 336 9 12 0.02131271 
679 396 26 33 0.021112457 
509 436 11 14 0.021093484 
231 191 7 10 0.020997915 
206 191 9 11 0.020945307 
355 428 10 12 0.020891277 
317 400 28 39 0.020834418 
398 357 9 12 0.020660166 
176 214 11 15 0.020660087 
527 300 11 13 0.02040866 
673 341 19 22 0.020359825 
334 206 8 9 0.020357693 
630 388 11 17 0.020317148 
251 311 12 13 0.020279577 
596 350 9 12 0.020146573 
639 407 30 32 0.020135468 
229 242 13 16 0.02004951 
