2_Demonstration_Protesters_2_24
72
370 270 103 152 0.9994184 
544 265 99 145 0.99909294 
890 1123 105 127 0.997401 
504 664 61 75 0.9972446 
155 801 88 104 0.99721044 
811 652 65 91 0.9968845 
451 1120 70 96 0.99636203 
662 1052 79 102 0.99254096 
601 628 65 71 0.9923584 
13 401 100 136 0.99217296 
479 758 73 102 0.9900686 
373 582 59 76 0.98621535 
584 867 43 54 0.971998 
389 805 65 77 0.95926267 
635 124 97 118 0.9395692 
672 469 57 97 0.6568316 
892 615 24 29 0.5042745 
678 860 33 48 0.38888916 
538 1043 37 39 0.3394841 
178 459 51 70 0.29720548 
871 1044 29 37 0.26679417 
38 837 34 39 0.23486315 
694 480 35 57 0.21929613 
747 1 35 22 0.20277917 
216 151 94 116 0.19545992 
454 636 46 62 0.16678552 
865 1029 55 71 0.12569994 
273 252 92 131 0.089156374 
869 988 94 124 0.06735861 
591 1042 33 40 0.066967964 
463 613 45 56 0.06494007 
727 1022 40 54 0.06153035 
230 190 100 165 0.061035655 
868 16 108 132 0.06097107 
330 490 26 33 0.05683537 
46 823 35 41 0.05330089 
301 711 45 60 0.049616717 
626 671 52 62 0.049396336 
445 41 41 47 0.040791087 
868 1180 55 67 0.039123274 
655 851 45 52 0.03804453 
330 258 105 136 0.03730438 
306 576 27 30 0.036407426 
903 617 17 22 0.03365732 
28 835 60 75 0.032496817 
879 1 74 85 0.032087475 
444 60 14 18 0.031868108 
565 18 16 23 0.031225368 
0 10 18 30 0.03035402 
-5 79 190 216 0.02957072 
610 153 110 153 0.029087123 
598 239 55 72 0.027776275 
486 649 52 69 0.027388554 
854 1007 49 67 0.026514305 
176 1140 10 12 0.025868649 
870 152 17 19 0.025789134 
72 103 11 13 0.025434244 
666 873 17 24 0.02517346 
969 592 14 18 0.024920676 
125 137 13 17 0.024872415 
729 -1 54 37 0.024564447 
366 1267 16 18 0.024099898 
871 1161 97 116 0.023421131 
940 25 56 74 0.023278076 
212 1066 18 21 0.023084993 
48 839 22 23 0.02236537 
882 608 40 49 0.022284629 
651 678 46 54 0.022044886 
3 836 52 64 0.02131776 
650 860 30 37 0.021174578 
452 57 17 20 0.020116562 
188 1139 11 16 0.020062238 
