2_Demonstration_Protesters_2_91
71
961 209 34 41 0.99950814 
342 241 23 30 0.9797249 
785 241 19 25 0.96703553 
396 243 16 22 0.918339 
591 257 13 18 0.7283589 
631 250 13 18 0.6778554 
658 273 15 19 0.5607572 
314 309 17 20 0.51025003 
588 309 26 31 0.2667217 
813 248 21 26 0.2552794 
538 243 15 17 0.174045 
757 460 52 51 0.16253604 
922 224 15 17 0.15855613 
535 256 14 19 0.13601969 
727 467 36 46 0.11625769 
538 264 14 18 0.10765602 
341 236 17 23 0.10243493 
897 263 28 38 0.08640654 
539 250 15 19 0.079581164 
908 249 14 17 0.07489401 
601 233 11 16 0.073696375 
730 256 16 19 0.06630313 
828 360 16 22 0.06194885 
826 251 17 22 0.060888335 
526 249 12 19 0.058811434 
902 246 14 18 0.049018838 
900 248 24 30 0.04881507 
547 249 11 17 0.04512202 
667 274 11 16 0.045003243 
624 259 11 16 0.040299006 
520 247 12 17 0.040208977 
623 267 11 13 0.039651312 
736 198 10 13 0.039253768 
772 426 29 32 0.03838835 
349 210 12 14 0.038224682 
799 214 24 26 0.038126074 
455 -41 461 493 0.038095728 
860 229 16 22 0.03421328 
447 249 14 20 0.034068476 
604 320 13 18 0.03311578 
807 457 41 48 0.032458648 
293 198 13 15 0.030668102 
609 191 9 10 0.03044072 
257 182 8 11 0.030060105 
808 251 14 19 0.02944343 
732 217 25 30 0.029320499 
604 261 9 13 0.028248267 
583 252 11 17 0.02725978 
746 223 15 20 0.02668893 
-15 62 208 305 0.026152425 
535 322 10 11 0.02606725 
-45 9 369 491 0.025783258 
844 332 12 15 0.025629781 
615 253 10 13 0.024771025 
784 460 32 42 0.02470303 
576 306 41 51 0.02438491 
647 273 14 19 0.024272129 
925 368 19 20 0.02402488 
532 273 13 17 0.023865111 
315 313 24 26 0.023705225 
586 257 11 18 0.023214009 
735 189 11 14 0.023141071 
622 245 12 15 0.023042167 
719 261 11 15 0.022694776 
615 267 11 14 0.022626352 
751 196 11 14 0.022313839 
336 234 15 22 0.022199603 
581 246 10 14 0.021828406 
819 213 17 20 0.0215568 
382 243 22 29 0.021216787 
621 276 12 16 0.021122694 
