2_Demonstration_Demonstrators_2_499
118
259 358 23 27 0.99426645 
760 340 25 28 0.9832712 
634 365 19 22 0.9804997 
813 347 21 29 0.9487611 
601 364 22 23 0.9247043 
486 384 15 19 0.90279776 
455 364 19 22 0.8798499 
976 325 38 48 0.879569 
426 360 15 24 0.8791649 
697 379 17 21 0.87595284 
552 358 18 23 0.8189508 
363 366 19 23 0.67579085 
961 348 17 21 0.6751343 
966 341 26 32 0.47869074 
516 389 16 21 0.3621169 
831 327 22 28 0.29418263 
655 367 11 15 0.29185525 
526 365 10 13 0.27045247 
854 326 13 18 0.2111793 
832 323 14 20 0.16462535 
992 317 31 50 0.1263254 
907 353 26 39 0.12341622 
584 372 11 16 0.11613676 
864 305 12 16 0.1078547 
575 349 10 14 0.10434131 
302 349 14 17 0.09040891 
542 327 7 9 0.07725406 
876 331 12 16 0.07056172 
855 318 11 16 0.07046322 
844 330 16 21 0.06888567 
581 343 9 11 0.067906156 
757 618 17 19 0.066333316 
552 325 8 9 0.06323755 
519 374 11 14 0.060511664 
707 379 13 16 0.060358357 
622 326 9 13 0.0588446 
220 368 17 23 0.0537428 
849 327 24 30 0.050679505 
567 350 11 16 0.047959104 
523 323 11 14 0.04755799 
694 270 12 14 0.0467045 
906 366 17 25 0.045816008 
859 315 13 17 0.04428424 
702 286 10 12 0.043964114 
459 590 15 18 0.04389987 
678 277 9 11 0.043855883 
670 309 15 17 0.042495318 
750 345 16 20 0.041498028 
287 349 12 15 0.0407104 
415 362 23 30 0.03984515 
305 344 10 12 0.039493784 
933 359 25 32 0.0382295 
355 356 36 44 0.037125193 
867 324 21 27 0.03703202 
540 390 10 13 0.036893222 
518 341 8 11 0.036585834 
591 354 11 17 0.035887077 
563 355 15 20 0.035320967 
341 350 11 13 0.034057077 
578 379 11 14 0.03334146 
381 377 13 17 0.033060495 
606 344 11 13 0.03296644 
674 315 13 15 0.03287103 
743 347 11 15 0.032007962 
517 381 13 17 0.031888746 
571 352 13 18 0.031812385 
237 609 15 19 0.031313624 
227 373 15 22 0.030257355 
714 380 11 13 0.030223254 
692 293 10 12 0.029927786 
695 285 10 13 0.02973037 
705 292 9 11 0.029314889 
806 323 39 48 0.028874638 
878 316 13 16 0.028788107 
341 363 13 16 0.028193524 
996 470 12 14 0.027905976 
786 626 14 17 0.027470423 
364 351 12 15 0.027238807 
544 321 8 10 0.026558964 
736 350 10 14 0.02638025 
916 346 45 52 0.026155671 
685 416 19 20 0.026030295 
758 420 13 15 0.025598448 
537 333 10 13 0.025434634 
931 337 40 47 0.02511872 
838 333 25 30 0.024855372 
363 357 16 20 0.024688846 
527 351 10 13 0.024471821 
672 281 8 9 0.02437888 
431 331 12 17 0.024233181 
319 335 8 11 0.024154427 
860 301 21 25 0.024136264 
351 397 12 14 0.024134113 
878 410 15 18 0.024106732 
864 311 22 31 0.023483796 
424 331 10 14 0.023291728 
404 576 12 14 0.02299081 
909 355 15 23 0.02268288 
598 349 12 15 0.022582747 
333 341 11 13 0.02250898 
671 321 11 14 0.022340711 
334 348 12 15 0.022324204 
343 343 9 13 0.022104826 
341 354 14 18 0.022000773 
557 385 13 17 0.021899115 
469 389 13 17 0.02180865 
1002 339 19 28 0.021679744 
332 333 11 13 0.021427572 
536 338 10 13 0.021368729 
327 339 10 13 0.021182153 
320 340 8 12 0.020974629 
587 365 14 18 0.020915417 
349 339 11 14 0.02086933 
600 347 23 29 0.02085809 
573 343 18 24 0.020815672 
512 379 12 16 0.020320056 
573 366 20 27 0.02008504 
854 310 21 29 0.020045957 
