2_Demonstration_Demonstration_Or_Protest_2_173
311
846 291 52 67 0.99929166 
48 355 52 51 0.9981464 
671 278 47 63 0.99778914 
654 207 33 45 0.9976382 
353 229 27 35 0.9965115 
774 187 32 43 0.9963566 
273 278 36 42 0.9959776 
255 252 29 41 0.99442613 
170 313 43 54 0.9940661 
459 232 32 40 0.99319685 
581 233 44 56 0.99295044 
869 209 41 55 0.98449624 
360 295 40 56 0.98013145 
740 161 21 27 0.97805184 
504 216 40 54 0.9775237 
548 166 14 18 0.9712899 
108 247 38 51 0.9704515 
174 225 20 25 0.95615417 
0 301 24 51 0.9525444 
3 217 13 16 0.94841397 
671 153 19 27 0.9339169 
360 190 16 21 0.90173715 
320 207 17 23 0.87345123 
831 164 19 27 0.8413634 
207 239 20 26 0.8211579 
889 175 26 30 0.8165042 
439 192 14 19 0.8137885 
574 185 19 25 0.81345576 
452 210 24 28 0.8121724 
640 167 19 27 0.8045927 
286 195 14 18 0.7890153 
326 182 13 16 0.7478129 
17 241 14 17 0.7266932 
491 161 14 18 0.71624017 
100 216 18 22 0.7145094 
252 221 16 20 0.71063983 
469 190 16 22 0.6979274 
515 191 23 29 0.6638273 
134 210 14 18 0.66107684 
517 156 10 13 0.65291667 
401 182 9 11 0.57366353 
453 221 29 37 0.5663582 
381 199 17 21 0.52433467 
965 120 13 16 0.5213855 
882 147 13 16 0.4935476 
184 275 31 36 0.47332552 
598 149 24 34 0.4609437 
389 198 13 16 0.45775566 
648 281 30 42 0.42803836 
157 192 8 10 0.34972656 
223 205 13 17 0.3493122 
4 252 14 17 0.33576253 
212 197 11 14 0.3209463 
404 178 12 16 0.31424463 
439 175 10 12 0.3140683 
48 262 20 26 0.31224373 
38 216 10 13 0.30692947 
431 152 10 12 0.29574654 
30 214 10 14 0.29518154 
250 188 10 11 0.29509115 
116 201 11 13 0.28977138 
231 188 9 12 0.28067568 
376 174 9 11 0.2748751 
192 190 9 11 0.27159977 
917 109 9 12 0.25081182 
453 205 17 20 0.24114244 
909 133 15 17 0.23335053 
265 181 9 11 0.22659004 
175 191 7 9 0.22584935 
168 202 11 14 0.21257955 
252 183 9 11 0.20358863 
972 299 29 36 0.18472584 
1006 169 14 19 0.17943762 
436 151 8 11 0.17138775 
749 208 23 31 0.16817032 
0 187 9 14 0.15262069 
997 171 14 18 0.15093334 
454 144 11 13 0.14890993 
344 175 10 12 0.14788632 
710 125 12 15 0.13726233 
237 208 13 17 0.13620329 
47 206 9 12 0.12991814 
166 217 13 18 0.12983958 
39 199 9 11 0.12436073 
12 250 14 18 0.12316388 
4 246 12 16 0.123051345 
491 101 10 15 0.119698495 
599 423 20 27 0.11383134 
428 168 10 12 0.10953095 
100 191 9 11 0.10528625 
365 192 20 25 0.10418863 
237 184 8 10 0.10318244 
69 197 10 12 0.0984459 
173 198 10 13 0.091280356 
47 212 9 13 0.09112457 
258 244 18 21 0.08890351 
437 179 14 16 0.08603103 
944 195 26 29 0.08143838 
906 137 12 17 0.080351755 
62 219 9 13 0.07918918 
413 193 14 19 0.078074746 
401 445 19 21 0.07722823 
41 203 10 12 0.07655237 
662 147 13 16 0.07439612 
117 218 11 15 0.07347062 
290 191 15 18 0.07266017 
374 177 13 17 0.0717673 
843 197 15 19 0.070809744 
561 150 10 13 0.069149 
711 139 10 15 0.065180585 
127 197 9 13 0.064799495 
916 129 13 15 0.062608 
300 199 17 20 0.061378937 
411 178 13 17 0.06061327 
474 195 16 23 0.059745066 
1000 159 22 34 0.05930369 
406 149 10 11 0.057228692 
426 151 10 13 0.05685247 
307 203 14 19 0.056597557 
435 155 10 13 0.054393165 
55 214 10 13 0.05436104 
255 96 14 17 0.054214254 
479 166 9 13 0.05359296 
718 152 14 17 0.052161478 
461 143 9 11 0.05154639 
180 207 10 12 0.051496778 
222 199 12 15 0.050942723 
556 155 13 18 0.050444853 
71 192 11 12 0.048463877 
636 257 16 20 0.048294347 
160 220 13 17 0.04751229 
232 226 15 19 0.04716627 
212 197 20 24 0.04701919 
882 184 30 34 0.045775693 
370 173 9 11 0.045334812 
296 182 11 13 0.045098703 
7 138 10 14 0.044156283 
139 219 13 16 0.04369196 
811 144 15 17 0.043589227 
421 178 12 16 0.043027118 
57 259 16 23 0.042888492 
170 190 9 11 0.042495757 
471 140 10 12 0.041670684 
24 208 9 12 0.041539844 
113 128 9 12 0.04133944 
268 187 10 12 0.041281715 
655 279 41 57 0.041191354 
169 183 7 10 0.04118877 
219 453 31 32 0.040725317 
466 250 19 24 0.040698603 
28 269 11 15 0.040564016 
914 105 9 12 0.04051083 
190 172 8 11 0.040419456 
442 198 20 25 0.040378887 
391 192 12 14 0.040309984 
229 196 11 14 0.039679486 
40 265 21 28 0.03913224 
1011 174 12 19 0.039001204 
71 150 11 16 0.03883025 
334 177 10 13 0.03872006 
303 173 11 14 0.038503386 
10 219 11 15 0.038270608 
247 175 9 11 0.037756987 
908 140 16 20 0.037477482 
208 173 9 11 0.03741171 
21 231 12 13 0.037053447 
991 171 23 28 0.036865443 
290 211 13 17 0.036810122 
101 196 9 11 0.036677323 
846 216 22 35 0.036480524 
638 253 23 33 0.0364194 
226 187 11 13 0.036363903 
143 226 13 17 0.03635299 
95 223 14 17 0.03629678 
79 214 8 11 0.035885114 
351 168 8 11 0.03583599 
26 332 49 64 0.035714515 
153 194 11 14 0.03525005 
618 410 22 29 0.034875527 
912 132 22 28 0.034811143 
300 178 12 15 0.034769222 
992 176 14 17 0.034759846 
510 102 15 17 0.034133974 
224 159 8 10 0.03412283 
208 199 13 17 0.034066427 
253 232 21 25 0.033945467 
196 241 16 21 0.033756368 
937 116 10 12 0.033647772 
20 198 9 11 0.033564456 
498 156 13 17 0.033348013 
1000 156 11 14 0.032980666 
692 141 10 14 0.032887742 
723 414 26 29 0.03288442 
877 202 30 39 0.032566093 
234 218 16 20 0.03251647 
28 266 36 50 0.03245685 
450 147 10 13 0.03234295 
30 209 9 11 0.032337766 
96 183 8 11 0.032225378 
80 222 9 12 0.032188956 
396 185 13 17 0.032184236 
34 467 41 35 0.032158256 
394 181 10 13 0.03202625 
406 158 10 11 0.031685937 
1015 143 11 17 0.03147758 
15 193 8 10 0.031428397 
512 162 15 18 0.031185687 
128 192 9 12 0.031087242 
762 193 27 39 0.030890198 
425 171 11 15 0.030888537 
737 21 16 21 0.030467665 
25 242 12 17 0.030211575 
179 213 14 17 0.03018304 
632 268 38 51 0.02946058 
485 201 13 19 0.029362597 
868 161 13 18 0.029312406 
45 200 9 11 0.028976824 
453 154 13 15 0.028818326 
88 220 10 14 0.02868127 
101 207 12 14 0.028651422 
246 227 20 26 0.028509302 
97 206 11 14 0.027236637 
109 216 21 25 0.027065935 
228 230 19 26 0.026998729 
110 61 10 13 0.02690533 
192 184 10 12 0.026766095 
284 219 14 17 0.026745627 
16 197 9 11 0.026732326 
430 177 13 17 0.026692877 
842 197 24 32 0.02668994 
438 169 10 13 0.02640602 
418 188 14 19 0.026395211 
510 186 17 20 0.02624368 
300 281 16 21 0.026169328 
903 179 15 19 0.0260067 
64 204 11 13 0.02599637 
124 200 19 23 0.02599635 
255 217 12 15 0.025931472 
375 204 23 30 0.02568637 
515 168 14 18 0.025673691 
229 164 9 12 0.025487157 
370 187 14 17 0.025474215 
644 410 13 18 0.025412414 
112 195 18 23 0.025392693 
983 289 30 42 0.025333147 
369 169 8 11 0.025234483 
24 217 12 14 0.02517485 
563 155 11 15 0.024971604 
419 696 23 33 0.024954913 
603 141 15 20 0.02492218 
407 194 13 18 0.024896182 
312 142 9 11 0.024723442 
655 230 34 39 0.024712568 
1012 215 12 20 0.024495203 
71 216 8 11 0.024447104 
87 176 8 10 0.024230132 
6 210 10 12 0.024114594 
132 198 10 13 0.0239136 
609 429 18 21 0.023847668 
182 190 9 11 0.023794867 
549 185 12 18 0.023630327 
175 185 8 11 0.023616629 
55 256 12 15 0.023554519 
449 158 11 13 0.023466188 
628 248 26 33 0.023221398 
643 252 41 55 0.023195494 
715 119 11 15 0.023029637 
581 154 13 17 0.022996835 
5 190 9 11 0.022941729 
4 237 13 17 0.02285577 
208 192 10 13 0.022779956 
53 207 9 13 0.02269989 
350 192 15 19 0.022571405 
69 220 9 12 0.022501323 
655 147 12 15 0.022421768 
134 105 12 17 0.022399154 
459 147 10 14 0.022308212 
838 180 24 32 0.02230474 
447 166 9 12 0.02228573 
631 169 16 22 0.022245826 
383 167 9 11 0.022243522 
148 222 13 17 0.022234265 
344 189 11 15 0.021956732 
944 260 25 29 0.021841682 
636 398 12 16 0.02181383 
29 274 13 16 0.02170486 
695 137 9 11 0.021642556 
704 130 12 14 0.02145846 
443 180 12 16 0.021419842 
246 182 18 23 0.021302937 
963 348 30 48 0.021288088 
272 196 11 16 0.021079509 
905 126 11 13 0.021043388 
0 239 10 15 0.020922473 
285 138 11 14 0.020864539 
322 195 16 20 0.020840496 
61 255 12 15 0.02083058 
922 145 13 16 0.020702444 
475 138 13 15 0.020700999 
783 197 20 27 0.020632938 
516 182 16 19 0.020611558 
345 170 9 11 0.020547645 
453 163 10 12 0.02045098 
526 140 13 15 0.020434758 
207 181 9 12 0.020425731 
586 144 22 32 0.020366184 
927 251 14 18 0.0202858 
79 208 8 11 0.020242905 
198 205 10 14 0.020239044 
452 173 11 13 0.020204674 
126 211 19 24 0.020008205 
