2_Demonstration_Demonstration_Or_Protest_2_158
238
988 217 31 38 0.9893763 
516 186 43 54 0.9870581 
184 217 28 41 0.9704179 
473 232 26 34 0.9662537 
855 238 21 25 0.939345 
9 192 25 39 0.81838506 
61 263 15 20 0.7521043 
694 259 10 12 0.7400126 
675 258 12 15 0.6898553 
173 248 32 46 0.5614842 
371 241 16 20 0.5482974 
522 135 16 19 0.47611254 
100 257 16 19 0.4505061 
279 252 13 16 0.41748467 
881 131 17 22 0.36793357 
302 253 10 14 0.36362225 
818 116 26 33 0.31993315 
760 260 39 40 0.28321782 
398 255 12 16 0.2699883 
814 426 187 209 0.26485476 
29 161 20 34 0.23734169 
851 122 17 24 0.21516666 
499 236 15 20 0.20427327 
749 269 43 48 0.18207291 
353 233 8 11 0.15526469 
630 243 14 16 0.15430343 
636 252 8 11 0.14352547 
293 252 12 15 0.13469297 
615 252 11 13 0.12164842 
284 248 14 17 0.1186768 
868 208 40 53 0.112315945 
887 132 21 26 0.103314206 
862 145 11 14 0.1018806 
31 246 11 16 0.10134285 
308 254 9 13 0.10133075 
648 247 9 12 0.0995689 
252 259 12 15 0.099319704 
18 165 25 39 0.09301825 
283 254 16 19 0.08835174 
270 257 11 15 0.08767866 
665 252 11 14 0.08711749 
810 230 23 29 0.08595598 
321 237 9 12 0.08294869 
858 222 38 50 0.08050651 
264 253 10 14 0.07915955 
869 22 9 10 0.07797272 
365 245 17 22 0.07738728 
729 244 15 19 0.074298844 
376 213 9 12 0.07327376 
822 84 14 19 0.07302243 
370 250 21 27 0.07266541 
805 238 21 28 0.06884107 
689 258 10 14 0.066839054 
361 221 7 9 0.06674885 
621 253 9 11 0.06513571 
668 245 16 20 0.062928095 
418 222 8 11 0.06206917 
814 18 10 14 0.061010975 
335 238 8 10 0.060428478 
356 127 12 15 0.05939911 
446 216 14 18 0.058883026 
320 224 8 10 0.058118306 
820 239 14 17 0.056374352 
61 255 12 15 0.054050915 
119 240 12 13 0.05363987 
308 149 9 12 0.053360935 
738 254 82 93 0.053315796 
252 267 12 14 0.052915733 
43 267 10 15 0.05204601 
320 229 9 11 0.051617123 
769 273 35 41 0.051431 
140 246 13 18 0.050179034 
328 258 10 15 0.04998537 
342 341 36 37 0.049776033 
677 264 12 14 0.04847576 
116 248 21 27 0.048187464 
670 281 13 16 0.047203843 
468 238 20 24 0.046892416 
845 86 12 16 0.04661326 
523 145 14 17 0.046487235 
653 248 8 11 0.045535102 
397 223 8 10 0.045500774 
877 243 13 16 0.045236513 
654 280 15 19 0.044125043 
554 199 18 23 0.043977275 
391 252 13 18 0.043742675 
367 216 8 10 0.043527327 
94 264 14 17 0.043339554 
301 172 8 11 0.04310025 
377 209 9 11 0.042892884 
186 260 17 26 0.042617675 
98 255 13 14 0.04255871 
749 75 12 15 0.04237094 
382 208 8 11 0.042286478 
122 245 13 16 0.04211466 
431 191 9 12 0.04127695 
804 209 37 46 0.039980978 
767 74 13 15 0.039570663 
742 118 15 19 0.039397053 
896 134 17 21 0.038692392 
326 238 9 11 0.038387943 
543 152 10 12 0.0383004 
787 284 13 15 0.03822112 
127 247 25 31 0.037912715 
878 39 9 12 0.03723813 
357 231 9 13 0.037154358 
624 245 10 14 0.037079677 
229 97 216 253 0.036791105 
669 235 15 16 0.036720727 
379 239 10 13 0.03589188 
883 98 15 19 0.035304565 
521 154 16 19 0.035141345 
156 220 25 28 0.03436631 
533 189 34 40 0.034321085 
429 234 15 19 0.034174446 
877 16 9 11 0.033979878 
344 221 7 10 0.033733245 
5 197 39 54 0.0335621 
336 233 8 10 0.033010483 
631 257 12 14 0.03280976 
417 207 7 9 0.032779194 
845 156 22 30 0.032762863 
42 168 13 19 0.03258973 
620 238 20 26 0.032442633 
359 121 9 10 0.031725872 
701 256 9 12 0.031608768 
623 237 13 16 0.031077527 
718 230 10 11 0.030380707 
872 16 9 12 0.030234126 
881 71 9 11 0.030002546 
240 267 11 14 0.029986242 
654 252 9 12 0.029770747 
655 372 27 32 0.029739449 
775 263 23 24 0.028994389 
90 262 10 14 0.028629784 
417 228 10 13 0.028558249 
518 148 13 16 0.028425857 
754 68 14 18 0.02840448 
606 194 12 15 0.027889565 
667 289 17 20 0.027882382 
637 239 11 15 0.027435718 
264 240 10 12 0.02737221 
822 20 10 13 0.027137721 
269 246 12 16 0.027120123 
391 216 9 11 0.027102593 
378 260 17 22 0.027075056 
493 236 27 31 0.02689456 
607 251 16 17 0.0266391 
774 255 48 63 0.026602676 
383 221 8 11 0.026445135 
818 228 17 21 0.026297428 
334 243 9 13 0.026085507 
751 6 10 13 0.026006496 
187 212 18 27 0.02587599 
541 288 397 457 0.025860421 
288 237 11 13 0.025790835 
69 253 9 13 0.025536828 
325 230 9 11 0.025374847 
660 290 15 19 0.025302649 
436 218 16 19 0.025127105 
358 255 13 19 0.024994766 
690 254 19 24 0.024886165 
410 163 9 12 0.024859482 
424 235 10 14 0.024800964 
95 260 26 33 0.02476173 
286 191 8 12 0.024757188 
710 253 9 12 0.024673821 
803 84 13 18 0.024608167 
389 264 15 21 0.024547784 
796 244 25 31 0.024518723 
345 208 8 11 0.024223099 
837 83 13 19 0.024153154 
691 313 12 15 0.024078125 
815 83 14 19 0.02397475 
664 238 11 12 0.023925595 
664 304 13 17 0.023848146 
460 236 18 21 0.02380176 
813 71 12 14 0.023658166 
693 439 14 17 0.023647433 
260 277 11 15 0.023642765 
752 9 24 29 0.023562822 
646 238 9 12 0.023558315 
875 231 25 33 0.023555722 
862 46 9 11 0.023507932 
407 237 10 13 0.023471586 
868 76 11 13 0.023462238 
24 244 21 25 0.023424722 
744 25 10 14 0.023222037 
344 213 9 12 0.02318156 
261 267 12 15 0.023099454 
349 125 20 29 0.023058588 
89 255 8 11 0.023035804 
806 230 13 18 0.022798652 
660 384 15 18 0.022745715 
748 55 13 17 0.022709629 
370 271 17 20 0.022611871 
819 14 12 14 0.022546051 
309 156 9 11 0.022514958 
162 261 34 37 0.022408564 
794 229 22 30 0.022378877 
518 177 29 39 0.022328418 
245 266 12 14 0.022325817 
567 110 10 13 0.022257129 
124 262 17 24 0.022080977 
820 3 11 13 0.02197846 
621 231 11 14 0.021825328 
395 132 12 15 0.021817042 
336 222 7 9 0.021662623 
808 20 11 14 0.021661162 
675 230 13 17 0.021568576 
728 222 9 11 0.02156514 
727 239 13 16 0.021510756 
700 246 12 13 0.021428581 
512 148 11 16 0.02136427 
845 80 12 14 0.021346956 
614 245 20 25 0.021309715 
837 52 11 14 0.02104328 
342 236 9 12 0.020962674 
18 186 17 28 0.020957507 
343 232 8 10 0.020881964 
877 260 14 17 0.020835489 
382 229 9 12 0.020804461 
196 410 57 68 0.020797381 
431 224 21 26 0.020604253 
359 243 13 18 0.020530473 
740 6 11 13 0.0205186 
783 531 12 15 0.020395478 
1000 499 25 41 0.020378157 
174 227 15 18 0.02036143 
742 274 32 34 0.020323223 
288 230 9 12 0.020319173 
269 264 13 17 0.020266673 
36 260 14 18 0.02022722 
391 237 10 12 0.020213073 
312 229 8 11 0.020177212 
55 207 8 10 0.020081488 
163 225 51 55 0.020056358 
327 265 11 16 0.020009028 
