2_Demonstration_Demonstration_Or_Protest_2_114
39
359 127 87 140 0.99909973 
119 294 88 132 0.9975604 
499 326 34 53 0.9942694 
585 276 73 105 0.9903543 
768 370 50 67 0.9777019 
822 120 27 30 0.95973986 
904 121 29 41 0.47083032 
473 638 12 15 0.37690458 
770 353 17 24 0.25343925 
937 131 31 42 0.20205037 
493 644 17 23 0.18823506 
512 344 43 51 0.11447806 
763 359 32 46 0.10418425 
741 292 16 19 0.09653245 
814 226 25 33 0.09357724 
550 424 41 56 0.077473156 
934 108 49 73 0.07708411 
736 292 29 32 0.058720157 
749 329 12 16 0.04381659 
914 236 31 35 0.041450847 
469 631 20 25 0.038481787 
527 345 46 64 0.036555767 
850 156 14 17 0.034696467 
955 100 58 87 0.0335342 
747 285 15 19 0.033252724 
757 355 26 37 0.033111002 
915 124 32 45 0.03177023 
18 466 22 30 0.031318903 
462 597 10 12 0.03005751 
494 639 12 15 0.02729856 
452 603 13 16 0.02593536 
461 614 28 37 0.023771528 
562 411 48 67 0.02313219 
761 183 9 10 0.022688562 
447 605 11 13 0.022495503 
759 356 14 19 0.022187026 
811 104 44 49 0.021843182 
553 356 48 67 0.021416653 
440 644 12 16 0.021271056 
