2_Demonstration_Protesters_2_351
26
226 109 35 44 0.99240327 
105 22 55 57 0.8799233 
383 -4 48 47 0.7922457 
426 53 28 46 0.43775043 
610 47 32 45 0.27622324 
904 9 42 56 0.18537037 
953 50 65 98 0.16828972 
451 53 38 51 0.15868159 
356 2 64 52 0.14421067 
0 65 24 37 0.12320008 
644 109 28 31 0.09150733 
416 40 30 47 0.074072525 
633 62 35 38 0.06908451 
604 101 16 24 0.05629841 
342 0 54 39 0.032444138 
478 546 13 15 0.03173811 
24 -3 33 38 0.029500417 
603 487 33 32 0.027146248 
599 483 65 54 0.025735565 
637 97 43 51 0.025444718 
677 80 16 20 0.023870658 
439 250 11 13 0.023728047 
514 308 28 34 0.023177529 
846 292 53 62 0.02090889 
90 4 30 50 0.020897482 
477 40 38 54 0.02086374 
