2_Demonstration_Protesters_2_258
24
176 215 109 120 0.99942774 
73 157 91 111 0.99901104 
806 251 109 124 0.9989919 
599 187 102 125 0.99053043 
371 284 27 35 0.40806934 
388 337 29 40 0.18047915 
385 362 34 42 0.07375172 
394 350 32 41 0.06777604 
682 268 16 20 0.048405554 
358 240 27 35 0.048317272 
380 365 14 20 0.04642661 
380 383 54 77 0.041235138 
638 230 71 93 0.04006691 
371 361 29 44 0.032795373 
603 152 158 203 0.02933808 
130 126 38 38 0.026095442 
378 346 30 41 0.025921298 
1014 329 10 20 0.023990082 
395 344 19 24 0.023218522 
103 136 22 22 0.022643277 
391 376 35 44 0.021783905 
112 136 66 80 0.021311495 
133 132 16 16 0.021247689 
376 363 12 18 0.020441439 
