2_Demonstration_Demonstration_Or_Protest_2_487
25
185 74 326 455 0.9984755 
15 388 113 174 0.997849 
451 1059 139 183 0.99665254 
709 1227 101 151 0.900988 
615 1286 101 130 0.4465009 
795 497 141 181 0.22957598 
752 55 42 64 0.15694809 
654 1267 99 139 0.12974353 
356 981 168 266 0.1255635 
140 486 50 57 0.0657579 
739 67 36 52 0.057214342 
794 1132 27 37 0.051793426 
353 780 388 447 0.05165192 
593 602 325 457 0.04438016 
977 1091 12 17 0.040684894 
723 -4 54 68 0.03349608 
841 1130 24 27 0.030128777 
734 21 55 76 0.026570259 
739 33 72 106 0.026140926 
11 211 33 39 0.026109952 
85 172 36 36 0.02307677 
532 1208 189 277 0.021263737 
710 738 97 127 0.020783048 
46 158 24 28 0.020621525 
1 117 26 46 0.020572066 
