2_Demonstration_Political_Rally_2_135
151
147 543 76 101 0.96326625 
936 637 79 96 0.9469974 
519 452 85 84 0.6241343 
45 672 51 68 0.50296843 
508 347 85 65 0.47962058 
339 683 11 15 0.19540961 
45 712 14 23 0.18982923 
984 10 25 40 0.16167358 
377 662 10 12 0.16016649 
245 344 18 21 0.14103983 
22 1115 59 82 0.13611865 
218 621 30 37 0.120110884 
524 1290 13 15 0.114962414 
0 1034 26 44 0.113865286 
90 680 25 37 0.113146655 
813 364 14 17 0.11141548 
830 786 9 12 0.109950945 
266 326 25 30 0.10703534 
208 638 50 67 0.105581254 
12 641 15 18 0.10225834 
395 670 11 14 0.089624524 
444 698 12 15 0.08906821 
1 714 20 30 0.08623042 
73 679 33 44 0.08300064 
884 786 24 32 0.082534075 
402 695 17 18 0.082477964 
521 1294 11 13 0.07440999 
395 676 12 16 0.07278321 
152 371 37 43 0.07256697 
340 523 15 20 0.065434285 
374 687 16 23 0.06410739 
66 324 28 32 0.06410579 
789 361 15 18 0.06302516 
231 307 26 32 0.06278574 
427 685 12 14 0.060768194 
12 663 15 19 0.05794669 
848 365 11 14 0.057676297 
268 320 20 22 0.056067742 
872 777 30 37 0.05599503 
99 292 18 22 0.05578018 
255 332 26 31 0.05238772 
864 769 24 33 0.049481288 
144 281 30 38 0.047807697 
783 364 13 16 0.047121327 
125 235 11 13 0.046742037 
313 -47 463 501 0.04666179 
419 645 12 15 0.04653695 
415 649 14 17 0.046464384 
810 260 14 20 0.04645242 
426 691 14 17 0.044515792 
411 691 15 19 0.04421918 
306 333 18 23 0.043912705 
98 677 13 17 0.043453198 
292 296 16 19 0.042135302 
884 349 13 17 0.042094003 
874 775 16 22 0.04164041 
896 794 14 18 0.041596502 
856 776 24 35 0.04105223 
86 365 27 28 0.040793244 
904 901 26 33 0.039576083 
228 282 16 19 0.039563395 
412 669 13 16 0.039489295 
340 696 12 17 0.038781125 
32 636 12 17 0.037459545 
417 771 23 29 0.03505723 
80 674 52 64 0.034733646 
326 687 23 34 0.034679536 
439 672 15 17 0.03453459 
469 309 15 17 0.03314485 
444 675 15 17 0.032969017 
906 725 24 34 0.03289721 
172 579 85 110 0.03286735 
392 664 10 13 0.032712407 
45 665 90 103 0.032223783 
339 346 38 50 0.032185677 
237 329 24 29 0.03194729 
324 321 16 21 0.031907517 
211 609 48 65 0.031859078 
17 779 17 19 0.031770986 
797 393 14 18 0.03144011 
438 694 15 17 0.03142233 
147 274 18 21 0.031312853 
319 305 15 18 0.031122651 
172 579 466 474 0.030919744 
452 298 133 113 0.030838111 
391 697 13 16 0.030189358 
772 356 13 16 0.030017383 
545 425 87 101 0.029944131 
299 681 38 58 0.029859068 
452 674 14 18 0.028869314 
7 664 22 31 0.028485332 
350 532 11 14 0.028021906 
422 640 9 12 0.02800887 
607 377 55 78 0.027767051 
38 257 13 14 0.02756954 
421 667 12 16 0.027443567 
25 1048 28 30 0.027273681 
312 705 25 42 0.027192416 
390 680 14 20 0.027166108 
381 538 13 16 0.026483817 
316 688 27 44 0.026385313 
156 888 16 21 0.026376294 
915 867 12 15 0.026313636 
942 681 60 80 0.026153045 
158 357 29 32 0.026063105 
328 346 26 31 0.026013413 
935 612 60 80 0.025959445 
1008 849 13 19 0.02580097 
337 566 38 49 0.02563213 
21 637 14 18 0.025114328 
505 1293 8 12 0.024796683 
7 769 27 35 0.02456895 
182 641 84 97 0.0245001 
543 335 40 36 0.024368921 
110 239 11 13 0.024209576 
227 311 19 23 0.024202654 
45 695 25 42 0.02399997 
1010 737 14 23 0.023887228 
725 346 26 31 0.023847645 
264 522 37 56 0.023610704 
44 672 13 19 0.023496566 
578 410 88 119 0.023164835 
376 678 10 12 0.022758964 
177 341 25 32 0.022752805 
844 772 24 33 0.022732282 
385 1092 387 429 0.02271239 
915 1469 15 16 0.022706853 
52 663 26 34 0.022696236 
314 322 21 27 0.022439128 
32 1139 59 90 0.022357356 
7 640 24 32 0.022173773 
51 76 422 477 0.021692663 
262 341 30 31 0.021422017 
179 275 15 18 0.021413496 
325 379 11 15 0.021151468 
43 1152 38 45 0.021018077 
779 417 16 21 0.02091376 
318 670 9 13 0.020840414 
418 603 10 12 0.02079202 
893 886 44 57 0.020700969 
307 287 432 546 0.020472059 
531 329 76 55 0.020383783 
355 336 41 56 0.020365823 
328 572 11 16 0.020363756 
293 326 25 32 0.020278964 
139 358 31 38 0.020271407 
234 347 26 32 0.020228488 
105 288 25 30 0.020197794 
487 355 109 126 0.020178756 
379 664 12 16 0.020149603 
435 677 24 24 0.02003295 
