2_Demonstration_Demonstration_Or_Protest_2_615
68
759 256 28 33 0.999348 
2 266 34 42 0.99910444 
37 248 33 43 0.99863106 
429 249 32 38 0.9980812 
287 220 34 41 0.99799025 
895 243 32 36 0.99760026 
118 250 34 43 0.99731785 
826 251 29 33 0.9966673 
942 243 32 37 0.99585044 
506 268 24 34 0.9952192 
559 243 25 31 0.99520457 
610 259 24 30 0.98221797 
675 255 20 27 0.91458875 
181 250 29 31 0.876591 
718 269 20 25 0.48735395 
652 271 23 26 0.3762267 
532 249 22 26 0.18816863 
375 207 43 57 0.16494454 
548 245 23 30 0.13063072 
358 273 23 30 0.11977176 
336 214 31 40 0.11398358 
661 264 22 28 0.09802944 
710 266 20 31 0.09332944 
535 282 25 27 0.089128494 
525 233 24 28 0.08314549 
590 292 16 19 0.07714111 
323 217 28 37 0.055177294 
538 243 15 19 0.05350543 
357 192 39 44 0.03946097 
308 219 29 37 0.03883534 
728 269 18 22 0.038170904 
618 253 16 20 0.038003545 
191 255 27 32 0.037936464 
614 267 25 32 0.03774163 
794 226 29 37 0.037189286 
1011 243 12 17 0.03698005 
624 261 18 25 0.036033336 
165 265 12 17 0.035797656 
405 226 46 57 0.035702165 
700 270 18 26 0.035469964 
629 265 24 31 0.035130717 
494 244 23 26 0.033176087 
758 203 14 17 0.03278427 
653 261 18 22 0.03176503 
674 266 18 24 0.027979275 
796 208 45 57 0.027193472 
339 223 18 22 0.026914952 
807 230 40 50 0.026388835 
636 246 15 18 0.025994461 
420 213 16 17 0.025701769 
809 253 27 34 0.025462946 
393 229 18 25 0.025141845 
579 248 15 21 0.025080133 
166 246 23 33 0.024624573 
523 227 16 19 0.023861337 
808 284 13 16 0.023743557 
628 251 13 18 0.023460247 
684 258 21 30 0.022833236 
3 223 21 29 0.022764657 
359 256 36 53 0.022712186 
162 258 23 29 0.022608234 
335 193 53 65 0.022482725 
378 262 30 38 0.020710949 
674 279 16 20 0.02058502 
505 239 21 27 0.020519799 
669 259 18 25 0.020383721 
552 467 27 32 0.020353135 
511 234 13 19 0.020198125 
