2_Demonstration_Demonstration_Or_Protest_2_419
37
284 237 52 81 0.99891615 
26 407 55 70 0.9977381 
792 176 64 82 0.9951906 
307 606 43 73 0.99345326 
457 277 61 70 0.986161 
641 479 44 79 0.9133372 
136 404 42 62 0.7995539 
76 424 50 64 0.63376 
29 591 73 89 0.3901547 
126 405 33 52 0.25246146 
1 384 34 44 0.2050677 
-1 483 22 55 0.10197031 
11 394 47 69 0.05359802 
880 312 41 54 0.051254455 
707 504 44 60 0.049662616 
144 485 33 39 0.047077917 
759 30 23 29 0.044773348 
821 172 64 73 0.04361641 
331 251 47 63 0.043437805 
989 578 25 35 0.04325987 
98 405 48 66 0.042420186 
456 285 37 48 0.042183388 
16 389 29 44 0.041495886 
738 75 23 28 0.034951556 
967 262 22 30 0.031828433 
849 170 54 63 0.028393406 
-4 460 43 76 0.027177256 
897 108 15 20 0.025506893 
18 387 15 22 0.025359794 
0 384 23 26 0.024501354 
716 30 413 450 0.024227036 
1002 586 12 17 0.022065239 
523 145 388 443 0.02181911 
776 307 41 54 0.020999776 
750 130 47 68 0.020943463 
827 17 16 21 0.02085817 
379 585 48 66 0.020089634 
