2_Demonstration_Protesters_2_163
479
50 177 18 21 0.9907774 
220 120 34 42 0.98070955 
368 153 14 18 0.977444 
157 184 16 22 0.93873286 
961 12 26 31 0.9267563 
102 195 15 17 0.9125661 
690 150 10 12 0.72595316 
590 124 10 13 0.7232078 
499 124 12 14 0.70396894 
429 132 9 12 0.6898235 
751 158 9 11 0.68629295 
865 70 11 12 0.63367707 
616 110 9 11 0.6296972 
523 116 11 14 0.48931965 
309 163 11 13 0.46823192 
680 162 12 14 0.4622075 
124 198 17 20 0.45234868 
82 209 22 27 0.42643028 
538 124 9 12 0.40576532 
509 266 17 20 0.40430576 
901 129 10 11 0.38337818 
599 108 9 11 0.37215036 
664 179 17 22 0.36912563 
531 181 12 15 0.36686057 
685 155 13 16 0.3572439 
559 123 10 12 0.3442473 
808 118 9 11 0.3227876 
785 150 9 12 0.31241566 
478 194 11 13 0.28451627 
304 165 10 12 0.27247018 
648 320 59 58 0.26925018 
390 133 9 11 0.2676254 
545 525 51 48 0.25794402 
486 140 9 12 0.25496006 
540 118 9 12 0.24785765 
278 163 12 15 0.22805722 
528 186 13 16 0.22422515 
641 111 8 11 0.22398773 
773 93 9 12 0.22124751 
644 118 9 11 0.21897803 
14 205 11 14 0.21828741 
573 117 10 12 0.21366012 
282 159 12 14 0.2087256 
415 136 9 11 0.19214883 
455 125 11 14 0.19024871 
524 313 55 69 0.1870618 
135 167 13 19 0.18567692 
521 112 9 11 0.18049575 
926 54 10 13 0.17292258 
327 158 9 11 0.17197925 
590 131 9 12 0.17082815 
895 77 14 16 0.17054345 
863 64 10 11 0.16123624 
895 85 11 13 0.15565036 
799 144 10 13 0.15520193 
368 174 10 13 0.1427169 
416 167 10 12 0.12921856 
563 410 64 64 0.124970116 
512 150 7 9 0.124545686 
922 56 10 12 0.12285448 
90 202 18 24 0.12027552 
576 125 9 12 0.11849231 
766 124 8 11 0.11815631 
768 120 8 11 0.11762815 
357 141 9 13 0.11396974 
1011 130 12 19 0.113821924 
61 236 12 14 0.11358749 
296 166 11 14 0.11327769 
403 143 7 10 0.10985487 
497 121 10 12 0.105921045 
752 162 10 11 0.10033319 
444 119 9 11 0.09865689 
421 138 12 14 0.0978317 
425 710 34 36 0.09588164 
613 126 8 10 0.09552911 
552 118 8 11 0.09161846 
339 177 16 21 0.090567484 
319 166 8 11 0.08988663 
758 112 7 10 0.08973643 
372 174 11 13 0.0890179 
34 179 14 18 0.0890173 
790 144 9 11 0.08854241 
382 173 10 13 0.08744798 
482 141 9 11 0.0874352 
117 218 16 20 0.08672478 
140 159 9 12 0.086420216 
568 117 9 12 0.08627427 
460 141 10 12 0.08509438 
470 133 9 11 0.08505569 
159 162 15 19 0.08491545 
561 183 11 13 0.08350272 
774 117 7 11 0.08335517 
964 24 27 34 0.08309253 
356 689 50 52 0.08007401 
543 112 8 10 0.079918444 
667 188 22 28 0.07920994 
785 117 9 10 0.0785904 
460 131 12 14 0.07838152 
501 264 30 35 0.077201016 
91 222 15 19 0.07546778 
759 140 11 13 0.07475438 
784 113 8 11 0.07450858 
633 326 39 35 0.07425166 
45 252 12 18 0.07353844 
408 136 8 11 0.072481245 
406 142 8 11 0.0712991 
332 158 9 12 0.07053332 
550 434 71 64 0.07043811 
487 295 10 12 0.06866448 
342 135 9 11 0.06819516 
21 241 16 21 0.06674797 
775 113 8 11 0.06591034 
547 330 39 49 0.06588379 
447 123 11 14 0.06570797 
485 191 10 12 0.06565251 
415 159 10 12 0.06502327 
352 141 10 12 0.06425533 
848 77 8 9 0.06381175 
553 124 10 12 0.06374974 
535 103 8 9 0.06352638 
900 71 13 15 0.0633305 
849 133 9 11 0.061660193 
753 119 8 10 0.06118402 
524 236 13 14 0.060957655 
760 119 8 10 0.060923602 
401 149 9 11 0.060223084 
0 205 10 16 0.06006578 
259 174 16 21 0.0598848 
78 203 16 20 0.05950836 
714 398 60 64 0.05949697 
493 269 10 13 0.05949086 
273 165 11 15 0.05947466 
20 229 25 29 0.05940273 
736 190 9 11 0.05901088 
6 204 12 16 0.057844374 
552 104 7 9 0.056576967 
520 135 9 12 0.056526925 
541 132 10 12 0.056407645 
996 22 24 31 0.0562895 
849 149 8 10 0.0561445 
130 205 16 21 0.054949448 
538 140 8 11 0.054716248 
613 315 57 61 0.054560535 
419 171 10 12 0.054360136 
929 95 11 14 0.05381472 
526 135 8 10 0.05380947 
424 129 10 11 0.053334 
352 156 9 11 0.053070243 
327 164 8 12 0.052950915 
564 196 12 14 0.052689634 
901 60 12 13 0.052457877 
520 144 8 10 0.05130281 
399 135 8 11 0.051178038 
572 454 55 59 0.050679557 
117 210 14 18 0.050674822 
141 255 12 14 0.050423324 
260 167 11 14 0.048648007 
334 164 10 13 0.048553698 
155 166 22 29 0.048496485 
645 123 10 12 0.047823574 
519 148 8 10 0.047351662 
822 135 7 10 0.04734486 
1004 30 14 18 0.04729834 
1005 20 13 18 0.046498667 
512 257 25 33 0.046474237 
41 300 17 20 0.046254043 
522 258 14 21 0.04568027 
561 188 14 16 0.045676086 
570 112 8 11 0.045559272 
243 163 12 14 0.045483466 
858 61 8 10 0.045264546 
756 164 9 11 0.044425007 
134 190 12 16 0.044342056 
287 227 13 18 0.044226 
511 157 9 12 0.044201147 
518 500 44 55 0.044150148 
556 326 57 61 0.043781724 
528 177 11 12 0.043579202 
860 56 9 11 0.043486975 
676 333 37 46 0.04321836 
1003 109 10 14 0.042985473 
520 105 7 8 0.042551495 
99 225 11 16 0.042455096 
398 118 9 10 0.04226023 
417 151 9 12 0.04217138 
607 486 54 51 0.042125154 
505 323 51 72 0.041890062 
990 80 15 18 0.041501246 
749 372 63 63 0.04120099 
16 169 15 18 0.040701777 
321 158 42 51 0.040567745 
160 179 22 31 0.040414248 
585 140 10 11 0.040367994 
4 152 13 16 0.040102404 
528 104 7 8 0.039984386 
750 126 9 11 0.03995767 
480 136 9 11 0.039916806 
693 417 82 105 0.039465133 
572 203 14 16 0.03936757 
341 166 11 13 0.03919183 
408 700 60 59 0.03895088 
663 151 9 13 0.038820375 
719 139 10 12 0.038521823 
632 104 8 10 0.0383618 
335 173 14 17 0.03835636 
863 133 9 11 0.038061157 
428 150 11 13 0.037820175 
890 80 22 28 0.037741408 
270 171 13 18 0.036699478 
786 145 9 12 0.03667861 
605 204 27 28 0.03664915 
393 119 8 10 0.036646053 
437 133 9 13 0.036585588 
893 112 9 12 0.036393784 
125 192 13 16 0.03632116 
557 149 9 12 0.03620473 
421 149 12 13 0.036098234 
599 116 9 11 0.03608842 
750 143 11 13 0.03605231 
565 204 13 15 0.0360364 
671 148 12 15 0.03591082 
552 143 9 12 0.035901338 
558 112 8 9 0.035845585 
350 137 8 10 0.03542861 
853 132 10 12 0.035355832 
641 122 9 12 0.035103146 
328 173 9 11 0.034858037 
792 135 8 10 0.034704834 
551 111 7 10 0.03444883 
357 174 13 17 0.03441067 
830 455 42 39 0.03438582 
452 122 19 22 0.034285232 
598 180 13 15 0.0341203 
673 165 21 26 0.033997316 
535 95 8 10 0.03389314 
77 189 13 16 0.033838186 
804 146 11 13 0.0338368 
608 120 9 10 0.03381006 
688 132 10 12 0.033494316 
785 95 7 10 0.033419732 
427 136 12 14 0.03335889 
13 175 15 19 0.03320929 
736 149 9 11 0.033183824 
760 134 11 13 0.03291792 
368 136 8 9 0.032492843 
385 129 8 11 0.032191 
323 189 31 42 0.032133486 
784 101 8 10 0.032132704 
321 158 10 13 0.032103524 
255 158 14 16 0.031705134 
309 168 13 15 0.03168215 
440 158 9 11 0.03146051 
815 71 7 8 0.031388897 
743 367 113 95 0.03135874 
720 110 8 9 0.031304 
737 166 10 13 0.030962821 
0 157 10 14 0.030851806 
14 242 13 18 0.03084532 
455 165 8 10 0.030818611 
608 96 7 9 0.030728817 
694 133 9 11 0.030630946 
585 120 9 11 0.03036534 
672 201 14 18 0.030352132 
28 235 24 30 0.030283429 
802 102 7 9 0.03011461 
606 104 8 9 0.029918384 
559 165 11 14 0.02975926 
601 141 9 11 0.029693836 
250 161 23 27 0.029674064 
664 214 11 15 0.029655188 
487 264 9 12 0.029637335 
569 103 7 9 0.029624816 
3 209 13 18 0.02960722 
832 149 8 10 0.029540163 
1012 18 11 17 0.02946558 
900 91 11 15 0.029351223 
148 160 21 28 0.029086044 
591 443 61 68 0.029076902 
634 109 8 11 0.02902856 
57 231 20 24 0.029008392 
469 128 9 11 0.028831368 
613 105 18 22 0.028785948 
473 192 10 11 0.02877214 
991 33 27 34 0.02874481 
17 216 23 29 0.028725885 
12 200 19 23 0.028667461 
150 150 10 13 0.028606951 
31 174 12 16 0.028548395 
587 134 9 12 0.028529968 
447 158 7 10 0.028474893 
201 111 34 38 0.028390812 
817 135 9 11 0.028177774 
867 64 10 13 0.028163435 
751 133 10 11 0.028089378 
352 150 11 13 0.027949927 
163 146 15 18 0.027923852 
441 113 9 10 0.027850723 
622 104 8 10 0.0277451 
822 127 9 12 0.027641144 
832 113 8 10 0.027622106 
555 348 66 69 0.027604263 
822 140 8 10 0.027522389 
746 125 8 11 0.027505301 
542 150 9 12 0.027290903 
479 276 10 11 0.027271444 
326 171 27 32 0.02724165 
385 688 98 95 0.02712064 
284 168 12 15 0.027048426 
997 41 13 16 0.02688431 
686 145 17 21 0.026814437 
582 198 10 12 0.0266977 
416 129 8 10 0.026675172 
879 87 9 11 0.026663939 
1002 121 18 27 0.026631854 
816 104 7 8 0.026620349 
863 66 17 21 0.026514232 
872 142 10 11 0.02651081 
591 315 30 42 0.026474154 
768 101 9 11 0.026284954 
328 178 11 15 0.026201278 
995 111 20 29 0.026135635 
513 110 8 10 0.026089821 
822 88 8 9 0.026076978 
50 249 15 22 0.026059644 
491 141 11 13 0.026042888 
-1 216 10 17 0.02599923 
129 166 11 15 0.025973154 
303 159 19 22 0.025899068 
807 135 9 10 0.02580533 
690 331 53 56 0.025685512 
565 166 11 13 0.025656171 
790 112 7 10 0.025652109 
446 130 11 16 0.025611725 
626 348 56 63 0.025506455 
144 151 9 12 0.025383541 
501 317 15 19 0.025379436 
504 104 7 9 0.025306445 
607 133 10 12 0.025296485 
496 112 7 9 0.02526178 
78 223 14 19 0.025247043 
595 109 9 11 0.025205694 
525 141 8 10 0.025165714 
5 242 15 18 0.024980813 
462 111 9 10 0.024954114 
561 192 21 23 0.024953129 
16 251 25 33 0.02489352 
550 132 10 12 0.024869673 
375 128 8 9 0.024861448 
444 119 19 24 0.024851609 
360 128 8 9 0.024820777 
151 155 11 15 0.024791703 
150 156 43 53 0.02472871 
36 174 20 26 0.024723314 
454 121 10 13 0.024722464 
334 151 9 11 0.024685478 
421 155 10 13 0.024521928 
263 151 9 11 0.024485353 
653 132 10 12 0.02443683 
785 124 9 12 0.024409296 
494 223 7 11 0.024369555 
100 206 15 21 0.024347095 
433 695 58 55 0.0242172 
817 87 7 10 0.024199164 
746 151 10 13 0.024161473 
417 134 20 22 0.02412413 
473 102 8 10 0.024047578 
456 189 9 11 0.024037238 
140 188 12 18 0.02398743 
457 111 8 9 0.023910282 
800 128 7 10 0.023903867 
41 255 21 28 0.023879651 
588 169 15 17 0.023845153 
799 134 8 10 0.023809047 
66 235 14 17 0.023678115 
275 162 21 25 0.02367364 
559 104 7 9 0.023466285 
454 160 8 10 0.023435589 
477 198 14 19 0.0234271 
587 179 16 18 0.02341646 
18 347 447 462 0.023404652 
814 152 8 9 0.023397407 
512 163 9 12 0.023288371 
162 159 21 29 0.023260828 
852 144 10 11 0.023184855 
692 144 10 13 0.023081027 
294 159 10 13 0.023028878 
518 435 68 63 0.023013182 
806 96 6 9 0.02296549 
683 165 15 20 0.022944942 
586 119 19 23 0.022907449 
10 211 23 28 0.022899354 
801 96 8 9 0.022891637 
424 112 8 10 0.02273952 
338 141 9 12 0.022717196 
807 114 9 11 0.022659056 
543 198 12 14 0.022652172 
440 124 9 13 0.022648139 
757 148 11 13 0.022604082 
54 241 14 20 0.022581285 
478 181 12 13 0.02257151 
599 134 8 11 0.022555945 
567 140 11 14 0.022493772 
839 60 9 10 0.022491325 
703 150 9 12 0.022470571 
576 393 39 43 0.022462366 
348 173 14 19 0.022407187 
671 196 25 30 0.022320269 
840 55 8 10 0.022298401 
711 120 7 9 0.022252517 
629 190 13 16 0.022228377 
895 98 11 14 0.022208208 
511 239 10 12 0.022121953 
13 186 12 15 0.02207058 
803 117 9 11 0.02204224 
461 147 10 12 0.022031853 
470 117 9 12 0.021980349 
832 159 8 10 0.021941477 
441 286 9 10 0.02193306 
564 172 12 14 0.021910463 
341 -33 216 217 0.021888498 
574 196 13 15 0.021807574 
814 124 9 12 0.021716774 
580 226 14 20 0.021716455 
302 169 45 56 0.021655949 
431 262 9 11 0.02165018 
523 324 14 18 0.021630242 
507 197 12 12 0.021612693 
575 132 9 11 0.021601861 
493 261 23 28 0.021521758 
489 119 8 12 0.021483028 
455 184 9 12 0.021449048 
709 125 8 10 0.021448096 
39 241 22 27 0.021445591 
906 69 12 14 0.021383587 
566 123 10 12 0.021355875 
593 118 99 113 0.021333737 
430 164 10 12 0.021321893 
527 121 10 13 0.021225827 
0 164 8 13 0.021222834 
534 113 19 23 0.021169497 
477 270 10 11 0.021164779 
90 230 17 21 0.021133795 
495 238 8 12 0.021100761 
447 511 9 11 0.021098023 
541 188 10 12 0.021086317 
790 127 9 10 0.021082794 
825 112 7 9 0.021066435 
383 141 10 12 0.021063408 
603 220 23 28 0.021053704 
573 227 15 19 0.020988625 
511 245 11 13 0.020932827 
134 177 13 17 0.02090722 
620 197 14 17 0.020883918 
416 112 8 9 0.020816315 
520 232 11 13 0.020809796 
746 151 20 23 0.020806082 
629 415 59 62 0.02077506 
309 180 13 16 0.020771332 
481 127 8 11 0.02073385 
559 157 9 12 0.020729154 
857 96 8 10 0.020712646 
544 104 7 10 0.020686261 
399 111 9 11 0.020637255 
505 262 12 15 0.020623753 
144 259 12 15 0.020561736 
158 140 12 15 0.020524034 
559 176 19 24 0.020514956 
640 87 9 10 0.02040235 
756 557 107 132 0.020379622 
772 165 10 12 0.020333447 
120 191 12 15 0.020302277 
50 266 13 18 0.020282056 
360 137 8 10 0.0202671 
102 157 11 13 0.020253528 
469 164 9 12 0.020230372 
752 95 8 9 0.020147756 
784 88 8 9 0.020146897 
930 52 12 14 0.020061098 
575 189 11 14 0.020028012 
