2_Demonstration_Demonstration_Or_Protest_2_586
378
471 144 25 35 0.99916434 
690 145 30 38 0.9978656 
838 201 27 35 0.99776363 
638 168 23 31 0.98986024 
384 186 27 36 0.986777 
141 145 21 30 0.95037526 
761 116 22 27 0.94374853 
133 120 11 14 0.8689394 
524 119 15 19 0.8312157 
173 126 16 20 0.80572575 
29 104 12 16 0.7836914 
997 147 17 24 0.69670993 
399 166 12 15 0.655481 
12 87 11 13 0.58368874 
409 103 16 20 0.56665254 
95 87 9 10 0.562255 
71 139 13 17 0.55830896 
387 134 14 20 0.5468995 
431 98 11 15 0.53339607 
108 130 12 15 0.5299139 
793 223 23 34 0.46030217 
787 113 13 17 0.4557094 
598 116 12 17 0.43301982 
129 101 9 13 0.42257324 
438 124 15 18 0.38177782 
70 92 9 11 0.37330726 
515 37 14 16 0.36433566 
959 107 14 18 0.34244248 
209 110 17 20 0.33260313 
1 96 8 12 0.3319526 
132 100 10 12 0.30497172 
287 159 15 23 0.30356124 
222 167 10 12 0.2828291 
69 64 9 11 0.26854748 
582 161 12 18 0.21360913 
11 3 11 14 0.17658566 
30 131 13 15 0.16977818 
64 94 9 11 0.16445684 
150 102 9 12 0.16014133 
573 172 14 17 0.15924992 
169 102 9 11 0.15881242 
54 83 9 11 0.15842377 
942 107 13 17 0.15821964 
0 72 9 12 0.15815777 
102 108 9 12 0.15762725 
48 115 11 13 0.1529093 
249 118 12 15 0.15155858 
117 148 15 19 0.14259295 
541 102 10 13 0.1368186 
86 54 10 12 0.13544706 
282 121 12 15 0.1350385 
16 68 9 11 0.13278505 
419 107 14 17 0.13220489 
573 133 9 12 0.13066752 
539 95 9 11 0.12949955 
383 103 8 10 0.12773015 
84 103 10 12 0.12747614 
52 112 9 11 0.12722227 
744 370 17 19 0.12546308 
65 66 10 13 0.1223693 
804 218 19 32 0.12108395 
759 105 41 46 0.12062262 
345 94 10 13 0.1122588 
777 111 20 24 0.11072024 
579 167 14 19 0.10920074 
777 232 30 33 0.10796616 
55 95 11 13 0.10708657 
149 95 9 11 0.10598278 
144 94 9 11 0.10513069 
85 108 11 14 0.105063654 
574 120 10 13 0.103702836 
567 170 14 18 0.101854086 
136 68 10 13 0.100733824 
65 109 9 11 0.10050667 
126 106 11 13 0.0993552 
400 97 8 12 0.096547954 
76 134 10 15 0.09362346 
444 118 21 26 0.09302428 
137 53 9 11 0.0902742 
36 127 9 12 0.08706966 
96 109 10 14 0.084811874 
324 143 14 17 0.0823523 
326 152 14 18 0.08197078 
533 106 12 16 0.08134392 
47 64 10 12 0.080166824 
988 153 24 28 0.08000954 
1 109 11 16 0.079215795 
313 122 51 57 0.078808144 
293 109 14 18 0.078769036 
359 88 8 11 0.07832011 
189 125 10 14 0.07707462 
949 106 15 18 0.076147735 
223 142 13 16 0.074939415 
129 96 9 12 0.0742498 
493 36 11 14 0.07225934 
136 44 10 13 0.069943674 
434 178 15 19 0.06915638 
873 155 8 12 0.068943314 
964 102 12 17 0.06785583 
7 93 10 12 0.06762037 
256 153 20 27 0.06644683 
695 93 10 12 0.06309806 
526 109 15 19 0.063006856 
87 93 9 11 0.06277982 
946 121 16 20 0.0623891 
165 173 13 16 0.061606225 
623 136 9 12 0.061277956 
113 78 10 13 0.060342588 
267 189 13 16 0.059244324 
179 200 14 18 0.05899954 
94 81 10 11 0.05845664 
708 148 24 36 0.05734395 
40 69 9 10 0.057255328 
21 64 9 11 0.05625552 
188 77 10 12 0.055825748 
139 62 9 12 0.055296402 
23 124 10 13 0.055090588 
431 73 12 16 0.054671723 
963 118 15 20 0.0541847 
184 102 11 13 0.054073006 
49 85 8 11 0.053647716 
140 38 10 13 0.053480156 
173 140 15 20 0.052625574 
435 93 13 16 0.052363973 
618 315 14 20 0.05232292 
127 63 8 10 0.051464044 
990 115 12 15 0.05139061 
917 116 12 16 0.051345788 
7 78 9 11 0.05096745 
64 88 10 12 0.04994972 
100 87 9 11 0.049157415 
21 69 9 11 0.048807766 
338 319 86 108 0.048485864 
175 53 8 11 0.048099976 
119 86 9 11 0.047741953 
570 125 10 13 0.047028318 
787 120 14 19 0.046456784 
86 48 10 12 0.046427518 
78 88 8 10 0.046285626 
522 36 12 15 0.046279494 
452 90 14 18 0.046085916 
90 86 9 11 0.0455803 
514 126 9 13 0.04520503 
239 92 11 13 0.04497321 
22 116 11 15 0.04476649 
112 84 10 11 0.04475424 
110 109 9 11 0.044715405 
318 141 23 27 0.044700805 
3 125 11 13 0.044201482 
736 379 25 30 0.04418928 
211 102 16 19 0.04411438 
88 115 10 12 0.044053163 
199 118 11 14 0.044047974 
40 88 8 10 0.043210294 
245 61 11 13 0.04294391 
103 54 8 11 0.042882495 
944 129 12 16 0.04229707 
71 75 10 12 0.042251844 
470 67 10 16 0.042056162 
297 134 10 13 0.04182565 
412 93 12 15 0.04137023 
137 124 12 14 0.041332595 
993 99 9 13 0.041155525 
101 91 9 11 0.041015908 
62 101 10 12 0.04092089 
184 72 9 12 0.04088377 
38 93 9 10 0.04080763 
586 158 12 16 0.040450174 
407 95 11 14 0.040440775 
1009 147 14 20 0.04036986 
177 78 8 11 0.040365566 
12 79 11 12 0.039950717 
502 36 11 14 0.039835583 
3 99 11 14 0.039464317 
103 72 8 11 0.03918247 
872 74 11 16 0.039154336 
125 38 8 10 0.038293365 
560 173 13 16 0.03809158 
516 140 24 33 0.038039677 
471 58 11 18 0.03800942 
79 71 8 10 0.037822295 
168 96 9 12 0.0378111 
135 76 10 12 0.037217144 
584 107 11 13 0.037173018 
423 101 11 17 0.03691166 
401 96 20 25 0.036561884 
347 99 11 14 0.036324885 
136 87 9 11 0.035798177 
255 144 12 16 0.03577069 
151 124 13 15 0.0357319 
247 47 9 11 0.03564016 
400 106 13 15 0.035529085 
394 165 12 15 0.03533681 
459 91 12 16 0.03527802 
55 63 7 10 0.035158288 
214 189 9 11 0.03501948 
721 128 10 13 0.034953292 
548 102 10 13 0.034792025 
189 86 11 12 0.034689296 
120 108 10 12 0.03455262 
998 99 9 12 0.03440685 
872 91 12 17 0.03436111 
433 67 16 20 0.034123957 
270 54 13 15 0.033863273 
527 103 11 14 0.033763316 
5 72 9 11 0.033696752 
441 87 22 26 0.033628363 
121 93 9 11 0.033592287 
186 197 12 15 0.03344882 
287 101 11 14 0.033280294 
157 119 10 14 0.033162646 
159 218 11 15 0.03309161 
427 95 19 23 0.032984838 
189 92 10 13 0.032948945 
789 129 13 17 0.032900453 
15 101 10 13 0.032846197 
464 48 10 13 0.032573078 
535 97 19 24 0.032263927 
487 44 11 15 0.032167897 
93 156 14 18 0.032069743 
598 133 9 13 0.03197838 
189 72 10 11 0.031860664 
291 87 11 12 0.03158484 
205 145 12 15 0.03131299 
648 170 23 32 0.031000057 
680 374 11 14 0.030942542 
269 236 11 14 0.030730708 
159 64 8 9 0.030488662 
445 155 15 19 0.030311579 
442 177 14 19 0.030198708 
86 70 9 11 0.029963173 
828 210 28 33 0.029927852 
478 52 12 17 0.029135598 
334 137 24 31 0.029060565 
49 93 9 12 0.02904258 
394 74 11 15 0.028993797 
31 94 9 12 0.028899852 
998 115 10 14 0.028883602 
244 67 12 14 0.028742922 
63 183 12 14 0.028485866 
342 133 14 17 0.028319888 
126 54 8 11 0.02814859 
130 69 8 11 0.028090758 
207 189 11 12 0.028057547 
177 84 9 11 0.028007451 
655 157 21 29 0.027941871 
334 238 27 29 0.027930537 
593 134 8 11 0.027868468 
956 119 15 19 0.027834564 
782 124 23 29 0.027767563 
579 257 12 16 0.02775952 
346 205 14 16 0.027719922 
265 55 11 13 0.027667224 
579 119 11 13 0.027585372 
544 182 12 15 0.027567161 
78 93 8 10 0.027481383 
319 174 11 15 0.02736769 
238 74 24 29 0.027315287 
918 108 13 18 0.027200375 
80 78 9 11 0.026920622 
248 165 10 14 0.026724502 
82 52 10 13 0.026615618 
694 349 13 18 0.026537841 
180 121 19 25 0.026504394 
236 54 25 29 0.026201174 
565 77 11 14 0.026044883 
597 138 10 14 0.025966208 
83 132 12 15 0.025774853 
364 141 12 17 0.025772668 
694 109 11 15 0.025698496 
73 39 9 12 0.025652824 
515 49 14 16 0.025639197 
366 93 9 10 0.025543328 
560 127 9 12 0.025512092 
627 361 17 19 0.025503848 
434 101 20 26 0.025408933 
144 100 10 12 0.025406968 
432 76 23 28 0.0253294 
31 88 8 11 0.025318252 
62 145 14 17 0.025293313 
265 231 11 13 0.025285842 
252 58 12 14 0.025227645 
813 172 25 30 0.025188494 
385 180 19 22 0.02503935 
191 166 11 13 0.024969285 
109 104 9 11 0.024942823 
814 178 14 18 0.024583343 
150 39 8 10 0.024518615 
469 48 9 13 0.024461033 
517 127 13 19 0.024404803 
96 127 10 13 0.024360964 
412 86 12 15 0.024229923 
258 147 15 20 0.024218494 
1002 154 16 25 0.024173956 
737 346 23 27 0.024032997 
705 152 17 24 0.023995312 
233 56 41 48 0.023984538 
149 132 14 17 0.023737492 
359 138 11 16 0.023687972 
183 85 10 11 0.023629397 
119 32 10 11 0.023521185 
445 109 15 20 0.023511346 
9 85 18 23 0.023474757 
21 38 10 13 0.023403084 
70 56 8 10 0.023267647 
151 45 9 12 0.023265515 
352 88 9 12 0.023232255 
84 126 11 13 0.023183174 
327 136 11 13 0.023015777 
199 64 8 10 0.023009619 
64 58 19 24 0.022968912 
301 106 83 94 0.022879433 
79 63 8 11 0.022855226 
205 101 16 18 0.02285347 
80 47 8 10 0.022817016 
374 139 15 19 0.022772735 
626 141 12 12 0.022636248 
265 154 17 22 0.022629485 
767 229 24 34 0.022583067 
429 170 17 21 0.022538826 
931 99 23 29 0.022519894 
205 96 12 14 0.022489924 
172 108 11 13 0.022481699 
918 104 22 29 0.02247606 
396 174 15 20 0.022360412 
249 147 9 13 0.02232746 
88 268 12 15 0.022316728 
199 110 21 27 0.022155492 
478 231 12 15 0.022150455 
423 84 10 14 0.02206811 
143 88 8 12 0.022065897 
114 131 13 16 0.02205344 
143 108 10 13 0.022042794 
331 140 13 17 0.021956418 
588 108 12 15 0.021905161 
125 16 13 14 0.021870911 
483 51 13 16 0.021844894 
573 250 16 22 0.021734335 
988 121 13 17 0.021731943 
111 72 9 11 0.02171279 
289 93 10 12 0.021663932 
430 81 12 17 0.021636847 
560 108 12 14 0.021621889 
77 39 9 11 0.021613277 
382 95 9 12 0.021569997 
126 45 10 12 0.02153562 
982 115 13 15 0.021421943 
772 121 24 28 0.021369787 
382 363 10 12 0.021291688 
818 213 26 32 0.021275563 
246 51 11 13 0.021200167 
600 354 46 55 0.021134704 
617 358 28 33 0.021113949 
111 152 16 20 0.021068849 
276 155 17 22 0.021010097 
215 145 13 16 0.020993702 
46 122 11 14 0.020822333 
381 165 12 15 0.020808015 
240 166 9 12 0.020800663 
122 103 8 12 0.020761441 
31 76 8 11 0.020655748 
62 129 20 25 0.02064974 
406 110 14 17 0.020603668 
892 178 16 22 0.020570863 
158 69 10 13 0.02055023 
229 172 9 12 0.020520467 
334 133 11 13 0.020498337 
432 161 22 27 0.020488134 
437 83 14 17 0.020462938 
16 124 10 12 0.020454753 
22 87 9 12 0.02034636 
266 163 26 27 0.020331759 
390 402 17 19 0.020249264 
238 98 11 14 0.020237781 
131 108 13 16 0.02021085 
192 118 11 15 0.020142913 
364 115 12 15 0.020094061 
134 152 17 23 0.020040495 
