2_Demonstration_Demonstrators_2_309
48
814 286 46 60 0.99725264 
992 383 33 48 0.97473335 
137 263 22 32 0.8273727 
152 235 19 22 0.8247327 
83 231 18 22 0.7974958 
233 298 44 53 0.7219594 
452 170 107 138 0.6761821 
634 549 90 116 0.4667383 
120 266 18 23 0.27946696 
912 355 11 14 0.12946491 
256 300 35 53 0.116609 
331 186 44 63 0.10348484 
931 362 13 17 0.07917392 
511 494 11 14 0.07301531 
0 266 11 21 0.07189007 
132 248 13 17 0.07019876 
963 378 14 18 0.053382013 
155 241 21 27 0.050056223 
32 224 13 17 0.04756067 
955 383 21 29 0.04240712 
296 266 11 13 0.036884993 
186 258 15 21 0.036591426 
513 488 8 11 0.035951596 
496 449 9 12 0.03337397 
107 266 23 29 0.032869373 
147 258 15 23 0.03059053 
9 226 12 16 0.030165317 
504 473 11 14 0.029792054 
189 256 26 39 0.02880002 
503 304 17 20 0.026756952 
83 222 16 21 0.026439786 
271 272 42 57 0.026231052 
956 368 24 31 0.025954498 
999 341 11 14 0.025356496 
181 240 14 19 0.024580045 
271 300 31 43 0.023899058 
538 498 14 17 0.023841454 
188 262 40 53 0.02367094 
1000 369 23 34 0.023280777 
929 354 23 29 0.023025207 
786 475 30 35 0.022973698 
419 155 184 234 0.022207925 
502 192 62 89 0.02159479 
242 375 49 66 0.021162212 
974 344 9 12 0.020840185 
958 394 21 28 0.020597722 
974 489 39 52 0.020389896 
150 248 21 31 0.020121519 
