2_Demonstration_Political_Rally_2_5
2567
320 234 25 37 0.9911799 
748 411 28 34 0.98715824 
692 391 32 44 0.973407 
133 463 26 38 0.95695126 
673 335 18 21 0.91973734 
931 359 15 21 0.9030404 
865 449 30 36 0.89182615 
594 394 27 34 0.8710097 
724 380 22 30 0.85924643 
823 384 28 34 0.8520808 
652 310 18 23 0.8471298 
437 121 30 43 0.8291141 
787 382 24 28 0.81915385 
678 296 15 18 0.8180277 
715 423 16 21 0.7813274 
932 440 14 18 0.739024 
973 341 12 15 0.7355613 
185 234 27 33 0.7217826 
866 421 28 33 0.71240383 
867 283 13 17 0.6927843 
477 274 17 22 0.65422934 
950 171 9 12 0.6513881 
844 423 21 26 0.63619673 
35 274 17 21 0.60962737 
788 308 13 17 0.6046735 
34 259 14 18 0.6026766 
694 270 10 14 0.57328635 
850 347 13 17 0.5443605 
720 267 13 15 0.5435122 
352 223 11 14 0.54048735 
30 193 13 18 0.5312044 
30 480 31 40 0.5149235 
641 218 10 13 0.5127689 
815 268 8 11 0.5086168 
184 181 9 12 0.50759155 
876 365 17 19 0.5073833 
654 332 14 17 0.5038788 
928 232 9 12 0.49971607 
718 332 13 17 0.49964827 
868 433 31 40 0.49887753 
371 301 14 20 0.49587187 
57 297 18 21 0.4753057 
346 300 16 20 0.46531388 
694 228 13 16 0.44881716 
886 329 15 19 0.41603693 
852 223 9 12 0.40410015 
712 385 23 32 0.39784184 
789 239 11 13 0.39709702 
797 461 34 41 0.39636713 
654 232 11 12 0.3958925 
627 294 11 13 0.3849041 
624 230 9 12 0.37966272 
769 253 10 13 0.3692646 
749 245 13 15 0.36285615 
928 246 10 13 0.35971826 
882 82 7 9 0.35777062 
62 141 9 11 0.35437873 
901 109 9 12 0.35332152 
565 239 10 11 0.3485698 
628 309 12 16 0.3464616 
749 380 16 20 0.34268215 
868 351 12 14 0.34079036 
906 142 7 10 0.33922446 
860 316 11 13 0.3383549 
664 198 12 15 0.3333417 
838 240 9 12 0.33267584 
165 180 8 11 0.33027142 
992 166 10 12 0.3290932 
702 128 8 11 0.32838586 
829 378 18 22 0.3184111 
629 352 21 26 0.31699097 
900 248 10 12 0.3167713 
649 237 9 12 0.31457624 
1000 117 8 10 0.3132938 
90 196 10 12 0.31071195 
582 343 15 23 0.3081097 
717 351 17 21 0.30542293 
983 125 8 11 0.30356506 
574 302 9 12 0.3013341 
945 255 9 11 0.2955609 
554 220 9 11 0.295557 
759 164 7 10 0.29260078 
869 246 9 12 0.2892675 
585 284 12 15 0.28827965 
797 137 8 10 0.28817007 
93 92 8 10 0.28636846 
927 176 8 11 0.2859526 
571 274 11 14 0.28530115 
985 101 8 11 0.2814261 
992 439 26 40 0.28023353 
958 160 8 12 0.27946508 
668 246 11 14 0.27864912 
556 355 21 26 0.27863753 
796 159 9 10 0.2758306 
736 225 9 11 0.2747458 
631 118 8 9 0.27313477 
679 95 8 12 0.2722257 
815 240 8 10 0.27145752 
947 384 16 21 0.26774138 
783 86 7 9 0.26664472 
118 238 7 11 0.26533505 
56 207 10 12 0.26304737 
748 264 16 18 0.26076958 
634 316 10 14 0.2607493 
838 300 10 13 0.2607384 
566 198 8 10 0.25991967 
69 188 9 11 0.25924596 
881 301 10 13 0.25892726 
951 86 9 11 0.25806215 
16 117 10 13 0.25538054 
621 324 15 19 0.25349665 
679 150 7 10 0.24856375 
88 243 12 14 0.24723284 
989 102 7 10 0.24327388 
952 235 10 12 0.24113256 
504 262 11 14 0.24054961 
874 402 18 21 0.23990293 
751 92 9 10 0.23907597 
78 49 8 9 0.23730133 
545 401 16 20 0.23303367 
233 196 9 11 0.2329767 
572 306 13 18 0.23274277 
89 191 10 12 0.23192716 
646 369 16 22 0.23178445 
557 128 8 9 0.22564977 
879 181 9 11 0.22374097 
937 263 8 10 0.22208259 
648 246 10 12 0.22181112 
51 244 11 13 0.21966195 
834 245 9 12 0.21880183 
145 135 8 10 0.21734977 
609 246 9 11 0.21708585 
861 182 9 11 0.21349452 
911 295 10 13 0.2133083 
671 79 7 10 0.21315466 
942 285 11 13 0.21072558 
789 284 9 11 0.20914619 
756 263 13 15 0.2085979 
177 165 8 10 0.20579809 
752 88 9 10 0.20484442 
880 232 9 10 0.20422386 
703 406 24 34 0.20369467 
713 112 7 10 0.20299959 
513 362 17 18 0.20291756 
775 48 8 10 0.2022922 
663 160 8 10 0.20180754 
111 92 9 11 0.20124133 
318 109 7 10 0.20065644 
813 166 9 11 0.19777071 
673 95 8 11 0.19577938 
698 236 12 13 0.19516782 
962 102 9 11 0.19368435 
753 165 8 10 0.19286886 
869 410 23 27 0.19224063 
32 81 8 11 0.19119446 
648 251 11 14 0.19116077 
599 88 7 9 0.19067702 
152 493 24 29 0.19062975 
121 29 8 10 0.19014362 
105 188 10 12 0.18932036 
864 281 11 13 0.18814227 
974 41 7 9 0.18777707 
647 63 8 11 0.18683825 
685 214 11 13 0.18482177 
105 148 8 10 0.18477024 
720 135 7 10 0.18456393 
801 96 7 9 0.18429407 
673 102 7 10 0.184051 
949 373 17 21 0.1815083 
991 354 15 19 0.18013051 
135 185 7 9 0.17907341 
688 78 8 9 0.178796 
21 111 9 11 0.176841 
20 115 9 12 0.17539778 
598 377 26 29 0.17445448 
556 215 9 12 0.17282714 
174 112 8 10 0.17132916 
150 223 9 12 0.17067805 
30 140 8 11 0.1706174 
885 80 8 10 0.17051369 
641 133 7 10 0.17023534 
53 228 10 12 0.16979516 
590 17 7 10 0.16953434 
105 184 9 11 0.16932867 
320 80 7 9 0.16929594 
871 369 15 17 0.16927141 
774 102 7 9 0.16899684 
713 86 8 10 0.16808005 
255 61 8 9 0.16780685 
600 175 8 11 0.16710293 
873 64 7 9 0.16651165 
24 135 9 12 0.16618937 
630 56 9 10 0.164716 
936 292 10 12 0.1645764 
108 214 9 11 0.16440901 
15 229 12 14 0.1643921 
812 141 9 12 0.16402206 
600 135 7 9 0.16373199 
91 237 13 15 0.16348673 
536 152 8 11 0.16179033 
889 206 8 10 0.16173242 
672 86 8 10 0.16158779 
806 118 8 11 0.16088757 
750 221 9 10 0.16045178 
512 239 9 11 0.16037095 
718 247 9 11 0.15996753 
594 112 6 9 0.15973702 
912 224 9 12 0.15960547 
0 276 12 19 0.15920734 
951 80 7 8 0.1588921 
626 237 9 11 0.15864152 
735 65 7 9 0.15784504 
670 223 11 13 0.15783954 
837 254 9 13 0.1578054 
500 229 10 11 0.15771005 
120 246 9 11 0.15760654 
1005 33 7 9 0.15655573 
710 143 7 9 0.15602878 
625 54 7 10 0.15536396 
801 117 9 11 0.1549081 
917 71 7 10 0.154475 
609 128 8 9 0.15406857 
832 100 8 10 0.15264048 
786 111 8 10 0.15219995 
934 80 7 9 0.1521212 
154 183 8 11 0.15203677 
911 55 7 9 0.15189731 
833 7 7 9 0.15096208 
566 14 8 10 0.15044776 
793 264 8 10 0.1499728 
716 274 15 18 0.14915287 
678 55 7 9 0.14840113 
561 245 9 11 0.1477712 
665 142 7 9 0.14686312 
159 127 7 9 0.1463025 
7 187 12 15 0.14602968 
706 142 8 10 0.14594446 
1009 87 7 9 0.14568183 
1006 70 7 9 0.14514889 
832 145 8 11 0.14506562 
807 49 7 9 0.1449441 
902 104 8 11 0.1448902 
702 88 8 11 0.14461218 
742 222 10 12 0.14454189 
959 120 7 8 0.14445405 
656 109 8 10 0.14327855 
317 142 10 11 0.14240605 
671 110 8 10 0.14228413 
984 96 8 11 0.14227661 
679 216 9 11 0.14185067 
722 128 7 9 0.14171402 
879 294 10 12 0.14008781 
984 79 7 9 0.13995937 
915 409 14 18 0.13978821 
540 284 10 13 0.1396689 
957 150 8 11 0.13916035 
928 157 8 11 0.13903944 
31 134 10 14 0.13853328 
775 167 9 10 0.13818406 
38 132 8 12 0.13803433 
721 160 8 10 0.13786833 
560 152 7 9 0.13779338 
991 184 9 11 0.1368763 
615 145 7 9 0.13556457 
1008 298 11 14 0.13543041 
536 230 8 10 0.13286743 
626 298 14 18 0.13237576 
111 191 8 10 0.13189036 
56 224 9 13 0.1313407 
95 254 10 12 0.13112801 
791 103 8 9 0.13100424 
881 333 12 14 0.13083285 
513 86 8 10 0.13072671 
798 175 8 10 0.13060321 
470 368 23 28 0.13046643 
812 331 15 18 0.13028708 
896 172 9 12 0.13014589 
718 308 13 18 0.13002545 
657 174 8 10 0.13001686 
64 182 10 13 0.12907818 
65 157 10 13 0.12887165 
983 121 7 10 0.12856868 
698 93 8 10 0.12843446 
919 253 8 11 0.12827693 
628 230 9 13 0.12723029 
829 269 8 11 0.12714021 
110 145 7 9 0.12691514 
558 94 8 9 0.12641364 
994 171 10 12 0.12515423 
793 55 6 8 0.12489208 
1006 94 7 10 0.12478981 
717 86 8 11 0.12456834 
581 247 8 11 0.124546 
577 246 9 10 0.124435276 
806 338 16 20 0.12435919 
243 166 8 11 0.12431357 
615 48 7 10 0.12427266 
886 277 9 13 0.1235474 
570 49 7 9 0.12353761 
903 174 8 11 0.12288887 
726 158 8 10 0.122672886 
665 250 11 14 0.12196152 
638 79 7 10 0.121756606 
917 295 11 13 0.121575356 
640 56 7 9 0.12139963 
776 174 7 10 0.12123782 
670 135 7 9 0.12116141 
713 207 10 12 0.12054116 
103 145 8 9 0.12002347 
120 80 8 9 0.11909615 
120 182 7 9 0.1188487 
632 152 8 9 0.11821912 
949 144 9 11 0.11814891 
570 135 7 9 0.11787643 
3 481 15 22 0.11764091 
945 135 8 10 0.11678557 
81 143 8 9 0.116527855 
0 109 8 11 0.1164108 
541 230 8 10 0.11636122 
357 87 8 10 0.11593755 
913 96 7 9 0.115494594 
822 14 7 9 0.11546115 
61 223 9 12 0.11544949 
513 208 8 10 0.115301795 
128 94 9 11 0.115097135 
889 47 8 10 0.11456045 
96 24 7 10 0.114495605 
893 47 9 11 0.11443108 
967 181 9 12 0.11434537 
518 149 8 10 0.11400382 
236 215 14 20 0.11390477 
711 151 7 9 0.11378255 
950 149 9 11 0.113253556 
979 347 11 16 0.113053255 
343 133 9 10 0.112899736 
542 262 9 11 0.11266498 
640 112 7 9 0.112617426 
625 95 8 11 0.11248752 
713 80 7 9 0.1117264 
751 239 13 16 0.11148271 
150 161 8 10 0.111415006 
952 407 28 33 0.11118478 
721 39 7 9 0.11091482 
368 270 11 13 0.1106064 
767 121 9 10 0.109849095 
616 166 8 10 0.10972488 
897 168 7 10 0.109115556 
908 325 10 14 0.109033234 
900 310 11 12 0.10847421 
729 93 8 9 0.10801177 
81 174 9 11 0.10800659 
495 104 9 10 0.10798783 
944 300 12 15 0.10780686 
579 153 7 9 0.107773066 
103 296 16 19 0.1071958 
585 39 7 9 0.10703854 
859 418 23 30 0.107011326 
160 134 7 10 0.106210366 
1006 175 9 11 0.10581694 
494 222 10 12 0.1057631 
620 373 21 27 0.105686694 
526 260 8 11 0.10562761 
822 247 8 10 0.105514 
146 141 9 11 0.10551145 
102 256 10 11 0.105495706 
112 196 9 12 0.10537481 
793 166 9 12 0.10525377 
584 167 8 10 0.105224945 
584 158 8 10 0.104967326 
601 360 22 27 0.10489382 
97 144 8 10 0.104822196 
535 132 8 10 0.10482088 
159 181 8 11 0.104780234 
981 173 8 11 0.10471276 
135 94 7 9 0.10424463 
534 128 8 10 0.1040787 
934 432 21 28 0.10397157 
898 251 9 11 0.10381036 
263 118 8 10 0.10348895 
958 38 8 10 0.10338533 
583 291 12 15 0.10335751 
834 167 8 10 0.10326668 
712 189 9 11 0.102892876 
200 142 7 9 0.10288005 
567 8 8 10 0.10283178 
312 111 8 10 0.102514185 
832 175 8 10 0.10157155 
511 309 11 14 0.10150343 
634 79 8 11 0.10144252 
112 166 8 11 0.10090583 
664 128 7 9 0.10068589 
655 104 7 10 0.10051657 
975 175 10 11 0.10008534 
201 119 8 10 0.09997102 
519 144 8 10 0.09995072 
712 250 11 14 0.09991273 
624 87 8 10 0.099769495 
62 96 8 11 0.09925007 
938 348 14 18 0.098985136 
610 78 7 9 0.09894162 
190 183 8 11 0.09888064 
54 126 11 13 0.09872523 
716 251 12 14 0.09859986 
863 221 8 11 0.0985985 
697 181 9 11 0.09835583 
47 236 14 16 0.09802975 
948 282 11 14 0.09801447 
362 337 27 31 0.097429015 
678 287 14 19 0.097412996 
950 56 7 9 0.097227424 
103 128 9 11 0.096921645 
681 121 7 10 0.09678563 
742 261 15 19 0.09649844 
318 105 8 9 0.09645271 
94 278 10 13 0.09637006 
599 111 8 9 0.09634412 
657 32 7 9 0.09623908 
50 85 8 11 0.09620872 
158 103 7 10 0.09584935 
606 65 8 9 0.095712885 
121 253 10 13 0.0956295 
121 103 9 11 0.095297284 
183 186 11 13 0.095218785 
645 132 9 11 0.09521032 
944 103 8 10 0.09507154 
869 15 8 11 0.09505191 
863 262 10 12 0.09501416 
989 96 7 10 0.09493018 
849 341 12 15 0.094906665 
768 215 9 11 0.094789006 
870 264 9 11 0.094269454 
918 0 7 8 0.09426053 
0 188 10 15 0.09410059 
602 64 7 10 0.094059095 
72 68 9 11 0.09398204 
673 151 8 10 0.093522616 
94 229 11 14 0.09351414 
139 158 7 10 0.09329822 
895 293 10 13 0.09304364 
214 190 8 11 0.09291669 
698 128 8 11 0.092830576 
915 442 21 26 0.09264037 
973 402 18 21 0.09250681 
920 176 8 10 0.09230668 
795 353 14 16 0.092123464 
722 166 8 10 0.09200151 
745 215 8 10 0.09177184 
940 290 13 15 0.09170013 
386 97 7 9 0.091673136 
143 177 7 9 0.09162617 
682 6 8 10 0.09155384 
862 161 8 11 0.09146211 
937 355 15 19 0.0913561 
593 96 7 9 0.09124557 
129 184 8 10 0.09119473 
963 379 15 19 0.09099713 
0 91 9 14 0.09089644 
741 159 8 10 0.0908888 
239 41 8 9 0.090845555 
813 160 9 11 0.09078731 
128 70 8 10 0.09073308 
584 97 7 9 0.09056374 
728 104 8 9 0.09018758 
586 15 7 9 0.09010636 
823 57 8 10 0.0900536 
618 23 7 10 0.09005307 
681 126 7 9 0.090028144 
65 102 8 10 0.089738585 
537 247 7 10 0.08965763 
491 268 12 14 0.08962547 
864 253 10 12 0.089589894 
156 243 13 18 0.08944098 
87 143 6 9 0.089411445 
272 80 7 8 0.08926571 
663 182 8 10 0.08903689 
734 151 9 11 0.08902815 
720 141 8 9 0.08899046 
653 94 7 10 0.08893714 
912 175 7 10 0.088923655 
191 78 7 9 0.088507235 
153 104 8 10 0.08846636 
689 73 8 10 0.08832108 
594 87 7 8 0.088218905 
213 259 14 18 0.08804804 
815 172 9 11 0.087946095 
960 133 9 10 0.08781615 
272 87 7 10 0.08772764 
47 184 10 13 0.0876592 
609 149 8 10 0.08743822 
305 120 8 10 0.08705737 
864 240 8 10 0.08705062 
215 15 7 9 0.08684177 
665 136 7 10 0.08683472 
625 112 7 10 0.086815804 
755 161 8 10 0.08665282 
64 149 9 12 0.08659737 
488 104 8 11 0.08657411 
736 165 8 11 0.08656768 
678 275 13 15 0.08656564 
1001 102 8 9 0.08635384 
664 110 7 10 0.08619332 
592 251 10 13 0.08604601 
70 198 10 13 0.085952885 
657 38 8 11 0.08594098 
662 282 11 16 0.08577402 
550 104 7 9 0.0856186 
184 177 8 11 0.08558719 
608 71 8 10 0.08551595 
739 227 11 14 0.0854942 
839 260 9 10 0.085180245 
651 366 23 26 0.08493954 
200 166 8 10 0.08483308 
970 388 15 19 0.08478655 
92 111 9 11 0.08468947 
687 120 7 9 0.084445775 
777 392 21 29 0.08440035 
862 188 8 10 0.08430453 
744 103 8 9 0.08416946 
204 250 13 18 0.08415901 
977 80 7 10 0.08403043 
943 259 9 12 0.08399974 
857 70 8 10 0.08398593 
745 78 8 10 0.0839533 
904 318 11 15 0.08386993 
135 88 7 9 0.08385085 
481 109 9 12 0.08384352 
823 291 10 13 0.083688095 
12 223 12 14 0.08342957 
934 55 7 9 0.08338231 
55 132 11 14 0.08324655 
880 407 17 21 0.08322382 
232 32 7 8 0.08318174 
39 313 17 19 0.082768045 
184 22 7 9 0.082724445 
142 160 8 10 0.08267854 
745 57 7 9 0.082523435 
609 53 7 9 0.08250773 
784 243 10 12 0.08233317 
576 174 8 11 0.08228577 
903 71 8 10 0.08209436 
615 207 7 10 0.08205409 
916 371 15 21 0.08196171 
757 47 7 10 0.08163359 
229 173 7 9 0.081609376 
181 89 8 10 0.081177734 
959 232 9 11 0.081153624 
578 308 15 19 0.08109135 
120 259 11 15 0.081086844 
895 285 9 13 0.080994435 
175 117 7 9 0.080957994 
622 224 10 12 0.08075172 
818 15 8 9 0.080447294 
577 156 7 9 0.080248185 
634 157 7 10 0.080229536 
726 350 19 26 0.0801833 
311 71 7 9 0.080146894 
738 377 22 29 0.080121726 
537 278 11 13 0.08001662 
224 167 8 11 0.07990908 
527 240 8 11 0.0799027 
181 166 7 10 0.07970999 
829 286 10 12 0.07956579 
370 352 16 19 0.079491585 
574 134 7 10 0.079411946 
93 224 9 11 0.07939333 
896 71 6 9 0.079178475 
761 323 16 18 0.07867457 
809 278 8 11 0.07864164 
176 143 7 9 0.078308545 
614 127 7 10 0.07817002 
824 421 23 28 0.07808936 
356 313 46 65 0.078086644 
562 79 8 9 0.07785011 
384 101 7 10 0.07766853 
663 45 7 9 0.07759643 
945 148 10 12 0.07758339 
251 324 13 16 0.07755562 
668 354 16 19 0.07733171 
586 135 8 10 0.077294745 
172 227 25 31 0.077128954 
215 176 7 9 0.07711116 
64 108 10 12 0.07702583 
519 136 8 9 0.07693342 
943 280 10 13 0.07665388 
1005 111 8 11 0.07664674 
95 259 12 14 0.07661049 
918 95 8 10 0.07649923 
815 105 7 9 0.07644979 
781 370 24 27 0.07613263 
770 95 8 10 0.075892225 
656 281 12 17 0.07588665 
1013 88 7 10 0.075833544 
800 55 8 9 0.075831376 
888 119 8 10 0.07580485 
125 208 9 12 0.07573102 
729 152 8 10 0.075550616 
607 105 7 9 0.075397365 
607 110 8 9 0.07535743 
718 300 12 17 0.07534449 
517 85 9 11 0.07526699 
126 100 8 12 0.07526171 
743 248 14 16 0.075101584 
718 211 9 11 0.0750756 
952 47 8 11 0.07497243 
78 87 7 10 0.07495754 
-1 229 8 13 0.07484639 
624 71 7 8 0.07479561 
591 137 7 10 0.074771665 
929 46 8 9 0.07470429 
806 95 7 9 0.07455436 
609 48 9 10 0.07441827 
246 109 8 11 0.074341714 
855 46 7 9 0.07434052 
792 79 8 10 0.07432987 
830 262 10 12 0.074302584 
600 231 8 10 0.07420834 
710 353 16 19 0.07413119 
937 86 7 9 0.074030615 
610 120 7 8 0.073940575 
231 103 8 10 0.0739302 
249 62 8 9 0.0738213 
903 160 8 10 0.07380751 
32 264 19 24 0.07374906 
47 94 8 10 0.073747456 
907 198 12 15 0.07371276 
618 328 22 27 0.073493265 
544 168 8 10 0.07321237 
281 118 9 11 0.07320723 
825 111 7 9 0.07320093 
661 175 9 10 0.07308392 
745 134 8 10 0.073040105 
78 181 10 12 0.07283774 
549 6 8 10 0.07279844 
575 221 8 11 0.072643094 
856 32 7 8 0.07260498 
105 7 8 9 0.07259955 
390 96 6 9 0.07255463 
248 261 23 28 0.07250042 
56 94 9 11 0.07242679 
717 197 9 11 0.072355375 
130 64 7 9 0.0722511 
129 136 7 9 0.07223588 
117 190 8 11 0.07220983 
483 244 11 13 0.0721741 
672 215 9 11 0.07202244 
373 262 12 16 0.07188435 
887 174 9 10 0.07180206 
152 188 9 10 0.07169271 
344 128 9 10 0.071515925 
793 173 8 11 0.07149431 
576 86 7 9 0.07139655 
968 255 10 11 0.07132665 
713 269 11 14 0.07129401 
623 48 7 9 0.07110243 
775 159 8 11 0.07088544 
475 363 17 20 0.070782036 
577 217 7 9 0.07077512 
687 85 8 10 0.0707522 
577 82 7 9 0.07074855 
744 61 7 10 0.07070861 
798 263 7 10 0.0706303 
649 15 8 10 0.07059263 
42 260 13 16 0.07053343 
583 81 7 9 0.070495665 
87 228 14 16 0.07045709 
633 136 7 9 0.07036393 
47 134 9 11 0.07027023 
41 157 10 13 0.070251815 
304 56 6 9 0.07018106 
654 8 7 9 0.070113115 
631 246 8 10 0.07008068 
665 70 8 10 0.07001146 
861 301 9 11 0.06995658 
623 134 7 9 0.06993195 
119 175 8 10 0.06989694 
286 125 9 11 0.06989556 
1016 44 7 10 0.069621876 
689 47 7 8 0.06955702 
880 277 10 13 0.06941624 
670 258 13 14 0.06926984 
857 64 6 8 0.06926368 
100 469 25 33 0.069048345 
214 182 7 10 0.06896661 
8 119 9 12 0.06891397 
72 80 8 11 0.0688478 
700 243 11 15 0.06864383 
833 87 8 9 0.06856167 
102 24 7 10 0.06852343 
650 420 26 35 0.06848597 
70 136 9 10 0.06842774 
1014 174 8 11 0.06823146 
718 63 7 9 0.068215564 
778 86 8 9 0.06813452 
238 151 7 9 0.068112545 
700 225 10 12 0.06803419 
48 71 7 10 0.06803311 
615 223 10 13 0.068022504 
382 39 7 9 0.06799178 
111 254 7 10 0.067970335 
208 103 7 9 0.06781232 
211 95 7 9 0.0677753 
944 235 11 12 0.06770842 
880 102 8 10 0.067666195 
601 104 7 9 0.067540295 
720 338 14 19 0.06753845 
625 62 8 10 0.06753129 
990 78 7 9 0.06740681 
783 263 8 9 0.06736337 
687 191 8 10 0.06736161 
588 279 12 15 0.0673204 
824 80 7 9 0.06723288 
718 110 8 11 0.0671275 
601 129 7 9 0.067110516 
612 304 14 18 0.06710597 
1003 37 8 11 0.06706535 
933 63 8 9 0.06702356 
753 71 7 9 0.06691991 
966 95 8 10 0.066799514 
773 97 8 9 0.06668098 
656 168 8 9 0.06666356 
271 39 8 10 0.06661513 
390 68 7 11 0.06660811 
101 132 10 11 0.06656556 
855 215 8 11 0.06637361 
192 158 8 9 0.06635978 
806 354 14 16 0.06635446 
621 24 7 10 0.06634607 
775 22 6 8 0.06627035 
890 246 7 11 0.06613869 
503 159 8 10 0.066012375 
774 260 8 11 0.06599194 
943 219 9 10 0.065970816 
543 254 9 12 0.06594537 
873 48 8 10 0.06593015 
950 92 8 11 0.065812565 
881 177 9 11 0.065744266 
287 72 8 10 0.06566666 
926 140 7 9 0.06565727 
210 15 7 9 0.0656203 
838 427 16 21 0.065531686 
769 7 8 10 0.06551078 
697 62 7 9 0.065497816 
129 141 8 9 0.0654723 
669 286 12 16 0.06521336 
950 387 22 25 0.06519114 
696 176 8 10 0.06509498 
580 300 11 14 0.06508016 
807 125 8 10 0.06507953 
0 300 8 15 0.06477482 
121 212 9 11 0.06469035 
688 268 11 15 0.06465723 
831 181 8 10 0.06459777 
856 239 9 11 0.06459155 
607 176 10 11 0.06444974 
639 151 8 10 0.06431018 
640 71 7 9 0.06425374 
527 159 8 10 0.06421205 
30 61 8 10 0.063899055 
14 122 10 13 0.06363162 
756 307 15 18 0.06346068 
822 253 8 11 0.06341901 
935 268 9 12 0.06339552 
118 55 8 11 0.06317513 
775 182 7 9 0.06315557 
887 103 8 9 0.06306698 
647 258 11 13 0.06305096 
136 102 8 10 0.06299357 
118 61 8 10 0.062946 
117 198 8 11 0.062903985 
974 350 12 18 0.062883504 
190 154 8 9 0.062795535 
71 31 7 9 0.062790774 
824 183 8 9 0.06278469 
930 153 8 10 0.06265247 
124 247 9 12 0.06262775 
120 110 8 10 0.062465876 
110 184 8 10 0.0624471 
647 87 9 11 0.062423013 
895 239 8 10 0.06231122 
897 103 8 10 0.062115036 
648 68 7 10 0.061986573 
824 268 9 11 0.061955933 
448 141 18 24 0.06188435 
543 329 13 16 0.061864387 
649 232 9 11 0.061811242 
885 309 9 12 0.0617914 
848 119 7 9 0.06178693 
870 240 9 10 0.061715227 
886 261 8 10 0.06168199 
55 101 10 11 0.061652966 
637 346 21 25 0.061642192 
198 182 8 10 0.061626043 
223 146 8 9 0.06161411 
608 213 8 10 0.061586406 
869 396 17 20 0.061539963 
934 253 8 11 0.06150315 
131 188 8 11 0.06139529 
857 253 9 12 0.061365046 
223 120 8 10 0.0613493 
961 401 23 26 0.061334126 
729 110 9 11 0.061279684 
550 296 10 13 0.061211225 
903 87 7 9 0.061077267 
928 276 9 13 0.061045505 
229 55 8 10 0.061040193 
930 40 7 10 0.06099219 
855 311 11 14 0.06097488 
546 14 7 10 0.06092041 
817 79 7 8 0.060871772 
584 118 7 9 0.060870882 
1014 94 7 10 0.060864132 
158 237 11 15 0.060709305 
585 31 8 9 0.060516622 
386 63 8 12 0.060415145 
566 351 19 28 0.060178634 
49 205 10 13 0.060096208 
230 218 14 20 0.06004166 
182 160 8 10 0.060035825 
670 159 8 10 0.05999773 
736 145 7 8 0.05994268 
959 64 7 9 0.05990026 
582 204 8 10 0.059767544 
591 346 18 21 0.059699647 
825 87 6 9 0.059571646 
689 143 8 10 0.059495885 
597 251 10 13 0.0594744 
978 125 8 11 0.05947184 
660 228 10 13 0.05943475 
590 165 8 10 0.05943038 
503 165 7 9 0.059304852 
37 307 16 17 0.059256792 
554 119 8 10 0.059207007 
704 71 8 9 0.059185658 
904 230 10 11 0.059139237 
231 87 8 12 0.059126068 
87 183 9 11 0.059092693 
949 134 8 10 0.05908723 
176 7 7 9 0.058965698 
498 326 14 17 0.058943924 
662 38 8 12 0.058940902 
639 158 8 9 0.058892958 
840 41 7 9 0.05888049 
874 54 7 10 0.058746725 
639 85 8 11 0.058728814 
182 143 6 8 0.058602847 
575 296 11 15 0.05856326 
295 104 8 10 0.058538537 
392 47 8 9 0.058485657 
360 23 8 10 0.058470245 
967 408 24 28 0.058359176 
990 128 8 10 0.05834841 
313 23 7 10 0.0582965 
937 339 14 17 0.058277372 
631 207 8 11 0.058196295 
679 61 7 10 0.057884187 
202 48 7 9 0.057749614 
233 14 7 9 0.057745893 
360 39 7 8 0.05771936 
678 49 8 9 0.05766128 
972 180 10 12 0.057645604 
625 80 7 9 0.057633847 
648 110 7 10 0.05760917 
933 175 9 11 0.057605315 
712 116 7 10 0.057588805 
297 63 7 8 0.057498705 
484 268 15 19 0.057369944 
114 455 46 55 0.057319514 
604 355 16 20 0.05729543 
97 127 8 10 0.05719081 
934 151 8 11 0.057185385 
609 144 8 10 0.05715814 
849 40 6 9 0.056991056 
863 102 7 10 0.05693486 
658 394 15 21 0.056841582 
239 31 7 9 0.056784038 
933 46 7 10 0.056756925 
951 61 7 9 0.056742653 
921 247 8 11 0.05672313 
828 315 11 14 0.05670331 
296 109 8 10 0.05666514 
744 166 7 10 0.05658152 
630 366 20 26 0.056548845 
23 79 9 11 0.05648727 
551 111 7 9 0.056434922 
584 112 7 9 0.056390874 
30 296 16 20 0.056345075 
40 172 9 12 0.0562339 
896 300 10 13 0.056216605 
945 416 37 43 0.05617933 
768 102 9 10 0.056165475 
886 317 10 13 0.056122914 
559 209 8 10 0.056107506 
15 135 10 11 0.0560669 
846 413 23 28 0.056037582 
54 180 10 13 0.056027293 
811 346 15 18 0.055964995 
338 39 7 8 0.05590488 
798 79 7 9 0.055862486 
159 121 7 9 0.05582831 
11 183 12 15 0.055822827 
121 151 7 9 0.055695575 
348 222 19 24 0.055660356 
686 199 10 11 0.055647977 
908 331 12 17 0.0555942 
823 263 9 12 0.055564225 
573 48 8 10 0.055520643 
511 176 9 11 0.055438507 
730 64 7 10 0.055344447 
234 185 8 11 0.055115562 
63 15 6 9 0.055109926 
714 63 8 10 0.055105247 
246 25 7 9 0.055093467 
29 182 11 14 0.05509295 
125 266 11 14 0.055036638 
567 232 9 11 0.05497488 
872 97 8 9 0.054947246 
52 259 10 13 0.054922078 
310 118 8 10 0.054903954 
838 198 7 9 0.05489891 
100 229 10 13 0.054889675 
885 232 8 11 0.05481408 
872 32 7 9 0.054790333 
968 87 8 10 0.054728013 
632 253 10 12 0.054659326 
837 101 7 9 0.054603882 
819 324 13 17 0.05453625 
526 57 8 9 0.054441784 
1004 117 8 10 0.054428443 
247 7 8 9 0.0543206 
646 56 7 9 0.054318782 
986 187 11 14 0.05426473 
627 117 8 10 0.05423893 
657 135 7 9 0.054090522 
259 118 8 10 0.054071326 
740 352 19 22 0.05406669 
248 104 7 9 0.054020423 
578 205 8 10 0.0539029 
601 152 6 8 0.053821847 
717 190 10 11 0.053781703 
719 104 8 10 0.053760845 
142 182 8 10 0.05368917 
849 206 8 10 0.053664066 
960 71 7 9 0.053633723 
811 270 9 11 0.05363367 
736 158 9 11 0.053530417 
38 80 8 11 0.05346915 
897 151 7 9 0.053334385 
761 111 7 8 0.053324055 
969 347 12 15 0.0532024 
997 181 10 11 0.05316904 
608 193 7 9 0.053080525 
777 39 8 9 0.053059 
687 159 8 10 0.05301779 
773 7 8 10 0.05300367 
945 168 10 12 0.05299205 
865 290 10 14 0.052989762 
885 295 9 12 0.05296365 
889 71 7 9 0.05292237 
104 221 9 11 0.05290997 
686 219 10 13 0.052818563 
817 61 8 9 0.052730337 
168 40 7 10 0.05271945 
733 111 8 10 0.05269205 
233 203 10 12 0.052640088 
329 56 8 9 0.052602865 
791 31 7 9 0.052598916 
641 176 8 10 0.05256647 
967 393 21 25 0.052491806 
665 190 10 12 0.05248249 
778 137 7 10 0.05246926 
145 57 7 9 0.05236654 
735 15 8 10 0.052354682 
383 47 8 10 0.05230336 
781 385 19 23 0.052298233 
598 93 8 10 0.052286334 
55 64 8 10 0.05220391 
718 80 7 10 0.052106872 
79 167 8 11 0.052087773 
240 145 7 9 0.05203736 
569 64 8 10 0.05202712 
58 174 8 12 0.052022442 
190 120 8 9 0.05199717 
617 161 8 9 0.051989153 
633 143 7 9 0.05198536 
558 132 7 10 0.05193795 
823 301 10 14 0.051922094 
902 375 14 19 0.051921252 
991 87 7 9 0.051888026 
610 369 14 21 0.051831957 
225 55 8 11 0.051718824 
991 109 9 11 0.05170592 
208 175 7 10 0.051671375 
837 346 12 16 0.051660255 
927 96 7 9 0.05165651 
664 360 24 29 0.05164453 
566 262 9 11 0.051629145 
793 50 6 8 0.051582314 
659 44 7 10 0.05154602 
659 159 8 10 0.051534157 
135 63 6 8 0.051498245 
62 46 7 9 0.05147672 
335 56 7 8 0.05147572 
293 8 8 9 0.051396817 
136 111 8 9 0.051393233 
550 14 7 10 0.05137571 
494 216 9 11 0.051333465 
871 231 9 10 0.051305946 
904 295 10 12 0.051245775 
7 135 10 11 0.051176038 
25 180 10 14 0.051115166 
207 54 7 9 0.051112354 
235 189 9 13 0.051085792 
227 88 7 9 0.05100901 
507 254 13 16 0.050800826 
614 72 8 10 0.050781436 
929 88 6 8 0.050781436 
839 78 7 10 0.050778102 
685 102 8 9 0.050764937 
833 215 8 11 0.050639324 
88 32 8 10 0.05059806 
873 68 7 10 0.0505286 
975 56 8 9 0.05051848 
809 160 9 11 0.050488483 
144 61 7 9 0.05046139 
320 85 7 9 0.05037569 
268 227 12 16 0.050371237 
2 486 21 29 0.050371148 
129 88 8 11 0.050330494 
567 80 7 9 0.05028197 
232 9 8 9 0.050153073 
767 32 6 9 0.05011356 
200 63 7 9 0.050085146 
654 79 8 9 0.050038252 
920 47 7 10 0.05002523 
1007 79 8 10 0.050006118 
933 71 8 9 0.050002236 
191 176 8 10 0.04999718 
87 216 10 12 0.049951166 
782 37 7 9 0.04994823 
769 88 7 9 0.049890086 
814 136 8 11 0.049856395 
698 56 7 9 0.049835164 
48 79 7 11 0.049823087 
931 79 7 9 0.049819816 
778 80 8 10 0.049801875 
646 152 7 9 0.049785763 
944 128 9 11 0.04973804 
70 163 10 13 0.049728587 
694 72 8 10 0.049724508 
854 7 7 8 0.04972139 
580 251 12 13 0.049694438 
240 8 8 9 0.04957518 
794 140 8 10 0.049551014 
933 181 9 11 0.049542617 
382 79 7 10 0.049512763 
713 158 7 9 0.04941187 
167 23 7 9 0.04940361 
215 129 7 9 0.04936295 
312 136 10 11 0.049351245 
608 240 10 12 0.0493375 
544 173 8 10 0.04929735 
583 189 7 10 0.049269825 
353 302 16 20 0.049158774 
784 33 7 10 0.04906646 
609 209 7 9 0.04897971 
881 432 17 22 0.048844602 
837 96 7 9 0.04880501 
947 62 8 10 0.048804514 
151 249 13 17 0.04879785 
622 314 15 20 0.04877321 
878 63 8 10 0.048684835 
217 39 7 9 0.048518512 
69 151 9 11 0.0484452 
855 136 8 10 0.048397668 
817 252 9 12 0.04838474 
649 169 7 8 0.048383225 
528 166 7 8 0.048363715 
834 71 7 8 0.048334982 
239 270 11 14 0.048329927 
957 349 11 13 0.048237965 
69 141 8 11 0.04823643 
286 55 7 9 0.048171937 
379 134 10 12 0.048165463 
720 172 9 11 0.0481377 
783 301 13 18 0.048137356 
944 87 7 10 0.048054423 
89 276 10 13 0.048013702 
62 41 7 9 0.04796013 
65 80 8 10 0.047936097 
273 93 7 10 0.047913097 
768 142 7 9 0.047828052 
208 128 7 10 0.04778507 
880 256 9 11 0.047774643 
228 168 9 11 0.04774479 
920 32 8 9 0.047704577 
17 79 8 11 0.047691196 
150 136 7 9 0.04766992 
74 38 8 9 0.047663704 
189 16 8 9 0.04761595 
940 431 28 35 0.047611564 
259 234 15 19 0.047591977 
63 55 7 9 0.04758919 
151 31 8 10 0.047548167 
791 116 8 10 0.047498003 
831 277 8 12 0.04749386 
587 413 30 34 0.047487736 
832 46 7 9 0.04746465 
824 126 9 11 0.0474385 
51 250 12 16 0.047377404 
847 23 7 8 0.0473515 
66 23 7 9 0.047344122 
592 38 7 9 0.047317054 
331 231 21 32 0.04728583 
306 72 7 9 0.04726038 
944 378 15 21 0.047199428 
641 47 7 9 0.047167815 
622 359 22 27 0.0471067 
904 47 7 9 0.047051784 
664 224 9 11 0.047048934 
264 112 8 11 0.04702653 
839 72 6 8 0.047007956 
219 167 6 9 0.04699597 
528 150 8 11 0.046995845 
881 261 8 10 0.046973124 
639 247 8 11 0.04696732 
281 56 7 9 0.04693325 
135 134 8 9 0.046883892 
732 87 9 12 0.04682701 
312 14 7 9 0.046819396 
624 183 7 9 0.046783846 
581 221 8 11 0.046709202 
862 77 8 10 0.046682138 
285 120 8 9 0.04664012 
513 7 8 10 0.04663836 
712 55 7 9 0.04660307 
984 46 7 10 0.046466336 
903 39 7 10 0.046460696 
254 237 13 16 0.046427146 
945 110 8 10 0.04642005 
368 219 11 14 0.046418145 
768 159 7 10 0.04641363 
69 103 8 10 0.04640517 
1002 64 7 10 0.046398263 
474 258 23 29 0.04639154 
729 80 7 9 0.046384845 
219 120 7 9 0.04628929 
343 292 13 18 0.046281494 
670 72 8 10 0.046240877 
975 112 8 10 0.046239678 
878 54 8 9 0.04621624 
129 119 8 9 0.046146084 
837 87 8 10 0.046069767 
319 63 8 9 0.045997124 
534 119 8 10 0.04597301 
566 270 18 23 0.045963798 
185 16 7 10 0.045949824 
975 45 7 9 0.045896918 
812 387 25 31 0.04587232 
687 125 7 10 0.045806818 
919 38 7 9 0.045791376 
129 57 6 9 0.045734305 
203 54 7 9 0.045669593 
661 238 10 13 0.04565865 
960 109 9 11 0.04559639 
575 64 7 9 0.0455891 
864 40 7 9 0.045555696 
607 230 9 10 0.045526605 
14 140 10 11 0.04545695 
887 111 8 9 0.0454066 
995 434 17 25 0.04538739 
585 128 8 10 0.04532672 
798 232 8 10 0.045299493 
567 128 7 9 0.045284584 
566 401 21 29 0.045212217 
353 121 7 10 0.04519282 
570 87 7 8 0.04517376 
653 87 8 10 0.045106042 
602 69 8 10 0.04501133 
79 262 10 15 0.044931255 
727 207 9 12 0.044918448 
575 344 15 21 0.044913743 
191 32 8 10 0.044881936 
560 156 8 9 0.044718806 
856 245 9 11 0.04468598 
94 203 9 11 0.044675153 
845 315 13 16 0.044617422 
504 152 8 9 0.0445495 
906 369 18 25 0.044486415 
971 382 13 16 0.044373285 
839 277 10 13 0.044349287 
353 218 9 12 0.04432933 
872 183 8 10 0.044304714 
869 166 10 12 0.044268746 
320 23 6 9 0.044240538 
695 149 6 8 0.044238616 
904 96 8 9 0.044217456 
171 111 7 10 0.04418996 
53 69 8 11 0.04417205 
961 96 8 10 0.044144858 
905 64 7 9 0.044115137 
716 292 13 17 0.044109136 
93 118 8 10 0.04407367 
240 88 8 9 0.04405366 
75 53 8 10 0.04402465 
793 97 7 9 0.043961998 
191 64 8 9 0.043956503 
109 127 8 11 0.043953765 
902 167 8 10 0.04391983 
112 111 8 10 0.043910064 
59 211 10 13 0.043836646 
903 115 9 11 0.04380774 
958 144 9 11 0.04378663 
24 104 8 10 0.043783188 
642 62 8 11 0.043735385 
70 24 7 9 0.043689985 
778 71 7 9 0.043669127 
200 174 8 10 0.04363847 
401 86 8 10 0.04359802 
541 268 10 13 0.043553773 
971 56 7 8 0.04354103 
512 212 8 10 0.043532547 
553 131 8 11 0.043527257 
127 168 7 10 0.04352712 
314 105 8 9 0.043453515 
703 56 7 9 0.043452684 
930 56 7 8 0.0434235 
702 102 7 9 0.043409012 
79 93 8 10 0.04340651 
519 244 9 11 0.04338323 
153 120 7 9 0.04329359 
312 64 7 8 0.04325991 
87 269 9 11 0.043205496 
552 248 7 10 0.04316848 
694 145 7 8 0.04306943 
497 96 8 9 0.04306397 
342 143 9 11 0.04299009 
359 110 7 9 0.04298377 
689 166 8 10 0.042943887 
280 22 7 9 0.042940903 
943 95 8 10 0.042891312 
734 117 8 10 0.042858426 
44 150 10 12 0.04285588 
8 227 12 16 0.042836446 
1000 47 7 10 0.04282396 
823 72 7 9 0.04282016 
646 335 16 20 0.04279871 
706 149 7 10 0.042789724 
520 80 8 10 0.042765584 
1016 108 7 11 0.042751458 
855 40 7 8 0.042540133 
774 248 9 12 0.04244556 
857 78 7 10 0.042434096 
960 262 10 11 0.042418953 
758 53 7 9 0.042413373 
295 13 8 10 0.042410996 
979 413 16 23 0.04240547 
193 136 7 9 0.04232689 
513 144 8 10 0.04230249 
887 238 8 10 0.042286705 
677 174 8 10 0.04228632 
751 230 10 12 0.04226253 
858 111 8 9 0.042262226 
248 143 7 9 0.042235363 
981 451 26 39 0.04222194 
934 331 15 19 0.042201184 
221 207 9 11 0.042163268 
1015 101 9 12 0.042158246 
662 64 9 10 0.04215566 
162 15 7 10 0.04213499 
136 152 8 10 0.042109977 
589 161 8 10 0.042092487 
125 28 7 10 0.04208719 
563 253 10 13 0.042032983 
690 229 11 14 0.04201719 
360 30 7 10 0.041962758 
651 104 7 9 0.04196042 
264 46 7 8 0.04195254 
777 32 7 9 0.041952483 
558 175 8 10 0.041929904 
272 5 7 9 0.041899096 
680 145 7 10 0.041833993 
910 404 16 19 0.041779388 
624 288 10 14 0.04173194 
824 119 8 10 0.041730918 
849 45 8 10 0.041630536 
544 110 7 8 0.04161515 
113 246 9 12 0.041600075 
607 197 8 9 0.04158975 
616 64 7 9 0.041566417 
384 53 8 9 0.04152918 
460 116 11 16 0.041496303 
183 62 7 9 0.04143904 
886 254 9 11 0.04141504 
345 71 8 9 0.04137549 
773 15 8 10 0.04137091 
613 293 12 14 0.04134155 
312 212 10 12 0.041233942 
541 248 9 10 0.041222714 
880 450 27 32 0.04116435 
735 234 11 14 0.041158553 
914 39 7 9 0.041130017 
888 40 7 9 0.041083965 
280 190 13 14 0.041058086 
929 119 8 9 0.040995162 
653 14 8 10 0.040983766 
43 72 7 9 0.04097686 
9 124 9 12 0.040961042 
262 228 13 16 0.04094786 
687 150 8 10 0.04093927 
701 252 12 14 0.040928967 
856 321 12 17 0.040921837 
768 23 8 9 0.040902864 
536 239 9 11 0.04088884 
693 77 8 9 0.04088119 
598 40 7 10 0.04086773 
161 176 8 11 0.040843315 
821 316 12 16 0.040830743 
90 88 8 10 0.040801797 
71 247 9 11 0.0407265 
846 286 10 12 0.04071894 
700 259 12 16 0.04069532 
217 150 7 9 0.04061573 
249 57 7 9 0.04058705 
535 253 9 11 0.04058602 
629 376 23 30 0.040553465 
901 237 11 12 0.040509745 
304 171 9 13 0.040491294 
702 63 7 9 0.040441595 
704 119 7 9 0.040419962 
977 7 8 9 0.040391956 
242 24 7 10 0.04034869 
158 234 21 28 0.040313963 
0 290 10 18 0.04029126 
960 182 9 11 0.0402826 
629 100 8 10 0.040247317 
567 69 8 10 0.040223584 
606 86 8 10 0.04021443 
56 110 9 11 0.04021412 
45 166 9 11 0.040196706 
910 448 17 23 0.040180076 
773 290 13 16 0.040179554 
712 296 12 17 0.040102895 
878 48 7 9 0.040060926 
807 181 9 11 0.040046025 
781 135 8 10 0.039974973 
808 174 9 11 0.039964512 
1001 78 8 10 0.03994086 
802 48 7 10 0.039930414 
117 86 9 11 0.039929815 
664 151 7 9 0.03991816 
1004 246 10 13 0.039857667 
1005 102 8 10 0.039846275 
965 259 12 14 0.03982767 
875 284 11 14 0.039825026 
148 476 26 37 0.039801113 
264 71 8 9 0.039793268 
701 176 8 10 0.03974904 
93 269 11 14 0.039686646 
216 46 7 10 0.03965622 
862 71 7 10 0.039633885 
729 47 7 8 0.039625134 
585 23 7 9 0.0395937 
680 134 7 9 0.03958567 
536 224 8 11 0.03957994 
838 148 7 11 0.039554335 
136 79 7 11 0.03952739 
566 110 7 9 0.039453894 
762 119 9 12 0.039368186 
937 102 7 10 0.03934792 
542 49 7 9 0.03932792 
607 133 7 9 0.039322954 
367 289 22 27 0.039302517 
327 80 7 9 0.039298538 
209 71 7 9 0.039213903 
349 71 8 9 0.039209414 
866 21 8 9 0.039164275 
922 136 8 11 0.03914252 
209 182 8 10 0.03911698 
898 158 8 10 0.03907344 
566 105 7 9 0.03905953 
63 161 10 14 0.03902353 
512 54 7 9 0.03901309 
890 333 16 20 0.03899876 
222 213 10 12 0.03899218 
751 53 8 10 0.038985845 
554 209 8 9 0.03898531 
890 97 7 9 0.038984645 
538 112 7 8 0.038975645 
280 17 7 9 0.038966894 
703 112 7 9 0.038925648 
551 183 8 10 0.038925376 
767 197 8 11 0.038908407 
886 181 8 11 0.03885254 
566 204 9 11 0.038784973 
977 95 8 9 0.0387202 
337 103 8 10 0.038702242 
559 89 7 9 0.038693886 
111 232 10 13 0.038638856 
555 95 7 9 0.03859673 
959 34 8 9 0.038556397 
144 164 8 10 0.038546845 
809 102 7 10 0.038536925 
989 447 15 23 0.03853217 
782 71 7 10 0.038525425 
224 124 8 10 0.03851038 
491 338 26 30 0.038491666 
934 277 10 13 0.038480245 
609 22 7 9 0.03847688 
120 48 7 9 0.038463686 
335 72 7 8 0.038409065 
568 31 7 10 0.038396597 
371 274 14 18 0.038394026 
344 284 11 15 0.038382757 
904 78 7 9 0.038356554 
858 165 10 11 0.03828864 
614 174 8 10 0.038269293 
593 103 6 9 0.0382616 
614 240 8 10 0.038258217 
826 104 7 9 0.038252547 
319 72 7 9 0.038160495 
343 57 8 9 0.038088955 
812 274 11 14 0.038063843 
166 232 14 19 0.03805676 
956 342 10 13 0.03799971 
423 8 8 9 0.037984304 
997 378 15 20 0.03794527 
296 32 7 9 0.03792862 
624 38 8 10 0.037927803 
31 284 23 27 0.03791146 
360 14 9 11 0.037865203 
226 104 7 9 0.037794262 
337 87 7 8 0.03779383 
830 292 11 14 0.03778743 
660 385 23 31 0.03769314 
830 308 10 14 0.037658717 
686 205 12 13 0.037653778 
857 175 10 12 0.03759397 
977 119 9 10 0.037593674 
938 95 7 10 0.037590396 
341 111 7 9 0.037549276 
779 363 18 21 0.03751615 
841 335 9 12 0.037489105 
625 244 10 11 0.03746484 
929 62 8 10 0.0374626 
87 104 8 10 0.03740971 
803 391 16 21 0.03740153 
701 199 9 12 0.03738402 
144 22 7 9 0.037339702 
581 172 8 11 0.037320033 
973 189 10 13 0.037287705 
525 144 8 9 0.037281487 
990 73 7 9 0.03727704 
558 168 8 10 0.037276305 
96 78 8 10 0.03727571 
855 271 9 12 0.03723767 
574 282 11 14 0.037236284 
520 260 9 13 0.037177946 
207 151 7 9 0.037172742 
909 136 8 10 0.037109293 
574 240 9 11 0.037083276 
56 25 7 8 0.0370649 
782 291 12 15 0.037041433 
208 49 7 9 0.03699531 
684 275 12 15 0.03697381 
415 40 8 10 0.036971483 
799 8 7 9 0.03695943 
215 160 7 9 0.03695299 
58 40 7 9 0.03693491 
518 212 8 10 0.036920346 
583 102 7 9 0.036916476 
914 1 8 9 0.03689212 
710 423 26 34 0.03687605 
621 29 9 11 0.036857806 
756 310 22 26 0.036809612 
970 80 8 9 0.036780436 
802 87 7 9 0.036779076 
925 295 10 12 0.03673781 
320 47 7 8 0.036688402 
176 46 7 8 0.03665101 
796 237 9 12 0.03664988 
771 54 7 9 0.03660462 
145 15 8 10 0.036586907 
767 64 8 9 0.036574397 
121 71 7 9 0.036573626 
582 239 8 10 0.036560096 
305 31 8 9 0.03655963 
697 111 8 10 0.036528554 
19 234 12 14 0.03651855 
0 101 8 14 0.036518365 
806 283 9 13 0.036517046 
839 316 11 16 0.036472004 
856 141 8 11 0.03636674 
639 143 7 9 0.03633018 
337 24 6 8 0.036261525 
906 55 8 10 0.036253292 
16 85 9 11 0.036245573 
97 72 7 10 0.036238555 
941 370 14 19 0.03622597 
728 117 8 10 0.03621819 
162 23 7 9 0.036185566 
278 93 8 10 0.036113314 
297 118 8 10 0.036110237 
223 190 9 11 0.036104172 
578 120 6 8 0.03609685 
954 404 19 22 0.03606121 
222 40 6 9 0.036027215 
90 14 8 11 0.03600604 
724 245 10 12 0.035955794 
37 181 12 15 0.03594935 
234 39 7 9 0.035942703 
121 117 8 10 0.035941064 
847 175 8 10 0.03592351 
743 209 8 10 0.035921536 
149 14 7 10 0.035843264 
858 189 8 10 0.035835605 
351 289 44 66 0.035806827 
244 171 9 12 0.03580404 
393 40 7 9 0.03580124 
363 233 25 36 0.035787806 
837 145 7 10 0.0357868 
949 260 10 11 0.03572436 
711 280 15 18 0.035698913 
667 78 8 10 0.03568597 
278 78 7 10 0.03564694 
545 104 8 10 0.035568923 
750 7 8 9 0.035545833 
625 4 9 11 0.035522677 
799 14 7 8 0.03551376 
622 160 7 9 0.03548827 
598 237 10 11 0.03548093 
127 151 7 10 0.03544759 
502 314 13 16 0.035445567 
110 207 9 11 0.035435196 
246 46 8 10 0.035430368 
559 259 11 15 0.035411835 
727 144 7 8 0.035410363 
592 63 7 9 0.035374656 
312 87 8 9 0.03533571 
150 216 9 12 0.035322703 
78 68 8 11 0.035322055 
647 174 7 10 0.035317298 
208 63 7 8 0.035267513 
775 152 8 10 0.03526374 
305 24 7 9 0.035261557 
97 133 10 12 0.035242293 
920 311 10 13 0.035177395 
343 64 8 9 0.035162184 
784 63 8 10 0.03514653 
751 79 8 10 0.035137232 
367 260 20 26 0.035119817 
600 200 7 10 0.03508777 
917 167 8 10 0.035082523 
805 324 15 17 0.0350173 
849 94 7 9 0.035009872 
56 119 10 12 0.03500478 
928 102 7 9 0.03499904 
871 189 8 10 0.03499616 
238 158 9 11 0.034975663 
336 32 6 8 0.034970604 
757 86 8 10 0.03495811 
912 166 7 10 0.034923546 
223 60 8 10 0.034863714 
159 198 9 11 0.034858916 
893 190 9 12 0.034843784 
207 111 7 9 0.03482749 
792 233 10 12 0.034807265 
103 195 11 13 0.034807056 
910 192 9 11 0.03479219 
297 88 8 10 0.034789436 
874 357 17 19 0.034788765 
703 40 7 10 0.034771062 
872 38 7 9 0.03471653 
353 39 7 9 0.034700602 
513 149 9 11 0.034667138 
485 199 9 12 0.034659136 
947 71 7 8 0.034644984 
650 343 17 21 0.034619745 
858 55 8 10 0.0346159 
970 39 7 10 0.03461514 
952 180 9 11 0.034591995 
21 126 10 12 0.034560718 
832 80 8 10 0.034556374 
979 245 13 15 0.034537844 
377 32 8 10 0.03451223 
904 137 9 11 0.034492895 
48 102 9 11 0.034472715 
206 145 7 8 0.034451365 
648 40 8 9 0.03442455 
94 165 9 11 0.034415547 
895 180 9 11 0.034412812 
342 41 8 9 0.03441102 
327 14 8 10 0.034356583 
787 292 13 15 0.034294184 
358 56 7 8 0.034273807 
665 257 11 15 0.034261014 
607 250 10 13 0.034244325 
814 319 13 15 0.034244206 
642 15 7 9 0.034239464 
103 208 10 11 0.0342158 
343 119 9 11 0.034175973 
610 223 8 11 0.034138203 
337 64 7 9 0.034137458 
573 403 25 34 0.03411775 
967 110 8 10 0.034109708 
152 177 8 9 0.034103222 
90 23 8 10 0.034092795 
167 63 6 9 0.034086876 
206 256 14 18 0.03407485 
57 165 8 11 0.034065507 
901 328 13 19 0.034056664 
757 72 7 9 0.034037035 
79 39 7 9 0.03401849 
945 49 8 10 0.03399408 
246 285 13 15 0.033982553 
919 54 7 9 0.033970214 
494 263 12 15 0.033957582 
864 368 14 18 0.033935923 
810 31 8 10 0.033909027 
862 57 7 8 0.033863194 
353 80 7 9 0.03386164 
190 37 7 9 0.033859186 
48 222 13 16 0.033849195 
144 190 8 10 0.033831075 
989 372 15 19 0.033808798 
298 94 7 9 0.03380768 
614 77 7 10 0.03379746 
911 126 8 10 0.03379337 
529 134 8 10 0.033786908 
402 80 8 9 0.03378106 
33 46 6 8 0.033773135 
46 141 8 11 0.033773024 
984 85 7 9 0.03368805 
359 103 7 10 0.033686623 
808 136 9 10 0.033632327 
93 56 8 10 0.033594534 
126 77 9 11 0.033574767 
206 119 7 10 0.033551987 
722 298 15 20 0.03354282 
743 141 8 10 0.033479825 
138 23 7 9 0.033474445 
807 89 8 9 0.033437245 
119 168 8 11 0.033429638 
656 153 7 8 0.033419248 
544 300 12 17 0.03341285 
1012 191 10 13 0.033394724 
278 88 7 9 0.0333826 
945 80 7 9 0.033340238 
60 244 11 15 0.0333087 
648 79 7 9 0.03329571 
880 216 8 9 0.033277057 
951 72 7 9 0.03327405 
0 115 9 13 0.03324824 
662 32 7 9 0.033226885 
967 128 7 10 0.033143263 
166 15 7 9 0.03313695 
17 94 8 10 0.033129375 
261 62 7 10 0.033105668 
712 260 13 17 0.033105623 
217 62 6 9 0.03305338 
720 56 7 8 0.033001132 
987 411 13 19 0.032998703 
1 487 11 19 0.032960255 
153 48 6 9 0.032932207 
675 245 11 14 0.032930627 
929 111 7 9 0.03291756 
919 113 7 9 0.03288105 
860 349 18 24 0.032867726 
782 167 8 10 0.032838233 
874 348 14 17 0.032835398 
159 142 8 10 0.032824144 
95 214 8 11 0.03279065 
969 247 10 11 0.032758806 
584 86 6 8 0.03274342 
712 250 21 24 0.032718122 
782 174 8 10 0.032706745 
861 396 17 19 0.032706685 
689 32 8 10 0.03269944 
336 95 8 9 0.032676075 
177 40 6 9 0.032665778 
191 112 8 9 0.03263608 
126 175 7 8 0.032624777 
744 8 8 10 0.0326244 
958 174 8 11 0.03258934 
295 72 7 9 0.032586783 
215 273 13 19 0.03258116 
233 93 8 11 0.032578066 
23 173 11 14 0.032574687 
0 235 8 13 0.03256558 
994 55 7 8 0.032553475 
537 169 7 9 0.03253604 
993 133 8 11 0.03252035 
378 84 8 11 0.03251242 
352 143 10 12 0.032482307 
39 140 9 11 0.0324749 
77 198 9 12 0.03247365 
543 136 7 10 0.032449923 
490 221 10 12 0.03244703 
560 111 7 9 0.032441657 
919 360 19 27 0.032434564 
296 127 7 9 0.032415066 
379 103 7 10 0.032396518 
17 102 8 10 0.03239459 
155 127 7 9 0.032368325 
725 134 7 10 0.03236377 
415 65 7 9 0.0323483 
710 240 10 11 0.032315645 
554 151 8 10 0.03228298 
640 180 8 10 0.03227392 
766 109 8 9 0.032270107 
53 79 8 11 0.032268167 
999 53 6 9 0.032256473 
202 104 7 9 0.032256454 
77 127 9 10 0.032229617 
774 119 7 10 0.032183502 
313 46 6 8 0.032179084 
902 31 8 10 0.032160643 
751 111 7 10 0.03214934 
953 119 7 10 0.032111928 
761 125 10 12 0.032068416 
134 7 8 9 0.032063715 
530 120 8 10 0.03203495 
957 283 12 14 0.0320291 
777 189 8 11 0.032027937 
674 252 13 15 0.032019142 
127 112 8 9 0.032012653 
183 103 8 10 0.0319988 
541 238 9 11 0.031984504 
570 223 9 10 0.031945884 
746 96 7 9 0.031940658 
231 125 8 10 0.031936094 
649 22 7 9 0.03193358 
216 205 9 12 0.031894494 
682 2 8 9 0.031893346 
541 151 7 11 0.031889115 
176 199 9 10 0.031879336 
853 207 9 11 0.031873006 
578 103 8 9 0.03184999 
549 252 10 13 0.031836867 
761 104 9 10 0.03183155 
550 393 22 31 0.03182772 
520 157 9 11 0.03175288 
584 184 7 10 0.031746835 
724 252 11 15 0.031707264 
632 84 8 10 0.03168188 
44 195 12 14 0.031652812 
215 33 7 8 0.031610798 
991 5 9 9 0.03160822 
289 88 6 9 0.031593386 
944 248 11 13 0.031558227 
949 103 8 10 0.03154965 
888 169 9 10 0.031534042 
321 39 7 9 0.031516343 
217 145 7 9 0.031496603 
162 63 8 10 0.031489927 
582 229 8 10 0.0314872 
22 187 14 20 0.03146107 
799 72 8 10 0.031460214 
391 16 7 8 0.031415656 
247 79 7 10 0.031393193 
224 23 7 9 0.031385522 
741 152 9 11 0.031383574 
847 183 7 10 0.031369966 
798 268 7 10 0.03135425 
276 226 12 16 0.03131985 
771 47 8 11 0.031315 
260 285 12 16 0.031286743 
336 46 8 10 0.03128255 
808 263 10 12 0.03127042 
675 261 15 16 0.031229965 
382 32 8 10 0.03120327 
551 3 8 8 0.03118069 
398 40 7 8 0.031157874 
705 47 7 8 0.031141212 
879 33 7 9 0.031132279 
1015 39 8 11 0.031091582 
720 119 8 10 0.031078804 
689 39 8 9 0.031051392 
912 119 7 9 0.031039791 
386 69 8 11 0.031034 
910 160 7 10 0.031033548 
134 70 7 10 0.031021979 
327 119 8 9 0.031015106 
871 175 8 10 0.03101351 
246 41 8 10 0.031004654 
343 221 11 16 0.030981455 
142 128 8 9 0.030980643 
671 275 13 17 0.030892478 
968 186 9 13 0.030892007 
522 55 7 10 0.030864527 
32 128 11 14 0.030823722 
566 158 8 9 0.030795228 
152 149 7 9 0.030787969 
679 168 8 8 0.030742781 
894 97 7 9 0.030738221 
844 275 11 14 0.030736145 
966 71 8 8 0.030724574 
501 198 9 12 0.030718025 
879 38 7 9 0.030680008 
307 245 31 34 0.030650942 
735 21 7 10 0.030644793 
22 251 13 18 0.030635906 
145 119 8 10 0.030591438 
380 277 13 17 0.03058092 
209 30 7 9 0.030575965 
865 230 9 11 0.030565443 
950 127 8 11 0.03053995 
794 15 6 9 0.030521575 
735 78 8 10 0.03051909 
78 135 9 11 0.03050164 
114 80 8 10 0.03050154 
889 200 9 12 0.03046451 
600 206 8 9 0.030450718 
378 139 9 12 0.030401224 
840 56 8 9 0.030376587 
177 63 7 8 0.030369697 
360 275 10 14 0.03032777 
520 72 8 10 0.030319309 
94 9 9 10 0.03030534 
207 158 8 10 0.030294973 
892 198 10 12 0.030293012 
583 45 9 10 0.030268222 
771 220 12 13 0.030265905 
167 56 7 9 0.030255316 
823 40 8 9 0.030253874 
792 61 7 9 0.030233134 
133 278 12 15 0.030186754 
358 217 9 12 0.03016313 
928 125 8 10 0.030056462 
879 271 10 12 0.030051388 
745 127 8 10 0.030047512 
919 5 7 9 0.030033424 
673 175 8 10 0.030020213 
176 105 8 9 0.030002924 
271 45 7 9 0.029998492 
552 361 15 19 0.029971823 
693 167 8 10 0.029960942 
736 8 9 10 0.029901793 
441 38 7 9 0.029895425 
985 73 8 10 0.029894609 
337 144 9 11 0.029880153 
270 112 8 10 0.02986425 
321 126 9 10 0.02986236 
607 404 18 22 0.029828833 
847 16 8 10 0.029819591 
154 95 7 9 0.02978734 
186 152 7 9 0.029736407 
840 192 7 10 0.029701484 
182 194 10 12 0.029686056 
563 15 7 9 0.029685594 
600 46 7 10 0.029657485 
814 32 8 10 0.029615426 
190 126 7 9 0.02960952 
687 111 7 9 0.02960559 
511 80 9 11 0.029599912 
934 119 7 10 0.029553207 
505 214 9 10 0.02953471 
624 214 8 9 0.029515566 
894 127 8 10 0.02950467 
607 392 18 25 0.029494159 
670 143 7 9 0.029439736 
756 251 13 16 0.029429955 
214 196 9 11 0.029429544 
727 182 8 10 0.029416446 
593 200 7 9 0.029400002 
184 56 7 9 0.029390588 
297 79 7 8 0.02936587 
695 263 12 16 0.029328028 
151 55 7 9 0.029317753 
846 334 10 14 0.029310822 
761 132 9 13 0.029278222 
781 190 8 11 0.029263223 
887 282 10 14 0.029250158 
303 88 8 10 0.029230624 
658 117 7 9 0.02919276 
729 223 8 11 0.029165111 
844 321 13 18 0.029164275 
817 354 14 17 0.029159293 
880 7 7 10 0.029143067 
122 133 8 11 0.02914113 
1001 416 23 26 0.02912176 
950 111 8 10 0.029081179 
862 174 11 13 0.029074514 
352 56 8 9 0.029070804 
833 199 9 11 0.02902035 
785 116 7 10 0.02901465 
764 266 11 14 0.029011656 
327 63 8 9 0.029011266 
552 167 8 10 0.029006848 
888 213 9 12 0.028997058 
450 120 18 25 0.02898927 
615 103 8 10 0.028957035 
711 49 6 8 0.028936246 
57 160 10 12 0.028927969 
583 9 7 8 0.028903369 
415 79 7 9 0.028896615 
806 72 7 9 0.028890435 
371 278 21 28 0.028881645 
243 275 28 31 0.028880173 
440 32 7 9 0.028868288 
57 46 7 9 0.028861191 
561 104 7 8 0.028860204 
898 31 8 10 0.02883638 
823 22 7 9 0.028820654 
642 379 21 29 0.028813934 
270 220 12 17 0.028803177 
864 96 8 10 0.028796818 
674 47 7 9 0.028781159 
142 251 13 16 0.028762827 
558 46 8 10 0.02871213 
741 270 15 19 0.028710043 
864 268 9 11 0.028682485 
733 47 7 9 0.028672025 
680 80 7 9 0.02862234 
658 181 9 11 0.028619708 
881 110 7 9 0.028603267 
199 31 8 9 0.02854575 
654 63 8 11 0.028538281 
734 104 8 9 0.028527286 
838 214 8 12 0.028476743 
841 323 10 14 0.028475733 
557 268 10 13 0.028426228 
542 292 10 13 0.02835629 
767 403 24 29 0.028336031 
576 24 8 9 0.028320132 
263 16 7 10 0.028311403 
0 134 8 12 0.028295886 
177 174 8 11 0.028266963 
671 40 7 9 0.028257232 
829 110 8 10 0.028184837 
24 39 8 10 0.028159695 
240 290 27 31 0.028154323 
624 129 8 10 0.028151885 
920 89 7 8 0.028144745 
297 47 7 10 0.02814376 
734 259 12 17 0.028136447 
911 419 22 29 0.028134547 
362 269 24 30 0.028123062 
328 97 8 9 0.02809822 
696 119 7 9 0.028079921 
722 282 13 16 0.028025245 
282 71 7 10 0.028010454 
911 48 8 9 0.02799233 
958 266 13 16 0.027985077 
592 117 7 9 0.027972085 
929 167 9 11 0.027922904 
581 216 8 10 0.027903961 
144 215 9 12 0.027858365 
242 62 7 9 0.027853802 
834 13 7 9 0.027844498 
717 184 9 11 0.02782841 
158 108 8 11 0.027825674 
576 14 7 10 0.027809102 
537 174 7 8 0.027805636 
888 190 9 11 0.027804 
908 413 19 23 0.027798962 
103 177 9 11 0.027761495 
9 21 7 9 0.027748026 
601 159 8 9 0.027743457 
237 275 11 15 0.027728915 
657 129 7 9 0.027725369 
1006 65 7 10 0.027719405 
838 159 8 11 0.027717674 
273 16 7 9 0.027703676 
953 32 8 9 0.027661363 
904 148 8 10 0.027646566 
137 176 7 9 0.027645105 
113 174 9 10 0.027638229 
23 72 8 9 0.027589198 
313 80 7 9 0.02757349 
183 137 8 9 0.027549798 
621 166 8 10 0.027546695 
166 135 8 9 0.027541583 
950 347 12 15 0.027529022 
5 235 12 15 0.027520992 
837 343 20 24 0.027518637 
112 260 10 13 0.027500784 
288 62 7 9 0.027454643 
190 22 8 10 0.027445184 
889 51 8 10 0.027442196 
499 394 15 16 0.02742219 
382 55 19 26 0.02740375 
290 104 7 9 0.027401697 
337 119 7 10 0.027363595 
672 268 13 16 0.02731011 
837 7 8 9 0.027309202 
136 128 8 9 0.027256874 
735 253 11 15 0.027226903 
352 23 7 9 0.027216075 
758 79 7 10 0.027215434 
984 169 8 11 0.027201785 
850 31 6 8 0.02718223 
904 127 8 10 0.02716956 
327 48 8 10 0.027137917 
95 159 9 11 0.02711446 
935 168 8 10 0.027105324 
859 341 12 15 0.027102036 
745 120 7 9 0.027070822 
95 183 9 11 0.027052907 
265 40 8 10 0.02702289 
407 78 7 10 0.027013307 
629 258 12 14 0.02698787 
303 93 8 10 0.026980877 
821 240 8 10 0.026980305 
331 219 38 50 0.0269747 
582 283 20 24 0.026972003 
647 351 23 27 0.026935866 
824 307 11 15 0.026925968 
552 175 8 10 0.026895477 
824 9 7 9 0.026859868 
170 167 8 9 0.026843617 
751 32 8 10 0.026838986 
552 227 10 12 0.02680318 
56 29 7 9 0.02677024 
716 401 25 34 0.026746469 
233 73 8 8 0.02673491 
110 132 8 11 0.026732672 
77 189 9 11 0.026728414 
567 23 8 9 0.026721073 
111 14 8 10 0.026687896 
992 219 12 17 0.026677256 
832 363 24 29 0.026664447 
157 227 11 16 0.026646942 
185 227 20 24 0.02663541 
65 29 7 9 0.026631188 
920 229 10 13 0.02661704 
201 15 8 9 0.026560443 
335 80 8 9 0.02654113 
575 128 7 10 0.02653927 
863 63 6 8 0.026531655 
89 149 7 9 0.026510606 
924 211 11 13 0.026509345 
936 298 9 13 0.026500443 
384 14 7 10 0.026487147 
975 85 8 9 0.026479919 
14 22 8 9 0.026477545 
-1 224 7 12 0.026436048 
928 261 10 12 0.026426598 
182 178 19 24 0.026424194 
855 86 8 10 0.026398987 
143 247 10 12 0.026379712 
847 191 7 10 0.026374921 
799 152 8 10 0.02637395 
912 276 9 11 0.026352514 
799 61 9 10 0.026340755 
872 111 7 10 0.026329719 
945 118 8 9 0.026245793 
191 48 6 9 0.02622238 
882 384 17 19 0.026221067 
975 169 10 11 0.026202139 
856 276 10 12 0.026175193 
509 303 21 26 0.026171753 
392 32 8 9 0.026169382 
153 87 7 9 0.026166737 
631 213 8 11 0.026162876 
617 134 7 9 0.026158776 
768 38 7 9 0.026148992 
735 196 10 12 0.02611895 
956 44 9 11 0.026105126 
993 48 7 10 0.026092006 
665 242 18 23 0.026062125 
770 152 7 10 0.026053282 
578 95 6 9 0.02604158 
781 253 10 13 0.026039006 
685 95 8 11 0.026022553 
353 31 7 9 0.02600501 
676 239 11 12 0.025983911 
651 400 25 34 0.025976872 
889 124 8 10 0.025963916 
104 158 9 11 0.02596147 
560 40 7 10 0.025959011 
607 40 8 10 0.025954904 
256 199 9 11 0.025950825 
702 205 9 12 0.025934953 
913 5 8 10 0.025907872 
973 251 12 14 0.025895953 
549 261 11 15 0.025893109 
577 200 8 10 0.02585713 
670 342 16 20 0.025843509 
879 167 9 12 0.025841715 
325 141 7 11 0.025838377 
200 160 7 9 0.025826216 
384 23 7 8 0.025807615 
617 6 9 10 0.025800046 
638 212 17 22 0.025779583 
646 46 8 10 0.025778169 
816 120 7 9 0.02577418 
409 24 6 9 0.02576202 
497 337 16 19 0.025756383 
811 427 26 28 0.025749551 
975 61 7 10 0.025715647 
792 151 9 11 0.025677994 
697 102 8 10 0.025669504 
205 167 7 9 0.025647873 
304 61 7 9 0.025593406 
769 175 8 10 0.025580684 
225 31 7 9 0.025562217 
150 8 7 9 0.025521144 
422 14 8 9 0.025501395 
158 96 7 9 0.025488624 
578 190 7 9 0.025485314 
825 149 9 10 0.025469633 
881 120 8 9 0.025445383 
799 99 7 10 0.025434902 
1002 441 16 24 0.025420893 
735 39 8 10 0.025420183 
864 47 7 9 0.025408136 
482 252 12 16 0.025399802 
777 109 7 10 0.02539908 
415 45 8 9 0.025385847 
825 47 8 9 0.025344983 
827 322 12 16 0.025342368 
960 255 9 11 0.025339765 
348 288 25 31 0.025317093 
185 119 9 10 0.02531645 
312 10 7 8 0.025311334 
554 87 8 10 0.025268955 
600 142 8 9 0.025263974 
793 73 8 10 0.025255844 
805 302 10 13 0.025255473 
536 261 9 10 0.025232155 
569 176 7 9 0.025228715 
726 188 9 11 0.025217624 
968 63 8 9 0.02520213 
934 111 8 9 0.025195198 
826 143 9 12 0.025192242 
888 409 15 20 0.025182717 
681 31 7 9 0.025151983 
915 223 10 12 0.02513722 
713 92 8 9 0.02513426 
894 223 8 10 0.025115414 
567 194 7 9 0.025100753 
589 32 9 10 0.025081158 
127 127 8 9 0.025070164 
795 314 12 15 0.025069224 
191 72 8 10 0.025049906 
833 65 6 8 0.025048532 
592 238 8 11 0.025026934 
893 279 9 13 0.025022544 
233 145 6 8 0.025010452 
58 15 8 9 0.024989963 
515 321 16 18 0.02498423 
76 80 8 10 0.02495997 
424 30 7 9 0.024953078 
350 124 8 10 0.024951488 
344 23 8 9 0.024930432 
694 47 7 8 0.024904536 
553 158 7 9 0.024899393 
48 127 11 13 0.024879387 
754 38 7 9 0.024871374 
718 240 9 12 0.024830632 
895 40 8 9 0.024826117 
184 38 7 9 0.024820756 
581 269 10 13 0.024809936 
714 314 11 17 0.024807602 
354 104 7 9 0.024804136 
615 53 7 10 0.024781737 
833 41 7 9 0.024777355 
408 72 8 10 0.024764718 
201 25 7 8 0.02468663 
703 352 15 21 0.02467459 
872 8 8 10 0.024663636 
401 55 8 10 0.024633572 
119 8 8 9 0.024630494 
608 300 14 17 0.024587197 
681 157 7 10 0.024571871 
712 175 9 11 0.024570962 
810 334 21 26 0.024563042 
689 173 9 10 0.024562713 
761 140 8 11 0.024551557 
648 230 19 23 0.0245253 
726 174 7 9 0.0245231 
346 15 7 9 0.024512138 
591 81 7 9 0.024506195 
782 128 9 10 0.024494609 
759 39 7 9 0.024482973 
664 104 7 10 0.024480587 
693 230 19 23 0.024479277 
878 295 18 23 0.024465833 
548 277 12 16 0.024442298 
614 111 8 10 0.024435882 
341 224 19 29 0.024420362 
671 165 7 10 0.02438711 
81 32 8 10 0.024386838 
776 63 7 10 0.024381598 
960 127 10 12 0.024371788 
22 292 13 18 0.024359986 
145 221 10 14 0.024352567 
895 314 11 15 0.024344275 
222 217 14 20 0.02432006 
327 31 7 9 0.024318114 
766 229 12 14 0.024231331 
118 233 9 12 0.024218867 
512 72 7 10 0.024216363 
209 133 8 10 0.024166094 
944 156 9 11 0.02416553 
238 263 22 28 0.024130866 
905 331 19 27 0.024119057 
810 243 10 12 0.024118068 
711 70 7 9 0.024116311 
79 253 10 13 0.024113134 
530 231 8 10 0.024104312 
321 31 6 9 0.02408947 
596 175 7 10 0.024079805 
985 130 9 12 0.024073208 
145 31 8 11 0.024057515 
518 182 8 9 0.024054447 
947 231 20 23 0.02405035 
561 234 18 23 0.024042876 
275 22 7 9 0.024040587 
506 80 7 10 0.024037069 
992 30 8 9 0.024026165 
984 2 8 8 0.024017124 
514 136 8 10 0.02401007 
515 13 8 9 0.023982903 
577 39 7 9 0.023979947 
152 80 8 9 0.023965448 
101 78 8 10 0.023961144 
179 93 8 10 0.02390806 
762 302 16 18 0.023871081 
785 105 8 9 0.023861783 
194 167 8 9 0.023844639 
997 134 8 11 0.023840252 
87 136 8 11 0.023829289 
762 7 8 9 0.023826957 
295 133 8 10 0.023799362 
422 40 8 10 0.023780048 
551 267 10 14 0.023743777 
886 40 19 25 0.023712534 
169 143 7 9 0.023667183 
378 126 8 10 0.023664786 
850 214 9 11 0.023659745 
995 223 14 20 0.023654487 
854 333 13 17 0.023652533 
920 407 17 22 0.02364881 
824 31 8 9 0.023643665 
194 141 8 10 0.02364224 
241 80 7 10 0.023614356 
120 144 6 8 0.023578325 
312 56 7 10 0.023555463 
765 235 11 13 0.023550363 
630 223 8 11 0.023540003 
306 39 8 9 0.023521496 
251 283 16 17 0.02351825 
983 6 9 10 0.023511859 
110 159 8 11 0.02351032 
654 23 7 9 0.023507142 
96 175 8 10 0.023502741 
918 76 7 10 0.023497153 
607 93 7 9 0.023482889 
601 56 6 8 0.023469595 
522 61 7 10 0.023467712 
678 393 29 36 0.023451023 
112 103 8 10 0.02343838 
666 86 8 10 0.023437677 
775 197 9 13 0.023436194 
666 95 8 10 0.023434922 
575 415 29 36 0.02343282 
169 150 8 9 0.023424745 
750 319 24 29 0.023418209 
895 232 9 11 0.023417242 
104 111 9 10 0.02341489 
800 23 7 8 0.023407105 
327 23 7 9 0.023387723 
144 109 8 10 0.023384308 
79 147 9 11 0.023380036 
4 110 9 12 0.0233742 
312 30 6 9 0.02337037 
758 221 8 11 0.02336779 
997 141 8 12 0.023340287 
232 79 8 10 0.023299798 
622 175 8 10 0.023293214 
937 134 8 11 0.023285829 
856 295 11 13 0.023282964 
767 80 8 9 0.023282291 
105 13 9 10 0.02327468 
359 8 9 10 0.023264876 
719 222 9 11 0.023261428 
613 252 10 12 0.023246363 
913 252 9 11 0.023242798 
934 413 27 33 0.023231449 
558 180 9 11 0.023229264 
85 261 12 16 0.023195267 
897 65 6 8 0.023186043 
39 295 21 24 0.023169104 
42 96 8 9 0.023167543 
503 317 23 27 0.023164123 
81 103 8 9 0.023149196 
328 214 10 13 0.023142826 
119 94 9 12 0.02313912 
850 8 7 8 0.023124482 
545 79 7 9 0.023110377 
799 179 8 11 0.023085564 
8 476 16 21 0.023085522 
775 267 10 13 0.02307649 
117 282 49 60 0.023073282 
200 137 6 9 0.023072373 
400 104 8 9 0.023065364 
828 333 12 15 0.023057621 
686 55 8 9 0.02305415 
806 449 27 33 0.023045035 
631 183 8 10 0.023041345 
955 365 15 17 0.023029158 
104 104 7 8 0.023024583 
64 198 10 12 0.02299099 
25 180 21 27 0.022980027 
32 41 6 9 0.02297216 
4 185 19 27 0.022960786 
177 23 7 9 0.022951275 
328 127 7 9 0.022943402 
611 285 14 16 0.022940446 
24 85 8 11 0.022924848 
423 23 8 10 0.022919374 
86 186 18 23 0.022885565 
901 195 21 25 0.02288116 
542 223 8 10 0.022847129 
964 264 14 16 0.022831121 
845 292 10 13 0.022823257 
372 218 15 19 0.022815613 
470 109 10 14 0.022799086 
920 160 9 11 0.022798935 
638 118 7 9 0.022787856 
721 152 7 9 0.022763917 
896 133 8 10 0.022750499 
818 9 7 9 0.022740837 
713 104 9 10 0.022735862 
558 1 8 8 0.022734892 
23 95 7 10 0.022733558 
655 69 8 11 0.02272501 
700 273 12 16 0.022690652 
712 325 14 19 0.022687277 
992 25 8 10 0.022686232 
572 415 14 19 0.022671232 
857 103 8 10 0.022661207 
13 291 13 18 0.022646047 
174 204 11 11 0.022629358 
670 240 10 12 0.022620084 
924 226 20 23 0.022610052 
986 424 22 33 0.022585021 
617 40 7 9 0.022580232 
782 268 9 11 0.022565937 
919 287 9 11 0.022555621 
844 359 16 21 0.022540055 
1011 435 14 21 0.022530079 
889 434 16 21 0.022525312 
781 159 8 11 0.022518465 
192 94 8 10 0.022511845 
51 187 11 14 0.022509148 
136 57 7 9 0.022478037 
341 103 8 10 0.022456644 
614 213 8 10 0.022454223 
695 199 9 12 0.022452751 
126 47 7 9 0.022449924 
935 127 8 10 0.022406487 
832 296 20 24 0.022363232 
599 168 8 9 0.022352936 
895 52 7 10 0.022347435 
257 111 8 10 0.022346873 
276 264 13 19 0.022343548 
313 95 7 8 0.022327585 
1011 415 14 19 0.022305097 
272 32 8 10 0.022299625 
31 57 8 9 0.022295693 
825 131 9 12 0.022293143 
923 404 25 33 0.022286912 
591 55 7 9 0.022283543 
244 289 17 19 0.022262316 
376 14 9 10 0.022260321 
880 74 17 23 0.022256052 
864 32 7 9 0.022250304 
641 41 7 9 0.02223926 
179 189 9 12 0.022210566 
937 446 17 21 0.022197146 
133 118 8 10 0.022195205 
583 54 10 10 0.022154272 
831 204 8 10 0.022153612 
857 307 18 23 0.022144629 
832 340 12 16 0.022132827 
310 172 9 12 0.022132069 
832 219 10 13 0.022121163 
965 238 9 11 0.022093944 
574 53 7 10 0.022069322 
848 200 7 8 0.022057308 
102 208 19 24 0.022054637 
1015 168 9 11 0.022043599 
591 127 7 9 0.022041522 
1016 31 7 11 0.022010032 
497 89 8 9 0.022006476 
312 40 6 8 0.021998929 
543 53 7 9 0.021998586 
722 46 7 9 0.021955442 
470 117 10 15 0.021944663 
749 387 24 27 0.021931699 
870 223 9 12 0.021925123 
703 166 9 10 0.02187535 
816 94 7 8 0.021872966 
996 211 13 18 0.021857714 
625 338 16 20 0.02184308 
661 358 17 22 0.021841522 
799 221 7 10 0.021837946 
973 155 12 13 0.021824852 
663 119 7 9 0.02182366 
727 265 96 114 0.021822128 
768 166 7 10 0.021813463 
591 400 18 22 0.021810971 
25 45 8 10 0.021810843 
583 63 8 10 0.02173163 
537 270 10 12 0.02173054 
128 276 12 15 0.02170321 
940 395 24 30 0.021664133 
149 222 19 25 0.021658773 
145 37 8 10 0.021653403 
305 15 7 9 0.021638872 
272 198 10 12 0.02162129 
9 72 7 9 0.021617385 
450 110 49 59 0.021616464 
838 175 8 9 0.021612298 
813 149 8 10 0.02160995 
489 273 14 17 0.021566596 
231 109 7 9 0.021559156 
288 30 7 9 0.021556977 
287 48 7 9 0.021545403 
935 224 7 9 0.021543102 
340 295 74 105 0.021541107 
784 104 18 24 0.02151721 
958 88 8 10 0.021504274 
23 32 8 8 0.021492712 
736 1 8 9 0.02148978 
816 38 7 10 0.021450909 
998 5 8 9 0.021433754 
202 125 8 10 0.021418594 
596 370 18 21 0.021399872 
236 205 12 15 0.021383055 
4 313 23 29 0.021357005 
304 48 7 9 0.021357005 
630 38 9 11 0.02135573 
224 15 7 9 0.021354973 
271 73 8 9 0.021351714 
911 62 7 9 0.021343192 
252 291 15 18 0.021332098 
979 210 11 13 0.021325465 
207 8 8 9 0.021313865 
328 72 7 9 0.021308614 
766 135 9 11 0.02128947 
351 274 25 32 0.02126772 
871 387 23 27 0.021264795 
705 79 8 9 0.021251703 
582 260 10 13 0.021249808 
360 62 6 9 0.0212409 
970 46 7 9 0.021225113 
599 118 8 9 0.021212604 
550 71 8 10 0.021211326 
669 182 9 11 0.021204032 
103 247 10 12 0.021185005 
327 135 7 11 0.021183547 
134 221 11 14 0.02117985 
488 227 11 14 0.021175727 
445 105 28 38 0.021171423 
535 278 19 24 0.021149844 
567 119 7 9 0.02114443 
920 64 7 9 0.021125194 
109 469 29 36 0.021125099 
260 222 20 28 0.021119276 
89 275 21 27 0.02110934 
731 362 13 19 0.021097418 
946 166 18 23 0.021094281 
304 79 8 8 0.021087026 
320 118 8 10 0.021068262 
840 15 7 10 0.021063259 
754 154 19 24 0.021052377 
792 23 6 8 0.02104879 
896 242 18 23 0.021038417 
989 426 12 20 0.021038122 
965 133 8 10 0.021007817 
81 246 10 12 0.021004835 
744 31 7 10 0.020988135 
200 112 7 8 0.020960584 
201 151 7 9 0.020922936 
629 311 17 23 0.02092008 
377 23 8 9 0.020919863 
104 119 9 10 0.020916268 
767 277 11 13 0.020913301 
719 93 7 9 0.020901162 
693 204 11 13 0.020897461 
877 332 20 24 0.020895675 
169 118 8 9 0.020892432 
663 55 8 9 0.020888634 
792 128 19 24 0.0208884 
816 109 8 10 0.020875908 
280 62 6 9 0.020870112 
966 166 9 11 0.02086996 
698 82 19 24 0.020772943 
235 234 12 15 0.020771135 
761 0 8 9 0.020763531 
780 477 29 30 0.020759752 
983 56 6 8 0.020735871 
839 283 10 14 0.020716084 
616 17 7 10 0.020710377 
984 109 8 11 0.020696891 
749 80 19 24 0.020696867 
656 206 8 11 0.020690126 
256 127 9 11 0.020681942 
809 466 19 24 0.02067617 
840 270 10 12 0.020673336 
550 189 8 11 0.020672206 
957 311 10 12 0.020667665 
175 149 7 9 0.020636393 
138 164 7 10 0.020625087 
738 406 28 35 0.020623997 
501 103 8 10 0.02061974 
401 61 8 11 0.020611053 
398 47 7 9 0.020594494 
991 259 11 15 0.020592876 
999 125 9 10 0.02057677 
197 255 14 17 0.020562783 
29 103 8 10 0.020543968 
561 73 8 10 0.02054046 
592 182 8 10 0.020525156 
623 252 10 12 0.020511162 
695 32 7 9 0.020510674 
160 39 8 10 0.020497132 
932 234 10 14 0.020497024 
25 56 7 9 0.020485561 
72 94 8 11 0.020476816 
490 258 20 25 0.020450167 
511 232 9 11 0.020442596 
621 393 13 19 0.02043659 
734 206 9 12 0.020435005 
918 117 8 10 0.020433484 
254 102 8 10 0.0204298 
586 142 8 9 0.020429192 
663 23 8 9 0.02042499 
802 355 22 25 0.020422705 
13 486 29 34 0.020410407 
238 93 8 9 0.020403124 
145 249 24 27 0.020392783 
486 237 11 15 0.020387372 
490 216 8 11 0.020357197 
825 95 7 9 0.020355837 
733 283 13 17 0.020328803 
607 159 8 9 0.020321453 
382 109 8 10 0.020291174 
243 211 13 19 0.02029068 
674 8 7 9 0.020288577 
761 172 9 11 0.02027895 
560 6 21 26 0.020247877 
709 228 11 13 0.020245343 
951 315 11 13 0.02022989 
-1 205 7 13 0.020218102 
185 31 7 10 0.0202022 
423 46 7 8 0.020200541 
923 237 9 12 0.020196894 
591 272 10 12 0.020194247 
169 46 7 9 0.020162612 
313 147 10 13 0.020149956 
359 301 27 34 0.020141527 
860 331 12 16 0.020131009 
107 94 8 10 0.020111514 
752 152 8 10 0.020111255 
672 129 8 9 0.020098094 
847 417 38 48 0.020091344 
376 65 7 9 0.020078829 
239 14 7 9 0.020078266 
551 120 18 25 0.02007163 
559 23 7 9 0.020065872 
214 133 8 9 0.020032754 
964 231 10 12 0.020010725 
966 351 14 18 0.020005263 
