2_Demonstration_Protesters_2_531
3124
171 511 17 21 0.9959527 
606 328 15 21 0.99537694 
972 219 14 17 0.9937761 
751 361 15 19 0.9937117 
493 444 18 22 0.99186665 
643 479 17 22 0.9916202 
740 332 15 18 0.99161315 
978 434 18 25 0.9898868 
844 413 17 21 0.98907065 
39 285 13 17 0.9888898 
617 433 18 24 0.987927 
155 472 17 23 0.98735434 
696 322 14 18 0.9868122 
279 326 16 20 0.9862519 
793 392 16 20 0.98561853 
749 488 16 20 0.98446006 
453 320 14 18 0.98423195 
191 431 16 22 0.98385125 
91 278 13 17 0.983001 
125 539 19 23 0.98275375 
602 456 18 23 0.98226213 
116 509 18 23 0.9817192 
570 307 13 17 0.9816126 
134 302 15 18 0.98110294 
822 230 13 17 0.98108613 
283 500 18 22 0.9810594 
989 263 13 17 0.9806137 
470 280 14 18 0.97986823 
365 582 21 25 0.9770562 
233 489 17 23 0.9770486 
120 473 18 21 0.97672117 
627 388 15 20 0.9764326 
841 265 15 17 0.9759902 
94 240 13 17 0.9759251 
420 337 13 17 0.9755786 
312 491 19 23 0.9739033 
205 188 12 15 0.973813 
565 278 13 17 0.973559 
636 236 13 17 0.9735434 
586 492 18 23 0.97255725 
399 251 14 17 0.97207063 
20 361 18 24 0.97158176 
570 549 18 24 0.97035384 
933 262 13 16 0.970296 
347 414 16 19 0.97027695 
455 510 19 23 0.96893513 
653 315 14 17 0.9681211 
847 196 12 16 0.9677871 
11 414 16 20 0.96507806 
835 313 14 17 0.9643528 
81 460 19 23 0.9628977 
989 388 18 23 0.96169436 
107 582 18 25 0.9616365 
928 540 21 27 0.960761 
903 364 16 19 0.9582473 
160 642 22 25 0.95762014 
959 314 14 17 0.95742506 
605 243 13 17 0.95722216 
247 473 16 21 0.95690584 
339 214 12 16 0.95644677 
895 406 17 22 0.955507 
829 402 16 19 0.95512044 
22 243 13 16 0.95495236 
14 567 20 25 0.95431066 
866 463 19 22 0.95422435 
667 234 13 16 0.95295626 
356 302 15 17 0.95241183 
465 480 19 25 0.95224166 
830 189 11 14 0.9521419 
747 171 12 16 0.95196337 
677 141 10 13 0.95166683 
1003 579 18 25 0.95099014 
412 230 11 15 0.9509215 
655 262 14 18 0.9500771 
53 317 13 17 0.9491554 
134 250 12 16 0.9486573 
368 243 12 16 0.94821376 
405 475 19 24 0.9473697 
862 179 13 16 0.94658375 
480 426 14 18 0.9450676 
961 422 15 20 0.94440216 
377 425 15 19 0.94321615 
348 449 16 19 0.9415852 
958 238 13 17 0.9401143 
273 465 16 20 0.93950224 
264 275 14 17 0.9394606 
1005 225 14 17 0.93909395 
632 409 17 20 0.9375469 
899 264 14 17 0.93661 
412 523 20 24 0.93558514 
785 485 18 25 0.9350547 
20 435 17 21 0.93448436 
879 538 19 26 0.9338905 
615 303 15 19 0.9338718 
867 249 13 16 0.9316711 
452 237 13 15 0.93143356 
785 437 16 22 0.9313799 
399 506 17 22 0.93035126 
678 197 13 17 0.9298343 
700 413 16 20 0.92962706 
429 414 17 19 0.9276077 
682 474 17 22 0.92706203 
126 217 12 16 0.9267967 
766 539 21 24 0.9266686 
774 261 12 16 0.9260236 
502 226 13 17 0.92518866 
226 651 21 25 0.9234439 
142 405 19 24 0.9222492 
496 195 13 15 0.9179935 
498 285 14 17 0.9174438 
275 183 11 15 0.915117 
61 492 17 22 0.9103883 
592 263 13 16 0.9090797 
70 205 12 15 0.9083768 
918 482 18 24 0.90780485 
50 372 14 18 0.9075813 
742 109 11 13 0.90556216 
882 235 12 15 0.90298665 
70 314 13 18 0.89926016 
237 285 13 16 0.8970916 
796 268 13 15 0.89657485 
140 621 17 24 0.8949017 
246 372 15 19 0.89422125 
685 447 15 20 0.89321214 
453 205 12 14 0.8924806 
772 122 11 13 0.8900746 
888 189 13 18 0.88667727 
716 270 13 17 0.8854782 
975 299 13 16 0.8843424 
295 651 20 26 0.8823063 
414 445 17 21 0.8777833 
651 390 16 20 0.87727755 
809 356 15 20 0.87726915 
680 388 17 20 0.8771443 
517 461 19 22 0.87372684 
750 421 17 21 0.8731841 
666 543 15 25 0.87229574 
540 216 14 18 0.871587 
810 255 13 16 0.8704649 
942 222 14 16 0.8692985 
788 570 14 19 0.8665319 
710 300 13 16 0.8628997 
584 327 14 18 0.86210763 
582 287 12 16 0.862062 
410 158 10 13 0.8616942 
469 372 13 16 0.8598702 
242 228 12 15 0.8596724 
344 286 12 15 0.85745376 
723 250 13 17 0.85266685 
584 206 11 14 0.8524771 
-1 605 13 23 0.8519788 
245 118 9 12 0.84424955 
958 180 12 16 0.84381914 
776 284 13 16 0.8430577 
793 118 12 15 0.8424606 
474 405 14 17 0.8403132 
198 253 13 16 0.84027416 
997 319 13 16 0.83950216 
907 186 12 16 0.83813316 
874 141 11 15 0.83613384 
296 386 16 18 0.83307284 
266 573 16 21 0.83016354 
990 164 13 16 0.8282796 
925 330 13 17 0.82701415 
422 132 9 12 0.8234012 
379 261 12 16 0.82030153 
897 309 13 16 0.81697166 
683 173 11 13 0.81544805 
800 289 14 17 0.8138182 
787 326 14 16 0.8134521 
501 315 13 18 0.8133201 
618 358 16 19 0.811906 
116 322 13 16 0.8095185 
334 511 20 23 0.80356103 
822 131 10 13 0.8032642 
22 474 15 19 0.8021652 
33 165 10 13 0.80162424 
95 422 15 21 0.7956914 
757 318 12 16 0.7940872 
810 435 18 20 0.7939709 
355 157 11 15 0.7903922 
552 180 11 13 0.7901516 
236 183 12 14 0.7862079 
184 210 13 15 0.7813191 
743 72 10 12 0.7748337 
39 317 13 17 0.77315605 
663 354 13 16 0.76770157 
425 209 13 16 0.7671832 
731 198 12 16 0.766688 
485 148 9 12 0.7650482 
346 341 15 16 0.7645314 
356 223 12 14 0.76125187 
526 302 13 17 0.76057154 
354 477 17 20 0.7568355 
708 168 11 14 0.7538565 
659 51 12 14 0.74616355 
150 325 14 16 0.7459181 
476 315 13 15 0.7459084 
280 435 16 21 0.7426761 
670 21 9 12 0.74226743 
677 119 11 14 0.7378838 
777 455 16 20 0.7376128 
321 225 12 16 0.73110545 
635 213 12 16 0.73019654 
519 93 7 10 0.72928005 
278 141 10 12 0.7284192 
700 142 9 13 0.7261731 
228 245 11 14 0.7249903 
38 354 14 18 0.72102183 
758 92 10 13 0.7176647 
516 566 19 21 0.71411806 
744 248 13 16 0.714057 
897 170 12 15 0.7096442 
518 503 15 20 0.7091168 
895 111 8 11 0.7055223 
423 301 14 16 0.7048309 
842 331 15 18 0.7046283 
154 286 13 16 0.7045276 
903 78 8 11 0.70407414 
438 116 9 12 0.70253766 
813 106 11 13 0.70195556 
407 198 12 16 0.6979201 
203 311 15 18 0.6928353 
943 94 9 11 0.69222087 
248 308 13 17 0.6895964 
872 224 13 16 0.68659717 
0 325 9 15 0.6804958 
668 433 15 21 0.6755264 
756 405 16 20 0.67341083 
307 212 13 15 0.6689434 
681 246 13 16 0.66748023 
357 137 9 12 0.66682 
184 166 10 12 0.6652979 
583 244 10 14 0.66356015 
287 163 11 13 0.6614156 
296 186 10 13 0.6607055 
294 143 9 12 0.65912336 
875 442 17 21 0.6575432 
712 117 11 14 0.65476465 
344 395 12 16 0.65393347 
175 238 11 14 0.65164816 
679 16 9 10 0.64801925 
472 350 10 13 0.64505017 
991 183 12 15 0.6420868 
734 25 9 12 0.6394871 
268 155 10 13 0.6378277 
850 363 13 16 0.6344378 
889 383 15 19 0.6332056 
62 258 13 16 0.629787 
278 226 10 14 0.62967277 
12 206 11 13 0.62501186 
814 86 10 13 0.623112 
768 95 9 12 0.6215464 
732 231 11 15 0.6117168 
896 292 13 17 0.61147296 
201 297 14 17 0.6090487 
105 265 12 15 0.6088687 
127 382 13 17 0.6086756 
319 176 13 16 0.6086625 
434 117 9 12 0.606935 
987 339 14 17 0.60376674 
566 7 7 9 0.6013625 
270 63 9 11 0.59907985 
418 280 14 17 0.594371 
47 229 10 14 0.5909911 
77 159 10 13 0.58513296 
757 119 10 12 0.5838456 
22 518 16 19 0.58084035 
767 227 13 16 0.5772833 
210 272 13 16 0.57246023 
675 281 16 17 0.57155234 
263 80 8 10 0.56241953 
328 241 12 16 0.56229633 
637 95 9 12 0.56011695 
623 110 10 14 0.5597944 
388 120 9 11 0.5591244 
0 288 8 14 0.55307496 
98 214 11 14 0.5472482 
456 353 12 16 0.54563034 
417 380 17 20 0.54173505 
667 370 13 17 0.5408364 
381 207 9 12 0.53804475 
319 56 8 11 0.5377888 
318 113 9 11 0.5326482 
161 143 9 11 0.5282693 
280 105 10 12 0.52641195 
210 94 8 10 0.5234509 
365 93 9 12 0.5132913 
518 320 14 17 0.5094881 
939 160 13 14 0.50614256 
317 254 12 15 0.50374216 
648 78 9 12 0.4946016 
633 300 11 15 0.49088505 
457 222 11 14 0.48979846 
767 219 13 17 0.48891345 
226 127 9 11 0.48291895 
582 94 11 12 0.47902355 
682 201 13 16 0.47410807 
228 219 11 13 0.4728437 
498 103 8 10 0.46966496 
457 139 11 13 0.46902728 
538 101 8 11 0.46806633 
805 24 10 12 0.46531987 
453 230 13 16 0.46478844 
659 117 10 12 0.464004 
127 195 10 12 0.4613498 
656 112 11 13 0.45512465 
272 86 10 11 0.45459044 
897 78 7 10 0.44821563 
670 419 16 20 0.4472799 
209 119 8 10 0.44706362 
345 71 9 10 0.44609633 
241 155 10 12 0.44441697 
3 348 15 19 0.44312033 
849 243 13 15 0.44188687 
640 124 11 13 0.43999827 
716 91 11 13 0.43881 
231 141 9 12 0.43710315 
394 140 9 12 0.43563712 
3 450 16 19 0.43477005 
642 31 8 11 0.43446648 
724 303 12 14 0.43441215 
800 189 10 13 0.4321569 
424 111 8 11 0.43070495 
112 105 9 11 0.42735422 
259 259 12 15 0.42602304 
784 93 10 12 0.42502448 
631 341 12 16 0.42155275 
912 103 8 11 0.4206535 
689 31 9 12 0.42017946 
781 78 8 11 0.4200923 
975 88 8 10 0.41685373 
22 612 22 28 0.41564518 
702 9 8 11 0.41542462 
499 370 13 16 0.41538906 
966 281 14 16 0.41481805 
995 642 17 27 0.4118514 
621 190 9 12 0.4107883 
391 104 8 9 0.41039345 
644 184 10 12 0.4048198 
318 77 8 11 0.39940587 
727 284 14 16 0.3983001 
197 127 8 11 0.3939372 
2 499 14 18 0.38576105 
782 86 9 12 0.38550034 
535 320 13 16 0.38316214 
856 164 11 14 0.3797541 
491 126 8 11 0.37800846 
544 120 9 11 0.37800714 
716 302 12 14 0.37761214 
622 85 9 12 0.37737775 
475 465 18 22 0.3759265 
189 165 9 11 0.37210858 
171 221 12 14 0.37119612 
760 150 9 11 0.37051728 
884 211 13 15 0.3683717 
590 111 11 14 0.36648816 
534 524 16 21 0.36564657 
153 512 16 19 0.3620211 
502 87 7 10 0.35998333 
294 116 9 13 0.35232928 
328 30 7 9 0.35196283 
310 92 9 12 0.35173407 
473 230 8 12 0.35154766 
551 89 8 10 0.3502318 
684 15 8 10 0.34966248 
445 85 8 10 0.34650293 
389 191 12 13 0.34610206 
448 102 8 10 0.34294254 
670 304 15 18 0.3420284 
918 108 9 11 0.34191117 
63 184 10 13 0.34057745 
820 205 11 14 0.3344964 
222 324 13 17 0.334253 
261 324 14 17 0.33198792 
592 182 10 14 0.32961807 
625 46 9 12 0.329175 
349 111 10 12 0.32913396 
300 255 11 14 0.32772854 
567 92 8 10 0.32747418 
783 205 10 13 0.3253369 
837 138 11 14 0.32146713 
999 157 11 14 0.31860122 
95 80 7 10 0.31452164 
137 148 9 11 0.31423867 
777 15 10 13 0.31202635 
623 284 12 14 0.3112262 
117 173 9 12 0.31029612 
461 89 8 9 0.30988497 
327 72 6 9 0.30517662 
566 469 13 15 0.30465597 
994 6 8 10 0.30215624 
753 118 9 12 0.30078873 
718 16 9 12 0.30022725 
609 54 9 11 0.29996225 
375 126 8 10 0.2996279 
693 119 9 12 0.2952176 
89 62 8 12 0.2946333 
984 119 8 11 0.29334408 
514 119 8 10 0.2919901 
327 346 12 16 0.290247 
826 357 11 15 0.28987563 
574 104 9 11 0.28932053 
1004 102 10 12 0.28705868 
504 172 10 12 0.28673866 
559 73 7 10 0.2839278 
244 328 15 18 0.282821 
539 316 13 17 0.28066137 
501 104 8 12 0.2797056 
712 191 12 15 0.27886307 
176 128 8 12 0.27734143 
419 574 14 21 0.27351874 
401 78 7 8 0.2729405 
1012 419 10 15 0.27262473 
46 317 12 16 0.2715846 
246 101 8 10 0.269699 
230 249 12 15 0.26919094 
303 46 8 10 0.26911575 
666 377 13 18 0.26498535 
164 191 11 14 0.2647113 
334 87 10 11 0.2639075 
712 87 11 14 0.2637588 
633 54 10 12 0.26171824 
136 457 14 18 0.26078054 
371 382 13 16 0.26009554 
167 347 13 17 0.25920266 
277 430 15 19 0.25802997 
2 189 9 13 0.25691357 
334 136 8 10 0.25619566 
301 167 9 12 0.2556048 
636 60 10 13 0.2553171 
365 349 11 15 0.25500718 
45 395 15 19 0.2544857 
549 6 7 9 0.25444913 
815 73 9 11 0.2541772 
212 496 12 17 0.25203937 
224 215 10 14 0.251178 
994 162 13 15 0.2495193 
426 86 7 9 0.24897575 
833 112 9 12 0.24767153 
756 330 13 16 0.24696742 
214 258 12 15 0.24642117 
328 142 9 12 0.24353136 
57 295 12 14 0.24197674 
834 292 14 16 0.24153532 
496 353 13 16 0.24093899 
868 329 13 15 0.24017456 
13 92 10 12 0.23942594 
961 110 10 12 0.23895374 
366 173 9 11 0.23663783 
550 119 9 11 0.23648977 
229 132 9 11 0.2342235 
865 119 10 12 0.23412895 
517 23 7 10 0.23322444 
50 193 13 16 0.23320158 
710 62 10 12 0.23175627 
672 17 10 12 0.231703 
525 78 8 10 0.23118779 
638 190 9 12 0.23105782 
573 117 8 11 0.23064908 
331 124 8 11 0.2302612 
5 62 9 11 0.22981071 
614 117 10 12 0.2291633 
880 273 12 15 0.22833468 
608 6 9 10 0.22789265 
20 157 9 13 0.22755662 
73 222 11 15 0.22737657 
597 231 11 13 0.22726628 
221 172 10 13 0.22594294 
536 97 8 10 0.22496723 
610 495 16 20 0.2248986 
704 23 9 12 0.22425123 
391 88 7 10 0.22387415 
628 324 10 14 0.22185342 
182 301 10 14 0.22076419 
848 87 8 11 0.22024675 
731 361 14 18 0.21908128 
573 111 8 10 0.21872433 
354 345 15 17 0.21850605 
432 191 10 12 0.21727757 
1014 377 11 16 0.21582149 
696 96 10 11 0.21493696 
216 157 9 10 0.2134279 
937 1 9 8 0.21312322 
129 282 15 16 0.20938319 
885 99 9 11 0.20820029 
262 622 9 12 0.2077942 
543 77 7 9 0.20770347 
518 417 12 16 0.20741934 
747 191 11 13 0.20629384 
851 145 15 16 0.20607647 
1 157 9 15 0.20548645 
116 329 13 17 0.20536342 
86 308 13 16 0.20526208 
794 151 9 11 0.20486347 
801 80 8 11 0.20433024 
782 165 8 12 0.20328972 
847 104 9 10 0.20086524 
513 110 7 10 0.20083478 
669 87 10 12 0.19951497 
725 47 10 12 0.1992353 
24 315 12 15 0.19832826 
992 2 9 9 0.1977747 
168 214 10 13 0.19757941 
94 143 10 13 0.19565618 
95 119 8 11 0.1949906 
286 76 9 11 0.19461314 
862 76 8 11 0.19366492 
897 299 14 18 0.19336979 
817 11 8 11 0.1927302 
407 332 10 13 0.19207439 
853 109 8 11 0.19157302 
1008 256 11 14 0.19125149 
177 6 8 10 0.19105525 
822 302 11 14 0.19080773 
174 309 12 16 0.19050278 
767 118 12 14 0.19025342 
870 447 20 25 0.18999648 
470 125 9 11 0.18940063 
369 71 8 10 0.18900332 
367 38 7 9 0.18790847 
526 191 9 11 0.1878498 
729 5 8 9 0.18719225 
535 213 14 16 0.1871651 
617 195 10 13 0.18691167 
285 202 10 13 0.18651085 
577 229 10 12 0.18451841 
463 110 6 9 0.18442003 
262 118 9 11 0.18347497 
5 150 9 13 0.18339719 
229 102 8 10 0.18290354 
616 68 9 10 0.18256244 
686 119 11 13 0.18246074 
601 96 9 11 0.18208113 
489 79 8 11 0.17988683 
163 388 11 15 0.17948446 
94 171 11 13 0.17915569 
742 47 9 10 0.17842235 
286 110 9 11 0.17830856 
447 80 8 10 0.17821856 
647 11 11 13 0.17748587 
517 137 8 10 0.17610769 
45 52 8 10 0.1755196 
472 101 8 10 0.17483343 
181 128 8 11 0.17420186 
596 203 12 15 0.17392929 
1013 325 10 13 0.1736089 
760 155 10 13 0.17345002 
664 70 10 12 0.1726326 
471 73 8 11 0.17256545 
597 112 12 14 0.17166252 
815 77 11 14 0.17149769 
478 195 10 13 0.17130634 
302 101 8 10 0.17097679 
572 490 13 18 0.170345 
759 0 9 9 0.1698681 
276 385 16 18 0.16945343 
512 135 9 11 0.16920023 
252 363 16 20 0.1688298 
255 254 12 15 0.1685829 
213 120 9 11 0.16846827 
487 119 9 10 0.16786553 
312 8 7 9 0.16758622 
473 96 9 11 0.16739792 
848 109 9 12 0.1669285 
567 483 14 20 0.16656275 
424 102 8 11 0.16624624 
964 143 10 12 0.16614114 
1008 345 12 17 0.16611381 
141 145 9 11 0.16519131 
670 70 8 12 0.16477884 
719 174 10 12 0.16471873 
549 140 10 12 0.16413386 
472 310 13 16 0.16404533 
254 323 13 17 0.16404513 
56 255 12 14 0.16391627 
26 309 13 16 0.16377793 
615 64 8 10 0.16201775 
1007 108 9 12 0.16177873 
173 40 8 11 0.15991701 
820 148 12 13 0.15975975 
631 135 10 12 0.15886521 
704 110 9 12 0.15740538 
305 95 8 11 0.15680596 
995 246 12 13 0.15654506 
608 61 9 12 0.15627986 
965 95 9 11 0.15613295 
432 80 8 11 0.15560175 
987 567 15 18 0.15534866 
163 275 11 14 0.15443687 
632 38 8 10 0.15424916 
575 75 9 11 0.1538523 
548 213 13 17 0.15319633 
482 111 8 10 0.15261343 
963 7 8 9 0.15181366 
365 87 9 11 0.15161406 
629 47 9 11 0.15153559 
169 132 8 11 0.15084335 
79 126 10 11 0.15080787 
646 206 9 13 0.15074256 
294 164 10 14 0.15064168 
712 16 9 12 0.15060107 
254 220 10 14 0.15057443 
68 254 13 16 0.14990991 
6 316 10 14 0.14942484 
198 160 9 11 0.1484908 
497 86 7 10 0.14839534 
70 111 8 11 0.14806138 
844 526 14 19 0.1477978 
855 105 7 9 0.14701241 
367 79 8 10 0.14662686 
343 373 13 15 0.14660327 
19 291 11 14 0.14564566 
257 184 8 12 0.14561978 
382 339 11 15 0.14541326 
12 405 16 21 0.14504245 
583 13 7 11 0.14444713 
111 123 8 11 0.14322864 
125 180 11 12 0.14318678 
314 112 7 10 0.14300422 
338 79 9 9 0.14296722 
362 49 7 8 0.142787 
656 450 13 17 0.14276274 
978 14 7 9 0.14274031 
974 151 11 14 0.14267044 
274 47 8 9 0.14259697 
474 172 12 16 0.14178436 
150 25 8 10 0.14140321 
314 40 7 9 0.14138485 
165 236 12 14 0.1411552 
184 276 11 14 0.14115304 
330 136 9 11 0.14049602 
79 133 9 12 0.14032106 
430 443 13 17 0.14023837 
357 215 11 13 0.1399683 
246 95 9 11 0.13982992 
697 146 11 13 0.13940081 
330 89 8 9 0.13927878 
240 48 7 10 0.13909641 
617 37 7 10 0.13892744 
527 64 7 9 0.13886492 
654 340 12 16 0.13849305 
704 86 9 11 0.13822936 
407 125 8 10 0.13764673 
893 1 8 9 0.13677047 
632 191 11 13 0.13642104 
425 64 8 10 0.13632217 
339 652 14 19 0.13604006 
373 167 9 12 0.1359022 
586 55 8 10 0.13572834 
461 362 14 16 0.13558234 
227 322 13 17 0.13537505 
160 193 11 15 0.13491467 
743 281 11 15 0.13366586 
0 526 11 15 0.13300537 
710 45 9 10 0.13260984 
977 8 8 9 0.13254678 
638 577 14 18 0.13135043 
818 477 16 21 0.13091923 
382 473 13 16 0.13058215 
908 79 9 12 0.13021226 
1012 111 8 11 0.13015494 
129 102 8 10 0.1301383 
431 436 14 17 0.12916777 
396 388 13 17 0.12908126 
789 205 11 15 0.1290241 
960 386 13 18 0.12852761 
841 94 8 10 0.12785088 
439 80 8 10 0.12774374 
781 243 11 14 0.12741478 
716 438 17 19 0.12739135 
637 308 11 15 0.12735525 
904 183 12 15 0.12730649 
331 410 13 17 0.12726884 
965 127 9 12 0.12722827 
0 89 7 12 0.12714955 
962 100 10 12 0.12697859 
202 257 14 16 0.1266749 
367 33 7 9 0.1264244 
389 110 9 10 0.1261839 
373 294 10 14 0.12548223 
391 49 6 9 0.12543677 
3 437 13 17 0.12529041 
762 299 13 16 0.12486257 
495 181 10 12 0.124664694 
310 196 10 12 0.12455701 
805 185 8 11 0.124439605 
1005 31 9 11 0.12428804 
445 371 13 17 0.12384466 
974 242 14 16 0.12370846 
337 55 9 10 0.12367741 
696 86 9 12 0.12366587 
217 166 11 13 0.12352733 
639 313 12 17 0.123170085 
269 426 14 20 0.12306843 
74 78 9 10 0.122970045 
720 179 11 13 0.12255776 
317 40 8 9 0.12239848 
89 316 13 16 0.12238239 
113 167 10 13 0.1222004 
888 164 13 16 0.1210435 
303 71 8 10 0.12087183 
789 356 13 17 0.1198632 
529 12 8 10 0.11962394 
683 267 13 14 0.11913814 
1005 97 9 10 0.11895756 
545 62 8 10 0.11875265 
833 475 14 18 0.11856561 
169 24 7 9 0.118024774 
1013 117 9 13 0.11745435 
1001 27 10 13 0.11689429 
453 158 11 12 0.11686364 
392 70 7 10 0.11682282 
102 190 9 11 0.116591275 
546 30 8 10 0.116575524 
759 598 13 18 0.115609616 
902 150 12 14 0.11523914 
1015 196 9 13 0.1151988 
644 244 11 14 0.114676714 
764 247 10 13 0.114422 
863 323 15 17 0.1137791 
237 205 10 13 0.1135499 
880 292 13 18 0.11352391 
600 64 8 11 0.113486275 
160 182 9 12 0.11338071 
611 216 13 17 0.11328468 
223 239 12 15 0.11228164 
511 39 8 9 0.11225104 
702 362 14 18 0.11208488 
800 30 10 11 0.11204594 
445 301 13 16 0.11133076 
390 166 10 12 0.111017846 
166 183 9 11 0.11100867 
542 332 10 14 0.11068786 
592 73 8 10 0.1106251 
591 77 8 11 0.11035398 
385 32 6 9 0.11004699 
324 251 12 17 0.10982687 
266 63 8 10 0.109764144 
39 257 11 16 0.109740525 
223 40 7 9 0.109707706 
106 70 8 10 0.10962905 
72 126 9 11 0.10949079 
537 119 8 11 0.109286994 
948 458 15 18 0.10895305 
925 400 15 18 0.108782955 
352 243 11 14 0.108675845 
327 104 7 9 0.10849892 
245 223 11 15 0.10847354 
857 72 8 10 0.108246565 
376 56 7 9 0.10787255 
608 117 10 12 0.107778154 
963 184 11 15 0.10762372 
929 283 14 16 0.107127704 
973 133 9 11 0.10711934 
305 208 11 13 0.10694961 
591 231 13 15 0.106775425 
383 78 7 10 0.10634306 
572 394 14 17 0.10632213 
886 586 12 16 0.10610594 
735 308 11 15 0.10548936 
567 57 8 10 0.1053446 
623 17 9 11 0.10517189 
110 48 7 9 0.10514553 
117 135 9 11 0.10506237 
27 252 12 16 0.10500122 
737 94 8 10 0.10466855 
820 360 14 17 0.10437345 
591 136 10 11 0.10424781 
97 190 9 12 0.10370023 
88 119 8 11 0.10368524 
46 93 8 11 0.10357753 
905 101 8 12 0.10340246 
567 32 8 9 0.103190176 
980 47 8 10 0.10314322 
349 38 8 9 0.10305369 
96 30 8 10 0.10295445 
253 214 10 13 0.10253998 
172 228 12 14 0.1023727 
424 70 8 10 0.10226535 
774 7 8 9 0.1020653 
382 381 11 15 0.101992495 
79 95 8 10 0.101849996 
660 135 11 13 0.101842076 
445 111 9 12 0.10174271 
878 357 11 14 0.10171278 
112 317 13 19 0.101502076 
630 16 9 11 0.10117735 
73 47 8 10 0.10096979 
329 14 7 9 0.100934 
182 355 15 19 0.10091266 
623 69 8 11 0.10089197 
313 73 7 10 0.10080473 
896 231 10 14 0.09993802 
136 95 8 9 0.09986414 
741 307 12 17 0.09982542 
320 167 10 12 0.09977555 
928 290 12 16 0.09952708 
871 108 9 10 0.0992341 
274 222 11 13 0.09917582 
670 52 10 12 0.09897513 
599 84 9 11 0.09892333 
333 121 8 10 0.09877134 
528 112 8 10 0.09875045 
52 230 12 15 0.09870056 
533 136 8 10 0.098537415 
167 314 13 17 0.098520994 
516 511 16 21 0.098466136 
320 74 7 9 0.09844735 
695 46 10 12 0.09801927 
169 110 8 11 0.09790146 
129 24 8 10 0.09785519 
74 309 13 18 0.09779068 
728 78 10 13 0.09776136 
749 300 11 15 0.09762022 
592 25 8 11 0.09758731 
937 173 12 14 0.0973508 
408 153 10 12 0.09733734 
716 213 11 14 0.096997015 
980 317 11 14 0.09656102 
15 120 9 11 0.09617977 
71 243 12 14 0.09617037 
48 78 9 11 0.09607662 
647 82 9 13 0.09599225 
1002 48 8 11 0.09584829 
712 41 9 10 0.09574195 
800 143 8 10 0.095658295 
273 120 8 11 0.09544831 
611 567 17 20 0.09504937 
198 132 8 10 0.094633035 
838 111 9 12 0.094482295 
166 30 7 9 0.094156146 
522 72 8 11 0.094136804 
253 226 10 13 0.09396454 
661 122 11 13 0.09360548 
241 87 8 10 0.09291717 
912 220 11 14 0.09271429 
587 110 9 12 0.09259479 
372 252 13 16 0.09258431 
334 307 14 18 0.09254806 
375 120 9 11 0.09250308 
8 267 12 16 0.09248667 
777 71 8 10 0.09247695 
396 136 10 12 0.09239282 
638 272 14 16 0.09221975 
518 110 8 11 0.09217034 
663 361 15 19 0.09197144 
337 47 8 9 0.09159581 
477 166 10 13 0.09150252 
960 131 10 13 0.09105997 
679 86 9 12 0.09087002 
830 494 14 18 0.090625316 
392 53 7 9 0.09056843 
268 324 16 18 0.09054974 
278 118 9 12 0.09043591 
189 270 11 15 0.09040438 
189 513 13 19 0.09031023 
910 278 11 13 0.09021729 
632 97 12 14 0.09020254 
273 141 10 11 0.08996933 
151 40 7 9 0.08996664 
77 239 11 15 0.08992048 
484 469 15 20 0.08983715 
286 141 10 12 0.08983491 
334 252 12 17 0.08974454 
303 63 7 10 0.08948924 
575 65 7 9 0.08921583 
527 212 11 15 0.088742405 
40 147 8 11 0.08869376 
710 55 10 12 0.08867965 
519 213 11 17 0.088351265 
670 77 8 11 0.08822065 
248 47 8 10 0.08817762 
29 323 12 16 0.08812461 
497 411 11 16 0.08791688 
349 379 12 14 0.087764986 
974 103 8 11 0.087678045 
709 111 11 14 0.08750656 
117 104 9 10 0.08743442 
959 22 8 10 0.08741503 
321 160 8 11 0.0873816 
182 371 14 19 0.08726491 
493 131 10 11 0.08698222 
390 389 12 16 0.08637054 
4 68 10 13 0.08630742 
567 37 9 11 0.08621658 
998 85 9 10 0.08616486 
151 88 8 10 0.08615063 
404 277 11 15 0.08601116 
141 109 8 10 0.085993476 
910 461 13 17 0.085779 
604 99 10 12 0.08551676 
606 219 12 14 0.08512918 
286 135 9 12 0.08505035 
457 117 7 9 0.08500302 
764 276 11 14 0.0849508 
256 88 7 9 0.0846715 
86 178 12 15 0.08465739 
37 311 13 16 0.08430869 
183 217 13 16 0.08401144 
298 39 7 10 0.08389941 
1014 205 10 13 0.083581895 
1007 215 13 15 0.0834454 
144 89 8 9 0.08329396 
174 23 9 10 0.08325412 
285 386 14 17 0.08308205 
0 415 8 14 0.08307991 
530 306 13 16 0.08307399 
682 284 14 16 0.082989514 
125 428 14 19 0.082925625 
998 205 9 11 0.08291438 
465 40 7 10 0.08287914 
920 302 11 15 0.08279124 
363 293 15 17 0.08277432 
864 291 11 14 0.082667254 
552 112 9 10 0.08264957 
924 299 14 17 0.08257297 
129 245 13 16 0.08256084 
701 95 8 11 0.08233458 
358 23 7 10 0.08233187 
779 298 14 16 0.0821845 
656 102 10 12 0.082174025 
48 105 11 15 0.08211231 
447 96 8 10 0.082086466 
255 9 8 9 0.081953205 
808 86 8 11 0.08190209 
300 139 11 14 0.081790805 
301 227 12 14 0.08178124 
42 133 9 12 0.081311464 
424 79 9 11 0.08129626 
17 516 14 19 0.08121312 
828 300 14 16 0.08108622 
703 385 14 18 0.08107235 
289 115 9 12 0.0810358 
331 341 11 15 0.08102462 
714 148 10 11 0.08088471 
386 111 8 10 0.080874465 
826 371 14 17 0.08080815 
773 99 9 13 0.080722585 
341 76 9 11 0.08055206 
792 272 14 17 0.080443494 
241 95 9 11 0.08032518 
458 14 7 9 0.08024073 
789 100 10 12 0.080216914 
479 72 8 10 0.08016545 
784 211 11 15 0.07994529 
497 252 11 14 0.07991528 
135 363 10 12 0.07990547 
36 160 9 12 0.07989134 
947 340 14 18 0.07983888 
264 38 7 9 0.0796653 
345 64 7 9 0.07955011 
990 213 10 13 0.07942303 
949 93 9 12 0.07938677 
623 339 14 18 0.07933865 
615 203 11 14 0.07922448 
798 0 9 9 0.07921346 
627 113 11 14 0.079162605 
368 149 9 12 0.079066075 
510 148 9 12 0.0790139 
728 71 8 10 0.07897845 
343 335 14 17 0.07874893 
723 276 14 16 0.07869577 
1008 412 15 18 0.07863223 
648 53 8 12 0.07852133 
670 156 9 12 0.07850688 
64 41 7 9 0.07847977 
523 419 12 16 0.07845618 
167 230 10 13 0.078428395 
965 163 11 13 0.0784069 
175 301 13 17 0.07840442 
335 149 10 12 0.078216635 
899 234 12 15 0.077828586 
121 179 9 13 0.07781446 
386 103 8 10 0.07764077 
300 182 10 13 0.077568345 
55 40 8 10 0.07755934 
789 167 10 12 0.07749635 
1003 323 12 15 0.07716506 
118 309 10 15 0.07709103 
143 93 8 10 0.07702424 
466 72 9 11 0.07696395 
752 148 9 12 0.07695572 
665 94 10 12 0.07690381 
511 125 9 10 0.07683611 
346 405 15 19 0.07675795 
693 37 9 10 0.07675282 
352 198 10 12 0.07637316 
758 337 12 15 0.0763122 
125 87 7 10 0.076288216 
20 527 15 19 0.076174706 
78 48 8 10 0.07614547 
811 275 12 14 0.07592859 
731 302 11 14 0.07575983 
284 297 12 15 0.075745925 
277 49 8 10 0.07571135 
385 95 7 10 0.07563704 
207 158 8 10 0.07543486 
981 15 8 9 0.075388715 
558 205 13 17 0.07532419 
81 119 9 12 0.074861474 
325 55 8 10 0.074835636 
652 380 16 21 0.07475358 
385 87 7 9 0.07475045 
0 221 9 15 0.07465935 
751 294 10 14 0.07463177 
360 52 7 10 0.07458154 
926 520 16 19 0.07431006 
315 55 7 10 0.07427862 
584 61 8 11 0.07426924 
310 45 8 10 0.074247874 
529 135 8 10 0.07415669 
225 46 8 10 0.07401518 
926 245 11 15 0.07378004 
860 317 14 16 0.07367212 
976 380 11 16 0.07366571 
309 277 13 16 0.07352 
998 80 8 11 0.07340131 
208 123 8 11 0.073389284 
940 299 14 19 0.07317785 
231 97 8 10 0.07310289 
513 2 8 9 0.07309741 
705 298 13 17 0.07306981 
783 219 11 14 0.07297709 
556 176 10 12 0.072942905 
162 282 14 17 0.072655566 
293 322 15 19 0.07256174 
478 237 9 13 0.07251777 
694 291 12 15 0.072475135 
701 101 9 11 0.072391465 
599 30 8 10 0.07234878 
711 0 8 8 0.07229534 
72 72 9 11 0.07226717 
392 158 9 11 0.07209261 
948 368 13 17 0.07208899 
494 81 7 10 0.0720598 
733 1 9 9 0.07185314 
67 265 12 16 0.071688734 
653 256 14 17 0.07150923 
93 181 11 13 0.07135312 
1015 158 9 14 0.07134507 
976 81 7 8 0.07132137 
711 143 10 13 0.07092228 
557 110 8 10 0.070840836 
370 393 13 17 0.070835896 
932 243 12 14 0.07081808 
633 207 11 14 0.07080986 
236 244 11 14 0.0707844 
233 186 11 14 0.07069719 
515 520 14 20 0.070547156 
439 250 14 16 0.07047184 
282 31 7 10 0.07041513 
423 97 8 9 0.07032639 
989 124 8 10 0.07024727 
20 152 11 13 0.07023346 
373 189 10 13 0.07021822 
391 251 14 18 0.07007814 
855 170 14 15 0.07003303 
584 10 8 9 0.07001133 
499 180 12 13 0.06984386 
385 72 7 9 0.06964177 
373 143 10 12 0.0696171 
605 79 9 12 0.069601625 
570 474 13 18 0.069596134 
231 48 8 10 0.06954832 
111 157 10 12 0.069480635 
399 62 7 9 0.069471814 
474 150 8 11 0.069464676 
820 139 13 15 0.069434844 
710 243 11 16 0.06940604 
838 255 13 15 0.06913969 
247 1 8 8 0.06913008 
366 47 7 9 0.06885987 
276 87 9 11 0.068800576 
271 439 16 21 0.06866414 
519 101 8 10 0.068546794 
913 228 11 15 0.06827364 
429 84 8 10 0.0682562 
645 426 14 19 0.0681607 
805 308 13 17 0.06813255 
506 24 7 9 0.06805347 
86 124 8 11 0.0680319 
399 283 11 15 0.06799855 
697 71 8 11 0.06797439 
105 125 8 10 0.06796568 
872 136 11 14 0.06761375 
606 23 9 11 0.06760741 
342 151 9 12 0.0675712 
247 40 8 9 0.067412324 
594 185 12 15 0.06740805 
184 149 9 12 0.06734682 
537 125 9 10 0.067304775 
181 340 14 17 0.06729189 
45 259 11 14 0.06724572 
687 100 10 12 0.06722483 
130 213 12 16 0.06719355 
390 94 9 10 0.06714672 
597 286 11 14 0.067066774 
300 368 14 18 0.06698334 
161 103 8 10 0.06688481 
593 177 9 10 0.066773884 
389 289 12 15 0.06675202 
417 390 17 19 0.066543594 
789 263 13 15 0.066420384 
1008 380 11 15 0.06641676 
778 253 14 17 0.06639373 
361 81 8 9 0.06637184 
753 47 9 11 0.06633541 
742 17 8 9 0.06631926 
733 86 9 11 0.066290505 
930 326 15 17 0.06622793 
330 8 7 9 0.06618571 
274 571 15 20 0.066177264 
244 275 13 17 0.06615788 
193 161 9 12 0.06612743 
265 33 7 9 0.0661046 
594 530 24 27 0.06602807 
646 48 9 11 0.0659931 
458 112 7 10 0.0657511 
164 207 10 13 0.06572393 
536 88 7 8 0.06571009 
429 195 12 15 0.065678656 
243 346 14 17 0.065660335 
976 109 8 12 0.065651655 
663 27 10 12 0.06558482 
0 361 10 18 0.06555178 
736 116 11 14 0.065415405 
1006 133 9 12 0.065367654 
296 123 8 11 0.065326236 
1 76 10 14 0.065323256 
744 302 12 16 0.06529822 
416 333 13 17 0.065238856 
703 179 11 14 0.06498991 
358 112 8 11 0.064883836 
82 37 8 10 0.06483577 
951 64 8 10 0.06457744 
72 85 9 11 0.06450992 
583 88 10 12 0.06448893 
334 14 8 9 0.06448092 
454 359 14 19 0.064452544 
482 499 15 20 0.06442606 
1015 93 9 11 0.0642757 
88 85 8 9 0.064131394 
405 338 12 17 0.064104624 
282 164 9 12 0.06406449 
845 141 13 16 0.063977905 
675 438 18 24 0.063927665 
622 174 9 11 0.06392078 
983 110 8 12 0.063902766 
589 57 8 10 0.0638671 
365 220 11 14 0.06380243 
877 15 9 10 0.063801296 
977 117 9 12 0.06379162 
288 62 8 9 0.0637175 
589 40 10 11 0.06368584 
79 85 8 11 0.06366839 
669 313 14 18 0.0636246 
656 96 9 11 0.063536614 
670 323 13 16 0.06351364 
760 15 7 9 0.06350349 
816 300 11 15 0.06343846 
591 9 8 9 0.063438185 
185 102 8 11 0.06340481 
566 2 9 10 0.063325144 
229 79 9 11 0.06331296 
664 39 9 11 0.06319743 
817 143 10 13 0.06318761 
837 320 15 18 0.06314184 
404 346 11 16 0.06308557 
770 215 13 15 0.06307317 
63 54 7 10 0.06306307 
1008 36 8 10 0.06303393 
57 25 8 10 0.06301564 
779 345 14 18 0.06292525 
289 56 8 10 0.062910244 
199 338 13 18 0.062880665 
479 16 7 9 0.062871955 
617 112 11 13 0.06281986 
127 96 8 10 0.06270632 
756 53 9 11 0.06267177 
324 165 11 13 0.062615 
805 194 11 14 0.06261378 
708 206 12 14 0.062605746 
544 182 9 12 0.062425658 
882 97 8 11 0.062363345 
124 562 13 18 0.06234071 
617 182 9 12 0.06231415 
349 354 16 18 0.06229752 
375 78 8 10 0.06226088 
104 119 8 11 0.062241178 
435 188 12 15 0.06221167 
174 158 9 12 0.062180128 
934 110 9 10 0.06215375 
885 389 16 20 0.06212212 
286 38 8 9 0.061874446 
609 136 10 11 0.061843663 
691 337 15 19 0.061824553 
794 325 13 16 0.061790153 
418 102 7 9 0.061727017 
270 135 10 12 0.061715286 
328 406 11 15 0.061641835 
778 264 14 16 0.061630264 
939 94 8 11 0.06140634 
11 262 13 15 0.061350062 
488 72 8 9 0.061269615 
656 345 13 17 0.061156433 
312 12 8 11 0.06099341 
303 219 12 16 0.060872827 
110 338 14 16 0.060835063 
159 5 8 10 0.06078173 
107 47 7 9 0.060709342 
540 164 10 13 0.060667213 
632 31 9 12 0.06065386 
302 54 8 10 0.060609456 
214 142 8 11 0.06057233 
372 326 11 13 0.06047547 
263 125 10 12 0.060390033 
253 206 9 12 0.060385462 
139 245 11 15 0.060354203 
1011 458 12 18 0.060307544 
1011 125 12 14 0.060235474 
793 191 10 13 0.060230266 
620 204 11 14 0.06015148 
654 433 12 17 0.06009101 
720 221 11 14 0.059981946 
916 394 16 20 0.059969854 
619 291 15 17 0.059950154 
752 228 12 16 0.05978839 
576 235 11 15 0.059786767 
541 195 13 15 0.059695873 
1001 139 10 12 0.05966088 
49 85 8 12 0.059651703 
850 201 12 14 0.059592355 
477 101 8 10 0.059561707 
105 347 14 16 0.059528552 
296 413 12 16 0.059249472 
1010 232 13 16 0.05921494 
584 78 9 11 0.059093032 
340 642 15 19 0.059083268 
728 84 10 13 0.05891161 
688 96 8 10 0.058887023 
837 511 13 19 0.05885897 
447 240 14 16 0.05881226 
529 116 8 10 0.058709826 
677 263 13 13 0.05867498 
334 39 8 9 0.058667492 
903 118 9 11 0.058602415 
113 140 9 11 0.058513302 
677 52 9 11 0.058435664 
759 311 12 17 0.058425102 
600 37 9 11 0.058341753 
863 103 8 10 0.058317434 
302 424 13 18 0.058296263 
539 206 15 19 0.05822941 
769 7 8 10 0.058164906 
600 223 11 12 0.058163848 
774 237 10 13 0.0580138 
829 134 10 13 0.058001973 
617 14 8 11 0.05796324 
430 103 7 9 0.057906143 
743 40 9 11 0.057827637 
253 140 9 12 0.057556607 
369 168 9 12 0.057533275 
671 547 18 25 0.057500757 
717 262 13 15 0.05749677 
453 31 7 9 0.057461116 
948 301 12 17 0.057418704 
615 32 8 10 0.05734543 
793 567 15 20 0.057251353 
844 253 13 16 0.0571259 
207 135 7 9 0.057109836 
878 206 13 16 0.056965996 
458 87 7 10 0.056854133 
89 143 10 12 0.056852285 
90 81 7 9 0.05683271 
971 348 13 16 0.05678963 
710 67 9 12 0.056647275 
336 9 7 9 0.056571744 
673 413 17 20 0.056519307 
246 22 8 11 0.056474965 
761 180 9 12 0.056405026 
111 178 10 13 0.056373112 
370 126 8 10 0.056297775 
400 310 9 13 0.05629239 
205 347 16 18 0.05625338 
391 148 10 12 0.056187272 
645 339 14 17 0.0561179 
812 305 13 18 0.056042526 
57 182 11 12 0.055997103 
88 56 7 10 0.055971235 
497 96 7 9 0.05593735 
607 30 8 9 0.055916082 
446 413 13 17 0.055827036 
1000 61 9 12 0.055779956 
399 87 8 11 0.05575015 
505 127 8 11 0.055747338 
565 182 9 10 0.055735383 
175 69 7 9 0.05572741 
965 115 10 13 0.05570496 
823 547 14 19 0.05570382 
310 247 11 13 0.055479497 
190 148 9 12 0.05547101 
393 64 8 9 0.055467002 
920 7 8 10 0.055446494 
190 23 7 9 0.055344597 
750 410 17 21 0.05534325 
96 114 8 10 0.055335972 
918 248 12 17 0.055275813 
246 112 9 11 0.05509332 
832 139 10 13 0.055081006 
346 32 7 9 0.05504446 
671 101 9 12 0.055014275 
396 222 13 17 0.054982986 
932 297 15 21 0.054895736 
817 210 12 14 0.05488995 
4 162 10 14 0.05482955 
192 86 9 10 0.054710414 
557 119 7 10 0.05468002 
306 88 8 10 0.05466741 
142 236 11 14 0.054665007 
959 32 9 10 0.054345563 
341 87 9 11 0.053977825 
189 102 8 11 0.053638585 
696 78 8 12 0.053610515 
846 115 10 12 0.053578626 
273 54 9 11 0.053496186 
428 294 14 18 0.053386196 
335 377 13 17 0.053376194 
906 268 12 15 0.0533675 
166 149 8 11 0.053296283 
846 92 8 10 0.05328158 
153 79 8 9 0.05327805 
528 128 8 10 0.05318052 
185 62 9 11 0.05314662 
781 160 9 11 0.053069457 
289 23 7 10 0.05298718 
325 160 9 12 0.052929163 
721 227 11 15 0.052914917 
831 259 10 14 0.052862097 
78 298 14 17 0.05283999 
64 45 7 10 0.052836612 
366 111 8 10 0.05282094 
661 100 11 12 0.052789826 
183 229 11 14 0.05277389 
813 409 16 19 0.052768577 
645 297 14 17 0.05271363 
755 87 8 11 0.05263474 
934 153 10 12 0.052625395 
991 207 10 12 0.052584495 
418 96 7 10 0.05255149 
220 159 9 11 0.052540045 
575 135 8 10 0.052379034 
357 117 8 11 0.052279186 
154 335 15 18 0.052229203 
587 253 14 16 0.052106686 
215 323 13 16 0.052098345 
101 207 12 14 0.05208536 
994 327 16 19 0.052072298 
948 164 10 14 0.052045178 
325 109 8 11 0.052035894 
776 442 21 23 0.052003823 
173 111 8 11 0.051920168 
158 159 9 11 0.051844776 
798 308 14 16 0.0518405 
513 89 7 9 0.05180732 
795 209 13 16 0.051778473 
357 197 9 11 0.051749047 
165 102 8 10 0.051703483 
101 149 9 11 0.05169051 
496 64 6 9 0.05162473 
183 29 7 10 0.051556814 
187 348 12 17 0.051528223 
8 350 19 24 0.05152148 
801 572 13 18 0.05147077 
160 175 8 10 0.05146677 
639 35 8 11 0.051308285 
455 174 9 12 0.051273152 
120 192 11 13 0.05124741 
385 167 9 13 0.051169958 
632 184 9 11 0.05114213 
781 73 8 10 0.051136076 
376 62 7 9 0.051100492 
544 137 9 10 0.05102667 
505 149 10 12 0.051020436 
106 573 17 20 0.051018286 
357 190 9 12 0.050980803 
952 174 11 15 0.050977394 
874 15 7 11 0.050973542 
358 207 10 11 0.05084719 
87 113 8 10 0.050751872 
59 318 14 18 0.050739165 
400 198 9 14 0.050721824 
970 261 13 15 0.050719384 
470 40 7 9 0.0507187 
380 299 10 15 0.050684873 
192 120 8 10 0.050664306 
532 207 14 16 0.050653353 
103 396 12 16 0.05062422 
71 63 8 10 0.050597187 
211 353 14 17 0.050579943 
926 110 8 11 0.050507788 
662 60 9 11 0.050474897 
716 123 10 12 0.05033781 
297 96 9 11 0.05033688 
296 56 7 9 0.050174486 
439 341 10 15 0.050151348 
991 102 8 11 0.05010503 
663 0 9 8 0.05008333 
732 278 12 15 0.050047927 
631 8 8 10 0.050037544 
680 177 12 15 0.050000273 
759 113 10 12 0.04999708 
960 15 10 11 0.049972657 
494 375 13 17 0.04997007 
710 79 9 11 0.049911764 
94 366 15 21 0.04976912 
507 404 13 15 0.049765937 
842 101 8 10 0.04970659 
102 158 9 11 0.049666774 
508 167 10 11 0.049664866 
749 102 10 13 0.04962814 
511 188 10 13 0.049627043 
383 152 9 11 0.049602676 
863 109 9 10 0.049590733 
482 143 9 12 0.049587786 
655 135 11 14 0.04957271 
635 294 13 16 0.04955617 
544 25 8 10 0.049555942 
246 88 8 11 0.049503293 
208 141 8 11 0.04943535 
927 210 11 15 0.049406946 
983 207 10 12 0.049385723 
355 381 12 14 0.04933985 
626 360 15 20 0.049245127 
533 141 9 10 0.049152445 
373 148 10 13 0.049148105 
868 186 10 14 0.04907965 
223 121 8 10 0.048994746 
524 387 13 16 0.04899309 
374 332 10 14 0.04895476 
525 218 11 15 0.04893364 
747 283 12 16 0.048841268 
831 287 12 14 0.04879937 
798 102 10 12 0.048793487 
224 252 12 15 0.04870389 
173 353 13 17 0.048683308 
71 118 9 12 0.048598953 
740 53 10 11 0.048591588 
487 371 12 15 0.04857792 
213 88 9 11 0.04854662 
787 371 16 18 0.048530873 
450 269 13 15 0.048467737 
981 86 8 11 0.048463844 
249 31 7 9 0.048408527 
308 425 15 20 0.048350118 
535 110 8 11 0.04833437 
85 135 9 9 0.04824082 
819 85 10 12 0.04823236 
579 15 8 10 0.048214305 
867 123 10 12 0.048195563 
366 214 11 14 0.048183464 
703 46 9 11 0.04809468 
784 319 13 16 0.048065476 
191 70 7 10 0.048058573 
414 325 13 16 0.048048664 
160 137 9 11 0.048046723 
655 219 10 13 0.047973737 
160 231 10 13 0.047965266 
775 300 11 15 0.047906723 
479 88 7 9 0.04790403 
350 33 7 9 0.047849316 
63 126 9 12 0.047793977 
232 63 7 10 0.04774116 
741 95 9 11 0.04773875 
377 24 7 9 0.04773624 
322 102 7 9 0.0477342 
546 3 7 8 0.047688056 
47 155 10 13 0.047649123 
716 167 10 13 0.04760365 
623 64 8 11 0.0475757 
529 568 15 19 0.047515824 
977 39 8 10 0.04749563 
975 32 7 8 0.047370236 
735 46 10 12 0.04719558 
782 354 14 19 0.04714564 
925 342 15 19 0.04712197 
519 5 7 9 0.047033954 
304 235 10 13 0.047024384 
54 86 8 11 0.047017485 
644 211 10 14 0.04700234 
985 631 25 33 0.046942394 
871 197 11 14 0.046919905 
777 202 12 15 0.046827734 
923 386 16 19 0.04682146 
265 134 9 12 0.046789013 
727 40 10 11 0.04677709 
761 212 12 15 0.04674208 
428 284 13 17 0.04671861 
661 182 11 14 0.046696313 
627 277 12 15 0.04666377 
592 62 8 10 0.0466565 
778 84 9 13 0.0465266 
220 269 11 15 0.04650894 
221 257 12 15 0.046487972 
474 487 15 20 0.046460018 
710 370 14 16 0.04645776 
142 364 12 13 0.04641768 
517 247 12 14 0.04637319 
925 117 10 11 0.04634142 
281 8 8 9 0.046326376 
43 364 15 19 0.04627723 
810 517 15 20 0.04610375 
96 124 8 10 0.046090096 
324 204 12 16 0.045999806 
615 46 9 12 0.045942638 
1002 53 9 12 0.045892637 
559 88 8 10 0.045885082 
590 304 13 17 0.045864843 
933 358 11 15 0.045851707 
397 432 13 18 0.04582163 
994 86 8 10 0.04581272 
811 267 11 14 0.04580488 
517 382 14 18 0.045789897 
399 383 12 16 0.045777626 
413 414 12 15 0.04575533 
329 93 8 10 0.0457486 
319 96 8 10 0.045744497 
398 315 11 15 0.045715485 
765 181 9 13 0.045703303 
281 38 7 9 0.045687106 
136 103 8 10 0.045664866 
302 40 7 10 0.045657136 
269 81 8 10 0.045633134 
460 165 9 12 0.045600023 
191 55 7 10 0.04555694 
103 29 8 10 0.045532756 
376 211 10 14 0.04551774 
282 72 7 9 0.045515772 
305 196 10 12 0.04549245 
806 92 10 11 0.04548044 
260 79 8 10 0.04543789 
797 36 11 12 0.045253176 
278 300 13 15 0.045170777 
744 195 9 13 0.045157604 
722 559 16 22 0.045128934 
927 221 11 15 0.04508282 
426 346 13 16 0.04507056 
46 151 9 11 0.045059256 
225 140 10 12 0.04504029 
260 531 15 18 0.045026563 
583 318 13 18 0.04502605 
288 169 11 15 0.045019887 
853 215 10 13 0.045011636 
652 246 11 14 0.04499918 
545 86 7 10 0.044998325 
527 95 7 9 0.044991802 
447 150 11 12 0.04498607 
701 293 13 17 0.04495896 
638 131 10 13 0.04494998 
352 203 10 13 0.044916425 
464 105 8 9 0.0448948 
3 483 14 18 0.04485593 
528 151 9 11 0.044834234 
418 79 7 10 0.044803724 
376 30 7 9 0.044792145 
482 63 6 8 0.044782605 
23 257 12 15 0.044706848 
342 365 14 17 0.044680435 
210 26 6 8 0.044553183 
809 103 9 11 0.044537738 
217 212 10 13 0.044487692 
414 375 15 17 0.044482812 
169 64 8 11 0.04444424 
1007 423 15 21 0.044443987 
439 371 11 16 0.044407222 
552 13 7 9 0.044368107 
202 246 13 16 0.044286333 
520 30 8 10 0.044241868 
199 239 12 16 0.044194035 
941 4 10 11 0.04407489 
736 123 9 12 0.04404464 
624 90 10 13 0.04402677 
520 300 13 17 0.044008818 
248 251 10 14 0.043940783 
86 48 7 9 0.04393919 
517 157 9 12 0.043921933 
507 232 13 15 0.043832656 
570 102 9 11 0.043826222 
372 197 11 13 0.043821704 
1012 302 11 14 0.043809563 
893 160 12 13 0.043618873 
797 192 12 16 0.043615177 
73 101 8 11 0.043579567 
67 186 10 14 0.043545157 
409 25 6 9 0.04351157 
417 140 9 11 0.04349274 
572 283 12 16 0.04345623 
436 301 12 15 0.04345603 
520 189 10 13 0.04342857 
838 229 11 15 0.043319333 
686 86 9 11 0.043304753 
366 99 9 11 0.043254845 
168 45 9 11 0.04324442 
766 0 9 9 0.043219123 
231 85 8 10 0.043191977 
100 167 9 12 0.04315307 
196 276 12 15 0.04311368 
122 93 8 10 0.043112315 
598 68 9 11 0.043112293 
486 238 11 13 0.043109227 
542 493 13 16 0.043102138 
95 135 9 10 0.04307273 
295 22 8 11 0.043039434 
639 48 8 10 0.043007214 
938 519 20 26 0.043001316 
113 570 20 25 0.042967137 
1001 108 10 12 0.042957563 
888 62 8 9 0.04293478 
371 348 11 15 0.042927966 
424 17 7 9 0.042913385 
639 88 11 13 0.042912956 
735 101 11 14 0.042899754 
168 157 10 13 0.042836484 
896 103 8 11 0.042820387 
658 385 16 21 0.042813167 
999 290 11 13 0.04280457 
466 24 7 9 0.042678673 
951 112 9 11 0.04265229 
865 40 9 10 0.042617258 
175 14 9 11 0.042549595 
367 205 10 13 0.042547945 
727 63 9 12 0.042539455 
878 282 14 17 0.04252764 
299 543 16 18 0.04242207 
415 47 8 10 0.042421255 
965 267 14 17 0.042417172 
997 67 10 12 0.042397507 
88 32 8 10 0.042394564 
877 79 8 11 0.042381037 
914 17 7 9 0.04233329 
912 133 10 13 0.042300105 
72 134 9 12 0.042297136 
295 172 10 13 0.042229906 
743 545 16 19 0.04221805 
842 89 8 11 0.04218301 
796 110 11 14 0.042144705 
143 6 8 9 0.04212879 
517 226 13 17 0.042120844 
871 63 8 10 0.04211084 
959 291 13 16 0.042094413 
175 151 8 11 0.042050995 
983 157 11 14 0.04202921 
371 371 13 17 0.041948695 
680 103 9 12 0.041902337 
543 176 8 10 0.04188649 
542 96 8 10 0.0418511 
749 76 9 11 0.041847028 
7 86 10 14 0.04179331 
207 112 7 9 0.041786443 
428 158 9 11 0.0417857 
97 159 10 12 0.041764513 
126 403 14 19 0.04175275 
398 159 8 11 0.0417219 
675 238 14 16 0.041714296 
16 532 13 17 0.04168113 
77 153 10 11 0.041640628 
806 157 11 12 0.041628875 
185 56 9 9 0.041610476 
257 358 13 17 0.0416093 
416 73 7 8 0.04157434 
126 237 12 15 0.04155079 
751 144 9 11 0.0415224 
543 188 11 14 0.041511882 
482 56 7 9 0.041502904 
473 1 7 8 0.041453153 
679 111 10 12 0.04135898 
65 132 8 11 0.041319687 
562 55 7 10 0.041279744 
357 152 10 12 0.04122922 
241 289 13 16 0.041184165 
645 118 10 13 0.04114611 
342 7 8 10 0.041061055 
653 13 9 12 0.041040484 
586 117 8 11 0.04103605 
716 278 14 18 0.040958457 
382 293 11 15 0.0409466 
687 46 9 12 0.040795505 
283 228 10 13 0.040730555 
820 154 12 14 0.040707566 
527 86 8 11 0.04067474 
578 167 8 10 0.040611297 
235 142 10 12 0.04060718 
253 47 8 10 0.040592432 
1000 644 22 32 0.040589232 
358 237 12 16 0.040577926 
48 72 7 10 0.040556274 
214 24 7 9 0.040524505 
465 125 9 11 0.040480148 
791 196 11 13 0.040479343 
558 329 13 16 0.040405482 
245 354 15 18 0.040356133 
651 7 11 12 0.04035472 
209 29 8 10 0.04034776 
885 329 14 17 0.040318426 
287 182 9 12 0.040311344 
391 182 11 15 0.04026572 
696 62 9 11 0.040240753 
158 381 14 19 0.04023617 
215 124 8 11 0.040191308 
615 126 9 11 0.040175766 
741 104 18 23 0.04014437 
441 103 8 10 0.040096696 
26 239 12 15 0.040093902 
256 118 8 11 0.040073734 
208 101 8 11 0.040053062 
704 80 9 11 0.04003364 
742 212 11 13 0.040032238 
447 484 13 18 0.04002311 
561 0 8 9 0.03997849 
406 411 13 18 0.039917216 
511 57 7 9 0.03985544 
349 64 9 10 0.039823666 
658 531 23 32 0.039756358 
147 456 15 19 0.039731156 
989 219 12 15 0.039721455 
984 104 8 10 0.03972113 
783 171 9 12 0.039714295 
494 15 7 10 0.039704073 
434 284 14 17 0.039659463 
94 96 9 11 0.03958494 
469 461 17 21 0.03958491 
503 81 7 9 0.03947498 
484 323 10 13 0.039472494 
409 47 8 10 0.039424855 
524 518 18 25 0.0394164 
253 54 9 11 0.039413895 
965 416 14 19 0.039409943 
782 29 9 11 0.039405517 
630 318 11 16 0.03935692 
793 31 9 11 0.039336238 
933 206 11 14 0.03930181 
103 133 8 11 0.03929393 
0 514 13 20 0.039280213 
550 25 8 10 0.039256036 
15 152 11 15 0.039196894 
693 205 9 13 0.039136045 
740 21 9 11 0.03912686 
557 125 9 11 0.03912233 
376 340 11 15 0.038979914 
350 269 11 15 0.038973663 
966 31 8 10 0.038944907 
822 406 15 20 0.03883329 
647 318 15 18 0.03882041 
758 227 12 16 0.038818315 
249 213 10 13 0.038791757 
489 14 8 10 0.038785126 
262 189 9 11 0.03876226 
1006 14 8 10 0.038724978 
570 349 14 18 0.03866657 
821 8 8 11 0.03866398 
549 64 7 9 0.038623445 
0 443 15 20 0.03861948 
0 339 11 18 0.038598984 
400 126 8 10 0.03858032 
894 96 9 11 0.03856333 
408 110 8 10 0.03853113 
496 247 10 12 0.0385281 
961 1 10 11 0.038517907 
849 164 10 12 0.038491577 
555 185 12 14 0.03847385 
944 364 13 16 0.038468372 
873 85 8 11 0.038431507 
337 60 9 10 0.03842441 
438 72 7 9 0.038393665 
460 465 15 19 0.038364444 
282 78 8 10 0.038357418 
303 78 7 9 0.038329497 
505 39 8 11 0.038304377 
391 32 6 8 0.038296483 
520 572 19 22 0.038275186 
21 70 7 10 0.038242515 
254 92 8 11 0.038237702 
190 172 9 12 0.0382341 
64 94 9 11 0.03819309 
647 133 10 13 0.03816905 
731 411 13 17 0.038163185 
933 116 10 12 0.038142346 
342 174 11 14 0.03813512 
32 520 15 19 0.03812837 
389 372 11 16 0.038120367 
503 64 7 8 0.038084794 
327 212 12 13 0.03805491 
765 111 10 12 0.03803991 
569 76 8 11 0.03802201 
299 46 7 10 0.038008265 
471 108 7 10 0.037991483 
97 415 15 18 0.037940774 
811 418 17 20 0.037932392 
995 252 15 18 0.037924234 
578 174 8 10 0.03791507 
105 111 8 10 0.037912667 
542 470 13 16 0.037893627 
157 390 15 20 0.037880763 
54 341 13 16 0.03787524 
688 453 17 21 0.03786791 
864 44 10 12 0.037858248 
386 48 8 10 0.03785321 
681 37 10 11 0.037814245 
511 418 14 17 0.03777323 
109 234 12 16 0.03775245 
166 96 9 10 0.037748888 
646 36 8 11 0.037747357 
150 93 8 10 0.037699107 
883 358 11 14 0.03764647 
838 411 16 19 0.037643183 
1 476 14 17 0.037604216 
805 142 9 11 0.03755937 
232 279 12 15 0.037553202 
625 133 9 12 0.03755281 
566 11 8 10 0.037531376 
950 89 9 11 0.03751005 
188 307 12 15 0.03749157 
132 295 14 17 0.037479084 
244 246 11 14 0.037478488 
921 115 10 12 0.03744612 
125 288 16 18 0.037407786 
195 513 14 20 0.037365474 
407 103 8 10 0.03736484 
166 252 12 14 0.03735368 
830 102 9 11 0.037273895 
508 411 15 17 0.03720602 
72 96 9 11 0.03720452 
461 560 21 25 0.037166856 
317 457 14 18 0.03713743 
163 321 13 16 0.03712754 
672 219 11 14 0.03711279 
135 155 11 13 0.037098177 
200 120 8 10 0.037069134 
158 79 8 10 0.036994692 
604 205 11 14 0.036972113 
314 61 8 10 0.036947787 
295 72 8 10 0.036934167 
809 72 8 10 0.036884278 
229 164 11 13 0.036865868 
491 150 10 12 0.036859028 
462 9 7 9 0.036815852 
869 268 13 17 0.036798887 
449 198 11 14 0.03678734 
506 133 9 11 0.036761142 
1006 388 10 13 0.0367606 
473 196 10 12 0.036745314 
737 16 8 10 0.036739886 
993 237 11 13 0.036703575 
627 330 14 19 0.03666721 
734 224 12 14 0.036644433 
998 626 25 31 0.036616933 
679 80 9 11 0.036610506 
879 163 12 15 0.036593582 
457 8 8 10 0.036558304 
237 177 11 13 0.036553636 
975 315 11 15 0.03654467 
856 117 8 11 0.036509443 
496 280 12 14 0.03646184 
279 199 10 13 0.036417145 
741 67 17 22 0.036396205 
178 241 13 15 0.036366623 
374 72 8 10 0.036312066 
624 32 9 11 0.036308397 
353 56 8 9 0.036219824 
896 255 11 15 0.036214344 
407 120 8 11 0.036202133 
36 169 11 14 0.036196493 
853 88 8 10 0.036190644 
968 426 19 23 0.03615807 
418 440 15 18 0.036145438 
646 21 9 12 0.03613647 
598 526 16 18 0.03612126 
905 61 9 11 0.0361184 
638 68 9 11 0.036111895 
138 89 7 9 0.03610237 
725 190 11 13 0.036082745 
0 214 8 13 0.036056772 
361 8 7 8 0.036048003 
703 69 9 12 0.036022596 
573 125 8 11 0.036018074 
313 32 7 9 0.03601215 
616 79 9 12 0.035985183 
451 379 13 16 0.035981186 
630 77 9 12 0.035954736 
501 246 10 13 0.035911735 
725 368 15 19 0.035908714 
589 458 13 17 0.035897706 
326 24 9 11 0.03588932 
423 182 9 11 0.035880134 
26 357 15 20 0.035806525 
112 152 8 11 0.035769764 
270 162 10 12 0.035743475 
102 172 9 12 0.035718102 
510 247 12 14 0.03570623 
878 108 9 11 0.035703506 
821 295 12 15 0.035698842 
553 103 8 10 0.035670333 
859 146 12 15 0.035670053 
686 110 9 11 0.035664856 
684 496 13 18 0.035647318 
909 157 9 12 0.03562917 
768 118 19 22 0.035622634 
848 211 11 14 0.0355987 
867 284 14 18 0.035571504 
595 300 13 17 0.035542376 
556 565 14 17 0.035521504 
247 163 10 13 0.035505466 
943 89 11 13 0.0354987 
863 257 13 16 0.03549118 
504 71 7 8 0.035468195 
221 179 11 14 0.03545913 
487 54 8 10 0.035433132 
522 64 7 9 0.035419233 
941 188 12 14 0.035411805 
463 118 8 10 0.035397884 
635 468 15 19 0.035373997 
675 311 14 19 0.03537306 
863 95 9 11 0.035367668 
605 112 11 13 0.035365276 
621 244 11 14 0.035355885 
184 419 13 16 0.035349067 
573 38 9 10 0.03533013 
135 48 7 9 0.03531619 
517 150 9 11 0.03530408 
695 137 18 23 0.03527563 
494 167 9 11 0.035274256 
775 63 9 12 0.03523844 
57 176 9 10 0.03523598 
438 395 12 14 0.035226174 
311 268 12 15 0.035206407 
241 41 7 10 0.035117302 
286 9 7 8 0.03510858 
342 93 9 11 0.03510485 
271 40 7 8 0.03508394 
131 196 10 12 0.03505771 
622 104 10 13 0.03504296 
66 111 8 11 0.03503253 
790 556 15 19 0.03496597 
968 64 8 10 0.03494686 
560 24 8 10 0.034934502 
106 426 13 18 0.034931228 
945 463 20 24 0.034928773 
667 481 14 20 0.03491858 
540 300 12 15 0.03491649 
884 297 13 16 0.03487492 
342 48 7 9 0.034866683 
950 131 12 15 0.03486085 
586 183 9 11 0.034846682 
256 39 8 9 0.034775175 
407 134 9 11 0.034771655 
829 417 14 18 0.03476039 
150 278 12 14 0.034751832 
148 386 17 19 0.034721117 
57 44 8 11 0.034693815 
460 159 10 11 0.0346457 
670 0 9 9 0.034632098 
790 242 12 16 0.03461779 
72 140 9 11 0.03461744 
397 181 10 12 0.034594487 
479 6 6 9 0.03454594 
616 175 10 11 0.034542505 
433 71 6 9 0.034520376 
487 301 11 14 0.034507807 
489 131 10 12 0.034499723 
802 94 9 11 0.034494214 
719 81 9 11 0.034489226 
863 594 14 19 0.034447264 
705 63 9 12 0.034418162 
193 131 9 11 0.03441815 
8 100 11 14 0.034368925 
423 188 11 14 0.034341965 
508 319 15 18 0.03433192 
903 125 9 10 0.03431126 
103 195 10 12 0.034289792 
345 115 9 11 0.03428337 
172 341 14 17 0.034279175 
347 362 15 17 0.034258008 
288 14 8 11 0.034252405 
582 72 9 11 0.03417923 
936 102 10 12 0.034162473 
569 123 9 11 0.034113053 
887 160 11 13 0.03410094 
509 526 17 22 0.03409822 
177 164 9 12 0.0340958 
980 150 11 15 0.034073815 
915 212 13 16 0.03401603 
766 173 9 12 0.03399325 
677 399 15 19 0.033961233 
419 293 16 19 0.033952747 
958 37 10 11 0.03392794 
1005 499 17 20 0.033889905 
812 395 13 17 0.033882212 
135 136 8 10 0.03386869 
562 29 8 10 0.0337558 
277 124 10 12 0.033740517 
965 14 8 10 0.033723794 
588 199 13 16 0.03371494 
910 96 8 10 0.033712424 
480 155 10 12 0.033703864 
438 8 8 10 0.03367035 
60 346 13 16 0.033640113 
599 23 9 11 0.033625245 
620 329 13 19 0.033601187 
533 536 16 21 0.033588707 
773 356 13 18 0.03357222 
347 278 14 17 0.033571664 
747 258 13 15 0.033564683 
434 31 8 9 0.033547785 
376 132 9 11 0.033547103 
929 86 7 10 0.033544045 
582 167 8 10 0.033541445 
429 355 12 15 0.033501297 
739 228 12 16 0.033446066 
766 269 11 15 0.03342421 
758 62 8 10 0.033423554 
654 70 10 12 0.03341505 
767 164 10 13 0.033377677 
341 268 12 16 0.033355165 
731 23 9 12 0.033281643 
814 295 10 13 0.033244397 
191 63 7 10 0.03322778 
669 40 10 11 0.033202156 
77 140 10 12 0.033182845 
505 31 7 8 0.03318183 
221 352 15 22 0.033172626 
375 159 8 11 0.033140935 
980 282 12 15 0.033106036 
392 317 10 13 0.03307569 
506 45 7 10 0.0330607 
696 155 12 13 0.03304445 
709 112 18 23 0.032968316 
301 32 8 9 0.032966226 
704 206 10 13 0.032919332 
990 134 9 12 0.032919213 
974 475 14 19 0.032899857 
408 70 8 10 0.032878283 
759 270 12 14 0.03281937 
553 71 8 10 0.032795977 
733 77 11 13 0.032786068 
311 156 9 12 0.032775406 
297 31 8 10 0.032757938 
446 386 12 15 0.03275494 
445 436 14 17 0.03273652 
417 128 10 11 0.032730438 
469 345 18 23 0.032728642 
23 230 10 13 0.032682225 
223 121 17 24 0.03266296 
854 93 8 10 0.03266017 
904 96 10 11 0.032656383 
822 173 10 13 0.03263462 
362 30 8 10 0.032634325 
805 79 9 12 0.03263277 
828 243 13 15 0.032541566 
680 91 9 12 0.03253124 
661 459 13 16 0.03251791 
105 65 7 9 0.032502934 
236 197 11 13 0.032454744 
232 146 10 13 0.032428537 
186 69 8 10 0.032420516 
487 48 9 10 0.032397445 
276 528 16 19 0.032375194 
453 483 13 17 0.032344196 
887 185 11 14 0.032342467 
623 235 11 14 0.032326233 
756 88 18 23 0.03232419 
164 410 13 17 0.0323074 
585 38 9 11 0.032305866 
481 116 9 12 0.032253012 
302 247 12 14 0.03224976 
806 149 9 11 0.032249615 
538 79 8 9 0.032245904 
229 461 15 17 0.032239728 
1014 243 11 15 0.03221055 
550 3 8 8 0.03220051 
919 1 8 8 0.032193523 
262 183 9 12 0.032188732 
178 29 9 10 0.03218179 
790 349 12 15 0.03217875 
263 57 8 10 0.03214021 
480 243 10 12 0.032121025 
407 155 17 21 0.032117564 
224 109 7 10 0.03207735 
145 24 8 10 0.03205666 
881 54 8 10 0.03204213 
249 135 9 12 0.032031257 
673 148 9 12 0.0320233 
96 209 11 13 0.032020897 
507 310 14 17 0.032016255 
296 221 10 15 0.032011542 
624 259 11 15 0.032004576 
751 324 13 17 0.03196594 
506 222 13 16 0.031949446 
80 112 9 11 0.031948473 
392 15 8 10 0.03193156 
957 301 14 17 0.031833645 
953 243 12 15 0.03181162 
210 315 14 17 0.03180878 
78 99 8 11 0.031808745 
795 520 14 16 0.03179039 
221 346 13 18 0.03177259 
168 86 8 10 0.031768575 
425 335 13 17 0.03176491 
455 479 20 25 0.031761006 
128 119 8 11 0.03172857 
385 189 10 13 0.031670835 
261 73 18 23 0.031617273 
479 136 9 11 0.03160001 
432 451 13 16 0.03157804 
782 378 15 19 0.031560462 
132 28 8 11 0.03153849 
118 152 9 10 0.031524166 
796 360 14 19 0.031476926 
199 70 8 11 0.03145943 
535 545 14 19 0.031401873 
153 142 9 12 0.0313931 
855 314 13 16 0.03138333 
914 188 11 14 0.031370863 
26 525 16 20 0.03136174 
369 118 7 11 0.031324286 
871 22 8 11 0.031295486 
696 110 9 12 0.03129166 
330 36 8 10 0.031245515 
992 12 9 11 0.031237159 
832 96 9 11 0.031221086 
100 143 10 12 0.031217584 
172 485 12 16 0.031210186 
972 142 10 12 0.031202285 
471 56 8 9 0.031167347 
725 173 9 12 0.031164614 
431 123 10 12 0.031108743 
920 23 8 10 0.03109841 
321 24 8 9 0.03105554 
201 183 11 14 0.031003479 
555 243 13 16 0.03096597 
398 15 7 9 0.030959534 
364 226 12 17 0.030935638 
369 16 7 9 0.030860512 
105 24 7 10 0.030840773 
1015 77 9 11 0.030837169 
648 60 9 12 0.03083379 
675 137 16 22 0.030805554 
999 13 8 10 0.030799152 
111 308 12 17 0.030784767 
405 93 9 11 0.030780315 
53 78 9 11 0.030762311 
639 14 8 12 0.030752333 
456 93 8 10 0.030722717 
630 69 10 11 0.030697744 
644 94 10 12 0.030684764 
72 151 11 14 0.030673916 
236 210 13 16 0.030666508 
296 78 7 10 0.03066072 
249 52 9 11 0.030653194 
991 96 8 9 0.030647213 
431 184 10 12 0.030616207 
158 164 9 12 0.03059906 
502 92 8 10 0.030589554 
429 219 10 13 0.03054745 
952 184 13 17 0.0305402 
558 104 8 10 0.030539386 
780 277 13 16 0.030529408 
139 388 16 18 0.03052427 
733 5 7 10 0.030521236 
1004 24 8 10 0.030489942 
238 375 16 20 0.030470205 
878 71 8 10 0.030463735 
993 79 9 10 0.030445881 
900 242 13 16 0.030422963 
274 305 15 18 0.030395433 
858 157 12 16 0.030368268 
209 55 8 9 0.030361097 
97 25 7 10 0.030322347 
989 578 17 22 0.030292025 
889 115 9 12 0.030285856 
822 259 11 15 0.030252766 
448 209 13 16 0.030233271 
513 17 8 9 0.030216035 
167 176 8 10 0.03020119 
600 13 8 10 0.030189699 
670 62 9 12 0.030186767 
313 23 7 9 0.030161483 
703 116 10 12 0.030150408 
646 251 12 16 0.030131718 
985 0 8 8 0.030118734 
399 73 7 9 0.03009042 
783 7 8 10 0.030068586 
439 171 10 13 0.03004451 
606 197 9 13 0.030027257 
535 159 11 13 0.03001928 
824 197 11 15 0.029999409 
796 348 13 16 0.029976757 
958 163 13 16 0.029971424 
970 89 9 10 0.02996366 
622 127 9 11 0.029960413 
466 30 6 9 0.029959187 
208 152 8 10 0.029905377 
807 45 9 11 0.029886363 
821 79 10 11 0.029839573 
494 70 7 9 0.029802686 
1006 329 13 17 0.029784845 
127 136 9 11 0.029774554 
436 195 12 15 0.029763276 
819 128 19 21 0.029748267 
87 148 11 12 0.029737439 
903 1 9 9 0.02972407 
670 164 10 14 0.029710231 
217 237 10 13 0.029696496 
662 427 15 21 0.029638005 
183 160 10 13 0.029621333 
176 92 8 11 0.029572584 
732 489 13 17 0.029526025 
687 22 9 11 0.029508905 
62 247 12 14 0.029507095 
230 174 11 12 0.029495168 
593 1 7 8 0.029484142 
159 85 7 10 0.029461065 
296 62 8 10 0.029380148 
470 301 12 14 0.029347103 
337 74 8 9 0.029328812 
427 277 12 15 0.029325072 
201 111 7 9 0.029275607 
900 72 17 23 0.02926846 
743 291 11 15 0.029267287 
702 285 11 15 0.029262235 
46 267 12 14 0.029246764 
202 104 7 10 0.029234588 
318 247 12 15 0.029214595 
783 226 11 14 0.029210458 
485 366 11 15 0.0291959 
417 111 8 11 0.029190587 
727 107 10 13 0.029153576 
946 159 11 13 0.029145574 
407 88 8 11 0.02914229 
757 174 9 13 0.029130703 
191 259 12 16 0.029128917 
126 204 12 16 0.029057866 
358 180 9 12 0.029015563 
815 127 12 13 0.02898214 
453 441 14 17 0.028981563 
36 595 15 18 0.028967109 
601 227 14 17 0.02896617 
982 53 8 10 0.028925499 
63 88 8 10 0.028919304 
888 85 8 10 0.028917309 
828 148 11 13 0.02891139 
482 47 7 9 0.028900616 
286 30 8 10 0.02889826 
142 117 8 11 0.02889636 
295 275 12 17 0.028885536 
568 236 10 13 0.028870586 
664 173 9 12 0.028870312 
181 332 14 17 0.028866094 
438 182 10 14 0.028859863 
690 392 15 19 0.028847268 
612 133 10 12 0.028815381 
458 197 12 14 0.028803349 
917 194 12 16 0.028802428 
914 363 14 18 0.028768808 
382 246 11 14 0.028760748 
978 618 24 33 0.028759014 
134 447 14 17 0.028739568 
382 373 13 18 0.028725404 
567 542 17 20 0.02871116 
185 107 8 12 0.028703157 
481 143 18 23 0.028686903 
32 603 21 28 0.028677475 
582 174 8 11 0.02865734 
5 237 12 15 0.028650679 
973 341 12 15 0.028642053 
708 229 11 14 0.028637506 
918 86 9 11 0.028630566 
237 324 15 19 0.02861077 
52 526 16 21 0.028595075 
354 17 7 9 0.028587272 
617 283 12 16 0.02855903 
231 197 11 12 0.028552035 
997 369 15 18 0.028551826 
928 237 11 14 0.028545672 
29 311 17 22 0.02854349 
842 515 15 21 0.028481089 
454 147 12 14 0.028470935 
429 165 10 13 0.028458014 
478 2 7 7 0.028454961 
703 235 12 16 0.028453555 
653 332 14 18 0.028449683 
351 77 8 11 0.02842534 
60 235 11 14 0.02842011 
671 252 12 15 0.02840977 
641 7 8 11 0.028406367 
569 136 9 10 0.02840274 
117 235 12 15 0.028401762 
553 167 8 11 0.028396478 
464 376 14 18 0.028388014 
839 173 11 15 0.02838637 
482 316 12 15 0.028371671 
136 118 8 11 0.028367406 
981 276 13 15 0.02836514 
430 322 13 17 0.028353825 
1004 162 10 13 0.028349077 
864 31 8 9 0.028344987 
567 253 11 16 0.028344974 
716 293 13 17 0.028336568 
488 172 11 15 0.028238803 
538 181 9 11 0.028226199 
743 0 8 9 0.028209593 
561 38 9 11 0.028208043 
615 102 10 11 0.028197085 
1004 435 16 20 0.028196637 
609 377 14 19 0.028170254 
295 246 10 12 0.028149582 
1012 267 11 15 0.028121658 
820 301 18 24 0.028082233 
31 616 17 22 0.028071186 
383 135 9 10 0.028066145 
242 113 17 23 0.02806594 
278 99 18 22 0.028053643 
87 94 9 11 0.028052125 
925 125 11 13 0.028045302 
353 131 18 23 0.02802693 
519 183 9 11 0.02801109 
256 32 7 9 0.027986765 
495 97 17 24 0.027986411 
493 310 15 16 0.027967567 
213 359 14 18 0.027954774 
16 161 10 14 0.027953364 
580 240 19 22 0.027948594 
740 342 14 18 0.027948339 
762 464 16 21 0.027906053 
1004 60 9 12 0.027904514 
184 95 7 9 0.027890995 
758 80 9 10 0.027887957 
142 276 12 15 0.02787995 
247 63 8 9 0.027872834 
891 79 8 10 0.027869036 
301 282 14 18 0.027852524 
745 147 10 14 0.027840823 
512 505 14 20 0.027839378 
304 110 8 10 0.027838955 
999 116 8 12 0.027831454 
401 39 7 8 0.02777513 
299 356 16 22 0.027760558 
214 28 7 10 0.027749406 
559 167 8 11 0.027725568 
669 27 10 12 0.027723337 
525 182 9 12 0.0277161 
917 653 15 18 0.027699297 
682 277 14 16 0.02767605 
944 16 8 10 0.027667955 
98 275 14 17 0.027659664 
168 242 12 16 0.027653016 
415 31 7 9 0.027635401 
979 240 11 13 0.027629035 
95 6 7 9 0.027625142 
361 88 17 22 0.027620945 
270 31 8 10 0.02759947 
488 64 8 9 0.027591666 
624 40 8 10 0.027539438 
183 261 12 15 0.027537491 
351 152 10 12 0.027528496 
517 494 16 19 0.027502785 
774 339 15 19 0.027476626 
802 296 15 17 0.027453346 
319 15 8 10 0.027448267 
4 182 10 15 0.02744822 
321 545 18 21 0.027424661 
398 269 11 14 0.027412089 
489 9 7 8 0.027389774 
658 29 9 11 0.027389558 
273 103 9 12 0.02737409 
686 133 10 13 0.027356157 
532 150 10 11 0.027347682 
854 135 10 11 0.02734261 
574 252 12 17 0.027336953 
932 271 14 17 0.02732356 
919 125 10 12 0.027320413 
254 266 13 17 0.027304515 
848 80 9 10 0.027283333 
942 344 15 18 0.027230866 
506 142 9 11 0.027205223 
975 64 7 10 0.027202206 
331 31 9 11 0.027200606 
901 584 21 28 0.027198195 
689 440 15 18 0.027187929 
742 268 13 16 0.02717067 
199 63 7 9 0.027161712 
142 1 8 9 0.027148632 
22 277 12 15 0.027146943 
585 188 10 13 0.027143342 
423 151 10 12 0.02714148 
1 331 13 16 0.027138554 
786 377 19 23 0.027120542 
470 45 7 9 0.02710328 
399 56 8 10 0.027101934 
990 108 9 12 0.027089842 
488 95 8 10 0.027085189 
321 348 12 15 0.027079388 
536 23 7 9 0.02707192 
53 576 14 18 0.027058052 
646 198 10 13 0.027054703 
757 163 11 14 0.027043732 
917 30 9 11 0.027033025 
372 219 11 15 0.027027557 
986 185 12 16 0.02698859 
822 284 11 15 0.026973905 
890 212 12 15 0.026967866 
993 64 9 11 0.026956938 
631 572 13 18 0.026944263 
86 187 13 16 0.026934784 
294 183 18 22 0.02692518 
316 105 19 23 0.0268999 
870 30 8 10 0.026888836 
248 206 10 13 0.026884122 
302 159 10 12 0.02688109 
398 364 12 15 0.026877398 
493 120 9 10 0.026870228 
555 559 24 27 0.02685158 
936 15 8 10 0.026842026 
110 52 8 10 0.026837979 
619 315 15 17 0.026823157 
564 286 14 17 0.026817113 
182 87 8 10 0.026779285 
499 406 19 24 0.026745167 
763 307 14 17 0.026733508 
886 141 10 13 0.02670264 
919 334 16 20 0.026702091 
442 95 7 9 0.026692318 
496 321 13 16 0.026667992 
455 103 8 10 0.026631722 
153 191 9 12 0.026594305 
636 414 19 25 0.026586838 
741 221 10 16 0.026570035 
606 426 14 18 0.026561502 
37 329 13 16 0.026549656 
288 126 9 11 0.02654734 
928 151 9 12 0.026539687 
904 109 9 11 0.026521437 
788 337 14 18 0.026500806 
514 86 19 24 0.026497368 
86 259 12 15 0.026492523 
597 210 13 16 0.026478026 
408 54 8 9 0.026472546 
687 80 9 12 0.026467618 
215 181 9 13 0.02646683 
302 119 9 11 0.026451534 
525 372 11 13 0.026450496 
335 417 11 15 0.026441896 
222 358 21 27 0.026438216 
706 357 14 17 0.026437249 
961 174 14 17 0.026435856 
724 387 14 19 0.026435496 
758 71 9 11 0.02643178 
319 45 7 9 0.026394162 
548 205 15 18 0.026387664 
657 124 11 13 0.026360717 
232 157 10 13 0.026355805 
990 226 12 16 0.026347943 
333 322 12 15 0.026319081 
42 603 15 22 0.026315223 
225 84 8 11 0.026313867 
899 320 14 16 0.02630721 
670 266 12 16 0.026289439 
698 338 14 17 0.026261372 
805 117 11 13 0.026248809 
152 71 8 11 0.026239669 
463 306 13 16 0.026205512 
655 38 10 12 0.026205461 
344 142 7 10 0.026194982 
315 283 12 17 0.026137356 
349 325 14 15 0.02612593 
224 97 8 9 0.02611308 
759 207 10 13 0.026111139 
226 135 20 24 0.026103199 
557 135 8 11 0.026099363 
175 118 7 10 0.026020678 
486 209 13 17 0.02599923 
132 238 13 15 0.025999071 
710 559 15 20 0.025972521 
63 118 9 11 0.025970418 
613 2 9 9 0.025948148 
58 54 7 10 0.025933804 
736 460 21 26 0.025928777 
841 62 8 10 0.025921471 
909 150 10 13 0.025916537 
636 139 12 13 0.025915723 
13 481 14 18 0.025913015 
247 70 8 11 0.025897324 
65 61 8 10 0.025894053 
231 120 7 9 0.025890013 
839 145 11 15 0.025877494 
146 41 7 9 0.025873495 
0 122 9 16 0.025853455 
328 315 11 16 0.025836973 
839 245 11 13 0.025817296 
652 293 12 16 0.025801664 
575 190 9 12 0.025799219 
852 260 13 17 0.025798235 
323 450 15 20 0.025784649 
664 17 11 13 0.025763175 
880 47 8 10 0.02573127 
214 55 7 9 0.025723254 
943 506 15 18 0.025717266 
1009 313 20 27 0.025715815 
638 321 11 16 0.02571514 
533 190 11 13 0.025683435 
184 144 8 10 0.025681468 
296 268 12 15 0.025655208 
385 197 10 13 0.025647772 
471 155 10 12 0.02562929 
203 515 14 21 0.025621228 
407 63 8 10 0.025612546 
935 88 8 11 0.02559563 
45 128 10 13 0.025590846 
659 310 14 17 0.025585748 
851 190 12 15 0.025582545 
647 139 12 14 0.025547212 
277 422 14 19 0.02554313 
33 143 11 13 0.025532015 
264 71 8 10 0.025520198 
800 394 15 18 0.025480691 
600 1 7 8 0.025462432 
549 195 13 15 0.025441865 
180 312 14 17 0.025412288 
684 307 13 18 0.025411846 
872 7 9 11 0.025399366 
163 331 13 17 0.025378894 
584 22 8 11 0.025371004 
528 101 8 10 0.02537059 
148 237 10 14 0.025356602 
832 460 12 15 0.025326379 
804 124 12 14 0.025323365 
655 182 10 12 0.025322825 
665 157 9 11 0.025317658 
963 461 14 17 0.02528687 
200 143 8 10 0.025260968 
301 22 8 10 0.025258059 
371 364 14 16 0.025244925 
893 105 19 23 0.02524155 
141 346 12 15 0.025215479 
648 1 8 9 0.02519309 
557 199 11 13 0.025182236 
905 192 12 15 0.025174676 
872 215 12 14 0.025170192 
50 400 15 18 0.02513735 
518 16 8 10 0.025120609 
900 142 14 15 0.025114292 
926 104 9 11 0.02511277 
563 209 12 15 0.025105704 
158 345 14 18 0.025105244 
184 24 9 11 0.025099844 
446 404 13 17 0.025096409 
841 237 10 12 0.025049709 
830 80 8 10 0.025040835 
692 352 15 19 0.0250317 
118 156 9 12 0.025026372 
80 53 8 10 0.025024248 
774 2 9 9 0.02500131 
793 62 8 11 0.02496001 
14 438 16 22 0.024950715 
996 2 9 10 0.024938978 
289 436 14 17 0.02493891 
795 155 11 12 0.024926957 
257 72 8 10 0.02489481 
997 212 11 15 0.024891922 
247 15 9 11 0.024864659 
611 368 15 19 0.02485193 
82 158 12 13 0.024837352 
512 156 9 11 0.024831241 
430 112 9 11 0.024807561 
575 45 9 11 0.024806391 
183 77 9 11 0.024778886 
758 235 11 14 0.024768807 
685 26 18 23 0.02473768 
835 134 19 23 0.024698783 
446 174 11 14 0.024698291 
1012 330 12 18 0.024697816 
134 345 13 16 0.024694657 
535 340 11 14 0.024676977 
703 187 12 15 0.024671957 
470 241 12 15 0.024671804 
511 31 8 10 0.02466532 
285 159 18 23 0.024651973 
543 111 8 10 0.024640795 
1005 352 13 18 0.024640331 
271 177 10 12 0.024610585 
192 78 7 10 0.024605002 
403 657 14 17 0.024591714 
299 331 12 15 0.024588065 
335 181 9 12 0.024579605 
264 150 18 23 0.024573268 
756 114 16 21 0.024567088 
589 101 10 12 0.024558153 
82 574 15 21 0.024551222 
534 197 11 13 0.024547635 
152 164 10 13 0.024545865 
424 412 15 18 0.024527023 
950 16 8 9 0.024524616 
610 530 17 21 0.024515167 
582 279 12 16 0.024514545 
0 145 18 24 0.024492204 
376 101 8 10 0.024491858 
400 32 6 8 0.024490148 
735 210 11 14 0.024462482 
322 142 9 11 0.024451816 
134 205 10 14 0.024451409 
199 150 9 10 0.024445016 
742 205 10 14 0.02441005 
278 251 11 14 0.024399957 
454 134 19 23 0.024398936 
1000 222 12 15 0.024395242 
168 164 8 11 0.02438813 
29 302 13 16 0.02434964 
501 517 22 26 0.024340605 
333 195 11 13 0.024339316 
475 378 11 15 0.0243271 
533 7 7 9 0.024324872 
353 95 8 10 0.024318274 
565 353 14 18 0.024313848 
198 87 8 10 0.024311712 
617 186 17 21 0.024309462 
844 309 11 16 0.024309035 
385 15 7 9 0.024301378 
551 239 11 13 0.024298014 
806 427 17 21 0.024285598 
559 473 14 18 0.02427525 
930 381 15 18 0.024273377 
510 513 16 22 0.024261307 
421 198 11 14 0.024255555 
303 444 12 17 0.024247644 
809 7 8 9 0.024239914 
980 212 13 16 0.024230992 
631 229 13 16 0.024227053 
385 37 7 8 0.024226867 
720 52 10 12 0.024226738 
990 139 10 13 0.024219144 
295 136 10 12 0.02421363 
742 64 9 12 0.02419017 
22 162 11 13 0.024186725 
335 388 12 15 0.024171755 
783 142 10 11 0.024171716 
292 137 18 23 0.024162654 
432 423 16 19 0.0241561 
683 240 12 15 0.024150344 
191 45 7 10 0.024133539 
837 356 12 16 0.024126643 
497 222 12 16 0.024125336 
318 8 8 10 0.024123948 
334 190 10 12 0.024110893 
254 247 11 13 0.024104273 
74 209 11 15 0.024097953 
918 15 8 9 0.024092851 
858 30 7 10 0.0240906 
717 111 10 13 0.02406653 
447 24 7 9 0.024065081 
831 53 9 11 0.024041645 
754 0 8 9 0.024033245 
476 364 12 16 0.024028782 
875 329 13 17 0.024007177 
526 425 14 19 0.02400494 
660 442 15 18 0.02400444 
137 79 7 9 0.024004018 
918 79 8 10 0.023989037 
203 332 14 16 0.02398541 
814 113 10 13 0.02398171 
472 132 8 11 0.023980133 
536 39 7 9 0.023965213 
670 290 16 18 0.023954788 
487 167 10 13 0.023869075 
44 141 11 14 0.023846693 
435 405 15 18 0.023800315 
30 331 12 15 0.02378869 
233 297 12 17 0.023771772 
911 128 9 11 0.023768282 
486 277 11 15 0.02376238 
151 45 7 10 0.023754686 
12 317 11 14 0.023751657 
655 58 10 12 0.023740675 
367 267 13 16 0.023739746 
716 206 12 14 0.023733098 
368 64 8 10 0.023728732 
222 151 9 12 0.023727924 
255 273 13 18 0.02372713 
2 464 15 20 0.023717865 
760 322 14 17 0.02371442 
974 376 11 14 0.023709714 
284 222 11 14 0.02368455 
140 292 14 18 0.023659635 
776 55 9 10 0.023655161 
241 112 9 10 0.023636682 
673 136 10 12 0.023632627 
416 117 8 10 0.023631856 
559 481 16 21 0.023617625 
132 372 14 18 0.023617363 
237 314 14 18 0.023611868 
878 158 10 13 0.023601469 
255 112 8 10 0.023600183 
329 369 11 17 0.023596812 
470 224 11 14 0.023585059 
0 369 7 13 0.023582239 
241 123 9 11 0.023577364 
191 110 8 11 0.023576595 
1010 198 20 27 0.023567198 
683 486 15 20 0.023566373 
1012 386 11 15 0.023546893 
360 61 8 10 0.023515034 
418 16 7 10 0.0235116 
262 113 9 10 0.023491353 
552 79 7 9 0.023487967 
726 415 16 20 0.023483042 
134 164 10 12 0.023470426 
496 22 6 9 0.02346482 
451 371 12 16 0.02344277 
856 63 9 11 0.023399364 
152 103 8 9 0.02339519 
101 354 14 17 0.02339337 
952 47 8 10 0.023374563 
789 21 9 11 0.02337448 
976 1 9 10 0.023369012 
131 393 16 19 0.023367044 
367 156 9 12 0.02335467 
766 187 9 12 0.02334841 
152 173 9 12 0.023336725 
797 243 11 15 0.023330221 
978 306 13 15 0.023302818 
524 175 10 12 0.023300903 
895 148 13 15 0.023272427 
350 126 9 10 0.0232696 
206 284 13 14 0.023267973 
243 335 16 21 0.023264484 
301 148 10 13 0.023236558 
74 154 17 22 0.023222733 
640 176 9 11 0.023196794 
848 332 15 18 0.023193998 
657 22 9 12 0.023186857 
837 220 13 17 0.023172328 
657 320 14 17 0.023170851 
294 193 12 16 0.0231563 
720 7 9 9 0.023139996 
517 125 9 11 0.023139475 
83 388 17 20 0.023121996 
432 97 7 9 0.023121726 
60 309 15 19 0.023119384 
784 359 20 23 0.023109041 
126 166 9 12 0.023079967 
182 402 13 17 0.023079038 
622 253 11 14 0.023076693 
769 70 8 11 0.023073308 
64 71 8 10 0.023069018 
876 242 13 16 0.023057856 
25 431 15 18 0.023050522 
171 16 8 10 0.023035966 
144 397 18 19 0.02302734 
882 583 22 25 0.02302529 
919 70 9 10 0.023007074 
372 228 13 16 0.0229982 
717 394 14 17 0.022995947 
835 189 12 15 0.022988763 
767 12 9 11 0.022964012 
942 22 8 10 0.022954222 
375 96 8 10 0.022949224 
775 11 17 22 0.022935746 
196 283 14 17 0.022931732 
-1 580 8 13 0.022917762 
181 14 9 10 0.022905169 
862 220 12 15 0.022904348 
29 228 10 12 0.022893393 
554 218 12 15 0.022886926 
385 114 16 21 0.022881353 
600 7 9 10 0.022866093 
155 318 16 18 0.022859102 
807 17 9 10 0.02285889 
141 231 11 13 0.022828326 
150 62 7 10 0.022826632 
13 62 8 11 0.02282429 
110 76 9 10 0.022810755 
269 80 18 24 0.02280458 
45 32 8 9 0.022800224 
428 394 12 16 0.02278471 
775 325 12 15 0.022781989 
466 67 18 23 0.022761893 
78 71 8 11 0.022750583 
7 116 11 15 0.022732098 
1016 87 9 12 0.022730999 
506 370 12 17 0.022726715 
965 351 15 18 0.022722574 
864 24 9 10 0.022684444 
361 98 9 12 0.02268141 
318 86 8 10 0.02267805 
52 201 12 15 0.02267042 
1008 119 18 24 0.022662021 
966 591 13 19 0.022642925 
461 442 12 16 0.022619357 
655 1 9 8 0.022610176 
472 322 11 14 0.022603597 
216 68 9 12 0.022591429 
405 223 13 16 0.022581786 
565 166 9 11 0.022579096 
272 214 10 13 0.022578401 
281 24 8 9 0.022574993 
790 229 10 14 0.022572689 
654 85 8 11 0.022563146 
731 18 18 23 0.022548184 
501 417 12 15 0.022532439 
975 198 10 14 0.022532359 
72 30 9 11 0.022528388 
374 183 10 12 0.022517556 
510 113 17 23 0.022509981 
782 149 11 13 0.022484606 
356 373 12 15 0.022483347 
753 317 11 15 0.022481687 
382 220 12 15 0.02247209 
144 62 8 9 0.02245317 
573 33 9 10 0.02245108 
365 286 14 16 0.02244803 
821 71 9 11 0.02243836 
150 526 16 20 0.022428557 
199 57 7 9 0.022415357 
375 475 12 16 0.022415325 
187 235 12 15 0.022412954 
668 381 18 23 0.022408785 
698 13 9 11 0.022392813 
907 578 16 20 0.022383528 
16 68 8 12 0.02235998 
489 178 11 14 0.022357726 
566 24 7 9 0.022344153 
479 30 7 9 0.022324476 
775 170 10 13 0.022322493 
997 234 13 17 0.022317221 
144 79 7 9 0.022312108 
534 95 18 23 0.02230419 
363 401 14 17 0.022300476 
493 142 9 11 0.022282613 
187 413 15 18 0.022274073 
750 470 21 25 0.02226935 
450 418 13 17 0.022250092 
566 176 8 11 0.02223533 
888 3 9 11 0.022232981 
331 81 19 23 0.022232503 
890 339 16 18 0.022225771 
616 21 9 11 0.022215955 
828 426 13 18 0.0222143 
908 299 12 16 0.022209248 
439 24 8 10 0.022198636 
711 261 12 15 0.02218488 
779 305 15 17 0.022171726 
397 104 9 10 0.022156514 
566 242 10 15 0.02215539 
561 0 18 23 0.022154817 
870 348 14 18 0.022153879 
806 1 8 8 0.02214887 
277 212 12 15 0.022141518 
903 206 11 14 0.022117084 
461 147 10 12 0.022113804 
336 23 7 10 0.022096757 
228 337 12 17 0.02208262 
652 147 13 16 0.02207786 
853 284 13 17 0.022077342 
1006 300 14 17 0.022075241 
328 48 8 9 0.022066144 
589 94 9 12 0.022062182 
674 202 11 14 0.022058789 
711 437 14 18 0.022048961 
295 15 8 11 0.022038141 
898 386 13 16 0.022025626 
1005 403 15 20 0.022023411 
663 6 10 11 0.022006806 
356 387 12 16 0.022000216 
752 61 9 10 0.021997266 
101 252 13 15 0.021984711 
431 64 7 9 0.021982335 
63 77 8 10 0.021976432 
478 23 7 10 0.021974664 
152 6 9 10 0.021968454 
453 404 11 16 0.021966582 
929 156 11 14 0.021965783 
262 195 11 14 0.021886045 
86 195 11 13 0.021860367 
1007 103 19 25 0.021823807 
57 117 9 12 0.021806037 
141 206 11 14 0.021796957 
256 577 14 19 0.021796107 
967 48 8 10 0.021792457 
910 322 13 16 0.021788754 
990 193 13 16 0.021786457 
913 23 9 10 0.021785732 
675 332 13 17 0.021774814 
238 147 17 22 0.021761063 
549 309 11 15 0.021758284 
910 164 9 12 0.021757685 
664 149 10 12 0.021757685 
664 165 10 12 0.02175576 
568 105 18 22 0.02175255 
812 81 19 22 0.021701692 
765 88 10 12 0.02169123 
588 110 17 22 0.021691017 
805 39 10 11 0.0216891 
110 64 7 9 0.021669466 
454 79 7 9 0.021660738 
696 24 9 11 0.02165997 
386 468 15 21 0.02165107 
818 427 16 21 0.02164905 
311 167 8 12 0.02164203 
568 140 9 11 0.021624723 
9 606 19 29 0.021605544 
309 238 10 12 0.02160146 
993 383 16 18 0.021598367 
959 48 7 9 0.021588203 
288 147 11 13 0.021562424 
646 154 12 15 0.021550622 
742 411 13 17 0.021549188 
916 204 13 16 0.021532856 
261 465 17 24 0.02152169 
644 310 15 18 0.021510722 
630 0 9 10 0.021504864 
239 162 10 12 0.02150365 
960 88 9 11 0.02150076 
769 64 8 11 0.02149031 
534 46 9 11 0.02148532 
620 349 18 23 0.02147264 
656 547 22 27 0.021471342 
118 427 14 19 0.021470161 
117 243 13 17 0.021463707 
743 362 14 18 0.021462172 
205 113 19 23 0.021461286 
702 38 10 11 0.021459721 
829 388 14 17 0.021444796 
54 90 10 12 0.021442745 
600 54 9 10 0.02143389 
431 371 11 14 0.021413336 
367 179 10 12 0.02140269 
319 355 12 16 0.0213924 
674 228 13 16 0.021386586 
185 46 7 10 0.021381797 
556 140 10 12 0.02137939 
460 172 11 14 0.021373024 
668 338 14 17 0.02134942 
80 180 10 14 0.021339063 
640 0 8 8 0.021335388 
909 98 17 22 0.021322895 
437 206 11 12 0.0213201 
212 574 11 15 0.02131993 
551 159 9 11 0.021319034 
153 159 9 12 0.021318678 
949 282 12 15 0.021308523 
20 400 13 16 0.021295663 
556 300 13 17 0.021249723 
91 301 13 15 0.021242201 
712 9 20 24 0.021236012 
270 253 11 13 0.021229368 
216 64 8 10 0.021216178 
488 40 7 8 0.02121106 
302 125 8 10 0.021208685 
157 579 13 18 0.021197293 
385 285 11 14 0.021192933 
172 376 14 19 0.021189319 
368 329 12 16 0.021189272 
716 377 13 18 0.021188412 
166 53 8 10 0.021185296 
138 256 13 17 0.021183774 
949 138 12 14 0.021177407 
737 71 10 12 0.021170123 
215 47 8 10 0.021169947 
600 324 15 21 0.021162558 
852 349 13 16 0.0211593 
495 158 9 10 0.021144625 
939 88 20 23 0.021131363 
254 235 10 13 0.02112576 
837 180 11 15 0.021124229 
126 157 9 12 0.021120992 
21 301 13 17 0.021114815 
1006 181 11 13 0.021105204 
384 64 8 9 0.021086648 
351 180 10 13 0.021086415 
607 190 9 12 0.021083381 
982 80 8 10 0.021077884 
2 290 12 17 0.021058982 
822 94 8 11 0.021056967 
320 440 21 26 0.021020608 
418 128 18 22 0.021007113 
807 368 12 17 0.021006338 
259 220 11 14 0.020997798 
724 -6 21 23 0.020988531 
752 -10 24 25 0.020987833 
404 307 11 14 0.020979255 
446 494 15 21 0.020974753 
830 267 12 15 0.020971337 
201 192 12 16 0.020968258 
857 125 9 11 0.020965654 
225 52 8 10 0.020959113 
701 137 10 12 0.020945765 
936 221 13 16 0.020933611 
382 335 19 24 0.020924993 
930 393 16 20 0.020913752 
1004 364 12 17 0.020911558 
909 318 12 14 0.020904586 
295 239 10 12 0.020895276 
334 367 20 25 0.020892154 
357 310 13 17 0.020891525 
637 283 13 16 0.020888263 
503 156 10 12 0.020874636 
1001 37 9 11 0.020867083 
405 434 14 18 0.020865276 
782 180 11 13 0.020864723 
709 178 13 15 0.020857964 
216 135 7 9 0.020854428 
160 47 8 11 0.020832893 
483 508 16 22 0.02082486 
182 2 10 11 0.020816695 
725 586 14 21 0.020799207 
499 200 13 16 0.020794565 
773 331 13 17 0.02078909 
916 237 11 14 0.020787 
941 467 14 19 0.020782795 
7 124 10 13 0.020776125 
584 31 9 10 0.020771725 
159 259 11 15 0.020750867 
342 235 11 14 0.020741813 
961 284 11 15 0.020738324 
45 163 11 15 0.020733329 
911 1 8 9 0.020730646 
1013 102 10 13 0.02072757 
426 387 13 16 0.020717733 
449 73 7 9 0.020695152 
781 477 15 19 0.020691585 
471 30 7 9 0.020690378 
12 507 14 20 0.02068292 
315 263 15 17 0.020676488 
507 355 11 17 0.020675821 
88 530 13 18 0.020651313 
267 529 15 19 0.02064463 
702 390 20 23 0.020632872 
408 449 15 19 0.0206321 
576 94 10 12 0.020631852 
436 276 12 15 0.020631535 
847 299 11 17 0.020630771 
78 267 11 15 0.02062365 
121 576 16 21 0.020617528 
422 269 14 18 0.020615174 
446 190 10 13 0.020614017 
277 63 8 10 0.020608183 
306 7 7 9 0.020594662 
1014 36 9 11 0.020589478 
265 421 11 17 0.020576395 
296 8 7 8 0.020568606 
86 270 13 17 0.020563964 
886 147 10 14 0.02055969 
217 112 7 9 0.020529762 
103 183 9 12 0.020522693 
724 346 14 17 0.020514581 
169 115 9 11 0.02051279 
495 489 24 31 0.020489046 
224 188 11 13 0.020482216 
611 248 11 15 0.020478748 
670 108 10 13 0.020476855 
912 250 11 16 0.020472594 
710 142 20 24 0.020467525 
388 204 13 14 0.020467171 
150 55 7 9 0.020461425 
748 442 13 16 0.020455113 
355 286 14 16 0.020449108 
327 1 7 8 0.02044404 
188 331 14 17 0.02044371 
581 297 12 18 0.020431321 
459 241 12 15 0.020424042 
342 65 18 23 0.02041829 
497 39 7 9 0.020411918 
575 88 9 11 0.020411856 
17 238 12 16 0.020409634 
292 428 14 17 0.020404665 
525 32 8 9 0.02039141 
417 86 7 9 0.020386588 
117 125 8 10 0.020382648 
431 171 11 13 0.020366602 
391 391 20 24 0.020365443 
353 453 16 20 0.020343792 
73 318 15 18 0.020314865 
403 353 13 16 0.020313414 
953 22 8 9 0.020296197 
326 63 7 10 0.020286629 
592 83 9 13 0.020286016 
376 85 8 10 0.020273786 
892 220 12 15 0.020260358 
107 103 9 11 0.02025717 
266 57 19 23 0.020255383 
5 489 18 25 0.020244729 
719 467 12 17 0.020241607 
321 31 8 9 0.020228453 
475 15 7 9 0.02021466 
377 202 18 22 0.020208659 
197 343 19 25 0.020200891 
306 279 19 24 0.020200796 
336 208 11 13 0.02019856 
288 94 8 11 0.0201985 
253 165 10 12 0.020192998 
276 319 15 19 0.020188747 
106 52 7 9 0.02017683 
825 116 10 12 0.020169891 
188 314 13 16 0.02014707 
828 126 11 13 0.02014321 
846 394 14 17 0.020141078 
108 254 12 14 0.020140858 
460 189 12 15 0.020140095 
744 142 10 12 0.020139841 
801 72 7 10 0.020128176 
590 167 9 10 0.020125534 
414 291 14 16 0.020106014 
576 489 21 26 0.02009085 
878 261 13 15 0.020090831 
711 134 10 12 0.020084238 
175 78 9 11 0.020080969 
1005 307 13 17 0.020077623 
737 62 8 10 0.020075358 
38 266 13 16 0.02006457 
517 405 11 14 0.020060021 
918 150 9 12 0.020054694 
582 136 10 11 0.020050285 
471 25 8 9 0.02003927 
661 480 13 19 0.020028505 
981 197 11 14 0.02002552 
287 47 8 9 0.02002491 
