2_Demonstration_Demonstrators_2_307
1988
702 78 9 12 0.86793417 
256 93 13 16 0.8374047 
922 238 11 14 0.8164794 
436 72 8 11 0.81415075 
385 6 9 11 0.79361147 
587 91 11 14 0.7929004 
752 166 11 14 0.7799976 
1007 349 13 16 0.77559096 
908 215 10 14 0.76314646 
998 245 10 13 0.76314515 
823 301 12 15 0.763015 
797 7 9 11 0.7531042 
118 181 13 17 0.745501 
617 103 10 12 0.7418149 
855 16 10 13 0.738055 
244 66 11 15 0.7365196 
741 62 10 12 0.73081225 
880 232 9 12 0.72589123 
240 31 10 13 0.71843636 
649 117 10 13 0.7059862 
112 255 11 14 0.6942428 
204 452 11 15 0.6918288 
872 269 10 13 0.67567325 
681 94 11 13 0.6747441 
430 105 8 11 0.6715763 
645 87 10 13 0.6649863 
153 21 10 11 0.656907 
846 211 8 10 0.6565981 
892 163 12 14 0.65282553 
724 21 9 12 0.6526144 
916 259 10 14 0.6428777 
388 395 14 17 0.63903415 
191 383 10 13 0.6353719 
89 118 8 10 0.6349529 
745 117 8 10 0.61916363 
267 147 14 17 0.6175391 
847 322 11 14 0.6171281 
196 86 12 15 0.61065847 
135 4 8 11 0.60727125 
800 213 8 11 0.6032882 
927 198 9 12 0.56871325 
558 345 23 30 0.5676336 
728 55 8 10 0.54714453 
936 109 13 16 0.5295232 
487 539 12 17 0.5143836 
404 72 8 10 0.5119318 
33 156 13 17 0.4762323 
848 5 9 11 0.47314718 
708 11 10 13 0.46933165 
431 526 12 16 0.4690823 
297 190 9 12 0.46453518 
524 411 12 16 0.46091455 
356 124 10 12 0.45591906 
49 128 8 11 0.42945987 
534 504 11 14 0.42861724 
609 59 10 13 0.42316875 
180 157 11 15 0.40835455 
394 196 11 14 0.4081652 
976 18 10 13 0.4012001 
553 30 11 14 0.39918244 
619 32 10 13 0.39508602 
523 70 12 14 0.3912054 
469 83 7 11 0.38609293 
352 7 10 14 0.38266364 
982 21 9 12 0.3804255 
366 6 8 11 0.3783848 
173 233 11 15 0.3741973 
742 21 9 11 0.37350708 
692 59 9 12 0.37199906 
984 86 10 13 0.36923704 
428 336 15 17 0.36695552 
767 158 12 15 0.36364806 
410 172 12 15 0.36297894 
618 168 9 11 0.36104244 
77 431 12 15 0.3610014 
875 45 10 13 0.3530614 
260 23 10 13 0.346573 
498 44 9 11 0.3388684 
330 157 9 12 0.3332534 
146 80 7 9 0.33141014 
317 139 10 13 0.3312599 
678 119 11 13 0.31990454 
393 86 8 11 0.31838033 
1012 79 8 12 0.31776288 
208 21 8 11 0.31656745 
66 23 8 9 0.31555805 
720 174 12 15 0.31387788 
936 94 11 14 0.31173363 
796 189 10 13 0.30811754 
249 166 11 14 0.3069274 
472 356 16 18 0.3048408 
861 527 15 17 0.30422667 
554 538 17 22 0.29685637 
348 38 9 11 0.2960925 
554 58 12 16 0.295068 
861 307 11 12 0.2895697 
380 94 8 10 0.28765255 
110 300 14 19 0.2865829 
937 252 9 12 0.2858845 
113 31 8 10 0.2855493 
532 314 13 17 0.28145358 
751 46 9 12 0.2783166 
647 43 9 12 0.27047583 
189 54 10 12 0.268054 
343 46 9 12 0.26259652 
239 201 11 15 0.2622021 
527 32 8 11 0.26071033 
893 5 8 10 0.25740373 
689 56 9 11 0.25702584 
833 239 9 10 0.25327122 
101 504 10 13 0.25176278 
884 481 15 16 0.24785033 
935 54 8 11 0.24744622 
913 478 10 13 0.24657306 
631 19 10 13 0.24619406 
95 81 9 11 0.24489826 
818 220 10 12 0.24365726 
101 39 8 10 0.24256939 
125 48 7 10 0.2410608 
32 100 9 12 0.24095729 
711 55 9 11 0.23997709 
55 197 10 13 0.23859975 
372 165 9 11 0.23660848 
405 76 8 11 0.2338684 
606 144 10 13 0.23215097 
943 179 11 14 0.22897902 
714 134 9 11 0.22842818 
102 103 8 11 0.22771324 
952 220 9 12 0.22670592 
356 219 10 15 0.22522295 
30 110 10 12 0.2230658 
119 284 11 16 0.22277957 
180 152 10 13 0.22055027 
543 134 7 9 0.2195727 
829 92 11 13 0.21853776 
321 14 9 12 0.21688432 
974 391 9 11 0.21519725 
991 375 9 11 0.21493062 
473 22 8 10 0.21410555 
878 75 9 12 0.21156609 
73 85 7 10 0.2089909 
279 45 12 15 0.2087465 
845 50 10 13 0.20679538 
390 62 9 10 0.20573352 
685 39 8 12 0.20533377 
482 47 8 11 0.20431925 
741 195 9 12 0.20427704 
265 6 9 10 0.20389074 
743 220 11 15 0.20062685 
391 173 9 12 0.19980973 
918 288 10 13 0.19972199 
191 3 9 11 0.19942941 
580 20 10 13 0.19862124 
883 491 14 16 0.19744001 
712 60 9 11 0.1973708 
472 15 9 11 0.19623514 
688 21 7 10 0.19581714 
862 121 11 16 0.1931099 
820 214 11 14 0.19308853 
101 57 7 10 0.19199342 
149 301 9 12 0.19195144 
453 524 16 19 0.19164938 
573 134 9 10 0.19160166 
770 162 13 16 0.19105147 
97 55 8 11 0.19071294 
751 160 11 13 0.18992734 
504 6 8 10 0.18983506 
149 358 11 13 0.18952875 
960 0 10 9 0.1892217 
740 15 9 11 0.18846352 
219 10 13 16 0.18816058 
472 0 9 10 0.18780743 
753 12 9 12 0.18772753 
392 168 9 11 0.1869757 
888 16 8 11 0.18629448 
195 593 14 18 0.18564871 
758 12 9 11 0.18520008 
668 67 11 13 0.18508136 
969 317 10 13 0.18445086 
718 102 10 15 0.18369621 
449 142 9 10 0.18346004 
671 13 9 11 0.18112522 
280 17 8 11 0.17968413 
509 519 14 18 0.17914289 
344 221 10 13 0.17681846 
295 141 11 14 0.17520854 
599 78 11 15 0.17356554 
960 24 8 10 0.17356013 
1005 53 12 18 0.17325068 
797 39 9 12 0.17244579 
983 1 12 14 0.16952972 
672 49 8 10 0.1682521 
97 104 9 11 0.16709019 
749 150 8 11 0.16565065 
220 4 13 15 0.16387285 
79 94 8 11 0.16379242 
348 157 9 11 0.16129212 
450 149 10 13 0.16006528 
935 166 8 11 0.15961581 
479 128 8 10 0.15794203 
304 105 11 15 0.15751545 
943 156 10 13 0.15728562 
332 197 10 12 0.1564901 
633 8 9 10 0.1559134 
462 589 11 15 0.15458465 
882 462 12 14 0.15443079 
353 143 9 12 0.15342353 
322 102 9 12 0.15264831 
152 29 11 13 0.15218973 
133 101 9 12 0.15194212 
685 45 8 10 0.1519322 
612 516 16 20 0.15182154 
941 150 10 13 0.15141845 
374 45 8 10 0.15131536 
828 206 9 11 0.14987943 
377 88 8 11 0.14977527 
286 15 9 11 0.14951679 
734 132 12 14 0.14777492 
576 14 10 13 0.14769304 
356 6 11 13 0.1470961 
121 78 9 11 0.14662434 
647 21 11 13 0.14653805 
670 159 12 16 0.14615174 
124 186 12 15 0.14602984 
894 43 11 13 0.14402156 
844 458 12 16 0.14355369 
776 1 8 9 0.14300363 
142 5 8 10 0.14222033 
807 307 12 16 0.14212373 
485 320 12 17 0.14086346 
472 5 10 11 0.14072701 
935 495 11 13 0.14031619 
479 109 9 11 0.139708 
320 75 11 15 0.1394143 
215 30 10 11 0.1383659 
859 19 9 12 0.13828267 
117 94 8 11 0.13824493 
850 560 26 27 0.13797389 
791 22 9 12 0.13748986 
168 234 11 17 0.13746068 
654 0 7 9 0.13592759 
623 9 8 9 0.13508764 
848 77 9 12 0.13430534 
951 262 11 13 0.13364173 
881 210 11 14 0.1323135 
984 79 9 14 0.13133788 
414 118 10 13 0.13094354 
325 54 8 11 0.13083152 
884 235 9 12 0.12990338 
509 490 16 20 0.12935413 
922 0 8 9 0.12884434 
681 31 8 11 0.12830144 
695 38 8 11 0.1277102 
96 109 8 11 0.12701915 
877 51 9 13 0.12556528 
826 76 12 14 0.12508914 
826 189 9 14 0.12507568 
855 62 9 11 0.12479555 
918 183 9 13 0.12460635 
409 86 9 12 0.12458942 
849 273 11 14 0.12373163 
412 332 14 20 0.12301086 
880 183 8 11 0.12283534 
498 63 8 10 0.12264704 
615 83 10 13 0.122467995 
703 367 10 13 0.12231746 
350 149 9 13 0.12200588 
1 148 11 16 0.12155412 
960 234 11 13 0.12013764 
950 164 10 12 0.1198557 
850 11 10 13 0.1196108 
221 27 9 13 0.11880768 
534 4 9 12 0.11870164 
800 498 12 15 0.118446074 
767 564 12 16 0.11675508 
369 78 9 10 0.11667875 
961 471 10 12 0.11658837 
332 162 9 13 0.11626502 
409 119 10 12 0.114785954 
913 308 11 13 0.11463177 
452 573 10 14 0.1132547 
815 300 11 15 0.11253563 
919 35 10 13 0.112396024 
664 63 9 12 0.11049455 
191 19 9 12 0.110295475 
392 104 8 10 0.11025318 
1008 84 10 12 0.110205375 
240 5 9 11 0.11018638 
536 31 9 12 0.109866574 
422 333 14 18 0.10951106 
975 258 10 12 0.109079935 
520 23 9 11 0.108703546 
371 159 8 11 0.10778806 
791 51 10 13 0.10754877 
502 71 7 10 0.10735155 
176 32 9 11 0.1064014 
219 78 10 12 0.105786964 
400 135 9 11 0.1051801 
961 29 9 11 0.105157755 
713 140 10 12 0.10487673 
481 104 8 11 0.10461034 
297 34 12 15 0.10448977 
205 498 14 19 0.10446818 
113 26 8 9 0.104187556 
327 32 9 11 0.103986084 
348 43 9 12 0.10385191 
966 196 11 13 0.103705965 
332 299 15 20 0.10348717 
794 2 9 10 0.1032341 
367 103 8 11 0.10323188 
904 65 8 11 0.10292915 
840 454 11 14 0.10249269 
270 117 11 14 0.10235248 
441 94 8 10 0.10231134 
639 38 8 11 0.10226044 
488 588 13 16 0.10145218 
293 77 11 15 0.10013882 
969 16 9 11 0.09982457 
1008 475 11 13 0.09980143 
526 520 14 18 0.09930485 
608 46 9 11 0.09891409 
165 567 12 18 0.098518364 
462 583 10 13 0.09820055 
941 195 11 15 0.09814152 
827 306 11 14 0.09731285 
207 38 13 15 0.09702019 
853 86 10 12 0.09696903 
144 411 13 17 0.09657454 
89 79 8 10 0.095947035 
1010 147 12 17 0.09543254 
117 137 10 15 0.094956815 
245 5 9 11 0.09478377 
750 0 9 8 0.09448035 
810 152 9 12 0.0942971 
585 112 9 10 0.09390809 
801 136 8 10 0.09310735 
986 334 10 13 0.09305528 
188 299 11 12 0.09301833 
387 237 12 15 0.092914954 
447 5 10 11 0.09280056 
701 579 14 18 0.09267098 
574 8 8 9 0.09262648 
784 515 11 16 0.09252155 
649 576 16 18 0.09224179 
135 96 7 9 0.09221334 
550 23 12 14 0.09193343 
852 77 11 12 0.09178633 
324 71 9 13 0.09178077 
349 33 9 11 0.09136557 
614 47 9 11 0.091270015 
87 95 7 9 0.09113831 
861 70 10 12 0.09103211 
77 87 8 10 0.09062145 
519 47 9 12 0.090537176 
631 579 13 16 0.090226226 
966 31 8 11 0.09018053 
774 97 9 11 0.090001196 
577 29 9 12 0.08980844 
888 2 9 9 0.089388676 
990 167 11 14 0.089300565 
445 95 7 10 0.08925227 
1001 92 11 14 0.089108914 
887 64 8 11 0.08874564 
876 40 10 13 0.08836468 
259 468 15 20 0.08830897 
936 21 9 12 0.08828503 
610 54 11 14 0.088204384 
649 1 9 9 0.08792209 
308 87 10 13 0.08750814 
356 148 10 13 0.08739624 
190 128 14 16 0.08713865 
645 190 8 10 0.08710957 
256 134 10 14 0.08642173 
112 134 11 14 0.08617797 
340 70 10 12 0.08607014 
521 128 9 10 0.08592236 
327 152 10 13 0.08582653 
984 198 9 11 0.08568509 
748 118 9 10 0.08538111 
550 339 21 29 0.08448943 
90 306 15 20 0.084304735 
990 24 9 11 0.08395496 
432 134 8 10 0.083937824 
816 514 12 17 0.08384599 
257 16 9 11 0.083199814 
792 194 9 13 0.083132766 
125 22 8 10 0.08309302 
637 67 13 17 0.08276505 
166 318 11 15 0.08262355 
929 54 10 12 0.08245903 
744 28 9 12 0.082354896 
144 102 9 11 0.08230338 
5 172 10 14 0.082066275 
447 136 10 11 0.08199563 
445 88 8 10 0.08185144 
541 44 9 12 0.081774645 
925 131 10 13 0.08176464 
126 52 7 10 0.08165975 
789 523 13 17 0.08165703 
146 84 8 10 0.08139243 
774 78 11 14 0.08111079 
807 526 10 13 0.081054196 
334 191 10 12 0.08095812 
148 443 13 16 0.08038699 
221 22 10 12 0.08029367 
794 214 9 13 0.079888634 
439 168 8 10 0.079752125 
487 22 9 11 0.07913721 
835 491 16 20 0.07908688 
320 125 9 12 0.079079 
102 80 8 11 0.07899032 
145 120 9 11 0.07892076 
935 125 11 13 0.07890614 
581 27 10 12 0.07847767 
943 263 10 14 0.07843432 
991 198 9 11 0.078423575 
759 594 14 18 0.07835905 
100 558 20 31 0.07833017 
736 9 8 9 0.07813389 
1009 142 11 14 0.07792753 
842 209 9 11 0.07792269 
646 51 11 14 0.07783371 
668 134 11 14 0.077680625 
689 18 7 10 0.077358104 
535 37 10 12 0.07733516 
760 22 8 11 0.0771392 
1000 523 13 18 0.07701396 
974 220 10 13 0.07696707 
673 118 10 12 0.07694938 
661 93 10 12 0.07691982 
381 117 9 11 0.07686321 
706 53 9 11 0.07664589 
586 0 9 9 0.076554604 
344 109 9 12 0.07655348 
434 231 14 19 0.07654735 
941 14 9 11 0.07594324 
306 15 9 11 0.075890474 
895 276 9 11 0.07585206 
847 72 9 12 0.075621374 
415 105 7 9 0.07556875 
672 125 10 12 0.07554335 
184 75 10 14 0.07540059 
608 157 8 10 0.07535173 
937 261 10 14 0.07534914 
976 481 11 15 0.0747415 
604 95 10 11 0.074668415 
148 386 12 15 0.07466188 
992 37 11 14 0.07457861 
556 517 13 18 0.074417435 
198 16 8 10 0.07438434 
415 137 8 10 0.0742631 
391 108 9 11 0.07424311 
373 172 8 12 0.07415689 
567 31 8 12 0.07377598 
503 487 15 18 0.07368162 
190 48 9 12 0.073634624 
64 96 8 10 0.07329938 
964 0 10 11 0.073285 
754 170 12 14 0.0732407 
606 82 11 14 0.07319924 
914 15 9 12 0.07319653 
522 30 9 11 0.07282863 
835 514 12 17 0.07249916 
73 126 8 11 0.072231114 
172 301 10 12 0.07214938 
542 30 9 11 0.07203194 
38 38 9 11 0.071970984 
847 143 11 15 0.07196605 
406 140 9 10 0.07195774 
429 7 10 13 0.07153797 
799 308 11 15 0.07152208 
978 206 9 12 0.07147409 
323 213 10 12 0.07138018 
233 94 9 12 0.071347885 
386 180 10 13 0.071232766 
734 55 9 11 0.07123008 
616 1 9 10 0.0712285 
229 63 10 12 0.07119632 
154 264 9 12 0.071174 
826 83 12 15 0.071105644 
904 134 12 15 0.071050815 
855 70 10 13 0.07099739 
568 66 11 15 0.070963316 
311 45 9 13 0.07094954 
946 220 9 11 0.0708933 
154 53 8 10 0.07080577 
685 88 10 13 0.07052558 
792 207 9 12 0.07035629 
914 181 10 13 0.07033762 
261 14 10 12 0.07028656 
376 112 9 11 0.070091955 
573 128 9 11 0.06997845 
78 303 13 19 0.06995616 
693 597 14 22 0.06992402 
382 149 10 13 0.06989111 
826 211 11 13 0.06961971 
646 540 10 13 0.06958557 
440 88 8 10 0.06950447 
47 173 13 16 0.069484845 
657 55 9 12 0.069423385 
275 560 13 16 0.06910811 
262 132 10 14 0.06900169 
150 86 9 11 0.06887176 
265 124 9 14 0.06885712 
672 8 9 11 0.06872339 
528 53 9 11 0.06860042 
835 468 13 17 0.068395525 
79 112 7 10 0.06798338 
114 56 7 10 0.06779973 
991 29 10 12 0.06731688 
510 396 14 20 0.06725132 
586 117 9 11 0.067184135 
348 165 10 13 0.06702163 
150 92 9 11 0.06681072 
836 349 13 15 0.06680158 
939 247 10 12 0.066770494 
806 26 10 13 0.066736475 
795 296 10 12 0.066650376 
430 53 8 10 0.066610776 
472 94 8 10 0.066389225 
445 523 16 18 0.06621116 
278 37 12 14 0.066094875 
98 47 8 10 0.06602666 
830 174 9 13 0.0658368 
148 234 11 15 0.06567459 
135 86 7 9 0.06566233 
413 109 9 10 0.06543802 
186 59 10 12 0.06524395 
510 475 13 18 0.06522598 
481 52 9 11 0.0651753 
618 5 7 10 0.06512229 
358 62 8 10 0.06503441 
119 61 7 10 0.06498604 
954 134 8 11 0.06461221 
708 528 22 30 0.06453089 
718 156 11 12 0.06452324 
781 63 10 13 0.06447454 
272 30 9 12 0.06442853 
446 101 7 10 0.064277075 
435 210 11 14 0.06427447 
444 548 12 16 0.064199485 
916 480 11 16 0.064173035 
426 103 9 11 0.06408065 
36 152 11 14 0.06374253 
384 62 8 10 0.06361971 
543 129 9 11 0.06354868 
485 109 8 10 0.06351775 
631 541 11 14 0.06329288 
391 158 8 10 0.06326844 
825 195 10 14 0.06313216 
410 109 8 9 0.06245083 
157 15 9 11 0.06231515 
645 69 10 14 0.062300816 
185 14 8 11 0.062288936 
246 119 12 15 0.062270965 
945 326 11 13 0.062201682 
232 316 10 13 0.062139515 
929 20 9 11 0.06211387 
622 95 9 12 0.062084652 
813 93 9 11 0.061768968 
880 61 9 12 0.061760638 
380 141 9 13 0.061710116 
711 0 8 8 0.06167432 
276 31 11 13 0.06106626 
645 77 12 17 0.060848698 
97 134 10 12 0.060589477 
462 32 8 9 0.060555927 
789 309 11 16 0.060465604 
222 70 9 12 0.060361058 
494 32 8 10 0.06016391 
320 47 10 12 0.060057998 
298 135 12 14 0.06000755 
200 109 11 13 0.059793487 
552 16 9 10 0.059772853 
844 462 15 20 0.059698887 
956 216 11 14 0.059607755 
477 23 8 11 0.059599914 
365 2 8 9 0.05957453 
757 135 9 11 0.059514742 
616 134 11 14 0.059495475 
271 22 9 11 0.059473466 
726 76 10 12 0.05943715 
910 71 9 11 0.05940797 
109 6 8 11 0.05935889 
804 208 10 12 0.05923541 
889 45 11 13 0.05922208 
359 56 8 11 0.059080735 
933 197 11 14 0.05902129 
522 37 8 11 0.05886082 
390 152 9 12 0.058781095 
462 112 8 9 0.058767244 
793 299 9 12 0.058746543 
606 67 10 13 0.05845325 
260 406 12 14 0.058416378 
492 504 11 14 0.05841609 
538 501 12 15 0.058316045 
142 380 15 17 0.058287065 
889 445 10 12 0.058227774 
119 84 9 11 0.05818932 
917 47 8 11 0.058163643 
478 28 8 10 0.058148786 
317 218 14 18 0.05813541 
120 112 8 10 0.058132667 
941 143 10 14 0.05806044 
445 444 14 17 0.058049705 
307 101 11 14 0.057905316 
798 22 11 14 0.057802517 
712 148 11 14 0.05774806 
946 350 9 11 0.05725708 
229 3 10 12 0.05721541 
984 168 11 14 0.057072274 
96 126 9 11 0.05699172 
503 451 14 19 0.056982342 
183 38 8 11 0.056850247 
590 40 8 11 0.05682618 
153 48 9 11 0.05678105 
396 167 9 11 0.056745015 
578 54 9 11 0.056725226 
573 78 10 13 0.056702368 
55 133 9 12 0.05667689 
188 430 16 24 0.056612253 
188 482 36 47 0.05654246 
199 21 9 11 0.056295287 
186 470 22 28 0.05629419 
409 105 7 9 0.056238726 
455 548 11 14 0.05623058 
390 56 8 11 0.056051984 
423 0 9 8 0.055971883 
836 483 15 18 0.055904094 
936 173 9 12 0.05545921 
392 596 12 15 0.05545564 
856 206 10 13 0.05544293 
208 30 10 12 0.055390812 
791 184 12 16 0.05537855 
320 169 11 16 0.05536721 
61 134 10 12 0.0552456 
781 308 14 16 0.055245347 
121 54 8 10 0.0552424 
454 52 8 11 0.055052683 
717 150 10 12 0.05502822 
149 119 10 11 0.054918833 
174 60 9 11 0.054876566 
397 24 10 11 0.054858558 
600 71 11 13 0.054844227 
750 144 9 11 0.05452762 
407 158 9 10 0.05451929 
529 501 19 23 0.054428443 
90 6 8 10 0.054308377 
488 544 15 18 0.0541552 
705 48 9 12 0.05405233 
101 45 8 10 0.05400311 
759 159 11 14 0.05378377 
574 597 11 14 0.053761818 
880 23 9 11 0.053735282 
982 246 8 11 0.05369546 
671 110 9 11 0.053632714 
838 293 12 16 0.05360539 
105 34 8 10 0.053574372 
145 94 9 11 0.05345638 
767 476 13 14 0.05345378 
86 29 8 10 0.05335093 
876 299 11 14 0.053280286 
539 388 14 20 0.053150386 
862 491 9 11 0.053041402 
602 45 8 12 0.052918814 
997 170 10 14 0.052695543 
998 380 9 10 0.05262346 
937 190 10 13 0.05255567 
728 140 9 12 0.05249607 
120 23 8 10 0.052490443 
823 503 9 12 0.05248491 
263 38 8 11 0.05237946 
835 243 12 16 0.052106407 
696 32 9 11 0.052102823 
324 107 10 12 0.052064914 
870 300 10 13 0.051961925 
977 85 13 16 0.051944096 
421 413 12 14 0.051896937 
168 48 8 10 0.051765393 
822 111 11 14 0.051757213 
158 73 9 11 0.051380966 
449 53 9 11 0.051336963 
382 101 9 10 0.051316854 
828 99 10 12 0.051315118 
773 153 10 12 0.051306807 
542 338 14 23 0.051232792 
181 402 13 18 0.05121748 
632 1 10 9 0.051201373 
425 94 8 9 0.051081117 
309 52 9 13 0.05107309 
587 522 15 20 0.051010042 
926 191 9 13 0.05083781 
746 45 10 12 0.050658382 
111 72 8 9 0.050651822 
402 140 9 11 0.05058371 
878 1 9 10 0.05042179 
326 127 9 11 0.050330583 
381 214 10 14 0.050165966 
464 54 8 9 0.05006679 
761 28 10 12 0.0498364 
829 40 8 11 0.04977446 
637 32 8 10 0.049740843 
541 39 9 11 0.049723405 
892 22 9 11 0.04971311 
508 4 9 11 0.04964112 
462 38 8 11 0.049587246 
635 13 10 13 0.049549684 
717 60 9 12 0.049506024 
475 111 7 10 0.04948371 
813 87 9 11 0.049399737 
791 111 8 11 0.049312346 
599 94 9 12 0.049254727 
980 454 8 12 0.049247026 
285 549 15 17 0.04903291 
856 492 11 13 0.049027376 
234 307 13 17 0.048951417 
166 134 12 15 0.048936438 
73 94 8 11 0.04890552 
573 62 9 12 0.048858736 
120 73 8 10 0.04884323 
412 484 16 21 0.048833013 
426 86 8 11 0.04883024 
77 39 9 10 0.04874135 
526 24 8 10 0.04862925 
319 208 11 12 0.048431482 
699 95 11 13 0.04835384 
423 11 11 12 0.048280545 
824 182 11 14 0.04827789 
486 4 9 11 0.04808231 
951 225 12 15 0.048078887 
928 369 12 15 0.048049267 
352 132 10 12 0.048046406 
36 109 9 11 0.047971092 
984 191 10 13 0.047904257 
196 496 17 21 0.047846995 
294 3 10 12 0.047669455 
805 55 10 12 0.047661938 
768 154 10 12 0.047661446 
532 53 10 12 0.047652353 
477 4 10 12 0.047638338 
118 36 7 10 0.047625445 
846 160 13 18 0.04758839 
74 111 8 11 0.04754717 
641 44 10 11 0.047523398 
310 20 9 11 0.047452487 
488 95 9 10 0.047419142 
412 376 23 34 0.047359157 
166 240 11 15 0.047319077 
881 477 13 16 0.04693685 
928 493 11 15 0.046900343 
924 232 11 15 0.046627134 
473 27 9 12 0.04661625 
940 20 11 14 0.046604235 
393 23 9 11 0.046579726 
423 79 7 10 0.046567254 
158 53 8 10 0.046476416 
942 202 11 13 0.04637528 
587 505 15 19 0.046299797 
277 165 12 16 0.04625317 
637 541 11 14 0.046238057 
721 77 9 11 0.04621921 
749 229 10 12 0.046161383 
663 0 7 9 0.046056457 
912 30 8 12 0.046015963 
425 125 8 11 0.045936234 
336 182 10 12 0.04590422 
320 8 10 12 0.045810863 
151 6 8 9 0.045804396 
680 76 11 13 0.045671403 
128 63 7 9 0.04554372 
695 95 10 12 0.045534633 
593 55 9 11 0.04545385 
272 15 8 11 0.04541416 
488 16 9 11 0.0453728 
765 236 9 11 0.04535421 
614 68 10 14 0.045312982 
1011 57 10 16 0.04529078 
238 94 9 11 0.04524916 
836 92 10 12 0.045199394 
632 29 10 12 0.045169912 
993 379 9 10 0.04504992 
863 254 10 14 0.045010738 
242 34 11 14 0.044989586 
291 61 12 15 0.04493702 
169 341 10 14 0.044899262 
936 1 8 9 0.04486205 
82 23 8 10 0.044743583 
765 231 8 10 0.044741463 
925 182 10 13 0.044512987 
831 111 10 14 0.04445203 
853 1 9 9 0.044420887 
773 472 10 12 0.044381596 
135 46 10 11 0.04435719 
327 60 9 12 0.044209085 
189 553 17 19 0.044204712 
535 45 9 11 0.044192467 
169 60 9 11 0.04418489 
430 87 8 11 0.044171263 
369 83 9 12 0.043989234 
817 116 9 12 0.04397723 
557 85 9 12 0.043950316 
996 450 10 13 0.043927852 
101 128 9 11 0.04390488 
422 120 8 10 0.043842033 
799 55 10 12 0.043788422 
967 36 9 12 0.043781023 
516 402 16 19 0.043675214 
396 172 10 14 0.043635808 
185 386 12 14 0.04362973 
168 334 10 14 0.043573186 
710 86 11 13 0.043546814 
556 77 10 14 0.043531552 
928 220 11 14 0.04351857 
366 220 11 14 0.043280616 
965 229 10 14 0.043190993 
238 294 10 12 0.043183934 
885 68 10 13 0.04314342 
655 4 8 10 0.04305866 
984 471 9 11 0.04296264 
300 197 12 17 0.042960722 
485 127 7 9 0.042939823 
105 259 12 16 0.04293176 
833 231 9 11 0.042864043 
290 189 11 14 0.042861186 
168 294 9 12 0.042856835 
424 150 8 11 0.042817134 
720 17 10 11 0.042778164 
783 111 10 12 0.042769298 
416 158 8 11 0.0427642 
256 2 8 9 0.042741623 
530 511 15 21 0.04260194 
966 475 10 13 0.042524155 
886 26 12 14 0.04238174 
478 318 13 17 0.04235678 
597 321 16 21 0.042032976 
180 347 11 13 0.042024292 
568 75 10 15 0.042016435 
769 118 8 10 0.042016193 
236 189 15 19 0.041965276 
388 10 10 12 0.04194605 
79 80 7 10 0.041842584 
694 365 11 13 0.041830074 
719 55 8 10 0.041807745 
369 41 9 10 0.041806478 
916 330 11 15 0.04176579 
665 125 9 11 0.041659765 
880 28 10 12 0.041570764 
382 111 9 11 0.041561443 
895 181 11 14 0.04152049 
216 22 10 12 0.041454595 
145 15 7 10 0.04145442 
952 256 10 13 0.0414339 
900 39 9 12 0.04121495 
68 483 10 14 0.041184433 
528 47 9 11 0.041177623 
680 53 8 11 0.041152403 
381 294 12 16 0.040930964 
378 62 9 10 0.04088145 
217 71 11 13 0.04087243 
127 15 8 9 0.040832527 
783 164 9 12 0.04080266 
489 30 8 10 0.040791966 
147 372 13 15 0.0407806 
384 32 7 10 0.04066192 
248 99 10 13 0.040660597 
840 62 9 11 0.040655367 
1013 542 10 15 0.04064719 
113 283 13 16 0.040636666 
944 161 11 14 0.040586237 
49 105 8 10 0.04051035 
792 219 10 13 0.04050028 
431 128 8 10 0.04048645 
206 171 16 18 0.040435575 
894 29 9 11 0.04042662 
353 62 9 11 0.040405966 
569 339 18 24 0.04035247 
234 100 9 13 0.040344387 
799 104 9 12 0.040322334 
264 568 24 34 0.040314276 
847 190 8 11 0.040271662 
615 23 9 11 0.040257905 
436 461 11 14 0.040252324 
751 77 10 12 0.040203173 
95 141 9 12 0.040147476 
78 63 7 10 0.040096067 
137 30 7 9 0.040075608 
711 31 9 10 0.040064264 
652 112 11 14 0.039929435 
93 153 11 16 0.03975259 
418 514 13 16 0.03975015 
799 140 10 13 0.039695915 
550 55 20 27 0.03966568 
960 400 11 13 0.03955075 
600 135 8 10 0.03954481 
501 54 8 10 0.03951985 
917 471 12 15 0.039470587 
989 53 10 14 0.039322123 
975 212 11 15 0.039264776 
997 232 9 12 0.039240643 
429 48 8 11 0.039195478 
451 612 13 18 0.0391207 
696 0 9 9 0.0390964 
806 220 9 11 0.039084803 
895 64 9 11 0.039034694 
202 84 11 14 0.03901556 
926 484 11 13 0.039003775 
887 188 9 12 0.038939558 
670 369 46 56 0.038896777 
734 587 11 13 0.038873926 
383 218 12 15 0.038838908 
393 92 9 10 0.038823456 
557 393 13 18 0.038798355 
445 111 8 10 0.03878072 
843 291 12 16 0.038695574 
844 355 12 15 0.038684934 
326 206 10 12 0.03867234 
536 87 9 11 0.038619887 
439 135 8 10 0.038577333 
1007 506 12 16 0.03851594 
586 172 7 10 0.038467236 
884 140 11 15 0.03846517 
367 73 9 12 0.038456615 
199 31 9 11 0.03840414 
542 61 11 16 0.038311694 
418 53 8 10 0.038261924 
472 339 11 14 0.038256176 
952 15 7 10 0.038143978 
130 166 8 10 0.038130432 
454 567 11 15 0.03805237 
940 469 11 14 0.03803225 
608 102 9 11 0.037991438 
398 103 7 10 0.03798265 
502 520 16 19 0.037970264 
294 253 15 17 0.03796265 
239 332 9 12 0.037959922 
638 570 12 18 0.037951376 
324 20 9 12 0.03791505 
808 85 9 12 0.037913267 
359 70 9 11 0.0378946 
896 69 10 13 0.037819788 
568 85 9 12 0.037814707 
384 156 9 11 0.037721444 
23 53 7 10 0.037656575 
666 14 8 11 0.037631467 
712 172 13 15 0.03759362 
764 13 9 11 0.037413407 
292 67 13 17 0.037410833 
583 552 15 20 0.03725014 
934 509 14 16 0.037233036 
398 159 9 11 0.03715341 
525 63 12 15 0.037150238 
584 507 22 28 0.037134174 
647 584 15 19 0.0371245 
81 30 8 11 0.03709097 
739 271 12 14 0.037088457 
973 165 11 14 0.037087742 
613 139 11 15 0.03704482 
727 0 10 9 0.037034918 
773 412 16 20 0.036983963 
169 54 8 11 0.036978506 
791 165 9 10 0.03696978 
273 46 11 13 0.036957737 
48 316 13 16 0.03694015 
450 578 10 14 0.03692909 
534 76 11 14 0.036902085 
549 334 13 19 0.036890425 
845 225 13 15 0.036858667 
842 70 9 12 0.03683202 
762 506 14 18 0.03682775 
985 375 10 12 0.036805995 
473 101 9 12 0.036766037 
478 96 7 10 0.036722545 
913 7 7 9 0.036713 
809 167 9 11 0.036651827 
790 125 9 11 0.036651615 
270 555 24 28 0.03662673 
457 95 9 11 0.036503106 
143 2 9 10 0.036487058 
725 149 9 12 0.036473643 
791 173 9 12 0.03647318 
746 0 8 8 0.03647128 
600 99 10 12 0.03646834 
238 102 10 12 0.036451984 
540 513 13 18 0.036441106 
318 147 11 16 0.036438797 
683 629 10 12 0.03640611 
263 140 13 18 0.036284205 
367 9 10 12 0.036273256 
112 287 18 25 0.036213048 
497 6 9 11 0.036176488 
685 31 8 10 0.036122903 
918 53 9 12 0.036115635 
566 493 11 14 0.03611246 
376 100 10 12 0.03610246 
1000 488 11 13 0.036079455 
889 488 16 18 0.036048766 
321 29 9 11 0.036046147 
289 5 10 12 0.03597578 
104 12 9 12 0.035922434 
696 81 11 14 0.03591877 
535 23 9 11 0.03590068 
79 70 7 10 0.0358981 
757 111 8 10 0.035875686 
144 229 10 14 0.0357989 
217 2 11 12 0.035798334 
90 55 8 11 0.03577233 
532 68 10 14 0.035728876 
1005 99 13 15 0.03572077 
526 395 21 29 0.035705164 
589 604 12 14 0.035671003 
167 213 8 11 0.03563894 
815 504 10 12 0.035615146 
840 189 10 13 0.03561492 
513 496 23 27 0.03556106 
992 203 8 11 0.03550154 
936 469 10 13 0.035500307 
431 63 8 11 0.0354981 
735 69 11 13 0.035490036 
136 160 9 11 0.035433263 
204 496 25 34 0.035427023 
664 224 11 13 0.035396058 
726 27 9 11 0.035364423 
383 124 9 11 0.035363525 
261 453 13 18 0.03533656 
462 47 7 9 0.035319537 
775 115 9 12 0.03531338 
391 81 8 10 0.03528665 
734 77 10 12 0.035252735 
145 364 11 13 0.0352483 
88 73 8 9 0.035194073 
452 136 10 11 0.035189033 
773 509 23 29 0.035181053 
735 38 9 11 0.035163153 
256 54 10 13 0.035141315 
375 214 11 14 0.035101682 
144 38 9 11 0.035072688 
303 5 9 11 0.035069894 
663 119 9 11 0.035055976 
430 94 8 10 0.03496666 
776 62 10 13 0.034949444 
862 212 8 10 0.034923185 
893 51 10 12 0.034916207 
265 117 11 16 0.034868143 
749 180 11 13 0.034789756 
750 125 8 11 0.03478941 
929 108 13 15 0.03476864 
645 185 9 10 0.034756087 
415 94 8 10 0.034622934 
151 1 7 8 0.034572396 
804 5 10 12 0.034450457 
457 32 9 11 0.034449443 
333 151 8 11 0.034438778 
397 212 12 15 0.034430157 
234 196 19 24 0.03441391 
916 339 11 14 0.034409367 
311 199 10 12 0.03436777 
893 203 12 15 0.034352135 
936 79 10 11 0.034344587 
951 470 12 15 0.034325868 
458 37 8 11 0.034303833 
110 103 8 10 0.034270298 
591 21 9 12 0.034242645 
990 192 10 13 0.03412965 
814 315 10 14 0.034109194 
477 14 8 10 0.034101497 
376 123 9 12 0.0340468 
952 0 9 9 0.034043208 
471 143 7 9 0.034026694 
14 147 12 15 0.0339947 
598 22 8 11 0.033981968 
960 493 10 14 0.033979196 
744 37 8 11 0.03389412 
135 39 9 10 0.03389142 
313 39 8 11 0.03386227 
406 65 8 10 0.033849202 
923 507 13 18 0.03384699 
608 185 8 10 0.033825267 
351 1 9 10 0.033737946 
359 156 9 11 0.03370894 
487 39 9 12 0.033701424 
848 38 9 12 0.03367769 
73 54 7 9 0.033627912 
111 162 9 12 0.033617456 
870 197 8 11 0.03360892 
271 515 21 27 0.033545665 
764 498 13 18 0.033545375 
663 158 11 15 0.033543963 
782 102 9 12 0.033471122 
440 142 8 10 0.03346484 
339 243 13 14 0.033460014 
407 196 11 14 0.03342518 
79 100 7 9 0.033370923 
375 181 9 13 0.033343226 
685 77 10 13 0.033321463 
592 13 10 13 0.03329363 
368 153 8 11 0.03328484 
183 309 13 15 0.033276718 
938 157 11 14 0.03327572 
558 508 12 15 0.033236198 
504 558 12 16 0.033219073 
130 96 7 10 0.03319222 
511 388 11 16 0.033180732 
337 221 9 14 0.033171806 
104 70 8 9 0.033140633 
475 132 8 11 0.03311612 
174 140 9 11 0.03308568 
254 61 10 13 0.033063106 
87 281 12 18 0.033030253 
40 54 9 11 0.033027444 
222 341 9 12 0.033024468 
923 497 21 26 0.032990593 
683 117 11 13 0.03296346 
106 557 14 19 0.03293231 
160 133 9 14 0.032927953 
328 321 26 42 0.03292032 
750 111 10 12 0.03289381 
102 215 9 12 0.032855164 
448 356 11 14 0.032842748 
393 388 14 19 0.032813184 
702 630 10 13 0.032800462 
462 118 8 9 0.03279225 
166 167 12 14 0.03275083 
878 143 13 17 0.032712817 
735 0 8 9 0.032684155 
156 163 10 13 0.032626234 
185 0 9 9 0.032564275 
511 374 9 12 0.032533336 
807 109 10 12 0.0325265 
911 435 10 12 0.03251194 
701 31 9 12 0.032469146 
488 315 14 20 0.03244503 
494 14 9 11 0.032423466 
913 36 9 12 0.032402813 
629 92 10 13 0.032387707 
360 2 9 9 0.03238543 
90 317 16 20 0.032373387 
749 21 10 12 0.03235863 
433 309 9 12 0.03235264 
796 524 13 17 0.032342747 
811 518 15 19 0.03231434 
159 7 8 10 0.03231277 
74 38 8 10 0.032301065 
502 76 9 11 0.032293472 
518 17 9 10 0.032259557 
911 387 11 14 0.03224587 
704 0 8 9 0.0322125 
935 517 11 15 0.032132108 
432 142 9 11 0.03211711 
760 563 12 17 0.03210933 
1008 124 10 15 0.032106366 
967 382 8 11 0.03209157 
676 7 10 11 0.032090545 
457 594 12 15 0.032065634 
782 304 11 13 0.032051347 
320 95 10 12 0.032050975 
557 569 11 17 0.032044243 
717 165 14 17 0.03202958 
980 253 9 14 0.03199644 
514 482 17 20 0.031934008 
528 2 9 9 0.03187612 
34 541 10 12 0.031836957 
437 520 11 15 0.031805877 
132 332 12 16 0.031767808 
737 56 19 23 0.031761207 
784 285 10 13 0.031730548 
872 214 9 12 0.031722043 
145 31 8 10 0.03170877 
96 31 9 11 0.031641938 
725 157 10 14 0.031639054 
382 134 9 12 0.03160916 
766 258 10 14 0.031598028 
836 172 11 14 0.03159078 
141 158 8 11 0.031566292 
569 7 8 11 0.03156438 
326 6 10 12 0.03155408 
344 143 10 12 0.031538785 
898 162 12 15 0.03144293 
84 300 15 22 0.03138378 
829 142 9 13 0.03134418 
359 180 9 12 0.03133606 
60 477 13 16 0.03129458 
886 244 10 15 0.031267717 
240 109 10 13 0.03125718 
47 47 8 10 0.031248283 
941 475 12 13 0.031123897 
257 38 9 11 0.031034382 
175 415 41 55 0.031015944 
77 45 8 11 0.030963724 
766 23 8 11 0.030952591 
855 190 9 12 0.030922316 
744 181 11 13 0.030918632 
913 175 9 12 0.030879542 
32 44 9 13 0.030760035 
180 595 11 15 0.030738335 
968 221 9 12 0.030726789 
736 84 9 12 0.030710435 
961 192 10 12 0.030687926 
766 483 13 16 0.03068723 
71 29 8 9 0.030686522 
325 133 9 12 0.030685911 
850 318 12 15 0.03062348 
627 533 12 16 0.030592762 
302 571 15 22 0.030580336 
176 12 10 12 0.030559476 
617 14 9 12 0.030549753 
973 38 9 11 0.030549552 
290 132 10 13 0.030548656 
231 152 9 11 0.030545931 
729 134 10 13 0.030522576 
694 435 47 57 0.030522048 
694 15 8 11 0.030520603 
534 390 24 32 0.030468736 
830 501 22 28 0.030446775 
629 67 14 18 0.030434879 
69 16 9 11 0.03041975 
115 62 7 9 0.030415352 
510 78 8 11 0.030346531 
712 129 9 13 0.030330313 
470 55 8 10 0.030313896 
257 202 11 14 0.030297816 
498 76 9 12 0.030277608 
534 62 11 14 0.030257456 
550 588 10 14 0.030229574 
407 277 10 12 0.030193817 
639 53 12 13 0.03015575 
860 206 10 12 0.030147292 
158 36 8 10 0.03013651 
122 16 7 9 0.03004184 
290 140 10 14 0.030041393 
133 164 10 13 0.029977895 
101 141 9 12 0.029971516 
727 48 9 12 0.029954828 
999 15 10 12 0.029924694 
64 17 10 12 0.029884148 
309 61 10 14 0.029871857 
828 179 11 14 0.029865796 
718 70 9 12 0.029862093 
623 186 9 10 0.029837094 
965 416 14 18 0.02983486 
692 22 8 10 0.029832104 
74 118 9 11 0.029798485 
440 22 8 10 0.029796384 
895 139 11 15 0.029791206 
246 54 8 11 0.029773481 
964 270 10 12 0.029769368 
1005 152 14 19 0.029752344 
853 55 9 12 0.02973286 
234 29 10 12 0.029726626 
957 50 10 13 0.029721307 
123 288 11 16 0.02972007 
973 190 11 14 0.029700108 
952 28 9 12 0.029696248 
848 61 10 12 0.029662235 
969 157 9 14 0.0296588 
880 464 18 24 0.029642312 
720 38 9 12 0.02964138 
541 470 16 21 0.029632322 
186 162 12 15 0.029620415 
980 479 11 13 0.029599862 
691 358 12 13 0.029593326 
142 45 9 11 0.029545154 
960 16 8 10 0.02953881 
431 458 12 15 0.029530842 
269 1 10 11 0.029506022 
241 53 8 10 0.029461553 
819 510 11 15 0.029455557 
716 497 26 35 0.029445728 
292 135 19 23 0.029445212 
31 170 13 17 0.029374875 
945 355 9 12 0.029361866 
252 69 10 13 0.029353954 
376 53 9 11 0.029319841 
372 219 11 14 0.02931234 
303 44 10 13 0.029294072 
134 339 12 17 0.029291337 
281 342 12 17 0.029248588 
785 126 9 12 0.029212365 
145 205 9 13 0.029195273 
368 108 9 12 0.02917925 
277 548 27 29 0.029141739 
792 77 11 14 0.0291394 
187 68 11 15 0.029136287 
503 12 9 11 0.02912868 
861 63 11 13 0.029121332 
828 295 15 17 0.029094853 
776 515 13 18 0.029063161 
714 98 18 24 0.029058661 
376 149 9 12 0.029045014 
532 337 17 23 0.02902452 
157 563 22 28 0.02899515 
396 201 12 16 0.028967354 
879 330 11 13 0.028964123 
374 188 10 13 0.028941406 
997 20 11 13 0.02893441 
983 26 10 12 0.028921645 
549 501 12 14 0.02890825 
663 100 10 13 0.028887903 
2 178 13 18 0.028887505 
604 510 21 28 0.028883502 
136 54 8 10 0.028873814 
463 555 11 15 0.028830986 
230 323 10 12 0.028801449 
774 23 9 11 0.028798252 
424 52 9 11 0.02876875 
765 7 10 11 0.028765542 
644 565 13 17 0.028760148 
942 62 9 11 0.028754717 
268 432 13 18 0.02874315 
454 155 9 12 0.02873403 
913 19 8 12 0.028725818 
542 458 14 20 0.028703686 
1012 471 11 16 0.028686292 
93 1 9 8 0.028639838 
734 46 10 11 0.028600374 
585 38 10 13 0.028594168 
342 65 10 11 0.028593745 
797 83 10 14 0.028572118 
652 39 9 12 0.028571898 
738 618 15 19 0.02857139 
884 451 15 18 0.02855374 
846 416 10 13 0.02855202 
232 304 10 14 0.028532453 
145 108 9 11 0.028515369 
114 180 12 15 0.02850277 
461 548 11 13 0.028485622 
174 308 9 13 0.02848236 
6 79 9 12 0.028405745 
662 86 11 14 0.028401392 
688 363 11 13 0.028393853 
902 1 9 9 0.02838783 
941 6 10 12 0.028386096 
186 5 9 12 0.028371777 
48 85 9 12 0.028344763 
312 134 13 16 0.028334895 
249 93 11 14 0.028312072 
862 503 13 16 0.02829933 
134 383 22 27 0.028297523 
502 394 13 19 0.028238256 
686 69 10 13 0.028217273 
213 124 10 14 0.028180435 
645 59 11 16 0.028171884 
863 190 9 11 0.02814292 
343 115 10 14 0.028123282 
621 45 9 11 0.028109694 
1012 90 11 16 0.028093474 
713 505 14 18 0.02809314 
632 38 9 10 0.028088324 
567 92 9 12 0.028062131 
37 537 10 11 0.028043512 
977 1 10 10 0.028041836 
425 63 8 10 0.028038537 
937 6 9 10 0.028031008 
382 2 17 22 0.028022699 
428 98 17 23 0.027997281 
220 489 16 23 0.027994886 
483 355 13 16 0.027964566 
188 394 11 16 0.027962899 
871 71 10 13 0.027957913 
457 100 9 11 0.027956938 
928 90 15 17 0.027937211 
900 286 12 15 0.027904274 
649 552 24 28 0.027880045 
549 508 12 15 0.027868183 
319 268 12 15 0.02784947 
430 160 9 11 0.027841907 
6 10 14 21 0.02782899 
125 79 8 11 0.027821433 
302 124 11 14 0.027788106 
940 55 9 11 0.027785225 
208 389 10 14 0.027782302 
494 387 14 19 0.027762 
24 69 8 10 0.027759748 
863 5 10 12 0.027759476 
600 39 9 11 0.027754264 
556 577 12 16 0.0277503 
622 54 9 12 0.027724134 
568 21 9 12 0.027696384 
1000 156 11 15 0.027647838 
614 98 17 22 0.027645241 
142 367 21 26 0.027644841 
682 25 8 9 0.02763138 
780 1 9 10 0.027626159 
974 228 10 12 0.027598722 
782 478 11 13 0.027598653 
311 6 9 11 0.02759832 
391 126 8 10 0.02758832 
936 180 12 14 0.027582608 
157 93 8 11 0.027563713 
587 559 14 20 0.02755423 
868 393 13 16 0.02753315 
149 464 13 19 0.027524227 
559 501 12 15 0.027436012 
335 62 10 11 0.027405549 
720 45 8 12 0.02739741 
839 182 10 12 0.027383206 
557 46 11 13 0.027377605 
873 0 9 10 0.027339242 
105 21 8 10 0.027319133 
589 594 14 17 0.027310556 
176 147 18 23 0.027305033 
512 15 8 11 0.027303148 
891 13 10 12 0.02730064 
442 280 14 21 0.027283581 
743 122 11 15 0.027277475 
785 222 8 11 0.027254207 
56 31 8 10 0.027247835 
589 6 9 11 0.027221711 
871 294 11 14 0.027214149 
756 505 22 30 0.027196331 
337 292 14 19 0.027176883 
247 1 9 11 0.027158255 
272 35 9 13 0.027140975 
136 119 9 11 0.027133713 
782 215 9 11 0.027131323 
878 495 14 18 0.027125798 
276 67 11 15 0.027119808 
224 405 11 14 0.027113292 
37 61 10 12 0.027094997 
487 88 10 12 0.027073814 
678 140 10 13 0.027060756 
429 1 8 8 0.027035518 
350 223 13 18 0.027012974 
182 425 16 22 0.026977157 
4 133 12 15 0.02695791 
761 555 21 27 0.02694384 
815 110 10 14 0.026932837 
337 53 9 11 0.026910178 
694 116 10 13 0.026884096 
189 377 17 22 0.026866222 
671 21 8 10 0.026851257 
884 453 22 28 0.026836192 
958 126 10 12 0.02682981 
42 131 11 14 0.02679573 
187 400 11 17 0.026773296 
465 143 9 10 0.02677307 
1007 72 18 26 0.026756464 
911 264 12 15 0.026746657 
77 55 7 10 0.026737275 
196 449 20 25 0.02672714 
753 236 9 11 0.026723156 
772 569 13 15 0.026720725 
175 346 10 14 0.026706753 
861 245 9 12 0.026702447 
841 162 10 16 0.02665904 
783 134 9 10 0.026650174 
945 342 11 15 0.026618041 
797 166 8 11 0.026607813 
92 266 11 15 0.02660438 
454 466 14 19 0.02660369 
112 119 8 10 0.02660291 
98 367 16 21 0.026601082 
894 169 11 15 0.026595404 
717 94 11 14 0.02659208 
924 261 11 13 0.026589973 
68 492 10 14 0.026585134 
783 470 9 11 0.02658126 
212 52 11 13 0.0265802 
261 69 9 12 0.026573865 
743 8 8 10 0.026558334 
839 222 11 13 0.026556429 
215 142 8 10 0.026533393 
840 208 19 24 0.026532372 
132 189 10 13 0.026531423 
902 158 11 14 0.026527777 
266 133 13 15 0.026510457 
830 316 9 12 0.026510308 
287 126 11 15 0.026503403 
770 110 9 12 0.026494889 
261 44 9 11 0.026454438 
531 330 16 20 0.026453001 
757 180 11 13 0.026431054 
38 80 7 10 0.026430637 
296 565 25 37 0.026421875 
677 370 11 13 0.02638225 
854 198 10 13 0.026378218 
842 498 13 16 0.026370784 
878 226 17 23 0.026370754 
1001 506 21 28 0.026366416 
905 211 16 22 0.026366353 
392 499 12 17 0.026341485 
470 38 10 11 0.026318653 
574 140 9 11 0.026317421 
817 510 19 25 0.026302362 
134 63 7 10 0.026291044 
1005 3 11 13 0.026289541 
173 316 10 15 0.02627979 
359 166 10 12 0.026266353 
737 31 9 11 0.026244905 
666 139 10 13 0.026205841 
151 174 9 12 0.026205085 
718 85 10 13 0.026165811 
841 626 12 14 0.026162142 
919 494 9 14 0.026157714 
710 68 10 13 0.026149496 
760 238 9 11 0.026140403 
784 230 8 11 0.026130464 
1005 83 21 28 0.026124474 
623 68 11 16 0.026099756 
152 160 10 13 0.026087234 
759 1 9 8 0.026039006 
799 159 8 11 0.026036562 
533 532 11 15 0.026025368 
89 2 9 9 0.026013175 
156 377 14 19 0.025994461 
630 85 10 13 0.025986694 
293 185 18 24 0.0259728 
523 382 40 50 0.025930773 
678 89 17 22 0.025928197 
318 37 10 12 0.025901753 
187 487 19 25 0.025859639 
554 549 16 20 0.025854127 
933 215 10 13 0.025850406 
950 332 10 12 0.025830118 
794 13 9 12 0.025810508 
557 23 9 12 0.025805006 
741 96 13 16 0.02580485 
981 78 18 24 0.025782768 
127 212 10 11 0.025774349 
952 21 9 12 0.02577072 
271 509 13 18 0.025726778 
570 13 9 12 0.025698373 
920 205 10 12 0.025652295 
140 340 12 16 0.025639346 
433 65 17 23 0.025638377 
838 521 11 16 0.02563046 
860 238 10 14 0.025575146 
984 59 9 12 0.025565038 
663 109 9 12 0.025559856 
845 29 11 13 0.025539296 
601 30 8 10 0.025516177 
779 76 12 16 0.02549911 
142 222 9 12 0.025479648 
868 175 9 10 0.025472576 
841 148 10 13 0.025453193 
982 71 10 13 0.025448645 
516 387 12 16 0.025441669 
698 73 19 22 0.025432594 
111 78 8 10 0.0253893 
199 62 8 11 0.025378106 
924 31 11 13 0.025363011 
285 52 11 14 0.025347542 
182 170 10 14 0.025338637 
989 368 11 14 0.025315776 
833 6 9 11 0.025302637 
949 341 12 14 0.02530018 
717 6 9 11 0.025295313 
453 412 11 15 0.025295205 
764 589 12 16 0.0252915 
461 563 11 15 0.025287764 
385 56 7 10 0.025253782 
856 117 13 19 0.025235178 
127 70 8 10 0.02521631 
842 318 18 24 0.02520861 
472 315 12 16 0.025195504 
568 344 25 33 0.025188008 
934 487 12 13 0.025182446 
751 70 10 13 0.025176113 
594 388 28 37 0.025109915 
241 114 13 17 0.02510269 
984 380 9 10 0.025090132 
374 588 11 13 0.025088096 
376 70 9 11 0.02506878 
758 70 10 12 0.025047703 
622 61 11 15 0.025045825 
433 166 8 11 0.025018703 
275 74 12 17 0.025017109 
423 158 9 12 0.025005504 
847 92 11 14 0.024999203 
1001 238 14 16 0.02498628 
790 117 9 11 0.024981627 
89 101 8 11 0.024976783 
929 310 10 11 0.024974892 
341 181 8 12 0.024964483 
360 205 10 13 0.024962742 
847 123 11 13 0.024930717 
223 139 9 11 0.024925252 
391 133 10 13 0.024923556 
857 242 10 13 0.024921047 
515 469 14 18 0.024911257 
441 119 8 9 0.024862947 
853 15 17 21 0.024858806 
513 46 9 12 0.024851346 
960 35 11 14 0.02483525 
421 385 23 34 0.024830213 
559 494 11 14 0.024819307 
214 339 11 14 0.024803257 
743 78 11 13 0.024801748 
225 64 9 12 0.024791788 
886 38 11 14 0.024785398 
739 413 10 14 0.024757128 
260 87 11 16 0.024746519 
849 196 10 12 0.024742007 
679 71 10 12 0.02474128 
319 117 10 14 0.024737272 
344 171 10 13 0.024707627 
904 432 10 12 0.024707567 
93 74 18 23 0.024687136 
1001 475 12 14 0.024673805 
947 173 13 16 0.024643395 
782 172 10 13 0.024639353 
118 101 8 10 0.024627285 
448 373 13 16 0.024595864 
40 43 9 13 0.024589129 
731 127 19 24 0.024550078 
31 80 8 10 0.024533402 
886 135 9 13 0.024523715 
211 166 15 17 0.024519233 
875 263 11 14 0.024500443 
936 38 9 12 0.02448405 
399 65 18 23 0.024468109 
573 35 10 13 0.024465943 
398 487 21 29 0.0244554 
614 162 18 23 0.024444714 
415 79 9 11 0.024440765 
88 143 9 11 0.02442291 
831 249 12 17 0.024373457 
544 52 11 15 0.024350557 
174 408 15 18 0.024341818 
665 149 8 11 0.024331996 
190 505 27 37 0.0242949 
790 58 12 14 0.024280027 
481 41 8 10 0.024279576 
22 63 9 12 0.024271132 
872 40 17 23 0.024258297 
994 249 10 14 0.024253258 
900 491 12 14 0.024252083 
830 498 14 17 0.024248878 
130 0 20 23 0.024247482 
150 112 9 10 0.02423495 
974 98 13 16 0.024210183 
704 4 19 22 0.024194492 
145 353 19 22 0.024174478 
919 513 12 16 0.024171395 
263 564 39 54 0.024159942 
310 166 11 14 0.024153244 
196 5 9 11 0.024147047 
275 121 13 17 0.024132416 
634 70 19 23 0.02412386 
834 114 14 17 0.024105063 
351 54 9 11 0.024100399 
150 206 11 15 0.024091035 
421 426 11 15 0.024061937 
7 518 8 11 0.024055425 
439 110 9 11 0.024047336 
919 5 9 10 0.024041478 
101 155 10 16 0.024029197 
476 332 12 15 0.023970347 
720 16 18 23 0.023963757 
839 220 22 25 0.023946723 
534 495 13 18 0.023936152 
391 29 9 11 0.023919448 
398 466 11 14 0.023905324 
413 344 13 16 0.023851339 
526 316 21 27 0.023817904 
902 270 11 13 0.023801794 
263 179 12 17 0.023786515 
943 0 9 9 0.023780875 
871 4 10 12 0.023737326 
693 44 9 12 0.023724006 
974 197 10 12 0.023701264 
381 88 9 11 0.023652118 
73 47 7 10 0.023645418 
210 552 29 38 0.023636512 
422 173 10 12 0.02362457 
474 117 7 9 0.023603888 
73 63 8 10 0.023590561 
940 77 11 13 0.023586195 
132 513 21 26 0.023575626 
607 126 8 11 0.023547422 
770 95 9 13 0.023537856 
457 110 9 11 0.023525959 
390 118 9 11 0.023519294 
925 514 14 17 0.023509566 
757 100 10 14 0.02350073 
884 249 13 18 0.023447616 
653 45 9 11 0.023442207 
89 148 12 17 0.023441382 
25 78 9 12 0.023436548 
975 458 10 13 0.023422133 
126 313 12 16 0.023411743 
608 117 10 12 0.023370827 
177 162 11 14 0.023354836 
345 104 9 12 0.023352597 
840 26 11 15 0.023339529 
134 69 8 11 0.02333575 
73 100 8 10 0.023333479 
256 375 11 14 0.023332182 
619 523 13 15 0.02332913 
616 128 9 11 0.023282314 
34 33 9 11 0.023277594 
495 112 7 10 0.023264399 
374 205 11 14 0.02325364 
166 288 8 9 0.023243193 
854 499 14 17 0.023235409 
998 334 11 13 0.023211094 
65 72 7 9 0.02320421 
425 181 11 13 0.023186285 
860 530 24 26 0.023184342 
197 260 10 13 0.023179237 
607 39 8 11 0.023176005 
869 264 18 23 0.02317336 
188 156 13 17 0.023157611 
169 29 9 12 0.023143401 
85 112 19 24 0.023140285 
291 14 10 12 0.023138609 
392 186 18 23 0.023115054 
399 119 8 10 0.023106227 
490 582 14 17 0.023098575 
192 584 24 28 0.023082526 
56 39 9 10 0.023072768 
359 425 14 19 0.023072056 
832 344 10 13 0.023067 
136 228 9 13 0.023056928 
758 251 12 15 0.023033252 
766 62 9 12 0.023023963 
963 498 13 18 0.02301729 
427 403 12 17 0.023009647 
388 2 10 10 0.023006795 
938 498 14 17 0.023006698 
742 142 10 13 0.022998532 
518 376 10 12 0.022998136 
949 215 20 25 0.022986235 
184 434 23 33 0.0229826 
145 22 8 10 0.022980282 
93 6 9 11 0.022973238 
841 5 9 11 0.022908404 
790 70 12 15 0.0228961 
564 499 13 17 0.022874136 
888 171 10 13 0.022858059 
417 151 8 11 0.022825278 
147 473 16 25 0.022815678 
912 465 19 25 0.022794679 
871 493 10 12 0.022775909 
112 47 9 10 0.022773927 
279 562 29 34 0.022764534 
671 1 9 9 0.022763997 
311 67 10 14 0.02275693 
879 487 22 27 0.022738844 
251 113 13 19 0.022726165 
853 262 11 14 0.022712326 
706 20 8 10 0.022691803 
575 84 9 12 0.022689428 
982 261 9 12 0.022677796 
492 356 11 14 0.022675702 
794 1 18 22 0.022668445 
350 108 9 13 0.022622947 
447 420 10 12 0.022612192 
939 522 13 16 0.022600323 
461 539 12 17 0.022592045 
384 77 8 11 0.022553029 
799 76 10 13 0.022549568 
117 163 11 13 0.022542631 
806 1 10 11 0.022539869 
100 300 19 25 0.022534603 
646 113 17 23 0.02250279 
855 182 9 12 0.022459073 
130 1 10 11 0.022402612 
575 588 13 18 0.022387695 
390 47 9 11 0.022363171 
772 507 13 18 0.022348106 
134 380 13 16 0.02234061 
544 24 10 13 0.022319425 
540 94 10 11 0.022314755 
359 173 10 13 0.022302326 
695 109 11 14 0.02228464 
839 288 10 13 0.02227339 
407 151 9 11 0.022208119 
824 132 10 14 0.022182284 
65 79 8 10 0.022173392 
141 388 23 28 0.0221635 
732 158 11 14 0.02216311 
687 54 18 23 0.022151215 
151 190 9 12 0.022134665 
728 5 10 11 0.022109259 
383 37 8 10 0.022089744 
804 76 10 13 0.022071289 
805 36 11 13 0.022017885 
583 6 10 11 0.022011701 
695 71 10 12 0.021997984 
770 76 10 14 0.021993184 
135 24 8 10 0.021990446 
187 453 23 30 0.021978738 
544 48 20 27 0.021977896 
334 172 10 14 0.021973463 
903 30 9 11 0.021972977 
334 38 8 10 0.021949174 
669 148 11 13 0.021940453 
319 81 13 16 0.02193891 
160 293 9 13 0.021911023 
895 479 22 25 0.021908628 
665 129 19 23 0.021889653 
462 94 9 11 0.021876808 
397 178 12 15 0.0218764 
166 309 12 15 0.021863578 
925 193 19 23 0.02186083 
437 541 13 17 0.021832965 
89 85 8 10 0.021832652 
943 40 9 11 0.021814652 
831 223 10 11 0.021812735 
957 267 13 16 0.021812668 
931 97 19 23 0.021803087 
174 48 8 10 0.02179041 
19 148 13 15 0.021779891 
269 160 14 18 0.021772329 
494 117 8 11 0.021770734 
867 307 12 14 0.021763632 
261 59 10 13 0.021751355 
125 174 10 13 0.021744221 
198 113 11 14 0.021734353 
580 596 12 15 0.02171928 
112 127 8 11 0.02171689 
275 155 12 17 0.021707118 
302 116 12 15 0.021701999 
857 514 23 31 0.021699574 
44 163 14 20 0.021684458 
757 491 15 18 0.02167668 
160 184 9 13 0.021675982 
423 144 8 11 0.02167222 
119 117 8 11 0.021671442 
452 481 16 19 0.021667827 
740 200 13 16 0.021665921 
1 139 14 20 0.02164077 
72 151 9 12 0.02162935 
372 197 11 14 0.021628214 
864 167 9 13 0.02162548 
385 166 9 12 0.021623403 
980 95 13 17 0.021612681 
623 21 10 13 0.021604022 
147 428 13 18 0.021588853 
137 223 8 12 0.021584043 
36 96 8 11 0.021583993 
510 95 9 10 0.021565733 
958 487 10 14 0.021556877 
950 321 12 14 0.021554196 
951 486 11 13 0.021551711 
48 79 8 10 0.021529734 
48 122 9 11 0.021528237 
186 19 9 12 0.021509392 
611 108 10 13 0.021495655 
886 326 11 15 0.021487683 
510 385 23 30 0.021484522 
974 182 10 12 0.0214736 
424 189 11 14 0.021448627 
953 127 10 12 0.021443464 
558 104 9 12 0.021397546 
909 456 13 16 0.021394892 
128 340 12 16 0.021367164 
598 52 10 13 0.021351919 
422 523 13 16 0.021330312 
1006 136 18 27 0.021317303 
839 262 9 11 0.021260526 
869 190 10 12 0.021255942 
143 188 10 13 0.0212405 
971 14 18 22 0.021219298 
558 93 8 10 0.021216504 
359 197 10 13 0.0211948 
511 62 9 10 0.021190647 
950 39 9 12 0.021178722 
749 157 18 22 0.021176418 
925 477 11 14 0.021153785 
553 521 19 25 0.021148244 
795 303 19 24 0.021142019 
210 448 14 19 0.021126 
603 325 15 19 0.021119032 
542 156 9 11 0.021108119 
547 392 16 21 0.021081345 
606 30 9 11 0.021052789 
133 365 10 13 0.02104715 
268 93 10 14 0.02102778 
839 196 10 12 0.021022135 
756 539 12 17 0.021016184 
445 169 9 10 0.021002885 
395 588 11 15 0.021000277 
940 485 12 14 0.0209879 
959 78 11 15 0.020986684 
852 146 10 13 0.020985425 
816 207 10 12 0.020985037 
463 355 13 17 0.020974686 
438 14 8 11 0.02097215 
96 14 8 11 0.020964975 
748 386 31 38 0.02096017 
534 382 14 17 0.020918448 
174 70 10 12 0.020915138 
479 117 7 10 0.020914316 
220 171 11 15 0.020894777 
535 538 10 14 0.020891944 
863 197 10 12 0.02088873 
382 207 9 12 0.020887466 
935 58 10 13 0.020882081 
157 229 11 15 0.020874523 
958 203 14 16 0.02086836 
15 109 11 13 0.020850448 
786 188 11 14 0.020839274 
539 341 22 32 0.020818949 
889 276 10 12 0.020817276 
166 13 10 11 0.020815687 
367 54 8 11 0.020810897 
377 0 9 10 0.020805743 
939 462 11 15 0.020800963 
654 69 11 14 0.020798022 
830 471 20 24 0.020791467 
880 177 9 12 0.02077696 
226 10 12 15 0.02077631 
100 149 10 15 0.020773109 
89 60 8 10 0.020754904 
919 60 9 13 0.020751929 
977 69 10 13 0.020751195 
748 492 26 33 0.020738056 
333 103 9 12 0.020736998 
911 528 12 17 0.020727638 
333 31 9 12 0.020720964 
244 188 13 18 0.020719135 
391 214 11 14 0.020710055 
795 500 22 25 0.020692104 
149 15 19 23 0.020691903 
768 132 11 14 0.020631671 
990 263 10 11 0.020612907 
844 531 12 16 0.020603037 
669 102 10 12 0.02060005 
422 164 11 13 0.020579342 
223 151 10 13 0.02057038 
180 357 10 14 0.02055595 
910 158 10 14 0.020555303 
765 163 22 24 0.020549929 
761 61 10 12 0.020544326 
923 290 11 15 0.020535618 
720 29 9 11 0.020527732 
756 74 11 14 0.020516938 
869 252 13 16 0.02050683 
655 92 10 13 0.020500122 
414 404 23 29 0.020498581 
878 198 10 12 0.020497918 
144 74 8 10 0.020496324 
646 559 12 15 0.020485332 
847 265 10 12 0.020461673 
954 224 20 24 0.02045877 
199 44 10 13 0.020456068 
291 554 13 16 0.02044621 
798 148 10 13 0.020445548 
254 123 11 15 0.020403739 
786 22 9 11 0.020402964 
1014 69 10 16 0.020400573 
736 93 11 15 0.020394746 
240 44 9 12 0.020389197 
804 139 9 12 0.020373594 
853 221 11 16 0.020372672 
515 448 16 20 0.020352261 
864 375 9 11 0.020347025 
824 29 10 12 0.02032781 
177 157 19 23 0.020326056 
798 174 8 10 0.020323612 
584 44 10 12 0.020321812 
258 129 19 24 0.02032002 
542 84 9 13 0.020313118 
7 141 21 26 0.020305198 
925 461 11 15 0.020304628 
627 527 11 13 0.020276532 
77 151 10 13 0.020275956 
353 268 11 14 0.020266656 
495 0 9 9 0.020263469 
663 7 8 10 0.020242356 
513 53 9 12 0.020232521 
986 89 12 17 0.02023231 
183 296 20 24 0.020232296 
241 166 10 12 0.02022962 
71 458 13 16 0.020209122 
431 173 10 11 0.020200139 
998 77 10 13 0.020193785 
958 505 11 15 0.020189948 
137 80 7 10 0.020176658 
55 120 8 10 0.020175254 
573 577 13 16 0.020168874 
245 161 18 23 0.020162784 
966 179 11 13 0.020160573 
865 45 9 12 0.020158352 
0 19 10 15 0.020156993 
415 522 13 15 0.020142319 
382 70 9 11 0.02013898 
534 12 9 12 0.020134669 
882 16 8 10 0.020122906 
109 12 8 11 0.020122413 
263 162 13 15 0.020120522 
791 32 20 25 0.02010544 
88 264 10 13 0.0200914 
727 623 12 13 0.020083994 
299 182 13 17 0.020063063 
701 37 9 11 0.020013362 
290 71 19 25 0.020005446 
