2_Demonstration_Demonstration_Or_Protest_2_200
288
276 217 38 47 0.9975434 
808 489 59 61 0.9961278 
85 129 31 42 0.9946918 
71 265 40 50 0.9935992 
285 169 24 31 0.9858385 
388 224 22 31 0.9833429 
851 323 40 49 0.9808383 
176 220 34 44 0.9798585 
792 383 42 53 0.9773812 
226 190 26 34 0.9687497 
13 364 39 52 0.9641622 
883 164 27 34 0.933359 
356 156 21 28 0.9194448 
22 71 14 18 0.86885464 
942 303 39 46 0.8648754 
275 67 12 15 0.862532 
399 47 14 19 0.8322916 
365 113 14 16 0.8196287 
895 299 33 40 0.7445175 
310 97 14 17 0.7293501 
315 371 42 50 0.71806735 
461 10 14 17 0.69739723 
395 167 22 28 0.6591771 
905 117 18 23 0.6170013 
357 27 10 13 0.6046016 
949 180 34 37 0.55458146 
351 123 13 17 0.54931617 
526 165 31 40 0.5375383 
407 140 15 18 0.5334667 
118 258 23 32 0.5173181 
842 135 21 23 0.49261537 
903 0 16 17 0.48536533 
666 381 46 67 0.39652956 
91 29 12 17 0.3947547 
999 79 22 35 0.39239648 
681 36 17 21 0.36878136 
0 315 23 40 0.3046342 
306 362 36 43 0.29758862 
36 138 13 17 0.25789264 
288 82 14 18 0.21520874 
674 373 29 48 0.20296393 
672 58 35 38 0.20203896 
884 191 16 18 0.17938295 
16 128 17 21 0.17531301 
931 77 15 18 0.17287698 
508 164 35 38 0.16530122 
548 352 21 30 0.15353715 
909 152 14 20 0.15257652 
902 289 30 34 0.14154857 
356 115 17 22 0.14010699 
883 303 32 42 0.14003316 
362 146 16 23 0.13769336 
945 10 10 13 0.1371825 
501 5 11 15 0.12839021 
345 178 25 32 0.12560815 
44 114 21 32 0.121473715 
316 322 17 21 0.120249175 
529 86 10 14 0.11726191 
353 1 10 11 0.11395892 
407 486 54 51 0.109835334 
2 90 14 20 0.10886442 
977 28 10 13 0.10881868 
956 325 33 42 0.10194707 
844 192 24 30 0.098148525 
303 360 25 29 0.09644303 
349 168 24 30 0.08699665 
394 147 21 30 0.08608582 
54 256 25 34 0.08478405 
545 176 15 22 0.08273131 
341 311 18 23 0.078322634 
363 184 23 32 0.07805785 
1 86 10 16 0.076483905 
316 171 15 19 0.076119095 
300 171 24 30 0.07448011 
760 72 8 10 0.07376744 
525 115 12 16 0.07348626 
758 84 10 14 0.07167831 
312 172 23 30 0.071346216 
488 39 11 13 0.07125386 
405 390 11 13 0.070748486 
799 12 15 18 0.07065111 
864 309 40 51 0.07062617 
77 91 14 19 0.07026088 
14 23 8 10 0.06935417 
813 0 9 10 0.06691919 
460 342 13 17 0.06678771 
35 145 14 20 0.06588322 
70 36 9 12 0.06486132 
681 374 18 25 0.062354956 
29 39 8 11 0.061425567 
210 188 14 19 0.06066049 
477 28 11 13 0.059935458 
692 3 16 19 0.056684233 
938 76 14 16 0.056074027 
357 173 24 31 0.0560103 
768 332 40 46 0.055980857 
92 1 15 12 0.05583538 
341 199 31 39 0.055497073 
63 53 11 15 0.054144878 
724 480 44 62 0.053264666 
197 185 14 18 0.052481294 
31 45 9 11 0.051659178 
24 127 21 29 0.050411224 
919 391 40 53 0.04933388 
379 150 25 36 0.04871072 
875 27 12 15 0.048020322 
99 1 15 15 0.047774315 
1 208 12 23 0.046517972 
898 144 24 30 0.046144802 
65 260 32 39 0.04541013 
855 35 13 16 0.04511524 
849 65 16 20 0.04506476 
912 115 22 29 0.044665374 
339 186 26 37 0.04445955 
713 20 10 12 0.044358525 
766 0 12 12 0.044011135 
11 248 26 40 0.043871723 
154 204 12 16 0.043543667 
84 391 14 19 0.04218956 
803 321 40 48 0.041966435 
758 76 10 14 0.04128084 
367 131 12 17 0.041099317 
517 98 26 38 0.040782463 
989 251 12 14 0.040479556 
85 20 15 19 0.039840262 
366 158 24 34 0.03964943 
157 246 11 15 0.039535202 
11 93 13 18 0.038654745 
366 145 20 33 0.038431022 
32 380 37 39 0.038316514 
386 209 25 33 0.038163587 
63 254 15 18 0.037651435 
803 4 12 14 0.037617795 
892 148 16 19 0.03715316 
524 86 22 31 0.03665264 
347 207 16 22 0.036391746 
22 23 9 11 0.03628377 
875 6 15 16 0.0359894 
372 273 25 31 0.035964552 
2 327 15 23 0.035576098 
399 139 15 20 0.03516914 
60 249 24 29 0.03511949 
80 29 11 14 0.03479289 
83 11 16 17 0.034711957 
48 127 23 37 0.03464353 
295 356 73 90 0.034549218 
262 76 8 12 0.034493137 
356 184 16 22 0.033877462 
911 48 10 12 0.033862475 
652 43 49 63 0.033776462 
40 126 21 32 0.0335616 
123 253 18 22 0.033498533 
392 501 101 101 0.032944847 
214 236 10 15 0.032815855 
886 156 15 17 0.03266147 
788 332 40 48 0.032313455 
319 79 10 12 0.032238223 
318 85 10 12 0.032179773 
127 255 26 34 0.031628434 
67 125 37 51 0.031608533 
62 1 9 9 0.03096202 
6 127 23 31 0.03075305 
691 42 13 17 0.030705234 
573 60 11 14 0.030654881 
544 11 44 59 0.030596772 
53 139 26 37 0.030574594 
140 0 13 10 0.030170858 
432 13 10 14 0.03015179 
392 21 9 12 0.030019287 
48 13 9 11 0.029929705 
911 290 19 21 0.029917497 
1 15 8 12 0.029739713 
567 55 11 12 0.029602652 
715 14 11 13 0.02938695 
680 354 45 59 0.029252993 
106 1 14 14 0.029196562 
373 193 25 32 0.029029574 
353 23 12 14 0.028827842 
189 184 15 19 0.028769126 
540 70 14 17 0.028537396 
314 355 18 23 0.028512944 
451 226 13 18 0.0282864 
359 111 13 16 0.02820945 
0 91 21 32 0.027998032 
236 142 15 19 0.027866893 
453 342 23 29 0.027798992 
907 7 14 17 0.027796222 
788 9 15 17 0.027622828 
862 187 12 17 0.027275527 
868 58 13 17 0.027150586 
1005 284 16 19 0.026955072 
539 343 43 53 0.026745588 
657 335 48 61 0.026675029 
892 299 18 23 0.026655784 
568 60 11 13 0.026377631 
447 356 10 14 0.026307276 
94 200 27 38 0.026256364 
816 11 11 15 0.026214974 
974 304 26 38 0.026190609 
467 339 16 19 0.026122328 
561 0 15 14 0.026117193 
665 366 29 41 0.026071241 
863 58 12 17 0.026043687 
806 0 13 11 0.026019713 
73 96 13 17 0.025992712 
902 128 27 33 0.025921889 
300 87 18 24 0.025921019 
789 83 14 18 0.025896939 
1007 24 15 22 0.025894005 
388 146 15 23 0.025880713 
325 172 24 32 0.025839217 
923 77 10 14 0.025756013 
585 329 47 60 0.025644898 
915 306 27 33 0.025358915 
77 383 23 32 0.025268825 
789 76 13 17 0.025165955 
617 387 51 65 0.024942119 
850 186 17 22 0.024931435 
41 31 9 12 0.024840966 
988 177 15 18 0.024736622 
371 177 17 21 0.024680449 
928 237 39 46 0.024647554 
584 54 9 12 0.024543727 
713 37 11 17 0.024459906 
309 170 15 20 0.024422407 
946 166 54 63 0.024347423 
6 16 9 11 0.024319563 
198 177 22 29 0.024253383 
884 6 14 15 0.02422129 
56 7 9 12 0.02419537 
392 28 10 14 0.02407531 
901 291 18 20 0.023985058 
359 139 14 19 0.023958018 
392 84 11 15 0.02395511 
364 130 21 27 0.023829458 
319 55 8 10 0.02366411 
753 84 11 16 0.02339227 
682 45 28 37 0.023149906 
858 3 12 15 0.022968689 
698 352 43 55 0.022876017 
543 341 12 15 0.022813775 
173 135 31 42 0.022740666 
576 18 12 14 0.022668103 
45 259 23 34 0.022638578 
477 34 11 14 0.022521982 
743 367 37 48 0.02198013 
210 199 26 35 0.021936774 
471 21 20 25 0.021935774 
901 110 16 22 0.021882389 
150 247 15 21 0.021851074 
398 125 9 13 0.02161146 
261 207 26 34 0.021598376 
846 61 13 16 0.021577114 
23 28 9 11 0.02157601 
1008 84 15 25 0.021457687 
397 464 50 51 0.02145065 
351 206 31 37 0.021268405 
318 8 9 11 0.021255653 
26 357 39 47 0.021248965 
400 40 12 17 0.021242768 
666 308 47 61 0.021230292 
169 189 17 19 0.020994604 
974 11 12 17 0.020987822 
59 49 21 29 0.02083837 
1 80 9 14 0.020830385 
820 7 11 14 0.020821808 
389 132 11 15 0.020776812 
-1 32 7 10 0.020767033 
114 273 20 30 0.020688325 
506 4 13 16 0.020668127 
894 201 15 20 0.02061703 
795 352 46 55 0.020616744 
356 349 24 36 0.020595547 
381 145 15 22 0.020576157 
878 50 14 16 0.020548826 
395 205 16 20 0.020451015 
392 340 11 14 0.020358814 
444 11 13 17 0.020352488 
474 338 15 17 0.020317832 
46 74 13 17 0.02030179 
815 4 11 14 0.02028008 
921 70 22 29 0.020216478 
-1 45 7 13 0.020195182 
754 348 41 49 0.020194832 
913 109 16 21 0.020086382 
250 247 27 32 0.020071208 
38 47 9 12 0.020035882 
926 313 13 19 0.020012544 
