2_Demonstration_Demonstrators_2_41
87
390 368 102 167 0.9990671 
204 188 51 61 0.99840885 
822 494 46 60 0.9970482 
404 183 44 49 0.98093075 
954 502 44 56 0.9795929 
254 90 35 39 0.97892547 
633 442 40 54 0.9607777 
561 546 15 19 0.8165238 
888 513 13 16 0.45722404 
137 542 9 12 0.089192376 
873 540 28 37 0.07979129 
691 257 13 16 0.07771907 
542 485 14 17 0.07560505 
142 548 8 10 0.07456057 
523 515 14 18 0.07070812 
84 540 10 12 0.06340751 
822 340 16 18 0.057135202 
713 503 24 30 0.055858735 
744 559 10 11 0.04704876 
730 355 25 28 0.045044925 
892 506 35 52 0.044292696 
904 520 32 43 0.04332255 
756 505 26 39 0.04275134 
840 509 36 44 0.04074387 
51 557 13 15 0.040448677 
749 564 10 12 0.03993164 
532 556 11 13 0.0374433 
708 522 13 16 0.0355266 
543 548 10 13 0.034769263 
526 550 11 15 0.03385115 
513 550 9 12 0.033438727 
623 318 11 13 0.032876294 
588 271 13 17 0.03271945 
700 512 43 56 0.03268817 
603 311 13 15 0.031112451 
875 504 21 28 0.030851131 
809 520 38 46 0.030530661 
575 165 12 18 0.03026688 
484 499 13 16 0.03024902 
904 447 11 14 0.030237796 
758 431 29 39 0.029890247 
531 566 11 13 0.029731309 
807 404 12 15 0.029703267 
95 552 9 12 0.029686067 
594 294 11 13 0.028910093 
543 495 13 17 0.02799204 
495 511 9 13 0.027988002 
624 270 11 13 0.02724201 
703 511 27 31 0.026681548 
528 572 11 12 0.026669705 
47 562 13 16 0.026096752 
554 547 11 15 0.025914202 
952 425 26 29 0.02584301 
71 527 8 10 0.025842153 
620 346 17 20 0.025809899 
992 599 11 14 0.025185728 
857 509 30 37 0.025067344 
389 95 10 13 0.025031786 
54 549 12 15 0.02429888 
135 536 10 12 0.023909442 
539 487 23 28 0.023905693 
578 271 16 20 0.023749126 
803 398 23 30 0.023731735 
745 362 14 18 0.023333589 
829 336 25 32 0.02329851 
525 582 10 12 0.02317072 
566 508 15 19 0.023170393 
1005 251 16 20 0.023076853 
520 589 11 14 0.022881439 
177 598 9 13 0.022864254 
161 551 8 10 0.022646273 
516 553 13 15 0.022490649 
915 526 34 42 0.022410905 
854 440 11 13 0.022278903 
127 590 21 25 0.022202285 
868 508 16 20 0.022073636 
652 258 14 17 0.022009328 
892 502 23 36 0.022007832 
150 543 9 12 0.021946974 
945 467 54 68 0.021376533 
880 530 30 39 0.021221794 
112 545 9 11 0.020976968 
844 331 13 17 0.020675251 
526 543 9 12 0.020665387 
64 518 8 11 0.020515237 
678 277 14 18 0.020130623 
165 552 8 11 0.020042013 
