2_Demonstration_Protesters_2_174
22
656 61 122 155 0.99956006 
46 367 30 37 0.9900328 
444 272 32 41 0.9766728 
995 198 26 32 0.80238396 
508 183 32 51 0.74170095 
270 241 38 40 0.2880003 
538 184 37 50 0.20266476 
20 445 15 19 0.14573002 
589 263 45 72 0.11114135 
514 185 48 64 0.087568946 
489 197 44 63 0.079362124 
363 168 26 34 0.055477068 
4 467 15 25 0.047435503 
26 443 39 52 0.043972563 
445 279 19 25 0.028736476 
54 300 459 467 0.028375505 
984 210 31 42 0.02810357 
24 436 22 27 0.026782725 
7 449 24 36 0.02644227 
34 437 13 16 0.025460443 
452 275 40 49 0.024633003 
991 206 17 22 0.023530446 
