2_Demonstration_Protesters_2_881
24
41 298 29 31 0.9983076 
330 284 33 52 0.9980196 
365 247 359 397 0.14069082 
20 318 12 17 0.119069085 
732 90 246 196 0.08995682 
738 91 389 459 0.058547 
859 96 123 130 0.047854725 
695 175 37 53 0.047207873 
488 82 340 410 0.04656204 
543 230 56 50 0.042905796 
797 171 203 328 0.04226674 
766 162 55 65 0.04105512 
294 65 407 407 0.033864062 
445 387 131 118 0.0328863 
872 0 119 114 0.031510685 
981 128 43 72 0.031229328 
631 195 103 159 0.029815858 
696 185 59 81 0.023357991 
624 27 334 435 0.023334589 
481 431 45 46 0.023269957 
743 129 105 128 0.02266677 
507 357 128 128 0.021006577 
661 232 58 94 0.020957395 
446 181 56 69 0.020236796 
