2_Demonstration_Political_Rally_2_609
742
156 145 29 38 0.9992507 
636 392 14 18 0.9919218 
965 450 14 17 0.9760297 
749 371 12 16 0.9701113 
809 544 22 27 0.967788 
127 251 80 138 0.96286553 
941 375 14 18 0.9579281 
997 350 15 18 0.95597607 
510 340 12 15 0.9290032 
757 449 14 18 0.9188532 
888 457 16 20 0.9171662 
691 412 14 17 0.90188277 
790 437 14 18 0.89573437 
909 431 15 19 0.89465976 
676 403 13 16 0.89036137 
982 489 17 20 0.8790536 
765 564 25 31 0.8758813 
712 405 11 16 0.8671427 
461 365 12 16 0.85944813 
589 388 13 17 0.8454059 
852 520 15 19 0.81661075 
758 323 12 15 0.8127801 
848 557 21 26 0.8086258 
995 376 15 20 0.80643004 
731 516 17 21 0.79233414 
967 347 15 18 0.7862884 
939 575 14 19 0.7830164 
555 364 12 16 0.7713166 
772 494 16 19 0.76253504 
851 395 13 16 0.76012427 
608 327 12 14 0.7512079 
993 467 13 17 0.74753237 
783 465 14 18 0.7418274 
722 425 13 17 0.7222227 
755 506 12 16 0.7194287 
644 429 14 16 0.70952374 
448 343 11 14 0.6992019 
739 401 12 16 0.69438225 
923 491 16 20 0.66401017 
664 319 13 15 0.6440216 
384 399 12 15 0.6316772 
903 475 14 18 0.623886 
811 451 14 19 0.6215452 
648 327 10 13 0.613281 
820 405 13 16 0.6005176 
772 409 12 16 0.59978515 
477 409 12 17 0.5966979 
391 363 11 14 0.5950032 
643 348 11 15 0.5876597 
878 362 13 16 0.5550893 
491 389 13 16 0.52791595 
413 439 11 13 0.52675176 
940 464 13 18 0.52043164 
420 390 12 15 0.503506 
851 485 16 21 0.50077415 
844 425 13 16 0.4702764 
322 372 13 16 0.46304926 
771 526 12 16 0.4609866 
536 341 9 12 0.46043885 
967 410 14 18 0.45013428 
484 408 12 14 0.44908935 
620 429 10 13 0.44585636 
865 475 16 20 0.43040198 
891 551 15 20 0.4209232 
470 342 12 15 0.40860382 
743 475 14 19 0.39240825 
749 539 15 20 0.3923984 
597 320 9 12 0.38870567 
442 406 13 16 0.38145414 
806 280 10 13 0.37195823 
226 402 41 47 0.3579446 
743 615 28 32 0.3548112 
823 355 13 17 0.3465611 
533 400 13 16 0.34570348 
455 388 11 14 0.33961338 
719 458 14 17 0.33852834 
414 357 11 13 0.33582512 
707 386 13 16 0.33579707 
491 341 11 14 0.33205327 
965 620 13 17 0.3315281 
908 510 17 20 0.3303952 
812 324 15 18 0.31473908 
700 285 12 16 0.31027782 
696 355 12 15 0.3089004 
670 351 10 13 0.3043609 
597 342 12 14 0.3011041 
819 458 13 17 0.29756367 
800 299 10 12 0.2931576 
718 300 10 13 0.29099378 
884 392 13 16 0.28888994 
806 358 13 16 0.2756273 
438 431 11 13 0.27124968 
941 522 15 18 0.2637484 
357 382 11 14 0.24706379 
408 418 12 14 0.23502895 
555 346 11 14 0.23093069 
557 323 11 14 0.22642557 
389 445 11 13 0.21919061 
912 330 14 18 0.2167128 
796 405 13 15 0.2096759 
860 617 14 18 0.19754845 
605 470 18 22 0.19117408 
769 595 28 35 0.18743072 
830 476 13 16 0.18101385 
612 366 10 14 0.17439547 
581 440 13 17 0.17294669 
717 478 11 15 0.17278674 
573 442 13 16 0.16230625 
891 540 19 23 0.16032726 
591 416 11 15 0.15877855 
946 507 14 18 0.15817292 
428 291 11 13 0.15783574 
496 306 10 14 0.15602572 
824 433 12 15 0.15488112 
478 324 10 12 0.15442161 
366 311 8 11 0.1540296 
734 428 11 14 0.15339464 
869 417 13 16 0.1497616 
752 278 12 14 0.14970027 
393 334 10 12 0.14901601 
989 567 14 16 0.14263415 
817 295 9 11 0.14232555 
687 496 13 15 0.14078484 
564 443 16 19 0.13932253 
857 480 18 23 0.13525921 
956 528 16 19 0.13476337 
866 523 15 19 0.13329956 
344 359 11 14 0.13324068 
850 610 14 20 0.13106087 
835 478 12 15 0.12933776 
507 515 38 45 0.128539 
576 394 12 14 0.12647441 
756 570 25 34 0.12200134 
575 411 10 12 0.12074065 
668 299 11 13 0.11790543 
554 442 18 19 0.11663909 
826 578 18 22 0.11380574 
958 478 11 15 0.112335294 
723 550 19 22 0.11137766 
812 357 12 16 0.11005477 
901 357 11 14 0.108827434 
790 526 15 18 0.10838766 
708 315 11 13 0.10597569 
672 372 11 14 0.10380608 
417 304 9 12 0.1036125 
472 271 11 12 0.102684796 
439 333 11 13 0.10145513 
460 307 12 14 0.10061202 
742 287 10 13 0.10060488 
709 428 10 13 0.09782605 
381 461 8 10 0.09772086 
772 295 11 14 0.09740889 
70 489 208 213 0.09603888 
901 601 13 18 0.09551881 
354 325 9 11 0.09488999 
383 348 11 12 0.09345364 
352 429 11 16 0.09340967 
125 237 53 91 0.09280389 
904 513 13 17 0.09047737 
304 362 11 13 0.089877374 
550 322 12 15 0.08975751 
916 496 18 20 0.089692704 
517 316 10 13 0.08945619 
790 386 12 15 0.089097016 
710 436 12 15 0.087902874 
452 481 14 16 0.087794036 
1013 478 11 17 0.087521404 
476 526 14 18 0.08750154 
422 534 46 59 0.08730792 
727 316 12 16 0.084866874 
438 278 9 10 0.08465136 
599 322 11 14 0.083991185 
994 331 13 15 0.0832556 
620 342 13 15 0.0831202 
454 446 11 15 0.08195642 
726 311 10 12 0.08113756 
429 393 11 14 0.08072527 
704 428 10 14 0.080544434 
629 334 9 11 0.08049702 
467 372 12 16 0.08027274 
603 347 12 14 0.0798655 
622 423 12 16 0.07981107 
790 410 14 16 0.079751104 
587 436 12 17 0.07899237 
930 654 12 15 0.07896395 
621 451 15 19 0.078697786 
471 406 14 17 0.07846971 
549 436 14 18 0.078345105 
456 422 10 13 0.07697032 
909 576 14 19 0.07371434 
1010 181 10 14 0.07318354 
709 398 13 17 0.072940886 
618 469 16 19 0.0728089 
719 262 10 12 0.07274406 
648 432 16 19 0.072380066 
333 356 10 13 0.07152541 
566 364 11 14 0.07112686 
665 295 10 13 0.07100677 
500 365 10 14 0.07094261 
543 319 11 14 0.06901421 
878 118 10 10 0.06757769 
724 499 10 13 0.06718326 
652 307 11 14 0.066619754 
432 435 10 13 0.06642856 
846 390 14 17 0.066356465 
614 300 13 14 0.064691894 
615 345 12 15 0.06459437 
969 624 13 18 0.06387995 
651 330 12 15 0.063384235 
386 439 10 12 0.06302342 
844 431 15 19 0.062314037 
845 443 12 17 0.062224798 
620 298 12 15 0.061871145 
309 441 10 13 0.06092851 
616 396 11 14 0.060882438 
832 237 10 13 0.060491487 
597 412 12 16 0.060363684 
516 299 10 12 0.05999807 
549 423 12 16 0.059616752 
399 347 10 13 0.05919824 
945 514 16 20 0.05883855 
652 406 11 14 0.058554493 
703 313 10 12 0.05836012 
854 371 13 16 0.058355138 
757 302 9 12 0.05826211 
790 531 21 27 0.05772383 
804 294 10 13 0.05763242 
932 636 10 12 0.057555843 
35 235 91 135 0.057435144 
742 544 17 19 0.056857906 
582 356 11 14 0.05661059 
1008 295 11 13 0.056132406 
748 611 18 21 0.05601853 
681 404 14 17 0.055999205 
341 307 10 14 0.05544483 
391 293 9 11 0.05539555 
472 336 11 13 0.0551219 
398 278 9 11 0.054845836 
621 397 11 14 0.05467362 
717 465 14 18 0.05460038 
352 376 9 12 0.05455836 
666 507 14 19 0.05425781 
766 318 10 14 0.05422888 
1000 191 9 10 0.053847935 
128 241 30 37 0.05380899 
572 371 11 14 0.053691395 
614 389 11 13 0.0535816 
785 570 13 18 0.053578548 
517 397 11 14 0.053339597 
375 280 8 10 0.053273316 
860 365 12 15 0.053160153 
422 438 9 12 0.05309407 
672 459 12 16 0.05271026 
919 404 13 17 0.052478 
789 316 16 19 0.05203067 
753 584 26 33 0.051991306 
958 135 8 10 0.051886957 
646 362 9 13 0.051739622 
812 278 9 12 0.051540937 
739 429 9 12 0.05146693 
603 409 12 16 0.051340647 
535 316 9 12 0.051245358 
997 144 9 12 0.051013023 
978 190 13 16 0.05062219 
397 341 9 13 0.050504312 
436 390 11 13 0.050478023 
862 347 11 14 0.04998008 
544 279 9 11 0.049960382 
475 333 12 14 0.049872946 
699 360 13 16 0.04969883 
481 389 12 14 0.04926308 
470 378 11 14 0.04909756 
773 316 10 13 0.048914228 
352 342 10 12 0.04882969 
948 526 16 20 0.048794422 
851 551 13 17 0.048589613 
360 399 9 12 0.04846882 
374 286 10 12 0.04841962 
430 483 12 16 0.0483363 
993 111 8 11 0.048202313 
391 339 11 14 0.047876567 
993 147 9 12 0.047866162 
417 382 10 11 0.0474024 
957 142 9 11 0.047215566 
718 561 14 21 0.047164463 
676 367 11 13 0.04695838 
702 281 10 13 0.046583008 
512 295 10 12 0.04654739 
883 443 13 17 0.046053823 
490 404 12 15 0.046030723 
434 278 9 11 0.04586014 
746 575 26 33 0.0455752 
359 484 10 13 0.04549216 
390 368 14 17 0.045352045 
1004 205 10 11 0.045060817 
425 230 9 11 0.045014758 
719 560 24 31 0.044842426 
838 386 12 16 0.04468641 
919 118 9 11 0.044668864 
605 358 12 14 0.044413477 
445 481 14 16 0.044219747 
494 294 8 11 0.044067256 
480 428 11 13 0.043943435 
829 215 8 10 0.043942742 
215 152 9 11 0.04376492 
572 365 10 12 0.043665726 
582 393 13 16 0.043390553 
441 339 10 13 0.04324691 
512 316 11 14 0.042982876 
598 472 15 20 0.042600855 
551 303 10 12 0.042476438 
712 330 12 14 0.04237579 
671 454 11 14 0.04234447 
528 253 9 11 0.041970037 
807 426 12 16 0.041677766 
459 491 14 17 0.04163545 
976 310 12 15 0.041471638 
782 311 9 12 0.041172292 
955 541 16 21 0.041164197 
840 213 9 10 0.041120898 
650 442 15 18 0.04108672 
382 317 9 11 0.040997483 
758 604 44 50 0.04091839 
82 242 94 133 0.040433254 
409 478 24 26 0.040413566 
906 660 13 16 0.04029843 
853 478 13 17 0.040060356 
845 297 13 16 0.04005901 
611 458 17 21 0.039845373 
787 498 14 17 0.039807014 
407 295 9 11 0.039712742 
372 366 10 12 0.039702475 
501 359 10 12 0.039530028 
455 278 10 12 0.039468933 
783 315 12 16 0.038984317 
427 373 12 13 0.038866445 
436 397 12 15 0.03871848 
1008 414 11 14 0.038484134 
248 395 40 42 0.03830241 
909 501 15 17 0.03815104 
782 526 20 25 0.037791155 
981 428 11 15 0.03772176 
788 417 14 17 0.037598524 
879 340 11 15 0.03759042 
445 335 11 13 0.037584104 
550 284 10 12 0.037290234 
775 311 10 13 0.037262138 
1013 120 8 12 0.037237752 
471 319 10 13 0.037231825 
994 481 12 19 0.03722036 
494 260 9 11 0.037208393 
375 292 10 12 0.03706676 
975 139 9 12 0.03703423 
812 428 12 15 0.036942657 
822 584 22 29 0.036941905 
648 411 12 15 0.03687286 
815 131 12 13 0.036839545 
878 438 13 16 0.036811452 
352 404 10 12 0.036732476 
853 443 13 18 0.036677323 
502 370 11 15 0.03658667 
730 321 13 16 0.036543638 
311 393 11 13 0.036177915 
359 348 10 12 0.036099464 
1007 475 13 18 0.036092386 
868 547 14 19 0.036085416 
754 365 14 17 0.036032245 
454 284 11 12 0.035926864 
648 304 11 12 0.035858054 
808 447 12 16 0.035825197 
274 398 13 14 0.035720643 
851 625 15 17 0.03566674 
532 448 13 18 0.035572343 
776 467 12 16 0.035484187 
381 312 10 11 0.03543275 
421 302 9 13 0.035290856 
949 650 12 14 0.035270896 
261 369 13 15 0.03525605 
639 492 12 16 0.03518555 
384 263 10 12 0.03468745 
405 349 10 14 0.034600917 
608 301 11 13 0.0345333 
487 293 10 12 0.034531154 
489 261 9 11 0.034362264 
794 430 14 17 0.034197174 
820 444 13 17 0.03411433 
756 376 12 14 0.034098916 
581 412 11 14 0.034083027 
461 428 9 12 0.034023017 
781 205 8 10 0.033994913 
393 288 9 12 0.033898458 
802 315 21 27 0.033896822 
319 388 9 12 0.033889305 
388 348 12 14 0.03387893 
798 347 11 13 0.033878565 
485 372 10 13 0.03381905 
873 363 12 16 0.03380114 
437 482 15 17 0.033605408 
548 424 19 27 0.033525713 
359 454 8 11 0.033493206 
485 318 11 14 0.033373576 
375 372 10 14 0.033299662 
958 396 12 15 0.03328522 
552 359 13 16 0.033203978 
820 308 11 13 0.033052847 
370 286 9 12 0.032794625 
984 570 14 17 0.03272599 
956 329 13 16 0.032617554 
976 348 14 16 0.032524668 
456 303 12 15 0.032431453 
600 356 11 14 0.032396317 
761 618 16 21 0.032357216 
751 260 10 12 0.032330308 
898 532 15 18 0.032324653 
574 358 11 13 0.03230104 
712 470 10 14 0.032253165 
982 477 21 26 0.03223156 
718 266 10 13 0.03220098 
904 572 13 17 0.032095093 
818 300 11 14 0.03202801 
935 181 12 14 0.031882748 
459 442 12 17 0.03186234 
840 208 9 10 0.031727575 
492 434 16 19 0.031687878 
826 457 14 18 0.031685997 
355 334 11 13 0.031678755 
718 325 10 15 0.03159377 
383 294 9 11 0.031470444 
391 328 10 12 0.031390868 
815 272 9 11 0.031359915 
475 275 11 12 0.031315647 
455 439 11 13 0.03128778 
650 450 15 20 0.03107701 
380 286 9 12 0.03104634 
725 330 14 18 0.0309087 
995 357 17 21 0.030771255 
933 394 13 15 0.03062773 
772 579 28 39 0.030377802 
567 341 11 14 0.03035089 
464 404 10 15 0.030337323 
372 358 11 13 0.03022725 
781 412 11 15 0.030115305 
724 261 10 12 0.030065235 
419 307 10 14 0.029836385 
702 421 11 15 0.029805461 
686 379 12 15 0.029734233 
512 276 9 11 0.029688759 
757 414 10 13 0.029651625 
1013 185 9 14 0.029617347 
825 274 10 14 0.029379614 
971 529 16 19 0.029333442 
506 215 7 10 0.029225793 
376 457 10 12 0.029148646 
819 316 12 15 0.029136272 
573 342 10 13 0.02906164 
720 307 10 13 0.029054066 
718 506 13 16 0.029012341 
510 365 13 16 0.029010069 
559 288 8 10 0.02894511 
494 221 9 11 0.028914249 
773 371 12 16 0.028892506 
395 357 11 14 0.028875146 
364 350 10 12 0.028782554 
614 286 9 11 0.028608562 
852 468 11 16 0.028591232 
412 431 12 14 0.028589983 
334 407 9 12 0.028563734 
576 277 9 11 0.02854591 
751 255 9 11 0.028482165 
532 362 13 17 0.028334796 
367 357 10 12 0.028286032 
960 128 8 9 0.028218646 
424 430 9 13 0.028154891 
478 373 12 15 0.02815111 
455 327 10 12 0.028070953 
750 215 8 11 0.028031882 
261 288 10 12 0.027995035 
750 271 12 14 0.02795383 
784 322 12 16 0.027890358 
322 532 30 39 0.027876249 
950 535 17 21 0.027849155 
1005 165 9 12 0.027827656 
450 451 12 14 0.027735759 
367 421 9 12 0.027727988 
862 355 12 16 0.027628176 
957 532 20 26 0.027594853 
692 506 13 16 0.027537005 
720 315 10 15 0.027508998 
897 216 9 11 0.027484722 
431 351 10 12 0.027419774 
829 271 10 13 0.027400741 
358 420 10 14 0.027347542 
802 403 12 16 0.027343394 
820 128 11 12 0.027321894 
570 412 10 13 0.027305236 
845 475 14 18 0.02729117 
448 284 9 12 0.02721498 
359 318 10 13 0.027170189 
694 425 12 17 0.02709531 
354 386 10 13 0.026923638 
763 371 13 16 0.02690743 
884 340 12 15 0.026862897 
795 648 16 21 0.026848275 
385 356 11 14 0.026814079 
453 271 10 11 0.02678 
424 324 10 13 0.02677271 
327 335 10 11 0.026649488 
838 434 14 18 0.026520822 
448 270 9 11 0.026480546 
893 596 16 21 0.02614044 
741 510 12 16 0.026132237 
351 424 10 13 0.02598982 
516 365 12 15 0.025955765 
382 455 10 11 0.02581461 
446 479 23 24 0.025793081 
921 504 15 20 0.025710698 
789 270 9 11 0.025676092 
325 386 10 13 0.025661595 
391 377 12 15 0.02561445 
93 203 150 220 0.02559825 
376 301 9 11 0.025558976 
680 498 12 16 0.025503518 
449 387 12 14 0.025423598 
407 303 10 12 0.025409767 
416 376 9 12 0.025360525 
941 180 13 16 0.025358545 
488 308 10 13 0.025336517 
579 406 12 14 0.025291251 
960 346 13 18 0.025239035 
805 476 12 15 0.025141055 
485 286 10 13 0.025101656 
812 286 10 13 0.02503674 
822 464 14 18 0.024984727 
35 383 17 22 0.02494466 
360 238 8 10 0.024933659 
591 261 9 11 0.024921969 
736 287 11 13 0.02491946 
393 278 9 11 0.024917115 
470 263 9 11 0.024903052 
1007 187 11 13 0.024895221 
1007 174 10 13 0.02486571 
807 309 9 12 0.024823656 
437 284 10 12 0.0248079 
342 415 9 11 0.024755225 
559 292 10 13 0.02473443 
903 655 12 14 0.024733713 
415 278 9 11 0.024732908 
748 574 44 51 0.024727024 
461 278 9 12 0.024718245 
944 571 16 20 0.024669774 
360 413 9 12 0.02466717 
423 422 8 11 0.024611589 
429 231 9 11 0.024610763 
365 245 9 10 0.024571579 
790 393 14 17 0.024494922 
910 179 11 14 0.02448486 
950 512 21 27 0.02444294 
598 312 9 12 0.024437044 
785 270 9 11 0.02433741 
776 253 9 11 0.024334967 
510 214 8 9 0.02432951 
1000 373 15 19 0.02432478 
675 463 14 18 0.024285147 
956 506 15 19 0.024228236 
909 348 14 16 0.024190662 
370 291 8 12 0.024160659 
714 443 13 15 0.02414021 
627 420 12 16 0.02411905 
582 364 10 13 0.02407404 
847 255 9 11 0.024072692 
733 308 12 15 0.024048436 
699 351 12 15 0.024029057 
795 419 13 16 0.024018833 
980 200 13 17 0.02397301 
545 426 12 17 0.023968035 
976 485 16 20 0.023943173 
948 181 12 15 0.023814104 
502 403 11 14 0.023812601 
734 445 12 14 0.023779297 
884 259 11 15 0.023731656 
741 555 44 52 0.023720007 
941 331 13 17 0.023657378 
996 559 14 17 0.023548793 
923 331 12 17 0.023521466 
887 557 17 22 0.023492165 
676 377 13 17 0.02347876 
342 214 8 10 0.02347135 
685 300 10 13 0.02345217 
345 428 12 16 0.023413073 
568 487 10 14 0.023365792 
388 392 10 13 0.023346886 
907 353 14 17 0.023340225 
423 477 24 27 0.0233159 
753 446 13 17 0.023273394 
903 499 13 16 0.023240877 
711 293 11 14 0.023225307 
534 221 9 10 0.023208879 
959 417 14 18 0.023136592 
778 625 35 42 0.023110054 
502 260 9 12 0.023097806 
725 568 26 33 0.023045411 
765 599 18 22 0.023039965 
959 120 7 8 0.0230303 
517 276 10 12 0.023011398 
846 642 15 17 0.022995902 
798 537 24 31 0.022937777 
647 244 10 12 0.022915658 
825 409 14 17 0.022903059 
356 376 11 14 0.022856884 
334 293 8 10 0.022812642 
829 442 13 17 0.022770304 
29 191 9 10 0.022719806 
713 459 10 15 0.022659691 
863 596 24 28 0.022652922 
896 221 10 13 0.022650523 
865 611 17 22 0.02263169 
751 511 13 16 0.022610037 
720 257 9 11 0.022585489 
527 311 10 13 0.022582017 
627 235 11 15 0.022580106 
653 284 11 12 0.02257456 
790 312 12 13 0.022570197 
684 373 12 15 0.022557832 
527 355 11 13 0.022541896 
532 253 10 12 0.022541381 
462 293 9 12 0.022527967 
784 599 18 23 0.022480102 
383 334 10 11 0.022441097 
814 397 14 18 0.022438146 
358 270 10 12 0.022413664 
771 516 15 19 0.022371076 
772 436 14 17 0.022361783 
766 557 15 19 0.022342704 
674 508 13 16 0.02232234 
610 502 21 30 0.02228061 
1000 285 9 12 0.022241252 
358 254 9 10 0.022218797 
406 414 19 23 0.022217998 
593 380 13 17 0.022201883 
276 417 23 31 0.022163786 
478 286 11 13 0.022145564 
415 296 9 10 0.02211726 
381 279 9 10 0.02206695 
358 276 10 12 0.02202867 
566 333 9 12 0.022008471 
436 356 11 14 0.022001164 
880 221 10 13 0.021998405 
750 291 10 13 0.02193674 
870 356 13 16 0.021882156 
665 350 10 14 0.021879856 
585 381 13 17 0.021863334 
406 255 10 12 0.021860743 
685 529 14 21 0.02186062 
758 359 10 13 0.021858873 
814 308 12 15 0.02184411 
532 354 13 15 0.021759938 
597 277 9 12 0.021752894 
466 346 11 14 0.021750871 
593 277 9 10 0.021716896 
52 195 12 15 0.02164902 
318 279 10 11 0.021631509 
622 412 13 17 0.021620579 
924 346 13 16 0.021573635 
745 367 13 16 0.021483181 
455 254 9 11 0.021425689 
801 361 13 16 0.021420904 
433 412 9 12 0.021409292 
677 519 23 35 0.021397391 
956 487 14 19 0.021385089 
608 308 10 12 0.021381443 
951 394 11 14 0.021375032 
478 358 11 13 0.021374183 
1000 183 10 12 0.021372749 
457 483 15 18 0.021329764 
599 335 11 13 0.021319628 
445 399 13 15 0.02131186 
700 605 13 16 0.021289092 
436 444 12 14 0.02125613 
510 323 12 14 0.021234358 
417 245 8 10 0.021218833 
452 485 23 28 0.021181166 
605 451 16 19 0.02117759 
489 301 10 13 0.021174708 
845 363 12 15 0.02116637 
832 386 12 17 0.021161811 
675 348 11 15 0.021129878 
447 308 12 14 0.021108214 
451 456 15 18 0.021106564 
558 301 10 12 0.021098278 
671 408 13 16 0.021092927 
713 267 10 12 0.021062488 
511 311 10 12 0.021058992 
564 456 13 17 0.02105735 
591 475 12 17 0.021054411 
342 396 10 13 0.021046288 
589 375 12 15 0.021034023 
761 207 8 9 0.021026026 
460 285 10 12 0.02099956 
887 492 12 16 0.020992601 
583 272 9 11 0.02098592 
454 333 10 12 0.020972924 
479 310 10 12 0.020918831 
591 335 10 12 0.020853706 
659 508 24 33 0.020789351 
628 299 10 13 0.020783171 
1006 160 9 12 0.020780265 
647 404 11 15 0.02074498 
545 232 9 10 0.020721085 
768 248 9 10 0.020665523 
351 286 8 9 0.020655096 
751 413 11 15 0.020634457 
672 398 13 17 0.020633275 
863 127 7 9 0.020611288 
453 358 12 14 0.020594582 
493 336 11 14 0.020557715 
853 378 14 18 0.020539869 
407 308 10 13 0.020525753 
868 348 12 15 0.020516152 
526 364 12 16 0.020501135 
827 219 11 13 0.020470733 
446 328 10 12 0.020448104 
838 442 14 18 0.02042924 
434 425 19 23 0.020416068 
700 298 12 14 0.020388259 
685 342 11 13 0.020378795 
877 348 13 17 0.020356558 
422 269 9 12 0.020354573 
816 408 14 18 0.020328742 
407 427 13 15 0.02031642 
390 270 9 11 0.020256044 
723 302 10 13 0.020206468 
737 528 20 24 0.020173822 
729 553 30 35 0.020169977 
376 231 10 11 0.020139692 
792 231 9 9 0.02012215 
845 192 9 11 0.020083606 
326 303 8 10 0.020064296 
735 237 9 11 0.020062916 
901 214 10 12 0.02004516 
740 444 12 15 0.020030398 
886 603 15 19 0.020017894 
549 414 12 15 0.020008663 
