2_Demonstration_Political_Rally_2_637
138
725 404 33 43 0.99849236 
1 387 34 46 0.9934731 
733 99 50 75 0.9857247 
277 354 38 46 0.9781633 
157 392 38 60 0.9315739 
364 404 33 43 0.8122369 
896 402 24 27 0.79882544 
454 361 31 59 0.7509404 
901 779 41 46 0.6379349 
784 382 25 33 0.59671587 
907 400 22 29 0.3397059 
662 401 24 31 0.30056575 
701 300 20 27 0.25478265 
859 580 27 37 0.20081526 
619 288 17 21 0.18223912 
946 738 33 35 0.17587672 
884 551 19 23 0.1590153 
781 383 17 23 0.15530087 
841 368 27 38 0.13877973 
618 352 23 29 0.13211203 
951 492 14 18 0.12161955 
636 362 15 22 0.117248096 
752 516 33 36 0.10948468 
678 398 25 35 0.109052494 
343 385 53 72 0.09931263 
847 442 29 36 0.093330696 
555 370 18 22 0.09229205 
116 752 15 18 0.08960406 
683 361 21 31 0.079655655 
827 619 27 35 0.075637594 
809 409 35 35 0.07417423 
675 405 17 25 0.07337877 
753 397 23 31 0.06890378 
861 616 32 42 0.06275033 
912 682 31 41 0.061219055 
793 377 18 25 0.060298797 
30 379 29 42 0.060149025 
833 349 15 17 0.05557843 
646 347 16 20 0.054821286 
836 354 16 20 0.054779157 
748 460 27 35 0.051998496 
77 665 21 28 0.051207118 
858 449 16 20 0.05103281 
944 677 12 15 0.05021052 
609 277 26 34 0.04974121 
595 340 29 33 0.04863482 
933 653 12 15 0.048105054 
941 653 11 13 0.048099246 
737 303 11 15 0.04773387 
883 598 12 15 0.04698352 
525 496 10 14 0.046928704 
682 339 13 17 0.04670293 
695 348 11 16 0.046366017 
806 423 50 50 0.044264205 
834 436 15 19 0.043737546 
614 341 39 47 0.043613926 
948 684 14 18 0.04333887 
806 468 49 48 0.04317958 
839 358 22 32 0.042048693 
517 677 15 19 0.041267253 
853 443 17 20 0.041057467 
827 348 43 52 0.03976777 
956 732 19 21 0.039250247 
977 316 24 30 0.039112814 
195 404 32 44 0.03755584 
689 405 17 23 0.036200203 
811 485 13 14 0.036120106 
13 241 10 12 0.035816494 
172 397 36 49 0.035132784 
821 375 43 50 0.034318116 
950 696 18 24 0.033941187 
806 520 15 20 0.033859905 
774 388 22 32 0.033182032 
714 303 14 20 0.032942377 
740 401 26 37 0.032921627 
329 417 35 48 0.032717064 
351 352 54 79 0.032435115 
833 595 41 50 0.031810064 
632 346 21 31 0.031528473 
256 353 47 57 0.03131159 
825 582 30 33 0.030710628 
915 398 14 20 0.03044015 
814 447 50 51 0.030274902 
941 659 12 15 0.0302235 
859 385 13 18 0.030107569 
691 393 26 31 0.029077936 
369 403 20 24 0.029037884 
872 656 28 32 0.028825372 
383 356 43 68 0.028472733 
826 434 28 32 0.028461942 
844 383 16 21 0.028355708 
948 659 13 16 0.027772412 
774 327 12 15 0.02765238 
859 394 14 18 0.027651628 
950 689 15 20 0.02755045 
431 455 88 127 0.027439369 
940 673 22 27 0.027081437 
887 401 16 21 0.027046217 
766 393 23 33 0.026825614 
849 589 41 52 0.026701823 
0 813 33 59 0.026666144 
44 372 30 45 0.026414126 
871 589 25 30 0.026312059 
621 349 16 21 0.026281388 
892 671 28 33 0.02625649 
842 616 31 42 0.025550999 
677 395 15 20 0.02530191 
751 321 15 18 0.024809845 
609 346 17 22 0.024379868 
852 392 15 19 0.024231467 
837 431 31 36 0.023733597 
935 675 12 15 0.023662137 
853 355 13 20 0.023385767 
660 382 39 54 0.023385622 
810 388 43 47 0.023327641 
646 335 24 28 0.023240166 
647 353 22 30 0.023107715 
854 466 12 14 0.022931727 
874 666 33 39 0.022908267 
629 364 15 21 0.022834586 
805 477 25 28 0.022565776 
367 389 51 66 0.022434385 
776 385 14 19 0.022383783 
910 658 15 20 0.022314569 
637 272 11 14 0.02219177 
223 672 24 35 0.02211054 
836 390 17 21 0.022045722 
791 394 32 40 0.02194545 
695 303 16 23 0.021621324 
949 654 10 14 0.021466149 
673 329 24 30 0.021441752 
896 661 44 59 0.02116674 
737 361 14 16 0.021109078 
879 402 13 18 0.021036992 
668 396 14 18 0.02096793 
699 386 17 21 0.020810455 
856 432 26 30 0.020180568 
900 662 24 33 0.020169258 
