2_Demonstration_Demonstration_Or_Protest_2_54
266
443 133 37 46 0.99907553 
985 230 31 39 0.9982963 
731 164 31 39 0.99733835 
106 161 24 31 0.9972493 
775 136 34 41 0.99659806 
195 57 18 24 0.9910199 
240 149 30 40 0.9902968 
323 206 41 48 0.98980814 
171 111 19 23 0.98526174 
567 152 21 27 0.98091024 
670 136 26 29 0.97882515 
858 130 41 53 0.9565042 
372 92 14 18 0.948897 
171 148 23 29 0.9359926 
132 152 23 30 0.9334209 
317 154 21 25 0.9155822 
532 151 19 24 0.9090372 
181 174 21 28 0.9007022 
401 169 18 23 0.89720017 
267 143 19 25 0.8945549 
576 202 31 43 0.89325416 
613 163 19 22 0.86025536 
506 143 20 23 0.8558831 
102 89 24 27 0.8550458 
643 155 17 21 0.76456666 
362 177 17 22 0.76424825 
271 192 23 31 0.6930366 
254 146 25 33 0.67056423 
117 155 24 32 0.6487746 
631 92 11 14 0.64279187 
242 117 14 18 0.5290489 
690 163 24 28 0.5049734 
126 96 14 20 0.44158664 
554 172 14 19 0.33459324 
622 126 13 16 0.31411946 
436 26 13 15 0.29363313 
613 101 11 13 0.25542465 
581 329 47 55 0.23742871 
379 68 11 13 0.229749 
596 93 10 13 0.20747563 
650 182 17 23 0.20075876 
201 133 17 22 0.19814096 
492 55 10 13 0.17996444 
381 165 14 18 0.16803426 
592 95 10 13 0.16309124 
487 10 10 13 0.15254655 
638 160 15 18 0.15198322 
906 147 22 31 0.14789192 
715 158 18 24 0.13428207 
599 155 14 17 0.13151003 
490 58 14 18 0.1265139 
9 429 45 42 0.123663425 
565 205 26 35 0.12186615 
1003 193 21 33 0.12049488 
535 124 11 13 0.11361705 
313 14 11 14 0.11321242 
724 137 17 21 0.1090148 
700 166 23 31 0.107101806 
486 32 9 11 0.10634048 
718 206 23 28 0.100709595 
477 164 24 28 0.0983299 
-7 417 114 73 0.094056144 
586 195 19 22 0.09252704 
556 126 9 12 0.09032185 
583 94 11 14 0.09028649 
356 162 23 32 0.08948068 
403 117 10 13 0.08542451 
519 39 8 9 0.08437704 
395 61 12 15 0.083078235 
508 27 12 15 0.08027354 
510 22 10 13 0.07996868 
436 34 15 18 0.077710755 
601 142 11 14 0.07511771 
559 69 11 13 0.07201921 
613 129 13 17 0.07096876 
357 159 15 18 0.070935644 
144 162 14 18 0.06950822 
147 230 31 40 0.068150535 
652 109 10 12 0.06799737 
283 166 11 15 0.063691854 
581 53 8 11 0.062227998 
608 134 11 14 0.059171665 
57 657 32 30 0.05899663 
583 88 8 10 0.05849643 
661 164 12 17 0.057819534 
364 114 10 12 0.056593258 
559 157 21 28 0.05604435 
278 169 14 18 0.056025505 
147 136 15 19 0.055726197 
10 388 76 57 0.054040205 
893 143 24 29 0.053730752 
496 112 12 16 0.05350495 
622 24 9 10 0.053194 
512 3 11 13 0.052626867 
602 148 15 18 0.05237866 
726 142 21 25 0.052171573 
623 107 12 16 0.052000858 
276 188 15 19 0.051433656 
358 171 35 48 0.05119731 
21 441 49 43 0.050132964 
513 150 15 19 0.0496982 
554 103 10 14 0.047826823 
718 148 14 19 0.04756967 
580 116 11 16 0.04719751 
704 176 24 31 0.045132972 
565 64 9 10 0.04509078 
512 36 9 11 0.044650767 
479 31 10 11 0.044228915 
402 170 29 38 0.042967424 
-5 401 66 57 0.042792756 
392 43 11 12 0.042150725 
611 137 13 17 0.04205412 
397 102 9 12 0.041881226 
558 75 11 13 0.041823726 
415 0 13 11 0.04107355 
628 164 12 17 0.04027928 
634 98 11 15 0.03970552 
694 158 15 20 0.038899608 
719 169 36 47 0.038323186 
230 137 15 20 0.037898596 
715 131 13 19 0.037773937 
170 152 36 46 0.037759803 
533 143 14 18 0.03761371 
503 151 15 19 0.037473604 
392 99 11 14 0.03731275 
455 30 11 14 0.036903653 
195 118 21 29 0.036480498 
397 55 11 14 0.03624585 
230 216 32 42 0.036025587 
470 27 10 12 0.03588742 
471 22 10 12 0.035813306 
198 107 20 28 0.035804152 
875 139 33 38 0.035351474 
333 39 9 12 0.035208113 
345 94 9 12 0.035205033 
648 170 22 28 0.035026822 
740 157 16 17 0.03485956 
326 64 10 13 0.03464885 
583 109 10 14 0.03446909 
649 160 16 19 0.0344476 
669 217 16 21 0.0338486 
488 21 10 12 0.033813473 
332 6 11 13 0.033674836 
312 211 35 39 0.033620793 
475 22 11 12 0.033449687 
539 119 11 14 0.03328052 
18 404 132 113 0.033214334 
668 127 13 16 0.033043507 
441 69 12 14 0.032498073 
389 165 21 26 0.03198812 
487 60 21 31 0.031987667 
669 153 15 18 0.03167895 
366 64 9 11 0.03164582 
472 15 10 13 0.030972151 
608 107 12 14 0.03059264 
342 175 39 53 0.030561522 
221 113 14 20 0.030337928 
264 161 24 29 0.029703394 
552 129 12 16 0.029596819 
609 126 11 14 0.029571798 
399 43 11 14 0.02953058 
578 47 7 10 0.029312136 
535 42 11 13 0.029244699 
614 121 18 24 0.029217811 
344 133 11 13 0.028889937 
437 15 11 14 0.028710976 
511 114 10 13 0.028648734 
257 165 17 22 0.028582709 
593 63 8 10 0.028188301 
575 39 7 10 0.028159246 
465 22 9 13 0.027986048 
381 73 11 14 0.027933082 
495 23 8 10 0.027887348 
478 13 11 13 0.027806673 
592 187 19 23 0.027756575 
631 23 9 12 0.02761619 
670 151 25 31 0.027540447 
462 29 11 14 0.02752013 
576 121 12 15 0.02722085 
610 148 14 17 0.02708608 
303 158 10 13 0.026949305 
507 134 16 20 0.0267395 
729 157 24 31 0.026577042 
535 32 9 11 0.02657598 
713 172 18 24 0.026535941 
702 221 12 15 0.026387332 
204 98 16 21 0.026170563 
591 88 9 11 0.026118878 
621 116 14 18 0.026075576 
478 35 13 15 0.026050376 
504 24 11 13 0.026003256 
581 219 35 42 0.025824768 
370 162 20 26 0.025810976 
291 181 12 17 0.025754003 
1004 458 13 18 0.025537217 
607 116 12 14 0.025452891 
667 133 18 22 0.025374131 
384 175 40 51 0.02523846 
492 80 12 16 0.025118992 
533 129 13 17 0.02504186 
848 135 24 32 0.024958735 
624 14 10 11 0.024856698 
398 150 14 17 0.024678871 
994 271 16 21 0.024534976 
571 38 7 9 0.024506086 
504 34 11 13 0.024453774 
551 53 10 11 0.024383152 
383 5 8 10 0.024358584 
709 203 17 22 0.024332816 
295 132 11 14 0.02419197 
232 142 26 36 0.024159314 
379 87 11 14 0.024100855 
431 13 12 14 0.023870401 
661 156 13 18 0.02380609 
313 160 13 18 0.023708656 
377 8 8 10 0.023662785 
512 15 9 11 0.023456167 
649 103 10 14 0.023249147 
1003 265 17 19 0.023244185 
141 139 23 30 0.023243083 
630 10 12 14 0.023241825 
333 70 9 11 0.023049092 
501 154 24 26 0.022980016 
278 177 19 27 0.022954362 
578 86 8 11 0.022881545 
403 154 15 18 0.02261033 
308 40 8 10 0.022604536 
600 77 10 12 0.022423042 
334 176 27 32 0.022419944 
613 180 25 31 0.022392849 
653 79 10 12 0.022377228 
368 181 17 21 0.02234383 
443 74 12 14 0.022326462 
974 230 27 36 0.022276977 
656 158 21 27 0.022114215 
995 491 13 16 0.021966975 
652 115 11 14 0.021945992 
711 127 12 16 0.02191235 
997 115 13 15 0.02179353 
345 88 8 10 0.021627814 
560 17 7 9 0.021623915 
274 28 9 12 0.021609254 
384 1 9 10 0.021532595 
729 213 16 23 0.021354992 
492 14 11 12 0.021231906 
540 44 10 12 0.021186385 
613 117 11 15 0.021147238 
502 15 9 10 0.021131558 
27 280 15 18 0.021048423 
557 53 8 10 0.020985719 
615 86 9 12 0.020976536 
96 158 25 29 0.020965513 
558 92 9 11 0.020819226 
616 22 8 11 0.020810114 
400 110 11 14 0.020704526 
639 118 9 14 0.020554379 
557 48 8 10 0.02052039 
970 68 7 10 0.020498442 
477 196 36 44 0.020421255 
708 161 16 21 0.020417364 
974 537 24 33 0.020232363 
518 21 9 12 0.020217028 
986 87 7 10 0.020177323 
1011 75 12 20 0.02015787 
18 651 14 17 0.020074742 
708 189 25 34 0.020068048 
