2_Demonstration_Protesters_2_817
53
291 559 33 44 0.99278826 
377 536 41 53 0.91110003 
523 89 31 32 0.63799524 
297 608 43 59 0.17597236 
359 552 45 51 0.09127111 
585 146 40 46 0.082182795 
199 444 14 17 0.08056863 
345 562 43 50 0.06457377 
544 630 49 44 0.0641699 
558 622 13 15 0.061359003 
334 581 23 30 0.05752057 
193 456 18 21 0.055979498 
194 442 23 29 0.053447146 
559 553 12 15 0.051521897 
504 198 19 25 0.048603434 
204 440 11 15 0.04420022 
578 129 71 72 0.04096946 
665 565 10 12 0.038942326 
547 556 11 16 0.037998896 
599 612 14 19 0.03704734 
603 628 12 15 0.036941722 
546 625 25 28 0.03670702 
530 633 31 31 0.035968836 
525 101 33 35 0.03538011 
484 195 13 15 0.035284054 
320 545 41 53 0.03316144 
533 613 15 17 0.033066366 
482 182 27 31 0.031130416 
516 185 15 20 0.030873744 
344 583 48 52 0.030357556 
506 185 28 37 0.028651515 
450 118 192 203 0.027830835 
174 627 23 29 0.027535565 
496 541 45 58 0.027263463 
526 93 16 22 0.027070884 
306 565 29 38 0.026824664 
594 165 45 46 0.025792807 
675 592 27 32 0.025791973 
477 188 12 16 0.025260225 
566 626 56 45 0.024884863 
469 182 26 33 0.024328094 
540 134 34 37 0.023824923 
539 640 18 19 0.023212805 
570 641 18 22 0.022985399 
669 580 40 53 0.022903612 
511 172 43 50 0.022876343 
599 608 11 14 0.022860253 
494 609 28 33 0.022568269 
473 579 47 56 0.021651823 
523 105 48 54 0.021648878 
538 550 21 27 0.020789288 
524 541 42 56 0.020478075 
323 585 47 58 0.020192964 
