2_Demonstration_Protesters_2_519
66
551 118 58 74 0.99955136 
796 102 51 67 0.9993538 
163 129 65 83 0.9977099 
895 179 45 46 0.9833303 
341 264 8 11 0.16111167 
65 177 18 21 0.08651491 
361 263 28 36 0.08215069 
95 164 12 16 0.07941628 
93 171 12 15 0.074997276 
367 251 28 31 0.066557586 
11 158 39 48 0.062487736 
523 596 91 114 0.055912074 
720 324 12 15 0.0528665 
908 191 49 56 0.049827762 
371 259 17 19 0.04840405 
1012 412 10 14 0.047781866 
620 628 44 61 0.047651082 
319 261 9 10 0.04634268 
924 203 50 55 0.044901796 
37 178 13 16 0.038374696 
518 616 57 77 0.03797157 
51 164 10 13 0.037608735 
317 149 7 11 0.037043545 
26 171 27 32 0.036267202 
85 252 9 11 0.036189914 
322 201 8 9 0.033848803 
880 430 11 12 0.03231038 
347 267 25 31 0.031526398 
46 191 10 14 0.031072127 
920 409 10 12 0.030979035 
716 320 24 27 0.030735608 
22 157 15 18 0.030647889 
675 736 14 15 0.030514082 
372 282 12 17 0.030424906 
380 254 13 15 0.029836522 
720 251 9 11 0.029273912 
320 359 9 12 0.028712291 
387 174 7 10 0.02866686 
414 217 23 30 0.027676268 
68 246 9 13 0.026732143 
1 317 8 10 0.026032018 
348 269 11 14 0.025789207 
435 331 12 16 0.025188662 
323 205 10 12 0.024822872 
5 287 10 13 0.024612505 
430 324 15 18 0.024590833 
367 253 13 17 0.02373578 
75 173 11 15 0.023360176 
18 407 8 10 0.023351008 
324 295 10 11 0.023203548 
599 652 10 11 0.02311752 
314 260 9 12 0.022297451 
21 149 13 15 0.02181967 
337 262 19 24 0.021817489 
320 279 9 11 0.021641457 
439 190 6 9 0.021380289 
599 647 9 11 0.020811195 
425 192 8 10 0.020788677 
496 608 56 68 0.020649832 
1013 427 10 15 0.020541081 
342 284 11 13 0.020498903 
343 344 8 9 0.02039042 
313 279 9 11 0.020324036 
659 625 27 33 0.020270854 
313 255 9 12 0.02008972 
334 342 9 10 0.0200307 
