2_Demonstration_Protesters_2_268
63
395 239 32 37 0.99853027 
283 243 29 37 0.99504095 
844 212 35 44 0.9937401 
592 210 36 41 0.9918785 
74 208 41 52 0.98836076 
535 258 25 32 0.97860134 
189 216 28 47 0.78952837 
366 242 27 35 0.7067986 
985 256 27 30 0.6736141 
689 231 25 35 0.36330366 
477 225 24 30 0.35793242 
752 212 23 33 0.32506517 
18 241 15 19 0.22372475 
460 235 15 18 0.19539864 
515 266 12 15 0.15266785 
238 238 29 33 0.13968055 
278 337 33 38 0.12953773 
252 239 19 25 0.09230916 
763 208 30 32 0.0809711 
695 188 22 30 0.078341715 
755 226 27 31 0.075670265 
512 276 11 14 0.07011548 
321 205 9 10 0.06885431 
468 228 22 28 0.06522997 
456 241 14 16 0.05855941 
200 278 39 49 0.057861865 
810 155 12 15 0.057842642 
373 236 45 54 0.056821767 
976 251 42 50 0.055695888 
284 316 47 56 0.047469366 
928 157 11 14 0.044564605 
511 257 19 27 0.04180519 
928 153 9 12 0.04169722 
635 239 15 18 0.04159209 
462 228 38 45 0.038527526 
169 221 38 44 0.037430674 
286 317 10 11 0.036789566 
487 226 17 22 0.036335032 
540 255 16 18 0.035832576 
1014 133 8 12 0.033862352 
781 211 21 35 0.03354893 
301 324 11 13 0.0317692 
44 669 14 15 0.03155215 
552 154 9 12 0.031149931 
688 563 14 16 0.03026442 
572 208 14 18 0.029625144 
224 242 33 34 0.028822124 
338 200 9 11 0.026516907 
305 328 36 40 0.026440676 
308 220 11 13 0.02580684 
705 187 16 23 0.025787128 
557 232 22 29 0.025565844 
1003 365 20 40 0.025137087 
252 320 12 15 0.024763566 
524 255 23 30 0.023572873 
742 565 13 17 0.023491757 
398 194 12 15 0.023076136 
769 223 27 32 0.022014115 
14 242 30 34 0.02170011 
686 555 23 28 0.021211287 
308 233 16 22 0.021087352 
1014 149 8 13 0.020302122 
526 260 44 49 0.020196866 
