2_Demonstration_Demonstrators_2_689
55
350 319 74 84 0.99683785 
185 261 33 52 0.99396646 
122 312 41 53 0.9763499 
256 227 20 25 0.91855985 
2 248 17 23 0.8347028 
297 250 31 42 0.8142177 
51 260 15 20 0.73296237 
148 235 15 21 0.7132852 
173 232 17 20 0.665999 
314 208 20 23 0.54880214 
218 213 16 21 0.5333522 
350 194 17 20 0.49922296 
86 235 16 19 0.4588677 
929 225 36 66 0.4297224 
38 237 14 16 0.4131622 
509 568 54 52 0.30612147 
316 220 26 31 0.26777434 
4 361 78 101 0.19173233 
163 230 20 26 0.13403493 
333 251 27 39 0.09956037 
42 210 13 16 0.09481226 
938 206 31 63 0.088223584 
875 206 42 75 0.084588684 
307 234 34 45 0.0835943 
212 206 17 20 0.07798137 
301 228 27 36 0.075400114 
293 234 24 34 0.0718046 
304 247 46 52 0.0668941 
94 274 30 37 0.06329793 
343 193 16 20 0.055164445 
442 345 41 64 0.04976683 
348 200 22 27 0.04357471 
47 219 10 13 0.043288697 
91 244 15 20 0.041260682 
402 327 52 77 0.038518693 
68 216 10 12 0.038237344 
45 229 13 16 0.03623076 
804 335 194 284 0.03553549 
320 205 24 30 0.03450645 
46 250 38 47 0.03429394 
45 296 17 22 0.033973657 
153 228 17 23 0.03262767 
475 548 108 96 0.030988174 
78 269 24 29 0.030290589 
78 229 14 18 0.03023583 
344 256 18 27 0.029489422 
34 237 11 14 0.028240804 
514 564 32 34 0.02778471 
366 21 145 182 0.024468202 
36 258 25 31 0.023628704 
224 210 16 21 0.023308668 
96 240 15 19 0.022155777 
410 488 220 216 0.020908596 
214 221 18 22 0.020757556 
78 272 37 46 0.020173332 
