2_Demonstration_Political_Rally_2_391
18
673 267 112 138 0.99990714 
312 104 90 108 0.99931324 
24 105 81 123 0.99900013 
877 666 131 104 0.9842839 
582 368 41 62 0.9710665 
986 230 37 50 0.7732197 
533 388 39 39 0.6400815 
497 304 47 57 0.38452733 
531 398 46 58 0.15695268 
465 603 113 165 0.060797818 
22 185 404 400 0.047245447 
540 422 31 39 0.038883407 
581 357 27 46 0.036050383 
990 212 33 44 0.035558376 
578 397 33 46 0.027060237 
611 380 53 65 0.026978113 
513 376 79 93 0.021031547 
1013 320 12 22 0.020613262 
