2_Demonstration_Demonstration_Or_Protest_2_367
80
390 244 68 93 0.9978934 
120 260 27 33 0.9974407 
261 276 27 38 0.99508804 
40 274 25 32 0.99291915 
306 303 24 31 0.99007773 
782 350 47 53 0.98190075 
92 260 15 21 0.9797477 
201 272 18 23 0.9639513 
507 248 43 50 0.93296504 
181 306 30 37 0.8661935 
294 281 17 22 0.7736171 
52 252 16 20 0.6812658 
654 246 29 41 0.17170276 
171 292 16 20 0.160689 
972 370 49 81 0.15748744 
283 278 24 30 0.15301028 
235 277 13 17 0.12406286 
177 299 23 30 0.11818218 
188 301 17 22 0.11290364 
853 351 44 54 0.099403 
559 45 9 12 0.09000956 
103 239 12 14 0.087760925 
344 283 14 17 0.079273 
856 223 24 28 0.073636405 
756 210 19 22 0.07179656 
189 313 34 37 0.062573895 
333 306 16 21 0.052905243 
245 197 9 12 0.04935405 
631 298 23 31 0.04762305 
343 283 25 28 0.0475532 
861 233 43 55 0.04721253 
508 217 57 72 0.04615402 
269 271 15 18 0.046125013 
44 270 18 21 0.04507192 
731 364 14 17 0.0389838 
582 37 10 13 0.038815074 
70 250 13 19 0.03802971 
796 217 16 19 0.037588052 
421 672 11 12 0.035859354 
22 256 15 18 0.035779122 
417 661 9 10 0.03558604 
94 252 19 25 0.035083603 
125 122 14 17 0.033624876 
855 403 48 65 0.03287779 
745 378 15 20 0.031536825 
85 251 19 25 0.03152021 
551 266 13 17 0.031496204 
560 37 11 15 0.031165361 
640 269 46 62 0.031142727 
564 31 9 11 0.031130264 
341 165 10 13 0.030798566 
613 243 43 56 0.030578164 
254 283 14 22 0.030376123 
209 319 18 21 0.030334756 
291 268 27 33 0.02877329 
634 250 35 39 0.028753357 
235 278 22 31 0.027534943 
498 181 88 122 0.026699986 
271 292 26 34 0.025839802 
99 242 19 23 0.02550391 
771 154 14 19 0.024898496 
37 251 12 16 0.024455307 
855 373 49 60 0.023969842 
0 570 39 74 0.02386067 
-1 0 20 20 0.023535017 
669 532 16 21 0.022814369 
242 274 16 22 0.022643367 
28 281 25 32 0.022593386 
327 285 12 15 0.022299167 
445 660 12 16 0.022090916 
857 232 30 36 0.022030441 
548 626 34 40 0.021805467 
417 675 12 14 0.021413667 
764 383 17 23 0.021236403 
298 294 23 32 0.020988045 
621 281 31 45 0.020724418 
337 291 24 29 0.020464417 
210 230 9 12 0.020347433 
875 255 32 39 0.02003933 
232 272 12 15 0.020013414 
