2_Demonstration_Demonstration_Or_Protest_2_120
756
819 511 32 39 0.9994748 
901 507 40 48 0.99859136 
995 480 32 36 0.9982864 
5 486 76 85 0.99743867 
661 444 28 30 0.9971877 
936 471 28 33 0.9854058 
980 369 15 18 0.9839749 
748 377 15 18 0.9839033 
717 428 21 28 0.9832373 
966 581 48 53 0.9795069 
483 293 20 26 0.978893 
838 385 15 18 0.9710433 
816 393 18 21 0.9573961 
958 397 17 18 0.9550451 
469 255 19 22 0.95214164 
889 393 21 23 0.9476659 
395 259 12 19 0.9466137 
1002 371 13 16 0.93598163 
964 349 12 16 0.9281759 
359 282 16 18 0.91982275 
204 413 23 36 0.91915524 
119 293 13 17 0.9041386 
982 420 23 24 0.9031173 
504 266 18 23 0.89457256 
758 326 11 14 0.8906305 
797 381 13 15 0.88079315 
909 372 16 18 0.8731821 
988 342 13 16 0.86601317 
884 357 10 14 0.8643754 
859 417 24 25 0.85118777 
558 326 12 15 0.8432739 
807 327 9 11 0.8386357 
918 394 15 17 0.8137331 
291 300 12 14 0.8094746 
857 350 10 13 0.7776667 
935 426 21 22 0.7658028 
774 364 13 15 0.74752563 
721 560 41 38 0.7376947 
724 338 10 13 0.67813504 
919 343 12 14 0.6612116 
692 361 12 16 0.6354397 
836 468 23 30 0.62617224 
868 390 14 16 0.62291825 
723 396 17 19 0.61292535 
221 270 10 13 0.6128633 
29 285 15 18 0.609332 
776 338 12 14 0.59946537 
276 291 10 13 0.58314544 
747 362 13 14 0.49197966 
891 471 22 30 0.4891595 
854 308 8 10 0.44217488 
838 303 7 9 0.44034576 
830 319 7 9 0.42701128 
524 277 10 13 0.422966 
619 531 21 34 0.4094787 
771 406 15 19 0.38367113 
716 355 11 13 0.37403595 
709 320 9 12 0.37184495 
742 303 7 10 0.35768512 
567 288 9 12 0.35578924 
791 302 8 10 0.34536773 
248 409 35 37 0.3348311 
1013 350 9 14 0.3148065 
846 327 9 11 0.29213032 
923 477 32 32 0.28518096 
710 371 14 16 0.27840972 
103 326 11 15 0.27777386 
167 271 8 10 0.276376 
143 268 8 10 0.27163205 
174 299 10 14 0.26702094 
848 334 8 11 0.25148025 
822 372 12 16 0.24702711 
137 308 11 14 0.24632736 
815 309 8 9 0.24182491 
80 287 9 11 0.23789288 
322 270 7 10 0.23216788 
812 349 10 13 0.22630934 
205 284 11 13 0.22433041 
871 311 7 9 0.22285299 
738 304 7 10 0.21677785 
871 352 8 11 0.21501751 
559 307 12 14 0.21275616 
855 304 7 10 0.2124227 
326 278 8 11 0.21221061 
582 304 9 12 0.21131279 
542 269 10 13 0.20925759 
746 318 8 11 0.20607638 
895 328 9 11 0.20175618 
721 336 10 12 0.20002906 
216 274 11 15 0.19371183 
169 300 10 12 0.19321758 
144 326 9 12 0.1911237 
556 349 10 15 0.1881053 
881 478 28 35 0.18721263 
574 288 8 11 0.18704313 
345 292 11 15 0.18607262 
330 358 26 28 0.18552688 
781 312 9 10 0.17739782 
197 348 15 18 0.17612198 
935 333 10 12 0.16871148 
848 341 8 10 0.16708189 
757 309 8 10 0.16683416 
107 323 11 16 0.16571385 
580 360 23 30 0.1655163 
844 366 11 13 0.16263497 
898 466 22 28 0.1615878 
302 272 8 10 0.15938455 
928 332 9 11 0.1581414 
149 296 8 11 0.15811874 
815 365 12 14 0.15548326 
764 356 11 13 0.15180233 
549 288 9 11 0.14897184 
711 302 9 10 0.14835055 
905 475 25 30 0.14818862 
1000 389 12 16 0.14790091 
297 273 8 9 0.1470871 
253 264 8 10 0.14447662 
906 354 13 15 0.14370552 
737 326 8 10 0.14287739 
749 317 8 10 0.14156196 
861 337 9 10 0.14047411 
260 278 8 11 0.14016695 
548 268 11 14 0.13790254 
422 267 11 15 0.13731734 
592 311 10 12 0.13724059 
903 351 11 13 0.13686998 
567 272 8 10 0.13574168 
702 334 8 11 0.13546944 
158 309 8 10 0.13421558 
69 285 8 11 0.13410363 
896 343 9 11 0.1339213 
104 269 7 9 0.12976506 
199 278 10 12 0.12921825 
65 286 9 11 0.12500012 
885 352 12 14 0.12492734 
940 334 10 13 0.12364767 
286 261 8 10 0.12299489 
202 292 9 13 0.122732654 
302 301 9 12 0.12255523 
753 311 8 10 0.12220924 
321 287 9 12 0.12215814 
1006 403 13 16 0.12116786 
776 310 10 11 0.12067427 
694 311 8 10 0.11981268 
593 294 8 10 0.11900191 
112 264 8 10 0.11758188 
796 575 44 54 0.11618768 
758 349 11 13 0.11453138 
577 270 8 11 0.114342205 
558 316 15 20 0.113363504 
759 303 8 10 0.11306581 
778 304 8 9 0.1114106 
138 265 8 9 0.11076165 
597 311 8 10 0.1101132 
581 326 11 12 0.11004148 
761 295 7 9 0.10992924 
518 273 13 17 0.10754089 
114 279 8 11 0.106723845 
318 291 9 11 0.10539621 
935 329 8 10 0.10521695 
248 279 7 10 0.10452824 
861 342 10 12 0.10351056 
123 321 13 16 0.10298434 
213 283 10 12 0.102267765 
726 320 8 11 0.10219147 
953 295 8 9 0.10173183 
163 271 7 9 0.101517335 
775 316 9 11 0.101389036 
0 302 10 13 0.09879018 
199 270 9 11 0.09838962 
120 289 9 11 0.096818484 
926 365 13 15 0.09480153 
869 382 13 16 0.09476629 
784 304 8 9 0.09475956 
718 301 7 10 0.094165646 
543 288 11 14 0.09388251 
79 315 14 20 0.09321403 
887 312 8 10 0.092631936 
96 271 8 9 0.091347404 
936 338 11 14 0.09004575 
581 269 10 13 0.08994439 
584 334 12 14 0.08980825 
15 290 10 12 0.08944254 
143 287 9 11 0.08885758 
813 356 12 14 0.08879232 
151 279 8 10 0.088693954 
827 318 7 10 0.08771895 
241 353 24 28 0.087340504 
141 301 11 14 0.0871081 
326 284 10 13 0.084373675 
814 303 9 11 0.08426301 
811 326 10 11 0.0841736 
756 343 10 13 0.08312969 
808 321 10 12 0.08299195 
562 292 11 13 0.08294205 
840 320 9 10 0.07987192 
582 288 8 11 0.07939935 
833 334 9 11 0.079391636 
230 271 9 10 0.07909207 
104 292 11 13 0.078806266 
815 296 7 9 0.0787197 
97 329 12 16 0.078169234 
884 476 17 21 0.07728145 
179 301 10 13 0.077213295 
8 120 11 15 0.07717015 
712 351 12 14 0.07705683 
705 286 7 9 0.076919414 
345 287 10 12 0.076889925 
708 303 7 9 0.07663935 
854 333 9 12 0.07607373 
576 325 10 12 0.075392716 
365 238 8 10 0.07531493 
1013 301 8 12 0.07513992 
798 357 9 12 0.07442844 
321 265 7 10 0.07439745 
742 324 9 11 0.07435225 
70 280 8 11 0.07402159 
728 295 6 9 0.07327464 
128 270 7 9 0.073166214 
694 296 7 10 0.07314746 
720 320 8 11 0.072477676 
137 303 9 13 0.07233453 
537 262 9 13 0.07197879 
845 370 12 15 0.07135503 
977 340 9 13 0.07050476 
797 318 9 11 0.070384346 
118 263 7 9 0.07033861 
536 278 10 13 0.06977868 
255 270 8 11 0.069735266 
566 276 8 12 0.06898799 
640 350 12 15 0.06866848 
248 284 8 10 0.06819894 
144 293 10 12 0.06814523 
535 285 11 14 0.067150906 
111 269 8 10 0.067146175 
81 292 9 11 0.066797934 
814 345 9 11 0.06641537 
401 261 15 17 0.06627396 
342 269 8 10 0.06604681 
942 286 8 10 0.066014946 
134 294 9 10 0.06587816 
94 248 8 10 0.06540994 
135 288 9 12 0.06500553 
712 296 7 10 0.06479259 
591 289 9 10 0.064429395 
846 320 8 10 0.06425336 
446 282 14 19 0.06400167 
239 271 7 9 0.063870944 
853 329 8 10 0.0636115 
240 278 8 11 0.06360001 
768 362 13 16 0.06355767 
25 286 12 16 0.063417435 
924 369 11 15 0.06306986 
128 264 7 9 0.062143877 
560 271 9 11 0.061724257 
855 345 11 13 0.06160256 
203 354 11 17 0.061601844 
457 244 11 15 0.06154351 
760 321 9 11 0.061478958 
853 420 19 22 0.061306816 
865 318 8 10 0.061132975 
987 350 15 19 0.060397197 
713 271 7 9 0.06023195 
689 349 10 13 0.06019148 
809 296 7 9 0.060157187 
822 310 7 9 0.059600428 
885 519 29 38 0.059572525 
561 276 10 11 0.059544586 
693 302 7 9 0.05949071 
981 336 13 15 0.059281185 
825 452 25 29 0.058891468 
704 326 8 10 0.05861228 
144 331 10 14 0.05802866 
230 238 7 9 0.057635143 
120 240 7 8 0.05755204 
842 325 9 11 0.057519823 
757 322 18 22 0.05700597 
133 320 12 17 0.05643162 
789 341 8 11 0.056425463 
183 272 8 10 0.05629549 
809 345 10 11 0.055810574 
810 309 8 10 0.05562034 
957 379 13 16 0.05551634 
249 271 7 9 0.055391423 
46 278 9 11 0.055363026 
939 294 8 11 0.05500835 
759 404 16 19 0.05486804 
141 339 12 15 0.054792777 
801 385 13 17 0.054785974 
838 359 10 13 0.054765485 
1012 342 9 14 0.054363873 
701 549 26 31 0.054339893 
950 287 9 11 0.053525697 
632 511 27 31 0.053400803 
182 277 9 11 0.052849356 
553 470 23 31 0.05255093 
791 298 7 9 0.052507084 
92 309 10 13 0.051668413 
875 393 12 16 0.05153544 
813 319 8 10 0.051528145 
582 264 9 11 0.051410276 
169 254 8 11 0.051242005 
530 245 10 13 0.05118641 
752 304 8 11 0.05105771 
639 361 12 16 0.050893422 
259 354 15 21 0.05066216 
440 292 12 15 0.050545983 
93 254 9 10 0.05052993 
1003 395 13 17 0.050422654 
774 327 9 10 0.050419208 
704 370 12 16 0.05020832 
809 303 9 11 0.049767584 
600 325 9 12 0.04973235 
51 155 24 25 0.049671426 
148 326 9 11 0.049594708 
592 276 9 12 0.04944537 
881 302 6 8 0.049378045 
175 254 8 10 0.0491259 
563 302 11 14 0.048882563 
336 309 11 14 0.0484658 
634 403 10 14 0.04812752 
920 302 9 10 0.04793427 
340 307 14 18 0.047712196 
700 365 12 14 0.047475364 
1012 293 8 12 0.047403347 
137 245 8 9 0.047344543 
622 519 25 36 0.04728422 
828 366 11 14 0.04713511 
911 331 10 12 0.04694902 
767 318 9 10 0.04653192 
231 406 40 49 0.04650866 
149 272 7 8 0.04650615 
711 308 9 10 0.046488415 
791 309 9 10 0.04607906 
605 443 15 20 0.04584564 
82 338 12 15 0.045722 
747 572 28 40 0.045646083 
821 304 8 10 0.045545463 
706 281 7 9 0.045467507 
822 358 9 12 0.04536879 
537 290 11 15 0.045247294 
632 94 10 13 0.045058675 
507 276 15 20 0.044868067 
953 302 9 11 0.0445958 
656 329 10 11 0.044416472 
577 252 9 11 0.044265173 
441 250 9 13 0.044141978 
125 289 10 12 0.04403538 
126 247 7 9 0.04397491 
596 362 13 19 0.04388841 
949 279 7 9 0.043786015 
113 285 9 11 0.043479405 
0 260 9 13 0.04345084 
112 293 9 12 0.043276276 
190 346 16 19 0.0430303 
582 354 16 18 0.04299393 
41 260 9 12 0.042599317 
136 240 9 10 0.042558093 
135 279 9 10 0.042529028 
643 352 14 18 0.042304017 
96 264 7 9 0.04222132 
950 535 36 41 0.042216457 
808 353 12 15 0.04211811 
592 301 10 12 0.042029772 
462 238 11 14 0.04199014 
932 358 12 15 0.041917708 
230 275 10 12 0.041861117 
109 309 12 14 0.04175693 
121 246 8 10 0.041734815 
79 329 14 19 0.041598234 
167 275 8 10 0.041387253 
995 341 10 14 0.041237265 
805 254 8 10 0.041129995 
793 326 10 11 0.040805083 
174 319 11 13 0.040750176 
719 297 8 9 0.040737018 
89 270 8 10 0.040643618 
366 231 7 10 0.040617116 
697 328 8 10 0.040546257 
697 332 10 12 0.040439554 
652 350 10 13 0.040086646 
801 326 9 12 0.040040694 
752 347 11 13 0.040022198 
710 287 7 9 0.039956544 
184 247 8 10 0.039868835 
218 418 30 36 0.039774846 
264 417 19 23 0.039761946 
744 309 8 11 0.039534498 
887 343 10 12 0.039456308 
330 239 8 9 0.039173685 
860 354 11 12 0.03910201 
838 308 7 9 0.038974956 
733 373 10 14 0.038753208 
840 246 8 9 0.038553037 
231 263 8 10 0.03836624 
313 288 8 11 0.038365863 
289 276 9 11 0.038320493 
159 305 8 10 0.038266487 
792 335 9 11 0.038188934 
308 302 9 12 0.03809674 
71 263 7 9 0.038062956 
1006 355 13 15 0.03800801 
120 255 8 11 0.03798007 
102 287 10 11 0.037910737 
911 394 14 17 0.037850264 
705 296 7 9 0.037782155 
119 319 12 15 0.037720945 
700 560 16 21 0.03757567 
103 353 27 28 0.037501127 
598 271 8 11 0.037440136 
922 295 8 10 0.037263643 
2 383 8 12 0.037097987 
65 264 7 9 0.037006892 
754 332 9 11 0.036968146 
136 341 12 13 0.036937088 
725 372 12 15 0.036448777 
63 290 11 13 0.036287148 
695 317 7 9 0.036224093 
574 319 10 13 0.0361922 
959 460 23 29 0.03615369 
937 300 9 11 0.036109332 
582 254 9 10 0.035789113 
35 277 15 18 0.035719234 
350 287 12 14 0.035641212 
1013 306 9 13 0.035628784 
923 611 46 53 0.03555113 
278 297 11 14 0.035507005 
597 317 9 11 0.035505474 
894 347 10 13 0.03549309 
96 279 8 10 0.035456534 
803 375 14 16 0.03530651 
533 254 10 12 0.035303928 
273 340 43 48 0.035058733 
282 261 8 10 0.03504064 
662 332 9 11 0.0348849 
940 328 10 12 0.034752313 
96 286 9 11 0.034642782 
833 313 7 9 0.034540724 
604 84 12 16 0.034466844 
132 304 19 25 0.034138195 
65 270 9 10 0.03412594 
149 358 12 15 0.034036517 
230 302 10 13 0.034020253 
148 284 10 13 0.034015656 
272 339 12 15 0.03400577 
80 266 7 8 0.033933006 
199 264 10 12 0.033912785 
779 358 11 14 0.033688884 
839 264 7 9 0.033676177 
783 378 13 17 0.033664938 
240 255 8 9 0.033579383 
735 333 9 12 0.03348833 
914 313 8 10 0.03339538 
959 345 13 15 0.033358745 
568 263 8 11 0.03332937 
714 362 15 18 0.033305507 
207 263 6 9 0.033291053 
416 265 11 16 0.03325369 
273 263 6 9 0.033251196 
737 248 8 9 0.033163026 
852 373 12 16 0.033110905 
848 295 8 9 0.033031933 
175 263 8 10 0.032965817 
916 480 19 22 0.0329126 
792 355 11 15 0.03275768 
6 387 8 11 0.032739434 
279 279 9 12 0.032617252 
701 339 11 14 0.03261697 
833 295 8 10 0.03258525 
261 350 24 31 0.032542106 
180 345 15 20 0.032524392 
776 295 8 9 0.03243109 
411 250 11 15 0.03242662 
760 288 7 9 0.032295253 
888 303 6 9 0.03225297 
696 342 9 13 0.032140005 
780 385 13 16 0.03207259 
321 364 39 49 0.03202765 
70 270 8 10 0.03190753 
550 275 11 13 0.031888396 
936 347 10 13 0.031831283 
96 293 11 12 0.03180317 
271 255 7 9 0.03162103 
951 340 9 12 0.031605877 
798 312 8 10 0.031188278 
808 365 12 14 0.031143047 
700 559 47 43 0.031117871 
169 323 10 12 0.031098709 
80 270 7 9 0.031070031 
840 334 9 11 0.031043338 
756 361 13 16 0.03103937 
552 214 9 12 0.030957513 
313 264 7 10 0.030950153 
89 264 6 9 0.030759208 
1007 307 10 12 0.030744791 
879 332 9 11 0.030692372 
71 254 8 9 0.030574558 
409 247 10 12 0.030502701 
766 333 10 13 0.030478764 
304 265 8 9 0.03037629 
907 489 38 44 0.030242434 
583 317 10 12 0.0301339 
805 321 18 22 0.030126229 
824 442 23 26 0.030039238 
328 256 7 10 0.029988075 
799 333 9 12 0.029935606 
826 311 19 25 0.029871725 
776 288 8 10 0.029840032 
855 297 7 9 0.029790951 
551 196 7 10 0.029761745 
571 347 37 48 0.029563507 
693 369 11 15 0.029454246 
168 264 8 10 0.029429477 
813 379 13 16 0.02942064 
597 303 9 11 0.029385312 
653 361 11 17 0.029352255 
950 379 14 17 0.029349415 
263 296 8 10 0.02919552 
729 309 8 10 0.029116713 
917 311 9 10 0.029091781 
254 283 8 11 0.029067231 
337 269 9 10 0.029060584 
831 357 10 13 0.028995011 
111 247 8 10 0.028968936 
950 387 15 19 0.028955573 
736 321 8 10 0.028951123 
863 373 10 14 0.028910037 
971 349 10 13 0.028890084 
702 357 11 15 0.02887187 
838 371 13 17 0.028868394 
1000 400 14 18 0.02876759 
943 457 26 35 0.028756991 
841 241 8 10 0.028672518 
656 512 22 29 0.028638884 
914 367 20 24 0.028551094 
54 272 8 10 0.028356727 
202 393 38 50 0.028341284 
862 271 7 9 0.028287364 
527 252 10 13 0.028229304 
962 455 17 21 0.028226443 
600 331 9 12 0.028161013 
112 255 8 11 0.028150469 
56 285 9 11 0.028063094 
601 264 8 10 0.028033182 
552 345 17 24 0.028022537 
729 302 7 10 0.028018465 
216 265 9 10 0.027922297 
191 415 28 35 0.027911441 
755 373 14 17 0.027881322 
863 379 13 15 0.027800726 
468 234 13 16 0.027783975 
839 297 7 10 0.027759025 
854 346 18 22 0.027583243 
556 341 12 17 0.02751525 
631 362 12 17 0.027479406 
967 332 12 14 0.027419353 
117 351 11 13 0.027362613 
766 302 7 9 0.027336512 
60 145 16 18 0.027328385 
624 315 10 13 0.027266733 
743 297 7 9 0.026962487 
84 286 10 11 0.026935752 
205 271 10 11 0.026921233 
345 279 8 12 0.026886567 
183 285 10 12 0.026872462 
831 326 8 11 0.026782354 
192 263 8 10 0.026687765 
362 255 8 11 0.026684776 
754 327 10 12 0.026651116 
555 306 20 24 0.02655105 
882 317 8 10 0.026540343 
879 351 10 13 0.026502127 
775 348 11 13 0.02632576 
241 249 7 9 0.02630993 
834 255 7 9 0.026272923 
780 371 13 17 0.026251929 
273 286 18 22 0.026213726 
361 244 9 10 0.026177391 
689 316 8 11 0.026143331 
47 272 8 11 0.026137285 
244 342 44 50 0.026075717 
764 399 16 19 0.026009116 
420 262 19 24 0.025989579 
766 296 7 10 0.02592746 
194 270 7 10 0.025896657 
742 332 9 12 0.025889711 
1008 287 10 13 0.025880031 
290 315 14 14 0.025831139 
240 262 8 9 0.025790315 
261 272 8 10 0.025679711 
692 411 11 15 0.025639843 
790 375 12 16 0.025468107 
1010 344 17 25 0.025444767 
728 265 8 10 0.025253808 
799 480 28 35 0.02507773 
326 263 7 10 0.02505446 
88 279 8 11 0.025035283 
582 274 10 13 0.024971878 
577 364 14 17 0.024927922 
138 255 8 9 0.024886465 
322 256 7 9 0.024883734 
180 295 11 13 0.024875132 
694 279 7 9 0.02485479 
713 332 9 12 0.024847487 
336 263 8 11 0.024806937 
53 279 9 11 0.024740333 
877 492 26 35 0.024729455 
909 464 25 31 0.024723556 
1014 327 9 13 0.024627872 
90 249 8 10 0.024606083 
217 267 17 21 0.024508584 
599 277 8 10 0.024494667 
945 280 9 11 0.024487952 
625 332 9 10 0.024454463 
902 363 12 16 0.024385693 
840 341 9 11 0.024363162 
963 378 13 16 0.024333484 
833 340 9 12 0.024280978 
576 302 11 13 0.024198947 
347 324 16 20 0.024171839 
453 221 12 15 0.024140973 
182 254 8 10 0.024025941 
831 349 9 11 0.02401007 
79 382 10 13 0.024001634 
162 265 7 9 0.023959441 
580 247 9 11 0.02395269 
612 542 31 35 0.02389428 
139 316 12 16 0.023859406 
1003 335 20 26 0.023853375 
766 371 12 16 0.02374975 
697 287 7 9 0.023727065 
324 290 11 13 0.023709374 
480 228 11 14 0.023660153 
224 293 9 11 0.023628334 
561 196 8 10 0.023620987 
605 279 9 10 0.023614725 
576 332 12 15 0.023584692 
696 359 19 24 0.023572555 
797 303 8 9 0.023559092 
1013 364 11 15 0.023503069 
787 496 32 42 0.023497578 
0 106 8 12 0.02348315 
824 325 8 11 0.0234615 
365 243 9 11 0.023460517 
934 573 46 50 0.023451166 
694 272 7 9 0.023369765 
299 345 15 20 0.023322515 
859 270 7 9 0.023306182 
174 271 8 10 0.023301464 
118 269 8 10 0.023290113 
870 422 17 21 0.023257459 
777 405 14 17 0.023195757 
920 287 8 9 0.02318412 
93 302 12 13 0.023157882 
849 303 9 10 0.02314042 
247 299 11 13 0.023076383 
913 617 31 37 0.023037232 
489 469 47 54 0.023013806 
1003 401 21 26 0.02301337 
918 318 8 9 0.022963727 
864 311 7 9 0.022923535 
272 269 7 10 0.022886897 
247 293 11 13 0.022853231 
331 284 11 13 0.022830693 
881 312 8 10 0.022823937 
109 351 14 16 0.022819802 
632 537 17 21 0.0227455 
937 279 8 10 0.022734718 
903 304 8 9 0.02271493 
825 394 14 18 0.022694198 
413 207 9 11 0.022691993 
162 360 17 19 0.022667492 
250 232 6 8 0.02266666 
847 289 7 8 0.022585534 
849 302 19 25 0.022545785 
834 441 17 21 0.022440862 
713 373 16 20 0.022434413 
678 307 11 13 0.022427982 
309 347 13 19 0.022421293 
158 357 13 17 0.022376264 
79 281 9 11 0.022375297 
92 315 12 15 0.02236214 
719 270 8 10 0.022267677 
597 448 23 30 0.022225024 
614 550 16 21 0.02217019 
908 572 42 47 0.022130122 
954 567 46 53 0.022082007 
-22 171 198 209 0.022064138 
125 254 9 11 0.02204915 
167 306 11 12 0.022003556 
1014 332 10 15 0.02197925 
333 279 9 12 0.02194017 
103 309 11 13 0.021872014 
142 246 6 9 0.021822123 
790 350 11 13 0.021761684 
796 363 13 16 0.021752845 
940 435 24 28 0.021744018 
894 318 8 9 0.021736342 
13 278 9 11 0.021723628 
901 327 9 12 0.021717068 
920 213 9 12 0.021691943 
690 309 8 11 0.021618914 
589 355 23 31 0.021584537 
721 335 17 21 0.021541338 
154 308 9 12 0.021530865 
79 301 11 12 0.021530014 
870 343 8 12 0.021505252 
919 326 9 12 0.021484165 
925 301 8 10 0.021460459 
633 355 12 17 0.021375969 
181 320 10 12 0.021357024 
110 273 20 24 0.021353288 
222 286 9 12 0.021306094 
579 335 20 23 0.021299068 
624 389 10 12 0.02120614 
127 240 7 9 0.021163002 
590 256 8 10 0.021147162 
103 297 12 15 0.021142645 
520 254 10 13 0.021116186 
362 260 9 12 0.021106575 
870 317 8 10 0.02109008 
991 323 11 14 0.021063162 
914 285 8 10 0.021043306 
230 284 10 13 0.020988567 
833 296 19 24 0.020907484 
784 295 8 10 0.020885892 
537 268 18 24 0.020872042 
589 324 12 14 0.020804884 
733 341 9 12 0.02077172 
205 359 12 18 0.020752283 
726 346 10 13 0.020742934 
798 391 14 18 0.020667946 
826 475 28 34 0.020665694 
839 269 8 10 0.020660827 
342 264 8 11 0.020622369 
213 291 11 14 0.020620156 
305 7 56 69 0.020574627 
176 249 8 11 0.020493163 
289 272 7 9 0.02045087 
800 296 7 9 0.020421198 
601 419 11 16 0.020419281 
920 199 8 10 0.020369668 
743 276 9 10 0.020304892 
183 373 42 52 0.020289695 
528 205 9 11 0.020264369 
798 341 9 12 0.020251118 
176 277 8 11 0.020220662 
112 240 8 9 0.020217283 
29 124 13 16 0.020197248 
85 312 22 26 0.020154743 
1001 308 10 12 0.02014306 
878 481 19 22 0.020132326 
941 301 9 11 0.020077253 
650 525 17 22 0.020058852 
255 294 9 12 0.020027922 
814 331 10 12 0.020004788 
