2_Demonstration_Political_Rally_2_114
1025
648 317 27 36 0.9979265 
949 340 30 50 0.9783691 
501 244 12 15 0.8243624 
95 319 27 48 0.73107034 
458 311 25 41 0.7040433 
429 195 13 15 0.6576282 
950 211 8 11 0.629097 
826 276 14 18 0.5777482 
69 212 10 12 0.5731396 
831 247 9 12 0.5557628 
597 283 15 20 0.54056484 
443 412 55 71 0.53583103 
880 245 9 11 0.52626306 
574 247 20 28 0.50667727 
791 281 14 22 0.4662887 
92 269 13 15 0.42012814 
272 175 10 12 0.34576532 
86 96 8 11 0.34390405 
839 237 10 12 0.31139216 
607 262 9 12 0.30931768 
783 242 11 15 0.30382285 
751 165 8 10 0.29405072 
727 234 10 15 0.29265544 
521 229 9 12 0.28832537 
963 257 12 17 0.28062686 
515 283 14 21 0.27566227 
703 158 8 10 0.26634735 
113 265 22 31 0.26094455 
948 288 14 21 0.25201526 
909 200 8 11 0.24027091 
233 166 9 12 0.23819816 
44 254 22 31 0.22905645 
558 217 9 10 0.22844426 
649 216 7 9 0.22475341 
792 165 7 11 0.22079496 
996 255 9 12 0.21959798 
310 226 10 15 0.21936367 
389 264 13 15 0.21824051 
678 233 9 12 0.21700238 
977 239 7 10 0.20613354 
511 208 8 10 0.19962193 
958 174 9 11 0.19726235 
863 188 8 10 0.19107948 
687 198 9 11 0.18879256 
452 267 16 20 0.18852584 
624 215 6 9 0.18470488 
709 488 48 64 0.18420228 
686 267 14 17 0.18237196 
719 160 8 10 0.1818451 
642 166 7 9 0.1798943 
292 165 9 13 0.17422098 
888 183 8 10 0.17258577 
48 195 9 12 0.17150451 
260 278 26 31 0.1696931 
805 179 10 12 0.16697143 
865 213 9 12 0.16412935 
424 220 8 11 0.1636237 
80 239 8 11 0.16198888 
774 167 7 9 0.1617932 
862 220 9 12 0.15854174 
474 248 8 10 0.1535493 
340 238 11 15 0.15109985 
5 350 28 51 0.14882913 
803 283 14 18 0.1482638 
880 223 9 11 0.14747775 
508 324 24 35 0.14604151 
865 208 10 12 0.14482468 
102 211 8 11 0.1420512 
649 231 8 10 0.14175974 
98 206 10 12 0.14118057 
77 214 8 11 0.14065608 
793 183 8 10 0.13979062 
416 273 13 20 0.13853988 
941 286 15 20 0.13631985 
549 251 8 12 0.13615581 
470 214 9 11 0.13279885 
25 176 8 9 0.13227084 
929 214 7 10 0.13056651 
792 190 8 10 0.12683481 
800 181 9 11 0.1259718 
993 259 10 12 0.12539119 
426 174 8 10 0.12232337 
718 165 8 9 0.121178985 
606 237 9 12 0.12045847 
30 169 9 10 0.11960789 
399 236 11 13 0.119300574 
641 278 9 14 0.11864107 
985 209 7 9 0.11763521 
821 197 8 10 0.116541624 
999 237 9 11 0.11625088 
566 232 9 11 0.11613498 
481 207 8 9 0.11577324 
325 242 11 14 0.1152151 
507 206 7 10 0.1144632 
295 254 9 13 0.11324245 
946 209 8 10 0.112805106 
48 172 8 10 0.11169428 
623 222 8 10 0.10990036 
257 172 8 11 0.108965054 
766 192 8 10 0.108947344 
568 251 11 15 0.10740758 
777 199 7 9 0.10538713 
109 266 16 23 0.10529215 
422 216 8 11 0.103552215 
715 165 7 9 0.1035169 
641 160 7 10 0.103110775 
934 220 8 11 0.10230085 
122 209 7 9 0.10179038 
120 213 9 10 0.101496525 
822 268 13 19 0.10124448 
706 192 6 8 0.10071581 
959 197 8 10 0.10016336 
445 268 12 18 0.098786175 
443 354 14 18 0.098516844 
760 229 10 13 0.09833676 
133 253 12 16 0.09788009 
529 212 11 13 0.09760491 
770 166 7 10 0.09754619 
486 294 23 31 0.09748059 
926 207 8 10 0.096946865 
295 219 8 11 0.094448805 
973 293 22 27 0.09416407 
365 167 8 10 0.0934938 
454 197 8 12 0.093476415 
823 181 7 9 0.09239821 
737 144 7 9 0.092044935 
836 242 11 15 0.09170175 
446 230 8 10 0.09132605 
687 235 9 12 0.091087244 
693 236 8 11 0.090024605 
791 197 9 11 0.08922517 
584 239 8 11 0.089200675 
420 402 51 73 0.08838693 
884 221 10 11 0.08808831 
290 160 8 11 0.08800338 
143 239 11 13 0.08764395 
837 183 9 11 0.08750336 
413 232 9 12 0.08674782 
213 278 15 20 0.085674725 
508 240 11 14 0.08506512 
854 199 9 11 0.08470235 
592 207 8 10 0.084502645 
912 247 9 12 0.08446642 
832 239 10 12 0.084147595 
653 214 7 10 0.08412803 
1015 205 8 11 0.08360693 
276 156 10 12 0.082914345 
704 220 8 10 0.08290113 
600 237 10 12 0.082852975 
507 272 18 26 0.082654454 
722 238 8 12 0.082319446 
632 237 10 13 0.08231499 
1014 169 7 9 0.08201357 
776 239 10 14 0.08195738 
906 221 8 11 0.0815972 
634 199 7 10 0.08147364 
753 161 8 10 0.08092146 
922 206 9 12 0.080165245 
276 198 12 15 0.08004896 
480 220 9 11 0.07970449 
24 220 10 13 0.07942761 
848 214 8 10 0.07917876 
22 256 24 27 0.07894596 
336 241 12 15 0.07768905 
592 230 8 10 0.07752871 
430 246 9 12 0.07677158 
777 364 37 44 0.07661325 
263 174 10 12 0.07658806 
17 176 8 10 0.07657142 
788 238 10 14 0.07543438 
528 208 10 11 0.07487303 
968 272 12 18 0.074733235 
762 225 8 10 0.07453926 
94 223 8 12 0.07439252 
889 188 9 12 0.07422426 
417 214 8 10 0.07409183 
893 189 9 11 0.07402632 
576 220 8 10 0.07371401 
980 238 9 11 0.07356592 
838 221 8 11 0.073446855 
478 182 8 9 0.0733781 
644 283 10 14 0.073374785 
959 216 7 10 0.07304484 
497 216 7 10 0.072893344 
125 209 8 10 0.0728334 
848 205 8 10 0.072631314 
430 181 8 10 0.072344325 
308 235 12 16 0.072067454 
713 161 7 9 0.07184682 
508 268 12 17 0.07159141 
294 149 8 10 0.07127873 
752 209 8 11 0.07127643 
430 229 8 10 0.07121214 
856 240 8 12 0.07099353 
653 237 8 10 0.07074056 
437 272 14 20 0.070612915 
1000 207 9 10 0.07056681 
952 244 10 11 0.069247484 
727 222 10 11 0.06884503 
344 214 9 11 0.06862362 
775 160 7 8 0.06860513 
435 356 29 35 0.06858424 
64 218 10 13 0.06852108 
465 207 8 11 0.06840758 
335 80 8 11 0.068384014 
793 162 7 9 0.06817425 
254 212 10 12 0.0678824 
477 250 9 12 0.06778482 
677 182 8 11 0.067777954 
457 243 10 13 0.06750345 
359 183 9 12 0.06746937 
863 167 7 9 0.06720061 
206 264 11 14 0.066870205 
543 216 9 11 0.066808976 
288 171 9 12 0.06660555 
873 169 7 8 0.066594556 
823 177 7 9 0.06629895 
631 262 9 11 0.06615009 
761 192 8 11 0.06613452 
479 214 10 12 0.06593197 
861 239 9 11 0.0659028 
277 167 10 12 0.06590174 
290 252 9 13 0.065855436 
818 197 8 11 0.06562062 
782 198 9 11 0.065590434 
623 244 9 11 0.06554407 
311 143 8 10 0.06511387 
342 227 12 15 0.06494563 
29 285 30 34 0.064860836 
355 263 14 15 0.06425793 
481 199 8 10 0.06373934 
999 232 10 11 0.06317356 
849 200 8 11 0.06316737 
545 247 11 14 0.06250181 
442 230 8 11 0.0623008 
609 209 6 9 0.062289163 
425 167 9 12 0.06188896 
833 281 13 16 0.061480418 
882 294 17 25 0.061265003 
990 208 7 10 0.061168 
66 95 7 10 0.061148316 
609 213 7 10 0.061009917 
733 213 10 12 0.06074955 
879 228 9 12 0.060371414 
889 197 9 12 0.06034648 
785 192 7 9 0.06002046 
66 210 8 11 0.059873775 
711 215 9 12 0.059711687 
552 219 10 13 0.0594413 
543 234 12 14 0.059391048 
806 237 10 12 0.05937182 
142 208 8 10 0.059367295 
471 167 7 10 0.05924902 
610 191 8 10 0.05920648 
520 226 9 10 0.059137337 
736 191 8 11 0.059076894 
984 168 6 7 0.058939714 
633 255 9 11 0.058785666 
679 277 11 16 0.058528475 
719 222 7 10 0.058480855 
305 143 8 10 0.058154345 
156 260 16 20 0.0580279 
139 259 11 15 0.057482146 
933 216 8 10 0.057454143 
910 251 9 12 0.057354115 
704 197 8 10 0.057182066 
586 284 26 33 0.05697139 
692 263 12 18 0.056966934 
683 254 12 14 0.05664462 
975 215 8 10 0.05661205 
480 191 7 9 0.0564567 
148 274 13 16 0.0562991 
798 165 8 10 0.056184866 
377 114 10 12 0.0561741 
600 260 12 16 0.05599807 
487 238 9 13 0.055622406 
405 237 9 11 0.055593234 
272 168 10 13 0.05539964 
121 251 10 14 0.05501538 
993 237 9 11 0.05478462 
615 197 7 9 0.054702155 
758 160 7 10 0.054661665 
1000 222 10 10 0.054533105 
517 259 11 15 0.05452915 
90 266 21 25 0.05396269 
768 173 8 11 0.053834546 
669 280 15 17 0.053590413 
9 150 9 11 0.053588748 
568 207 7 9 0.052773103 
767 197 7 10 0.05263569 
759 143 7 9 0.0525869 
751 181 7 10 0.052359395 
98 211 8 12 0.052113052 
382 97 8 9 0.0515365 
70 231 8 10 0.05143692 
85 324 28 35 0.051316928 
582 335 32 53 0.05116742 
802 176 8 11 0.05114157 
406 253 10 13 0.0510539 
13 212 12 15 0.050928764 
447 246 9 12 0.050826795 
526 223 10 11 0.050782517 
954 283 12 18 0.050613042 
120 260 24 29 0.050521508 
712 177 8 9 0.050470646 
466 212 9 12 0.050469887 
953 260 11 14 0.05046356 
643 222 7 9 0.050297275 
88 223 10 12 0.050215885 
435 191 10 12 0.049765732 
884 239 9 11 0.049674626 
419 358 27 31 0.049654823 
454 177 8 11 0.049517 
689 166 7 10 0.049452428 
833 215 9 11 0.049445298 
320 236 11 15 0.049432404 
259 236 25 30 0.04931693 
872 172 10 11 0.049296904 
953 295 14 19 0.0492842 
777 203 9 12 0.049071524 
927 262 12 14 0.04874697 
673 236 11 14 0.04871083 
64 229 10 11 0.048707794 
474 182 8 10 0.048443597 
672 242 10 13 0.0483448 
719 242 10 15 0.048270572 
680 259 12 15 0.048170865 
265 179 10 13 0.048163082 
682 197 8 11 0.047847047 
561 231 9 11 0.047824766 
629 174 9 11 0.04781116 
630 245 9 11 0.047808006 
809 282 15 20 0.047724538 
249 174 8 10 0.047522105 
167 192 8 9 0.04729275 
931 268 11 14 0.047244113 
845 238 8 11 0.047235012 
470 207 8 11 0.047197044 
426 272 17 22 0.04719655 
987 283 16 19 0.04705176 
177 185 7 8 0.046778895 
62 242 12 18 0.046706464 
523 289 14 19 0.046673678 
913 306 19 23 0.04637983 
32 198 9 11 0.046285354 
-1 198 7 13 0.046096787 
362 297 13 18 0.045989677 
80 220 9 11 0.045844764 
96 199 9 12 0.045841575 
968 215 7 10 0.04581278 
365 27 20 25 0.045705818 
746 174 8 9 0.045627028 
775 144 8 10 0.04560656 
742 142 7 10 0.045496292 
253 285 24 33 0.04548092 
489 244 8 12 0.045266278 
247 426 59 68 0.04517226 
534 256 9 13 0.045079604 
628 267 11 15 0.04507674 
528 189 8 11 0.044858713 
697 152 7 10 0.04477316 
703 153 7 10 0.04475461 
817 207 8 11 0.0447381 
129 190 8 11 0.044707723 
712 221 9 11 0.044696383 
1000 187 8 11 0.044251714 
13 207 11 13 0.044221703 
295 144 8 11 0.04417445 
653 232 8 10 0.044146366 
338 64 8 11 0.044136357 
364 292 12 15 0.04407949 
999 169 7 8 0.044064194 
382 101 7 10 0.043967955 
916 244 10 12 0.043890297 
696 167 8 10 0.043846928 
70 131 10 12 0.04376368 
504 126 9 10 0.0437106 
307 94 7 9 0.043663673 
735 208 9 11 0.04365738 
729 175 7 10 0.043526433 
23 180 8 10 0.043432035 
465 166 8 10 0.04342777 
759 166 7 9 0.04342336 
910 229 8 12 0.0433789 
119 245 10 14 0.043328825 
261 206 10 13 0.04327 
422 339 46 45 0.043152284 
68 242 12 16 0.043149628 
277 177 10 13 0.043111198 
886 216 9 11 0.043100853 
821 263 10 13 0.04300527 
968 244 9 13 0.042889643 
960 220 8 9 0.04283827 
966 197 7 10 0.042826515 
515 330 26 38 0.042820312 
719 142 7 9 0.042751208 
729 214 9 12 0.04273025 
807 243 10 13 0.042651184 
497 220 8 10 0.042642724 
448 176 8 11 0.042615242 
945 469 32 38 0.042519107 
311 188 10 13 0.042501375 
698 158 7 9 0.04244906 
559 246 11 14 0.04239949 
227 290 12 16 0.042324375 
470 150 8 10 0.04222061 
744 182 7 10 0.042209797 
944 267 9 14 0.041925944 
353 189 9 11 0.041840766 
113 239 9 12 0.04172368 
112 221 8 11 0.04168516 
459 239 10 13 0.041666802 
639 231 8 11 0.041544467 
646 221 7 9 0.041301753 
391 254 11 13 0.04123523 
111 216 9 10 0.041210372 
703 165 8 10 0.041130614 
815 212 9 11 0.040890984 
36 204 10 14 0.040785223 
977 153 6 9 0.040536214 
497 175 8 11 0.040296115 
118 239 9 11 0.040221732 
473 175 7 9 0.04018231 
84 238 9 11 0.040177345 
586 252 12 17 0.04017591 
678 190 8 10 0.040076744 
501 222 7 10 0.04003323 
995 282 15 18 0.040032346 
639 152 7 9 0.039992347 
25 192 9 10 0.03997439 
985 290 18 21 0.039923288 
29 219 10 13 0.039872933 
306 229 10 13 0.03981046 
485 206 8 10 0.039715003 
798 161 8 10 0.039628386 
358 96 7 10 0.03948438 
343 93 7 10 0.039417084 
454 251 12 17 0.03939592 
759 208 9 11 0.03908522 
776 151 8 9 0.038986914 
526 255 12 15 0.038974337 
720 137 7 9 0.038940758 
893 183 8 10 0.03893189 
750 174 7 10 0.03886597 
776 127 7 9 0.038770683 
161 191 8 10 0.038736302 
504 201 8 10 0.038733512 
905 252 9 12 0.038669273 
671 254 11 15 0.03848754 
132 244 14 17 0.03846847 
517 208 9 11 0.038314156 
975 242 9 13 0.038180158 
959 244 8 11 0.038032386 
217 179 9 12 0.038008455 
807 187 10 13 0.037998904 
1006 246 9 11 0.03789319 
478 167 7 10 0.037791297 
679 274 23 29 0.037790325 
617 222 8 10 0.037718426 
478 176 8 10 0.037657857 
233 161 9 12 0.037592415 
735 150 8 9 0.037590064 
752 191 7 10 0.037496082 
1009 200 7 9 0.03747294 
856 183 9 11 0.037446782 
260 167 10 12 0.03743183 
601 276 15 20 0.03742641 
840 206 7 10 0.03735552 
310 216 9 12 0.037319332 
51 320 21 32 0.037220582 
906 204 8 10 0.037136804 
426 192 10 12 0.037095256 
649 200 8 10 0.036910977 
334 102 8 10 0.036869213 
877 167 8 10 0.036865335 
625 181 10 12 0.036826845 
511 261 12 17 0.036821064 
249 166 8 11 0.036802858 
471 140 9 10 0.03663746 
999 246 10 12 0.036458906 
673 182 8 10 0.036347695 
225 167 9 10 0.036340836 
126 251 11 15 0.036275793 
445 317 26 38 0.036224082 
516 365 23 35 0.03620704 
52 196 9 12 0.036186777 
731 231 12 15 0.036127802 
648 174 8 10 0.036009125 
361 173 10 12 0.035992734 
408 231 8 12 0.035967704 
503 214 8 10 0.03594894 
622 153 8 10 0.03593446 
617 214 7 10 0.035913367 
497 250 10 13 0.035896618 
509 250 12 15 0.03581112 
1005 182 9 13 0.03579887 
289 219 10 12 0.035781845 
429 223 8 11 0.035729557 
9 145 8 10 0.03569363 
879 197 8 10 0.035669744 
653 176 8 11 0.035642073 
638 200 7 9 0.035515133 
445 361 30 37 0.035502017 
926 229 9 11 0.035459034 
1006 206 8 10 0.035367724 
21 212 13 17 0.035363086 
289 150 8 11 0.03528498 
51 243 21 33 0.035252508 
976 158 7 9 0.035145734 
421 97 8 10 0.035083972 
79 184 7 9 0.03504467 
688 159 7 9 0.034960717 
648 246 9 12 0.03491145 
968 238 10 12 0.034891084 
1009 173 7 9 0.034857556 
838 216 7 9 0.034807146 
920 200 8 10 0.034762323 
112 243 11 15 0.034749385 
470 200 8 10 0.034636162 
881 182 9 12 0.034599245 
302 206 8 11 0.034590334 
464 159 8 11 0.034549996 
470 316 18 28 0.034549154 
367 39 13 16 0.034505494 
616 209 7 9 0.03447229 
776 193 8 9 0.034458995 
689 269 17 22 0.034431554 
729 191 9 11 0.034320135 
797 290 24 31 0.034311026 
617 150 8 10 0.03423712 
693 198 8 10 0.03420693 
505 175 8 11 0.034146246 
392 181 9 12 0.034093127 
145 183 7 9 0.034078658 
324 312 34 55 0.034026094 
672 175 7 9 0.033999253 
786 166 7 10 0.033990376 
342 87 8 11 0.033986412 
441 224 9 11 0.03397616 
358 302 12 18 0.03384815 
69 95 8 9 0.033811223 
545 125 11 14 0.033782195 
14 198 8 10 0.033644684 
373 270 10 13 0.033616822 
333 237 19 24 0.033562116 
118 134 8 10 0.033527553 
31 211 11 15 0.03349343 
234 284 14 18 0.0334642 
925 297 15 20 0.03343989 
533 221 9 10 0.033303887 
425 229 9 12 0.033238865 
830 166 8 9 0.03319314 
415 252 9 13 0.03315916 
932 275 10 13 0.033105034 
631 168 8 10 0.03299172 
322 234 19 24 0.032977216 
827 244 19 23 0.032900307 
529 184 7 10 0.03289901 
593 225 7 10 0.03287859 
572 306 16 20 0.032813054 
880 189 9 11 0.032784794 
800 205 7 10 0.03274111 
143 268 12 16 0.03269613 
526 234 10 13 0.03268349 
743 207 9 11 0.032681406 
54 242 14 21 0.032667708 
549 231 9 12 0.032634545 
391 246 10 13 0.032547053 
440 236 8 10 0.03250477 
474 188 8 11 0.03244934 
459 270 14 20 0.032445036 
64 207 19 23 0.03236101 
770 161 6 9 0.03234452 
962 261 18 26 0.032304447 
840 200 8 10 0.032232005 
920 223 8 10 0.03220095 
569 339 28 41 0.032130804 
305 112 7 9 0.032112245 
255 248 39 51 0.03209169 
1000 214 10 11 0.03209155 
472 219 9 11 0.032067057 
954 191 8 10 0.032060433 
624 209 7 9 0.032045417 
79 159 6 8 0.031856693 
59 256 15 24 0.03176929 
427 179 8 11 0.031754702 
325 213 8 10 0.031741273 
427 368 35 42 0.03172542 
997 269 11 14 0.03160531 
397 301 12 15 0.031597387 
363 284 12 16 0.031552337 
422 359 13 17 0.03145687 
450 192 7 10 0.03144852 
403 315 26 36 0.031428717 
747 167 8 10 0.031211661 
846 244 9 12 0.031167906 
616 245 9 11 0.031107666 
501 269 15 22 0.031084292 
838 188 8 11 0.031081244 
1010 170 7 8 0.031054305 
495 192 7 9 0.03102827 
719 252 11 14 0.031018782 
87 263 14 17 0.030919664 
446 252 10 14 0.030894522 
465 200 7 10 0.030892622 
441 165 8 10 0.030842897 
720 230 9 12 0.030717857 
416 394 36 46 0.030549014 
857 189 8 11 0.030531868 
178 303 39 50 0.030523436 
14 190 7 10 0.030425323 
487 230 9 12 0.030416308 
884 229 10 12 0.030370738 
480 239 8 12 0.03034912 
303 214 9 12 0.03023772 
181 184 8 9 0.030228142 
941 476 45 52 0.030207338 
469 159 8 10 0.0302015 
733 219 11 13 0.03011748 
816 165 8 10 0.030073302 
688 223 8 10 0.030030714 
232 183 8 10 0.029946823 
496 160 10 12 0.029935002 
107 340 32 42 0.029908724 
494 287 22 31 0.029884301 
856 222 11 13 0.029858902 
83 100 9 11 0.029821232 
673 231 9 12 0.02978326 
917 276 12 16 0.02972689 
539 274 16 20 0.029635895 
821 207 9 11 0.0295486 
814 281 24 28 0.029533848 
304 328 27 38 0.029428063 
24 148 7 11 0.02941548 
123 241 20 26 0.029377015 
838 175 8 10 0.029368332 
922 283 13 17 0.029352952 
533 207 9 10 0.02932686 
180 305 18 22 0.029312491 
350 260 22 26 0.029227244 
980 244 11 13 0.029163498 
496 127 8 10 0.0290519 
316 227 11 16 0.029048536 
138 208 8 10 0.029030824 
496 206 7 10 0.028923506 
464 153 8 10 0.028880322 
499 316 24 36 0.028857775 
633 233 8 10 0.028798038 
221 279 21 27 0.028773952 
71 169 7 9 0.028765045 
320 213 8 11 0.028713528 
694 173 9 11 0.028690852 
350 222 9 13 0.028632572 
728 152 8 10 0.028621765 
602 257 19 23 0.028616074 
926 236 9 12 0.028550843 
957 277 12 17 0.028548768 
576 192 7 10 0.028533205 
629 273 13 19 0.02849564 
56 215 9 12 0.02849496 
337 94 8 10 0.02849353 
402 430 53 77 0.028491944 
287 257 12 15 0.028387753 
591 235 9 13 0.028347151 
29 269 31 34 0.028325675 
449 434 68 84 0.028323917 
944 261 9 13 0.028322382 
673 231 19 24 0.02828638 
796 302 15 24 0.028272571 
176 189 8 10 0.028268576 
740 229 11 15 0.02823188 
664 230 9 10 0.028231358 
495 238 12 18 0.02822197 
935 206 7 9 0.028211096 
465 174 7 10 0.028200475 
125 257 15 20 0.028200084 
816 268 11 14 0.028124562 
888 206 9 10 0.028109523 
12 158 9 11 0.028054383 
388 261 19 25 0.028053313 
440 262 11 16 0.028048726 
741 190 8 11 0.028033169 
630 215 7 8 0.028007781 
710 190 7 10 0.027952157 
67 258 12 19 0.027949989 
486 191 7 9 0.027927708 
126 228 11 13 0.027905786 
191 277 10 14 0.027861724 
41 183 8 10 0.027854968 
663 261 10 13 0.027841765 
127 249 21 25 0.027831865 
398 242 12 15 0.027801549 
1014 200 9 12 0.027724402 
406 244 10 14 0.027702805 
455 204 8 12 0.027699484 
215 248 9 11 0.02767592 
1005 221 8 9 0.027664091 
911 193 8 9 0.027657745 
514 223 8 10 0.027655706 
935 288 16 21 0.027620262 
694 324 15 19 0.027580053 
676 242 14 16 0.027565258 
38 198 10 13 0.027563259 
353 293 22 30 0.027544599 
997 275 13 16 0.027531242 
552 205 8 9 0.027506728 
907 274 15 20 0.027474781 
504 119 10 11 0.02744184 
430 238 9 11 0.027420525 
1015 246 9 12 0.027311891 
768 242 11 15 0.027262613 
429 356 15 18 0.027259378 
990 212 7 10 0.027231244 
335 229 12 15 0.02716733 
16 180 8 10 0.027128283 
970 259 12 17 0.027051577 
757 233 11 14 0.027043581 
145 190 8 10 0.027026873 
764 272 15 21 0.027001925 
982 232 8 10 0.026981821 
798 199 8 10 0.02694756 
790 231 10 13 0.026913578 
484 222 9 10 0.026828062 
513 229 10 12 0.02681159 
9 284 15 19 0.026763594 
117 260 12 19 0.026713658 
529 291 17 19 0.026708575 
239 434 36 50 0.026706157 
117 358 29 38 0.026554747 
566 312 25 30 0.02655313 
94 87 8 9 0.026521277 
439 246 9 13 0.026479175 
93 168 9 11 0.026459657 
893 259 13 16 0.02643266 
977 208 7 10 0.026423989 
771 154 212 222 0.026416466 
288 94 7 10 0.02638499 
753 274 25 31 0.026362315 
222 126 7 10 0.026359046 
677 250 21 27 0.026327536 
467 266 13 17 0.026289225 
1016 211 9 12 0.026274081 
231 117 8 10 0.026273368 
807 150 8 9 0.026260456 
306 222 19 24 0.026227403 
650 208 7 9 0.026145 
504 369 26 39 0.026125813 
441 160 8 10 0.026097383 
104 230 8 9 0.026054462 
598 208 7 9 0.026044728 
299 253 10 12 0.02601813 
122 276 16 23 0.02595924 
960 169 7 10 0.025857575 
125 236 12 15 0.02585113 
726 157 7 10 0.025832664 
792 143 7 10 0.025801063 
192 175 8 11 0.025754455 
14 362 30 44 0.025700463 
958 262 14 20 0.025615675 
448 205 10 12 0.02553994 
832 233 10 12 0.025532627 
798 188 9 12 0.025531257 
444 379 34 47 0.025530448 
173 310 25 33 0.02551246 
202 262 10 14 0.025477512 
288 247 9 14 0.025455689 
894 206 8 10 0.025448203 
328 151 9 10 0.025432419 
29 192 8 10 0.025425924 
233 151 9 10 0.02537186 
496 197 8 11 0.025278727 
807 215 8 11 0.025250873 
984 159 7 9 0.025245087 
151 253 13 17 0.02523968 
374 134 9 11 0.025153494 
688 174 9 10 0.025119385 
250 213 10 13 0.02508948 
207 274 16 21 0.02508836 
927 256 10 12 0.025082938 
116 78 9 11 0.025042046 
238 172 8 11 0.025028326 
103 223 9 11 0.025017431 
848 191 7 9 0.024986159 
641 170 9 12 0.024980975 
789 288 20 33 0.024935652 
23 143 8 10 0.024896875 
9 204 10 13 0.024871167 
885 284 13 18 0.02481431 
895 237 9 11 0.024791854 
80 110 9 10 0.02477156 
655 199 6 9 0.024760107 
951 265 11 15 0.02471821 
415 246 9 12 0.02463467 
718 215 9 12 0.02459797 
814 245 9 12 0.02456834 
122 168 9 10 0.024565235 
655 207 7 10 0.02456497 
408 381 31 47 0.024402192 
888 177 8 10 0.024362594 
509 175 8 9 0.024349611 
712 228 9 11 0.024336077 
222 175 9 11 0.024328304 
447 237 8 11 0.024278367 
327 182 8 11 0.024249502 
405 258 12 17 0.024235154 
72 237 20 25 0.024233349 
271 192 19 26 0.02418896 
831 175 9 10 0.024132181 
598 232 9 11 0.024124824 
398 252 11 14 0.02411681 
303 189 9 12 0.024114532 
277 192 10 13 0.024073334 
753 196 7 9 0.02407148 
992 246 10 12 0.024038827 
407 150 8 10 0.024032833 
925 273 14 17 0.024029592 
154 270 18 21 0.023976794 
799 214 9 13 0.023976084 
703 205 9 10 0.023965184 
474 302 24 32 0.023934113 
589 110 12 15 0.023933914 
484 284 13 19 0.023898456 
824 165 8 10 0.02389811 
146 242 13 15 0.023859534 
713 237 10 12 0.023851532 
120 229 11 14 0.023845093 
294 189 10 14 0.023796927 
704 136 8 9 0.023761258 
13 282 28 35 0.02375959 
753 235 10 13 0.023756143 
792 175 8 10 0.023732869 
824 250 11 15 0.023715083 
609 282 15 19 0.0236984 
159 174 8 10 0.02366423 
675 92 203 229 0.023598844 
87 216 9 11 0.02359833 
632 205 8 11 0.023590937 
807 207 7 9 0.02355187 
524 275 14 20 0.023542376 
902 183 9 11 0.023526868 
225 240 9 10 0.023462756 
414 368 16 20 0.02344324 
871 290 22 30 0.023413587 
624 264 9 12 0.0234106 
725 252 10 14 0.023340173 
725 260 12 15 0.023338528 
385 134 201 206 0.023305617 
423 206 8 11 0.023252703 
485 215 8 10 0.023248313 
503 158 10 12 0.023203515 
1015 262 10 13 0.023143867 
241 231 8 11 0.023126712 
558 143 10 12 0.023108868 
436 383 17 21 0.023078369 
977 174 7 9 0.023043973 
735 166 8 9 0.023035623 
826 237 9 11 0.023023715 
492 372 27 42 0.023015197 
280 96 8 10 0.023014406 
520 191 8 10 0.023010792 
847 183 8 11 0.022977646 
273 152 11 13 0.022971837 
877 174 9 11 0.022961607 
134 191 7 11 0.022954008 
615 176 8 10 0.022894435 
366 268 11 15 0.022880703 
338 215 9 11 0.022864036 
972 283 13 18 0.022855865 
485 199 7 10 0.022848602 
653 246 9 11 0.022837732 
70 218 10 13 0.022836566 
770 149 7 10 0.022835674 
200 267 12 16 0.02281304 
991 267 12 15 0.022795772 
138 212 8 11 0.02278586 
905 228 9 12 0.022784114 
324 231 12 15 0.022744378 
334 143 8 10 0.022695072 
975 220 8 10 0.022665298 
269 169 19 22 0.02266051 
913 238 8 12 0.022605421 
262 247 15 20 0.022598304 
280 251 24 28 0.022593338 
295 229 9 11 0.022592973 
854 204 9 12 0.022584159 
245 231 10 13 0.022558445 
600 199 6 8 0.022547055 
994 295 17 22 0.022524977 
623 157 9 10 0.02252232 
958 180 8 9 0.022478482 
92 94 8 10 0.022432163 
128 183 8 10 0.022412524 
113 135 7 10 0.022370584 
166 293 15 19 0.022360178 
43 269 19 23 0.022355853 
442 175 7 10 0.022351744 
559 123 11 14 0.02231619 
967 168 6 8 0.022312332 
487 111 8 11 0.022309378 
267 242 27 33 0.022287164 
800 149 8 10 0.022282353 
728 180 8 10 0.022282228 
833 188 9 11 0.022262935 
58 238 21 28 0.022262713 
575 208 7 9 0.022197124 
37 101 199 238 0.022195239 
764 289 23 32 0.022190437 
630 191 7 10 0.02213993 
918 239 9 13 0.022116445 
557 318 32 36 0.022076275 
357 274 13 17 0.022054674 
7 279 12 15 0.022036599 
989 276 15 17 0.022033442 
136 236 11 15 0.022026809 
415 208 9 11 0.02199786 
614 255 9 11 0.021971462 
945 244 8 11 0.021935668 
642 217 8 9 0.02186728 
967 232 8 11 0.021857327 
317 187 11 13 0.021852609 
736 158 8 10 0.021822426 
783 144 7 9 0.021820417 
464 135 10 12 0.021802641 
308 251 11 13 0.021801317 
271 189 10 13 0.021753006 
133 229 9 12 0.02173399 
342 293 11 15 0.02168196 
792 203 9 11 0.0216679 
742 151 8 8 0.021622404 
593 200 6 8 0.021614434 
589 275 14 22 0.02160693 
207 253 10 12 0.021593003 
1015 284 10 14 0.021584898 
640 127 7 10 0.021556221 
918 269 13 15 0.02154598 
464 221 9 11 0.021541238 
263 187 11 14 0.021527717 
73 189 9 11 0.021520177 
204 278 23 32 0.021502376 
334 149 8 10 0.021489918 
688 193 10 12 0.02146646 
74 185 6 8 0.021441989 
137 128 9 11 0.02141086 
614 229 8 11 0.021399474 
687 181 9 10 0.021364825 
526 244 10 13 0.021356715 
945 206 18 23 0.02134728 
192 271 10 13 0.021334196 
393 236 10 15 0.021297581 
983 173 7 8 0.021293124 
277 261 11 14 0.021284768 
955 197 8 10 0.021281384 
854 228 10 13 0.021265125 
980 274 14 18 0.021256894 
135 349 11 14 0.021225257 
168 185 7 9 0.021224048 
347 357 12 16 0.021204537 
399 256 21 28 0.02120042 
590 122 12 15 0.021197176 
368 128 9 12 0.021186305 
766 215 8 10 0.021184003 
72 254 22 29 0.021182856 
903 306 15 19 0.021163035 
130 195 8 11 0.021146966 
697 142 8 10 0.021130715 
223 296 13 16 0.021089984 
537 198 10 12 0.021045225 
909 310 28 33 0.021018194 
415 260 11 17 0.020976307 
703 175 8 10 0.020954017 
877 241 19 24 0.020895358 
349 294 12 16 0.020895062 
695 192 8 10 0.020879308 
887 275 14 21 0.020856513 
364 263 12 15 0.020853855 
330 86 8 10 0.020853573 
61 272 13 20 0.020823732 
188 298 16 23 0.020794885 
15 339 26 41 0.020726401 
935 200 8 11 0.020685637 
208 181 8 10 0.02066695 
972 268 12 18 0.020665659 
256 179 10 13 0.020634364 
255 243 12 15 0.020619564 
380 111 9 12 0.02061575 
830 160 7 9 0.020615522 
726 240 11 16 0.020608786 
728 209 9 10 0.020600181 
267 235 16 18 0.020585239 
248 160 9 10 0.020552674 
76 249 13 18 0.02054336 
209 267 15 18 0.020529782 
895 231 9 10 0.020526256 
378 102 9 10 0.020439614 
252 291 14 20 0.020437896 
295 194 11 16 0.020431034 
104 133 9 11 0.020403732 
563 116 11 15 0.020379672 
244 295 20 29 0.020378817 
50 113 7 9 0.02036766 
599 255 10 14 0.020354895 
741 274 12 17 0.020335564 
484 131 191 205 0.020328252 
472 239 9 12 0.020308971 
237 302 12 17 0.020260246 
703 228 9 12 0.020248655 
769 144 7 10 0.020235246 
958 334 33 46 0.020233884 
496 181 7 8 0.020223072 
583 108 23 28 0.020219747 
761 175 8 9 0.020216562 
317 328 26 42 0.02018061 
512 101 41 56 0.02013669 
117 221 11 12 0.0201321 
873 228 9 11 0.020096518 
794 150 6 9 0.020089617 
303 243 11 14 0.020053139 
44 271 27 35 0.020033615 
460 250 12 15 0.020028785 
968 208 7 8 0.020024054 
456 135 8 11 0.020023888 
247 134 8 10 0.020019779 
994 189 9 11 0.020011675 
0 167 6 10 0.020006089 
993 168 7 8 0.020005371 
