2_Demonstration_Political_Rally_2_577
42
554 1151 26 34 0.9990336 
481 1142 28 35 0.9984207 
84 1078 31 41 0.9982097 
935 1252 31 36 0.9973193 
373 1120 33 40 0.99565256 
178 1096 30 34 0.99009305 
868 1237 26 29 0.9876867 
643 1184 24 31 0.98620576 
748 1200 23 31 0.71471065 
845 1240 16 20 0.29840645 
422 1172 14 19 0.17341109 
722 1200 16 22 0.09224945 
222 1143 14 19 0.07580752 
965 919 28 34 0.067511395 
71 1082 28 33 0.054851584 
880 1286 29 32 0.05329044 
927 928 30 35 0.050305884 
246 1012 13 17 0.04759025 
844 214 16 17 0.043761976 
10 1043 17 20 0.04116134 
460 1172 13 17 0.040161442 
146 993 20 20 0.038969357 
709 1218 12 15 0.03685468 
0 960 19 31 0.033958748 
21 1114 14 19 0.031934474 
742 1209 14 20 0.028377851 
911 302 32 35 0.027259244 
510 237 426 458 0.02704061 
849 1245 17 21 0.024849948 
728 1200 21 31 0.024686506 
166 1100 28 31 0.024544302 
631 1186 27 32 0.023895467 
716 195 33 38 0.023507921 
468 1137 29 35 0.023179825 
454 1166 22 29 0.022586264 
893 1274 27 34 0.02251894 
906 1266 17 23 0.022161402 
58 1174 34 37 0.021545127 
942 853 29 33 0.021337394 
687 1158 212 228 0.021136718 
325 1313 15 17 0.021104718 
956 306 32 34 0.020340739 
