13_Interview_Interview_2_People_Visible_13_461
29
155 151 65 102 0.95183104 
87 168 66 98 0.6165283 
62 458 16 18 0.46358395 
111 160 79 101 0.12167277 
45 452 15 16 0.09079137 
627 44 388 448 0.07492583 
53 455 17 21 0.059195515 
77 380 9 11 0.058925014 
51 446 15 17 0.038518645 
187 163 54 80 0.03717483 
425 175 32 41 0.036095485 
70 242 59 58 0.034221876 
728 115 230 270 0.03391546 
282 580 12 15 0.032037593 
115 387 13 15 0.03166061 
110 382 12 15 0.030506741 
62 374 12 15 0.030068222 
103 381 11 14 0.02769994 
69 376 12 13 0.025618697 
470 553 14 17 0.02528452 
217 548 30 44 0.025195638 
9 358 10 13 0.024019666 
104 375 10 12 0.023072159 
26 416 99 117 0.021924105 
110 446 14 15 0.021749748 
167 482 11 15 0.020914337 
579 596 119 128 0.020625245 
63 191 102 110 0.020047707 
53 374 13 16 0.020046799 
