13_Interview_Interview_On_Location_13_569
72
258 375 343 480 0.99769837 
759 609 26 30 0.7769378 
858 648 36 42 0.7088142 
730 707 32 37 0.6795166 
787 682 20 31 0.5234398 
902 682 32 38 0.44321492 
811 698 24 31 0.44017038 
678 139 247 272 0.3898745 
646 35 402 462 0.2404196 
719 337 62 61 0.17762136 
740 214 159 165 0.14627296 
789 620 15 24 0.12951328 
774 613 24 31 0.12734091 
679 316 38 47 0.12636176 
767 665 41 54 0.12545761 
811 626 28 38 0.10567223 
818 692 18 22 0.09430333 
572 727 414 572 0.08747865 
766 730 27 36 0.083244786 
796 603 46 59 0.08086432 
832 727 47 47 0.07241981 
693 332 56 60 0.07075938 
858 687 27 32 0.0592458 
707 290 129 119 0.054208487 
808 607 26 31 0.053069215 
742 705 45 55 0.052336823 
702 360 31 42 0.04700409 
791 618 26 33 0.044833634 
793 653 15 19 0.044136345 
793 694 27 37 0.042273086 
893 689 28 33 0.041286338 
819 660 23 28 0.03961621 
323 25 466 501 0.03872271 
750 263 30 38 0.03791893 
803 705 19 24 0.03362127 
775 602 25 29 0.033340313 
812 664 17 20 0.03282558 
796 679 25 36 0.032716095 
780 652 15 20 0.031791233 
778 728 27 38 0.03062121 
772 655 15 19 0.030110953 
668 530 380 454 0.029995244 
816 710 26 31 0.029743398 
845 604 16 17 0.02928142 
828 631 24 31 0.028961012 
822 698 19 23 0.028112037 
743 713 21 24 0.027663412 
745 769 18 22 0.027407894 
777 663 25 34 0.027339896 
813 625 45 58 0.026233245 
745 343 36 40 0.026092548 
418 846 423 534 0.02555465 
787 732 16 23 0.024889145 
778 614 48 62 0.024125425 
849 719 32 34 0.023924459 
849 235 26 34 0.023635102 
829 733 28 34 0.023257323 
785 654 21 28 0.022844046 
771 671 17 23 0.022790622 
730 333 33 41 0.022639522 
817 251 73 91 0.022525836 
705 236 57 50 0.022268184 
709 232 125 119 0.022218725 
803 737 16 22 0.022011967 
822 640 27 34 0.021491714 
699 328 35 43 0.021118084 
709 687 77 96 0.020996738 
726 659 34 38 0.020923447 
596 297 52 60 0.02084702 
867 232 26 31 0.020677792 
779 310 15 17 0.020335346 
860 655 20 23 0.020152653 
