13_Interview_Interview_Sequences_13_5
30
480 28 86 117 0.99847525 
107 291 37 50 0.83007145 
75 343 45 56 0.30019516 
630 77 32 35 0.24003433 
245 213 55 64 0.16755712 
73 291 32 47 0.074970625 
76 278 61 68 0.0728912 
581 53 39 53 0.06402704 
728 129 46 57 0.06301013 
707 167 28 26 0.05954289 
588 6 21 31 0.057973973 
65 235 28 27 0.055999145 
152 373 66 67 0.055497043 
673 102 25 33 0.050157566 
68 245 18 23 0.04322953 
592 48 25 39 0.042314 
748 124 29 39 0.040036384 
629 91 26 33 0.038794585 
237 243 60 74 0.035687737 
705 152 56 51 0.032003257 
683 107 18 23 0.030897029 
73 275 38 43 0.029245349 
618 103 21 33 0.024089614 
340 116 13 16 0.02287582 
639 77 14 17 0.02256775 
143 355 51 65 0.02121293 
481 325 73 61 0.020942261 
837 8 214 226 0.020862877 
629 103 15 22 0.02067601 
249 189 79 113 0.020023378 
