13_Interview_Interview_Sequences_13_937
29
214 338 551 628 0.999966 
731 811 200 276 0.48868865 
818 613 90 101 0.42053768 
462 337 370 476 0.23453765 
232 194 419 519 0.1462667 
942 642 28 41 0.09467088 
688 19 179 246 0.087162934 
870 75 149 235 0.08134525 
581 134 375 481 0.07294992 
774 132 217 340 0.07290192 
730 49 35 39 0.065810874 
720 54 118 127 0.06454909 
845 640 104 99 0.05261035 
650 736 336 424 0.043806665 
518 -67 425 481 0.04254092 
95 589 465 419 0.04101616 
723 52 64 65 0.037343133 
922 640 46 62 0.028884228 
856 608 63 82 0.028164197 
36 881 14 18 0.028044319 
919 39 102 152 0.025786025 
790 497 165 212 0.025308065 
704 34 102 104 0.024353933 
880 632 53 67 0.023969114 
890 148 162 242 0.023674829 
752 59 63 69 0.022379106 
618 1065 217 233 0.022189034 
13 938 27 33 0.02155321 
806 32 153 235 0.020836795 
