13_Interview_Interview_Sequences_13_35
32
622 498 43 61 0.98928225 
542 476 58 69 0.9872744 
472 75 43 59 0.982294 
356 276 53 69 0.9813116 
504 404 59 72 0.97894657 
420 446 132 166 0.38877794 
959 168 9 11 0.21558464 
479 415 83 105 0.09351975 
937 153 7 9 0.07287395 
569 416 45 54 0.070588365 
725 408 18 20 0.06808315 
832 727 45 35 0.05293332 
306 480 30 35 0.049080607 
936 156 8 10 0.046077583 
559 451 54 66 0.045629896 
672 239 36 34 0.044276547 
998 164 9 10 0.040603403 
253 9 43 51 0.036125332 
599 284 36 35 0.033093117 
742 172 11 14 0.032412738 
942 157 7 10 0.030112073 
953 174 8 10 0.026276143 
941 153 8 9 0.025728876 
992 174 8 11 0.024079671 
918 176 9 12 0.02381282 
279 608 38 35 0.023230452 
929 159 8 9 0.023179546 
503 476 88 93 0.022664705 
955 168 8 10 0.0221025 
964 167 8 10 0.021719314 
993 166 9 11 0.02086371 
588 407 56 61 0.020268803 
