13_Interview_Interview_On_Location_13_129
24
403 -1 191 245 0.99977976 
302 36 10 11 0.206494 
709 464 19 23 0.15187076 
602 498 23 26 0.106123686 
258 43 13 16 0.091903634 
663 530 13 15 0.059676398 
588 544 17 21 0.057900462 
656 468 23 28 0.04719284 
115 146 32 37 0.044224944 
799 1 36 33 0.036190502 
3 341 14 22 0.031318247 
786 256 29 36 0.030198043 
652 557 17 18 0.030034004 
591 533 24 30 0.027310625 
315 79 16 20 0.025576249 
655 463 18 22 0.02553955 
141 60 13 16 0.024950633 
811 243 15 18 0.023811286 
610 494 15 18 0.022653384 
809 -3 53 43 0.022632523 
674 482 14 17 0.022013582 
826 4 20 17 0.021704951 
316 3 31 32 0.021198224 
295 31 11 14 0.020996533 
