13_Interview_Interview_2_People_Visible_13_189
60
251 224 45 56 0.99885035 
172 215 59 71 0.9987405 
752 241 39 47 0.99795675 
511 217 49 65 0.99794084 
396 217 46 61 0.9976272 
570 183 40 51 0.9973603 
815 253 43 54 0.99184036 
676 244 39 54 0.9914247 
920 248 42 50 0.97876006 
756 618 18 21 0.31124356 
733 240 23 35 0.2078163 
989 143 13 15 0.08947251 
648 264 24 30 0.08635124 
415 110 11 13 0.06630057 
996 675 11 12 0.061801806 
594 115 14 17 0.055970397 
530 83 16 21 0.055217665 
790 244 26 36 0.05302572 
653 113 16 19 0.047394775 
685 134 14 19 0.04717034 
352 261 18 20 0.041402277 
712 270 22 28 0.039940294 
333 274 14 18 0.0394198 
732 255 15 21 0.039198108 
742 236 33 42 0.034705292 
589 109 15 17 0.034003716 
569 79 15 19 0.033169426 
901 259 26 37 0.03307634 
694 93 11 15 0.0313316 
404 103 12 14 0.030742873 
204 222 34 53 0.028911544 
851 244 25 33 0.028886167 
300 261 24 29 0.028343502 
983 141 13 16 0.027701404 
993 643 12 15 0.027307643 
997 117 9 11 0.026456075 
1007 674 11 15 0.026053702 
1007 201 12 17 0.02600492 
477 67 13 14 0.025826585 
424 83 13 18 0.025592823 
308 100 17 21 0.025195261 
422 101 10 13 0.024589539 
821 656 15 17 0.02394295 
603 96 14 18 0.023685832 
633 167 26 29 0.022522956 
601 81 14 17 0.02242385 
986 6 35 44 0.02241752 
996 141 14 17 0.02217854 
834 683 13 15 0.021030962 
598 90 13 16 0.02098583 
212 649 29 34 0.020984035 
646 105 15 20 0.020779086 
592 87 11 13 0.020586247 
658 258 28 41 0.020568028 
691 104 15 20 0.020380914 
426 90 13 16 0.020328213 
797 820 10 13 0.02018424 
997 707 10 12 0.020174561 
510 679 13 18 0.020042164 
668 185 13 16 0.020012166 
