13_Interview_Interview_2_People_Visible_13_668
177
598 468 16 20 0.91590387 
936 453 18 23 0.7839998 
415 470 13 16 0.40463635 
126 714 13 17 0.3850359 
716 627 15 19 0.33737397 
292 468 13 17 0.31693062 
106 693 12 13 0.24363777 
85 684 11 15 0.21843189 
220 720 20 29 0.1767487 
5 683 12 16 0.1695723 
39 721 13 16 0.16640157 
246 735 22 27 0.16614953 
527 488 13 16 0.1533997 
290 745 14 17 0.13985144 
90 732 14 17 0.13185301 
706 625 22 26 0.12510313 
30 746 16 18 0.12356445 
176 649 9 10 0.12166848 
692 493 24 27 0.119635485 
521 479 11 12 0.094658785 
437 525 15 20 0.08965936 
118 713 15 17 0.089241676 
499 485 11 14 0.0891489 
691 503 17 21 0.08803137 
174 722 15 18 0.08686035 
323 746 17 19 0.08397865 
63 700 12 15 0.08236744 
28 686 13 16 0.08130455 
80 685 12 15 0.08033056 
28 670 12 13 0.07972717 
339 737 17 19 0.079695106 
69 37 340 482 0.07683762 
55 691 11 14 0.0725759 
132 710 13 17 0.070802085 
17 590 11 13 0.06860577 
480 470 10 14 0.06547156 
222 711 16 22 0.06443084 
205 709 14 17 0.063293986 
150 714 15 18 0.06324482 
705 477 25 30 0.062825836 
534 470 9 12 0.0621602 
532 474 13 17 0.060946427 
568 427 12 16 0.060274385 
707 496 16 20 0.059704617 
533 449 11 14 0.058112226 
135 700 12 15 0.058027644 
67 705 13 17 0.05561032 
45 582 11 14 0.05550795 
925 453 24 29 0.051906303 
55 573 11 14 0.051897578 
27 552 11 15 0.05186467 
2 677 10 13 0.050313804 
591 497 15 19 0.0501924 
484 557 11 15 0.049816124 
68 737 15 18 0.04767303 
154 708 14 17 0.047163323 
60 694 11 14 0.04651085 
27 675 14 15 0.04637694 
528 471 9 13 0.0460334 
128 660 10 12 0.04567368 
714 283 223 269 0.045522194 
677 609 44 56 0.045495164 
158 692 11 13 0.0443628 
635 504 11 15 0.042109717 
209 727 23 28 0.041343253 
345 732 15 19 0.04134278 
330 744 18 19 0.041259784 
71 728 20 25 0.041135095 
78 656 10 12 0.04057629 
609 468 14 17 0.040490635 
109 582 10 13 0.039341137 
6 712 14 18 0.039253622 
380 740 17 20 0.039158758 
420 492 13 16 0.038969982 
702 477 14 20 0.03862973 
197 701 14 15 0.038606793 
781 347 30 33 0.037676577 
156 701 12 15 0.03748974 
174 700 11 13 0.03744454 
22 726 11 15 0.037201002 
211 713 22 29 0.036916405 
230 725 22 27 0.036850568 
157 655 9 10 0.03671021 
500 530 11 17 0.03585308 
30 725 12 15 0.034489427 
596 492 23 26 0.03419064 
102 696 15 17 0.033528432 
198 739 14 17 0.032692384 
213 708 14 18 0.032568358 
317 741 16 19 0.032545216 
516 488 21 26 0.032099154 
133 660 9 11 0.031874273 
90 592 17 17 0.031841226 
687 624 29 33 0.031521685 
132 720 12 16 0.03139557 
152 668 11 14 0.03102704 
611 493 16 17 0.030922545 
199 714 14 18 0.029384049 
620 492 12 14 0.028907575 
180 701 11 14 0.028518466 
66 745 17 18 0.028322827 
693 477 12 17 0.028280625 
204 721 15 18 0.028046215 
297 747 14 16 0.027943105 
156 720 13 17 0.027326599 
56 698 12 16 0.027276274 
165 716 12 17 0.026716722 
139 740 14 18 0.026346449 
59 723 14 16 0.026308322 
275 736 25 29 0.026094655 
170 645 10 12 0.025994156 
44 707 12 15 0.025928171 
47 690 13 16 0.02577187 
204 737 16 18 0.025750076 
174 669 10 12 0.025717787 
256 737 17 21 0.025642242 
152 663 10 12 0.025633218 
203 702 13 15 0.025544025 
686 453 12 18 0.025360648 
150 746 12 16 0.025195057 
551 427 10 13 0.025116012 
552 452 11 15 0.025087593 
540 491 13 15 0.025010668 
497 480 10 12 0.024913866 
70 691 13 15 0.024492081 
695 384 10 12 0.02448291 
525 496 15 20 0.024244618 
180 707 12 15 0.024098862 
964 490 17 23 0.023959167 
70 684 14 16 0.023910118 
628 613 11 13 0.023718726 
590 428 9 11 0.02366792 
420 482 15 17 0.02366433 
191 708 11 15 0.023518123 
629 512 16 20 0.023511987 
252 724 15 17 0.023477117 
559 436 11 15 0.023361882 
69 726 12 16 0.02335262 
516 498 14 18 0.02333083 
656 426 11 14 0.023327118 
479 550 12 16 0.02331592 
428 490 12 16 0.023304457 
623 429 8 11 0.02300211 
78 208 96 139 0.02283847 
64 559 9 13 0.022648392 
580 372 14 19 0.022526816 
486 462 10 14 0.022517174 
95 583 12 13 0.022403548 
38 709 13 15 0.02229239 
510 494 11 13 0.02224173 
197 619 13 15 0.022204299 
558 427 12 16 0.022143126 
78 679 13 15 0.022096366 
35 685 11 14 0.021928806 
86 476 16 17 0.021868126 
174 660 9 13 0.021810869 
703 489 26 31 0.02180461 
286 752 17 18 0.02180412 
700 627 18 22 0.021652933 
53 558 11 13 0.021572918 
637 706 16 17 0.021412307 
110 587 11 14 0.021279579 
61 730 15 18 0.021277491 
140 694 10 13 0.02118502 
117 590 10 13 0.021168068 
688 477 11 15 0.021147873 
102 583 11 13 0.021109737 
118 610 12 15 0.020930767 
171 737 16 18 0.020761626 
685 428 11 13 0.020747477 
180 652 10 12 0.020607745 
484 473 10 14 0.02052637 
157 662 9 12 0.020503208 
528 445 13 15 0.020446762 
167 698 12 15 0.020386418 
60 714 14 18 0.02031403 
700 452 12 18 0.020193715 
