13_Interview_Interview_Sequences_13_973
28
294 121 82 110 0.99765223 
820 167 78 94 0.99552876 
786 268 17 22 0.25902453 
472 95 25 31 0.12500063 
128 117 37 44 0.1037555 
502 87 16 18 0.1006951 
709 307 10 12 0.07863421 
766 274 12 14 0.046668366 
469 105 15 20 0.046512034 
647 238 10 14 0.04405685 
611 338 23 34 0.043706086 
759 273 12 14 0.04212601 
668 279 11 15 0.038271893 
748 284 10 12 0.0382562 
728 294 9 12 0.031327136 
662 243 15 18 0.031127071 
888 453 7 9 0.028164426 
774 251 27 34 0.026394108 
491 86 22 26 0.025946377 
705 303 11 13 0.023638226 
731 252 16 18 0.023396023 
498 85 11 15 0.02316967 
750 278 11 13 0.022458384 
657 273 25 30 0.022089843 
529 83 16 17 0.02153766 
518 83 13 15 0.020493886 
465 106 12 16 0.020247458 
652 242 14 17 0.020062491 
