13_Interview_Interview_Sequences_13_717
95
301 171 169 217 0.99855524 
623 154 84 107 0.99262625 
130 304 20 27 0.9540455 
845 278 20 25 0.9026674 
73 308 18 23 0.890353 
680 449 17 22 0.8355726 
604 408 23 29 0.81592774 
649 463 24 35 0.43885365 
164 420 16 22 0.4120575 
171 378 22 24 0.28797984 
806 402 24 28 0.25782415 
498 386 30 31 0.17001581 
339 472 26 39 0.16857411 
907 308 13 16 0.1538108 
831 460 24 40 0.14846921 
688 450 16 20 0.11028901 
380 622 9 11 0.10996223 
299 144 17 20 0.108843185 
320 628 12 17 0.10166091 
388 409 18 20 0.09081358 
355 629 10 13 0.08128462 
926 327 13 15 0.07713363 
902 323 17 20 0.076363645 
849 354 16 19 0.07511562 
574 136 12 16 0.07501558 
697 451 15 18 0.074273996 
644 134 13 16 0.0730288 
700 444 13 18 0.06745926 
639 382 32 35 0.06606613 
905 314 15 19 0.06315026 
946 325 10 12 0.061375618 
206 313 16 18 0.056038413 
687 358 15 18 0.05241902 
260 444 11 13 0.051098205 
844 180 11 16 0.050445076 
941 300 9 14 0.049633585 
382 629 10 11 0.049356226 
392 616 9 11 0.048548114 
390 637 12 14 0.045892302 
938 362 14 21 0.04554194 
352 624 10 11 0.045168597 
395 621 10 12 0.044418257 
927 343 12 13 0.04433376 
693 438 13 16 0.043872144 
831 389 10 13 0.043579485 
144 394 18 20 0.043199193 
315 624 21 26 0.039047662 
868 358 11 16 0.038921773 
324 623 11 15 0.038464576 
62 307 16 20 0.038160764 
878 338 13 16 0.036571298 
650 463 16 20 0.035611756 
163 404 14 17 0.034976993 
68 301 19 22 0.034741633 
916 76 10 13 0.03457652 
259 256 16 21 0.033822183 
85 145 31 35 0.032190666 
264 -9 401 459 0.03145003 
128 387 13 17 0.031385172 
616 416 16 20 0.031165844 
918 323 12 17 0.030880932 
57 332 15 17 0.030715797 
862 357 12 18 0.030131098 
854 309 12 16 0.03011249 
352 615 10 12 0.029708076 
156 108 21 27 0.029210614 
654 471 28 35 0.028192047 
945 331 10 13 0.027645348 
567 139 12 17 0.02738076 
205 313 26 31 0.02732689 
200 315 13 16 0.026324745 
830 308 13 15 0.026047073 
431 614 9 12 0.025582252 
667 490 15 19 0.025576988 
824 206 11 15 0.024922274 
383 618 8 11 0.024017602 
761 205 10 15 0.024002645 
170 410 23 33 0.023937568 
835 460 15 23 0.023691248 
782 185 10 15 0.023245389 
668 454 23 29 0.023182288 
877 162 15 19 0.023061875 
702 463 13 17 0.023033949 
861 370 15 20 0.022417272 
461 598 9 11 0.022384552 
157 403 14 17 0.021899922 
68 353 24 25 0.021568833 
944 341 10 13 0.02117555 
915 318 12 16 0.020963209 
280 139 12 17 0.020836733 
871 315 12 15 0.020633336 
487 608 10 14 0.020624673 
110 335 16 20 0.020338178 
82 142 62 79 0.020108238 
709 473 16 21 0.020080857 
