13_Interview_Interview_Sequences_13_373
66
486 183 74 97 0.99520516 
327 49 15 18 0.19020373 
355 52 14 21 0.16623694 
668 565 17 20 0.09828706 
557 450 29 30 0.078943394 
536 462 42 38 0.07194876 
360 399 24 30 0.06351738 
368 110 10 14 0.050644204 
708 107 33 43 0.050421216 
632 228 22 28 0.043153506 
817 558 8 10 0.04284819 
865 368 9 11 0.042796127 
280 132 12 15 0.041308474 
864 568 7 9 0.040619865 
832 552 7 9 0.035373937 
854 550 8 11 0.03526622 
1012 373 9 13 0.03518267 
872 573 8 10 0.034416568 
775 558 10 12 0.034026794 
318 36 38 47 0.03387887 
914 566 8 9 0.033851318 
815 590 9 12 0.033173297 
335 49 25 29 0.032260414 
897 565 8 11 0.030205773 
880 566 9 10 0.029857641 
319 50 14 16 0.029481025 
909 600 8 10 0.029193802 
582 446 13 16 0.029189106 
822 560 8 9 0.029155722 
902 583 7 10 0.028573502 
913 318 8 11 0.027792929 
357 20 11 14 0.027669841 
917 559 9 11 0.027526533 
857 576 8 10 0.027347682 
210 244 19 23 0.027237259 
898 583 7 9 0.027044749 
839 568 7 8 0.026315283 
340 51 13 16 0.025305094 
629 478 34 45 0.025265144 
341 76 25 37 0.025203796 
804 582 10 13 0.025008418 
342 107 12 17 0.024940224 
856 558 8 9 0.024871811 
540 454 66 53 0.02439321 
806 535 7 9 0.024282219 
837 527 8 10 0.0241702 
294 102 11 13 0.024164088 
777 544 9 10 0.024141524 
662 556 28 33 0.024071626 
774 552 10 11 0.023685865 
841 558 7 9 0.02209349 
742 517 10 13 0.021811346 
251 76 13 18 0.021743165 
402 378 14 15 0.021581603 
896 560 8 10 0.021298232 
838 575 7 9 0.021069558 
886 289 8 10 0.020907942 
263 88 26 34 0.020763468 
855 528 7 9 0.020677753 
858 566 8 9 0.020526676 
572 460 65 66 0.020515205 
777 563 10 13 0.020334566 
453 13 9 12 0.020203855 
789 535 9 10 0.020119376 
286 239 26 30 0.020069389 
873 558 8 10 0.02000245 
