13_Interview_Interview_Sequences_13_268
18
516 194 73 95 0.9970759 
95 606 39 54 0.07744724 
726 528 36 47 0.06042903 
754 577 36 47 0.04805246 
777 9 50 63 0.0427857 
613 -1 32 36 0.036158834 
647 540 60 102 0.033184066 
546 2 72 65 0.030784408 
150 597 36 48 0.03070992 
667 -3 32 34 0.027604045 
997 623 24 36 0.026923934 
786 4 36 41 0.025555292 
77 548 39 50 0.024379069 
719 66 43 65 0.02299841 
724 -2 32 28 0.022783952 
102 41 375 530 0.021341927 
976 302 31 43 0.02095096 
994 463 29 46 0.020586634 
