13_Interview_Interview_Sequences_13_209
38
88 119 72 86 0.9991518 
426 57 55 75 0.99910456 
868 64 81 101 0.99419844 
687 178 28 44 0.97796226 
515 199 29 42 0.957791 
281 167 34 54 0.9559541 
585 36 23 27 0.12425149 
531 213 31 37 0.1161041 
722 63 62 65 0.113265574 
527 241 28 35 0.09250034 
700 193 32 37 0.06641894 
279 157 455 454 0.057253484 
469 294 250 284 0.051910255 
559 58 13 16 0.04969473 
273 74 26 34 0.04876161 
570 48 45 57 0.04845938 
518 197 13 20 0.04412101 
448 197 13 16 0.043168433 
513 5 15 18 0.043027584 
544 57 15 20 0.038236044 
423 192 13 16 0.03546418 
717 271 46 66 0.035315488 
562 5 25 29 0.03512207 
551 191 23 37 0.034058236 
564 3 18 18 0.033857744 
943 73 14 21 0.031922035 
349 290 12 14 0.030971047 
856 181 55 53 0.02957514 
651 253 10 12 0.029236943 
576 310 13 16 0.02525692 
637 260 12 14 0.025019336 
872 189 32 34 0.024062343 
829 304 14 17 0.023790956 
726 192 30 35 0.023088714 
881 51 14 18 0.02268457 
544 222 28 35 0.020874977 
528 210 19 28 0.0207526 
532 192 28 40 0.020622902 
