13_Interview_Interview_On_Location_13_605
25
597 73 94 120 0.9996 
202 231 81 101 0.9956547 
418 154 83 101 0.9945133 
846 247 17 20 0.8935303 
72 21 12 16 0.08648737 
861 432 11 13 0.05986387 
892 254 15 20 0.05043609 
891 107 14 16 0.044467688 
889 200 15 19 0.043202173 
486 79 40 54 0.0381005 
27 105 13 18 0.03690733 
176 24 18 21 0.03366508 
694 414 26 31 0.032585725 
257 134 10 14 0.029375099 
981 483 12 14 0.028938064 
42 73 12 17 0.02671428 
888 267 15 19 0.026505636 
27 10 15 17 0.0263738 
75 12 14 17 0.026290666 
43 55 15 20 0.026156094 
847 318 14 19 0.024645615 
38 137 13 20 0.024010729 
465 45 102 121 0.023152668 
260 137 13 17 0.022267876 
533 574 98 142 0.021396533 
