13_Interview_Interview_2_People_Visible_13_327
21
358 191 187 275 0.9996983 
587 146 169 260 0.99957544 
444 174 156 246 0.18977389 
474 722 61 55 0.11298828 
925 201 27 31 0.09015221 
420 709 35 34 0.08133472 
464 706 19 21 0.0635981 
888 197 36 46 0.06309002 
476 722 33 35 0.042128086 
447 728 34 37 0.03612654 
452 696 49 50 0.031630524 
118 181 44 57 0.030906303 
994 189 25 35 0.025624903 
140 738 48 48 0.025445834 
935 237 27 32 0.025390867 
249 345 16 20 0.023541702 
506 720 35 38 0.022055198 
867 233 12 16 0.021427741 
928 180 11 12 0.021033464 
877 214 26 29 0.020937245 
930 194 19 23 0.02012955 
