13_Interview_Interview_Sequences_13_586
25
544 479 99 132 0.99791604 
446 781 22 28 0.21209519 
463 760 25 33 0.072213024 
417 927 8 10 0.067264564 
422 927 8 10 0.06583488 
475 759 17 23 0.06396329 
523 818 15 19 0.059387986 
537 1060 45 56 0.050280143 
514 802 15 19 0.046453364 
485 878 10 14 0.035871707 
519 846 11 13 0.03223239 
563 856 14 18 0.030795213 
457 773 27 35 0.030033479 
590 512 112 127 0.028783815 
516 864 14 17 0.02836311 
400 919 7 9 0.026242455 
434 787 23 27 0.025983877 
300 615 404 459 0.02593445 
510 807 21 26 0.025889903 
478 881 14 17 0.02457586 
481 752 17 23 0.024109045 
572 949 33 43 0.02187964 
593 503 67 83 0.02061771 
416 920 7 11 0.020389441 
426 796 24 26 0.020268116 
