13_Interview_Interview_On_Location_13_537
28
793 444 59 107 0.86907417 
188 373 510 615 0.7937022 
138 586 450 570 0.26190162 
485 808 95 117 0.15528081 
619 845 119 102 0.14376383 
956 587 29 36 0.13805361 
295 457 282 371 0.08627986 
0 195 443 451 0.07971924 
21 820 549 530 0.065252356 
508 821 116 142 0.057431582 
907 581 109 141 0.05734231 
905 538 31 33 0.051540263 
579 855 132 136 0.049444895 
993 973 29 49 0.044682704 
734 416 105 131 0.036611453 
976 971 48 84 0.033174217 
922 923 17 22 0.031082436 
902 499 52 67 0.030428013 
324 373 214 308 0.028110527 
924 458 55 78 0.023540055 
947 575 29 37 0.02349061 
638 889 89 80 0.023108799 
759 568 216 220 0.02282264 
968 591 28 39 0.021735525 
524 836 71 86 0.021543173 
956 948 72 145 0.02085984 
670 857 77 73 0.020714438 
866 556 30 33 0.020039747 
