13_Interview_Interview_On_Location_13_394
18
697 148 81 118 0.9987643 
602 230 80 101 0.9926345 
266 102 86 122 0.20396212 
502 559 9 12 0.17415749 
473 559 9 12 0.11745814 
214 86 102 134 0.084171705 
414 434 29 35 0.06957696 
378 363 92 121 0.06003626 
170 104 93 111 0.040369935 
218 331 100 144 0.03774358 
187 115 55 74 0.03679895 
388 403 54 72 0.03574646 
634 218 61 83 0.031030495 
670 194 31 49 0.028737716 
168 88 174 231 0.02817647 
160 117 53 69 0.026579065 
649 177 87 122 0.023610825 
475 562 11 14 0.023256859 
