13_Interview_Interview_2_People_Visible_13_475
21
322 197 232 344 0.99987876 
634 215 146 201 0.99209243 
0 4 99 142 0.33799937 
166 134 312 441 0.11877069 
49 657 95 153 0.10238259 
513 523 136 174 0.08612581 
62 666 61 85 0.08337058 
19 690 128 212 0.059831567 
254 660 404 446 0.04268624 
10 579 165 236 0.041351706 
40 678 48 67 0.035535414 
113 922 419 537 0.033291418 
536 501 201 276 0.03157571 
559 107 31 37 0.03135619 
6 770 114 187 0.027641334 
44 685 64 94 0.026558261 
409 144 262 389 0.024261542 
377 11 99 115 0.02344621 
0 7 30 43 0.022868926 
-3 -15 159 235 0.021633597 
174 756 202 294 0.021490721 
