13_Interview_Interview_Sequences_13_495
60
538 71 42 50 0.9768436 
494 120 27 31 0.9558019 
431 142 33 36 0.94619393 
351 126 26 32 0.8654007 
411 144 26 31 0.80147755 
401 117 26 33 0.6824063 
109 123 23 29 0.5685269 
305 128 26 31 0.42122355 
340 308 13 18 0.12189892 
592 98 14 19 0.1069813 
0 118 24 41 0.08747321 
179 133 13 16 0.08066277 
363 81 16 20 0.07743157 
409 138 20 27 0.07702878 
109 41 15 22 0.07416561 
119 127 16 22 0.074064516 
369 80 19 22 0.06718004 
53 116 31 38 0.056320477 
2 105 41 59 0.05315483 
155 100 12 16 0.050162777 
188 138 15 20 0.046697404 
195 140 14 19 0.046140082 
383 173 27 31 0.043729383 
427 150 23 25 0.04287394 
370 84 26 30 0.041095853 
582 89 23 32 0.039526217 
103 44 23 31 0.038895465 
103 132 25 34 0.031896222 
397 124 18 23 0.031307925 
73 129 17 21 0.0308115 
383 103 22 27 0.030675277 
48 87 28 34 0.030532159 
91 171 17 22 0.030056156 
123 124 22 29 0.029569201 
367 67 24 29 0.028581582 
132 122 14 17 0.02751099 
103 114 14 16 0.02499037 
108 146 24 30 0.024712924 
106 152 15 20 0.024681559 
370 98 26 29 0.02457043 
98 110 40 51 0.023973001 
46 84 45 59 0.023819251 
20 116 28 34 0.022922391 
179 144 16 20 0.02234292 
97 168 18 22 0.02209536 
203 141 13 18 0.021899056 
503 114 20 26 0.021741979 
392 106 25 32 0.021712972 
690 267 15 17 0.021478081 
654 96 39 59 0.021446288 
327 260 10 13 0.021354685 
94 139 12 16 0.020875325 
185 154 17 20 0.02075018 
175 137 15 18 0.020708684 
407 151 18 23 0.020672258 
343 119 25 33 0.02058124 
115 258 23 32 0.020431856 
102 130 17 21 0.020331908 
86 98 23 29 0.020317711 
285 104 22 28 0.020308508 
