13_Interview_Interview_On_Location_13_313
122
829 336 25 31 0.9991217 
219 444 28 35 0.9990784 
772 332 24 31 0.99871933 
451 496 28 36 0.9986168 
598 370 25 34 0.9984225 
878 318 25 34 0.998302 
177 371 24 31 0.99676347 
309 347 22 29 0.996576 
295 476 27 33 0.99590576 
801 364 23 30 0.99577373 
623 340 22 29 0.9952951 
739 332 23 31 0.9941466 
590 477 23 31 0.99285346 
659 338 24 30 0.9927736 
38 353 30 35 0.9918166 
561 363 22 29 0.9816914 
264 355 21 27 0.97944206 
656 477 29 32 0.97494954 
962 348 24 33 0.9710888 
363 349 23 29 0.96289796 
212 361 22 30 0.95872754 
155 355 19 26 0.95660096 
116 348 23 26 0.95270735 
414 365 21 27 0.95187426 
494 362 24 29 0.9504313 
932 346 23 28 0.94979763 
519 362 20 27 0.94227713 
807 321 21 26 0.8992618 
53 355 29 34 0.883707 
595 300 14 17 0.6944593 
441 358 22 28 0.56781644 
729 301 11 14 0.5428349 
207 346 25 31 0.53946567 
196 349 15 19 0.5245968 
392 358 18 23 0.48850602 
92 335 15 21 0.3699977 
704 330 11 15 0.33816147 
638 322 20 24 0.31288436 
706 293 12 16 0.30967385 
654 288 14 16 0.23019594 
708 362 17 24 0.21465097 
204 347 17 22 0.17547365 
284 332 22 27 0.1645901 
-1 331 21 32 0.16106518 
117 496 15 21 0.119194604 
65 354 19 24 0.113774285 
211 342 17 18 0.111494616 
539 307 14 17 0.10421066 
993 396 23 27 0.09390735 
547 292 12 15 0.08936458 
450 366 17 22 0.08923796 
65 362 23 31 0.08792602 
205 341 15 18 0.085370384 
479 450 14 18 0.08158684 
672 480 26 28 0.07833185 
454 385 15 18 0.07508977 
448 372 23 28 0.071815334 
282 348 20 28 0.066482365 
540 298 16 19 0.06634084 
338 364 13 17 0.065657474 
507 480 19 23 0.06455091 
195 331 16 19 0.06301065 
271 345 20 27 0.06288273 
73 375 14 19 0.06282551 
787 126 15 17 0.060906474 
732 297 12 15 0.059122622 
531 321 22 29 0.058906857 
515 488 17 23 0.055650726 
194 338 20 25 0.053573307 
172 336 15 18 0.050954565 
95 327 13 19 0.04621923 
196 326 13 16 0.045369428 
361 434 15 17 0.045238238 
863 567 8 9 0.04305929 
239 353 15 21 0.0392725 
165 427 20 29 0.037877645 
325 338 13 18 0.037499107 
23 360 16 19 0.037314057 
85 340 17 22 0.037190888 
238 322 21 26 0.034811184 
456 353 21 26 0.032322414 
262 347 19 22 0.03215352 
775 619 13 18 0.0320595 
355 432 24 30 0.031970676 
286 403 20 26 0.031903837 
726 299 19 23 0.03156716 
943 335 12 15 0.031222934 
535 314 15 20 0.03059786 
49 329 16 17 0.030194234 
34 340 14 17 0.029879186 
0 343 12 21 0.029624172 
532 301 22 29 0.029501962 
819 574 10 12 0.02937389 
375 354 22 28 0.029325424 
857 567 9 11 0.028854448 
281 516 27 29 0.028762452 
389 510 27 36 0.028666027 
704 289 10 14 0.027780898 
659 469 16 21 0.027602011 
926 352 19 23 0.026600786 
255 350 23 30 0.02622556 
699 334 21 29 0.025934214 
696 330 15 18 0.02532598 
224 346 15 21 0.02523646 
666 466 29 34 0.025054233 
69 344 24 29 0.024797412 
951 459 10 15 0.024015017 
757 366 13 17 0.023766616 
556 289 11 16 0.023713497 
508 333 14 16 0.023245463 
269 481 15 16 0.023044208 
217 333 17 19 0.022984304 
223 388 25 29 0.02262651 
457 368 16 21 0.022374606 
836 555 11 15 0.02213111 
638 339 22 29 0.021502098 
835 385 21 25 0.021295395 
175 334 22 26 0.020907806 
968 579 12 15 0.02056467 
541 287 21 24 0.020405665 
439 359 38 44 0.020329595 
785 128 21 26 0.020181142 
