13_Interview_Interview_On_Location_13_791
21
380 397 404 426 0.9998878 
585 981 399 460 0.13023329 
357 109 34 38 0.08580232 
287 180 216 270 0.055979416 
673 163 173 194 0.052910883 
637 1026 239 297 0.05226951 
372 106 34 43 0.04910424 
179 330 464 395 0.04585168 
392 103 30 41 0.04559835 
494 1238 22 29 0.040851075 
570 394 348 479 0.03646028 
256 680 70 68 0.031658012 
43 441 374 425 0.029271055 
364 1351 26 32 0.027300177 
82 937 418 427 0.02560405 
236 675 431 532 0.024316922 
283 -16 498 385 0.021429501 
16 -58 356 494 0.021429481 
210 115 353 415 0.021069769 
292 487 152 193 0.020970967 
155 598 135 152 0.020744823 
