13_Interview_Interview_On_Location_13_921
145
753 390 27 36 0.99966645 
660 387 25 33 0.99892694 
201 391 20 26 0.97414047 
936 385 19 30 0.95125437 
790 409 14 17 0.30263728 
583 362 13 14 0.17283966 
151 351 11 14 0.16918363 
184 396 12 16 0.1480929 
644 353 15 20 0.14201102 
813 327 10 12 0.138242 
639 397 12 16 0.13410379 
707 387 16 20 0.11339377 
964 331 14 18 0.09464274 
730 353 17 21 0.09003526 
808 408 12 17 0.08699441 
590 381 12 16 0.0858915 
112 358 14 18 0.084599376 
91 358 18 21 0.082567126 
988 466 13 17 0.07629079 
686 380 15 18 0.07608463 
559 355 10 12 0.06402613 
288 508 12 14 0.06365634 
260 416 10 13 0.061347112 
458 415 12 15 0.060766034 
454 391 12 15 0.059872508 
596 383 11 14 0.05800441 
630 334 9 11 0.0579622 
702 358 11 15 0.0564506 
640 339 12 14 0.05472416 
94 385 13 16 0.054528657 
222 398 12 15 0.053432122 
152 371 11 14 0.051104035 
551 352 9 11 0.050414104 
726 338 14 17 0.049637415 
622 373 10 14 0.04887168 
636 399 20 25 0.048377607 
644 335 10 12 0.046566833 
127 364 11 14 0.046246618 
641 336 8 10 0.0461108 
707 357 10 13 0.04600166 
149 396 10 14 0.044300683 
189 388 22 29 0.04387215 
837 380 9 11 0.04368708 
149 416 12 17 0.043664373 
787 398 12 15 0.042513322 
570 374 15 18 0.042319655 
783 398 20 26 0.0421346 
72 377 8 11 0.041968793 
790 390 11 13 0.041171353 
525 359 7 10 0.041037835 
798 364 39 51 0.04103158 
848 374 9 11 0.040743727 
257 418 10 14 0.04029363 
639 350 13 16 0.03992783 
832 379 9 12 0.03948675 
190 364 12 16 0.038617343 
661 335 9 11 0.037912752 
966 379 14 20 0.036413673 
434 306 13 14 0.03635953 
645 371 13 16 0.03518683 
863 351 11 14 0.035077516 
971 330 12 17 0.03468916 
155 356 10 12 0.034671653 
974 348 11 15 0.034604117 
687 407 16 21 0.034412827 
732 334 10 13 0.033942465 
702 410 14 17 0.033939548 
126 360 10 13 0.033843163 
738 359 17 20 0.03357949 
659 341 11 14 0.032360222 
813 391 14 18 0.0323142 
808 377 26 30 0.032066114 
230 397 11 14 0.031949032 
498 361 15 17 0.03177343 
566 357 9 11 0.03144424 
544 387 12 17 0.03138273 
970 386 14 21 0.030346747 
820 381 10 13 0.029460616 
653 346 14 19 0.02907546 
726 346 16 20 0.028977104 
183 357 12 14 0.028945489 
143 357 11 13 0.028930856 
631 351 9 12 0.028512556 
543 342 8 10 0.028432917 
703 380 14 18 0.027571464 
638 359 15 19 0.027352218 
542 375 9 12 0.02707754 
575 359 10 11 0.027064905 
132 382 13 15 0.026926462 
141 390 12 14 0.026764836 
685 357 11 14 0.026722338 
715 374 11 15 0.0264782 
694 373 12 15 0.026340222 
223 411 13 17 0.026170801 
521 358 8 11 0.025954848 
559 343 8 10 0.025909886 
542 380 11 14 0.025850426 
178 358 9 12 0.02580684 
642 372 23 28 0.025795313 
150 344 12 14 0.025753606 
622 365 9 14 0.025460655 
695 357 13 16 0.02498985 
636 336 21 25 0.024632998 
581 378 13 16 0.024587719 
960 336 13 18 0.024476517 
246 421 11 12 0.02443599 
167 340 9 12 0.02434102 
626 341 9 12 0.024287464 
240 382 10 12 0.024272913 
600 357 10 14 0.024138818 
565 352 9 12 0.024055913 
971 338 13 18 0.023891065 
419 344 14 19 0.023317514 
113 388 10 13 0.0231068 
794 430 12 14 0.023005303 
712 379 13 17 0.022931417 
805 296 8 10 0.022804223 
182 379 12 16 0.022536464 
75 379 11 14 0.022264553 
520 363 9 12 0.022010278 
962 346 16 22 0.021965396 
254 405 8 10 0.021963613 
624 358 8 12 0.0219232 
557 362 12 14 0.021714224 
670 333 9 11 0.021642642 
181 351 20 27 0.021581028 
544 356 10 13 0.021573322 
128 371 12 14 0.021567259 
281 399 10 12 0.021374004 
240 420 10 12 0.021355666 
650 360 13 17 0.021287272 
144 349 12 15 0.021285037 
821 365 10 14 0.021109836 
691 383 15 19 0.021083638 
545 351 8 11 0.021028623 
258 370 14 18 0.020969957 
442 352 15 18 0.020868981 
662 364 12 15 0.02079274 
143 395 12 15 0.02063316 
847 364 10 14 0.020590816 
805 401 21 26 0.020318396 
146 346 19 23 0.02027628 
671 343 11 14 0.020194426 
845 356 11 14 0.020171003 
278 373 12 15 0.020048467 
