13_Interview_Interview_2_People_Visible_13_252
124
619 27 62 85 0.99879456 
870 9 65 89 0.9986879 
865 523 30 41 0.9985201 
33 29 51 66 0.9970482 
579 509 32 40 0.9964463 
110 554 46 58 0.9954788 
805 274 32 40 0.99494755 
226 16 29 34 0.9930924 
84 287 28 33 0.99273807 
327 559 44 57 0.98730356 
435 15 22 27 0.93698 
503 282 24 29 0.90348405 
273 269 20 23 0.8047425 
21 262 24 29 0.69738996 
28 331 21 25 0.6101346 
304 362 24 30 0.41194284 
340 315 13 17 0.21395597 
385 297 16 21 0.16888297 
462 283 14 17 0.16436157 
988 321 17 19 0.16304684 
86 340 21 26 0.14592636 
548 349 13 16 0.13582695 
985 396 22 26 0.11408906 
723 304 22 28 0.10488362 
979 374 16 19 0.08944605 
161 355 12 14 0.08697213 
120 8 29 33 0.08234454 
37 328 22 28 0.07774054 
987 329 16 19 0.075434804 
721 76 22 36 0.07455394 
53 327 24 31 0.069091 
369 306 12 17 0.068049125 
745 305 15 20 0.06535413 
219 347 13 16 0.06439426 
199 277 11 14 0.06340096 
273 346 16 21 0.06322352 
348 370 15 18 0.062321734 
766 266 27 40 0.06040488 
217 139 17 22 0.060306672 
460 287 20 25 0.059410438 
413 370 15 20 0.05616773 
596 394 18 20 0.055579513 
93 336 26 33 0.05522185 
97 59 27 36 0.055171166 
343 370 13 17 0.05149898 
25 323 18 21 0.051368296 
24 314 18 20 0.050866824 
247 345 13 17 0.05017575 
559 269 13 18 0.047883395 
484 381 15 17 0.046241235 
915 362 15 19 0.04578371 
999 337 14 17 0.043844298 
537 411 17 20 0.039824 
542 351 23 28 0.03944245 
106 337 27 36 0.038590256 
318 363 21 31 0.03665904 
176 340 11 15 0.03607179 
162 277 10 13 0.035784815 
558 409 15 18 0.035718456 
141 344 20 28 0.03422246 
982 404 15 21 0.03317008 
83 62 28 37 0.03256334 
580 301 12 15 0.032312825 
185 336 25 28 0.03178606 
26 303 18 20 0.031050904 
730 297 15 20 0.030892907 
609 294 10 13 0.030741831 
347 314 12 16 0.030578306 
179 380 12 14 0.030504592 
725 317 16 20 0.029135704 
970 306 10 13 0.02905414 
772 338 30 40 0.028511735 
923 363 12 16 0.027767237 
995 399 21 26 0.027727662 
549 372 14 17 0.027619697 
710 88 34 38 0.027073836 
231 388 27 35 0.026742548 
645 298 17 20 0.026678571 
563 439 16 18 0.026597824 
204 282 10 13 0.026514059 
980 309 40 52 0.026474314 
589 333 10 13 0.026056945 
152 239 9 12 0.025957271 
340 294 23 28 0.025879672 
959 403 23 28 0.025808273 
331 370 13 18 0.02571628 
350 440 10 12 0.02553325 
543 331 11 13 0.025377162 
408 257 29 42 0.025340354 
189 76 13 17 0.025255006 
876 339 15 21 0.025187388 
147 341 13 19 0.024923537 
541 402 17 22 0.0247652 
171 338 23 28 0.024554145 
646 326 11 13 0.024365067 
220 152 14 18 0.024201235 
625 297 28 31 0.024069475 
623 315 13 15 0.023852149 
978 378 23 29 0.023849735 
1011 338 13 18 0.023816919 
804 355 49 50 0.023683673 
372 296 20 26 0.023653686 
550 314 13 14 0.023601638 
293 371 30 30 0.023601536 
285 264 21 26 0.023310559 
153 118 32 33 0.022962857 
997 344 16 21 0.022636762 
568 75 25 33 0.022590412 
326 401 12 13 0.022589296 
933 319 24 32 0.022561813 
252 256 14 18 0.02254055 
358 324 10 13 0.022348193 
393 34 15 19 0.021987123 
910 358 15 18 0.021875294 
115 44 35 47 0.02179559 
546 618 26 31 0.02173016 
970 401 21 28 0.021707848 
281 301 22 29 0.021686438 
34 325 16 20 0.021572094 
119 327 43 54 0.021117343 
444 250 15 19 0.020926742 
950 339 12 16 0.020722587 
291 299 22 28 0.020359246 
324 353 14 20 0.020179516 
