13_Interview_Interview_Sequences_13_929
32
486 155 60 78 0.9992804 
791 168 85 108 0.9960443 
176 169 67 86 0.9944384 
67 161 80 108 0.9575935 
773 255 52 56 0.1910277 
446 326 113 150 0.1702058 
70 272 27 31 0.14931907 
4 73 54 74 0.14666422 
847 301 96 127 0.11182452 
888 294 103 143 0.06818215 
595 373 11 14 0.06544759 
10 179 56 82 0.063589655 
238 328 46 47 0.059024174 
599 291 12 14 0.051331855 
545 301 11 13 0.044522014 
-5 238 95 150 0.03415124 
589 310 9 11 0.033380464 
25 166 78 104 0.03253493 
595 318 12 14 0.029425498 
526 338 10 13 0.02814649 
767 221 89 97 0.026530178 
5 196 93 130 0.02589828 
629 386 13 16 0.025492331 
725 250 34 37 0.025405133 
1 182 30 52 0.024997266 
604 412 12 15 0.023739006 
623 389 12 14 0.023162331 
74 480 30 34 0.022796081 
773 278 31 41 0.022056457 
835 311 65 99 0.021315899 
641 359 18 21 0.020611355 
636 387 16 18 0.020023018 
