13_Interview_Interview_On_Location_13_554
52
289 105 309 421 0.99601483 
951 66 44 63 0.35495058 
947 505 60 91 0.3530915 
691 74 53 61 0.344256 
818 42 60 81 0.33894944 
946 299 42 62 0.23100281 
823 180 49 62 0.19888432 
947 172 54 74 0.1384423 
406 931 401 457 0.11585717 
954 657 45 65 0.058391385 
952 536 32 52 0.048841093 
792 48 58 71 0.04263918 
949 68 28 43 0.042123567 
307 1059 375 385 0.038045745 
911 172 46 66 0.037263684 
818 273 85 106 0.03519316 
491 795 395 438 0.035030738 
948 393 53 72 0.033928424 
753 16 57 59 0.033491325 
276 1232 38 38 0.033065632 
869 34 53 70 0.032973755 
934 370 88 113 0.03206304 
827 -4 37 38 0.031479906 
774 12 87 90 0.030912885 
842 84 38 44 0.030030629 
54 624 161 223 0.029793572 
3 664 456 599 0.029137312 
690 1192 127 97 0.028086824 
943 625 73 116 0.027096203 
934 45 68 101 0.026597846 
641 782 29 35 0.026213763 
661 87 58 66 0.025373658 
989 -3 36 37 0.024572412 
739 107 44 55 0.023872167 
969 81 36 46 0.023362728 
690 772 31 37 0.023227856 
499 463 375 515 0.022945255 
896 51 45 61 0.022548053 
922 297 43 57 0.022093289 
13 519 357 505 0.022067688 
677 39 80 102 0.021638004 
815 1 102 116 0.02148633 
949 98 40 46 0.02143357 
962 -3 33 37 0.020796724 
562 999 217 251 0.020662848 
905 154 77 104 0.02059305 
851 181 51 66 0.020587046 
888 478 45 60 0.020568825 
752 46 55 70 0.020294338 
902 624 37 39 0.020291297 
152 83 304 444 0.020214703 
926 383 57 73 0.020067478 
