13_Interview_Interview_Sequences_13_867
139
387 265 243 334 0.9997404 
284 399 34 51 0.99406046 
881 429 22 29 0.97711337 
214 453 22 33 0.94111943 
998 369 14 20 0.91130745 
173 418 20 28 0.90764934 
21 456 22 30 0.8662539 
92 54 80 108 0.8620507 
240 415 23 29 0.8548907 
920 468 21 31 0.8160856 
11 439 17 22 0.4830986 
846 448 10 12 0.36687863 
0 419 12 17 0.3352137 
883 327 19 22 0.32852864 
12 446 24 31 0.2565326 
557 71 8 11 0.2450827 
877 471 13 16 0.23010512 
1004 365 15 21 0.17012128 
984 437 10 12 0.15952536 
1011 365 11 18 0.15929525 
943 361 15 20 0.15706083 
598 64 12 14 0.15484788 
174 598 10 13 0.14814855 
107 386 17 20 0.1460374 
937 435 11 15 0.12547034 
972 384 15 17 0.11496545 
116 385 16 21 0.10702843 
488 96 9 12 0.09441242 
756 7 10 11 0.09285473 
869 64 16 20 0.089898705 
830 438 11 13 0.08497565 
945 408 14 18 0.0847607 
228 422 22 29 0.083943725 
577 73 8 11 0.07795743 
978 382 12 15 0.07750293 
397 174 10 12 0.0703976 
875 414 41 48 0.0702146 
960 309 30 38 0.06819406 
861 395 13 14 0.06699346 
829 6 11 12 0.06465308 
806 23 9 11 0.062959686 
249 420 24 33 0.06156659 
2 424 14 18 0.05888972 
945 474 17 19 0.058154 
772 2 15 16 0.055770535 
982 356 11 13 0.054321714 
955 386 12 16 0.05365898 
7 434 15 22 0.053187903 
437 351 379 472 0.052071493 
125 450 12 17 0.05133378 
453 111 8 11 0.051196784 
947 281 53 70 0.050170854 
780 4 11 12 0.04975708 
808 4 9 10 0.048201498 
923 462 15 22 0.047652405 
62 304 14 17 0.047525432 
882 420 19 26 0.04653238 
596 315 367 438 0.046450637 
987 354 11 13 0.045519136 
820 23 12 12 0.045147914 
22 284 13 17 0.04366616 
836 0 12 12 0.043577846 
182 421 18 23 0.043346025 
398 125 14 17 0.042446423 
29 418 15 17 0.04079225 
714 362 219 269 0.040435795 
817 28 10 11 0.040175214 
555 116 11 13 0.038532816 
27 290 12 14 0.03847823 
826 438 10 12 0.036904447 
332 153 14 18 0.03685347 
750 11 11 15 0.036182955 
312 403 24 32 0.035831306 
416 141 11 14 0.03483592 
628 41 11 12 0.034103755 
248 64 13 18 0.033920854 
718 24 11 13 0.03318183 
931 465 26 29 0.033086374 
519 70 10 13 0.033004574 
168 421 16 24 0.032560937 
204 398 17 20 0.03228409 
379 139 11 14 0.03216505 
575 115 9 12 0.03181118 
977 362 14 17 0.031017285 
469 96 9 12 0.030858302 
262 46 9 11 0.030631265 
518 97 14 17 0.029858114 
189 527 10 13 0.029806145 
822 469 11 13 0.029585453 
977 357 12 14 0.029280648 
843 443 18 22 0.028688045 
493 95 9 11 0.02861797 
771 67 13 17 0.028507682 
78 452 14 17 0.02845319 
456 126 9 11 0.027801719 
983 461 12 15 0.02777585 
966 380 15 19 0.027488602 
4 531 12 14 0.026872385 
223 431 14 20 0.026436403 
391 131 11 13 0.026365496 
959 354 12 15 0.026164431 
815 6 9 11 0.025835976 
867 320 30 34 0.025587175 
755 240 137 176 0.02544958 
525 60 13 14 0.025231246 
788 7 10 12 0.025089493 
524 69 14 17 0.024936097 
910 457 43 48 0.024750095 
822 457 11 12 0.024443254 
133 392 14 22 0.024440058 
883 3 13 14 0.024010744 
125 382 20 29 0.02400039 
375 135 12 14 0.023952322 
943 394 21 25 0.023724955 
970 371 22 28 0.023503378 
853 438 11 12 0.023468591 
791 325 110 139 0.023160208 
821 11 14 14 0.022608848 
206 456 39 44 0.022517856 
15 424 22 28 0.022515465 
513 71 9 11 0.02250427 
530 71 14 17 0.022294147 
260 389 11 14 0.021941366 
965 444 10 12 0.021877246 
31 458 19 26 0.021779982 
969 323 18 23 0.021711947 
925 265 90 112 0.021661375 
191 607 11 12 0.02158991 
257 416 17 24 0.021534428 
629 -5 104 109 0.021512331 
823 463 10 13 0.021371158 
519 106 11 15 0.021286812 
809 436 8 11 0.021209545 
835 437 11 12 0.021044046 
862 51 28 37 0.020493437 
480 114 10 13 0.020410454 
14 420 10 14 0.020287035 
36 285 11 14 0.020237174 
983 440 14 16 0.020000821 
