25_Soldier_Patrol_Soldier_Patrol_25_747
36
318 128 56 62 0.99576616 
406 193 42 51 0.9589569 
852 282 11 13 0.22391683 
217 205 28 35 0.11833057 
166 190 16 20 0.07846794 
925 253 10 11 0.06882435 
921 252 9 12 0.06740443 
927 249 9 10 0.065016426 
927 263 10 12 0.060824376 
934 252 9 11 0.058267605 
180 191 14 19 0.056579735 
917 279 12 13 0.053323865 
261 386 21 27 0.045844436 
117 192 15 19 0.044261843 
931 263 10 12 0.042619545 
913 282 11 14 0.035670903 
226 198 33 41 0.03340532 
395 375 134 224 0.032868274 
174 233 16 21 0.031735323 
176 230 12 14 0.031109823 
439 208 28 33 0.031074237 
166 183 10 12 0.030454922 
853 273 10 12 0.026498351 
220 205 17 22 0.025821285 
921 259 11 14 0.025610683 
332 400 52 64 0.02553325 
187 194 12 16 0.023791656 
438 430 26 44 0.023455668 
156 189 14 17 0.022837726 
110 204 12 16 0.022489022 
157 183 10 12 0.0218021 
943 263 10 11 0.021348076 
381 413 102 143 0.02127605 
814 23 171 256 0.021066846 
437 436 45 70 0.020576337 
931 268 10 12 0.020013273 
