25_Soldier_Patrol_Soldier_Patrol_25_343
37
302 598 40 46 0.99350053 
679 537 38 58 0.9866123 
888 823 42 41 0.8569687 
602 577 33 37 0.5575367 
634 529 29 49 0.16140969 
212 701 59 82 0.12042795 
889 518 33 38 0.11599827 
636 545 35 58 0.092522375 
362 546 25 34 0.069373466 
913 802 25 34 0.06600198 
311 693 76 104 0.06284681 
282 681 78 104 0.056974325 
903 813 31 38 0.055135485 
678 619 42 49 0.053712044 
856 822 17 20 0.049122658 
395 531 23 30 0.04649385 
615 562 38 55 0.04611067 
562 651 43 55 0.038736243 
264 689 53 66 0.038433295 
337 721 45 64 0.03727889 
886 809 31 41 0.03421322 
542 775 43 59 0.03415089 
69 803 19 22 0.03229845 
355 747 17 22 0.029228823 
519 817 420 467 0.029041423 
642 971 16 22 0.027841313 
596 676 25 32 0.026729718 
18 509 17 24 0.02612082 
64 782 28 30 0.02587582 
445 551 16 23 0.024825111 
645 999 13 16 0.02365512 
654 627 43 55 0.02313667 
349 752 18 22 0.022883603 
821 590 28 35 0.02257787 
648 538 43 59 0.02227964 
763 553 29 39 0.0220146 
239 699 63 77 0.020667588 
