25_Soldier_Patrol_Soldier_Patrol_25_18
55
226 38 56 63 0.99664694 
830 410 13 17 0.9944983 
754 392 17 21 0.9312396 
506 375 16 18 0.6603585 
589 437 9 11 0.478363 
787 449 13 19 0.4285273 
903 439 15 20 0.31504467 
642 393 15 17 0.21499215 
860 444 10 11 0.134057 
487 430 29 33 0.09516544 
898 431 10 13 0.08950067 
823 434 11 12 0.08477698 
907 445 15 20 0.07516931 
609 433 7 9 0.06025088 
485 417 17 22 0.06008913 
305 296 32 42 0.05989651 
147 307 51 51 0.054173168 
858 439 9 13 0.052000508 
587 431 9 12 0.05152318 
682 422 10 13 0.045500867 
887 499 29 36 0.045189474 
861 455 10 12 0.043948848 
915 436 12 16 0.043031145 
827 435 13 15 0.041436017 
203 269 19 22 0.036306042 
654 413 13 16 0.035982314 
227 192 26 27 0.034251444 
498 373 19 26 0.03262816 
805 501 11 13 0.032517035 
908 431 14 16 0.03243275 
589 442 10 12 0.03238897 
836 436 14 17 0.031255048 
886 470 11 11 0.030630292 
197 269 33 35 0.029098406 
509 368 12 14 0.028643792 
947 471 10 13 0.027049014 
809 453 10 13 0.025450708 
208 260 18 25 0.025408832 
245 99 36 37 0.025259502 
512 372 14 18 0.025218373 
782 427 13 16 0.024958337 
856 460 11 14 0.024097577 
781 453 15 18 0.023763862 
660 419 12 13 0.023615222 
530 404 13 15 0.02338457 
780 420 13 16 0.02312429 
1012 533 9 12 0.022570541 
843 435 12 15 0.02241431 
650 404 14 16 0.021700926 
897 428 19 23 0.021608718 
735 452 10 14 0.021466246 
127 337 39 40 0.021158615 
734 479 8 11 0.020971347 
774 417 12 15 0.020693913 
744 393 14 19 0.020671543 
