25_Soldier_Patrol_Soldier_Patrol_25_700
89
77 424 30 36 0.9800703 
167 389 29 35 0.89594746 
542 372 27 33 0.78540254 
104 399 22 27 0.5607213 
479 418 17 20 0.55867136 
212 404 22 27 0.44932795 
586 413 18 25 0.41179684 
873 385 29 29 0.40029982 
431 421 12 14 0.35734928 
67 393 14 19 0.28131333 
575 418 15 19 0.15436204 
461 430 9 12 0.14921735 
227 407 15 21 0.14399028 
54 395 16 19 0.1368613 
31 377 12 17 0.13161087 
181 396 26 33 0.12284663 
206 406 17 24 0.12033128 
75 394 12 18 0.093554564 
151 388 27 35 0.09253997 
116 393 23 32 0.08571959 
49 420 19 22 0.07735972 
403 429 13 15 0.07644944 
115 404 15 21 0.07417096 
461 422 10 13 0.07409693 
233 411 15 20 0.07136896 
123 422 16 20 0.069742985 
895 384 27 33 0.06763228 
92 401 26 31 0.05901781 
613 428 38 37 0.056264747 
436 415 10 12 0.055920664 
412 429 10 13 0.052220635 
114 408 23 31 0.050054025 
195 405 16 25 0.045144163 
325 290 28 31 0.044921473 
57 394 22 28 0.044584166 
462 435 11 12 0.042925157 
447 437 10 11 0.04193244 
859 631 15 16 0.041369475 
491 413 11 14 0.041183647 
49 407 26 30 0.040654503 
126 393 24 33 0.040308632 
94 408 15 18 0.03990806 
532 419 15 16 0.039884582 
445 430 12 13 0.038417965 
69 394 22 30 0.038049 
395 490 15 20 0.037218083 
503 419 13 15 0.03710195 
553 376 17 22 0.03573023 
190 425 16 20 0.03505865 
454 436 12 13 0.034270503 
629 419 13 17 0.033398487 
564 427 13 17 0.032526515 
567 419 11 16 0.031969696 
412 464 12 14 0.031912133 
532 382 18 21 0.03165745 
183 414 27 33 0.031461935 
592 408 14 18 0.031218404 
457 424 9 11 0.030632416 
69 402 39 49 0.030138852 
461 400 9 11 0.02999861 
123 388 16 24 0.029185176 
458 404 9 11 0.02814773 
144 398 29 36 0.027350256 
555 390 16 21 0.027318206 
250 437 17 21 0.02611153 
509 414 11 14 0.025537217 
438 408 9 9 0.025065888 
110 424 26 37 0.024312915 
583 439 12 14 0.024090823 
266 515 23 29 0.024023201 
579 190 378 485 0.023209872 
726 387 33 36 0.023205234 
104 444 25 35 0.023081338 
626 416 28 34 0.023065086 
694 373 36 37 0.02280726 
409 467 11 15 0.02263151 
490 420 12 15 0.022201618 
446 421 11 13 0.022060217 
42 427 23 29 0.022034638 
96 453 27 35 0.021804765 
471 420 16 17 0.021567494 
904 376 28 38 0.021489639 
887 390 19 22 0.021465277 
399 432 12 14 0.020916937 
537 412 15 16 0.020650163 
60 402 29 35 0.02040811 
389 445 12 16 0.020406714 
464 415 9 12 0.020260302 
563 413 12 17 0.020102134 
