25_Soldier_Patrol_Soldier_Patrol_25_169
32
280 99 94 120 0.99573696 
408 307 11 14 0.059421744 
435 255 16 19 0.05842629 
414 330 10 13 0.045788564 
229 109 101 123 0.044942 
275 377 48 58 0.04333934 
212 130 67 83 0.042222664 
746 156 15 20 0.038389035 
166 245 26 34 0.03454234 
670 132 14 20 0.034350023 
421 241 11 14 0.032860544 
776 677 11 13 0.032350473 
424 319 10 11 0.031378474 
493 7 9 10 0.030067844 
489 6 8 10 0.02764747 
438 7 9 9 0.027489884 
460 128 26 29 0.026884945 
399 303 11 14 0.026612703 
793 329 15 18 0.026061678 
840 679 9 11 0.025249852 
439 48 8 11 0.025076369 
310 410 14 19 0.023237178 
130 425 235 275 0.02321558 
446 49 7 9 0.02257189 
856 683 11 14 0.02231562 
207 47 169 231 0.0222241 
353 145 16 25 0.022125278 
448 71 8 11 0.02146058 
267 490 26 29 0.021316381 
446 267 12 17 0.020797804 
502 37 9 12 0.020332849 
472 7 7 9 0.020331502 
