25_Soldier_Patrol_Soldier_Patrol_25_271
61
524 338 18 21 0.91747993 
140 50 20 25 0.82024515 
508 374 14 19 0.22753608 
518 365 12 15 0.16978486 
608 227 11 15 0.13573165 
473 388 13 14 0.1195774 
511 363 11 15 0.10984863 
509 359 11 13 0.10286071 
570 329 13 18 0.086998455 
459 412 16 21 0.078952126 
545 378 10 14 0.07120485 
493 366 9 13 0.06521935 
563 227 14 19 0.054813467 
644 229 13 17 0.05476672 
152 40 20 27 0.053223673 
567 281 28 34 0.05090223 
461 407 46 48 0.050181486 
639 288 16 18 0.046216868 
634 462 16 19 0.04433864 
510 351 10 13 0.04372891 
533 372 11 15 0.04217001 
487 372 10 13 0.042014323 
584 222 11 14 0.04158333 
463 393 15 19 0.041204493 
621 200 9 11 0.039551105 
114 74 16 20 0.03788038 
471 406 27 32 0.03773587 
532 366 9 13 0.037582032 
564 233 21 27 0.037440244 
369 90 15 20 0.03695902 
557 324 10 14 0.036499135 
511 365 19 25 0.035421107 
613 222 11 15 0.031782087 
580 235 13 16 0.031692 
524 369 11 14 0.031168796 
164 540 11 12 0.03109394 
617 203 11 13 0.030292325 
622 220 9 12 0.029896835 
524 352 14 16 0.02958368 
569 227 15 18 0.027315332 
615 214 10 13 0.026729582 
460 395 23 30 0.026512943 
579 242 14 18 0.026035292 
130 48 21 29 0.025436977 
32 -23 413 437 0.025292138 
623 245 9 11 0.025102336 
622 239 9 11 0.024919437 
601 227 10 15 0.024845582 
862 251 15 16 0.02482081 
505 363 11 14 0.023256684 
671 231 8 12 0.023209682 
176 586 10 12 0.0217486 
599 220 11 15 0.021742731 
650 214 8 10 0.021281673 
559 272 9 13 0.021159375 
122 517 9 12 0.021087533 
516 360 20 24 0.020959418 
623 213 10 13 0.020894349 
614 235 10 12 0.020601116 
128 55 14 21 0.020447303 
571 238 22 28 0.020300858 
