25_Soldier_Patrol_Soldier_Patrol_25_761
76
686 90 46 52 0.9918194 
800 88 54 64 0.9890176 
312 69 44 49 0.9864429 
492 104 42 47 0.97824186 
165 66 42 48 0.96830297 
158 145 38 46 0.38324806 
327 181 29 33 0.20264922 
436 596 11 13 0.1057779 
407 622 8 11 0.093682155 
838 161 60 76 0.09201271 
264 494 27 26 0.0875823 
990 348 35 45 0.07258459 
872 387 30 31 0.06937547 
332 190 36 35 0.067604065 
970 348 38 51 0.052232105 
446 591 9 12 0.050378315 
996 397 29 49 0.048659053 
432 603 10 13 0.04830684 
418 190 24 29 0.047559008 
985 111 9 12 0.045939676 
762 186 35 41 0.04461746 
420 598 11 13 0.044207476 
393 87 10 12 0.042704377 
431 625 11 13 0.04263297 
364 530 22 26 0.04217833 
316 610 25 30 0.04116179 
835 87 49 59 0.040557962 
743 232 27 32 0.040454708 
20 581 17 21 0.039078396 
849 374 44 47 0.03886246 
413 623 9 11 0.038356945 
439 606 10 13 0.037702374 
390 614 9 10 0.03635449 
958 79 8 11 0.03565933 
416 629 9 11 0.03489642 
399 629 10 11 0.034329213 
275 210 12 17 0.033102237 
433 593 10 12 0.03279348 
432 613 11 13 0.03207729 
990 111 11 14 0.03193003 
1000 74 19 29 0.03185612 
391 336 13 19 0.03184721 
441 121 8 10 0.031589027 
401 623 10 13 0.031084562 
438 624 11 13 0.030799385 
404 119 9 12 0.030644244 
415 613 10 13 0.030382494 
417 170 27 31 0.030237393 
828 1 24 28 0.029837219 
326 619 26 27 0.02966314 
421 612 11 13 0.029468162 
864 93 42 53 0.029068477 
5 503 12 19 0.02894248 
786 66 47 68 0.028604388 
445 607 9 12 0.027682377 
844 123 55 69 0.027030386 
420 592 10 11 0.026746124 
388 661 11 14 0.025772372 
257 120 8 10 0.025723342 
423 629 11 12 0.025348648 
143 129 34 56 0.025215684 
298 505 14 18 0.024995124 
348 162 42 50 0.024787854 
381 621 11 13 0.024693033 
994 104 25 31 0.024525413 
384 614 10 13 0.024251316 
422 187 13 16 0.023849612 
248 88 9 10 0.023744456 
907 416 31 38 0.023153294 
928 80 8 11 0.022709988 
403 203 11 14 0.022584308 
958 4 13 13 0.022025678 
299 576 24 32 0.021116141 
432 589 20 24 0.021015663 
308 170 42 57 0.020608122 
0 496 21 32 0.020291599 
