25_Soldier_Patrol_Soldier_Patrol_25_683
24
683 413 211 211 0.99938095 
673 608 56 58 0.42111483 
293 204 14 16 0.13253751 
121 149 368 453 0.06242499 
49 511 8 9 0.037034035 
21 429 9 10 0.028792793 
16 429 9 10 0.028126927 
51 360 35 36 0.027409755 
2 477 8 12 0.02738919 
372 164 405 498 0.023250932 
80 560 8 9 0.023172805 
16 424 8 10 0.022980988 
125 656 9 10 0.022667404 
5 479 9 11 0.022532187 
296 208 16 17 0.022173725 
16 661 9 11 0.022004992 
38 557 10 10 0.021612188 
48 527 8 10 0.021492058 
9 630 8 11 0.021161329 
57 544 8 9 0.020821298 
8 635 10 13 0.020629272 
56 565 8 9 0.020555545 
193 663 8 9 0.020079922 
62 544 9 10 0.020079546 
