25_Soldier_Patrol_Soldier_Patrol_25_728
30
605 92 120 153 0.9995559 
164 281 14 19 0.102206744 
144 237 11 13 0.042930007 
102 271 506 506 0.03689996 
815 398 45 45 0.036374107 
165 227 11 13 0.032909557 
997 334 10 12 0.032548875 
101 495 15 18 0.032176092 
147 231 11 14 0.031903494 
1001 335 24 33 0.030135104 
269 499 12 14 0.029995259 
260 477 14 17 0.029632386 
311 383 16 22 0.029090058 
167 235 14 17 0.028711267 
431 346 14 15 0.02849737 
481 328 7 9 0.027822321 
197 510 10 12 0.02762946 
779 383 26 29 0.026568498 
278 492 12 15 0.02556702 
334 288 13 17 0.023958424 
318 360 14 18 0.023856895 
160 271 24 32 0.023828361 
518 271 11 12 0.02351463 
161 222 11 14 0.02286885 
282 485 14 16 0.022334239 
354 475 13 16 0.021333607 
159 277 15 19 0.021333447 
673 382 45 53 0.021095851 
256 526 10 12 0.020199433 
384 448 35 40 0.020004392 
