25_Soldier_Patrol_Soldier_Patrol_25_121
389
683 87 64 74 0.99874336 
190 84 9 12 0.5436424 
228 194 14 17 0.39211753 
123 157 14 17 0.35766637 
251 142 12 16 0.2752555 
158 72 9 11 0.229782 
309 92 11 12 0.22002189 
205 208 13 16 0.20049138 
254 115 10 14 0.18546677 
292 35 10 13 0.17878287 
113 179 16 18 0.17733586 
142 71 9 11 0.16840044 
158 93 9 10 0.16498542 
238 60 8 10 0.16181551 
239 13 8 10 0.16073926 
173 222 15 20 0.13407262 
265 95 8 12 0.13370347 
233 56 9 11 0.12895909 
303 14 10 12 0.12633725 
199 86 9 11 0.12457806 
113 102 10 12 0.11873846 
292 78 9 12 0.117712416 
229 165 10 13 0.116868556 
201 190 12 15 0.11635759 
173 84 9 11 0.11627966 
191 171 12 15 0.11561117 
249 109 9 13 0.10896509 
152 86 9 11 0.10644579 
216 69 10 12 0.10543939 
141 94 9 11 0.10476727 
161 111 10 12 0.10382061 
223 31 8 9 0.10198796 
216 77 10 13 0.101220645 
126 187 12 16 0.099436514 
165 103 9 12 0.09682092 
168 78 10 12 0.096788965 
256 71 9 11 0.09525438 
232 93 9 12 0.091169916 
136 197 13 15 0.090653814 
288 30 10 13 0.09020327 
172 210 22 27 0.089582354 
143 102 10 12 0.088809796 
173 79 8 11 0.08761597 
242 31 7 9 0.08433896 
257 13 8 10 0.08406697 
191 63 8 10 0.082141355 
100 139 15 19 0.079467736 
293 7 10 10 0.07869581 
568 264 61 59 0.078377634 
263 87 8 11 0.0780751 
209 16 7 10 0.07761041 
148 251 17 21 0.07730862 
646 390 17 21 0.07704194 
302 19 8 11 0.07694179 
183 186 14 16 0.076829076 
220 63 10 12 0.07631073 
223 94 9 12 0.07536562 
221 135 9 11 0.07523875 
193 31 8 10 0.07502041 
220 69 10 12 0.07495918 
215 46 9 11 0.07337372 
351 319 8 10 0.07232346 
192 53 8 10 0.072019175 
216 39 8 10 0.071565874 
198 31 8 10 0.0706403 
129 61 8 10 0.07047704 
258 45 9 11 0.07022444 
204 86 9 11 0.07010266 
246 127 10 12 0.06995543 
135 88 9 10 0.0694808 
132 125 13 16 0.06910651 
304 6 10 12 0.068273336 
216 8 8 9 0.06684976 
246 31 7 10 0.066493794 
177 205 16 20 0.06638958 
258 38 8 11 0.06578097 
238 8 9 10 0.06549869 
288 70 8 9 0.065369606 
245 38 8 10 0.06481667 
198 0 8 8 0.06475186 
117 95 8 10 0.064681664 
224 14 7 9 0.064571425 
290 8 8 9 0.063789226 
248 134 10 13 0.06355043 
357 81 11 12 0.063512705 
53 125 27 30 0.061929263 
207 64 9 11 0.061391197 
233 15 8 9 0.060422633 
7 267 25 32 0.06029133 
185 81 9 12 0.060026683 
149 109 10 12 0.059978805 
222 100 9 12 0.059731036 
177 45 9 11 0.059390847 
302 0 9 9 0.058988374 
120 72 9 11 0.05880914 
92 122 11 15 0.05861861 
656 98 35 42 0.058546025 
165 45 8 11 0.05823345 
216 23 7 9 0.058038328 
171 169 11 15 0.05799197 
296 15 10 11 0.057989992 
222 87 10 12 0.057835706 
268 101 10 11 0.05750568 
279 16 9 11 0.057313174 
308 13 9 11 0.057216786 
181 39 9 11 0.057156328 
167 225 14 18 0.056806017 
256 6 10 12 0.056517605 
14 446 11 14 0.05483118 
306 87 10 13 0.054660987 
167 72 8 10 0.054554153 
286 22 9 11 0.054536656 
609 466 30 34 0.054301545 
127 104 7 9 0.054168917 
154 30 7 9 0.05373482 
128 85 9 12 0.053302232 
160 39 8 9 0.052811045 
217 31 8 10 0.052575435 
195 79 14 15 0.052410897 
238 164 9 12 0.05217801 
238 127 8 11 0.052051775 
200 91 10 12 0.051286556 
167 22 6 9 0.051269423 
149 119 10 12 0.051255394 
209 68 10 12 0.05111055 
153 70 9 11 0.05075478 
146 194 15 18 0.050465047 
283 141 11 15 0.050388075 
344 0 12 11 0.050355688 
352 272 9 10 0.050119255 
298 20 8 11 0.04943468 
125 71 9 10 0.04937094 
223 191 13 16 0.04916956 
247 55 7 10 0.049042128 
113 88 8 11 0.048280325 
165 40 8 10 0.048135567 
139 147 11 14 0.0480659 
138 93 8 10 0.047953118 
280 302 9 11 0.047719236 
261 2 10 10 0.0475554 
208 21 7 10 0.04744801 
207 163 10 12 0.0473751 
160 23 8 10 0.04731373 
178 31 8 10 0.0471588 
253 181 10 12 0.047001116 
74 194 13 18 0.046771016 
142 88 8 10 0.046695173 
95 145 15 18 0.046399362 
133 56 8 10 0.046335384 
197 134 10 13 0.04633303 
223 37 8 9 0.0461572 
236 101 10 14 0.046070017 
138 72 8 10 0.04596755 
153 255 17 21 0.04587582 
112 192 13 18 0.045579743 
230 159 11 14 0.0453089 
153 92 10 12 0.04527412 
104 134 13 17 0.044547804 
270 37 7 10 0.04430796 
235 95 10 12 0.044121426 
190 69 11 12 0.04398231 
27 597 20 23 0.043801773 
223 24 7 9 0.043068036 
279 65 9 11 0.04301767 
230 88 10 12 0.043011785 
216 15 7 9 0.04292646 
246 153 14 17 0.042255644 
213 183 9 11 0.042197194 
234 126 9 11 0.042120997 
129 155 14 17 0.041965805 
216 143 9 12 0.04187632 
373 283 12 14 0.041793987 
222 8 8 10 0.04136728 
126 78 9 11 0.041164473 
247 6 8 10 0.04083165 
173 70 9 11 0.039893907 
142 124 11 13 0.039672416 
287 13 9 11 0.039314 
240 143 9 11 0.03930003 
204 195 12 13 0.039291743 
794 122 39 48 0.038841054 
200 23 8 10 0.038806744 
155 149 11 14 0.038620364 
342 84 11 15 0.038473263 
269 95 10 12 0.038459796 
196 167 11 13 0.038200833 
102 38 9 12 0.037286796 
130 189 13 16 0.037132982 
707 43 13 15 0.03705042 
257 1 9 10 0.03697219 
166 116 10 12 0.03695435 
184 24 8 10 0.03680424 
199 48 7 10 0.036802612 
224 107 11 14 0.036800165 
209 7 7 8 0.036243707 
254 64 9 11 0.03615285 
320 0 11 9 0.03604279 
255 30 9 12 0.035737775 
88 38 7 9 0.03564069 
183 63 9 10 0.03534899 
131 176 14 18 0.03531494 
256 24 7 10 0.035209093 
94 78 13 14 0.035196528 
191 24 8 9 0.03518896 
6 114 14 19 0.035153825 
203 116 12 13 0.035077978 
220 140 10 12 0.035036102 
234 8 9 10 0.034847535 
237 133 10 12 0.034725577 
101 204 14 19 0.034722332 
252 136 12 14 0.034299333 
262 153 13 17 0.034292787 
209 149 8 11 0.03424845 
119 88 8 10 0.034056593 
304 167 8 12 0.034006268 
182 31 9 10 0.03379399 
215 148 9 12 0.033495508 
319 279 8 9 0.032943316 
247 24 7 9 0.03289106 
211 272 25 33 0.032811675 
240 70 8 10 0.03252674 
726 242 23 30 0.03234957 
10 109 13 16 0.032329313 
93 191 11 15 0.031971075 
213 189 10 13 0.03173351 
184 54 7 9 0.0316346 
277 174 11 14 0.031554446 
15 524 11 14 0.031521957 
278 294 12 13 0.031478982 
200 62 8 11 0.03137785 
261 70 8 11 0.031353842 
138 277 13 16 0.031298403 
247 70 9 11 0.031256355 
278 136 12 14 0.031171273 
135 77 9 11 0.030917829 
350 84 15 16 0.03081167 
143 40 7 8 0.030795047 
644 424 25 33 0.030521398 
104 180 13 16 0.030483402 
231 79 9 11 0.030482752 
148 200 16 19 0.030467868 
234 384 16 20 0.030386638 
86 117 13 17 0.03038657 
186 177 15 18 0.030312566 
247 86 11 13 0.030174987 
239 45 9 11 0.030076422 
19 317 16 20 0.029989995 
209 47 8 10 0.029927202 
147 103 11 14 0.029841753 
153 77 9 11 0.029778343 
231 150 9 11 0.029704534 
224 170 12 14 0.029597826 
230 368 26 32 0.029527945 
198 53 7 9 0.029445907 
181 45 9 12 0.029359102 
620 433 28 36 0.029210199 
180 194 14 16 0.02915633 
158 31 7 9 0.028992552 
207 184 11 13 0.028989313 
366 235 11 12 0.028464084 
356 271 9 11 0.028330084 
168 138 11 15 0.028324796 
218 95 9 12 0.028230399 
38 248 15 18 0.028198456 
133 110 9 11 0.028142551 
129 109 9 11 0.028016634 
288 181 8 12 0.027889233 
209 39 6 9 0.027716674 
96 22 8 10 0.027532391 
2 607 49 71 0.02728979 
593 244 57 55 0.027224602 
190 246 25 31 0.027224066 
246 62 8 11 0.02717347 
156 631 29 37 0.027148204 
262 37 10 12 0.027093627 
174 118 11 14 0.026976984 
175 64 10 11 0.026956594 
121 39 7 9 0.026935441 
151 14 8 10 0.026920643 
177 53 8 9 0.02689517 
263 167 10 13 0.026873507 
173 92 10 12 0.0267748 
273 21 8 11 0.026756242 
199 36 7 10 0.026578337 
152 64 8 10 0.026543323 
49 264 25 33 0.02650678 
232 119 9 12 0.026387477 
131 118 12 14 0.026328404 
117 107 8 12 0.02632786 
165 94 10 12 0.026233494 
282 29 9 11 0.02616841 
-1 574 79 113 0.026123269 
127 40 7 8 0.026111323 
281 7 7 9 0.025911095 
105 176 21 25 0.025844872 
155 204 15 18 0.025818763 
274 15 8 11 0.025815362 
193 1 9 9 0.025775954 
139 232 26 31 0.025709437 
192 140 11 15 0.025618294 
304 100 11 13 0.02554612 
183 167 11 14 0.025541048 
780 188 32 37 0.025389673 
222 55 9 11 0.025378717 
231 23 7 9 0.025283324 
156 189 11 14 0.025036575 
121 437 11 14 0.025036471 
136 49 8 9 0.024992721 
168 31 6 9 0.024795692 
154 23 7 10 0.024770778 
142 47 8 10 0.024678549 
178 24 7 9 0.024645725 
259 139 12 16 0.0245866 
255 203 9 12 0.024541562 
286 382 8 10 0.024447791 
237 104 13 16 0.024362756 
59 270 13 19 0.024337893 
342 80 9 12 0.024138402 
317 95 11 13 0.024033463 
140 198 15 19 0.023942204 
644 382 17 20 0.023912087 
126 92 9 12 0.02387879 
198 69 11 12 0.023759922 
174 217 26 32 0.023756845 
0 505 14 22 0.023743628 
186 76 18 23 0.023650259 
222 158 11 14 0.023617469 
111 77 9 10 0.023576267 
178 403 10 13 0.023529341 
240 23 7 9 0.023411505 
254 86 9 12 0.023411417 
271 367 8 11 0.023332747 
244 163 11 14 0.023303632 
245 15 8 10 0.023301741 
232 394 11 14 0.023188407 
221 148 11 12 0.023174625 
152 47 7 9 0.023150017 
289 0 22 24 0.023117915 
241 147 10 13 0.023066366 
159 124 9 11 0.023063317 
278 94 11 13 0.02297387 
268 149 13 17 0.022824915 
111 57 7 8 0.022810744 
262 24 8 9 0.022489117 
164 204 14 18 0.02244231 
231 70 8 10 0.022442078 
143 164 12 14 0.022386152 
271 292 10 11 0.022378052 
233 142 9 12 0.02231408 
359 326 10 12 0.022302546 
668 421 31 39 0.022207426 
141 211 15 20 0.022035979 
247 77 9 11 0.02200967 
239 78 8 10 0.021999719 
29 523 14 17 0.021966614 
163 223 23 30 0.021729924 
112 46 7 10 0.021667808 
180 244 15 18 0.021561291 
246 46 8 11 0.021559838 
223 0 8 8 0.021501584 
154 245 17 21 0.021466807 
116 233 14 18 0.02142984 
270 4 8 10 0.021376504 
133 493 14 16 0.021331167 
214 159 11 13 0.02122749 
37 157 12 14 0.021205861 
270 47 8 11 0.021180758 
231 48 8 10 0.021135854 
153 55 7 9 0.021119848 
96 62 8 10 0.021096801 
221 46 10 12 0.021085896 
184 91 10 12 0.021044783 
198 6 8 9 0.021007234 
279 78 10 11 0.021002203 
192 16 7 9 0.020980654 
20 523 14 18 0.020792471 
271 64 9 11 0.020738965 
270 52 9 11 0.020680923 
294 91 10 12 0.020616738 
193 6 9 10 0.020580944 
123 169 16 19 0.020532694 
239 1 8 9 0.020514753 
52 154 13 17 0.020497503 
128 130 11 14 0.020475822 
126 408 13 14 0.02035482 
323 99 11 13 0.020347366 
200 241 26 29 0.020252269 
242 375 14 18 0.020218292 
245 102 11 16 0.020075485 
