25_Soldier_Patrol_Soldier_Patrol_25_585
52
555 132 98 133 0.99930763 
375 658 59 93 0.37585407 
659 355 91 109 0.2840842 
487 570 193 233 0.23846702 
565 968 18 21 0.17762595 
659 1322 14 18 0.15164965 
570 977 15 18 0.09164006 
310 52 227 329 0.083505996 
674 1165 14 17 0.07114262 
535 1207 12 15 0.07085297 
528 1007 18 21 0.06446509 
-12 594 100 202 0.0504256 
557 1170 15 18 0.049823124 
621 1176 23 27 0.046996806 
566 985 14 17 0.0456227 
162 734 193 221 0.044545 
545 1248 16 19 0.038771387 
693 1094 10 14 0.03779563 
534 614 119 148 0.035965007 
502 1163 92 111 0.035679176 
436 377 48 61 0.035312712 
644 1093 12 12 0.03507322 
666 1323 12 17 0.03214173 
19 437 184 291 0.031711668 
683 1170 12 16 0.031693477 
471 222 396 414 0.031444978 
589 1032 13 17 0.031262837 
531 1084 15 17 0.030404346 
131 790 149 173 0.028789993 
538 1212 26 29 0.027536444 
363 640 96 149 0.02660081 
768 232 57 51 0.026182223 
534 1050 25 28 0.026134567 
589 1017 16 24 0.024612224 
545 977 15 18 0.024609046 
694 1228 12 15 0.024490548 
521 1191 54 62 0.024385817 
613 287 186 236 0.023917055 
526 466 27 35 0.023392074 
569 840 44 46 0.023113525 
542 1217 15 18 0.02301344 
662 349 59 66 0.022828002 
643 1098 16 17 0.022766147 
674 418 17 21 0.022395866 
646 1034 14 18 0.022333197 
554 1107 16 21 0.021600671 
620 1247 18 21 0.021113357 
614 918 10 11 0.02090003 
545 1230 18 20 0.020849368 
597 1057 16 21 0.020835347 
505 956 11 14 0.020545889 
636 1207 14 19 0.020381948 
