25_Soldier_Patrol_Soldier_Patrol_25_1029
70
555 328 30 39 0.9990539 
119 436 64 82 0.9989361 
511 381 41 68 0.9986098 
581 142 30 41 0.99815136 
154 200 50 57 0.99772507 
255 361 56 69 0.99712485 
609 298 38 43 0.9965969 
660 311 36 40 0.9965569 
499 184 33 43 0.99513876 
456 182 44 54 0.98518 
872 171 41 45 0.9795146 
249 183 40 49 0.97851014 
736 145 56 72 0.9756708 
656 195 27 36 0.9507751 
716 186 33 44 0.90229464 
727 170 44 59 0.5106257 
385 183 9 11 0.34732696 
406 184 9 12 0.18673389 
982 243 41 65 0.16199368 
405 165 10 14 0.16004926 
746 331 24 32 0.15016855 
435 163 8 10 0.13789032 
969 530 55 113 0.12610324 
400 186 10 13 0.11364004 
678 400 37 44 0.100711085 
755 123 58 78 0.09401376 
216 329 40 51 0.08187133 
655 198 16 25 0.07982023 
625 226 16 20 0.07942978 
412 204 9 13 0.07542016 
850 88 26 32 0.07268398 
388 185 10 14 0.066970624 
422 175 9 11 0.05696249 
412 199 9 12 0.055516705 
945 304 61 74 0.054280076 
958 284 58 67 0.051191274 
541 168 14 16 0.04784127 
667 201 29 33 0.04678847 
596 222 24 27 0.044133622 
736 337 38 51 0.042647704 
259 618 15 18 0.042108204 
701 185 12 19 0.039834596 
534 389 46 61 0.037961602 
548 164 11 15 0.03516763 
378 183 10 11 0.03428748 
126 585 29 31 0.033822067 
733 356 28 38 0.03149225 
284 46 18 20 0.03102628 
609 138 24 30 0.031001493 
472 404 33 47 0.030052222 
567 396 29 36 0.03003165 
537 158 21 28 0.02840072 
149 197 32 42 0.028149385 
259 96 13 17 0.027220404 
645 315 27 33 0.026185818 
415 183 9 11 0.024770936 
384 178 9 12 0.02229016 
400 110 9 11 0.021623604 
594 140 28 37 0.021444887 
717 337 39 54 0.021424921 
750 207 31 38 0.021378387 
101 417 53 71 0.021307517 
652 178 27 36 0.021104904 
679 210 28 34 0.021085449 
740 361 17 23 0.020955933 
195 205 25 36 0.020907247 
90 427 29 44 0.020722963 
877 80 26 31 0.020192442 
842 184 45 53 0.020135721 
381 182 19 24 0.02006976 
