25_Soldier_Patrol_Soldier_Patrol_25_437
20
697 272 42 65 0.9828371 
368 383 25 41 0.9402004 
557 46 56 71 0.8347507 
261 119 28 50 0.8347238 
317 364 30 50 0.32881027 
122 196 29 32 0.12937719 
749 298 39 61 0.060881652 
421 251 52 72 0.03912996 
241 119 38 53 0.0360456 
267 97 39 63 0.030810302 
550 73 60 88 0.028638696 
287 73 38 56 0.028055422 
124 190 16 17 0.027880883 
653 362 10 14 0.027436303 
511 100 48 64 0.025504904 
673 247 79 102 0.02524838 
626 525 17 21 0.024750978 
211 105 30 51 0.024738815 
497 259 61 80 0.024154782 
600 41 28 45 0.020952456 
