25_Soldier_Patrol_Soldier_Patrol_25_9
219
731 147 122 184 0.5650889 
247 341 15 18 0.33982792 
319 312 10 12 0.2788443 
353 334 12 15 0.2398675 
382 350 11 13 0.18863988 
254 356 13 16 0.16051921 
196 307 13 16 0.15919968 
152 304 27 28 0.14327647 
611 416 226 278 0.12472302 
191 316 11 13 0.10338738 
729 201 53 92 0.0897282 
212 315 13 18 0.087136135 
232 283 11 14 0.08362283 
314 309 10 13 0.08164978 
111 304 11 13 0.07874094 
159 663 8 9 0.06769809 
304 332 10 13 0.06764211 
174 673 8 9 0.065116614 
301 663 9 10 0.06072606 
549 379 381 433 0.05835367 
325 316 11 12 0.05704992 
574 406 52 68 0.056913942 
298 670 8 10 0.05637248 
571 145 130 123 0.055891518 
256 656 9 10 0.055825993 
297 655 9 10 0.055808365 
290 679 9 10 0.054840174 
172 309 13 15 0.05188908 
361 656 8 10 0.05176767 
506 646 9 9 0.050746236 
215 663 7 8 0.049867928 
273 677 8 10 0.048138194 
378 409 17 20 0.047885027 
699 183 100 145 0.047271226 
426 623 8 10 0.04557823 
149 680 9 9 0.045566548 
279 287 10 12 0.04541309 
633 137 155 170 0.045312412 
144 679 9 10 0.0450274 
159 681 8 9 0.043889485 
256 409 11 14 0.043572254 
152 308 14 17 0.043397795 
160 686 9 11 0.042594276 
398 352 10 12 0.042356804 
440 615 9 10 0.042287134 
368 656 8 10 0.041932035 
199 665 7 8 0.04185258 
260 687 8 11 0.04162419 
325 326 11 13 0.04063024 
103 302 12 14 0.04034161 
234 279 11 13 0.040170442 
209 656 8 9 0.039755322 
241 664 7 8 0.03872377 
240 648 8 9 0.038003523 
257 660 9 11 0.037422404 
192 664 6 8 0.03739629 
481 639 7 9 0.03698781 
490 648 8 9 0.036861815 
225 657 7 8 0.036663674 
142 663 10 11 0.036389522 
504 662 9 11 0.035970997 
375 639 8 10 0.034745567 
128 655 9 11 0.034699887 
584 500 73 76 0.034407884 
319 326 11 14 0.034295037 
233 678 8 10 0.03392198 
279 350 8 12 0.033886142 
440 606 9 9 0.033715583 
396 356 12 14 0.033655867 
457 638 8 10 0.033596132 
418 641 6 8 0.03332158 
493 654 9 12 0.03331515 
158 669 8 9 0.033229895 
246 663 8 9 0.033090428 
308 325 12 14 0.033037215 
409 624 8 8 0.032889787 
249 287 8 11 0.03260991 
285 656 8 9 0.032600906 
341 310 8 10 0.03239042 
432 599 9 11 0.0321449 
297 649 8 8 0.032035746 
465 653 8 11 0.032010086 
312 316 12 14 0.031645525 
280 656 8 9 0.031603675 
335 310 10 12 0.03152285 
272 673 8 10 0.031470604 
201 671 7 9 0.03141352 
262 661 7 10 0.031371143 
511 681 7 9 0.031364556 
357 672 42 57 0.031215029 
215 672 7 10 0.031072263 
182 679 7 9 0.030628212 
287 672 9 10 0.030350385 
509 654 10 11 0.030221153 
322 331 13 15 0.030199876 
220 347 13 16 0.029973818 
464 647 9 11 0.02986478 
370 639 8 10 0.029716143 
201 680 8 8 0.02953012 
192 671 8 8 0.029446533 
329 639 7 10 0.029423438 
100 304 23 23 0.02927886 
378 346 21 25 0.029071538 
335 359 9 12 0.029053085 
272 288 10 11 0.028498612 
209 662 7 9 0.028481333 
529 671 8 10 0.0284745 
207 678 8 10 0.028365519 
286 648 7 8 0.028306829 
199 686 9 10 0.028238887 
69 312 9 11 0.02807207 
399 640 8 9 0.027923914 
470 624 8 9 0.027737778 
247 679 8 10 0.027700968 
215 657 7 9 0.027638916 
386 355 15 16 0.027631288 
110 315 12 14 0.027628701 
191 304 11 13 0.027622936 
391 647 7 9 0.027539374 
523 391 47 74 0.027493274 
136 661 9 11 0.02734701 
135 656 7 10 0.027341994 
247 352 17 19 0.02724462 
239 686 8 10 0.027099358 
183 315 11 14 0.027046237 
424 640 7 9 0.027035402 
446 632 9 10 0.02674371 
272 647 8 10 0.026656477 
166 688 8 10 0.026535476 
521 681 7 9 0.026445953 
208 673 8 10 0.026339132 
423 615 8 10 0.026249694 
329 631 7 10 0.025893979 
104 700 9 10 0.025675334 
232 671 9 11 0.025602402 
488 638 8 10 0.025571596 
47 686 10 12 0.02554704 
375 632 9 10 0.025181476 
181 309 11 14 0.025155349 
257 670 8 9 0.025122141 
239 345 14 18 0.025074316 
471 671 9 10 0.024901552 
327 617 8 9 0.024801366 
161 692 9 11 0.024793006 
373 647 9 10 0.02467001 
520 663 9 11 0.024470923 
709 443 127 125 0.024447279 
581 440 39 51 0.024411488 
367 623 9 10 0.024251971 
619 601 12 15 0.024228085 
636 371 45 60 0.024151603 
439 599 9 10 0.024139395 
355 345 14 16 0.024074322 
357 638 9 10 0.02399136 
170 671 8 10 0.023887318 
425 628 8 11 0.023843206 
434 258 408 424 0.023800388 
296 310 9 11 0.023599766 
311 305 10 12 0.023565905 
163 302 16 18 0.02348931 
241 655 8 8 0.023486158 
243 330 24 27 0.02346397 
424 647 8 9 0.023432447 
368 630 9 10 0.023421997 
232 663 8 9 0.023379596 
487 632 8 10 0.023280255 
437 655 10 11 0.023064356 
315 310 19 23 0.023019569 
297 641 8 8 0.0228356 
213 344 15 18 0.022802763 
360 701 12 14 0.022719251 
247 292 10 12 0.022652963 
470 631 8 9 0.022585506 
332 316 11 14 0.022576751 
129 661 9 10 0.022442823 
199 305 19 24 0.022439381 
70 317 9 11 0.022279361 
280 649 8 9 0.022245156 
247 656 8 9 0.02221439 
522 640 8 9 0.022154542 
496 659 9 12 0.021990271 
457 631 8 9 0.021944653 
439 620 10 11 0.021904599 
72 632 8 9 0.021845842 
457 646 9 11 0.021828085 
260 359 13 17 0.021686621 
509 659 10 13 0.021597885 
205 340 14 18 0.021457156 
470 639 8 10 0.021400273 
170 678 8 10 0.021392088 
246 670 9 10 0.021369008 
463 631 8 9 0.021353373 
224 672 8 10 0.021341842 
272 623 8 9 0.021313107 
393 640 7 8 0.021310208 
200 647 7 9 0.021185031 
115 306 11 14 0.021151422 
373 656 8 10 0.02110952 
368 616 9 9 0.021101778 
384 615 8 9 0.021054816 
277 686 9 12 0.020911261 
415 647 8 10 0.020800589 
183 303 9 13 0.02078019 
225 648 8 9 0.020771984 
386 654 8 10 0.020689014 
31 631 9 10 0.020663446 
185 662 8 9 0.02061831 
336 655 8 9 0.020597298 
464 663 9 10 0.020568047 
239 670 9 11 0.020529063 
264 671 7 9 0.020375203 
365 356 11 14 0.020360606 
331 323 12 15 0.020356389 
232 686 8 11 0.020307958 
353 621 8 10 0.020207094 
614 433 138 152 0.020134797 
520 685 8 12 0.020022769 
284 662 9 10 0.020021757 
318 630 9 10 0.020018052 
