25_Soldier_Patrol_Soldier_Patrol_25_436
86
522 51 25 29 0.43914562 
361 115 48 57 0.4169362 
650 186 25 29 0.15495789 
855 156 39 47 0.12314424 
688 149 27 36 0.11018272 
252 238 14 19 0.10642233 
515 29 15 18 0.09724674 
446 372 53 63 0.09167068 
505 39 45 50 0.08037763 
362 81 47 61 0.07887132 
246 212 15 18 0.074933596 
251 226 14 18 0.074220955 
260 215 15 20 0.07083533 
357 124 34 35 0.0688695 
246 233 15 20 0.06806806 
292 144 16 20 0.06564426 
253 214 16 21 0.0602603 
553 213 61 65 0.05963333 
615 167 27 32 0.055770162 
939 50 65 92 0.05515525 
161 37 11 14 0.054003052 
529 16 30 32 0.051864844 
432 393 70 70 0.050453007 
232 229 9 12 0.050452612 
64 71 39 48 0.05037671 
356 190 41 40 0.0499614 
237 217 12 16 0.04747128 
289 147 24 32 0.04390672 
243 221 23 30 0.041345615 
233 220 10 13 0.037824884 
129 241 22 32 0.03743828 
848 110 33 40 0.036215976 
970 309 51 93 0.035679452 
636 170 44 48 0.03477757 
353 105 88 93 0.03405062 
261 241 12 16 0.0336582 
414 399 122 128 0.033574343 
357 166 57 56 0.033439748 
286 248 15 19 0.03302821 
518 22 26 30 0.032768674 
268 212 14 20 0.03209604 
231 238 10 12 0.031381197 
199 156 13 16 0.031094376 
236 211 21 27 0.030797971 
223 238 9 11 0.030711187 
891 74 16 21 0.03043672 
290 160 25 32 0.02992375 
312 177 14 19 0.029688785 
496 158 31 34 0.029163357 
140 61 14 17 0.02872418 
827 173 36 47 0.027904054 
348 170 36 40 0.027836584 
570 197 55 64 0.02778752 
538 18 18 20 0.026132938 
741 24 31 37 0.02554609 
509 29 24 31 0.02549802 
383 116 36 45 0.025311893 
638 -1 50 37 0.02429659 
150 47 10 12 0.024236191 
104 14 9 13 0.023801856 
535 58 16 18 0.023701064 
187 266 13 16 0.023375325 
838 149 13 17 0.02334829 
214 226 14 17 0.023318168 
194 124 14 16 0.023073215 
378 75 33 43 0.022949759 
903 64 34 37 0.022882631 
308 133 12 15 0.022766937 
1 363 155 121 0.022325933 
239 235 12 16 0.022266038 
118 26 11 12 0.022172695 
694 144 16 22 0.02188288 
496 12 96 107 0.021618348 
265 141 10 13 0.021429973 
870 75 29 31 0.02137382 
308 167 23 33 0.021234713 
841 162 38 49 0.02123454 
600 -37 208 204 0.020922197 
115 10 17 19 0.020810058 
430 371 37 43 0.020791385 
104 47 9 9 0.020775301 
497 143 31 32 0.020724723 
84 28 11 14 0.020551117 
160 70 10 13 0.020493891 
199 141 9 11 0.020447226 
94 4 11 13 0.020306343 
