25_Soldier_Patrol_Soldier_Patrol_25_882
19
801 499 133 109 0.85328066 
802 521 38 40 0.08772263 
215 209 15 20 0.074086204 
730 514 15 20 0.055705566 
-21 2 154 238 0.05173552 
522 483 93 109 0.035133813 
404 527 68 61 0.033322968 
679 464 27 29 0.029336225 
407 499 97 109 0.027055793 
726 146 12 16 0.02678208 
795 520 83 71 0.025598342 
903 518 8 12 0.024435932 
812 510 14 14 0.02235562 
776 517 23 34 0.021535588 
829 486 13 16 0.021183657 
855 516 72 69 0.021040455 
899 531 31 37 0.020872967 
795 514 29 35 0.020636994 
786 385 206 257 0.020123448 
