5_Car_Accident_Car_Crash_5_492
25
898 50 29 43 0.91745305 
966 353 21 28 0.13401972 
241 385 17 22 0.11328416 
790 4 34 36 0.10386204 
310 286 27 35 0.08553904 
220 335 27 32 0.078958586 
881 60 29 38 0.06605496 
625 296 118 135 0.064097375 
236 540 42 50 0.05729467 
303 775 24 32 0.03858949 
277 736 27 31 0.037202787 
250 283 12 16 0.03351963 
769 11 57 62 0.02987316 
969 12 52 76 0.029789545 
225 333 18 21 0.029616836 
28 276 14 20 0.027594876 
253 277 204 252 0.027587306 
276 407 412 497 0.025111992 
229 364 29 36 0.024357917 
626 195 148 159 0.02278383 
293 405 14 20 0.022420932 
176 37 414 485 0.020971818 
224 348 29 36 0.02074025 
204 357 25 35 0.020353006 
309 439 15 20 0.02023189 
