5_Car_Accident_Accident_5_668
61
881 239 18 22 0.94937843 
721 198 31 37 0.7353835 
915 233 12 15 0.3069427 
521 194 20 21 0.21527289 
487 165 95 108 0.16369517 
747 239 31 33 0.15745091 
760 194 12 17 0.12463492 
968 253 11 13 0.094494775 
900 217 12 14 0.06794807 
862 225 12 16 0.06596355 
751 266 41 52 0.06593761 
936 229 9 11 0.06535373 
912 240 12 15 0.05716457 
704 190 39 48 0.056718722 
866 221 12 14 0.055987034 
957 238 9 11 0.051144347 
735 198 26 33 0.03940654 
436 657 30 26 0.037887603 
870 239 16 20 0.037830614 
754 190 21 28 0.037001792 
951 221 11 13 0.035049684 
941 223 11 14 0.03199506 
846 252 15 17 0.03182202 
879 213 10 12 0.03160363 
991 272 14 17 0.030138435 
953 228 10 12 0.030027391 
555 240 38 43 0.029686783 
701 197 10 15 0.02913209 
753 221 32 38 0.028541613 
382 222 41 50 0.02826665 
1005 493 20 43 0.027605912 
860 232 16 21 0.027262855 
746 240 47 55 0.027101163 
868 215 10 11 0.026661633 
780 214 13 18 0.026527606 
859 216 21 25 0.025874974 
408 226 12 16 0.025812585 
992 265 25 31 0.02551263 
973 181 10 13 0.025486365 
968 179 11 14 0.025010208 
542 180 57 72 0.024978647 
926 230 10 12 0.024821833 
956 231 10 12 0.024794817 
515 190 32 39 0.024725465 
292 185 168 244 0.024524868 
715 180 32 40 0.024451451 
928 573 107 131 0.023920806 
877 229 17 20 0.023537317 
879 221 12 14 0.023255037 
1014 293 9 12 0.02323036 
969 229 9 12 0.022592656 
693 159 9 10 0.022339206 
732 258 12 14 0.022261908 
976 207 10 12 0.022159422 
738 199 42 47 0.021934798 
542 171 11 13 0.02184636 
903 260 9 12 0.021767912 
759 205 25 32 0.021726944 
771 217 16 19 0.021423472 
539 251 43 48 0.021003826 
959 244 9 11 0.020908264 
