5_Car_Accident_Accident_5_202
53
990 73 19 23 0.86202985 
822 76 15 20 0.7812391 
743 90 17 19 0.597975 
898 84 14 18 0.5189872 
760 83 13 17 0.462057 
923 71 27 34 0.4495578 
399 349 23 27 0.17645715 
793 80 8 10 0.146029 
966 150 10 13 0.1440221 
969 68 15 19 0.13974547 
727 206 106 128 0.087436676 
712 86 9 11 0.07654246 
417 -4 367 465 0.07055837 
570 105 8 9 0.06393544 
862 261 10 14 0.063752085 
-1 405 24 36 0.061149463 
750 84 20 22 0.05622136 
789 99 14 16 0.052195534 
696 93 8 10 0.048843082 
573 108 8 10 0.0479108 
971 77 15 19 0.045979217 
964 144 11 14 0.043661427 
936 79 15 20 0.043490656 
975 65 21 27 0.042275507 
918 79 15 18 0.042146306 
474 168 30 35 0.04036353 
567 126 10 13 0.038691614 
8 106 27 38 0.03757477 
705 88 8 10 0.03728118 
566 120 9 11 0.03438998 
989 87 17 20 0.033314385 
960 141 12 14 0.031422652 
498 171 196 259 0.031233804 
729 89 8 11 0.031047009 
925 94 23 30 0.029451929 
828 71 11 15 0.029184047 
314 111 16 21 0.026172997 
917 60 10 12 0.026165895 
883 101 11 13 0.025884122 
809 94 10 14 0.025531974 
296 144 431 422 0.024113372 
941 48 15 18 0.023953216 
794 84 12 14 0.02390143 
724 278 13 16 0.023163797 
973 62 39 49 0.022404388 
958 145 22 28 0.021823546 
549 134 10 14 0.021810655 
860 95 16 17 0.021476429 
562 119 9 11 0.02075633 
856 197 52 73 0.020603033 
555 215 62 57 0.020503733 
928 142 11 12 0.020389391 
481 235 20 16 0.020078206 
