5_Car_Accident_Accident_5_77
188
885 57 28 35 0.99978584 
757 33 26 34 0.999345 
627 60 23 31 0.9990922 
654 59 22 30 0.99883014 
574 65 24 33 0.9987116 
930 48 37 46 0.99786574 
812 53 25 32 0.997414 
717 65 24 32 0.99670035 
377 61 22 28 0.99148893 
693 69 23 30 0.9861703 
290 77 21 27 0.9851967 
231 68 20 26 0.9825508 
437 54 23 29 0.9672122 
539 77 20 26 0.96700704 
489 67 20 26 0.966355 
185 78 21 24 0.9562413 
113 89 19 24 0.95350325 
588 43 20 26 0.9355344 
517 37 19 22 0.92182547 
982 47 18 25 0.92100364 
710 8 14 17 0.9193145 
445 83 23 27 0.90446246 
391 0 12 12 0.72768414 
739 25 12 15 0.6615698 
903 57 25 34 0.49547774 
80 57 22 41 0.44336748 
658 461 129 132 0.42946815 
733 367 183 196 0.40749854 
793 22 13 15 0.40093827 
794 54 19 23 0.37375423 
873 60 11 15 0.37161985 
77 220 438 488 0.3342279 
679 27 11 14 0.27853337 
475 0 11 12 0.24938814 
995 267 18 21 0.2355693 
919 53 28 39 0.23135836 
706 64 23 32 0.20450187 
716 32 14 18 0.16776617 
559 347 25 32 0.16613413 
440 69 24 30 0.16029288 
638 29 12 16 0.1569425 
737 50 14 19 0.14257194 
655 438 33 40 0.12964904 
206 3 13 13 0.111534536 
326 76 12 16 0.10774366 
290 101 16 20 0.103177704 
161 369 258 320 0.09963407 
965 44 23 29 0.09793722 
563 0 16 18 0.094994605 
32 9 12 15 0.09341987 
481 38 16 20 0.091483034 
771 90 24 28 0.08931267 
615 0 11 11 0.081386186 
525 2 17 19 0.0806272 
790 27 19 26 0.07530311 
700 44 23 29 0.07528609 
376 27 10 13 0.075229116 
315 180 15 19 0.07314458 
189 95 16 18 0.07124262 
686 0 9 10 0.0678752 
172 13 15 20 0.06731355 
7 127 45 70 0.06468776 
3 0 12 14 0.062858164 
380 24 10 13 0.058338482 
71 8 28 39 0.05729341 
709 34 20 25 0.05708079 
71 290 127 159 0.05689772 
389 6 14 17 0.056120068 
319 0 10 9 0.055914305 
672 26 13 15 0.053902823 
26 51 24 39 0.05331989 
686 417 155 156 0.052127823 
563 8 18 23 0.051069412 
450 93 23 31 0.050166648 
872 53 23 30 0.048096523 
639 11 12 15 0.047627825 
637 62 24 31 0.047439683 
168 100 11 13 0.047144685 
16 43 25 39 0.044654682 
511 4 25 26 0.04447439 
1 34 37 61 0.044049602 
318 77 13 17 0.04396581 
860 495 121 126 0.04345762 
309 178 15 19 0.04332054 
2 37 23 37 0.042790763 
413 45 13 18 0.042640444 
325 26 17 22 0.042208243 
426 214 24 34 0.041773017 
882 45 14 16 0.04137477 
676 434 28 37 0.040916484 
915 53 13 18 0.03979535 
639 19 13 19 0.03935478 
766 22 13 17 0.039175823 
747 68 15 20 0.038943067 
393 64 16 20 0.038759366 
573 239 349 445 0.03825081 
532 6 16 20 0.038156934 
609 57 16 22 0.037972152 
655 364 30 37 0.037892096 
389 -3 20 20 0.03718973 
185 137 40 53 0.036646463 
765 64 15 18 0.03540242 
324 0 10 11 0.03538271 
66 64 31 38 0.03440535 
0 108 10 18 0.03398127 
580 315 11 14 0.03389422 
652 1 12 11 0.033553526 
439 84 17 21 0.033201087 
323 4 13 14 0.033196446 
722 28 14 20 0.03298462 
747 39 26 33 0.03274193 
724 264 41 44 0.03238243 
677 3 14 16 0.032330047 
700 37 16 20 0.03218462 
569 17 14 20 0.031899486 
262 158 15 17 0.0318843 
685 77 25 32 0.031864718 
991 269 25 35 0.031085122 
611 407 22 32 0.030893087 
729 342 31 35 0.030125203 
538 10 16 20 0.03011844 
737 67 22 28 0.029636402 
246 97 14 16 0.029624261 
467 227 14 19 0.029299766 
-1 151 24 58 0.02922965 
55 8 46 61 0.029018547 
547 227 12 15 0.028951176 
502 9 16 20 0.02883877 
548 0 23 24 0.028598016 
792 38 20 28 0.028372854 
993 12 14 17 0.028229253 
442 45 16 19 0.028083118 
591 26 13 17 0.02765134 
947 46 30 38 0.027542824 
699 326 27 31 0.027314408 
310 43 15 18 0.027241569 
150 116 13 17 0.02673052 
592 57 23 30 0.026414666 
869 71 15 21 0.026230931 
431 62 15 22 0.025852013 
612 334 15 18 0.025846088 
458 223 27 33 0.025461964 
262 59 14 17 0.025260214 
987 9 22 27 0.025221597 
812 0 12 11 0.025026627 
775 30 21 31 0.0246885 
663 2 13 16 0.02459066 
660 216 17 23 0.024415093 
806 372 177 246 0.024037726 
802 55 22 25 0.023968762 
228 98 14 18 0.023639895 
620 15 12 14 0.023532636 
550 0 15 14 0.023295602 
636 419 31 34 0.02327316 
585 65 25 32 0.023207158 
36 187 195 281 0.02307564 
243 3 11 13 0.023000505 
674 23 19 24 0.022960724 
429 210 40 50 0.022821896 
403 39 23 28 0.022666004 
644 5 13 15 0.022546504 
159 0 13 11 0.022523116 
137 78 9 11 0.022463188 
237 0 14 13 0.022462144 
916 99 17 22 0.02233227 
412 257 362 473 0.022213925 
223 93 12 16 0.022125892 
807 18 11 16 0.02208562 
944 330 28 38 0.022084443 
156 110 13 15 0.022064155 
682 457 12 17 0.021859312 
205 104 14 18 0.021828515 
76 133 53 68 0.021794686 
684 400 27 38 0.021658657 
729 55 21 27 0.021585558 
985 336 16 22 0.021548882 
688 423 29 45 0.021518536 
817 426 119 141 0.02117209 
186 99 24 25 0.021082312 
395 8 14 16 0.020866673 
20 22 15 18 0.02082692 
450 53 15 20 0.0207685 
710 348 36 37 0.020486824 
14 48 40 63 0.020436808 
420 193 41 51 0.020417793 
699 27 15 17 0.020314883 
183 37 11 14 0.020156197 
645 351 34 38 0.020148896 
