5_Car_Accident_Accident_5_460
133
113 312 20 24 0.9575934 
235 306 12 15 0.8912373 
61 312 14 18 0.6489286 
867 364 14 16 0.61890495 
271 314 10 13 0.56883603 
41 73 16 22 0.30895197 
182 311 11 14 0.29580903 
158 308 12 17 0.28834578 
209 312 10 12 0.26006564 
255 315 11 14 0.2115525 
128 290 12 15 0.20404102 
3 296 12 18 0.19573095 
277 316 10 12 0.1807535 
918 352 11 14 0.17863363 
216 97 9 11 0.17177257 
204 114 16 18 0.1514555 
286 317 9 11 0.14945593 
263 316 9 13 0.14690535 
319 333 9 12 0.12869915 
213 314 10 13 0.123652734 
250 105 8 10 0.1164203 
428 140 10 12 0.112419456 
319 327 8 12 0.09879981 
177 315 11 14 0.096547164 
417 144 9 13 0.09008004 
341 117 8 11 0.08972887 
200 327 10 12 0.07937481 
209 107 14 17 0.07910843 
464 141 10 13 0.07372274 
223 315 9 12 0.07071285 
9 332 15 19 0.06808874 
165 302 11 15 0.065748684 
319 339 9 12 0.06395778 
973 350 10 11 0.060992435 
35 332 16 18 0.060987208 
426 137 8 9 0.06065454 
132 342 16 20 0.059320055 
10 325 14 16 0.058983292 
252 109 9 11 0.05871554 
923 357 11 12 0.058431447 
387 129 7 9 0.05824948 
887 364 11 15 0.05722514 
201 109 14 16 0.056149527 
873 363 14 17 0.053770658 
384 148 12 15 0.053387586 
181 323 12 15 0.053373568 
390 379 98 107 0.04985879 
150 313 12 16 0.049701508 
420 149 10 13 0.048791654 
390 132 8 12 0.047516484 
3 304 13 20 0.045192223 
888 359 10 12 0.04517308 
233 119 9 11 0.043826975 
891 364 14 17 0.04244037 
312 333 10 12 0.041813284 
927 374 10 12 0.041403092 
423 140 10 13 0.0413264 
703 210 26 26 0.040035293 
385 133 8 10 0.040011827 
465 137 9 11 0.03904259 
77 331 16 20 0.038588297 
320 113 8 8 0.038280614 
318 321 8 11 0.037512843 
106 351 14 17 0.037475884 
0 313 11 17 0.03700436 
155 291 11 14 0.036943827 
237 118 10 12 0.03660383 
204 332 11 15 0.03567574 
232 313 12 15 0.034992736 
446 149 9 11 0.03409132 
204 324 11 14 0.03389651 
388 142 10 13 0.033575717 
215 332 11 16 0.033312768 
188 314 10 15 0.033167444 
283 322 13 15 0.033021968 
140 317 16 17 0.032286003 
302 341 10 13 0.031809382 
248 119 10 12 0.030898975 
313 327 10 13 0.030856412 
866 375 16 19 0.029473517 
247 323 13 16 0.028473904 
164 311 14 18 0.02844843 
300 360 12 16 0.028422745 
338 113 9 11 0.028243318 
174 321 14 17 0.0281203 
457 143 9 12 0.027740087 
180 330 14 20 0.027482007 
132 295 15 19 0.02738143 
217 99 12 17 0.026953952 
125 342 16 19 0.026846938 
583 216 39 45 0.026472917 
311 341 10 13 0.026444098 
429 147 10 13 0.026351118 
279 332 11 13 0.026281945 
899 371 13 16 0.026001006 
221 115 10 14 0.025939556 
149 298 14 18 0.025926908 
140 292 14 16 0.02571166 
323 334 10 12 0.025691194 
440 148 10 13 0.02565729 
188 331 11 17 0.025567481 
221 332 11 15 0.025521904 
44 64 14 17 0.025508212 
924 363 12 14 0.025476594 
183 429 10 14 0.024982743 
230 323 12 15 0.024810893 
913 354 13 15 0.024481623 
314 320 8 11 0.02399577 
325 116 10 12 0.023772048 
924 407 15 17 0.023684144 
422 166 11 14 0.023418788 
213 340 13 18 0.023404518 
31 338 14 17 0.023403328 
67 319 14 18 0.023247382 
269 310 17 23 0.023114286 
150 286 13 16 0.022729894 
172 310 20 24 0.022667082 
303 335 10 13 0.022643581 
456 149 9 12 0.022511967 
199 334 19 29 0.022372076 
0 279 17 39 0.022287915 
173 294 8 11 0.022224171 
205 103 14 16 0.021902943 
459 157 14 19 0.021460509 
206 312 18 22 0.02138406 
134 333 14 18 0.021271741 
229 330 11 15 0.021124255 
232 45 422 435 0.020844866 
251 124 11 14 0.020826632 
253 142 10 13 0.02040686 
217 107 13 16 0.020394338 
41 324 15 18 0.020265425 
199 317 11 14 0.020150775 
