5_Car_Accident_Accident_5_869
24
369 178 254 348 0.99982387 
815 1243 216 249 0.7539968 
486 1043 228 322 0.66449106 
333 897 402 477 0.3373286 
735 806 177 288 0.32830533 
710 1160 375 384 0.24109916 
854 351 112 149 0.16583562 
565 1017 350 443 0.15004809 
227 430 415 479 0.08159555 
509 1134 153 185 0.07811806 
763 876 111 184 0.055968866 
185 647 215 381 0.048451513 
704 681 293 443 0.03889342 
161 1061 434 495 0.037495665 
773 755 109 176 0.03562065 
113 107 111 140 0.034076665 
410 33 354 486 0.03355363 
593 1136 151 197 0.027305072 
149 618 405 535 0.026754279 
528 812 361 440 0.023537815 
573 4 18 19 0.02239761 
3 -9 385 513 0.021703366 
114 40 199 276 0.021189222 
845 61 203 263 0.020213027 
