5_Car_Accident_Car_Crash_5_38
96
0 228 22 33 0.90013576 
832 234 11 13 0.5620647 
777 238 11 14 0.5154265 
324 92 46 40 0.49807513 
941 245 11 13 0.46508488 
69 269 14 19 0.4643219 
440 125 25 27 0.19842058 
915 237 9 13 0.1815028 
358 97 46 51 0.12852576 
888 243 9 11 0.10760624 
367 118 33 40 0.09363684 
705 434 115 120 0.09120547 
525 430 17 22 0.06868857 
339 99 47 52 0.067653194 
428 122 42 50 0.06680234 
797 279 13 18 0.066049755 
893 238 11 14 0.064666316 
777 262 18 20 0.0640145 
427 419 28 37 0.057344496 
306 72 49 48 0.051425073 
855 301 12 17 0.049377188 
427 125 27 31 0.047921646 
402 113 24 31 0.04687109 
963 289 20 20 0.045349136 
37 451 30 35 0.043906752 
428 137 15 18 0.043165658 
862 247 10 12 0.042349037 
878 238 11 14 0.04234452 
304 56 42 38 0.042092845 
902 271 8 10 0.040094953 
102 262 40 51 0.03934993 
110 194 12 16 0.03885846 
669 207 127 143 0.038393263 
373 108 49 57 0.038128637 
879 220 12 14 0.038092863 
128 203 11 14 0.037221584 
308 434 246 196 0.0363103 
898 219 12 13 0.0356464 
924 235 11 13 0.035290487 
913 232 10 13 0.03349263 
392 97 28 39 0.03150676 
66 259 22 26 0.031251814 
798 311 17 23 0.03100329 
536 437 28 33 0.030824475 
305 95 42 50 0.030533506 
318 116 54 68 0.03007376 
813 412 73 88 0.02985688 
377 126 19 24 0.02972656 
894 251 11 13 0.029589878 
421 153 44 63 0.028523821 
917 232 11 13 0.028218085 
775 249 21 27 0.028003745 
877 134 31 41 0.027904391 
886 333 9 13 0.027903032 
424 136 27 32 0.027899198 
884 219 14 16 0.027882438 
808 238 9 11 0.027631016 
495 120 14 17 0.027370851 
895 215 12 13 0.02736576 
428 373 13 14 0.027083121 
916 242 10 12 0.0268772 
866 324 15 21 0.026607491 
871 234 13 16 0.02596645 
439 401 42 56 0.025671959 
837 242 12 14 0.025351321 
572 377 37 54 0.02490527 
788 245 11 13 0.024831587 
774 234 18 23 0.024762472 
830 224 12 15 0.024739498 
133 203 12 15 0.024596358 
451 116 26 32 0.024436228 
886 226 12 14 0.024324507 
68 255 14 17 0.02404424 
506 431 18 23 0.023899563 
417 409 48 57 0.02346151 
414 115 24 30 0.023321066 
499 147 15 18 0.023268774 
862 221 11 16 0.023200449 
937 239 12 14 0.023174578 
401 393 87 104 0.023162829 
494 424 26 32 0.023123007 
500 429 15 19 0.0229356 
347 121 37 46 0.022881936 
844 229 10 14 0.022854948 
876 226 13 16 0.022401044 
911 328 10 12 0.02203845 
513 427 27 32 0.022017766 
428 153 27 38 0.021495802 
773 250 14 19 0.021469424 
937 250 12 13 0.021406116 
574 114 46 51 0.021279057 
401 173 45 70 0.021089211 
491 431 17 22 0.021071177 
463 113 24 31 0.020929912 
36 250 14 17 0.02060956 
407 426 28 35 0.020539246 
