5_Car_Accident_Accident_5_244
97
839 202 26 37 0.981605 
648 204 21 29 0.9803728 
997 183 27 67 0.93676084 
799 194 20 27 0.9329831 
468 301 28 30 0.90435314 
707 186 20 27 0.88890094 
918 186 16 28 0.8495433 
490 210 22 26 0.6850793 
636 313 41 43 0.610941 
569 186 16 21 0.5187288 
507 206 17 22 0.43492696 
487 586 58 53 0.32121906 
762 208 15 20 0.27758107 
597 192 23 27 0.26718834 
856 205 32 34 0.19919994 
722 187 16 23 0.18171565 
914 219 15 22 0.18114476 
622 315 34 43 0.17864133 
572 190 21 28 0.16252622 
247 277 37 46 0.1383253 
612 185 16 25 0.12761198 
765 200 21 27 0.119354926 
765 219 27 34 0.119061984 
546 289 17 25 0.1176883 
477 557 65 54 0.105466895 
491 222 17 19 0.10390081 
894 201 16 24 0.09636107 
962 201 34 50 0.07509484 
461 304 21 23 0.07243371 
148 0 16 14 0.06100163 
878 206 23 30 0.06066021 
663 206 18 23 0.06026208 
221 301 25 38 0.0563792 
628 183 15 21 0.053163048 
21 199 11 12 0.044418536 
413 338 47 53 0.043817427 
834 185 21 33 0.042455614 
978 103 13 18 0.041504137 
265 276 15 21 0.03963771 
710 214 15 20 0.039561693 
479 290 25 36 0.038434073 
472 266 12 14 0.037704878 
41 124 11 13 0.037015982 
750 203 12 17 0.036549386 
151 325 97 134 0.034096286 
897 194 16 24 0.033938132 
586 187 26 31 0.03371225 
614 300 27 43 0.03357526 
764 215 15 22 0.031736013 
179 205 11 14 0.031659584 
489 579 91 82 0.031459212 
594 547 65 62 0.031366177 
233 298 45 49 0.030530136 
28 205 11 14 0.030225823 
556 214 21 28 0.029280568 
756 196 13 17 0.02921552 
69 195 43 61 0.029011749 
494 221 26 31 0.028592845 
59 119 15 20 0.028225755 
509 225 15 16 0.028073136 
956 195 27 44 0.027743138 
141 180 52 70 0.027719352 
567 199 22 31 0.027240392 
499 206 18 23 0.027204176 
702 10 35 42 0.026984695 
751 198 10 14 0.026972998 
755 186 14 18 0.026555607 
970 107 9 13 0.026539871 
264 272 11 15 0.026539529 
758 222 43 59 0.026184907 
884 193 22 34 0.025450587 
740 200 15 19 0.025427522 
940 100 12 15 0.025368135 
893 141 10 13 0.025357755 
537 294 30 40 0.025191426 
340 365 441 463 0.025144223 
229 232 13 18 0.025041372 
775 200 17 21 0.024550777 
937 187 15 20 0.024317628 
552 219 12 17 0.02402081 
486 551 40 34 0.023932278 
621 182 12 19 0.023887897 
643 185 15 19 0.023739018 
655 303 32 47 0.023054903 
176 175 10 12 0.022801828 
493 231 14 17 0.022775484 
499 540 67 49 0.022687906 
667 187 15 18 0.022107257 
767 225 15 22 0.021975048 
635 186 15 19 0.021807043 
927 189 18 23 0.021720087 
714 209 17 22 0.021394722 
841 195 18 28 0.021332063 
746 199 203 231 0.020767193 
232 284 29 39 0.020648576 
515 232 15 18 0.020505182 
512 173 10 13 0.020474702 
