5_Car_Accident_Car_Crash_5_866
47
246 109 51 64 0.7567297 
355 83 71 61 0.5688411 
384 223 46 47 0.25671554 
485 86 35 44 0.22411871 
66 92 60 79 0.15404838 
702 439 40 44 0.12499471 
739 9 56 54 0.08758737 
468 106 84 114 0.08630641 
454 304 89 114 0.07018366 
376 81 42 42 0.06794176 
626 136 33 42 0.057555765 
452 89 45 64 0.049367145 
671 174 18 22 0.04365226 
801 0 41 47 0.040613864 
643 153 13 18 0.035255868 
438 51 85 110 0.034936614 
333 91 64 61 0.03481143 
363 103 40 43 0.03328784 
371 214 42 45 0.03311286 
438 312 77 72 0.02998353 
665 163 26 29 0.029494 
404 85 54 64 0.029388031 
333 122 52 56 0.028966542 
465 390 36 38 0.028857982 
503 123 79 106 0.028381623 
437 113 48 67 0.028306458 
72 227 43 56 0.027770614 
112 84 50 64 0.0270861 
501 87 27 34 0.026904332 
731 206 24 30 0.026444368 
464 71 50 65 0.024678301 
7 253 28 39 0.024312926 
780 6 47 53 0.02361034 
383 200 42 42 0.023566509 
250 65 57 67 0.023548838 
630 451 68 65 0.0233874 
646 481 64 64 0.023355648 
194 349 48 71 0.023165474 
118 180 54 66 0.022895994 
605 419 48 55 0.02250223 
685 272 52 58 0.021872085 
229 86 51 70 0.02152047 
707 282 32 36 0.021096833 
512 89 17 23 0.020627266 
295 93 33 42 0.020212796 
235 137 34 40 0.020126553 
305 175 39 54 0.020076524 
