5_Car_Accident_Accident_5_948
32
664 141 23 27 0.50029916 
695 286 13 19 0.11334797 
341 286 23 28 0.106864184 
278 238 490 529 0.087976776 
687 184 11 12 0.08377718 
10 170 25 32 0.064613156 
20 177 16 19 0.061551888 
656 182 10 11 0.059493855 
636 134 9 11 0.040425822 
692 188 9 11 0.03998862 
682 189 8 11 0.03458152 
715 164 11 13 0.0297498 
682 183 9 12 0.029699814 
647 165 10 14 0.029560745 
655 141 11 15 0.02891933 
652 156 12 17 0.02805078 
151 243 80 117 0.027808705 
533 362 26 30 0.027324468 
702 277 12 15 0.026855096 
524 414 46 54 0.026652975 
654 149 12 17 0.025747987 
631 127 10 11 0.025657447 
266 309 17 22 0.025589244 
708 286 12 15 0.025151877 
260 310 15 20 0.024546472 
656 136 37 48 0.02405868 
703 161 10 13 0.02386067 
700 368 34 44 0.023250155 
507 432 26 30 0.02295996 
256 310 10 13 0.022542786 
635 191 13 15 0.021871045 
710 126 12 14 0.02171285 
