5_Car_Accident_Car_Crash_5_773
30
325 411 17 22 0.918439 
394 425 17 22 0.9180449 
686 439 15 18 0.87720466 
630 444 14 17 0.8458601 
550 426 16 21 0.8028478 
465 434 16 20 0.51421005 
720 478 12 16 0.11675526 
3 452 25 31 0.107126474 
493 472 8 10 0.099396385 
658 297 12 16 0.059160948 
731 448 16 18 0.056354877 
514 285 12 14 0.05119316 
583 450 11 14 0.048144344 
570 409 14 19 0.03644635 
604 449 11 15 0.030152446 
491 475 9 11 0.027254578 
653 447 10 13 0.026938627 
670 374 12 15 0.026355134 
937 468 23 33 0.0247624 
379 434 15 17 0.024180412 
1005 188 15 19 0.023768201 
727 443 14 19 0.022307891 
299 460 11 16 0.02173559 
614 454 11 12 0.021505298 
531 436 11 13 0.021306593 
655 373 9 12 0.021046786 
712 483 13 16 0.020899747 
633 549 9 12 0.020884236 
757 447 16 23 0.020734519 
399 449 23 29 0.020026855 
