5_Car_Accident_Accident_5_515
26
924 476 35 45 0.97995996 
128 380 42 52 0.7395582 
826 215 30 43 0.43626988 
469 208 28 32 0.42986494 
841 216 39 50 0.4071575 
452 208 46 52 0.13748802 
352 595 126 132 0.09769197 
856 237 28 33 0.08716611 
475 194 24 35 0.07529882 
500 209 13 19 0.074679874 
466 191 45 52 0.06261135 
490 197 20 33 0.047671665 
844 201 35 38 0.046329066 
478 192 16 21 0.045088686 
745 589 29 31 0.032466475 
856 201 18 19 0.02981755 
561 523 57 85 0.028691439 
620 460 18 22 0.027644834 
457 202 29 36 0.02572375 
323 428 34 37 0.024818094 
911 468 30 41 0.024708731 
162 482 28 31 0.022717262 
96 391 51 60 0.022171877 
830 217 16 24 0.021854268 
174 489 15 18 0.020569207 
730 202 53 55 0.020456016 
