5_Car_Accident_Accident_5_510
169
277 272 34 42 0.9561902 
579 463 37 55 0.94528323 
389 239 26 34 0.94445384 
195 291 36 42 0.94121504 
343 210 28 32 0.93362296 
51 244 40 57 0.7684961 
242 251 27 32 0.762506 
317 281 29 35 0.7231793 
563 679 351 445 0.50735354 
416 239 31 36 0.2883241 
433 241 28 37 0.20890422 
342 999 11 14 0.1887743 
85 234 45 58 0.18843882 
88 276 35 41 0.17297806 
377 1017 10 13 0.1696893 
439 449 49 70 0.16357909 
237 239 26 32 0.14115317 
419 254 23 29 0.12617701 
360 989 10 11 0.11468579 
687 776 210 293 0.10617395 
515 228 17 20 0.10401976 
4 813 10 12 0.10326033 
450 457 445 456 0.10026838 
540 244 15 17 0.0938519 
353 383 15 20 0.09269227 
542 958 13 15 0.082313806 
380 436 110 155 0.07380979 
104 716 69 77 0.06779356 
372 244 24 32 0.06682767 
376 237 12 17 0.06652387 
289 256 25 32 0.066157535 
305 276 29 37 0.06534023 
420 237 20 23 0.064631954 
352 288 16 23 0.061569124 
287 1009 11 13 0.06147954 
508 557 50 57 0.06093721 
526 974 11 13 0.060691446 
577 530 221 331 0.059216734 
475 252 27 46 0.058259763 
574 451 11 16 0.057454187 
218 1163 46 65 0.057056706 
113 232 40 51 0.057018235 
268 276 26 33 0.055703443 
701 269 15 17 0.053525068 
47 604 13 17 0.05214604 
549 964 10 11 0.051225353 
45 44 11 15 0.04764961 
672 451 50 57 0.047230463 
188 619 189 229 0.046845723 
537 958 10 12 0.04672136 
366 1223 9 11 0.046536036 
507 224 28 32 0.046458323 
490 459 39 52 0.045961477 
74 255 32 49 0.045109123 
293 984 105 150 0.044989947 
577 294 361 448 0.043384224 
301 -22 401 448 0.042197116 
725 256 12 15 0.039833046 
762 228 22 25 0.039814647 
190 243 17 20 0.039073516 
876 1081 16 20 0.03766494 
575 455 29 42 0.03643738 
1006 726 11 16 0.03631767 
887 827 30 35 0.035129137 
884 1220 24 30 0.035099067 
274 256 24 31 0.034795366 
205 230 12 14 0.034647837 
306 262 19 21 0.03460039 
700 246 10 14 0.034439195 
332 256 23 25 0.03431516 
261 283 15 20 0.03395094 
416 459 66 98 0.033945844 
535 952 9 10 0.033693373 
452 242 39 49 0.03355497 
335 1015 9 12 0.03330956 
509 159 20 27 0.03306404 
365 254 25 32 0.032286722 
594 466 46 56 0.031990178 
73 718 60 66 0.03169114 
612 940 12 13 0.03145475 
68 1253 15 21 0.03143536 
0 10 11 16 0.031273164 
4 4 13 17 0.030995533 
440 645 55 60 0.030472513 
36 1292 12 16 0.030233128 
882 779 51 59 0.030224439 
111 704 110 126 0.030200744 
506 1004 8 10 0.029079014 
445 238 30 39 0.029045423 
427 295 20 22 0.028664919 
299 249 26 30 0.028245937 
365 256 16 20 0.02803135 
559 1093 10 12 0.027907014 
15 790 12 15 0.027838055 
158 261 13 18 0.02780262 
574 861 16 18 0.027540663 
533 972 13 15 0.027284566 
282 248 24 29 0.026883487 
999 734 11 14 0.026861789 
306 273 18 24 0.026360469 
152 254 41 49 0.026071895 
247 271 28 34 0.025790999 
628 78 26 30 0.025664547 
423 1216 6 8 0.025260687 
300 237 25 28 0.025238717 
419 1002 24 29 0.024847772 
382 300 20 27 0.02479126 
13 877 9 13 0.024668766 
554 1008 11 14 0.024652155 
47 31 10 12 0.024306018 
302 235 16 18 0.02415062 
372 233 23 28 0.024110094 
263 252 24 32 0.023965582 
262 643 125 146 0.023896614 
700 263 25 29 0.023865314 
965 1084 14 20 0.023833942 
411 318 30 45 0.023759792 
478 245 12 16 0.023669861 
911 1084 12 15 0.02363197 
242 228 27 29 0.023372604 
636 461 47 55 0.02320543 
446 221 12 15 0.023099527 
1013 713 11 17 0.022935959 
354 222 26 33 0.022874169 
627 1148 238 251 0.02280321 
237 252 18 24 0.022783153 
18 718 25 30 0.022778347 
342 1216 7 8 0.022732249 
805 1000 25 33 0.022629254 
528 951 9 9 0.022486571 
103 283 37 37 0.022106824 
480 93 12 14 0.022056947 
348 1003 9 12 0.022043293 
999 703 20 33 0.022002375 
568 965 12 12 0.021946242 
559 434 48 66 0.021890894 
280 298 27 32 0.02172356 
102 881 15 20 0.021709273 
748 920 31 39 0.021684982 
91 541 10 12 0.021682046 
615 461 44 56 0.021651262 
388 229 16 19 0.021588208 
140 478 341 461 0.021580238 
178 243 23 28 0.021557415 
399 1206 7 9 0.021261295 
396 274 14 21 0.0212295 
236 235 18 21 0.021214025 
548 236 14 16 0.021182578 
302 307 13 18 0.021089606 
509 1000 11 13 0.021067038 
285 309 16 20 0.020960243 
218 292 29 37 0.020848317 
895 1216 27 32 0.020775 
276 251 15 18 0.020704018 
303 1005 9 12 0.020680107 
473 982 411 492 0.02067222 
394 264 25 33 0.020467017 
410 261 28 32 0.020368394 
710 258 23 30 0.02028025 
595 654 17 22 0.020226842 
267 282 16 22 0.020223126 
924 1099 12 17 0.02015238 
67 233 29 46 0.020150015 
457 260 54 51 0.020137507 
291 244 16 19 0.020118615 
374 1010 20 24 0.020118386 
535 964 14 16 0.020069659 
768 809 18 18 0.020041076 
492 544 88 98 0.020031078 
