5_Car_Accident_Accident_5_642
92
581 745 14 17 0.9447054 
59 672 13 17 0.8410817 
491 649 29 35 0.7828413 
540 747 10 13 0.7372288 
434 216 95 109 0.4698221 
493 617 14 19 0.3939816 
699 741 17 18 0.23698099 
477 717 12 16 0.18258187 
545 764 10 12 0.18176644 
475 708 13 16 0.11874668 
752 636 10 13 0.09865223 
635 763 16 19 0.09191256 
825 407 135 103 0.08769832 
49 699 17 20 0.08255035 
633 770 17 19 0.07901516 
557 816 17 22 0.076778114 
455 764 10 12 0.07662614 
500 631 22 28 0.06885657 
367 726 11 14 0.064561166 
637 753 15 18 0.06450652 
212 422 50 53 0.062368866 
520 735 9 11 0.056934193 
80 78 234 295 0.053168267 
534 764 8 11 0.04934601 
486 281 15 20 0.04536177 
589 642 10 12 0.04535543 
571 763 11 13 0.04494806 
792 1030 53 62 0.04488039 
695 773 12 14 0.044134405 
594 709 10 12 0.041666534 
550 761 9 11 0.040304508 
483 708 11 14 0.039841685 
199 869 30 35 0.03893388 
461 760 9 12 0.03848934 
541 758 11 13 0.038392857 
704 760 30 31 0.03820989 
169 994 32 38 0.03814736 
44 669 10 12 0.037620205 
276 581 439 475 0.036582615 
469 202 63 83 0.036365185 
66 676 12 15 0.036328137 
705 745 15 17 0.03532586 
569 704 9 11 0.034751676 
346 725 14 17 0.034630153 
599 790 46 54 0.034046438 
537 791 9 12 0.033805188 
265 731 15 18 0.0335246 
0 649 10 15 0.0331633 
527 759 10 12 0.032715004 
585 672 23 31 0.031573698 
614 759 9 11 0.031560738 
641 750 11 13 0.031368718 
428 243 12 15 0.030707764 
567 783 9 11 0.030058092 
633 749 11 13 0.029970804 
807 718 20 27 0.029328292 
529 764 9 11 0.02917528 
559 767 10 12 0.02900702 
494 632 14 16 0.028489983 
334 726 11 16 0.028298613 
32 603 184 236 0.027620645 
56 664 10 13 0.027142387 
407 619 9 11 0.026415229 
478 759 14 15 0.025982518 
415 623 8 9 0.02566559 
562 782 9 11 0.024218686 
357 732 12 15 0.023465004 
472 700 12 16 0.023411961 
609 759 8 10 0.023382729 
40 665 10 12 0.02327765 
480 639 28 37 0.023260009 
791 633 15 17 0.023245485 
486 629 12 16 0.023047613 
511 735 9 12 0.023006877 
574 722 12 14 0.022869688 
717 748 12 16 0.022828657 
391 235 52 63 0.022734553 
472 181 52 67 0.022548715 
359 725 11 15 0.022495385 
46 664 10 12 0.022383956 
709 769 17 18 0.022039449 
456 742 9 13 0.021452377 
491 261 15 15 0.021424713 
602 793 28 32 0.021245725 
336 717 9 12 0.021198109 
470 694 11 16 0.021141741 
473 723 11 14 0.021117188 
474 238 60 74 0.020904468 
592 715 11 13 0.020691276 
513 768 8 10 0.020620959 
452 718 10 13 0.020531692 
527 644 14 18 0.020167856 
