5_Car_Accident_Accident_5_287
50
850 35 16 20 0.97304916 
895 65 14 18 0.21333385 
84 188 13 18 0.2105033 
381 96 8 10 0.09069377 
31 190 24 33 0.08344099 
158 138 10 14 0.07963018 
684 117 10 12 0.06514389 
659 129 45 57 0.062401745 
303 201 14 21 0.05711511 
222 210 22 33 0.056861907 
150 159 10 14 0.052450784 
460 -8 123 146 0.04471086 
405 152 14 16 0.044044282 
439 6 10 12 0.042988025 
911 45 13 16 0.042779513 
366 175 12 15 0.041458163 
394 165 14 15 0.040578835 
825 110 9 12 0.038551025 
925 25 14 17 0.03556617 
389 127 10 12 0.034257974 
685 112 10 12 0.033127207 
856 167 41 59 0.03195036 
156 50 74 116 0.030830301 
159 39 443 454 0.030141206 
887 61 11 16 0.029669674 
401 550 10 11 0.029479422 
415 131 11 13 0.028771106 
680 101 9 9 0.02859366 
154 134 8 11 0.027969383 
736 100 8 10 0.027839495 
476 32 10 13 0.027633745 
782 92 12 15 0.027375014 
782 137 12 14 0.025893368 
759 118 9 10 0.025876092 
397 156 13 15 0.02548899 
191 197 10 12 0.025137939 
750 117 9 11 0.025009295 
34 -10 208 227 0.024625868 
817 54 8 10 0.024406241 
152 120 9 12 0.024206242 
750 111 8 11 0.023421198 
361 176 11 12 0.02166513 
150 125 9 12 0.021662354 
888 28 11 14 0.02156964 
359 165 26 31 0.021191884 
99 226 16 21 0.020640157 
27 178 39 52 0.020500531 
197 196 10 12 0.02044404 
831 155 14 17 0.020266341 
879 39 10 12 0.02015464 
