5_Car_Accident_Accident_5_607
34
244 29 24 30 0.69707674 
107 17 24 31 0.24558896 
468 381 52 64 0.17153546 
76 38 31 34 0.15379323 
534 410 61 77 0.10719881 
217 0 19 19 0.09983237 
339 477 75 58 0.07343152 
431 386 49 62 0.0724756 
509 391 58 78 0.053715426 
489 389 53 69 0.051662285 
238 42 15 18 0.039532892 
119 32 27 39 0.038510837 
691 153 61 87 0.03751875 
326 459 70 59 0.036080603 
555 404 99 85 0.034775928 
94 23 48 64 0.0345261 
440 39 114 142 0.030684285 
21 -56 460 481 0.029430036 
427 396 29 49 0.028839199 
446 -1 440 514 0.027876496 
335 437 31 27 0.027644636 
206 -1 24 22 0.027112316 
653 117 105 148 0.02685684 
489 400 33 42 0.025173714 
597 405 67 49 0.023326814 
7 134 43 79 0.02325303 
203 52 14 18 0.022863204 
254 34 16 21 0.022754695 
453 383 38 49 0.022549627 
510 375 41 56 0.022304382 
460 384 103 102 0.021694241 
410 400 67 71 0.020711035 
622 -37 438 522 0.020657988 
186 0 16 13 0.020298053 
