5_Car_Accident_Accident_5_633
82
242 278 16 25 0.93705446 
490 276 33 44 0.9317171 
103 78 57 108 0.8025471 
451 458 82 72 0.68231785 
617 298 43 54 0.572692 
323 826 16 21 0.44759518 
161 284 18 24 0.3927436 
667 368 38 39 0.35087016 
815 319 9 12 0.28735268 
297 831 18 21 0.25247398 
510 436 54 61 0.17138655 
535 507 95 116 0.1666689 
641 217 33 48 0.13480063 
919 345 23 28 0.12851706 
504 271 39 49 0.1273665 
82 122 69 81 0.12378844 
552 263 22 31 0.12183494 
302 805 10 13 0.10897382 
801 327 8 11 0.10333859 
255 468 41 52 0.09755028 
161 409 14 15 0.08594295 
291 841 469 584 0.0826734 
432 809 54 70 0.082630694 
821 338 11 15 0.07899642 
894 351 14 19 0.059889745 
805 328 8 11 0.057973657 
0 145 12 23 0.05309953 
345 819 11 15 0.051787883 
308 971 66 56 0.05050682 
386 298 12 14 0.05031795 
523 268 29 43 0.04547954 
534 264 29 39 0.0426323 
562 269 16 23 0.039047867 
477 432 80 86 0.038977753 
323 938 58 59 0.03840131 
572 483 107 131 0.036499534 
220 249 12 17 0.035405364 
471 399 94 85 0.034851626 
305 828 15 20 0.034727305 
854 327 11 11 0.034481995 
56 76 82 118 0.034358893 
486 256 30 47 0.032163896 
943 566 63 81 0.031222435 
255 883 15 22 0.030956771 
592 282 45 62 0.030848563 
294 806 23 27 0.030819874 
299 820 15 18 0.029405136 
492 274 17 25 0.028141597 
654 526 23 28 0.028083505 
613 289 33 42 0.027973283 
635 289 29 47 0.027260665 
285 830 14 17 0.027105708 
783 331 9 11 0.027037855 
444 372 70 55 0.026941065 
534 439 84 106 0.02684606 
942 369 35 39 0.026612932 
906 347 24 29 0.026586233 
820 345 14 18 0.026267178 
218 259 14 20 0.026103832 
793 318 8 10 0.025748571 
546 552 67 85 0.025158554 
198 846 56 63 0.025014503 
386 604 18 23 0.024865128 
469 456 103 118 0.024166813 
271 329 15 18 0.023856224 
319 822 14 19 0.02375215 
541 262 39 52 0.023512015 
571 273 13 19 0.0227462 
307 1092 58 74 0.022728236 
150 289 15 19 0.022643672 
663 279 38 58 0.022593712 
849 327 10 11 0.02241175 
855 320 9 11 0.022241333 
318 909 67 67 0.021853482 
148 284 25 34 0.021447673 
323 39 108 140 0.021245122 
92 155 39 44 0.021135474 
440 861 52 66 0.020867746 
799 321 8 10 0.020703187 
330 823 14 19 0.020603416 
516 390 65 77 0.020345664 
235 638 56 67 0.020140612 
