5_Car_Accident_Car_Crash_5_574
314
778 150 28 39 0.99277884 
746 143 25 35 0.9605444 
734 490 16 19 0.5635 
207 135 32 42 0.5556414 
134 171 13 15 0.5105279 
353 164 16 21 0.503124 
92 166 12 15 0.40086126 
413 140 23 30 0.34801877 
733 149 31 33 0.30654383 
11 153 14 18 0.250037 
54 137 14 17 0.21992359 
25 140 9 12 0.17462853 
692 478 16 19 0.17433327 
629 484 12 15 0.16803646 
934 375 11 13 0.15128197 
674 635 43 55 0.12773035 
732 494 23 27 0.115335025 
36 196 34 51 0.11364493 
112 142 11 14 0.109708615 
255 674 10 14 0.10854746 
744 443 14 17 0.107831694 
777 306 15 20 0.107425444 
566 457 48 55 0.10729008 
311 719 8 11 0.10371152 
921 335 8 11 0.09258794 
702 523 13 15 0.08858645 
664 487 11 14 0.08732984 
787 385 12 15 0.08594142 
342 714 11 13 0.08278201 
189 142 41 39 0.08166919 
306 748 11 13 0.08118708 
726 457 12 14 0.08042055 
708 405 11 16 0.078379676 
871 358 10 11 0.07470937 
816 365 10 13 0.07297849 
791 412 11 14 0.07225074 
173 128 27 41 0.07220199 
6 154 22 29 0.07074665 
813 432 11 13 0.06833534 
320 695 8 10 0.067864984 
879 415 9 10 0.06658954 
570 535 26 33 0.06563068 
813 480 9 10 0.064279884 
724 474 16 19 0.063919194 
981 593 12 15 0.06378585 
294 149 10 13 0.06340154 
725 479 22 25 0.062806815 
889 372 11 15 0.062245507 
862 372 11 13 0.0621925 
719 499 13 16 0.060413737 
98 165 11 13 0.05915216 
902 380 11 14 0.058601584 
990 702 9 12 0.05810047 
424 137 18 22 0.05787563 
938 302 9 11 0.05665448 
910 592 10 13 0.056646213 
877 357 9 11 0.055633545 
929 405 10 13 0.05486972 
128 167 20 25 0.05431782 
741 417 14 17 0.05407141 
64 85 8 10 0.05309702 
292 703 12 14 0.052254137 
49 141 11 14 0.051656183 
759 148 24 36 0.050852623 
785 372 12 14 0.050823193 
51 172 13 18 0.04844406 
739 540 12 15 0.047816634 
786 508 12 13 0.047793064 
919 366 9 11 0.047703277 
531 567 15 19 0.04667422 
892 612 14 18 0.0466359 
806 432 15 18 0.045586992 
544 654 10 12 0.044701975 
321 717 11 15 0.044176806 
377 157 24 29 0.043817353 
335 715 12 14 0.04276678 
888 397 9 11 0.04271903 
59 157 12 13 0.0424623 
738 533 12 16 0.042423513 
489 196 11 15 0.04200782 
873 412 9 11 0.041742302 
874 683 14 22 0.04126348 
877 352 10 12 0.040971167 
237 682 12 17 0.040838957 
6 134 9 12 0.040816076 
822 499 9 12 0.040792376 
559 629 10 11 0.040764548 
817 407 8 10 0.040718473 
138 95 7 10 0.04071612 
799 487 12 15 0.040397394 
678 474 13 15 0.04033158 
406 181 30 38 0.04019764 
159 111 11 14 0.039958976 
590 631 10 12 0.039596114 
342 167 15 20 0.038997795 
731 471 12 15 0.03895029 
687 475 14 17 0.03854157 
525 632 13 14 0.038187396 
770 539 29 33 0.037707537 
694 471 13 18 0.037494395 
893 376 12 15 0.037318736 
625 478 21 25 0.03730991 
667 490 11 15 0.03730836 
526 559 26 31 0.037242524 
871 407 8 11 0.03704717 
256 639 10 12 0.03682279 
358 292 30 34 0.036597155 
864 430 9 10 0.03635397 
704 577 13 16 0.03635329 
847 348 11 12 0.0363034 
840 476 11 13 0.035988946 
63 80 8 10 0.035447784 
916 413 9 11 0.03538699 
695 457 14 16 0.035365578 
479 643 10 12 0.03534525 
739 504 16 21 0.035273936 
888 521 8 9 0.03519993 
893 716 15 19 0.03494965 
76 181 9 12 0.03483455 
54 166 10 14 0.034770116 
13 141 11 13 0.034657918 
61 135 12 15 0.034182448 
781 375 20 24 0.034101684 
736 404 10 15 0.033603612 
889 367 9 12 0.033600576 
42 176 22 31 0.03331982 
805 484 11 14 0.03320134 
918 406 8 12 0.032780364 
687 502 11 14 0.032743752 
60 143 13 17 0.03269712 
914 334 9 11 0.032609023 
304 735 11 12 0.032186467 
878 341 9 12 0.032110944 
740 425 14 17 0.03200561 
997 422 9 10 0.031858105 
913 405 9 12 0.031728458 
832 310 10 13 0.03165932 
869 365 10 13 0.031356398 
1008 416 8 10 0.0313264 
406 483 14 16 0.031080017 
455 533 26 35 0.03105199 
957 302 8 11 0.0307587 
422 671 9 11 0.030672684 
342 249 97 130 0.030671712 
549 368 35 51 0.030582402 
837 372 10 12 0.03046366 
704 331 12 15 0.030395405 
624 556 24 26 0.030355483 
305 724 10 11 0.030347692 
839 365 11 14 0.030275466 
555 342 28 40 0.02989763 
663 479 20 25 0.029839354 
887 359 9 11 0.029823583 
854 420 10 11 0.029805314 
822 307 11 14 0.02976828 
93 111 9 11 0.029539179 
60 163 12 14 0.029438535 
742 404 13 15 0.029418638 
66 141 11 13 0.029349856 
747 508 12 17 0.029265175 
708 516 13 16 0.029245915 
163 120 28 43 0.029098483 
51 194 13 19 0.028961655 
34 273 49 65 0.028844763 
723 492 22 26 0.028817225 
964 697 14 18 0.028775124 
1002 316 9 13 0.028480746 
760 502 13 15 0.028439261 
592 466 34 39 0.02830859 
334 679 9 11 0.028252283 
609 469 28 32 0.027758747 
56 95 8 9 0.027706722 
894 397 9 12 0.027503299 
864 405 10 13 0.02744843 
732 544 18 21 0.027245175 
407 146 15 19 0.027071098 
880 420 9 11 0.026963988 
323 723 11 13 0.02682689 
737 485 22 28 0.026733153 
705 458 15 19 0.02672172 
90 160 21 25 0.026709802 
950 344 9 11 0.026656045 
47 147 11 13 0.026640486 
681 467 24 28 0.026572425 
562 451 37 39 0.026520588 
10 168 15 22 0.026429223 
731 460 10 13 0.026425954 
961 367 10 12 0.02621924 
105 193 24 30 0.026168907 
736 412 12 16 0.02609025 
680 503 11 14 0.026087202 
317 491 12 15 0.02578805 
692 463 23 28 0.025726764 
6 139 12 14 0.025638657 
228 667 13 16 0.025631689 
687 493 13 15 0.02560116 
243 658 15 17 0.025534919 
932 399 13 15 0.025332063 
344 178 171 213 0.025237205 
601 642 13 15 0.025170352 
246 675 13 16 0.02492239 
823 493 11 14 0.024859985 
737 417 24 27 0.024831451 
671 476 13 15 0.024729837 
903 350 10 12 0.024693925 
646 498 13 18 0.024692327 
56 197 25 38 0.024685597 
499 642 16 17 0.024673792 
312 660 9 12 0.024622671 
747 539 14 17 0.024294944 
403 474 25 30 0.024165485 
703 407 13 18 0.0240569 
861 336 9 11 0.024008594 
845 364 11 15 0.023989577 
821 371 10 12 0.023982357 
848 290 11 14 0.023959603 
413 122 11 15 0.023900572 
118 136 9 12 0.023848312 
903 550 9 10 0.023844756 
1008 419 10 12 0.023839768 
692 490 14 16 0.023799568 
832 375 8 10 0.023792835 
942 333 9 11 0.023764592 
549 639 11 13 0.023656992 
704 428 13 16 0.023563191 
854 342 11 12 0.023468044 
740 432 22 26 0.023465388 
65 127 9 11 0.02342696 
653 593 16 18 0.023376131 
672 470 13 14 0.023331042 
593 547 25 27 0.02332361 
451 130 14 20 0.023301668 
580 543 28 30 0.023298465 
519 637 12 15 0.023295937 
319 689 8 11 0.023178583 
804 491 12 16 0.023054518 
747 353 12 15 0.023020463 
93 118 10 12 0.022971334 
815 360 10 12 0.022946015 
599 637 23 27 0.022942116 
887 723 15 17 0.02293988 
767 524 26 31 0.022926684 
798 388 9 13 0.0228391 
935 390 11 13 0.02280966 
653 492 22 28 0.022748774 
245 626 10 12 0.022732442 
918 294 8 9 0.02273057 
552 135 9 10 0.02271636 
916 398 10 13 0.0227086 
833 366 9 13 0.022669692 
894 392 9 12 0.022632953 
895 334 9 12 0.02260741 
599 638 11 14 0.022598898 
1014 350 9 12 0.022590466 
21 147 12 15 0.022570582 
805 297 15 17 0.022560345 
620 474 16 21 0.022522978 
511 196 10 13 0.0225096 
5 129 9 11 0.022494579 
869 532 13 16 0.022494012 
116 115 9 12 0.02238652 
47 166 11 15 0.02233894 
685 460 15 16 0.022152264 
288 708 12 14 0.022108236 
326 712 10 13 0.022055343 
533 471 16 19 0.021997323 
668 498 11 14 0.021983279 
224 140 17 26 0.021968417 
689 568 25 32 0.021886617 
719 546 13 16 0.021876026 
677 483 13 15 0.021822011 
937 333 9 11 0.021808293 
900 375 11 14 0.021738775 
690 568 14 18 0.021643292 
945 327 9 12 0.021624342 
510 640 10 13 0.02157675 
709 399 9 14 0.021534994 
545 640 10 12 0.021501483 
265 467 22 26 0.021452757 
673 472 24 29 0.021447737 
283 141 14 16 0.021424802 
344 733 11 13 0.021423962 
369 482 18 22 0.021398105 
864 412 9 12 0.021362657 
806 423 10 12 0.021359906 
911 303 9 11 0.021341184 
411 189 35 44 0.021327456 
645 456 17 20 0.021269467 
304 236 12 16 0.021223942 
751 383 10 12 0.021216428 
887 439 8 10 0.021066248 
373 161 17 22 0.021004012 
39 135 8 11 0.020949919 
333 309 46 71 0.020937508 
646 423 11 12 0.020901402 
829 396 11 14 0.02082291 
691 126 23 32 0.020820543 
1000 311 10 12 0.020755365 
866 358 9 10 0.02074319 
936 309 9 10 0.02072096 
862 423 10 12 0.020703744 
119 62 9 11 0.020687344 
756 513 16 19 0.020511901 
886 422 9 11 0.020446261 
407 139 39 46 0.020415427 
786 411 11 15 0.02039683 
295 171 10 13 0.020292815 
280 136 10 13 0.020247452 
293 654 10 11 0.020129053 
17 155 13 17 0.02011395 
458 120 21 28 0.020059818 
687 417 13 16 0.020037621 
37 164 14 17 0.020023592 
820 663 10 13 0.02002349 
