5_Car_Accident_Accident_5_34
52
762 65 25 32 0.99143934 
691 51 18 24 0.95984185 
607 61 21 28 0.9467914 
526 69 14 19 0.8171312 
94 76 12 15 0.15200369 
448 242 35 46 0.11911341 
635 9 15 16 0.08886439 
564 4 17 20 0.08060228 
702 34 39 48 0.07262415 
69 189 373 425 0.06474415 
717 54 27 34 0.060172014 
526 95 9 11 0.056845337 
651 74 12 14 0.04812406 
41 64 19 28 0.047169406 
217 273 220 257 0.045899045 
710 24 31 33 0.044280566 
610 2 16 18 0.043792725 
982 7 15 18 0.042434778 
710 58 13 16 0.04163553 
985 3 25 30 0.038207494 
612 56 12 15 0.035394657 
679 37 8 10 0.034724653 
643 3 15 16 0.03413639 
1005 236 12 16 0.033313114 
886 5 22 31 0.033112433 
359 71 9 11 0.03119175 
247 116 45 58 0.030906873 
892 1 12 12 0.03028044 
157 33 12 15 0.028846974 
619 34 13 15 0.02825771 
836 58 18 21 0.027574169 
888 4 12 15 0.027502494 
563 211 103 136 0.026187174 
620 3 14 16 0.02567395 
453 238 18 26 0.0255294 
1000 244 11 14 0.024401307 
708 64 14 18 0.024182325 
706 52 24 29 0.023937557 
760 35 12 14 0.023908598 
990 70 25 42 0.023682063 
218 254 482 471 0.023410207 
717 56 15 18 0.022800768 
422 255 48 63 0.022646949 
737 73 14 19 0.022645174 
644 69 21 25 0.022315133 
729 63 22 32 0.021715844 
972 7 16 18 0.021623503 
878 26 14 19 0.021569217 
530 62 14 19 0.021123782 
651 82 16 19 0.020577552 
408 57 11 13 0.020168891 
151 34 13 16 0.020049047 
