5_Car_Accident_Accident_5_177
251
906 160 16 19 0.973317 
749 184 17 21 0.9670752 
696 197 18 24 0.95926625 
989 188 16 22 0.9449955 
597 129 15 19 0.93986696 
394 208 17 21 0.9368037 
834 217 22 25 0.93124545 
301 209 20 23 0.9057814 
892 215 18 22 0.89193606 
808 271 24 32 0.8778037 
870 254 23 28 0.8499276 
639 232 14 23 0.72934055 
973 210 21 28 0.65842485 
912 242 17 23 0.62426054 
852 337 34 48 0.5400524 
879 257 22 28 0.4978239 
797 131 11 14 0.48727944 
832 325 23 35 0.44327042 
881 181 14 18 0.42251962 
675 207 19 22 0.41475582 
671 125 14 18 0.3691694 
682 179 13 17 0.28085038 
685 199 21 26 0.27811834 
799 183 25 28 0.25793645 
886 259 25 34 0.2490259 
797 215 16 24 0.22223753 
672 216 22 30 0.21398288 
644 233 19 24 0.19001871 
795 289 26 35 0.18010989 
377 284 11 14 0.16263701 
623 97 11 15 0.14877744 
788 216 20 28 0.14423144 
834 328 38 48 0.14253199 
899 192 18 20 0.13679746 
765 223 22 28 0.12888473 
771 252 14 18 0.11800911 
437 392 17 18 0.10740706 
893 265 29 39 0.10419864 
691 420 10 13 0.103578135 
743 225 13 18 0.09860715 
775 222 23 28 0.09811757 
760 186 14 18 0.0968667 
348 267 10 12 0.09546253 
794 241 16 21 0.09405878 
618 276 15 19 0.084592454 
368 194 13 16 0.08385633 
261 148 13 15 0.08188058 
977 203 16 22 0.080560364 
231 142 10 11 0.07436807 
545 352 21 32 0.072541155 
781 180 11 16 0.070690386 
678 79 7 10 0.069405735 
888 184 20 25 0.06822203 
696 118 8 11 0.06654413 
896 203 21 26 0.06548021 
354 242 15 18 0.06485857 
688 431 9 10 0.06318765 
691 177 12 17 0.061129566 
233 148 10 12 0.05965764 
787 230 21 26 0.05868345 
675 117 15 18 0.0583213 
248 131 11 13 0.057854872 
773 238 22 26 0.05768154 
757 221 20 27 0.05733169 
923 277 23 29 0.057330247 
805 268 16 25 0.056381352 
999 188 15 19 0.05572103 
663 125 11 15 0.054154113 
650 186 15 18 0.053396557 
733 436 19 21 0.052113105 
725 187 15 20 0.05083281 
904 251 24 30 0.050439503 
340 220 11 15 0.04973363 
457 200 24 27 0.049327705 
493 332 14 19 0.04880024 
979 213 23 32 0.04877047 
254 130 13 14 0.04781268 
352 295 11 16 0.04757869 
591 105 12 15 0.04725798 
255 136 24 29 0.047208633 
621 78 9 11 0.046330296 
568 277 11 13 0.04524413 
905 265 17 23 0.04432345 
772 407 25 35 0.04411793 
672 71 9 11 0.043577965 
521 318 18 22 0.043187294 
883 189 16 21 0.042919457 
996 270 18 23 0.042573243 
680 165 12 15 0.04101693 
236 122 38 50 0.040843647 
906 266 27 34 0.040646154 
632 218 24 32 0.04064562 
341 215 12 14 0.04031446 
614 106 13 17 0.039859265 
865 350 19 29 0.039784692 
647 558 12 12 0.03957481 
993 193 17 23 0.039412666 
466 219 12 16 0.038470127 
464 210 14 16 0.0383622 
587 251 13 16 0.03831113 
542 351 14 19 0.038307257 
675 493 20 21 0.037477702 
890 180 14 17 0.037263036 
674 82 11 15 0.037032884 
590 200 13 15 0.036977302 
906 200 16 23 0.03653814 
667 180 14 20 0.03648723 
658 234 14 20 0.036373924 
259 133 13 16 0.036095224 
615 324 15 20 0.035639286 
635 181 15 17 0.035571802 
667 194 16 20 0.03540024 
703 282 12 15 0.035239607 
450 387 15 18 0.034585994 
428 394 16 20 0.033891767 
670 224 15 23 0.033711836 
93 96 10 12 0.03353661 
905 211 16 22 0.033074252 
628 116 10 14 0.032439623 
831 258 23 32 0.032008268 
831 344 51 60 0.031993706 
61 6 10 11 0.03189899 
342 423 11 15 0.03189429 
-24 165 456 517 0.031727895 
679 73 7 9 0.031715564 
825 275 23 31 0.031540006 
792 250 22 31 0.03144504 
687 582 32 30 0.03132786 
678 110 12 14 0.031177605 
532 364 28 38 0.030913046 
581 252 14 19 0.03068349 
304 193 22 28 0.030589188 
601 194 15 16 0.030578226 
269 140 11 14 0.030534655 
677 195 17 22 0.030513547 
208 136 7 9 0.030379592 
614 240 20 28 0.03034024 
430 233 14 18 0.030262256 
277 140 8 12 0.029897887 
514 237 14 17 0.029870702 
758 209 13 18 0.02964131 
510 257 14 18 0.029463135 
236 142 9 13 0.02923769 
792 128 12 15 0.02897612 
379 287 15 18 0.028768953 
371 313 57 65 0.028683705 
661 184 15 20 0.028666487 
133 66 10 11 0.028255623 
311 358 10 12 0.028009163 
919 246 18 23 0.027724005 
595 102 11 14 0.027535431 
996 226 27 34 0.027391741 
672 205 14 17 0.027361138 
288 152 9 12 0.027075144 
88 96 10 12 0.026808554 
629 109 9 14 0.02668278 
733 551 18 21 0.026556559 
898 224 21 28 0.026552828 
646 181 13 16 0.026512722 
779 248 14 19 0.026493726 
912 322 42 50 0.026443975 
724 200 14 18 0.026182037 
671 164 10 14 0.026097158 
510 317 15 19 0.025962094 
849 314 41 51 0.025921058 
829 322 17 27 0.025897985 
897 348 44 54 0.025811374 
701 116 9 13 0.025795903 
423 305 38 43 0.025778264 
645 77 8 11 0.025606085 
643 219 18 22 0.025521997 
640 193 27 32 0.025480893 
237 127 9 11 0.025461983 
616 212 21 29 0.025451235 
680 230 17 24 0.025375485 
798 276 16 25 0.02530191 
263 254 11 15 0.025079252 
734 644 14 17 0.02499121 
584 248 10 13 0.024925612 
919 288 24 33 0.024876557 
888 283 31 36 0.0248757 
549 363 25 32 0.024766523 
642 78 7 10 0.024740165 
228 126 21 27 0.024696574 
630 234 19 28 0.024587939 
729 191 16 22 0.024525197 
661 203 12 17 0.02443376 
365 221 13 17 0.024378298 
481 212 13 16 0.024315927 
615 94 20 25 0.024299284 
320 234 13 17 0.024270346 
798 136 13 16 0.024146715 
245 139 13 16 0.023964945 
646 174 12 14 0.023761367 
762 211 15 19 0.023471596 
622 105 12 17 0.023470966 
353 237 11 16 0.02345295 
323 196 13 18 0.023406604 
588 194 25 27 0.023370637 
632 186 13 16 0.023350546 
702 422 11 12 0.023333345 
1001 276 20 24 0.023269404 
626 153 15 16 0.023255112 
226 140 8 10 0.023173999 
587 332 11 15 0.023086801 
629 589 15 17 0.0230726 
650 229 16 20 0.023066182 
695 122 10 15 0.02291292 
687 249 13 16 0.022861416 
244 125 24 28 0.022833256 
809 181 18 21 0.02272515 
486 335 16 19 0.022492165 
631 185 26 30 0.022476384 
575 197 10 14 0.022394976 
401 203 18 22 0.022258615 
797 194 23 29 0.022198796 
687 414 11 15 0.022139542 
334 224 14 18 0.02209413 
575 188 11 13 0.021941027 
323 524 13 18 0.021939011 
278 156 11 13 0.021805303 
314 192 21 27 0.021745037 
764 413 25 38 0.021711417 
561 253 10 13 0.021672616 
128 93 9 11 0.021557998 
498 436 58 105 0.021511013 
582 231 10 13 0.021493671 
983 224 26 34 0.021376109 
485 321 24 31 0.02135348 
287 347 12 17 0.021242682 
279 276 12 15 0.021200322 
679 167 22 28 0.021083305 
388 501 11 13 0.02106941 
733 427 33 37 0.020974549 
914 202 14 21 0.020919884 
499 262 31 35 0.020911915 
821 329 28 41 0.020899568 
551 307 13 17 0.020739198 
440 389 23 26 0.020705052 
118 127 10 13 0.020640677 
128 68 12 12 0.020639725 
156 119 422 481 0.020503143 
269 330 16 19 0.020458654 
508 302 28 34 0.020376226 
231 127 10 14 0.020336725 
682 122 12 19 0.020305632 
686 117 10 14 0.02029853 
615 71 12 15 0.02028752 
576 330 12 15 0.020240927 
654 187 24 28 0.020127218 
420 279 15 16 0.020021807 
