5_Car_Accident_Car_Crash_5_644
24
651 134 212 289 0.99982387 
52 229 254 286 0.9996209 
465 692 108 123 0.5594666 
336 602 92 123 0.29471293 
859 752 31 43 0.09575261 
926 598 56 68 0.043670204 
114 196 69 70 0.04304954 
89 171 118 132 0.04183226 
136 216 40 36 0.039760895 
73 116 211 282 0.034537915 
204 508 93 110 0.02811811 
903 801 30 34 0.02762491 
857 730 48 58 0.026379973 
879 579 107 112 0.025662526 
996 770 23 37 0.02566001 
604 195 387 483 0.025177408 
338 1 16 18 0.024940066 
870 741 13 16 0.02488146 
343 649 100 124 0.024820462 
685 263 151 184 0.023677777 
251 478 211 265 0.023015454 
92 585 108 108 0.022551298 
347 729 74 64 0.021865966 
976 27 27 34 0.020852488 
