5_Car_Accident_Car_Crash_5_868
18
306 208 50 63 0.99925536 
438 281 45 55 0.8304583 
218 152 29 29 0.16935359 
228 226 61 52 0.14288987 
232 244 36 32 0.077420264 
912 182 37 35 0.07215511 
244 235 32 30 0.04537216 
406 49 426 443 0.04137046 
235 141 15 19 0.03077606 
245 147 13 16 0.027718602 
168 118 428 497 0.027215207 
262 230 30 39 0.027098076 
455 296 19 26 0.023901677 
255 228 53 63 0.023843994 
-13 -27 195 231 0.02192878 
267 238 17 22 0.021554442 
601 -20 418 489 0.020561976 
892 170 59 57 0.02035295 
