5_Car_Accident_Accident_5_641
71
92 266 30 34 0.95452213 
183 236 14 18 0.1332312 
837 95 20 28 0.0946963 
625 157 18 22 0.09186747 
304 246 9 12 0.0903286 
838 240 121 152 0.07960813 
143 235 11 13 0.075584695 
502 144 26 31 0.06914506 
29 316 43 46 0.06840079 
938 152 17 21 0.06574561 
950 182 12 14 0.060141627 
845 95 16 20 0.057050645 
560 147 33 39 0.05578036 
699 416 16 18 0.05052054 
579 198 14 17 0.049485803 
290 277 15 18 0.047184736 
45 312 33 35 0.04619472 
822 82 13 17 0.04528778 
800 108 11 15 0.04492 
-2 435 131 137 0.043299817 
492 406 14 17 0.040954016 
100 243 11 13 0.040807355 
556 206 10 12 0.040648744 
105 264 23 28 0.037009977 
354 348 37 49 0.03597698 
605 346 14 18 0.03448179 
764 177 184 208 0.034171455 
629 279 11 14 0.033686228 
632 154 15 19 0.0323308 
1013 153 10 17 0.030619506 
863 97 12 17 0.030388998 
804 105 15 19 0.030064262 
116 260 15 19 0.029804584 
735 404 13 15 0.028900173 
206 253 11 14 0.027476666 
616 292 11 14 0.02714129 
956 176 11 13 0.02657609 
835 83 15 19 0.026040563 
941 404 12 14 0.02499072 
146 245 28 34 0.024769094 
171 241 14 18 0.02444725 
199 251 11 14 0.024443561 
529 315 13 16 0.024439264 
195 243 13 16 0.02421962 
158 241 24 30 0.02416118 
722 421 14 17 0.024010468 
621 181 14 18 0.023571094 
308 250 11 14 0.023274628 
185 232 21 26 0.022886343 
92 262 18 22 0.022698127 
907 389 22 27 0.022611752 
176 246 24 35 0.02225205 
693 130 24 29 0.022122938 
625 278 10 13 0.021979906 
394 266 12 16 0.02196552 
173 234 21 26 0.021881497 
618 166 27 33 0.02178475 
325 277 14 16 0.021642176 
853 112 13 16 0.021478763 
780 107 13 15 0.02127724 
832 208 54 66 0.02116371 
95 239 11 14 0.02112188 
799 219 13 18 0.021050766 
446 396 9 11 0.020963348 
825 87 22 31 0.020927606 
1005 198 13 16 0.020827115 
496 272 27 31 0.020704309 
494 391 45 49 0.020443283 
816 91 11 16 0.020303413 
606 321 12 14 0.02013138 
615 142 42 48 0.020068534 
