5_Car_Accident_Accident_5_777
102
759 148 14 19 0.9683631 
826 152 14 18 0.930147 
500 142 25 29 0.9197198 
634 148 18 22 0.8454504 
795 149 11 15 0.7048515 
726 166 14 17 0.5738449 
853 197 14 19 0.47510016 
597 167 13 15 0.41879427 
181 284 25 26 0.2755767 
549 158 13 16 0.18367983 
118 316 22 28 0.16709204 
949 170 14 15 0.14514713 
889 161 15 17 0.13995768 
886 202 14 18 0.12593615 
383 240 11 13 0.124656 
379 223 11 13 0.11726369 
603 170 12 16 0.11651786 
403 257 16 19 0.09335471 
891 178 16 19 0.08376816 
167 293 12 16 0.07915464 
944 170 12 14 0.074103616 
367 244 9 11 0.073970824 
628 170 16 19 0.073441826 
173 285 21 27 0.06993813 
141 280 27 29 0.061376296 
984 212 14 16 0.060002044 
540 171 16 20 0.05596526 
978 254 16 21 0.055899624 
524 147 15 19 0.05190206 
512 148 16 22 0.05003331 
982 230 12 14 0.046566993 
628 157 23 24 0.04650725 
527 151 20 24 0.04329206 
374 246 9 11 0.042423617 
140 84 252 308 0.040780477 
903 212 12 14 0.040751815 
658 171 22 29 0.040506657 
909 211 12 14 0.040408127 
538 157 21 25 0.036896203 
976 230 12 15 0.034596503 
723 168 23 27 0.034533165 
889 195 16 20 0.034179498 
877 239 18 21 0.033516273 
887 169 14 18 0.03330138 
866 211 15 19 0.033241607 
242 267 12 15 0.03166618 
400 230 9 12 0.031476784 
400 252 12 15 0.031008445 
26 206 8 11 0.030356558 
910 162 11 16 0.029815536 
364 172 9 11 0.029748034 
899 161 13 16 0.029501354 
862 165 11 14 0.028759602 
918 155 11 16 0.028447825 
388 243 9 12 0.028225781 
870 179 11 14 0.02806511 
887 186 14 16 0.027693994 
186 288 42 48 0.027595287 
925 156 11 14 0.026870193 
771 147 14 16 0.026251197 
360 168 9 11 0.026071725 
405 232 9 10 0.025511565 
897 201 22 28 0.025365293 
928 235 13 15 0.025039406 
99 294 15 19 0.024994405 
887 221 13 14 0.024952967 
918 150 10 14 0.024927922 
897 171 15 18 0.02476769 
861 209 13 18 0.02472549 
836 173 13 16 0.024515115 
678 159 15 17 0.024371438 
781 148 12 16 0.024305917 
974 239 26 33 0.023962293 
190 279 29 35 0.02361777 
521 148 372 456 0.023442606 
257 273 16 20 0.023153283 
962 221 43 58 0.023115033 
751 153 14 19 0.023088913 
345 175 9 12 0.022983044 
955 167 12 15 0.022948794 
401 266 12 17 0.022948192 
740 163 13 17 0.022732224 
956 178 13 15 0.022699904 
154 282 16 19 0.02258076 
902 207 25 32 0.022520091 
833 153 12 17 0.022273356 
405 247 14 16 0.022154992 
353 191 9 10 0.022093067 
350 252 10 12 0.021679802 
980 212 22 27 0.021362707 
930 254 27 31 0.021342956 
388 269 11 14 0.021238273 
1014 252 11 18 0.021040725 
391 228 9 13 0.02085303 
400 235 10 13 0.020697432 
880 163 11 15 0.020677792 
835 185 14 18 0.020674745 
360 246 9 11 0.020652268 
635 175 223 303 0.020439584 
879 202 15 19 0.020335367 
137 288 39 43 0.02029248 
169 302 46 52 0.020039795 
