48_Parachutist_Paratrooper_Parachutist_Paratrooper_48_814
38
396 194 211 293 0.99977356 
156 406 24 30 0.94543946 
253 401 24 29 0.8282401 
210 409 22 24 0.7333468 
58 406 19 25 0.6215506 
305 399 23 26 0.58108014 
698 372 167 321 0.2664252 
608 278 55 83 0.25215957 
129 405 11 13 0.2451573 
467 947 230 282 0.23403914 
582 415 47 63 0.16434906 
681 268 332 478 0.12922959 
395 867 380 433 0.10353099 
438 22 239 287 0.07729677 
563 237 95 151 0.052756216 
253 67 397 476 0.047258794 
91 404 15 23 0.047069896 
274 762 123 128 0.04632214 
33 830 414 540 0.042659685 
246 394 42 50 0.040751122 
596 244 58 92 0.039444685 
130 407 14 18 0.03549247 
68 405 23 28 0.035332296 
611 245 89 141 0.035111777 
169 410 27 30 0.030548971 
335 691 382 481 0.028220974 
188 412 24 29 0.025983304 
608 455 88 98 0.0241364 
684 40 17 20 0.023839856 
110 414 10 14 0.023636438 
259 402 46 59 0.023232905 
194 922 396 501 0.023125915 
208 417 32 37 0.02259665 
153 407 43 47 0.022202367 
3 405 16 22 0.021861881 
223 674 223 254 0.021684924 
20 -24 380 447 0.020730065 
272 344 18 22 0.020133652 
