48_Parachutist_Paratrooper_Parachutist_Paratrooper_48_72
203
93 324 29 35 0.99840003 
170 292 31 34 0.9952815 
255 276 26 33 0.993764 
18 308 21 27 0.99005973 
613 327 24 28 0.98411626 
707 283 15 19 0.9697945 
56 321 22 25 0.9676238 
763 303 17 20 0.9606009 
336 282 21 27 0.92142814 
862 300 15 18 0.8579888 
482 295 22 26 0.7784362 
457 305 18 24 0.7594746 
956 309 11 12 0.74358976 
992 318 12 14 0.5243696 
401 285 23 30 0.4249847 
975 310 9 11 0.41867608 
809 295 10 13 0.37935966 
566 287 17 22 0.35137773 
811 299 11 14 0.34329382 
805 321 11 15 0.31993255 
194 296 26 32 0.31816137 
629 292 14 18 0.2919111 
538 289 13 17 0.28925642 
826 320 10 12 0.27539265 
792 301 9 13 0.25670576 
1012 304 9 12 0.24964136 
840 298 11 14 0.24017935 
234 298 15 19 0.23123491 
607 293 11 15 0.22590712 
934 332 11 14 0.22354253 
781 326 15 20 0.21245395 
935 298 11 13 0.20365821 
566 273 14 17 0.19849822 
934 326 10 13 0.18627356 
266 282 24 33 0.17235488 
749 298 11 14 0.17193973 
349 296 21 29 0.15176621 
627 285 14 17 0.14768939 
924 342 10 12 0.14602005 
461 297 24 29 0.14126715 
380 244 23 37 0.12920018 
605 298 14 18 0.12744686 
975 304 9 11 0.12545286 
775 329 12 17 0.1188893 
948 324 11 14 0.11504503 
984 341 9 12 0.114509754 
5 308 23 29 0.11448449 
927 302 10 12 0.11056764 
799 319 11 16 0.107656166 
969 309 9 11 0.10735092 
226 295 27 30 0.10503829 
132 328 18 22 0.09766099 
877 302 10 13 0.09295709 
686 301 12 15 0.092069164 
991 303 8 10 0.0899683 
273 292 23 29 0.08987109 
212 281 27 30 0.089023545 
758 331 13 15 0.086487256 
636 297 12 16 0.08614853 
920 336 10 11 0.079528 
822 308 12 14 0.07840954 
995 361 12 15 0.07744387 
777 269 8 11 0.07546758 
765 330 12 16 0.07206285 
827 307 14 16 0.07137804 
516 324 12 15 0.07032693 
791 318 10 14 0.06944252 
992 312 10 11 0.06819327 
46 306 14 17 0.067640424 
702 310 11 14 0.06750047 
459 284 12 15 0.06703442 
0 321 9 16 0.06476766 
864 327 10 15 0.06401598 
904 340 9 12 0.06392759 
967 304 9 11 0.06388561 
897 304 7 11 0.06367822 
847 325 13 15 0.06341283 
984 347 10 12 0.062415797 
419 286 15 21 0.062011514 
799 295 9 12 0.06176044 
941 295 8 12 0.060921717 
571 272 10 12 0.059682015 
838 325 10 13 0.05798461 
423 357 11 15 0.056171592 
428 285 15 17 0.054914493 
905 316 11 14 0.053931165 
138 326 13 17 0.052345674 
742 309 12 17 0.052300464 
905 335 10 12 0.0517468 
238 287 25 31 0.051553696 
796 299 12 16 0.05070954 
576 289 15 21 0.049537003 
488 288 25 29 0.049500827 
988 332 11 14 0.047435086 
645 417 38 50 0.047374588 
361 335 23 32 0.046371598 
623 296 14 18 0.044997416 
904 227 10 12 0.044691455 
909 341 10 12 0.04356361 
739 359 12 14 0.04323799 
976 297 8 10 0.043042082 
1005 356 14 17 0.041728 
382 73 120 182 0.0414438 
125 335 24 29 0.04123319 
852 317 11 14 0.040936172 
821 360 12 17 0.040837776 
815 304 12 16 0.040589415 
926 335 11 13 0.03988924 
608 8 10 12 0.039567236 
983 301 8 11 0.039556094 
752 334 12 15 0.038648494 
951 315 13 15 0.03805881 
669 312 9 11 0.03798142 
787 324 12 16 0.037692223 
928 296 10 12 0.03768835 
511 428 9 12 0.037499968 
919 344 13 15 0.037453856 
831 303 12 14 0.03740127 
904 311 10 12 0.03665015 
922 303 9 11 0.03643054 
668 316 11 14 0.034914065 
624 280 11 14 0.03449288 
823 313 18 22 0.03423823 
988 348 10 13 0.0342224 
952 304 18 23 0.034166194 
816 277 8 10 0.033880852 
813 317 11 15 0.03380743 
511 302 12 16 0.032453086 
907 322 13 15 0.032138824 
599 291 14 17 0.032030646 
954 305 9 12 0.031395026 
955 325 12 14 0.031207027 
968 297 8 10 0.030851705 
612 8 12 13 0.030549522 
805 303 14 19 0.030301595 
691 288 15 19 0.030110821 
941 309 10 12 0.029731309 
820 302 12 16 0.029676002 
1008 284 10 13 0.029568437 
685 290 15 20 0.02941183 
40 526 14 16 0.0285205 
426 315 15 18 0.028149255 
231 469 22 26 0.028143583 
908 312 12 14 0.027743839 
477 375 11 12 0.027594442 
1014 282 10 14 0.027359236 
832 311 19 25 0.02697868 
748 293 19 25 0.026662244 
933 320 10 13 0.026583457 
843 308 14 17 0.026444908 
561 276 13 18 0.026397109 
514 307 13 15 0.026186243 
823 350 12 14 0.025929607 
785 174 22 26 0.025887895 
75 537 13 17 0.025763454 
682 284 10 16 0.025373846 
547 347 12 16 0.025179993 
750 287 11 16 0.02505831 
997 311 9 12 0.025008006 
346 114 53 73 0.02488986 
936 289 8 10 0.024774795 
718 304 12 16 0.024635294 
643 300 11 15 0.02460742 
541 280 10 13 0.024583358 
609 313 24 30 0.024349485 
644 330 13 18 0.024224035 
37 360 24 29 0.02390493 
998 339 11 14 0.023845648 
473 285 20 19 0.023513688 
800 287 10 12 0.023402076 
925 363 11 13 0.023234792 
384 253 28 38 0.023135882 
808 290 9 12 0.023036467 
901 304 8 10 0.02295215 
351 535 14 18 0.022855002 
747 306 13 17 0.022632534 
920 366 9 12 0.022540644 
732 283 11 15 0.022515034 
806 276 9 11 0.022457378 
805 272 9 11 0.02242404 
980 370 12 14 0.022327231 
1007 324 9 11 0.022158518 
943 319 10 13 0.022080414 
693 309 13 15 0.021984303 
695 315 13 16 0.021945316 
876 325 11 14 0.021942306 
800 271 8 11 0.02192089 
707 305 12 17 0.021701783 
107 332 27 33 0.021657681 
560 289 15 19 0.021436116 
377 317 16 18 0.0213734 
210 300 17 20 0.021357194 
664 313 10 11 0.021339752 
504 274 13 17 0.021171914 
836 303 15 18 0.02115315 
724 301 12 15 0.02099747 
960 295 8 10 0.020993406 
971 304 20 23 0.020986224 
1013 315 12 15 0.020374786 
797 306 12 16 0.020343298 
221 276 35 44 0.02027466 
636 303 15 18 0.020186618 
832 284 10 12 0.020027567 
