48_Parachutist_Paratrooper_Parachutist_Paratrooper_48_596
28
439 178 124 146 0.9976272 
180 947 66 79 0.4918515 
473 1064 106 104 0.29704645 
305 706 236 310 0.17858723 
264 834 187 264 0.105763786 
380 148 197 254 0.06206766 
476 675 66 71 0.057058632 
503 771 58 71 0.05422892 
423 758 136 131 0.05167716 
292 763 123 189 0.04585507 
215 927 110 142 0.045678914 
234 861 307 416 0.044423033 
381 681 223 247 0.03814473 
260 650 77 71 0.037616573 
427 947 208 234 0.03401006 
469 771 63 73 0.033174556 
339 719 401 464 0.030437438 
309 742 90 119 0.029751524 
496 810 68 75 0.026686683 
585 1015 160 233 0.025621247 
202 961 77 83 0.023685668 
517 221 33 40 0.023027746 
175 1287 49 64 0.021836264 
321 750 34 51 0.021031316 
208 923 196 253 0.020808231 
433 116 120 137 0.02029533 
147 893 114 142 0.020113993 
363 749 24 35 0.020113107 
