48_Parachutist_Paratrooper_Parachutist_Paratrooper_48_205
30
511 224 94 114 0.9991084 
301 156 43 50 0.5123623 
683 199 14 18 0.23265223 
345 238 42 39 0.16907655 
451 376 30 26 0.09306058 
337 323 65 74 0.09104636 
378 465 14 17 0.084555425 
614 397 100 122 0.06492791 
381 472 12 15 0.05052101 
735 221 9 12 0.05030894 
327 156 45 52 0.045456477 
322 391 15 18 0.039708458 
340 226 26 37 0.03944451 
366 445 11 15 0.038348824 
573 467 16 24 0.03517941 
701 196 9 13 0.03391257 
668 192 22 29 0.03152751 
414 470 8 10 0.03148059 
544 618 28 38 0.030018782 
295 149 30 49 0.024738543 
719 198 8 11 0.024682859 
343 369 39 43 0.023192009 
432 469 10 12 0.023108056 
329 206 54 58 0.022170264 
373 441 14 17 0.021792488 
-81 103 370 484 0.02147664 
65 138 24 31 0.020787789 
326 423 13 15 0.020720167 
541 626 41 55 0.020702863 
441 383 30 34 0.020319896 
