48_Parachutist_Paratrooper_Parachutist_Paratrooper_48_652
37
342 93 124 175 0.99963427 
616 565 101 98 0.53480196 
265 940 134 146 0.51946133 
243 459 378 482 0.15943791 
503 560 24 38 0.14547436 
352 635 36 40 0.13657671 
573 577 121 116 0.065110385 
406 445 103 106 0.051843654 
313 571 17 22 0.04609173 
580 610 68 70 0.045420013 
292 562 17 21 0.041652158 
237 309 64 49 0.041429386 
268 590 13 17 0.03911643 
371 1142 14 16 0.036679246 
585 368 32 38 0.03467241 
545 324 35 45 0.031792894 
587 640 36 39 0.029820198 
364 1144 23 29 0.02927004 
299 566 18 23 0.02856607 
275 445 34 35 0.027809838 
305 604 15 16 0.027091375 
433 335 24 29 0.02691354 
349 654 117 112 0.02681404 
570 343 42 58 0.026184553 
451 638 34 33 0.02519925 
591 389 51 61 0.024533503 
365 1170 15 20 0.02404267 
410 350 26 38 0.023465859 
421 340 29 40 0.022878397 
490 553 43 53 0.022766251 
344 683 36 47 0.02260343 
261 588 14 17 0.022569448 
221 1237 200 270 0.02244395 
496 1054 23 26 0.022012483 
388 983 16 19 0.020489 
373 321 33 34 0.020326532 
575 376 25 34 0.02006123 
