48_Parachutist_Paratrooper_Parachutist_Paratrooper_48_656
97
557 190 43 38 0.9369792 
617 361 27 35 0.869206 
804 278 208 283 0.84262025 
36 352 173 199 0.7209443 
69 20 107 162 0.52864724 
484 435 26 30 0.2333384 
449 137 15 20 0.22282644 
481 164 15 17 0.17264259 
721 622 8 10 0.16568135 
380 633 13 16 0.10081584 
425 392 26 32 0.09191109 
849 360 119 190 0.08368423 
317 379 32 38 0.0825827 
222 239 56 65 0.08204786 
477 168 16 20 0.072675645 
603 322 16 18 0.072027646 
354 257 46 50 0.0719468 
292 275 59 69 0.07112633 
128 678 8 10 0.07019561 
471 175 21 27 0.06766828 
606 347 45 44 0.06046498 
701 674 11 13 0.0597568 
822 598 8 10 0.0592835 
117 430 73 103 0.058728248 
517 172 15 17 0.05800968 
597 639 10 12 0.05528614 
483 653 18 23 0.054876424 
838 92 180 274 0.05195202 
475 505 14 16 0.05085375 
514 172 28 30 0.049581822 
369 272 21 21 0.044975862 
494 420 27 30 0.040774476 
376 656 10 13 0.0402436 
535 366 12 14 0.040061314 
515 395 16 19 0.038950607 
17 184 104 105 0.038233206 
624 178 33 36 0.0380069 
660 248 17 21 0.03590416 
231 218 69 59 0.035110164 
470 119 12 14 0.034393277 
560 164 52 54 0.033565298 
735 607 7 10 0.032828234 
18 54 173 225 0.032659475 
319 277 36 40 0.03257471 
377 629 11 16 0.032294013 
499 411 27 29 0.030894084 
471 439 53 46 0.030800523 
660 253 23 29 0.030301796 
598 146 48 46 0.030195506 
737 624 8 10 0.029981459 
10 -1 123 140 0.02988437 
393 363 45 46 0.029847857 
615 359 16 27 0.0286204 
710 667 14 15 0.028349 
178 669 9 10 0.028194284 
728 629 7 9 0.028158912 
339 288 13 20 0.028078511 
405 606 13 18 0.028068433 
397 616 12 17 0.027734192 
715 622 8 11 0.027705327 
892 50 126 200 0.027610453 
199 218 27 38 0.027507512 
121 693 8 11 0.027294599 
742 624 7 9 0.026784703 
334 271 47 60 0.025693072 
89 672 7 9 0.025459196 
314 391 26 42 0.025408102 
755 55 385 455 0.0251286 
292 282 412 428 0.025010096 
857 221 148 219 0.024265142 
246 202 82 60 0.02404996 
41 205 69 59 0.023994487 
695 624 7 9 0.023929358 
728 574 9 11 0.023499476 
408 400 35 33 0.023132153 
122 688 8 11 0.022847608 
736 629 8 9 0.02264415 
628 337 58 44 0.022630343 
581 493 10 13 0.022602385 
396 589 10 13 0.022329407 
593 170 48 54 0.022267118 
373 600 10 12 0.022228425 
404 471 104 102 0.022215547 
679 23 37 48 0.022179537 
385 630 13 15 0.021631978 
720 558 7 9 0.021279663 
625 405 41 41 0.021225113 
502 690 16 18 0.021017488 
373 261 34 33 0.020932008 
72 718 9 11 0.020908419 
711 566 8 10 0.020752914 
633 186 18 20 0.020653944 
498 437 31 33 0.020624163 
515 411 13 16 0.020389237 
824 620 9 12 0.020380288 
138 712 6 8 0.020089317 
583 155 35 35 0.02001053 
