48_Parachutist_Paratrooper_Parachutist_Paratrooper_48_1015
185
858 317 54 58 0.9969842 
342 211 26 30 0.9967049 
93 124 44 64 0.996007 
326 385 36 42 0.98757696 
850 209 22 25 0.9849888 
628 347 36 42 0.98380476 
218 403 34 40 0.97999656 
455 222 23 28 0.97477776 
956 314 26 35 0.95655984 
554 357 36 41 0.95379 
632 209 21 26 0.94784194 
982 301 39 51 0.9421258 
177 371 37 43 0.9191714 
468 363 32 38 0.9026062 
679 345 39 52 0.8952058 
966 190 22 27 0.8881879 
708 225 18 22 0.86707264 
278 259 21 27 0.85830337 
961 454 30 35 0.8199488 
236 271 24 27 0.81377846 
223 245 20 23 0.794839 
570 224 17 22 0.79262 
927 319 29 42 0.7253999 
761 212 19 23 0.7187844 
787 215 15 21 0.712444 
545 238 20 22 0.70673746 
453 355 16 22 0.6333355 
795 328 34 37 0.5666866 
763 414 28 39 0.47477856 
3 280 16 22 0.4554025 
426 364 23 29 0.45382234 
783 356 33 37 0.4264085 
225 294 13 17 0.33888915 
521 338 28 33 0.3250707 
462 447 30 39 0.31431282 
601 247 14 16 0.26347888 
845 337 24 34 0.2044616 
749 248 13 16 0.1823144 
462 351 24 32 0.16064277 
513 238 17 20 0.15853706 
495 541 34 38 0.15311344 
425 252 11 13 0.13645823 
741 234 11 13 0.12395674 
229 251 24 29 0.11969448 
266 355 17 20 0.11457814 
441 531 31 33 0.10658586 
332 318 26 27 0.101795495 
237 255 26 32 0.10125019 
190 384 41 47 0.09193296 
1006 393 18 23 0.08434679 
374 403 14 18 0.08164924 
940 316 34 47 0.08044176 
628 330 14 18 0.07770863 
4 421 40 68 0.07443736 
463 373 24 34 0.07066146 
246 248 23 28 0.0699121 
571 324 14 18 0.069635324 
429 301 9 11 0.066140935 
0 283 21 36 0.06400599 
457 351 16 19 0.06359167 
440 341 11 12 0.06212799 
684 328 17 20 0.060887165 
570 326 26 28 0.05972668 
460 462 25 36 0.057123918 
570 361 35 38 0.05557824 
471 349 14 19 0.055324495 
191 313 11 14 0.0539009 
643 308 13 14 0.051930174 
550 233 12 14 0.051607482 
154 406 23 31 0.05062218 
702 348 31 40 0.050244752 
438 242 13 18 0.04925075 
867 274 15 19 0.048529852 
429 246 12 16 0.045483544 
436 359 23 31 0.045083415 
667 352 30 38 0.044096705 
577 228 17 22 0.044062078 
422 368 16 22 0.04301802 
400 389 11 14 0.0415167 
851 290 30 40 0.041378967 
443 225 24 30 0.040796164 
944 303 30 37 0.040747277 
483 365 28 32 0.040676173 
229 275 23 29 0.04038928 
268 255 23 30 0.039239928 
921 306 30 39 0.03844553 
839 342 18 24 0.03771963 
412 263 10 12 0.037213776 
469 335 11 13 0.036812402 
673 333 30 44 0.03628761 
456 341 11 14 0.035626113 
536 342 38 47 0.034206126 
859 279 26 36 0.033952083 
628 318 12 15 0.033579245 
330 328 17 19 0.03326299 
880 308 48 60 0.03261964 
536 363 27 35 0.032028783 
817 335 18 23 0.031701744 
564 328 20 22 0.031651635 
755 249 13 16 0.031549998 
627 326 26 32 0.031540267 
581 262 10 13 0.031399757 
382 376 14 19 0.030876366 
444 544 19 21 0.0308248 
69 393 29 31 0.030662669 
978 196 17 22 0.030347843 
624 337 27 41 0.030331725 
559 341 34 41 0.030170886 
552 246 17 21 0.03007737 
975 462 18 22 0.029856501 
323 331 25 27 0.02974205 
481 290 15 18 0.02969695 
792 362 37 37 0.029475575 
995 176 23 30 0.029388439 
510 245 14 21 0.029293623 
817 276 9 12 0.029039906 
470 341 12 14 0.028955823 
412 371 14 18 0.028367473 
434 230 21 27 0.028253594 
721 227 14 18 0.028202124 
622 216 17 20 0.027865909 
993 573 32 64 0.027846599 
274 358 16 19 0.027665658 
986 288 16 19 0.027431456 
578 222 13 18 0.027416982 
982 182 25 31 0.027213935 
496 347 13 14 0.026448555 
444 336 11 13 0.02634323 
996 392 26 35 0.026308902 
907 320 33 45 0.02609505 
737 235 10 14 0.025881091 
543 244 16 23 0.02581347 
6 404 56 63 0.025307847 
374 349 12 15 0.025089985 
985 462 14 20 0.02503397 
250 264 23 32 0.024813177 
965 305 28 41 0.024615332 
955 304 17 24 0.024430629 
462 341 12 14 0.024426682 
466 444 21 25 0.024296636 
699 319 29 28 0.024038548 
307 254 11 14 0.024034867 
751 211 12 16 0.024034351 
457 339 21 27 0.024013208 
398 340 10 12 0.023922054 
707 238 16 19 0.023898793 
536 340 17 19 0.02384865 
427 380 17 22 0.023741007 
624 324 14 19 0.02372486 
738 230 20 25 0.02361178 
414 461 40 50 0.02358954 
624 202 22 29 0.0234678 
426 416 25 30 0.023389569 
258 362 25 27 0.023202835 
404 300 10 15 0.023126902 
517 233 11 14 0.023122232 
425 335 9 11 0.022481827 
692 318 13 16 0.022402443 
816 270 10 12 0.022312248 
442 247 15 20 0.02226369 
15 438 56 71 0.02214232 
612 378 22 33 0.022097507 
228 284 15 18 0.021894291 
864 268 24 31 0.02170556 
938 266 13 15 0.021682952 
951 291 15 17 0.021662915 
751 215 20 27 0.021650381 
459 366 16 23 0.021642769 
436 413 13 16 0.021596674 
863 267 15 21 0.021525938 
933 298 28 32 0.021492114 
641 423 17 20 0.021248547 
783 183 9 11 0.021239093 
408 267 11 13 0.021215469 
447 358 16 24 0.020995043 
554 226 21 27 0.020972531 
724 516 42 61 0.020817392 
423 442 18 21 0.020531088 
780 359 18 26 0.020496365 
582 486 52 61 0.02045285 
580 328 27 29 0.020271022 
874 219 16 19 0.020212833 
58 388 48 49 0.020145088 
325 392 17 25 0.020035889 
251 333 14 16 0.02001186 
