24_Soldier_Firing_Soldier_Firing_24_368
29
390 136 139 159 0.9776278 
445 322 70 78 0.6359742 
583 229 48 67 0.08066107 
833 74 52 78 0.07333535 
739 34 17 22 0.058643136 
598 244 55 76 0.054922163 
599 313 71 88 0.051760584 
815 87 55 80 0.046433575 
807 114 49 69 0.041161697 
37 183 17 21 0.039603777 
871 233 28 36 0.038450565 
601 226 27 38 0.036409356 
401 251 131 134 0.034552723 
-11 111 412 439 0.029662117 
799 388 47 54 0.02836229 
859 447 24 30 0.02738249 
773 113 92 111 0.02528539 
407 127 195 258 0.023816798 
81 124 24 32 0.023535695 
629 227 408 467 0.023108372 
533 72 104 124 0.023073953 
972 524 28 38 0.02280861 
602 269 61 87 0.022758022 
183 211 100 117 0.022249715 
724 121 27 36 0.021829635 
240 245 478 439 0.021700919 
318 68 91 134 0.021329435 
845 456 49 58 0.020985538 
139 264 48 55 0.020884786 
