24_Soldier_Firing_Soldier_Firing_24_315
40
307 255 63 74 0.9890365 
152 15 51 63 0.9292523 
276 83 17 20 0.84531605 
603 386 27 33 0.42069712 
82 30 29 34 0.3864304 
7 40 25 39 0.3259931 
434 323 34 38 0.20896478 
241 245 40 55 0.16437154 
85 27 16 20 0.11740485 
33 323 34 39 0.114475474 
12 50 32 39 0.109630294 
231 243 32 46 0.09295664 
40 328 47 56 0.0836668 
300 141 9 12 0.07964339 
430 329 16 17 0.058338523 
22 56 36 39 0.05806983 
32 328 96 126 0.04767957 
173 34 36 52 0.047274232 
542 338 14 17 0.036233835 
494 433 10 11 0.03612662 
275 251 50 60 0.03364025 
586 387 47 48 0.032149576 
88 308 49 59 0.031519067 
86 302 30 43 0.030945618 
288 83 15 20 0.030192103 
489 432 10 11 0.029935908 
494 436 12 14 0.02960479 
609 380 18 21 0.02908906 
535 333 12 16 0.027682891 
257 252 45 62 0.026871962 
340 211 49 63 0.024865888 
421 331 30 34 0.02484215 
351 190 47 56 0.02339648 
355 201 23 29 0.022255877 
447 330 31 34 0.022173237 
60 275 14 17 0.021768931 
533 326 24 31 0.021666206 
76 33 44 53 0.02136622 
351 265 33 51 0.021024663 
74 323 89 90 0.02009 
