24_Soldier_Firing_Soldier_Firing_24_644
102
280 170 27 33 0.9931377 
207 151 26 37 0.85655415 
550 283 26 30 0.5803078 
469 196 16 17 0.34148452 
577 278 27 30 0.32238016 
47 99 24 32 0.31953242 
462 211 15 18 0.24883863 
398 192 16 20 0.2203654 
440 205 10 15 0.18830416 
312 180 26 30 0.16631314 
178 360 32 46 0.12930107 
130 104 26 29 0.1292682 
39 369 13 16 0.11839361 
199 323 27 35 0.10199281 
458 288 32 31 0.091771655 
0 89 22 44 0.08863988 
444 208 11 16 0.078957886 
92 133 25 30 0.0765363 
348 180 14 20 0.07612027 
442 338 41 44 0.06997833 
116 143 21 29 0.06490665 
437 281 15 20 0.061622012 
224 108 18 22 0.05653052 
137 112 25 34 0.05453475 
389 193 18 20 0.04943599 
331 187 12 16 0.046760418 
309 258 13 17 0.04555471 
559 275 42 47 0.044199597 
32 95 34 45 0.043730907 
556 274 27 31 0.04135152 
58 107 17 23 0.040861335 
395 175 23 31 0.040849492 
246 178 9 14 0.03922664 
282 173 48 55 0.03832454 
487 257 13 16 0.03812814 
238 178 12 18 0.037086163 
387 256 17 21 0.036990784 
318 387 15 19 0.03652562 
210 153 39 50 0.034954626 
0 497 18 35 0.034947094 
10 75 26 38 0.034300804 
372 546 23 27 0.033839263 
139 102 16 19 0.03347769 
21 74 16 22 0.033434737 
331 380 12 14 0.033401396 
593 283 12 16 0.033270106 
370 251 28 31 0.03314788 
410 177 15 20 0.031484354 
111 105 38 50 0.031121703 
311 185 16 19 0.030873874 
221 293 11 14 0.030821428 
298 239 27 38 0.03070503 
274 342 17 20 0.030157758 
465 201 23 28 0.02953242 
477 249 16 20 0.029014913 
149 147 27 34 0.028978832 
138 161 31 36 0.028235102 
335 258 11 15 0.027761318 
8 91 29 40 0.02762043 
322 182 27 34 0.027480476 
99 116 33 38 0.027333176 
456 211 27 31 0.026723541 
17 325 12 15 0.026394095 
393 252 16 21 0.025866129 
315 259 13 15 0.025545537 
76 113 38 48 0.025504028 
228 296 15 19 0.025005996 
561 294 16 19 0.024885038 
426 274 25 34 0.024718834 
43 109 17 22 0.024708385 
811 595 26 28 0.024703652 
249 241 28 41 0.024319133 
13 89 14 21 0.024248766 
10 289 14 16 0.024041086 
156 133 31 37 0.02376249 
571 72 46 49 0.02327682 
402 197 16 22 0.023189254 
268 175 20 25 0.023155276 
223 233 40 50 0.023152405 
538 274 30 34 0.023111755 
103 829 29 34 0.02310239 
432 204 14 16 0.02294065 
77 200 26 34 0.0228137 
435 202 20 26 0.022797177 
419 173 13 17 0.022777563 
247 173 9 15 0.02248786 
541 288 19 22 0.022194946 
58 92 15 24 0.022175768 
91 99 14 19 0.022169234 
455 211 15 19 0.022067163 
160 162 24 35 0.021934204 
4 349 13 17 0.021691995 
28 224 12 16 0.021470135 
486 288 32 35 0.021408707 
305 252 25 31 0.021400351 
263 307 13 17 0.021372681 
125 111 13 18 0.0209363 
-1 171 21 43 0.020869985 
466 236 28 33 0.020817574 
45 114 27 36 0.020677319 
550 7 389 449 0.020323223 
168 112 28 36 0.02028313 
