24_Soldier_Firing_Soldier_Firing_24_702
65
176 59 47 57 0.99726486 
833 83 38 47 0.9952689 
401 172 13 18 0.6590916 
634 112 27 29 0.60859823 
268 124 31 30 0.55679774 
387 167 19 24 0.5184616 
420 175 13 17 0.23891065 
565 278 22 31 0.20180096 
344 129 9 12 0.17233364 
470 170 11 13 0.14863893 
380 172 18 21 0.1481756 
414 171 14 19 0.13019316 
677 238 23 28 0.12501478 
914 275 24 26 0.12079481 
647 112 24 25 0.11925541 
629 118 16 24 0.10783204 
679 236 15 18 0.0939396 
205 437 12 19 0.089534886 
325 220 17 20 0.075920716 
372 148 10 13 0.065343075 
487 298 23 30 0.061632425 
298 287 18 23 0.059884075 
75 34 16 24 0.050917774 
350 163 10 11 0.04855438 
529 150 9 11 0.048136793 
821 96 39 43 0.044845004 
294 284 15 21 0.04261715 
477 172 11 14 0.04222692 
308 293 15 21 0.042212863 
411 213 15 19 0.041214548 
723 254 48 55 0.038631503 
415 201 11 13 0.03543079 
578 280 15 23 0.03413072 
469 324 16 22 0.033133727 
548 273 26 35 0.032222863 
424 340 16 19 0.03210082 
278 246 22 27 0.031749878 
634 123 19 23 0.03151706 
275 472 17 19 0.0313421 
389 158 14 18 0.030299682 
676 270 25 31 0.030298727 
483 173 11 13 0.028106825 
348 128 8 11 0.027811242 
335 150 9 11 0.02698758 
844 200 30 37 0.025856787 
302 279 31 36 0.02479455 
497 303 17 21 0.02470896 
814 226 45 52 0.02449216 
21 370 16 20 0.02400386 
612 174 13 15 0.023866082 
817 110 31 39 0.022618065 
271 371 42 54 0.022289142 
452 174 11 14 0.021807756 
300 493 10 14 0.021737222 
211 438 13 16 0.021622574 
465 165 11 14 0.021538448 
927 283 17 20 0.021338146 
27 372 18 21 0.021200167 
503 166 9 12 0.02104056 
456 155 12 15 0.021010451 
19 366 14 16 0.020937707 
198 432 22 28 0.020642383 
475 313 26 35 0.020615911 
332 488 14 17 0.020571945 
176 4 24 31 0.02028714 
