24_Soldier_Firing_Soldier_Firing_24_372
19
305 143 61 83 0.980027 
242 414 176 260 0.32855147 
648 243 57 55 0.18117285 
511 20 377 503 0.042032357 
145 323 311 434 0.040802337 
717 193 26 30 0.040453117 
252 105 26 32 0.038125653 
616 275 70 57 0.03504154 
334 32 359 481 0.034702145 
262 100 13 16 0.034692608 
676 25 366 496 0.027434204 
234 158 58 69 0.024913836 
24 178 131 182 0.024740808 
954 0 18 16 0.02398349 
330 165 37 51 0.022999626 
259 118 18 24 0.022980893 
718 140 12 16 0.022093834 
225 113 39 46 0.021622162 
243 111 29 36 0.020542769 
