24_Soldier_Firing_Soldier_Firing_24_405
124
333 376 61 81 0.9953225 
170 533 10 13 0.22339574 
452 223 8 10 0.11859831 
539 1021 61 74 0.097935565 
261 518 9 11 0.09578502 
889 487 11 13 0.09220887 
194 188 9 11 0.081553586 
0 528 9 12 0.07860801 
263 391 10 12 0.07238731 
874 484 12 14 0.0705408 
450 208 8 9 0.06426257 
165 421 10 12 0.06418304 
1 542 9 14 0.060715947 
455 207 7 9 0.058247726 
434 215 8 10 0.056747373 
799 576 7 9 0.05049501 
893 480 10 11 0.04965121 
195 546 11 13 0.048497733 
913 457 8 9 0.04841097 
873 480 9 11 0.046705943 
698 1119 149 181 0.046643775 
509 30 8 10 0.046240665 
918 456 8 10 0.04451192 
584 798 36 37 0.044489756 
263 599 10 12 0.042976677 
853 527 148 185 0.0413318 
432 193 8 10 0.04092195 
531 14 7 10 0.040736273 
117 507 10 13 0.040165816 
549 6 9 10 0.038314614 
873 491 12 14 0.03830769 
123 595 14 15 0.037248284 
463 142 8 10 0.036837332 
301 575 8 11 0.035770144 
918 471 12 13 0.03567402 
710 548 13 14 0.035350207 
845 532 10 12 0.035031833 
126 561 7 9 0.034713063 
176 571 10 13 0.03443367 
33 544 9 11 0.034422472 
290 508 8 11 0.034152873 
93 599 8 10 0.03348733 
903 464 8 10 0.033351287 
870 470 7 9 0.03332985 
840 534 10 11 0.032957897 
527 38 7 10 0.032643203 
437 222 8 11 0.032071836 
537 28 8 10 0.03176733 
450 213 8 10 0.03131404 
171 538 12 13 0.030968072 
438 230 7 9 0.03053537 
358 264 8 10 0.029899595 
329 382 10 12 0.029708233 
103 578 12 15 0.029417882 
5 547 9 12 0.029166473 
285 159 8 9 0.028693572 
692 1053 15 18 0.028616024 
545 64 7 10 0.028205913 
317 1495 9 11 0.028180122 
175 566 10 12 0.027935294 
917 460 9 11 0.027914375 
505 24 8 11 0.027728682 
112 598 10 12 0.027651874 
294 511 7 9 0.02725657 
121 579 10 12 0.02706802 
533 532 58 74 0.027041832 
829 536 8 9 0.026791105 
665 552 8 9 0.026753323 
533 309 8 12 0.026609184 
913 441 7 9 0.026472287 
694 542 11 14 0.02638435 
919 447 8 9 0.026383108 
534 15 8 8 0.026283037 
175 96 9 10 0.02600077 
842 528 9 10 0.025917493 
24 526 8 10 0.025800465 
940 1309 59 58 0.025757363 
510 94 7 9 0.025701283 
584 96 8 9 0.025370168 
526 32 7 9 0.025344038 
247 551 8 10 0.025314352 
721 296 7 9 0.025161223 
297 561 8 10 0.02514566 
544 69 7 9 0.02499566 
520 24 7 9 0.024976829 
122 559 8 10 0.024891183 
509 25 8 10 0.024716042 
167 551 9 11 0.024488937 
855 471 7 9 0.024374597 
193 504 8 11 0.024225798 
424 190 7 9 0.024163349 
73 540 9 11 0.024042305 
285 596 8 11 0.023948913 
162 166 8 10 0.02382203 
545 492 50 79 0.023693895 
937 469 9 12 0.023507312 
920 432 7 8 0.023476487 
805 564 9 10 0.023447344 
6 559 10 14 0.023254303 
206 534 8 11 0.02314459 
161 184 8 10 0.022974748 
912 446 8 9 0.02297341 
17 525 8 10 0.022900006 
627 1371 13 15 0.022651125 
535 9 7 9 0.022519311 
888 479 10 11 0.022462487 
839 519 8 9 0.02234209 
520 120 8 10 0.021804877 
886 448 9 10 0.021716349 
478 181 10 13 0.021715585 
176 580 10 12 0.021701736 
942 463 9 11 0.021593945 
865 466 8 9 0.021394791 
451 227 9 12 0.0211938 
1013 474 9 15 0.020756451 
853 477 9 11 0.02056678 
145 583 9 13 0.020558847 
741 252 10 14 0.020518847 
522 39 8 10 0.020348923 
88 600 9 11 0.020269686 
881 448 8 10 0.020267952 
162 189 8 10 0.020252349 
644 719 48 49 0.020141799 
183 96 8 10 0.020040305 
