24_Soldier_Firing_Soldier_Firing_24_691
77
270 307 32 38 0.99956626 
237 216 25 30 0.99812883 
777 321 27 34 0.997775 
294 278 25 30 0.99674195 
417 338 27 32 0.99582076 
622 302 26 34 0.9954855 
265 269 28 30 0.9906579 
738 293 30 35 0.98714393 
879 449 34 53 0.9826736 
547 272 22 26 0.9760423 
669 318 23 28 0.96688455 
878 327 29 35 0.9644271 
819 381 38 42 0.957933 
820 300 23 27 0.9555838 
439 311 23 27 0.9544452 
562 327 22 26 0.9534638 
366 305 22 24 0.95216316 
956 303 21 21 0.95053625 
505 313 24 29 0.94402426 
96 109 35 63 0.919767 
580 268 20 22 0.9113163 
411 248 20 22 0.90842587 
803 366 29 37 0.8114028 
211 178 19 22 0.44452044 
455 347 22 26 0.38010913 
726 308 15 18 0.19017704 
277 274 28 31 0.17094837 
973 331 17 20 0.15492162 
51 121 31 54 0.15126957 
544 328 17 20 0.09721495 
649 342 17 21 0.07655705 
579 276 22 28 0.07405602 
603 321 15 20 0.069532305 
342 334 21 25 0.06750925 
945 345 16 20 0.060645107 
878 348 26 37 0.06023357 
791 178 27 32 0.0587707 
472 407 15 17 0.05726239 
204 183 25 32 0.0553846 
728 299 27 32 0.05267274 
802 331 16 20 0.050993945 
528 361 22 27 0.05005922 
645 313 16 23 0.049499936 
831 307 19 23 0.04789061 
308 315 13 16 0.046515733 
660 314 23 29 0.041259196 
920 334 25 33 0.03884452 
884 339 32 37 0.037895244 
724 412 11 14 0.03733357 
878 359 15 24 0.036382515 
1008 275 12 15 0.0345837 
831 377 44 54 0.031293698 
174 173 11 16 0.030132113 
526 352 17 21 0.03002167 
198 132 10 13 0.029739186 
764 316 26 31 0.02945968 
868 360 27 35 0.028578524 
303 310 21 27 0.026772033 
394 322 13 18 0.026560403 
559 358 24 28 0.026050543 
1011 268 12 18 0.025344498 
562 338 19 23 0.024411162 
1 149 11 15 0.023962896 
946 335 23 27 0.022687363 
966 336 18 20 0.022438532 
762 298 18 23 0.02242155 
943 349 24 30 0.022163676 
431 317 26 32 0.021845695 
826 314 26 34 0.02180493 
538 364 13 18 0.021482872 
490 376 18 22 0.021376677 
443 343 26 30 0.021177044 
411 258 17 22 0.020948714 
895 334 30 32 0.020793114 
796 349 16 20 0.020523762 
909 339 27 32 0.02034573 
610 310 25 33 0.020097272 
