24_Soldier_Firing_Soldier_Firing_24_129
20
342 323 108 142 0.9958348 
296 337 108 127 0.33122143 
472 472 23 32 0.13588764 
473 729 11 14 0.06763306 
339 700 13 17 0.061251298 
252 416 18 20 0.040186927 
441 1289 25 30 0.03888984 
545 397 9 11 0.03604467 
472 483 30 43 0.03379589 
399 795 48 57 0.033766247 
478 468 34 41 0.032055907 
351 638 8 10 0.02634559 
991 1252 12 15 0.025705365 
382 288 53 84 0.025426136 
475 495 17 25 0.024358394 
368 238 11 13 0.02271969 
855 1510 10 13 0.022604987 
458 471 29 36 0.021849938 
552 253 24 28 0.02142096 
557 445 15 18 0.020788128 
