24_Soldier_Firing_Soldier_Firing_24_10
28
177 176 37 50 0.79594517 
156 289 43 51 0.066079296 
276 206 11 14 0.06470711 
397 207 12 15 0.053697668 
158 183 36 41 0.053587623 
253 228 31 38 0.05171104 
270 208 13 17 0.044519544 
590 368 450 560 0.037556306 
259 228 18 21 0.033718217 
390 206 13 16 0.032791145 
286 218 15 19 0.031157834 
267 215 15 19 0.030025365 
260 218 17 18 0.027800474 
127 333 9 11 0.027462091 
280 225 26 33 0.027315889 
505 184 469 559 0.026627801 
382 207 13 18 0.025709225 
239 218 13 18 0.025142431 
273 210 23 28 0.02509815 
139 164 48 66 0.024081094 
-42 201 352 455 0.023350444 
159 196 53 64 0.023089448 
259 237 51 61 0.022818143 
263 202 23 26 0.022516472 
107 410 13 13 0.022050355 
143 415 8 11 0.021802785 
285 232 15 19 0.02074123 
380 7 473 457 0.020374393 
