24_Soldier_Firing_Soldier_Firing_24_268
18
484 440 124 167 0.9990582 
741 455 47 58 0.6123713 
143 -86 396 451 0.19070028 
718 437 9 13 0.15244742 
539 13 379 488 0.13398096 
10 729 444 417 0.1024129 
881 731 96 107 0.044364795 
284 20 366 448 0.044208366 
192 306 89 115 0.042985436 
0 908 56 82 0.038206726 
507 681 105 114 0.034711886 
55 900 133 96 0.03393293 
98 927 187 111 0.03345376 
365 593 113 133 0.028183768 
542 818 104 141 0.0260806 
560 867 419 550 0.023110654 
407 524 14 15 0.022417063 
714 444 45 57 0.02120579 
