41_Swimming_Swimmer_41_831
51
472 145 169 223 0.99928254 
839 44 44 52 0.55845505 
811 1139 38 41 0.1875838 
465 1510 15 17 0.12602194 
645 1303 14 16 0.11089191 
429 1470 11 14 0.10256105 
1011 478 15 26 0.09417535 
462 1313 16 18 0.08241859 
440 1522 13 14 0.079476826 
151 460 39 45 0.07629046 
419 1396 11 14 0.05742185 
504 1326 13 17 0.054970033 
439 1314 13 17 0.05088788 
428 1366 12 15 0.04926491 
440 1307 14 17 0.046373714 
592 1386 11 15 0.045615375 
682 852 32 35 0.04479473 
527 1306 13 15 0.040294275 
173 894 12 16 0.039546803 
152 66 15 16 0.03929085 
363 1350 15 18 0.0390384 
513 1447 13 14 0.038292322 
437 1356 10 13 0.036371853 
449 1468 14 16 0.0357011 
927 762 13 17 0.035547193 
412 1301 16 19 0.03528101 
455 261 456 569 0.035076648 
379 1373 11 14 0.03307582 
361 1214 26 30 0.031101732 
449 1366 13 15 0.030991077 
549 1461 11 14 0.030679757 
619 1454 12 13 0.030339243 
438 1387 14 17 0.02926901 
1 579 25 42 0.028159497 
524 1397 13 15 0.02786525 
700 101 27 31 0.026602834 
375 1310 12 14 0.025646225 
627 1358 12 14 0.024428105 
154 895 13 15 0.024413701 
376 1406 13 16 0.023479389 
584 1430 11 13 0.023294983 
987 526 21 27 0.023032244 
635 1399 15 17 0.022836471 
544 1494 14 17 0.021697829 
535 1445 13 17 0.02163256 
687 861 37 40 0.020948764 
548 1401 13 16 0.020876534 
209 892 13 15 0.020727772 
553 1366 11 13 0.020543804 
557 1357 10 13 0.020487947 
487 1510 11 14 0.020071639 
