41_Swimming_Swimmer_41_308
28
865 21 112 106 0.45813325 
479 123 43 60 0.11247669 
500 119 48 66 0.078529924 
573 51 85 123 0.06508953 
531 77 95 123 0.050023437 
473 112 81 106 0.042314745 
-34 129 397 500 0.04137252 
509 109 30 34 0.040601153 
527 192 50 53 0.039386924 
915 66 39 39 0.037386287 
832 -4 173 206 0.030449226 
482 130 16 22 0.029806998 
685 142 62 59 0.02909465 
441 318 236 268 0.028688697 
477 129 24 36 0.028394954 
541 96 57 76 0.027751869 
496 158 58 79 0.02716099 
491 121 30 36 0.025333855 
548 -62 401 435 0.025329107 
508 116 18 24 0.025269141 
471 140 32 43 0.024052858 
515 93 51 69 0.023182862 
288 113 222 245 0.022131123 
468 118 27 37 0.021355402 
495 180 12 16 0.020671226 
250 266 217 209 0.020664865 
467 161 31 40 0.020591436 
468 150 56 74 0.020001587 
