41_Swimming_Swimmer_41_755
39
878 288 22 27 0.40236124 
879 196 19 22 0.24036895 
897 319 45 58 0.21528496 
875 275 24 27 0.17126034 
990 259 20 30 0.16264321 
340 380 136 149 0.13446547 
871 260 24 30 0.10093739 
871 257 16 20 0.093047895 
574 363 52 67 0.05568946 
866 227 16 18 0.052107308 
874 280 45 63 0.049011294 
919 226 13 18 0.04696233 
783 244 19 29 0.046830382 
512 205 11 14 0.038684722 
560 348 87 116 0.037289623 
389 315 204 251 0.037111558 
872 283 15 18 0.03509906 
853 362 31 40 0.034867264 
880 258 15 17 0.034483142 
799 333 24 30 0.028105617 
905 334 20 25 0.028095106 
219 327 368 466 0.027966583 
902 414 11 14 0.02792099 
557 348 52 70 0.026448702 
885 288 53 70 0.024499739 
990 628 14 21 0.02410732 
882 292 29 36 0.023166975 
554 438 71 69 0.022647519 
887 282 16 20 0.022544606 
574 403 44 39 0.022350341 
865 242 26 30 0.022285253 
879 192 12 15 0.022273887 
868 297 26 34 0.022104237 
990 256 14 18 0.021928456 
471 249 44 48 0.021280399 
981 263 16 23 0.021144232 
914 324 16 20 0.020419449 
862 234 16 20 0.02014955 
904 529 26 35 0.020037947 
