41_Swimming_Swimmer_41_704
39
375 286 91 129 0.93762517 
204 440 68 82 0.89413804 
61 336 140 198 0.856393 
523 274 53 69 0.78095144 
534 104 86 119 0.7632918 
740 66 80 124 0.71382374 
652 129 64 89 0.5093223 
307 126 99 136 0.43849304 
712 95 86 123 0.31608588 
468 237 91 111 0.21077178 
586 105 81 113 0.09912907 
397 217 113 165 0.0957919 
119 374 122 160 0.08658382 
564 157 44 59 0.07466259 
500 144 94 132 0.06977774 
461 164 112 155 0.05467706 
678 161 49 73 0.05134983 
321 211 144 214 0.039500713 
785 88 52 84 0.03335772 
498 116 72 86 0.032380573 
683 126 17 23 0.03230822 
635 657 17 18 0.028267527 
664 94 90 121 0.026612604 
357 147 95 121 0.026365595 
182 373 104 141 0.02636255 
727 61 63 81 0.025802584 
619 225 488 447 0.025628533 
428 161 99 131 0.025115753 
305 279 107 139 0.024011344 
421 89 30 32 0.023387728 
569 -1 29 35 0.023028553 
809 120 28 41 0.022653578 
268 453 48 66 0.021818247 
506 152 17 19 0.021475215 
779 176 14 18 0.021366715 
772 141 15 19 0.02122703 
629 137 60 87 0.020842643 
259 352 33 35 0.020539057 
284 96 162 245 0.020021986 
