41_Swimming_Swimmer_41_380
100
566 106 10 14 0.88388336 
465 226 18 20 0.85785824 
605 109 11 13 0.7482584 
592 201 15 18 0.58425534 
441 275 16 18 0.46145502 
460 264 14 18 0.29926622 
556 212 11 16 0.19350812 
584 175 12 15 0.16721234 
399 293 13 16 0.11816063 
601 114 11 14 0.112142764 
499 220 11 15 0.090291806 
527 295 14 15 0.08550452 
562 139 21 27 0.0812153 
416 261 10 12 0.07941322 
584 134 9 12 0.07898664 
623 143 10 13 0.07633725 
491 259 13 15 0.07610512 
574 129 11 15 0.07604607 
482 300 26 28 0.07498319 
572 107 9 13 0.073982455 
398 282 22 26 0.0710562 
505 192 8 11 0.0682784 
569 204 12 14 0.06793602 
403 273 16 20 0.06767878 
506 272 13 16 0.06587337 
908 187 33 38 0.0587229 
590 134 9 13 0.058399923 
510 134 9 11 0.05505076 
550 133 9 13 0.053125735 
561 117 9 11 0.05160497 
835 183 31 32 0.051309522 
567 129 12 17 0.050710298 
575 228 39 54 0.04872988 
503 195 12 17 0.04716822 
598 180 11 14 0.046542436 
561 248 29 37 0.043049745 
326 517 9 11 0.042903893 
409 290 16 20 0.04253838 
588 188 15 18 0.041817058 
601 258 12 17 0.041554835 
559 126 11 15 0.040599734 
467 266 13 17 0.040456764 
850 181 29 34 0.037525915 
422 470 12 16 0.035446562 
412 445 15 19 0.035205003 
599 487 25 35 0.034995526 
836 192 18 21 0.03457901 
597 187 13 17 0.033264235 
467 237 18 20 0.033233427 
906 150 13 14 0.03304047 
567 218 11 15 0.03193137 
471 302 26 28 0.031764247 
392 299 10 14 0.03174942 
518 315 52 55 0.03125349 
471 231 16 19 0.030655045 
571 198 12 15 0.030483529 
484 254 15 18 0.030300334 
494 207 20 30 0.0301848 
653 173 10 14 0.030054014 
417 308 11 13 0.030040076 
889 211 29 33 0.029961037 
602 105 18 22 0.029958827 
482 553 14 17 0.029699668 
438 303 12 15 0.029341169 
564 265 14 18 0.027434586 
867 184 24 36 0.027349316 
393 292 11 17 0.027084876 
478 293 13 13 0.026796253 
512 227 9 14 0.0246863 
384 381 10 13 0.0246399 
605 123 12 15 0.024528565 
597 132 9 13 0.024317808 
821 158 9 12 0.024057476 
570 150 14 18 0.0240134 
729 135 10 12 0.02379327 
412 266 13 18 0.023733603 
582 117 9 12 0.02364557 
815 156 11 15 0.023457723 
927 454 64 80 0.022929955 
875 412 13 14 0.02288583 
822 165 8 11 0.022701219 
550 140 9 13 0.022580007 
490 313 14 16 0.022578955 
461 299 25 27 0.022153879 
691 66 14 16 0.022090888 
460 253 16 19 0.022064537 
560 145 12 17 0.021753691 
886 182 33 40 0.021647919 
745 107 10 13 0.021453608 
525 291 23 24 0.021359466 
478 253 12 14 0.02132908 
494 352 14 18 0.021048486 
899 223 15 17 0.020965602 
510 220 11 15 0.020780198 
667 279 14 16 0.020715639 
877 201 11 16 0.020574888 
383 376 10 12 0.020513741 
491 295 17 19 0.020375708 
509 253 9 12 0.020355618 
599 151 10 14 0.020202294 
