41_Swimming_Swimmer_41_471
124
469 105 114 163 0.99990153 
98 702 19 21 0.37253445 
764 250 11 15 0.20145969 
787 254 13 14 0.1710254 
74 721 15 17 0.14720963 
224 759 11 14 0.13251682 
195 723 24 32 0.1238518 
946 684 14 17 0.08172877 
793 270 27 30 0.080391966 
178 707 25 31 0.066860236 
276 748 20 26 0.06313983 
171 692 12 14 0.062107954 
66 722 29 33 0.06136069 
29 568 9 11 0.056990672 
64 718 12 14 0.056371987 
730 738 64 54 0.055470254 
1001 301 21 27 0.05372379 
783 391 199 239 0.051608086 
761 316 10 13 0.04977708 
204 726 14 18 0.048969626 
774 244 10 13 0.048317213 
31 572 9 11 0.04778841 
752 262 10 12 0.046112426 
964 689 18 20 0.045427974 
144 697 11 13 0.044643417 
35 725 12 14 0.044604853 
24 567 9 12 0.044434045 
787 260 44 48 0.04266683 
953 685 26 28 0.042372722 
120 718 11 13 0.041446242 
1 565 10 15 0.039756797 
816 257 14 16 0.03943224 
796 235 15 15 0.03783532 
182 713 30 37 0.037797283 
186 712 14 17 0.037675522 
821 229 14 16 0.0375435 
712 270 10 12 0.03732495 
36 719 11 13 0.036774363 
784 258 11 13 0.03665717 
750 239 9 10 0.036135357 
739 276 10 12 0.03600493 
804 235 14 15 0.03598746 
814 229 12 15 0.035456903 
797 281 15 17 0.03542114 
196 777 11 14 0.035237405 
75 729 15 18 0.034227807 
797 270 15 17 0.034166984 
796 252 13 14 0.03374782 
744 435 21 30 0.033035323 
94 679 14 19 0.032913502 
68 728 42 49 0.032652676 
772 260 11 14 0.03263369 
776 269 9 13 0.032088295 
805 262 11 13 0.03202086 
769 350 11 14 0.03186628 
-49 43 395 407 0.03164624 
377 255 7 9 0.031178957 
780 270 10 12 0.030984111 
720 319 330 409 0.030377548 
748 340 14 17 0.030216005 
64 714 23 28 0.030075775 
942 680 25 28 0.029584687 
277 741 14 18 0.029553179 
47 725 8 12 0.02846656 
799 262 12 13 0.028215574 
759 310 11 14 0.027809942 
56 560 8 10 0.027448762 
775 277 9 12 0.027394952 
736 301 11 14 0.027114285 
728 269 11 13 0.026590278 
1004 319 18 22 0.026240485 
813 267 15 19 0.02591527 
43 858 417 486 0.025688114 
1 689 16 23 0.025624437 
698 270 12 13 0.025436217 
720 319 9 11 0.024943117 
108 542 7 10 0.024504183 
788 326 12 13 0.024337787 
749 242 11 13 0.024050038 
934 708 34 36 0.023586245 
15 572 10 12 0.0233333 
789 246 24 26 0.02331521 
224 752 10 13 0.023194278 
993 309 25 32 0.023053195 
32 729 13 16 0.022997567 
57 719 10 13 0.022962144 
222 754 18 23 0.02288108 
18 698 17 19 0.022841824 
271 751 15 20 0.022723729 
253 762 17 18 0.022586571 
943 694 30 32 0.022507144 
258 757 13 16 0.022446012 
759 301 11 14 0.022402568 
1013 588 9 15 0.022258505 
155 709 12 16 0.022135727 
238 774 10 14 0.022085404 
280 785 11 13 0.0220744 
169 689 10 12 0.02207133 
937 685 13 14 0.021884382 
870 781 56 65 0.021701023 
958 322 54 67 0.021654697 
681 269 10 13 0.021595163 
728 264 9 11 0.021566333 
771 411 134 161 0.021522738 
450 369 75 68 0.021489104 
945 692 46 51 0.021464195 
759 247 19 24 0.02142431 
78 712 10 12 0.02129863 
81 722 14 17 0.02105005 
745 239 9 10 0.021037964 
705 722 117 93 0.020987729 
6 691 22 27 0.020975411 
783 233 9 10 0.020941842 
100 691 18 21 0.020880342 
771 251 11 14 0.02081994 
47 567 9 11 0.020698985 
341 560 353 430 0.020646568 
807 230 21 24 0.020450044 
112 572 8 11 0.020432428 
90 550 7 8 0.020390477 
197 716 13 15 0.020323144 
208 730 14 19 0.020248786 
80 566 7 9 0.020186843 
967 697 18 20 0.020032126 
