41_Swimming_Swimming_41_699
27
555 206 59 80 0.9996118 
746 314 58 64 0.9979632 
234 321 61 83 0.99698764 
431 232 56 72 0.99689364 
387 305 54 67 0.9968874 
64 372 69 82 0.9936724 
793 262 36 43 0.95587677 
921 272 57 73 0.9081499 
128 303 50 60 0.9039388 
834 321 31 41 0.15563925 
278 -24 439 523 0.062056225 
727 187 13 18 0.050759 
413 157 16 22 0.04082493 
727 181 20 29 0.037754033 
530 436 40 48 0.031808816 
-83 -26 492 482 0.028833715 
326 156 37 39 0.02858523 
473 208 45 57 0.025784383 
307 574 13 15 0.024864852 
941 267 37 44 0.023428082 
850 331 17 26 0.023364054 
808 317 41 53 0.02309751 
345 200 28 34 0.023082076 
325 574 11 13 0.022828657 
411 155 27 34 0.021647591 
477 657 13 15 0.02145072 
363 144 45 55 0.020335807 
