41_Swimming_Swimmer_41_607
145
397 81 126 191 0.99724364 
346 547 59 62 0.86795276 
230 103 9 12 0.3484911 
298 130 13 17 0.21529442 
133 39 8 10 0.18181697 
142 55 8 11 0.15268293 
220 145 12 16 0.1221262 
220 130 12 15 0.11708953 
85 119 9 11 0.11391562 
181 57 9 12 0.11029925 
6 158 11 13 0.10942015 
225 107 9 13 0.10850174 
214 109 8 11 0.10001831 
127 85 10 13 0.09951549 
152 29 8 10 0.09649145 
102 57 9 10 0.09343291 
269 155 12 16 0.09072552 
255 116 9 12 0.08706464 
188 125 10 12 0.0861525 
209 111 9 11 0.08488015 
1 122 9 13 0.083598964 
145 29 7 11 0.08176888 
86 124 9 11 0.075925 
97 57 8 11 0.07120648 
207 48 9 11 0.070672944 
206 116 9 11 0.06976045 
168 30 8 11 0.066845626 
517 205 15 19 0.06558952 
175 113 9 11 0.060509015 
177 60 9 11 0.058548477 
184 119 8 12 0.05784962 
136 33 8 10 0.057596486 
199 47 9 11 0.0568859 
246 109 11 14 0.05613472 
201 117 9 11 0.054933283 
286 113 12 16 0.052610364 
7 121 8 11 0.050516915 
191 63 8 10 0.04834072 
261 126 9 12 0.047677208 
975 95 9 11 0.047666278 
178 299 398 375 0.045269575 
190 118 9 12 0.044322137 
40 158 7 10 0.04414254 
159 30 8 11 0.043367006 
236 102 11 14 0.042398695 
128 45 9 12 0.042021636 
279 125 10 12 0.04194161 
0 247 8 12 0.041845653 
156 23 11 13 0.041400775 
167 38 8 10 0.041180033 
104 8 8 9 0.04097183 
256 88 10 13 0.040554393 
222 201 36 57 0.039684135 
263 160 13 15 0.03875275 
118 5 9 11 0.037583664 
106 47 8 10 0.037309732 
218 127 9 13 0.03643622 
98 134 9 11 0.035664707 
189 132 9 12 0.035491187 
122 85 9 12 0.03529817 
89 61 9 11 0.03506654 
138 60 8 11 0.03469134 
96 8 8 9 0.034402158 
244 132 13 18 0.03338125 
234 183 18 22 0.03318194 
132 86 9 11 0.032123882 
216 86 10 12 0.03186902 
643 462 11 13 0.03165326 
133 43 8 11 0.031603105 
32 157 8 10 0.031596515 
238 105 12 16 0.031456202 
201 51 10 13 0.031363867 
192 70 8 11 0.031359423 
55 160 8 9 0.030290045 
110 47 8 11 0.029829994 
691 754 25 29 0.029443443 
239 127 11 14 0.02899338 
49 87 8 10 0.028839841 
285 124 10 15 0.028804198 
287 131 9 13 0.028668547 
110 53 8 11 0.028623102 
78 30 7 9 0.028240347 
231 98 10 12 0.028205065 
118 116 9 11 0.028197914 
150 53 9 12 0.028084744 
144 48 9 10 0.027903045 
225 63 95 126 0.027617078 
260 91 11 13 0.027209884 
257 156 11 15 0.026977178 
38 153 8 10 0.02683984 
572 204 13 16 0.026801126 
215 117 8 11 0.026547512 
73 30 8 10 0.026369782 
86 113 8 10 0.026271459 
216 126 19 26 0.026072027 
160 38 8 10 0.025833571 
230 193 13 19 0.02561345 
209 40 8 10 0.025241451 
198 61 9 11 0.025213052 
248 87 10 15 0.02502665 
93 102 8 11 0.025012914 
245 102 10 13 0.02495886 
23 199 9 10 0.024934428 
644 474 16 22 0.024799312 
24 121 8 10 0.024324631 
959 212 11 14 0.024026345 
260 118 9 11 0.023909686 
192 112 8 11 0.023839777 
152 36 8 11 0.023456475 
87 30 8 10 0.023454214 
296 136 14 19 0.023445046 
64 14 8 10 0.023319842 
24 155 10 12 0.023206176 
192 77 9 10 0.023074253 
55 166 8 9 0.023071093 
541 204 15 19 0.022989117 
81 112 8 11 0.02291275 
308 78 14 20 0.022890557 
128 132 12 15 0.022530917 
271 144 10 12 0.022442998 
127 127 9 11 0.022384522 
222 115 11 14 0.022352746 
110 6 10 11 0.02225262 
133 138 10 12 0.022029068 
127 52 8 10 0.02194131 
810 97 39 47 0.02189679 
158 13 10 11 0.021332193 
81 24 8 10 0.0213039 
73 128 8 11 0.021025645 
280 119 9 12 0.020964675 
168 45 7 9 0.020962005 
504 92 9 11 0.020943303 
105 87 7 9 0.020897938 
216 105 8 12 0.020884661 
0 100 9 13 0.020867445 
168 25 10 12 0.020797014 
191 141 10 12 0.020771556 
282 108 11 14 0.020620733 
31 125 8 11 0.020437194 
175 1 9 10 0.02038003 
14 120 8 10 0.020194523 
196 150 10 12 0.020086894 
181 5 9 11 0.020080654 
209 104 9 12 0.020055242 
81 125 9 11 0.020006001 
