41_Swimming_Swimming_41_730
20
200 102 172 236 0.57692444 
355 116 225 285 0.28609732 
259 105 213 250 0.15271673 
449 207 58 69 0.082558386 
16 142 119 164 0.064289674 
149 -5 52 53 0.05947595 
13 28 111 141 0.049017802 
31 192 130 184 0.047050923 
746 634 19 24 0.037694048 
23 66 164 199 0.0317585 
433 196 94 111 0.029458193 
489 353 377 504 0.028903766 
35 10 52 75 0.028106708 
793 299 90 130 0.027814068 
557 150 67 85 0.026903603 
744 249 55 78 0.02566593 
811 339 52 73 0.02344655 
819 609 16 19 0.023005167 
636 779 42 44 0.020429693 
723 572 55 69 0.020289581 
