41_Swimming_Swimming_41_243
66
93 109 146 124 0.998825 
903 243 61 72 0.9977679 
115 735 58 63 0.9972639 
744 236 54 66 0.990355 
506 785 38 51 0.9415979 
472 761 33 43 0.94095665 
251 643 23 28 0.8724085 
423 753 32 41 0.8258602 
758 900 64 66 0.7222072 
546 808 40 55 0.63431025 
627 875 49 62 0.54073125 
459 892 58 62 0.50564474 
63 671 24 30 0.47878256 
256 605 21 26 0.4183677 
482 755 30 36 0.35655463 
236 597 22 28 0.31166175 
738 900 40 57 0.2775007 
197 576 15 20 0.2604206 
423 910 35 52 0.24444658 
680 869 27 31 0.16214773 
433 896 57 65 0.13055173 
74 671 23 30 0.117398135 
440 748 32 41 0.09877108 
755 92 24 30 0.08235497 
239 627 40 50 0.07984341 
496 754 20 25 0.07972724 
541 795 29 39 0.07968149 
55 665 24 31 0.07094228 
521 805 49 58 0.06541666 
236 587 37 47 0.06311845 
530 783 31 40 0.058253873 
240 643 13 17 0.05090624 
452 760 32 42 0.04226506 
232 598 14 18 0.038189385 
639 857 19 21 0.03709296 
751 494 28 33 0.034401424 
670 885 32 39 0.03265203 
577 820 34 39 0.03226163 
246 646 18 23 0.030716917 
984 226 33 41 0.030299949 
714 495 25 27 0.02935637 
575 804 35 37 0.027980663 
263 612 18 23 0.027775336 
455 916 57 64 0.026818987 
300 541 23 27 0.026236936 
516 770 25 32 0.026223563 
253 615 28 34 0.025726616 
92 679 13 20 0.02570321 
243 636 15 19 0.025183523 
751 893 93 118 0.024914557 
528 795 71 91 0.024835108 
231 654 24 29 0.024743225 
566 825 35 45 0.024561727 
60 662 16 20 0.024443254 
433 765 34 41 0.024333404 
553 801 20 23 0.023757469 
449 746 19 25 0.022962261 
601 861 56 69 0.021696528 
236 590 16 20 0.021696286 
505 752 17 23 0.021600718 
98 729 49 62 0.021266475 
712 730 35 45 0.021234974 
769 96 16 22 0.02122996 
258 598 17 21 0.02094986 
758 957 38 43 0.020764697 
770 250 37 46 0.020394728 
