4_Dancing_Dancing_4_514
80
519 34 80 110 0.9975067 
379 109 77 108 0.9932806 
945 456 28 29 0.6176603 
1010 575 13 21 0.41913798 
952 548 19 23 0.39654577 
963 499 16 21 0.17932826 
841 604 14 17 0.16859266 
991 662 14 21 0.095706 
908 485 18 26 0.0883867 
1011 660 13 20 0.08323396 
957 651 25 31 0.07742783 
940 645 15 19 0.074739195 
992 479 22 32 0.06995163 
1004 664 21 29 0.06729257 
815 630 11 13 0.06119253 
874 525 14 19 0.06022862 
839 631 10 13 0.058537435 
880 711 10 13 0.05294293 
714 521 15 19 0.052125454 
854 617 14 16 0.049086437 
836 649 13 16 0.048894174 
829 597 11 15 0.04824351 
999 547 25 31 0.047496527 
18 541 24 33 0.047371697 
105 139 421 492 0.04639923 
915 568 26 32 0.045156594 
942 537 23 29 0.043044522 
320 161 23 32 0.041801184 
1002 586 23 30 0.039909396 
938 574 25 31 0.03958302 
995 305 26 42 0.03852388 
983 651 14 20 0.03749657 
1014 520 11 17 0.037478425 
870 526 24 32 0.036660176 
928 578 26 33 0.035519823 
956 364 26 33 0.033705164 
998 602 25 32 0.032981098 
839 593 20 24 0.03194437 
934 390 22 26 0.03194302 
1006 556 20 30 0.031795386 
1013 626 14 22 0.031423967 
941 435 32 39 0.031269208 
839 590 11 14 0.030968145 
938 420 31 38 0.029821921 
1010 410 14 23 0.02968313 
963 568 23 29 0.029580226 
990 442 15 17 0.029494692 
846 584 12 13 0.029404346 
873 594 14 18 0.02898985 
484 581 117 151 0.027924847 
854 590 13 15 0.027598253 
76 544 27 34 0.026878085 
946 79 34 38 0.026874388 
131 301 27 36 0.026797328 
986 395 13 16 0.026029075 
1004 615 21 30 0.025244936 
990 590 23 28 0.024544917 
909 719 11 12 0.02404926 
997 75 26 42 0.02402261 
76 482 28 34 0.023698572 
329 157 32 41 0.02364206 
936 483 27 34 0.02362355 
896 737 8 11 0.02338457 
995 362 25 35 0.023082295 
952 489 25 30 0.022952056 
1001 540 18 21 0.022475494 
304 189 28 41 0.0223768 
670 -66 429 512 0.022305567 
865 669 10 13 0.02202343 
928 711 11 14 0.02196481 
319 170 14 18 0.021938706 
934 528 24 30 0.02191672 
827 597 21 25 0.021197818 
998 614 15 19 0.02115441 
944 547 36 48 0.020830953 
958 557 23 30 0.020642404 
845 599 22 24 0.020592745 
954 430 28 35 0.020141855 
830 590 13 16 0.020025358 
910 575 15 20 0.02001521 
