4_Dancing_Dancing_4_878
31
458 176 108 159 0.99987876 
677 116 13 16 0.45518267 
758 426 27 38 0.3796073 
616 1186 525 482 0.222107 
138 116 16 19 0.11009896 
186 738 123 121 0.10605502 
744 991 29 40 0.104846254 
161 741 12 16 0.071352944 
742 993 49 71 0.06614377 
753 1028 60 88 0.056671925 
753 421 44 62 0.037839066 
682 120 16 19 0.03732416 
217 184 88 103 0.03730502 
929 540 94 126 0.03619577 
912 127 7 10 0.03560343 
-3 86 400 438 0.03312849 
-48 914 408 441 0.03252761 
-4 1072 465 501 0.032154396 
904 729 11 15 0.031860553 
997 139 16 24 0.029691068 
870 424 42 68 0.028651401 
-4 491 37 69 0.02826052 
183 129 117 134 0.026361816 
253 184 94 131 0.02568661 
903 722 25 31 0.02563682 
934 771 95 121 0.025241418 
932 116 12 16 0.023570612 
472 1160 358 443 0.020907532 
-7 1109 51 84 0.02079105 
985 839 41 49 0.020624239 
25 650 396 417 0.02040974 
