4_Dancing_Dancing_4_84
76
478 135 38 50 0.9967656 
346 158 38 49 0.9966272 
852 108 38 49 0.9961874 
133 175 46 54 0.9936452 
274 137 16 19 0.99118537 
700 161 44 50 0.99109566 
536 198 30 46 0.98793155 
52 70 21 27 0.96268326 
605 83 19 24 0.95725846 
149 77 18 22 0.94403136 
221 72 19 24 0.93725234 
733 71 21 25 0.9293252 
790 67 19 21 0.8485125 
764 131 19 22 0.7725014 
452 140 17 22 0.7181153 
675 0 15 14 0.6794401 
403 216 39 55 0.19612831 
694 3 14 15 0.17154825 
112 107 12 17 0.15822394 
547 549 18 21 0.12393865 
661 14 12 13 0.092371576 
716 3 14 14 0.08593879 
85 151 16 20 0.07942148 
792 147 24 29 0.071072444 
710 76 13 16 0.06516208 
690 19 10 13 0.06491781 
732 6 12 13 0.060529064 
691 11 15 16 0.05567532 
591 138 15 17 0.051800635 
729 130 28 34 0.045547187 
230 210 12 13 0.045034166 
647 1 18 16 0.043837372 
755 72 17 20 0.039375786 
195 137 24 33 0.038387455 
746 72 15 19 0.038277607 
253 90 15 18 0.03764936 
189 124 12 15 0.037466507 
721 1 23 24 0.036397826 
683 1 14 17 0.031835373 
184 123 10 13 0.03151447 
610 204 24 34 0.030792948 
637 43 16 18 0.030266825 
662 25 13 15 0.030214267 
759 134 16 23 0.030131228 
199 83 12 14 0.029914508 
658 4 15 15 0.029819563 
744 135 27 32 0.029454086 
525 170 17 20 0.029101724 
797 4 16 18 0.027997866 
741 33 16 20 0.027861996 
882 120 26 33 0.026992626 
750 139 14 19 0.026518365 
529 178 16 19 0.025269508 
606 165 24 34 0.024692366 
639 36 14 17 0.024676168 
78 129 26 37 0.023923067 
240 133 10 13 0.023892995 
947 346 16 19 0.023168884 
765 0 11 10 0.023062026 
610 172 15 20 0.022819906 
116 113 11 16 0.022695346 
614 141 15 16 0.022604976 
520 558 9 11 0.02259426 
952 237 12 15 0.022567578 
713 11 11 14 0.0225243 
643 31 13 16 0.022092512 
149 107 13 15 0.022008842 
620 63 11 13 0.021954687 
205 147 12 18 0.021942016 
760 244 44 61 0.021691615 
788 274 27 43 0.021311268 
547 208 31 38 0.021189779 
661 40 16 20 0.020937935 
300 0 15 12 0.020913957 
198 150 15 19 0.020371923 
728 8 25 29 0.020203494 
