4_Dancing_Dancing_4_224
25
532 51 95 136 0.9997149 
304 67 91 125 0.9996935 
284 420 14 16 0.065377906 
219 278 26 31 0.065236256 
716 206 42 52 0.0629689 
207 266 30 40 0.056508794 
239 89 42 65 0.052964818 
196 231 18 23 0.04890624 
226 273 19 22 0.045407135 
276 341 12 15 0.0428316 
187 250 42 57 0.035413172 
690 609 297 270 0.033049677 
781 165 49 53 0.029567955 
767 178 53 61 0.025199577 
223 259 27 33 0.024624983 
253 603 67 64 0.024512203 
266 52 27 42 0.023833038 
225 400 18 21 0.023623357 
773 205 42 46 0.023354713 
356 133 34 45 0.023087049 
184 253 24 34 0.023014238 
211 270 43 60 0.022961553 
204 215 28 30 0.02200732 
246 149 34 37 0.021542141 
244 120 50 67 0.020622052 
