4_Dancing_Dancing_4_422
79
393 390 77 108 0.94959176 
500 86 77 119 0.83757395 
578 83 83 119 0.78928375 
255 29 348 460 0.71465075 
533 6 339 445 0.5445369 
318 401 70 97 0.50611913 
692 397 27 38 0.48568264 
352 387 79 115 0.35907283 
604 512 102 142 0.350965 
170 432 296 304 0.26398152 
546 90 79 122 0.22806983 
420 700 14 19 0.15613732 
571 573 18 22 0.11831824 
636 619 18 21 0.11738546 
545 79 221 259 0.10011571 
424 381 81 116 0.0860584 
500 244 409 571 0.06450213 
971 614 16 21 0.06079841 
564 189 151 145 0.05741114 
598 65 132 176 0.056673877 
187 457 134 164 0.050155062 
406 71 101 139 0.048922822 
843 666 13 17 0.047167074 
844 440 18 21 0.047091205 
522 127 60 103 0.0450956 
605 564 14 17 0.04403712 
540 559 18 22 0.043347694 
599 522 67 96 0.040055607 
954 599 14 19 0.03742061 
579 677 28 29 0.036900412 
435 739 15 19 0.03668449 
434 725 17 19 0.036594365 
556 534 23 28 0.0348701 
597 678 16 19 0.034835234 
420 545 32 40 0.034729037 
563 610 14 17 0.03461574 
250 413 131 167 0.034406077 
440 699 13 17 0.033721663 
858 754 16 15 0.03365292 
708 399 24 34 0.03358375 
723 735 15 18 0.03211642 
483 617 17 23 0.03154723 
279 198 134 154 0.031347286 
253 667 14 16 0.03114278 
208 498 164 191 0.03069316 
647 531 78 93 0.029107517 
783 557 121 158 0.028908726 
523 591 18 22 0.027897362 
469 602 17 21 0.027536953 
548 182 38 59 0.027507462 
327 708 13 16 0.027146582 
668 611 16 21 0.026886929 
529 707 15 18 0.026842449 
965 613 27 35 0.026123779 
801 604 16 18 0.025789537 
741 392 13 15 0.025656655 
918 437 10 14 0.025554955 
673 401 28 35 0.025514718 
564 601 16 20 0.025071112 
486 65 181 248 0.024541106 
663 393 29 37 0.023586085 
678 641 39 49 0.02323321 
928 443 11 14 0.02302399 
330 661 18 18 0.022752153 
588 645 24 29 0.022693187 
569 683 26 30 0.022411525 
621 566 10 13 0.02237245 
781 679 15 20 0.02226883 
612 565 13 15 0.022203485 
529 78 67 101 0.022150781 
789 212 11 15 0.0219863 
514 662 17 20 0.021556199 
724 407 16 21 0.02138554 
743 659 13 16 0.020753795 
630 597 27 33 0.020593671 
546 513 16 17 0.020582728 
557 591 16 20 0.020487225 
540 736 15 20 0.020461451 
356 431 37 45 0.020102626 
