4_Dancing_Dancing_4_156
40
905 19 60 67 0.98862517 
157 9 39 50 0.9855892 
659 3 47 68 0.50820553 
459 120 54 67 0.34258583 
193 46 35 45 0.24139714 
863 45 100 141 0.22703761 
530 58 52 84 0.16785024 
103 4 27 36 0.14261974 
877 0 27 27 0.11631982 
628 1 65 86 0.11150968 
504 99 53 83 0.09890183 
556 53 56 90 0.09451271 
758 293 133 209 0.08538886 
80 10 42 56 0.07034124 
282 26 100 134 0.059096526 
224 5 41 51 0.057667125 
857 185 101 113 0.046776764 
763 7 26 26 0.045757886 
838 54 45 61 0.044634376 
1000 197 27 44 0.044428043 
879 202 61 63 0.044165455 
306 2 16 19 0.043487556 
177 28 40 51 0.03570376 
602 -9 71 78 0.03508544 
683 93 69 92 0.033371847 
301 202 28 30 0.032931317 
137 320 48 53 0.032666232 
512 108 27 48 0.032217845 
889 0 35 33 0.029531 
788 171 190 278 0.029241018 
508 30 91 125 0.028442556 
984 302 40 93 0.02841576 
-17 -117 403 447 0.027426865 
496 81 93 131 0.026863191 
53 16 58 66 0.02463114 
245 11 27 36 0.022793882 
413 107 34 45 0.021707037 
623 33 51 82 0.02159033 
641 288 188 264 0.021284845 
109 515 23 28 0.020467531 
