4_Dancing_Dancing_4_489
104
807 22 34 41 0.9993137 
174 241 52 61 0.99929905 
346 83 36 44 0.9992823 
601 213 47 59 0.9990491 
274 243 45 56 0.9989471 
296 67 39 49 0.99872667 
909 46 34 42 0.99859625 
778 240 47 56 0.9977996 
531 59 39 51 0.9976667 
759 41 31 40 0.99750215 
668 100 43 57 0.99698526 
399 124 44 57 0.99687934 
127 118 43 54 0.99674064 
915 138 38 48 0.9948302 
887 102 37 45 0.9944758 
690 29 37 44 0.9944543 
704 282 43 55 0.99297476 
484 107 39 49 0.9926664 
188 78 41 53 0.99197364 
421 59 41 51 0.9918333 
253 129 43 56 0.9913249 
616 78 39 49 0.99046665 
540 233 44 54 0.9879187 
394 239 48 56 0.98785156 
751 106 40 52 0.98753 
937 11 19 23 0.97605294 
982 18 17 20 0.969958 
23 17 16 21 0.9693459 
828 109 41 50 0.9681454 
873 25 17 21 0.9645073 
900 1 18 22 0.9521634 
164 22 14 18 0.9293729 
107 23 17 20 0.91768426 
62 35 16 19 0.83465403 
84 28 16 21 0.7638854 
851 5 13 15 0.75674146 
50 21 15 18 0.5694838 
25 50 19 25 0.5096067 
84 22 14 16 0.42520353 
93 -1 13 12 0.36084917 
3 0 12 12 0.34710655 
151 13 14 17 0.23810099 
44 0 14 13 0.19579904 
142 -1 13 13 0.1943787 
5 101 10 13 0.18053733 
68 52 11 14 0.16357219 
41 0 11 11 0.09575237 
68 0 14 13 0.09396861 
21 0 11 9 0.086815275 
189 43 13 15 0.0844627 
803 110 23 30 0.08135679 
91 37 14 18 0.07992436 
166 37 15 18 0.074076 
100 26 20 26 0.07269665 
58 20 14 18 0.07136432 
15 2 13 16 0.06851308 
110 58 13 17 0.067385145 
36 74 11 14 0.055827588 
90 -6 22 21 0.048444588 
0 11 10 14 0.040814504 
184 45 12 14 0.039476447 
48 1 16 17 0.039406728 
5 12 11 15 0.037913434 
882 145 29 42 0.034723483 
989 102 15 17 0.034576498 
0 -5 20 22 0.03451928 
1004 120 11 14 0.033792898 
6 19 12 16 0.033381283 
63 41 20 25 0.033033 
11 109 12 14 0.032934334 
7 26 12 17 0.031365357 
140 33 16 22 0.029831192 
179 42 24 28 0.02972037 
28 63 15 19 0.029192694 
163 50 14 19 0.028725872 
63 2 15 17 0.027849115 
961 167 27 35 0.027719442 
63 13 12 16 0.027585996 
224 4 12 14 0.027329613 
770 222 33 41 0.027296266 
105 33 21 29 0.0271026 
155 6 12 15 0.02706954 
490 10 38 52 0.0266495 
175 58 12 17 0.025867462 
172 48 23 31 0.025292188 
65 58 12 15 0.025108552 
73 33 20 26 0.024944905 
138 -7 22 22 0.024708427 
54 34 16 19 0.02444216 
145 283 23 35 0.024338989 
222 20 12 14 0.023975462 
46 34 14 18 0.023931112 
14 -8 24 24 0.023687145 
148 25 15 20 0.022937864 
68 -6 22 22 0.021902781 
29 0 11 10 0.021865176 
143 11 13 18 0.021794746 
650 93 45 58 0.021513958 
952 35 12 17 0.021359127 
179 54 30 35 0.021106483 
199 5 11 13 0.020932004 
136 2 13 16 0.020474445 
46 43 12 17 0.020449806 
0 225 10 16 0.020198824 
