4_Dancing_Dancing_4_375
53
226 165 60 89 0.9976102 
557 306 98 64 0.9935156 
907 294 14 19 0.14847632 
796 312 15 19 0.13077572 
999 326 11 13 0.120461166 
845 298 16 19 0.10644956 
898 289 20 25 0.08941445 
778 300 14 16 0.08236149 
972 349 10 13 0.06842106 
984 336 10 12 0.0671522 
901 286 13 18 0.05823081 
511 295 12 14 0.05644645 
967 333 10 13 0.055344373 
943 350 12 15 0.05211242 
908 287 12 16 0.051624414 
991 334 10 13 0.05114399 
459 294 10 12 0.048590727 
969 341 10 12 0.042679157 
72 331 11 15 0.042016827 
511 298 16 19 0.037490316 
472 295 10 11 0.037207555 
528 291 12 15 0.0346692 
881 671 24 26 0.033546995 
19 331 14 17 0.030860193 
887 290 39 56 0.03019879 
16 329 9 12 0.029812995 
473 285 9 12 0.027778761 
459 297 12 16 0.026502214 
884 280 25 32 0.026237724 
525 297 13 16 0.02568926 
942 342 13 16 0.025465967 
901 303 15 18 0.025445541 
993 327 11 14 0.02544044 
93 305 11 14 0.025162432 
895 295 14 19 0.024921266 
14 330 22 28 0.024493698 
446 296 10 12 0.024236113 
580 290 111 101 0.02419923 
458 307 12 16 0.02371226 
886 314 11 14 0.023590647 
457 289 9 11 0.023283582 
116 396 25 31 0.022317085 
903 313 24 32 0.022154056 
453 324 11 13 0.022128766 
846 289 12 14 0.021395719 
9 332 10 16 0.021288574 
935 325 11 15 0.021205261 
902 317 13 18 0.020981306 
471 300 10 13 0.020873278 
908 316 14 18 0.02082083 
849 293 15 18 0.020813229 
941 333 12 14 0.02060345 
914 291 12 18 0.020490622 
