4_Dancing_Dancing_4_915
20
459 132 236 280 0.999946 
588 346 439 524 0.56636786 
211 985 483 363 0.5525602 
34 72 410 508 0.30066872 
323 1026 246 264 0.15270597 
658 406 281 326 0.079221785 
438 323 358 451 0.07823191 
367 372 217 349 0.057911064 
337 1165 181 154 0.034523193 
423 827 389 530 0.03283991 
335 181 55 58 0.029895943 
248 155 146 170 0.02932986 
363 58 261 385 0.025798425 
-87 950 390 508 0.025634356 
789 39 30 39 0.024742167 
0 1223 22 38 0.022923578 
-11 267 410 525 0.02068919 
499 36 305 431 0.02067724 
539 679 365 510 0.020208526 
407 1212 79 70 0.02007846 
