4_Dancing_Dancing_4_378
28
778 87 68 94 0.9982822 
680 48 71 97 0.9972928 
162 78 86 104 0.97182864 
320 138 55 92 0.9340616 
613 401 25 33 0.5930346 
96 18 445 468 0.31006923 
249 0 18 19 0.15999067 
104 85 61 83 0.1026515 
305 150 95 135 0.09649187 
220 10 15 18 0.079417124 
376 16 15 19 0.07699397 
147 9 18 21 0.055787124 
374 48 16 20 0.047207747 
392 6 12 14 0.041613746 
289 21 24 31 0.039972853 
136 82 71 93 0.036604755 
232 137 240 312 0.033186603 
573 484 13 14 0.032881584 
143 91 131 146 0.032233506 
197 59 57 87 0.031357355 
305 99 93 108 0.026246008 
358 0 15 15 0.025318095 
404 28 12 16 0.022068027 
92 95 98 128 0.021719715 
914 16 31 37 0.02161981 
145 10 32 40 0.021321068 
417 12 14 18 0.020685002 
577 433 34 44 0.020617258 
