53_Raid_policeraid_53_543
62
582 193 94 117 0.9990263 
730 227 49 62 0.9803673 
163 162 22 29 0.9471324 
-3 177 41 89 0.9369927 
78 260 40 48 0.9118652 
531 285 19 23 0.820696 
393 255 29 39 0.76080537 
485 290 21 25 0.70333034 
50 165 20 24 0.6757117 
791 230 46 69 0.61624265 
218 233 26 39 0.23776278 
89 197 15 19 0.17787911 
542 345 13 16 0.10888517 
522 283 20 26 0.09748779 
22 168 48 72 0.09521302 
449 284 22 27 0.081299886 
461 292 13 18 0.07079048 
768 223 49 68 0.06800366 
546 288 13 17 0.062521376 
294 282 13 17 0.059266374 
535 342 13 17 0.0580899 
368 194 14 21 0.05786997 
390 193 15 20 0.052193265 
715 236 39 45 0.04785591 
540 340 23 28 0.046215165 
550 308 12 16 0.041620065 
558 283 15 17 0.0403753 
928 276 57 57 0.035383802 
40 179 49 62 0.03507508 
1007 257 15 19 0.033411 
83 200 25 29 0.033175312 
68 186 43 50 0.031724926 
939 636 61 58 0.030266734 
1002 232 21 28 0.028162058 
465 295 15 20 0.027865076 
266 185 16 19 0.0278433 
951 243 29 28 0.027500771 
384 197 23 32 0.02749137 
141 214 11 15 0.027402619 
375 255 36 38 0.027191952 
792 225 27 49 0.02690415 
498 291 14 20 0.026573561 
557 412 14 18 0.025927123 
498 626 15 17 0.025292536 
523 330 39 47 0.025178317 
320 179 11 16 0.025112625 
671 208 34 52 0.024361262 
520 357 13 15 0.024286525 
969 246 19 23 0.023910286 
153 298 29 34 0.02371952 
163 409 62 77 0.023564683 
953 658 31 32 0.023460012 
556 291 23 31 0.022855215 
325 177 12 16 0.022215124 
520 331 23 33 0.021850327 
519 279 14 18 0.021799603 
924 247 22 28 0.021260217 
276 275 11 14 0.021208338 
194 415 48 70 0.021091152 
301 266 13 15 0.020765921 
551 307 25 31 0.02054065 
139 280 47 59 0.020278158 
