53_Raid_policeraid_53_597
39
456 178 220 293 0.9999522 
49 175 43 59 0.24560213 
636 731 106 130 0.21814612 
268 817 228 277 0.18381004 
993 809 20 24 0.099465616 
431 864 18 22 0.08140338 
188 636 358 507 0.07756838 
260 470 12 16 0.07715529 
575 670 161 241 0.07651568 
714 791 17 21 0.06789057 
877 680 99 135 0.06755647 
252 497 16 20 0.04506342 
175 547 26 32 0.040919494 
529 961 106 92 0.040059015 
530 109 50 63 0.039891385 
-2 870 27 52 0.037719008 
212 497 12 16 0.036939647 
251 505 15 21 0.034872122 
511 -43 403 515 0.03455374 
659 648 407 409 0.034389567 
919 722 60 84 0.03274845 
704 350 18 22 0.03040991 
399 687 364 476 0.02856927 
794 770 118 147 0.02767645 
225 337 14 19 0.027130483 
755 732 200 227 0.026439987 
285 867 138 160 0.026369214 
245 498 15 19 0.024047531 
597 1007 54 64 0.02268361 
259 494 16 21 0.022126595 
1003 789 20 32 0.02191463 
237 511 15 19 0.021575889 
833 701 108 130 0.021541841 
946 793 16 24 0.021527132 
226 162 14 19 0.021027677 
998 751 26 37 0.020929476 
685 1065 17 17 0.020832742 
449 889 53 80 0.020807218 
25 905 25 33 0.02010795 
