53_Raid_policeraid_53_272
55
904 191 18 23 0.9295938 
582 236 21 27 0.88014627 
314 237 16 23 0.73082405 
333 225 15 21 0.48586032 
592 238 20 24 0.29702455 
667 9 49 52 0.13897333 
64 295 11 13 0.08045977 
379 300 12 15 0.078517064 
325 226 18 25 0.067935 
400 317 9 12 0.060710955 
365 331 11 14 0.051835693 
292 264 21 25 0.043497853 
155 250 44 58 0.043215 
298 242 25 31 0.042813633 
924 194 15 19 0.04253359 
119 298 11 14 0.040637136 
331 239 16 20 0.038533326 
364 297 11 14 0.03822481 
599 142 221 333 0.037134275 
580 229 17 25 0.03695255 
637 363 10 14 0.036459543 
104 89 87 110 0.034526974 
339 222 13 19 0.034229763 
298 230 24 27 0.033602882 
340 243 12 17 0.03319397 
349 225 13 19 0.032811075 
380 318 10 13 0.029973457 
363 266 14 17 0.02985955 
291 221 22 27 0.029500054 
364 316 11 12 0.02890487 
956 1 11 10 0.028468551 
662 156 136 187 0.028439848 
600 126 394 498 0.02830701 
119 264 8 10 0.02790271 
567 301 11 14 0.027845005 
120 271 9 11 0.026985973 
140 302 9 10 0.026622577 
321 234 16 21 0.025368495 
262 301 9 12 0.025152655 
276 215 46 60 0.024660446 
516 247 15 18 0.024186352 
604 225 15 22 0.023503114 
284 308 37 53 0.023153007 
84 296 9 12 0.022543015 
277 269 11 14 0.022505844 
939 181 16 19 0.021883344 
298 304 25 30 0.021640994 
972 1 10 10 0.021585705 
136 256 45 62 0.021505529 
923 228 16 20 0.021014959 
688 437 40 40 0.020993138 
376 283 9 11 0.020952128 
100 295 10 12 0.02062533 
268 237 14 17 0.020544842 
379 307 12 14 0.020262944 
