53_Raid_policeraid_53_178
47
883 274 35 44 0.9173644 
616 121 56 79 0.7966104 
1 169 27 38 0.2604019 
139 262 29 33 0.1997039 
862 279 39 45 0.14276116 
137 397 58 85 0.12751219 
131 256 25 35 0.11209243 
990 102 10 13 0.10151934 
576 124 70 80 0.09638892 
641 108 35 65 0.08913164 
391 274 38 53 0.07192857 
464 334 70 88 0.06763478 
172 333 29 46 0.05667312 
804 578 50 70 0.047935642 
694 209 113 144 0.04652363 
329 363 29 30 0.04537358 
66 290 15 20 0.03889025 
224 332 10 13 0.038466256 
935 405 30 34 0.036949784 
340 364 33 37 0.036732394 
848 449 62 69 0.034994844 
230 299 10 15 0.03469653 
543 106 57 87 0.034061953 
670 528 71 51 0.033620674 
152 268 20 24 0.0332488 
71 277 11 14 0.03247035 
605 142 42 53 0.031072127 
977 94 10 12 0.030932048 
688 159 193 230 0.03011947 
174 282 13 18 0.02853631 
881 441 37 36 0.027716935 
982 88 9 12 0.026832687 
985 101 10 12 0.026585748 
283 286 14 18 0.02588322 
124 272 31 42 0.024420716 
1001 93 8 11 0.02439232 
1000 89 8 10 0.023896124 
205 285 10 13 0.02360333 
709 -89 430 445 0.02266632 
923 288 80 117 0.021283288 
452 347 106 117 0.020913873 
139 274 32 38 0.02089441 
253 325 14 18 0.02083613 
406 273 45 55 0.020768076 
945 206 16 21 0.020464567 
126 259 15 24 0.020375898 
197 291 11 14 0.020295516 
