53_Raid_policeraid_53_171
67
924 44 64 91 0.95896494 
457 73 94 124 0.87957686 
446 84 61 96 0.5298605 
552 10 37 44 0.47905463 
624 419 105 148 0.4682272 
811 290 12 14 0.25580397 
79 148 20 27 0.24070908 
656 409 61 62 0.21430503 
532 511 51 70 0.2075218 
95 438 16 22 0.12707503 
627 527 66 69 0.09033462 
264 82 15 19 0.06978431 
427 93 53 84 0.057028804 
794 77 12 15 0.05677347 
143 527 13 19 0.055053934 
164 50 23 27 0.054165933 
341 264 111 128 0.051656958 
458 98 38 50 0.049082782 
764 236 13 15 0.04887001 
807 279 46 57 0.047957297 
622 477 70 92 0.046285506 
636 429 73 81 0.04428901 
491 65 107 150 0.04236505 
740 218 15 17 0.041730974 
81 48 20 27 0.04121544 
156 332 24 32 0.040621154 
67 481 15 22 0.04004375 
99 439 22 27 0.03984994 
217 72 16 20 0.03837165 
733 327 14 17 0.036586888 
748 211 13 16 0.03505103 
235 75 17 20 0.034832504 
84 98 24 30 0.033915427 
925 78 37 56 0.03334291 
942 473 32 38 0.033136144 
150 437 16 24 0.03244925 
78 243 14 18 0.032421295 
807 287 22 29 0.031885292 
130 109 27 31 0.031760197 
197 105 18 22 0.031248571 
529 287 371 492 0.028782094 
680 405 39 46 0.028593479 
786 264 87 99 0.028068166 
464 0 26 31 0.026671253 
939 52 40 53 0.026390268 
178 51 17 21 0.026285708 
114 448 14 19 0.025309963 
153 392 16 22 0.025268331 
576 395 190 210 0.025219312 
553 60 52 80 0.024671303 
631 414 62 62 0.024286412 
736 620 27 32 0.02422627 
189 339 363 443 0.023492057 
128 56 25 31 0.023478352 
173 56 24 28 0.023420375 
395 142 14 20 0.023041999 
749 309 14 18 0.022972742 
267 44 15 20 0.02256882 
740 307 17 19 0.022097962 
151 343 20 31 0.021464793 
796 283 25 33 0.021294525 
223 107 14 17 0.020940453 
523 0 60 60 0.020594666 
221 66 23 28 0.020392697 
154 431 23 32 0.020218914 
524 477 54 79 0.02018061 
68 441 14 21 0.020023227 
