53_Raid_policeraid_53_43
35
766 89 49 56 0.9980533 
654 39 31 37 0.997954 
470 123 38 41 0.9979062 
617 127 42 58 0.9869741 
90 92 35 37 0.98584366 
264 129 36 40 0.7793586 
356 127 21 32 0.21368402 
14 211 11 16 0.1410009 
209 274 43 43 0.13200124 
147 200 55 74 0.10383254 
338 126 16 24 0.06851992 
495 281 41 55 0.061245788 
259 104 47 57 0.04735021 
344 122 24 33 0.044617422 
322 201 24 34 0.04066903 
648 138 48 54 0.036654122 
673 140 39 49 0.030055996 
363 140 16 22 0.02909489 
296 374 26 31 0.0289324 
359 202 41 52 0.025737043 
166 219 49 68 0.025549265 
328 129 23 29 0.025376111 
231 181 52 72 0.024686763 
0 286 11 18 0.023934294 
273 146 34 43 0.023478312 
511 278 29 38 0.02344913 
175 160 30 34 0.023129776 
370 136 15 21 0.022313684 
393 437 43 34 0.022217572 
861 765 11 13 0.022142023 
497 309 34 42 0.021484224 
5 0 33 31 0.021232357 
525 771 11 12 0.020896321 
808 91 30 43 0.020797024 
246 157 52 75 0.020780524 
