53_Raid_policeraid_53_368
132
822 70 102 133 0.99983966 
758 148 32 37 0.9965138 
549 134 32 43 0.9912493 
59 100 12 15 0.707994 
30 111 16 20 0.6528796 
214 99 13 16 0.47629884 
208 100 13 16 0.2070575 
285 392 14 17 0.18392356 
719 146 14 18 0.17671457 
326 386 14 18 0.14644636 
56 96 12 14 0.12708 
395 414 19 22 0.11762837 
361 121 11 15 0.11661258 
492 393 13 16 0.11611642 
302 116 11 13 0.11575987 
66 100 11 15 0.08622495 
557 400 13 16 0.084792025 
678 137 11 15 0.07925694 
515 433 17 20 0.07813361 
452 416 14 17 0.07405968 
395 448 22 27 0.070085295 
314 393 15 19 0.069911726 
510 423 15 20 0.065665126 
446 147 11 15 0.059060857 
464 446 13 16 0.05827656 
468 448 14 18 0.057165127 
451 444 12 17 0.054986615 
386 458 15 19 0.054536056 
329 393 14 18 0.050265525 
282 400 17 21 0.049826335 
48 134 11 15 0.049359623 
602 292 15 18 0.048006244 
261 449 17 19 0.047457825 
424 183 11 13 0.047414523 
512 257 86 100 0.04610939 
318 388 13 17 0.04485631 
24 122 11 14 0.044614747 
334 301 11 15 0.04370206 
278 390 14 17 0.04369406 
459 457 15 18 0.04224214 
498 395 11 15 0.04210319 
439 145 13 16 0.04081246 
471 420 11 13 0.040582918 
275 420 17 20 0.04051854 
552 395 12 18 0.040348854 
316 411 16 18 0.040056285 
476 451 12 16 0.039959516 
562 129 32 40 0.03911557 
411 444 14 18 0.03795464 
344 358 10 13 0.036201816 
516 448 16 19 0.035848413 
358 116 20 25 0.03494574 
447 178 11 14 0.034459036 
434 372 9 10 0.034431625 
596 315 16 20 0.034060154 
423 206 10 13 0.0338296 
299 118 16 20 0.033352103 
316 196 24 29 0.03333593 
564 398 13 16 0.03311284 
219 95 13 17 0.033046003 
253 450 15 18 0.03301897 
495 442 12 16 0.032258876 
459 418 12 15 0.03173721 
318 434 15 18 0.03146897 
614 553 40 40 0.031466193 
0 137 20 26 0.031274464 
709 142 13 17 0.030270973 
597 291 25 32 0.030098766 
476 475 15 19 0.029350925 
487 389 14 18 0.029295076 
424 508 10 12 0.029192837 
328 378 20 23 0.028853178 
710 140 22 28 0.02846971 
407 238 10 13 0.027907586 
382 463 14 20 0.027883712 
355 142 17 22 0.02779331 
388 154 12 14 0.027791578 
508 436 22 28 0.027687086 
453 154 15 20 0.027643515 
453 465 13 17 0.026806377 
520 428 17 20 0.026383791 
278 409 15 19 0.026217522 
470 508 14 16 0.026171628 
413 158 11 14 0.026053274 
52 138 14 16 0.025511498 
638 227 12 14 0.02544054 
502 484 13 17 0.025427083 
630 233 30 40 0.025332183 
349 174 13 16 0.025122806 
588 467 23 25 0.025071308 
396 404 16 19 0.025046088 
4 133 14 17 0.024793848 
427 188 11 12 0.024683796 
398 246 8 10 0.02446498 
407 197 12 15 0.02425478 
452 451 14 16 0.024122402 
549 388 12 18 0.024011962 
478 421 9 14 0.023851098 
557 389 13 19 0.023623327 
441 414 10 13 0.023505758 
438 475 14 14 0.02349357 
460 152 14 21 0.023377273 
458 485 13 16 0.023312792 
391 198 11 15 0.02330786 
255 442 14 18 0.023234667 
606 219 49 60 0.023005659 
437 368 9 11 0.022887643 
69 121 13 15 0.022826023 
336 295 10 13 0.022235502 
85 133 11 15 0.022195393 
566 262 12 14 0.0221723 
521 442 16 18 0.022096418 
437 510 10 11 0.02206632 
495 438 23 28 0.021891113 
383 150 13 17 0.021823741 
318 397 22 26 0.02168623 
536 425 12 17 0.021629235 
307 670 17 18 0.021456704 
317 417 25 30 0.021393925 
501 435 13 18 0.021303691 
446 153 15 19 0.021287883 
523 451 27 31 0.021273933 
559 393 21 27 0.020965572 
309 400 14 18 0.020955605 
383 212 10 12 0.020905452 
13 125 11 15 0.020826388 
446 415 12 15 0.020721544 
447 438 13 16 0.020699017 
337 287 9 11 0.020654714 
517 288 29 47 0.020579893 
333 228 14 18 0.02041946 
537 235 107 112 0.02015668 
