53_Raid_policeraid_53_928
26
767 132 46 56 0.9934621 
244 194 92 70 0.98767346 
705 134 32 56 0.955888 
662 134 47 58 0.13447396 
285 188 66 64 0.107319444 
815 507 59 79 0.0767411 
23 299 9 12 0.06725941 
681 138 49 59 0.057518706 
870 242 24 28 0.04731924 
811 214 41 52 0.04725741 
318 435 137 181 0.04049927 
930 140 12 16 0.038549464 
663 727 10 13 0.034214653 
860 252 24 28 0.032532185 
980 15 10 13 0.030108495 
26 508 10 13 0.02981596 
881 247 16 20 0.027724974 
660 745 12 14 0.026440483 
252 209 52 45 0.02635217 
962 507 16 20 0.023927622 
8 527 8 10 0.023315145 
623 23 9 11 0.021781359 
718 39 9 10 0.02158057 
109 646 14 17 0.021294188 
729 31 7 9 0.020221937 
987 104 12 18 0.02011759 
