53_Raid_policeraid_53_6
32
944 229 22 36 0.9586337 
780 281 25 37 0.9083684 
383 244 22 27 0.8327795 
972 232 23 33 0.73320603 
568 226 24 27 0.38180798 
551 269 22 28 0.32764596 
841 361 16 26 0.2729006 
547 284 18 21 0.23225881 
587 233 14 22 0.13974988 
580 230 16 22 0.1279941 
632 253 12 17 0.099005595 
958 234 30 35 0.06466731 
700 278 15 20 0.061693385 
768 277 27 35 0.05820768 
732 282 16 21 0.053244703 
555 261 16 24 0.049650636 
560 266 17 23 0.04437887 
777 274 21 26 0.039275553 
567 266 22 29 0.037089568 
844 366 25 29 0.036764104 
837 98 25 25 0.035322502 
561 276 16 22 0.034031183 
793 436 10 12 0.028532453 
577 271 18 21 0.028221942 
724 287 17 20 0.02738676 
874 100 16 19 0.026634105 
796 387 10 13 0.02567629 
1006 238 17 34 0.024135089 
353 521 14 18 0.02404301 
934 218 39 52 0.02280271 
351 519 24 30 0.021937298 
945 236 33 43 0.021708183 
