53_Raid_policeraid_53_599
123
354 306 29 34 0.99748576 
137 139 65 112 0.99054235 
243 328 25 28 0.97607315 
835 268 15 21 0.9737544 
821 309 18 24 0.96950924 
582 267 16 21 0.91097426 
640 329 17 23 0.9044926 
622 264 16 22 0.9029846 
506 295 23 27 0.87273693 
853 297 15 20 0.78587335 
458 293 24 29 0.66583776 
720 240 12 17 0.62638116 
666 257 14 16 0.61785483 
877 283 10 12 0.43142673 
524 276 14 18 0.38284236 
483 284 17 21 0.30086654 
472 289 20 25 0.29971322 
454 302 26 34 0.22295323 
884 331 15 21 0.19629624 
684 323 11 16 0.19036007 
572 236 16 24 0.14857276 
778 364 27 33 0.14496158 
891 297 13 17 0.12748685 
872 307 16 19 0.11869056 
750 273 14 18 0.11834921 
543 201 12 15 0.116695054 
598 276 12 17 0.11540804 
876 337 17 20 0.09891143 
96 527 17 21 0.092483886 
704 315 13 17 0.09217517 
813 375 15 21 0.0842904 
515 331 16 22 0.08281283 
518 269 14 19 0.081393644 
753 375 27 39 0.07983748 
561 221 25 38 0.06911162 
675 260 13 17 0.06760387 
512 253 12 16 0.06322383 
706 321 14 16 0.05991966 
869 319 16 17 0.058102794 
78 177 86 99 0.05697079 
678 303 11 13 0.056953114 
655 271 13 17 0.055720914 
120 474 100 138 0.05355387 
540 222 24 34 0.05300112 
876 301 14 16 0.05160979 
996 123 14 20 0.051429287 
529 277 16 22 0.050968144 
442 307 26 33 0.049525637 
862 270 10 13 0.04912385 
661 267 13 17 0.04824959 
743 369 25 36 0.04765549 
539 209 16 19 0.045980398 
871 278 13 16 0.045283116 
988 307 27 34 0.04456112 
871 321 22 26 0.044342205 
690 321 13 17 0.043500096 
762 365 38 46 0.04316355 
678 285 11 14 0.042820107 
500 291 17 24 0.04176678 
668 285 11 15 0.04161753 
521 235 11 16 0.041181725 
668 263 15 19 0.040596124 
734 362 21 32 0.040095262 
918 134 11 14 0.03614147 
497 283 14 20 0.035977315 
531 220 23 32 0.03574939 
877 302 20 26 0.03525027 
863 275 13 16 0.034477174 
231 523 25 35 0.03436168 
516 284 21 29 0.03346651 
231 590 49 74 0.03317347 
844 329 13 16 0.03301813 
792 369 16 22 0.032986037 
890 327 20 28 0.032241125 
755 331 16 18 0.03211626 
540 206 23 31 0.031772636 
533 219 14 21 0.031121377 
525 233 12 18 0.030818775 
884 313 14 16 0.030571505 
774 329 13 17 0.030179681 
623 300 12 14 0.029731615 
882 283 12 16 0.029611401 
517 277 17 23 0.029151328 
597 305 16 19 0.02902309 
678 316 15 18 0.028797321 
732 357 16 22 0.02843459 
32 307 37 42 0.027791617 
467 285 15 22 0.027349409 
481 336 18 19 0.027100783 
260 389 26 32 0.02702177 
630 405 19 19 0.02636168 
252 372 25 28 0.026227934 
596 309 22 26 0.026099091 
540 199 20 24 0.025997074 
535 211 12 16 0.025718356 
847 301 16 21 0.025597498 
475 294 26 32 0.025541598 
800 367 20 29 0.025513662 
859 282 19 25 0.025419367 
517 244 11 15 0.025212828 
705 310 23 27 0.024821244 
540 237 17 22 0.02471298 
512 255 20 26 0.024689605 
750 334 22 25 0.02464898 
329 370 30 38 0.024567362 
679 327 13 17 0.024481248 
620 253 15 18 0.024328439 
117 519 18 19 0.024046747 
397 380 27 30 0.023642283 
724 234 11 14 0.0232183 
682 261 13 18 0.022848705 
728 316 13 15 0.02260777 
455 290 18 22 0.0225414 
779 346 27 33 0.022288071 
501 349 15 18 0.02213229 
522 325 15 19 0.021943474 
742 275 15 17 0.021770801 
853 332 11 14 0.021645868 
453 366 43 51 0.021173246 
669 333 12 14 0.021014586 
694 309 11 16 0.020772792 
862 315 40 50 0.020466328 
660 279 21 26 0.020195788 
