53_Raid_policeraid_53_854
38
844 390 28 33 0.9699355 
707 280 17 22 0.21171424 
413 672 12 14 0.16143978 
825 524 76 57 0.12608065 
730 226 30 38 0.092572816 
598 264 27 50 0.0691787 
796 549 12 17 0.06822964 
626 279 32 32 0.06486749 
699 525 18 20 0.06293496 
821 100 10 13 0.060578298 
812 404 13 17 0.043138485 
816 529 119 87 0.03958301 
724 219 47 64 0.03864035 
822 532 38 35 0.03830593 
596 583 28 39 0.036924884 
689 528 29 30 0.03564954 
713 539 15 18 0.030548194 
615 271 31 38 0.030464863 
874 588 39 37 0.029998062 
814 537 239 284 0.028765755 
647 268 27 33 0.027636645 
677 527 50 57 0.027457064 
848 502 65 68 0.027140379 
702 532 25 28 0.027076235 
816 95 11 14 0.026749361 
445 258 13 18 0.026711736 
695 265 39 51 0.025833732 
866 393 16 21 0.025526267 
681 538 30 37 0.024458325 
806 188 13 17 0.022806536 
828 392 31 32 0.022411425 
590 560 32 43 0.02220685 
812 398 23 28 0.022190565 
824 270 28 37 0.021970319 
578 316 14 15 0.021568017 
695 282 13 17 0.021443022 
547 355 17 23 0.02093227 
873 423 24 27 0.02081657 
