53_Raid_policeraid_53_770
61
196 56 56 77 0.99725574 
394 92 55 75 0.9959902 
17 267 11 15 0.2431597 
828 211 44 51 0.1627912 
914 206 9 11 0.15081133 
702 202 8 10 0.10332945 
776 174 7 10 0.08632286 
712 190 8 9 0.06961534 
896 212 38 51 0.06185349 
741 207 8 9 0.055042293 
782 175 8 10 0.050206643 
761 216 7 8 0.046412554 
352 159 11 15 0.04364168 
912 201 10 12 0.04285336 
849 150 10 13 0.04191431 
125 168 93 107 0.041434616 
808 167 8 10 0.04124019 
812 378 56 65 0.04071109 
826 148 9 13 0.0398141 
667 320 36 46 0.035317637 
734 179 9 11 0.035243638 
673 185 8 10 0.033871863 
768 133 8 11 0.03331656 
812 167 9 11 0.032579884 
849 218 48 56 0.031771887 
29 260 11 15 0.031513512 
743 241 8 10 0.03142796 
711 185 8 9 0.031298216 
773 207 8 9 0.031230526 
554 182 9 12 0.030720972 
179 304 17 20 0.028931966 
15 181 13 16 0.028783653 
902 198 9 11 0.028751107 
40 259 16 20 0.028423488 
769 168 7 10 0.027639208 
768 174 8 10 0.02750081 
778 224 7 10 0.027061768 
768 216 6 8 0.026823996 
751 206 8 9 0.026718196 
847 208 33 39 0.026037216 
660 176 9 10 0.025652207 
736 224 9 10 0.025318753 
779 113 12 16 0.025242778 
849 118 28 36 0.025122838 
777 229 7 10 0.02467399 
751 200 9 9 0.024379386 
761 174 8 11 0.024273442 
908 235 14 18 0.024077166 
698 200 9 11 0.023563087 
13 261 20 24 0.022551533 
881 251 14 19 0.022094067 
777 143 7 9 0.021605648 
750 245 8 10 0.021418035 
666 159 9 11 0.021352978 
774 169 8 11 0.020864245 
554 175 7 9 0.020803722 
729 192 9 10 0.020605937 
36 327 27 32 0.020346701 
742 397 10 11 0.020130845 
769 199 9 11 0.02006276 
815 286 11 12 0.020049553 
