53_Raid_policeraid_53_805
28
407 184 38 42 0.99953496 
189 215 28 38 0.9971054 
590 167 25 30 0.40454423 
486 162 39 53 0.36907724 
774 175 11 15 0.21281266 
583 164 19 30 0.12581003 
296 217 37 40 0.124085695 
602 163 27 34 0.1039604 
580 162 15 23 0.07409412 
687 194 24 27 0.052308653 
204 207 24 40 0.04189931 
703 471 31 38 0.041707832 
498 186 19 24 0.03899424 
771 172 21 27 0.036066085 
219 210 14 23 0.03605929 
704 441 29 39 0.034851298 
365 181 24 33 0.034461036 
612 153 23 36 0.03319608 
315 220 28 33 0.032186363 
561 381 26 37 0.03207864 
181 191 45 61 0.029825479 
570 229 47 72 0.029196152 
334 222 15 23 0.028359266 
490 169 17 23 0.027802633 
573 63 12 16 0.026377153 
481 180 32 46 0.025165005 
564 387 15 23 0.023250893 
437 171 28 38 0.020343555 
