53_Raid_policeraid_53_256
49
572 120 72 75 0.99064773 
644 87 65 76 0.97447443 
970 93 46 67 0.9388955 
835 126 43 74 0.9072113 
91 36 38 66 0.62182033 
795 241 29 47 0.15938643 
380 103 48 60 0.15088259 
830 190 26 40 0.14567354 
751 55 22 31 0.14345342 
757 201 34 38 0.11223398 
623 99 59 66 0.10482925 
406 77 33 37 0.09283911 
929 128 50 68 0.09232908 
951 112 45 66 0.074729346 
377 100 24 40 0.053049494 
811 131 50 73 0.04744311 
647 545 28 28 0.045950126 
663 3 28 28 0.042181507 
391 82 50 59 0.04174551 
751 190 29 38 0.040183563 
991 101 36 61 0.03976145 
748 138 43 57 0.037753377 
152 271 10 13 0.032181058 
708 134 46 62 0.030280458 
746 50 37 52 0.030131955 
535 104 49 67 0.029990545 
510 33 58 75 0.029125698 
764 146 53 60 0.029031703 
418 65 49 56 0.028910264 
396 96 62 67 0.028156139 
345 358 32 36 0.028117731 
811 197 43 53 0.02761501 
432 98 54 61 0.026599985 
823 246 47 61 0.026493445 
29 35 42 64 0.026473932 
366 280 25 31 0.025874937 
777 226 41 56 0.025550537 
810 169 43 60 0.024320627 
332 352 16 19 0.023340818 
455 102 51 69 0.022686893 
829 91 15 21 0.022529023 
822 90 15 20 0.022228573 
402 58 80 93 0.021402048 
841 203 16 25 0.021397088 
819 85 26 32 0.020979319 
788 261 29 48 0.020836132 
885 122 81 94 0.020631075 
447 78 49 63 0.02016441 
280 381 44 63 0.020122845 
