53_Raid_policeraid_53_107
22
230 98 33 44 0.99605834 
853 306 39 34 0.5278447 
868 299 29 33 0.19798595 
425 242 89 105 0.16500756 
139 116 12 15 0.1480751 
512 292 12 15 0.08710332 
240 85 26 38 0.08077354 
360 320 38 49 0.051467866 
927 594 44 47 0.04560018 
834 421 53 42 0.044196956 
535 272 46 60 0.043041587 
149 116 10 12 0.037884988 
761 424 16 17 0.031183163 
209 110 32 34 0.03049244 
508 281 21 29 0.028737396 
250 85 16 23 0.02856669 
573 301 10 14 0.028488902 
295 422 12 15 0.027262568 
617 436 12 16 0.026896972 
153 114 8 10 0.025283014 
993 319 11 13 0.023419878 
881 292 25 34 0.023066621 
