53_Raid_policeraid_53_686
18
373 309 63 81 0.99948597 
632 305 56 84 0.99807537 
160 224 81 113 0.9903413 
786 156 50 99 0.58012617 
797 157 79 109 0.0924132 
677 308 45 67 0.059746962 
829 136 69 101 0.036668763 
151 110 58 71 0.03594386 
41 634 41 62 0.030877667 
470 64 12 15 0.030596629 
552 66 15 17 0.02948578 
793 106 66 89 0.025831368 
532 303 16 22 0.024478879 
539 300 15 21 0.024354907 
521 294 22 31 0.023916844 
160 93 38 43 0.023414718 
1000 466 12 18 0.022365661 
502 140 28 32 0.021867493 
