29_Students_Schoolkids_Students_Schoolkids_29_524
75
187 153 46 59 0.99445987 
429 65 40 47 0.99350005 
206 30 41 53 0.9925458 
567 315 38 35 0.9774316 
616 357 40 45 0.869426 
414 315 45 39 0.6560451 
123 235 49 38 0.5816144 
598 603 13 18 0.21930353 
167 457 51 61 0.21664026 
674 540 51 62 0.19914813 
794 167 13 17 0.18121946 
633 230 23 28 0.16580299 
352 371 55 65 0.1606121 
542 528 11 13 0.147373 
563 296 34 43 0.1336128 
520 594 20 28 0.11812764 
129 382 55 46 0.09467928 
122 222 30 39 0.09453104 
323 510 38 53 0.094465375 
801 194 17 19 0.08661408 
892 603 80 68 0.082826495 
662 244 13 17 0.0739692 
560 325 31 35 0.07274094 
103 171 24 26 0.06743286 
276 155 11 18 0.06589455 
651 366 32 46 0.06478779 
504 493 13 16 0.064575784 
908 109 57 66 0.058958378 
649 259 15 18 0.051796775 
697 552 54 56 0.05013419 
196 452 53 63 0.045634948 
931 220 18 18 0.044169378 
860 581 120 114 0.040607736 
123 226 17 24 0.04058742 
516 536 14 19 0.03995291 
730 209 18 21 0.039297253 
719 573 112 118 0.038737625 
502 499 13 15 0.037024923 
727 535 56 68 0.03672911 
227 414 48 58 0.03536883 
109 386 53 48 0.03284211 
216 435 49 66 0.032204777 
524 581 13 17 0.03198749 
924 590 63 61 0.03144069 
501 507 11 13 0.031003924 
897 92 90 107 0.03046196 
626 522 17 18 0.030222382 
102 277 369 408 0.03013582 
142 457 93 89 0.030102454 
593 309 27 39 0.029693322 
754 535 259 197 0.029469058 
567 522 11 14 0.02644712 
563 305 20 25 0.026413707 
653 253 14 18 0.02611672 
723 237 26 28 0.024682038 
803 124 11 15 0.024670884 
303 153 26 37 0.02459893 
257 407 47 58 0.02434467 
538 530 11 14 0.02407475 
119 212 27 34 0.0236382 
874 96 9 12 0.023242574 
174 31 10 12 0.02318389 
329 368 53 70 0.023042887 
887 116 53 67 0.022364734 
725 202 17 20 0.021999307 
704 116 10 11 0.021604493 
602 599 14 18 0.021070099 
751 532 36 43 0.020827789 
987 92 11 14 0.020758826 
548 532 10 12 0.020708425 
554 335 28 32 0.020658761 
517 542 15 21 0.020613888 
641 257 44 49 0.020512179 
427 470 13 16 0.020479279 
611 230 27 34 0.020220269 
