29_Students_Schoolkids_Students_Schoolkids_29_684
38
456 39 51 66 0.9989317 
205 58 59 72 0.9979796 
789 480 8 10 0.63973695 
357 136 36 37 0.36478654 
959 464 14 19 0.20446213 
824 464 10 13 0.13556455 
991 472 9 10 0.13113743 
847 463 10 13 0.07459694 
829 467 9 12 0.050145466 
426 541 9 11 0.04770922 
551 524 13 17 0.044032365 
840 459 10 13 0.043279354 
361 151 22 23 0.040631235 
138 632 52 57 0.04034209 
786 482 10 14 0.03881822 
321 518 8 10 0.037516117 
955 470 16 21 0.035311777 
440 520 7 10 0.035276137 
661 487 9 11 0.034241796 
997 483 15 20 0.032972082 
294 509 8 10 0.031610057 
554 501 8 10 0.03144755 
851 467 9 12 0.031212188 
685 487 10 12 0.03076458 
986 470 10 14 0.029510694 
527 494 10 11 0.029408686 
345 165 48 48 0.026396822 
639 502 11 12 0.026201094 
996 477 13 17 0.026138037 
951 465 14 21 0.025446838 
556 528 15 18 0.024056474 
799 468 9 12 0.023634965 
474 557 10 13 0.023175636 
401 535 7 10 0.022953285 
837 468 12 13 0.022075051 
984 469 21 25 0.022046417 
441 525 7 10 0.021779051 
657 492 10 12 0.021656197 
