29_Students_Schoolkids_Students_Schoolkids_29_161
35
575 154 120 176 0.9990721 
845 79 88 107 0.9986895 
518 149 74 100 0.99408334 
550 162 85 114 0.87924963 
364 183 27 32 0.532382 
180 197 39 53 0.14669742 
993 429 32 56 0.10339829 
876 7 70 64 0.09698766 
458 242 22 28 0.063463055 
562 122 427 472 0.062273897 
972 72 12 15 0.059970688 
477 188 39 55 0.059033066 
346 179 24 33 0.05170712 
266 313 408 443 0.042222194 
797 125 47 68 0.038555752 
261 279 27 35 0.037303247 
477 234 14 18 0.03444368 
998 69 13 16 0.027190406 
470 184 15 21 0.027071374 
217 311 29 31 0.026971364 
932 290 96 135 0.025541468 
417 240 24 28 0.025108118 
468 183 25 35 0.024949 
856 12 100 114 0.024919042 
970 72 22 29 0.024598492 
232 271 30 35 0.02436815 
823 497 116 186 0.024238627 
481 261 24 33 0.024071356 
299 253 41 53 0.023478275 
201 305 28 33 0.0232522 
404 230 13 18 0.022909174 
336 176 24 35 0.022834571 
466 232 24 32 0.02254104 
380 220 15 22 0.0216336 
451 281 14 17 0.020904245 
