29_Students_Schoolkids_Students_Schoolkids_29_489
39
444 233 115 138 0.99993956 
819 56 58 73 0.99915826 
516 6 47 62 0.997233 
623 136 82 107 0.9962263 
585 0 29 41 0.9639224 
105 21 51 60 0.95774347 
285 14 36 51 0.9343152 
17 182 54 90 0.9179285 
402 61 35 51 0.88087815 
314 9 28 43 0.81674373 
4 169 41 81 0.7008584 
959 41 32 47 0.4190556 
881 0 42 29 0.24603564 
-3 171 28 67 0.09018966 
738 123 42 63 0.06814576 
764 91 12 15 0.06139591 
153 24 190 235 0.05231902 
385 53 40 58 0.046589535 
953 59 47 62 0.044573225 
1 66 26 43 0.042019498 
745 117 10 14 0.04122528 
59 186 61 88 0.04057604 
206 148 62 78 0.037055843 
374 61 27 39 0.03582268 
30 59 24 35 0.029264715 
186 114 101 128 0.028964331 
914 25 43 51 0.028801775 
758 98 15 20 0.027797246 
75 106 46 59 0.024665842 
273 10 33 46 0.023982072 
922 87 48 68 0.02353769 
425 52 40 59 0.022862315 
59 186 104 131 0.022764228 
110 128 64 87 0.022153331 
965 100 54 78 0.022117076 
936 50 80 104 0.021389572 
257 10 26 36 0.020841757 
158 259 55 80 0.020443091 
6 159 28 50 0.020060293 
