29_Students_Schoolkids_Students_Schoolkids_29_494
128
786 127 30 38 0.9971226 
294 320 58 69 0.99419266 
354 246 48 53 0.9930796 
717 129 29 46 0.98745245 
282 27 44 52 0.97626114 
464 157 29 33 0.9759142 
542 148 25 31 0.958163 
438 161 23 27 0.9158501 
352 159 22 33 0.8709091 
383 167 33 36 0.86710626 
863 139 28 33 0.7221819 
908 141 26 27 0.68877673 
826 135 19 23 0.686569 
653 137 26 37 0.4928081 
610 194 28 45 0.48098975 
670 152 34 34 0.36709034 
286 571 53 47 0.3103197 
530 204 18 23 0.27584854 
551 246 26 30 0.18251772 
549 158 22 32 0.16659288 
893 137 14 24 0.16503502 
674 240 34 40 0.16239485 
804 131 29 32 0.16133992 
529 141 23 30 0.14949809 
41 146 84 102 0.13815339 
369 171 52 56 0.13486946 
510 161 14 18 0.13313963 
406 158 27 36 0.1284352 
881 133 21 30 0.12671481 
896 134 21 29 0.12366225 
471 244 32 37 0.121443905 
761 121 26 38 0.12007675 
682 128 42 47 0.101813786 
183 627 57 77 0.09445726 
480 272 29 35 0.0920892 
688 344 61 73 0.08866771 
616 137 21 31 0.08053126 
200 341 52 66 0.07734938 
387 292 37 53 0.07511086 
583 200 38 48 0.07356705 
565 170 24 29 0.07352596 
622 148 23 29 0.07036181 
1 366 36 67 0.06880079 
523 144 16 23 0.06831901 
642 133 23 32 0.056793284 
261 296 42 55 0.055545766 
526 305 13 15 0.05470363 
557 166 22 31 0.05025256 
507 639 38 34 0.048697185 
386 198 43 52 0.04548367 
667 129 38 42 0.0454103 
428 162 18 24 0.045227945 
914 130 23 30 0.04471363 
53 126 65 78 0.043976247 
661 167 41 50 0.043075584 
92 422 46 53 0.042736445 
249 218 31 38 0.040825676 
586 249 28 36 0.03990025 
705 113 56 59 0.039425313 
617 204 35 40 0.038663685 
828 499 15 20 0.038298722 
183 329 45 62 0.037936345 
567 240 38 41 0.03792993 
440 151 34 43 0.037411492 
467 252 20 27 0.03734298 
421 165 17 25 0.036483772 
357 150 44 54 0.03603604 
883 218 13 14 0.035479523 
431 195 13 17 0.03544019 
513 151 20 27 0.034521013 
769 126 36 46 0.034360934 
598 136 24 29 0.03194897 
547 241 19 27 0.0313664 
508 174 17 21 0.031314608 
164 303 47 61 0.031133864 
491 163 14 20 0.030901618 
362 391 33 41 0.030561853 
884 204 49 57 0.02996959 
594 184 15 21 0.029710224 
575 215 40 47 0.029069163 
555 151 27 33 0.028881216 
278 564 42 39 0.028087568 
606 202 15 25 0.027979186 
860 143 21 22 0.027952753 
912 152 26 29 0.027497582 
816 138 28 31 0.027425338 
667 222 32 47 0.026509339 
629 133 24 30 0.026381427 
567 155 26 34 0.026353225 
462 165 18 23 0.02633297 
228 673 11 14 0.026232708 
588 209 16 20 0.025391517 
677 183 31 35 0.025188329 
579 165 28 32 0.025180152 
318 231 392 479 0.02498165 
221 349 55 67 0.024778593 
486 245 30 35 0.024778472 
526 159 13 18 0.02475733 
173 310 28 38 0.024674974 
156 587 97 136 0.024564289 
905 119 29 33 0.02353252 
409 153 18 25 0.023480237 
642 129 16 22 0.023163643 
64 89 95 155 0.023162773 
518 201 13 17 0.022492211 
352 202 57 67 0.022415826 
572 175 28 30 0.022413328 
603 263 16 21 0.022248147 
541 225 31 38 0.022181395 
874 129 17 24 0.022043487 
506 282 27 32 0.02203178 
615 133 14 20 0.021830482 
462 237 28 36 0.021724068 
532 154 15 21 0.021545002 
677 190 18 22 0.021469435 
522 153 21 30 0.021424342 
542 141 16 23 0.021415655 
681 115 37 40 0.021393966 
386 247 26 36 0.021363672 
511 294 27 28 0.021087587 
498 152 21 30 0.02093876 
737 143 31 36 0.020764936 
570 182 17 21 0.020606872 
800 78 8 11 0.020534001 
651 144 40 46 0.020410232 
80 134 57 88 0.020326903 
474 144 27 36 0.020298265 
888 124 24 34 0.02017219 
