29_Students_Schoolkids_Students_Schoolkids_29_432
140
587 2 72 61 0.983705 
713 28 127 158 0.3587508 
151 472 12 17 0.2797294 
265 611 62 75 0.26179594 
894 167 62 86 0.19894856 
204 483 15 19 0.17654565 
867 -4 118 137 0.16352972 
147 488 12 17 0.15412876 
181 403 11 15 0.15179786 
61 518 13 15 0.13158722 
199 363 11 15 0.122677654 
102 502 14 17 0.11693779 
272 431 24 28 0.1163025 
125 572 24 33 0.115596175 
170 489 15 17 0.10962267 
132 470 11 14 0.104150176 
787 18 28 37 0.09633323 
199 470 11 14 0.0952263 
245 384 22 28 0.08972298 
10 501 16 21 0.08286264 
133 413 12 16 0.08230054 
319 367 26 30 0.06957521 
206 398 12 17 0.06894996 
211 398 13 15 0.06832146 
805 40 156 190 0.062328707 
302 416 15 22 0.062170617 
219 429 14 15 0.062029827 
51 426 15 20 0.06098362 
501 11 56 74 0.05867788 
60 546 19 23 0.05375695 
24 380 13 16 0.053235445 
372 302 12 15 0.053203505 
27 443 15 19 0.05262831 
113 436 11 14 0.05225543 
152 483 15 18 0.05177902 
231 382 10 13 0.05088181 
447 121 59 63 0.050022803 
248 602 105 114 0.049957164 
144 470 11 15 0.04963684 
381 286 9 11 0.049567968 
416 311 11 13 0.04935866 
76 489 15 20 0.04870091 
151 343 12 15 0.048597746 
180 427 10 13 0.047812387 
262 425 39 47 0.047116674 
95 478 11 14 0.04624624 
178 484 13 17 0.045738388 
366 302 12 14 0.045650117 
100 477 10 13 0.044589277 
1 379 11 17 0.044159163 
115 428 12 15 0.043862198 
126 472 14 17 0.0423201 
175 422 12 16 0.041442744 
18 505 16 22 0.041294787 
276 366 25 28 0.040540256 
126 495 10 12 0.04013043 
55 517 13 17 0.039744623 
220 388 11 13 0.039473243 
137 418 14 17 0.037911694 
134 481 12 16 0.03770826 
120 470 11 14 0.037307892 
132 462 10 12 0.036064886 
167 496 13 15 0.035840467 
1 248 466 448 0.034899335 
220 413 12 13 0.034209453 
207 392 10 13 0.033102244 
121 586 12 17 0.032408644 
231 413 10 12 0.032153863 
93 545 14 16 0.031766683 
48 420 12 16 0.031202754 
437 341 54 86 0.03096507 
206 410 14 17 0.030889727 
145 460 10 15 0.030345783 
25 373 28 30 0.030110598 
144 456 9 12 0.029975316 
73 707 28 33 0.029258458 
149 463 12 15 0.029227424 
293 318 10 11 0.028603857 
245 381 16 19 0.028398998 
693 52 167 238 0.027781414 
73 553 16 19 0.02744747 
142 464 18 25 0.02744571 
218 394 12 15 0.027213367 
298 400 24 36 0.027210552 
118 486 12 13 0.027166056 
176 332 9 12 0.027024847 
215 340 10 12 0.02650005 
77 566 13 17 0.026351292 
68 494 17 21 0.026166212 
345 299 99 118 0.025996502 
291 416 24 31 0.025865832 
221 382 13 15 0.025781631 
218 419 14 15 0.02564693 
58 428 16 21 0.025551796 
199 431 9 11 0.025468463 
50 624 16 21 0.025394468 
155 326 10 12 0.025320025 
208 402 21 26 0.02526095 
338 419 16 21 0.025198502 
83 460 15 16 0.025161255 
197 399 16 22 0.02513837 
35 462 24 28 0.025081918 
196 333 10 12 0.02487175 
477 -73 447 450 0.024791835 
203 358 12 16 0.024308046 
200 463 11 14 0.024180872 
270 370 14 18 0.024176003 
236 420 12 14 0.02405689 
117 442 10 12 0.02405558 
147 414 12 14 0.023890719 
129 475 20 26 0.023633743 
191 482 12 16 0.023373866 
12 379 13 17 0.022690153 
280 425 25 32 0.022237208 
84 467 14 17 0.022197017 
188 403 13 18 0.02201369 
3 504 23 34 0.02194245 
128 419 14 17 0.02191397 
161 360 9 11 0.021874316 
367 292 13 15 0.021789424 
192 476 12 16 0.021621138 
140 428 11 14 0.021605588 
266 372 24 28 0.021559242 
445 304 90 114 0.021474324 
436 106 106 102 0.021350753 
43 484 16 18 0.02134263 
183 548 14 18 0.021252967 
101 495 13 16 0.02108685 
196 341 10 12 0.021076646 
50 469 17 19 0.020917248 
213 421 22 25 0.020862358 
143 324 11 14 0.020567834 
102 471 10 13 0.020535622 
400 71 39 59 0.02048116 
133 422 14 18 0.020408485 
27 450 21 30 0.020274 
175 399 12 15 0.0201157 
27 430 25 33 0.020099653 
378 301 13 14 0.020051273 
209 333 11 14 0.020002663 
