29_Students_Schoolkids_Students_Schoolkids_29_42
37
249 233 186 238 0.9998363 
185 163 26 36 0.9989096 
560 264 24 28 0.9865876 
518 271 15 22 0.92804337 
448 198 18 31 0.5681457 
486 237 22 27 0.32723543 
556 302 17 20 0.1332487 
435 196 23 29 0.096931875 
665 0 53 43 0.094295815 
500 264 14 19 0.09161648 
828 -13 130 157 0.069399856 
808 477 87 134 0.064773895 
22 447 384 465 0.05769195 
520 679 60 50 0.054419097 
474 239 22 29 0.050541334 
800 422 177 214 0.04341 
616 31 417 461 0.042059112 
490 228 18 24 0.04182759 
594 294 16 21 0.04175455 
122 381 42 39 0.040604908 
599 284 24 31 0.04044668 
510 268 16 21 0.039810125 
491 252 23 30 0.039661653 
227 185 39 47 0.03615811 
428 197 17 22 0.035458278 
914 581 19 24 0.03378095 
530 190 386 496 0.03218511 
606 268 13 17 0.026248718 
138 346 53 56 0.026125671 
110 386 68 56 0.025643522 
778 17 183 229 0.023640033 
147 333 35 47 0.02340928 
638 -3 64 60 0.022795754 
59 395 13 16 0.021015137 
866 9 75 96 0.02095256 
548 333 11 16 0.02069651 
650 2 39 24 0.020423327 
