29_Students_Schoolkids_Students_Schoolkids_29_632
42
90 292 53 68 0.9989518 
354 305 59 81 0.99874675 
532 290 72 93 0.99800986 
796 260 79 109 0.9977259 
274 351 52 77 0.99031585 
392 250 41 47 0.795893 
376 155 10 13 0.12730831 
24 135 26 32 0.10815873 
86 123 24 31 0.08634593 
91 124 15 18 0.061438277 
359 254 29 40 0.058180045 
194 164 13 17 0.056323558 
962 24 14 19 0.055230904 
412 135 15 23 0.042957406 
196 161 9 12 0.040223982 
19 113 47 57 0.039495956 
91 149 13 16 0.0391717 
1001 5 22 33 0.03713925 
48 280 40 52 0.037062895 
716 126 12 16 0.036748488 
44 168 23 31 0.03654789 
26 152 27 31 0.03050402 
372 233 49 57 0.029788911 
545 245 57 67 0.029343193 
379 150 11 15 0.029004714 
308 149 16 17 0.02878704 
673 133 23 29 0.02858329 
722 131 19 22 0.028207293 
100 523 132 123 0.027851112 
37 107 47 57 0.026083358 
667 119 24 32 0.024913343 
64 80 9 12 0.02311283 
28 163 16 19 0.022727253 
14 138 26 32 0.022549093 
-1 104 84 103 0.022170128 
207 330 27 36 0.021128392 
414 142 25 37 0.020729765 
624 192 24 34 0.020713462 
61 146 15 18 0.020643946 
199 207 11 12 0.0205719 
309 150 23 26 0.02052337 
347 246 29 42 0.020217229 
