29_Students_Schoolkids_Students_Schoolkids_29_66
86
648 127 33 43 0.9943474 
399 106 34 43 0.9942128 
450 169 32 43 0.99308044 
324 195 26 49 0.9884416 
191 91 28 40 0.97905356 
15 142 24 40 0.9426742 
320 109 37 45 0.93459743 
816 181 21 33 0.88435614 
474 127 25 41 0.87500966 
919 174 21 35 0.8537076 
169 141 27 50 0.78914195 
284 120 21 35 0.58255583 
704 201 23 42 0.57559747 
780 144 22 32 0.5519643 
0 164 21 44 0.54792166 
864 145 22 28 0.5030234 
502 127 27 41 0.4706663 
113 125 23 46 0.41062438 
307 116 36 42 0.3757586 
650 230 19 21 0.28018776 
4 153 27 47 0.23960502 
633 233 16 21 0.15529089 
771 179 18 21 0.13772616 
534 78 21 38 0.108249515 
582 121 15 22 0.107715115 
849 179 22 31 0.10672882 
288 115 37 47 0.084518425 
448 474 10 13 0.077273324 
909 166 23 40 0.07608113 
25 272 16 18 0.07306099 
963 169 24 41 0.06912256 
977 146 28 34 0.068915755 
693 198 26 39 0.06692586 
300 208 33 36 0.06664799 
171 125 38 55 0.066643156 
0 164 11 18 0.059880108 
717 203 24 40 0.059876338 
84 211 60 66 0.054692414 
859 160 23 30 0.051511355 
873 157 16 22 0.0509742 
250 279 27 36 0.04605996 
101 127 26 37 0.044494014 
453 460 10 12 0.04416363 
911 209 14 18 0.041397545 
884 197 13 17 0.0409446 
586 126 16 22 0.03663375 
423 472 14 18 0.03509632 
988 148 30 37 0.03405894 
812 135 17 25 0.033573795 
420 464 23 30 0.033510834 
852 192 24 32 0.0335081 
969 155 34 42 0.03325104 
684 209 29 35 0.032838125 
764 182 17 22 0.032589894 
641 228 23 30 0.03167074 
1001 153 25 41 0.031198937 
857 218 17 19 0.029577369 
101 63 23 32 0.028853092 
597 459 12 16 0.02786713 
486 481 11 16 0.027641322 
774 158 24 31 0.027552782 
123 137 27 44 0.027438989 
660 198 26 37 0.027110398 
807 170 26 34 0.02705701 
663 290 28 30 0.026615717 
450 511 16 18 0.02616019 
910 188 25 33 0.02550193 
13 154 16 26 0.025240924 
187 139 40 53 0.02514913 
204 99 32 34 0.024762193 
242 124 16 19 0.024693336 
630 476 8 11 0.024348408 
513 137 18 27 0.024027586 
493 475 16 19 0.024012953 
904 210 24 28 0.023659619 
36 149 28 34 0.023211364 
926 173 27 34 0.022742331 
728 205 22 35 0.02236905 
862 186 24 32 0.022179464 
651 232 27 36 0.022078015 
525 85 24 38 0.02172059 
639 130 27 38 0.020507142 
629 233 27 34 0.020404922 
619 227 26 31 0.020397298 
575 96 24 38 0.020135008 
597 445 10 12 0.020082118 
