29_Students_Schoolkids_Students_Schoolkids_29_130
70
108 264 49 58 0.99557364 
534 246 27 38 0.9828111 
377 166 42 51 0.9806985 
240 243 28 32 0.9716973 
606 426 53 63 0.91877663 
13 236 13 17 0.72151566 
378 242 19 22 0.70809126 
680 504 34 52 0.6239879 
323 205 13 19 0.24931295 
476 206 17 22 0.19259366 
154 252 26 31 0.09250757 
252 291 27 29 0.089846134 
307 242 16 20 0.083545275 
311 211 15 17 0.06935665 
475 197 13 18 0.062942706 
43 243 14 20 0.057607826 
900 482 33 46 0.0566775 
7 241 12 17 0.056069046 
254 243 26 31 0.053340305 
383 236 21 24 0.05128158 
170 518 13 15 0.0469977 
50 233 14 16 0.041616272 
664 512 34 48 0.03943535 
549 407 48 61 0.03900336 
266 294 17 22 0.03841589 
303 246 23 28 0.036990136 
509 189 23 32 0.036458783 
241 278 42 50 0.035269864 
0 260 25 54 0.035192877 
505 484 17 20 0.03437354 
53 254 29 38 0.03431658 
340 555 19 24 0.03356548 
313 231 21 28 0.03340959 
410 503 33 41 0.0323697 
702 490 32 46 0.032256264 
4 250 13 19 0.030181548 
467 195 23 31 0.030177904 
317 225 15 21 0.02957103 
324 233 13 20 0.0289372 
270 286 21 33 0.028829183 
660 663 137 112 0.028477795 
460 204 37 50 0.028199863 
301 236 15 20 0.028162938 
265 248 16 21 0.02788907 
584 402 57 65 0.027620364 
331 211 12 17 0.027233265 
329 247 19 28 0.025888307 
325 241 13 21 0.025186298 
442 514 23 33 0.024852313 
325 547 15 18 0.024718568 
678 558 61 71 0.024398789 
334 236 21 31 0.024349753 
47 243 24 34 0.02404287 
318 250 22 30 0.023861019 
618 444 56 83 0.023276437 
675 147 16 21 0.023276102 
461 396 27 35 0.02317889 
351 220 13 17 0.02287022 
1 251 21 36 0.02248375 
341 343 24 31 0.022333832 
669 556 101 111 0.022305869 
14 270 42 68 0.0221683 
0 326 19 37 0.022034828 
274 178 400 492 0.02138857 
624 416 37 50 0.020781947 
240 255 43 47 0.02074896 
308 214 22 27 0.02069266 
340 510 17 20 0.020547079 
367 231 23 30 0.020402502 
223 278 30 39 0.020207403 
