29_Students_Schoolkids_Students_Schoolkids_29_624
148
147 150 43 55 0.996863 
758 261 10 12 0.8325736 
1007 261 14 19 0.3996236 
557 289 12 17 0.299222 
511 256 9 11 0.23160192 
253 254 8 9 0.22875658 
564 278 8 12 0.2018173 
342 247 8 10 0.18928295 
564 292 10 13 0.14108561 
263 276 8 10 0.13026461 
798 256 7 9 0.114543654 
565 311 9 11 0.10455748 
286 264 11 13 0.09820776 
696 248 10 12 0.09664116 
564 335 8 10 0.09561546 
507 277 10 13 0.09106159 
685 261 9 12 0.089812666 
281 254 8 9 0.08574462 
237 276 9 12 0.08343748 
231 277 11 13 0.072569795 
574 304 9 10 0.07087527 
688 254 8 11 0.07003219 
39 269 9 11 0.068024874 
205 264 8 9 0.06473824 
345 128 8 10 0.0632431 
60 256 10 12 0.06297903 
250 249 8 10 0.06185389 
958 256 8 11 0.06042086 
280 262 10 13 0.06011121 
225 294 8 10 0.060075972 
739 254 10 13 0.059327606 
401 249 10 12 0.056428473 
507 253 9 12 0.055337016 
968 246 10 14 0.054478846 
505 247 9 12 0.05366697 
824 241 8 9 0.053455323 
473 265 9 11 0.051771913 
201 279 7 9 0.04816774 
453 231 11 14 0.04776614 
537 284 8 12 0.04750152 
958 261 9 10 0.04712853 
230 284 10 12 0.047031477 
58 259 9 12 0.0465765 
287 272 12 15 0.044976458 
375 221 8 10 0.04494009 
247 259 8 11 0.044642854 
285 255 8 9 0.044501662 
515 261 9 12 0.04377694 
226 287 8 10 0.043650825 
583 239 7 9 0.042834315 
799 209 8 9 0.042278964 
293 276 9 12 0.040834118 
506 272 8 11 0.04022638 
281 277 9 12 0.04021633 
206 286 7 9 0.0380736 
303 262 9 11 0.037855215 
575 308 9 12 0.036966585 
543 311 8 12 0.036505133 
201 272 8 10 0.03618269 
255 262 8 10 0.03576253 
565 273 9 11 0.035747714 
207 302 10 12 0.035701234 
505 260 9 12 0.034724593 
477 268 9 11 0.033668615 
735 247 10 13 0.033605684 
672 246 8 10 0.03343773 
560 273 9 11 0.032841288 
568 301 9 12 0.032247003 
293 262 9 12 0.032022692 
809 245 9 11 0.031835493 
651 302 12 16 0.03164586 
584 290 9 12 0.030715674 
566 328 7 9 0.030637939 
95 277 12 14 0.03049052 
192 278 8 10 0.030380202 
550 336 8 10 0.029702052 
558 260 8 10 0.029534012 
815 246 7 10 0.029528746 
793 262 8 11 0.029501202 
549 341 9 12 0.029468646 
495 308 10 12 0.02922714 
549 372 13 14 0.02904665 
348 126 10 11 0.028632691 
582 278 8 11 0.0285985 
370 222 8 11 0.02813806 
792 270 8 11 0.027999416 
655 181 29 31 0.02781122 
248 278 9 11 0.027706029 
561 327 9 11 0.027693572 
359 120 9 11 0.027627362 
732 259 14 18 0.027611727 
954 262 9 11 0.027407696 
727 253 11 14 0.027281303 
719 246 10 12 0.02721728 
582 272 9 10 0.027177243 
758 247 9 12 0.026825503 
273 253 8 10 0.026710425 
493 279 9 11 0.026705554 
581 310 8 10 0.026125988 
515 255 9 12 0.026012449 
280 299 9 11 0.025639277 
539 283 12 15 0.02555694 
583 254 7 10 0.02553758 
776 263 9 10 0.025213134 
341 250 10 14 0.024995673 
783 263 8 10 0.02493964 
966 263 9 11 0.024777666 
781 294 9 11 0.024685895 
1000 260 12 17 0.024593314 
755 244 8 11 0.024580533 
206 269 9 11 0.023740439 
1005 254 14 17 0.023605801 
302 287 8 10 0.023561975 
366 126 8 11 0.023410983 
543 303 9 11 0.023317462 
255 276 9 13 0.023283994 
960 248 9 12 0.023228787 
728 261 11 15 0.023214478 
237 301 10 12 0.022818634 
863 201 210 248 0.022669854 
529 278 7 11 0.022627821 
561 240 8 10 0.022422453 
535 241 7 10 0.022407196 
213 300 9 11 0.022363357 
263 248 9 10 0.022249695 
755 256 19 22 0.022231488 
274 263 9 12 0.021759521 
239 255 9 11 0.021420764 
551 297 11 13 0.021297509 
96 284 13 14 0.021236412 
564 339 9 12 0.021185217 
272 269 10 13 0.021089282 
304 293 8 10 0.020936698 
206 279 8 11 0.020746754 
360 125 10 12 0.020659285 
551 327 8 10 0.020659242 
439 227 11 15 0.020556422 
579 255 7 9 0.020386659 
375 135 7 9 0.02036815 
360 248 8 11 0.020265691 
699 251 10 13 0.020264052 
446 229 12 16 0.020248204 
816 240 9 11 0.020234808 
213 271 9 11 0.02020731 
1004 274 12 14 0.020173037 
367 248 8 10 0.020160384 
79 294 12 14 0.020141346 
542 293 11 13 0.020036737 
