29_Students_Schoolkids_Students_Schoolkids_29_310
38
283 196 56 75 0.999624 
652 190 58 74 0.99957854 
96 205 59 79 0.99922645 
831 213 63 76 0.99904054 
469 196 54 74 0.99874496 
544 150 107 128 0.9965699 
367 208 101 134 0.9819073 
468 417 11 12 0.41886997 
658 386 11 15 0.40834582 
678 380 12 15 0.3551947 
837 408 11 13 0.350808 
762 184 84 106 0.31109834 
487 415 10 11 0.23200285 
592 168 84 98 0.22158408 
79 398 11 12 0.116680056 
72 391 62 55 0.09247831 
505 415 9 13 0.06643731 
674 378 21 26 0.059816558 
797 191 81 90 0.056253985 
697 383 12 15 0.044681277 
478 418 12 15 0.041065168 
857 402 13 15 0.038249355 
510 420 10 12 0.036930393 
519 427 26 28 0.034192346 
723 436 14 24 0.031663742 
356 406 11 13 0.030003335 
347 390 52 60 0.028165357 
841 405 13 15 0.028028196 
406 211 84 99 0.027239444 
682 376 13 15 0.025623804 
489 419 12 13 0.0255252 
444 437 13 15 0.024108935 
466 412 18 21 0.022534851 
436 440 16 17 0.021274809 
519 430 12 14 0.021133306 
74 393 28 28 0.021046497 
589 -11 462 465 0.020963615 
269 451 35 30 0.02081519 
