29_Students_Schoolkids_Students_Schoolkids_29_158
61
575 696 74 89 0.99852115 
595 396 44 52 0.9946655 
550 500 50 60 0.99425703 
74 1118 87 120 0.5421861 
507 233 14 17 0.2668833 
686 169 15 20 0.18370733 
619 319 13 15 0.13057485 
737 230 12 15 0.122680865 
-2 1284 24 52 0.09103147 
673 396 34 42 0.0799054 
911 346 43 49 0.07216117 
440 165 11 13 0.065650195 
590 243 41 54 0.0625983 
732 214 9 11 0.059912648 
686 390 31 40 0.056732487 
658 504 27 40 0.054078873 
452 217 15 17 0.045688704 
662 228 10 13 0.04478679 
751 267 13 14 0.043036312 
735 222 10 13 0.04058639 
368 219 33 34 0.040097985 
635 351 16 18 0.034190107 
614 319 23 25 0.03372087 
584 300 10 13 0.033699773 
663 404 30 35 0.032996174 
120 1096 95 137 0.032845028 
453 225 15 18 0.03264608 
684 376 27 35 0.032631386 
436 269 11 14 0.031791467 
651 369 12 16 0.031697452 
833 401 34 37 0.03146244 
775 363 36 40 0.030603345 
474 155 14 17 0.030400535 
682 364 25 32 0.029992837 
685 362 15 19 0.028785558 
530 508 28 40 0.028403724 
462 188 11 13 0.02814811 
675 373 25 32 0.028115556 
430 273 11 14 0.027436856 
718 222 9 12 0.027397301 
599 254 10 11 0.026615605 
721 252 9 12 0.026056066 
662 236 9 12 0.025899224 
160 1085 101 148 0.024690937 
456 188 9 12 0.023917234 
434 166 9 13 0.023681356 
612 330 17 18 0.023532616 
663 356 11 14 0.023233764 
677 417 13 18 0.02292 
725 246 12 15 0.022613417 
502 223 13 16 0.02215733 
655 414 11 14 0.021972697 
504 240 13 15 0.021577448 
43 245 17 19 0.021460341 
625 345 42 49 0.021228418 
709 537 29 34 0.021223674 
681 158 26 33 0.020526186 
768 373 51 64 0.02041862 
39 241 28 34 0.020269766 
694 368 28 34 0.020196363 
369 232 43 50 0.020079697 
