29_Students_Schoolkids_Students_Schoolkids_29_316
46
634 183 110 142 0.999926 
165 152 103 124 0.9997385 
98 5 55 58 0.99892116 
257 16 68 79 0.998874 
328 20 54 67 0.998836 
939 1 69 75 0.99824166 
551 109 85 104 0.9977622 
291 124 74 95 0.9972568 
500 2 75 57 0.9960062 
157 21 48 58 0.9951079 
25 132 78 89 0.9948243 
828 10 80 92 0.99464226 
407 0 45 50 0.9936692 
710 0 56 48 0.9935715 
885 100 82 97 0.9931196 
656 3 30 33 0.9899121 
63 -1 35 36 0.9883039 
765 2 49 53 0.9881334 
-5 55 62 87 0.9854175 
560 8 50 50 0.9283969 
206 22 44 58 0.91434354 
483 16 37 47 0.2375524 
488 10 58 63 0.120438926 
291 11 66 79 0.10095611 
495 1 50 40 0.08582657 
722 131 42 60 0.060472526 
519 22 63 65 0.059242677 
608 0 28 36 0.058167502 
15 98 73 97 0.05671263 
853 341 134 163 0.044374637 
388 13 25 36 0.041368224 
5 -5 52 49 0.037013415 
134 20 51 59 0.036140356 
943 32 54 70 0.035755206 
532 0 44 41 0.03145532 
593 3 29 42 0.031306233 
428 651 36 32 0.029705303 
679 0 27 33 0.029591218 
519 44 37 43 0.029409228 
379 21 28 44 0.027665338 
528 219 80 113 0.027633347 
691 1 28 32 0.0237339 
866 138 28 42 0.021062786 
989 3 33 45 0.020655675 
68 4 44 50 0.020554086 
874 217 61 72 0.020096509 
