29_Students_Schoolkids_Students_Schoolkids_29_221
92
260 227 30 39 0.9968953 
232 222 35 55 0.96219957 
523 192 14 21 0.957196 
382 219 22 44 0.9021225 
733 190 10 12 0.6549537 
292 237 15 23 0.6417176 
444 270 24 46 0.58696914 
757 216 10 12 0.35786572 
716 195 9 13 0.3312364 
282 232 22 33 0.2906614 
568 197 8 9 0.28042206 
189 238 38 48 0.20934148 
810 215 7 9 0.17736891 
560 205 8 10 0.15821946 
164 241 14 19 0.1517885 
784 184 7 9 0.12886788 
768 193 7 8 0.123429365 
50 298 14 18 0.11747145 
530 193 13 18 0.109116346 
785 206 8 10 0.105649196 
561 201 7 9 0.10230295 
785 190 7 9 0.101309516 
493 199 9 12 0.09160996 
314 262 15 20 0.0870143 
302 253 26 32 0.08570916 
496 204 8 11 0.084798776 
20 302 62 58 0.07896557 
792 220 8 11 0.07486056 
39 294 24 27 0.069727995 
166 385 431 411 0.06549379 
761 192 6 9 0.061422154 
205 232 41 55 0.059101935 
294 244 24 35 0.0579774 
539 197 9 11 0.050923325 
741 215 8 11 0.04938153 
798 216 8 10 0.04867754 
76 274 15 18 0.04432248 
736 214 8 11 0.04297049 
801 232 8 11 0.04210259 
71 317 29 36 0.041289743 
71 277 13 16 0.03791385 
753 192 8 9 0.037531495 
20 283 14 17 0.03725296 
84 271 17 20 0.037141234 
465 357 44 51 0.03706769 
785 199 8 10 0.036733307 
774 223 8 9 0.036443148 
500 205 10 14 0.03544998 
359 235 26 34 0.035190616 
742 221 7 11 0.033476725 
426 281 38 46 0.032992046 
392 354 11 14 0.031005945 
549 248 8 11 0.029892929 
785 212 9 12 0.029599547 
492 188 12 15 0.02887546 
0 285 11 16 0.028142996 
736 220 9 12 0.027638236 
553 199 8 10 0.026983209 
761 196 7 9 0.02697824 
522 314 23 39 0.026684193 
520 185 10 12 0.026476083 
1 289 15 19 0.026162865 
23 292 13 17 0.026130578 
61 317 11 16 0.026111364 
74 329 17 20 0.025824025 
185 471 63 56 0.025295053 
728 208 10 11 0.025152138 
513 195 13 17 0.02506692 
158 243 23 30 0.025060903 
759 209 9 11 0.024933646 
127 293 11 16 0.024273803 
801 160 8 10 0.024082668 
150 239 36 51 0.023781596 
368 226 33 48 0.02372142 
775 192 8 9 0.023393882 
541 205 9 12 0.022796229 
783 231 9 11 0.022709945 
38 309 33 37 0.02234739 
789 198 8 10 0.02214484 
712 252 10 13 0.021801593 
710 228 9 11 0.021761632 
640 16 423 467 0.02147407 
564 258 11 14 0.021351704 
28 294 17 18 0.020977858 
109 305 14 19 0.020896515 
57 297 13 18 0.02088557 
309 513 46 57 0.020871788 
778 183 8 10 0.020839944 
35 304 19 20 0.020817094 
710 223 9 11 0.02067253 
785 221 9 10 0.020498358 
346 230 25 39 0.020048702 
