118709585_685843948808260_6668964229337761510_n
88
789 531 232 310 861.72107 666.25616 965.6406 660.8191 924.0861 734.89246 867.4016 761.4677 969.6383 757.13245 0.99988997 
508 1139 59 84 547.6761 1164.7681 553.504 1164.4052 559.5229 1178.0709 548.34863 1198.287 552.29 1198.0597 0.33045748 
1299 55 59 78 1320.1903 79.37211 1337.9628 78.27454 1331.6952 91.11377 1326.25 110.313446 1338.4377 109.43547 0.11052414 
1764 1002 146 205 1817.896 1103.0896 1875.4153 1103.1204 1849.9047 1152.9835 1820.6172 1174.2656 1861.9069 1174.3011 0.091599904 
160 332 49 64 175.05544 351.83392 191.58713 352.5856 180.57657 365.92374 176.81342 378.23727 188.35292 378.66068 0.08697026 
1818 1150 122 176 1894.5385 1216.1567 1902.8857 1220.5878 1904.1421 1256.6912 1875.1058 1281.0435 1880.4731 1285.4172 0.083568834 
1889 367 68 72 1921.3911 393.71768 1945.1929 387.98294 1945.745 405.0424 1935.1013 424.34323 1950.121 419.9153 0.081671655 
1855 481 112 132 1866.2144 532.10535 1897.5898 522.64636 1872.4718 553.11163 1887.306 578.56366 1910.5315 570.2162 0.07918503 
1654 1092 42 52 1663.5758 1108.5911 1676.5729 1110.2256 1665.2115 1120.1229 1664.0876 1130.9856 1673.2582 1132.0376 0.072545566 
1755 277 355 492 1884.5503 486.22433 1980.1268 471.08743 1942.753 579.8579 1913.2485 672.20917 1978.8815 660.4671 0.06915615 
1998 775 49 79 2032.7218 804.00916 2042.5178 801.29663 2048.0752 819.96545 2040.2526 837.9092 2046.4822 835.8314 0.060648616 
1711 1077 48 57 1733.5623 1100.3672 1748.5686 1101.6982 1742.5239 1116.2432 1732.4685 1125.2172 1741.5852 1126.3856 0.05755125 
519 1114 84 120 546.5814 1161.447 561.82416 1159.0369 551.6708 1184.4119 557.8463 1208.0391 568.23096 1205.492 0.055798303 
1908 821 14 16 1910.626 826.778 1917.3392 827.68195 1912.9924 831.2445 1910.5981 834.50275 1915.522 835.2406 0.05427575 
65 51 116 145 90.48807 112.89294 111.62765 104.407196 91.80106 136.54927 108.60219 163.74606 119.42274 156.03459 0.051563036 
1539 783 100 147 1563.962 831.39185 1610.0333 834.9147 1588.8633 860.55023 1571.2683 890.7581 1604.5209 893.44403 0.048739303 
79 129 381 502 189.46562 344.90036 327.52435 351.8467 245.36946 469.57388 197.21135 518.8424 307.76904 525.82806 0.04821541 
1879 741 108 137 1906.2097 791.0119 1939.1964 797.57446 1910.2776 823.5581 1905.7104 843.39984 1927.6025 848.1837 0.04780205 
1152 151 105 136 1172.8547 200.04701 1188.2195 198.91495 1164.3285 221.24408 1179.258 246.73354 1188.9437 245.24347 0.045997396 
1238 138 57 76 1271.0311 159.81474 1285.0316 159.41216 1287.7285 174.4785 1272.4194 191.51968 1282.7102 191.63982 0.044971235 
1231 781 11 14 1235.0497 785.4785 1238.4166 785.6274 1236.3705 788.51654 1235.4412 791.9017 1237.7996 791.9253 0.04389473 
1677 1084 55 60 1689.3628 1105.0475 1707.0712 1107.7904 1689.2277 1120.7638 1686.0181 1132.6841 1697.1245 1134.7056 0.04342982 
1868 484 71 72 1883.5913 521.5101 1890.4911 515.35223 1885.3871 536.7076 1911.4926 542.55725 1913.9144 536.36444 0.042030387 
1397 534 32 40 1418.5092 544.1471 1418.943 547.0831 1419.305 548.23834 1413.8208 555.8376 1415.2682 558.23804 0.041744333 
1916 449 29 39 1927.7855 461.93246 1937.3945 461.3905 1934.7565 469.1354 1930.4258 478.56055 1937.3276 478.26068 0.040524177 
121 347 44 59 140.37262 364.76498 151.96213 363.6867 151.75877 376.28436 144.52914 388.2469 153.67885 387.20447 0.036788788 
594 1127 53 77 607.7787 1152.631 621.3485 1151.0155 610.5122 1168.8807 610.3663 1184.7074 620.6381 1182.9144 0.036761567 
1544 238 45 61 1561.96 262.48047 1573.5338 258.48444 1572.8914 271.7485 1572.3489 286.2021 1580.2185 283.0049 0.03659198 
1955 33 73 79 1977.1611 52.130295 1995.6874 54.548447 1977.6453 59.77927 1973.2832 77.683304 1988.598 79.36261 0.036000907 
1465 270 68 75 1494.2302 299.22046 1520.4335 292.43866 1517.6323 310.2433 1502.7905 327.69568 1522.8728 322.48904 0.035170887 
1528 117 77 118 1565.4188 160.00499 1572.7655 157.6051 1572.6991 180.83063 1563.7668 202.3109 1569.3073 200.44452 0.03495303 
1079 456 12 14 1084.3584 462.06168 1089.6764 461.86285 1088.0549 464.63602 1085.1041 467.54175 1089.2559 467.46875 0.03489025 
1109 321 47 63 1125.5477 347.92184 1141.5846 347.02283 1134.8011 355.96848 1131.0955 366.8292 1142.2023 366.10693 0.03406609 
1422 107 317 424 1545.8596 325.496 1644.4829 274.07162 1649.1262 376.65363 1616.786 455.733 1689.8872 412.5831 0.033812158 
1695 274 44 66 1705.5737 296.86743 1721.1213 298.16983 1710.9553 310.9363 1708.5663 323.19702 1720.5088 323.95462 0.033655774 
1285 939 33 51 1306.2737 954.7871 1309.7975 954.33984 1312.2158 960.92633 1307.3359 972.92755 1311.3442 972.5803 0.033274595 
1543 798 64 85 1572.6686 827.7097 1597.5228 831.2809 1590.0198 845.1751 1575.8752 862.1137 1592.7012 865.29034 0.032861844 
1075 544 46 65 1085.4061 573.6328 1095.1995 570.5447 1087.6573 587.72815 1097.1302 598.00684 1103.1254 594.93176 0.032665234 
1435 62 14 15 1438.0984 68.62883 1444.2992 68.35781 1440.2789 72.16545 1439.3273 75.10201 1443.7856 75.019585 0.032593187 
1274 796 196 233 1366.1997 898.3871 1378.0757 897.3594 1370.2616 922.203 1365.0471 956.6636 1364.626 956.9377 0.032502003 
1722 1081 96 127 1745.4027 1125.7963 1774.5684 1127.3535 1752.541 1153.8734 1745.7566 1176.9852 1764.444 1177.8091 0.0324291 
838 184 52 61 853.9811 206.84718 876.35016 207.22404 864.7493 218.92285 857.6965 230.09341 873.1195 230.16536 0.03139597 
1811 201 224 334 1881.4437 385.88992 1956.2986 333.3737 1958.1677 438.93884 1953.0685 501.8214 2002.9038 458.72928 0.030737167 
402 -4 116 126 423.79324 34.446304 455.18707 20.541006 434.35217 43.94011 441.1947 81.31467 466.17264 69.521454 0.030530194 
1897 352 100 118 1927.0188 390.62476 1956.778 388.91208 1939.9146 408.5291 1932.2542 436.34995 1952.6659 434.6405 0.029435428 
101 345 46 64 130.10396 362.66052 139.29222 361.75137 144.97943 374.551 132.04816 388.64258 139.04033 388.17633 0.028575942 
1449 670 51 62 1457.8735 693.8916 1464.0323 695.193 1453.0928 706.81036 1465.5839 713.72015 1469.8522 714.2589 0.028343767 
1370 424 26 33 1377.734 436.83804 1389.9032 436.73343 1383.8726 442.88992 1379.1793 449.39987 1388.6718 449.34186 0.026730686 
165 363 34 41 174.77957 378.1716 187.85272 379.06277 180.18034 387.2827 174.8149 394.34833 184.35498 395.05438 0.02671679 
1162 786 32 37 1175.9427 803.74176 1183.2323 801.1485 1183.654 810.2276 1181.8828 817.0328 1186.2289 814.8628 0.026320295 
1437 31 51 61 1448.7109 52.399723 1467.9557 49.191696 1457.221 63.96613 1455.3574 76.88826 1470.8123 73.89666 0.026234582 
1935 754 100 123 1960.4779 798.0235 1986.0374 798.0788 1967.3811 825.6861 1974.582 848.1711 1989.5966 847.9285 0.025902834 
1247 966 25 35 1253.3113 976.2722 1259.1791 977.9294 1252.6599 985.11224 1252.2634 991.47314 1257.5786 992.5988 0.025458451 
672 171 94 125 703.09863 216.62529 731.7541 215.64673 718.0127 245.052 717.27576 265.7083 735.802 264.77676 0.025138553 
959 1014 184 242 1087.1229 1093.6658 1099.2035 1106.0077 1112.1978 1153.4784 1063.0798 1179.5605 1074.8865 1188.8473 0.025052061 
1179 170 55 73 1185.312 194.37114 1194.754 194.29556 1178.6348 211.08794 1191.2821 224.49742 1198.5298 223.45235 0.024892194 
650 567 28 34 659.27765 578.46277 670.0336 580.145 663.59235 585.298 657.87067 591.0674 666.27985 592.478 0.024848333 
1433 252 66 68 1458.9272 277.3572 1479.7501 271.27295 1473.7407 286.95203 1467.456 303.09268 1481.7467 298.0437 0.024560096 
1223 933 38 62 1232.4784 954.83746 1239.7782 953.76556 1231.4507 964.241 1234.8823 981.4515 1239.2015 980.31525 0.024469545 
1239 396 378 399 1370.1772 570.40405 1453.5771 587.362 1388.8442 634.43835 1362.4077 669.4978 1429.4163 682.44104 0.024393829 
1331 71 53 62 1348.6514 87.99043 1363.8646 86.19907 1358.5438 98.07982 1351.3148 113.65611 1362.332 112.45496 0.02416183 
1083 501 58 80 1092.6184 532.94635 1104.855 529.97974 1094.6764 548.2805 1104.548 561.8146 1113.5212 558.9099 0.023820689 
1548 966 23 36 1562.053 979.2179 1566.8535 979.6807 1567.3616 987.01086 1560.8953 993.22437 1564.3584 993.75757 0.023465663 
1605 553 55 61 1630.4965 581.5089 1640.1201 574.4207 1644.5449 591.5617 1643.3772 601.2732 1649.5656 595.3829 0.023233036 
575 744 56 71 592.5449 766.3801 608.63666 764.8291 600.84875 771.6194 598.8492 789.4365 610.70166 788.07196 0.022936005 
212 355 49 60 232.19943 379.75037 249.94151 374.5731 247.19148 391.6029 240.33925 404.97647 252.16504 401.08603 0.022887472 
1627 1056 88 101 1647.0773 1087.9338 1667.4158 1092.3184 1642.6823 1105.747 1641.9377 1126.3877 1653.0317 1129.5083 0.022576299 
1038 818 173 255 1138.4955 943.7957 1168.8517 934.766 1180.5632 977.8996 1147.3075 1002.6332 1171.7372 995.5197 0.02248773 
1794 1092 129 173 1844.1711 1137.3589 1888.9403 1143.0122 1860.7911 1173.4835 1842.7126 1213.4795 1873.2686 1217.7671 0.022385813 
45 91 103 137 69.348694 144.60408 96.13165 137.41217 78.2003 169.59888 89.48074 195.89508 105.33403 189.5932 0.022252278 
560 1120 91 122 578.30695 1158.1211 597.87933 1155.6989 576.8646 1177.5536 585.1705 1201.6353 601.227 1199.1057 0.02216278 
1439 288 70 87 1476.8097 315.76242 1495.8544 310.92572 1494.6401 330.8214 1482.1624 350.96368 1496.342 347.26184 0.022012915 
819 430 340 445 886.3994 637.48895 996.70294 636.53687 909.6845 713.05634 906.4664 757.1501 992.8782 755.9042 0.021961236 
460 -84 371 477 664.465 124.01322 745.7442 118.708435 753.3293 200.12758 677.0779 253.95717 729.3568 250.77536 0.02196028 
1490 1034 29 34 1495.494 1044.229 1504.7283 1045.9797 1495.6683 1051.497 1494.2543 1058.195 1500.843 1059.3666 0.02168032 
1420 56 48 55 1436.8665 74.616135 1451.2948 70.99226 1444.8723 82.50823 1444.2919 94.701294 1454.5643 91.66491 0.021593355 
1925 882 58 72 1959.3395 910.9666 1974.2195 910.95074 1974.314 928.07874 1957.8651 939.7442 1966.906 939.9218 0.021566771 
1857 1196 68 102 1898.5447 1227.2926 1904.2229 1234.5194 1900.0284 1257.1165 1880.9733 1269.8341 1884.2931 1275.3928 0.021550044 
1273 929 35 45 1291.3552 942.75726 1298.4614 940.0035 1301.9507 945.9261 1296.3083 959.36957 1301.4677 957.3768 0.021387203 
1194 120 84 111 1222.6373 155.563 1252.172 157.9135 1233.3877 176.67345 1224.7488 200.29063 1245.0435 202.08769 0.021313846 
218 308 108 135 249.64151 363.12512 285.2251 354.9047 270.60773 390.2048 264.82843 412.70712 288.9728 406.13736 0.021139229 
1208 971 92 133 1227.8491 1011.6777 1249.6516 1013.31714 1229.5778 1038.2257 1232.9875 1063.2068 1250.5791 1064.1504 0.021127649 
888 169 45 57 900.38513 189.79008 913.67773 187.67604 905.9585 197.80904 907.0066 211.02724 916.4582 209.13039 0.02106057 
1723 86 32 35 1731.2332 100.57608 1735.0879 101.90389 1727.5791 107.208046 1731.4095 112.96204 1733.6708 113.79606 0.020705512 
1503 653 56 71 1531.8026 685.2911 1541.2816 679.9858 1544.9849 697.3702 1540.0146 710.74457 1545.7302 706.607 0.02055562 
1805 413 181 248 1835.8795 519.32983 1866.5056 506.25522 1828.0571 571.6834 1868.4137 610.1565 1884.8096 598.66 0.020464636 
1965 -1 65 71 1982.9452 14.863858 2000.1478 14.355327 1985.2246 21.417494 1984.2758 40.13164 1998.6221 39.271065 0.020322932 
1858 695 164 230 1901.1222 793.2403 1942.4421 790.4415 1911.2588 846.7319 1917.396 875.26746 1944.0554 872.4094 0.020127313 
