35_Basketball_playingbasketball_35_585
18
248 216 206 276 0.99984217 
644 207 180 315 0.99966335 
552 877 474 493 0.07024594 
143 768 30 33 0.067167886 
559 298 478 531 0.05815282 
339 1132 30 35 0.055238064 
17 672 53 63 0.04435774 
387 1042 35 43 0.039978877 
244 1110 25 31 0.033654455 
18 639 56 73 0.028339319 
387 970 25 30 0.026707986 
148 660 25 30 0.025721654 
127 699 27 31 0.023903854 
395 884 28 33 0.02338226 
212 1325 30 31 0.023107028 
45 130 29 37 0.021752376 
292 1125 28 35 0.02077664 
781 406 156 178 0.020338101 
