35_Basketball_playingbasketball_35_73
27
795 376 50 66 0.99737346 
491 372 48 57 0.85797065 
695 57 58 64 0.38024837 
241 290 43 69 0.28933644 
170 359 115 112 0.22931157 
155 279 63 77 0.13678558 
371 288 96 119 0.12630789 
375 272 44 53 0.10279029 
706 82 60 73 0.08444713 
212 355 134 144 0.0725431 
381 288 52 63 0.07023768 
683 64 42 51 0.055804674 
215 273 382 492 0.043750323 
770 58 33 42 0.038788628 
1 627 36 47 0.037921835 
577 453 54 88 0.036552977 
1014 545 10 15 0.032812733 
731 57 60 64 0.03155794 
144 290 107 139 0.029276473 
67 63 33 35 0.028610546 
814 86 11 15 0.026500529 
315 240 44 62 0.025776561 
227 274 68 113 0.02452165 
69 415 462 545 0.021492276 
379 249 43 49 0.02121399 
362 256 44 51 0.020097453 
183 264 88 98 0.020015517 
