35_Basketball_playingbasketball_35_795
457
82 36 24 31 0.99797887 
220 74 25 31 0.9974956 
52 269 65 91 0.99514174 
486 497 13 19 0.9774966 
847 84 44 55 0.96276236 
559 59 40 53 0.95940626 
641 17 14 20 0.93875533 
952 28 19 25 0.93840295 
972 75 17 25 0.9267736 
135 108 23 30 0.92309266 
212 124 39 45 0.82049114 
39 14 10 12 0.78523153 
609 521 11 14 0.64796007 
912 436 23 35 0.6085906 
852 594 10 15 0.54008526 
695 544 9 11 0.49488777 
520 505 15 18 0.4856398 
195 129 13 16 0.4844068 
590 510 8 11 0.47595564 
596 29 11 15 0.46447217 
695 570 12 14 0.36438823 
382 71 8 10 0.30938718 
156 94 17 23 0.3037706 
477 115 12 18 0.27693912 
662 550 8 11 0.26031828 
10 455 23 30 0.24202831 
785 517 7 9 0.23503962 
377 71 8 10 0.2251578 
462 543 11 15 0.21476738 
439 549 11 14 0.19691546 
524 465 11 15 0.19608608 
453 180 13 17 0.19253176 
771 9 17 20 0.18977208 
1002 100 15 19 0.1860723 
725 550 8 11 0.1821832 
332 5 12 13 0.17723224 
328 55 8 12 0.16524912 
700 548 9 13 0.16164781 
743 549 8 10 0.16131954 
357 7 9 11 0.15888622 
435 521 12 14 0.1474179 
745 544 8 10 0.1447054 
608 549 10 13 0.14445943 
886 226 35 34 0.1437104 
443 568 14 17 0.1413281 
735 559 10 13 0.1310402 
689 547 10 13 0.13099971 
775 536 8 10 0.12806073 
392 8 11 12 0.12704764 
749 543 8 10 0.12590532 
376 22 7 9 0.11872588 
393 46 7 9 0.11223355 
158 430 129 147 0.111666866 
366 37 9 11 0.111343905 
305 47 8 10 0.10933015 
301 203 26 29 0.10442828 
28 28 11 13 0.103427686 
679 565 10 12 0.10310726 
310 78 7 9 0.09927879 
299 3 12 14 0.095652044 
318 94 7 10 0.09435165 
333 113 9 11 0.09275731 
288 245 49 51 0.09171098 
568 542 10 11 0.0908014 
598 46 14 18 0.090458125 
596 532 10 13 0.08969582 
681 542 8 9 0.08844673 
361 38 8 10 0.08729554 
738 2 28 25 0.08596777 
790 518 8 9 0.083004676 
679 571 10 12 0.080152266 
999 116 24 42 0.08001207 
344 81 6 9 0.07982375 
297 36 8 10 0.07912954 
773 587 9 12 0.077165015 
574 543 9 12 0.07692433 
280 28 12 17 0.076331906 
625 542 9 11 0.074559905 
574 549 9 12 0.07432348 
390 134 10 13 0.07417476 
712 528 8 9 0.073684216 
680 536 8 9 0.07315551 
502 484 13 17 0.072435156 
826 60 12 15 0.07157951 
21 52 11 13 0.07088569 
575 557 8 11 0.07067834 
408 79 8 10 0.069304295 
336 71 8 9 0.06748026 
384 135 10 12 0.06695937 
353 40 7 9 0.065672494 
785 551 8 9 0.06527755 
621 503 8 10 0.06486168 
727 555 10 13 0.06352202 
367 81 6 8 0.06263239 
397 46 8 10 0.061457798 
367 33 9 10 0.061436262 
722 520 7 9 0.061380126 
625 568 9 11 0.0610703 
736 549 9 11 0.060874917 
125 313 94 92 0.059669793 
56 547 44 55 0.059565153 
665 572 10 12 0.059486546 
625 485 9 11 0.059071604 
726 543 8 12 0.05878482 
322 46 8 10 0.057668205 
601 485 9 11 0.057502553 
657 545 8 11 0.05745541 
123 335 40 41 0.05730007 
969 437 12 15 0.056941617 
742 558 8 12 0.056837924 
322 40 8 10 0.055401817 
351 63 7 9 0.05497759 
725 519 7 9 0.054829225 
480 483 11 14 0.054561604 
599 501 8 10 0.053883668 
574 567 9 11 0.053717755 
661 511 8 10 0.053577535 
333 55 8 11 0.053392507 
398 135 9 12 0.053347964 
360 127 8 9 0.05297015 
369 64 7 8 0.052018326 
626 573 8 11 0.05188867 
649 484 8 10 0.05152672 
277 43 11 15 0.051265933 
428 540 11 14 0.05094946 
1002 102 21 33 0.05044469 
702 519 7 9 0.050288394 
581 543 9 11 0.04922421 
631 555 9 12 0.04860197 
383 39 7 9 0.0477254 
454 253 386 479 0.04766777 
302 64 7 10 0.047538523 
743 565 10 12 0.047387503 
351 47 8 9 0.047060017 
408 104 9 11 0.046749223 
710 532 10 11 0.046708725 
383 77 7 8 0.046094168 
592 505 8 11 0.04530182 
322 54 8 11 0.045040857 
701 554 10 14 0.044685185 
935 133 21 34 0.04466616 
583 568 8 10 0.044644777 
889 209 35 36 0.044628736 
927 346 15 19 0.044596907 
746 1 43 45 0.044424124 
600 496 8 11 0.04407118 
1005 133 13 22 0.043924708 
719 525 9 10 0.04378266 
362 82 7 9 0.043742113 
766 548 8 10 0.043551173 
326 40 7 10 0.0432136 
768 544 7 10 0.042997956 
616 511 9 11 0.042799484 
686 558 9 12 0.042119943 
377 46 7 10 0.041779492 
337 101 8 10 0.041735172 
509 567 9 12 0.04152737 
447 596 9 11 0.041384585 
314 95 8 10 0.041255914 
726 579 13 18 0.041064363 
792 542 8 10 0.041006792 
518 486 11 13 0.041001018 
775 575 8 9 0.040907484 
319 89 7 9 0.040706992 
787 4 16 20 0.040534116 
792 535 9 11 0.039844885 
409 85 8 10 0.039409686 
629 61 12 16 0.039216205 
702 496 7 9 0.039130036 
465 546 12 15 0.039060686 
507 491 12 16 0.038970284 
119 335 185 218 0.03882843 
739 15 17 20 0.038732044 
202 122 20 28 0.038665105 
304 70 8 11 0.038484532 
697 519 8 11 0.038205132 
377 93 8 10 0.038171228 
56 62 10 13 0.03801275 
720 543 10 13 0.037943963 
698 524 9 11 0.03783488 
836 90 35 45 0.037792873 
668 35 15 17 0.037573505 
663 555 9 11 0.037454646 
759 544 9 10 0.037448544 
377 78 7 8 0.037400737 
382 31 7 10 0.0372423 
751 526 7 9 0.037230797 
807 629 11 12 0.036990598 
646 501 8 10 0.036295734 
397 156 10 13 0.036104362 
749 560 8 10 0.036081456 
209 116 25 31 0.036046512 
376 88 8 10 0.03595719 
748 567 9 11 0.03587245 
477 515 12 15 0.035847258 
818 55 23 28 0.035729557 
301 13 10 13 0.035415277 
607 471 9 10 0.03530885 
351 55 7 9 0.03528105 
686 519 8 10 0.035229374 
631 480 8 12 0.035216644 
782 526 8 11 0.035063267 
726 575 10 14 0.035039674 
742 582 9 11 0.03500561 
647 480 8 10 0.035001367 
19 332 42 55 0.034866236 
337 39 8 9 0.034761053 
687 485 8 10 0.034675073 
559 501 11 14 0.0346175 
596 22 19 24 0.034611028 
259 214 30 33 0.034596037 
305 52 8 10 0.0345793 
769 566 8 10 0.034397107 
778 529 8 11 0.03425178 
310 102 8 10 0.03400356 
285 45 11 14 0.033872034 
309 47 8 9 0.033838265 
309 72 8 11 0.033154156 
608 565 10 13 0.033122264 
696 538 8 10 0.03295225 
374 112 9 11 0.032665003 
626 114 50 54 0.03264472 
673 484 8 10 0.032449227 
343 96 7 10 0.032295678 
341 5 10 11 0.032216404 
568 572 9 12 0.03219286 
327 1 11 13 0.032153647 
371 71 6 9 0.031913333 
322 60 8 10 0.031839352 
973 440 13 16 0.031624768 
438 85 9 11 0.03162153 
618 58 24 35 0.031598173 
346 63 7 9 0.031593986 
591 526 12 14 0.03148879 
688 570 12 16 0.03146501 
434 547 11 15 0.031454433 
565 488 9 11 0.031450618 
342 40 8 9 0.03141332 
654 485 8 10 0.031387635 
703 527 8 10 0.03137115 
611 555 11 13 0.031299453 
771 536 7 9 0.03127361 
736 544 8 10 0.031268578 
41 18 13 16 0.031159697 
950 23 15 20 0.030909922 
780 533 9 12 0.0308842 
443 543 12 13 0.030881098 
549 567 13 18 0.030849693 
617 496 8 10 0.030842112 
302 39 8 9 0.030823972 
934 570 12 14 0.03070791 
344 46 7 10 0.030662674 
709 548 12 14 0.030545993 
311 15 9 11 0.030541904 
512 467 12 15 0.030539101 
557 572 9 13 0.030334419 
712 565 10 13 0.030151231 
78 280 102 106 0.030078692 
774 567 8 10 0.03006109 
621 510 9 11 0.030006036 
751 536 8 10 0.029928952 
514 2 17 16 0.0298724 
542 479 13 15 0.029842684 
381 23 7 10 0.029825324 
630 575 8 11 0.029702142 
143 330 107 108 0.029597856 
50 387 32 37 0.0295242 
352 135 8 10 0.029363478 
385 152 9 12 0.029251428 
669 566 10 12 0.029085808 
369 112 8 11 0.02893113 
400 118 8 10 0.028921539 
335 31 9 10 0.028902715 
726 526 8 9 0.028729383 
722 578 24 28 0.028524311 
339 77 7 10 0.028396197 
918 135 41 48 0.028243685 
352 31 8 9 0.028223656 
721 480 8 9 0.02801671 
712 570 11 14 0.027970795 
424 21 10 12 0.027906977 
313 87 8 10 0.027622888 
662 36 14 16 0.027521068 
327 95 8 10 0.027461622 
608 512 8 11 0.027404163 
655 471 8 9 0.027301485 
640 479 8 11 0.027235338 
727 535 7 10 0.02707577 
351 81 7 9 0.026961373 
491 565 12 15 0.02692112 
392 152 10 13 0.026833834 
942 127 21 33 0.026739342 
761 548 9 11 0.026720809 
946 99 23 30 0.026666058 
686 564 12 15 0.02659746 
575 524 12 14 0.026588188 
681 548 10 12 0.026449867 
874 47 26 30 0.026287517 
5 3 13 15 0.026199052 
351 160 11 12 0.026158147 
769 472 7 8 0.0258846 
397 40 9 11 0.025861118 
345 55 7 9 0.025851617 
687 536 7 9 0.02579386 
966 431 21 27 0.025767285 
641 501 8 10 0.02573435 
27 34 14 18 0.025449142 
334 62 8 10 0.025422404 
310 54 8 10 0.02540507 
360 55 7 9 0.025398798 
636 605 10 13 0.025334926 
177 129 39 51 0.02532573 
27 49 15 18 0.025320953 
737 479 7 10 0.025294106 
790 551 8 10 0.02526865 
793 92 43 56 0.02526147 
736 472 7 9 0.02522076 
974 449 13 16 0.025218232 
697 496 8 10 0.025217336 
647 472 9 9 0.025193183 
703 534 9 11 0.025183557 
407 121 10 11 0.025159432 
630 580 9 11 0.025138488 
429 570 11 14 0.025097756 
519 532 8 11 0.025076238 
631 471 8 10 0.02495928 
575 56 31 42 0.024957033 
951 85 25 30 0.024940139 
504 31 17 18 0.024890823 
624 536 8 11 0.024871336 
358 133 9 12 0.024781963 
632 81 51 61 0.024760881 
432 599 8 10 0.024738451 
553 532 10 12 0.024734126 
719 496 7 8 0.024702938 
384 45 7 10 0.024697782 
932 217 29 34 0.024645494 
717 572 13 17 0.024593063 
520 459 20 24 0.02456412 
711 485 7 9 0.024543954 
710 541 11 14 0.024366794 
328 71 8 11 0.02434536 
806 470 9 11 0.02434516 
613 541 10 13 0.024333304 
343 127 8 11 0.024330512 
889 165 49 52 0.024222702 
749 547 9 11 0.024202554 
476 106 22 30 0.024197465 
566 536 12 13 0.024183616 
722 513 7 9 0.024168365 
212 110 15 19 0.024154874 
851 74 30 45 0.024075402 
719 534 9 10 0.024054248 
535 532 11 12 0.02401209 
351 96 8 10 0.023956876 
321 6 8 11 0.023915274 
532 478 13 14 0.023890102 
624 471 9 10 0.023835734 
661 545 8 11 0.023799542 
545 34 73 100 0.023791155 
408 73 8 10 0.023766771 
260 78 10 13 0.023764811 
617 486 7 10 0.023738433 
407 134 11 14 0.023680877 
802 470 8 10 0.023648035 
726 513 7 8 0.023543322 
704 513 7 9 0.023478087 
22 37 21 26 0.023464503 
374 39 8 10 0.023444192 
957 76 24 30 0.023346024 
584 517 10 13 0.023293747 
341 101 8 9 0.023289131 
319 111 8 11 0.023212465 
320 32 8 10 0.023153407 
633 17 15 20 0.023123404 
681 525 10 12 0.023029394 
360 95 9 11 0.022998383 
767 606 9 12 0.0229194 
823 72 27 35 0.022829972 
913 428 18 23 0.02275696 
23 57 13 15 0.022721091 
559 541 10 12 0.02271652 
626 547 10 13 0.022570835 
292 247 30 33 0.02254157 
30 22 12 15 0.022493467 
246 77 12 17 0.022445275 
744 571 10 12 0.022425065 
996 249 14 20 0.022418657 
691 542 18 23 0.02238887 
597 525 12 15 0.022374103 
753 2 20 19 0.022231227 
317 199 32 31 0.022208918 
629 566 8 11 0.022205338 
373 141 11 14 0.022191452 
593 496 8 10 0.022115825 
408 55 9 10 0.022092976 
367 85 6 9 0.022013571 
424 536 12 16 0.02198789 
640 580 8 12 0.021980584 
686 38 13 14 0.02195983 
455 541 13 15 0.021944618 
600 518 8 11 0.021858713 
304 20 8 10 0.021837812 
669 551 8 10 0.02183295 
550 468 12 13 0.021810554 
582 524 9 12 0.021759931 
971 404 18 22 0.02175957 
328 32 8 10 0.021731995 
18 47 20 24 0.021714985 
360 32 9 10 0.02171044 
304 88 7 10 0.021694584 
606 439 9 10 0.02165497 
374 5 9 11 0.021551711 
719 577 15 19 0.021517973 
560 493 11 13 0.021514107 
494 482 14 17 0.021508042 
501 498 11 15 0.021425212 
366 56 7 9 0.021391446 
376 65 7 9 0.021240663 
433 554 11 14 0.021211274 
721 472 6 9 0.021196857 
399 94 8 10 0.021179102 
367 6 9 11 0.021157272 
391 127 9 12 0.021048604 
613 530 9 12 0.021041011 
531 506 12 16 0.021012751 
400 88 8 10 0.021010024 
717 -1 29 26 0.020986019 
570 567 9 12 0.02087458 
301 32 9 10 0.020831006 
725 603 15 17 0.020674527 
360 46 7 9 0.02064032 
548 501 13 17 0.02063811 
359 101 8 10 0.020554602 
690 45 51 55 0.020522438 
505 580 10 14 0.02052226 
376 54 7 10 0.020465774 
703 472 8 10 0.020410176 
562 44 29 38 0.020401442 
727 472 7 8 0.020401213 
727 485 7 9 0.02037081 
439 597 9 11 0.020344 
268 225 94 97 0.020332478 
944 143 16 23 0.020309485 
437 544 19 22 0.020292355 
375 30 8 10 0.020288756 
304 94 7 10 0.020284813 
392 41 8 11 0.020208394 
759 581 9 10 0.020207025 
622 495 8 9 0.020186435 
733 573 10 12 0.020185513 
447 159 11 14 0.020148067 
680 471 7 10 0.02014314 
596 540 10 13 0.020045087 
311 7 8 11 0.020017203 
375 201 36 41 0.020017134 
988 107 26 38 0.02000297 
