35_Basketball_playingbasketball_35_674
101
370 150 65 81 0.99901915 
90 7 30 36 0.9976968 
15 233 36 47 0.9962566 
151 64 35 46 0.99607074 
0 89 24 47 0.995751 
288 116 30 36 0.9953105 
185 139 44 55 0.99528104 
172 15 31 38 0.993722 
215 75 26 34 0.9901748 
597 276 34 40 0.9854665 
563 102 29 36 0.98427975 
859 259 32 39 0.98288214 
633 45 44 69 0.9816094 
983 17 37 92 0.97791034 
950 249 23 29 0.96043736 
406 16 30 40 0.9408346 
999 249 22 27 0.9296996 
875 167 28 32 0.89917195 
900 80 24 29 0.8765315 
267 85 29 36 0.8757077 
510 31 22 29 0.85384136 
356 91 29 33 0.8364934 
352 10 23 30 0.8173375 
451 21 29 38 0.7622447 
479 107 23 27 0.7592799 
802 53 23 29 0.7461869 
602 27 22 27 0.73030543 
840 136 24 30 0.72618395 
452 39 28 40 0.6079711 
818 153 28 40 0.49107876 
551 34 25 31 0.43718946 
120 130 36 46 0.3036398 
579 72 27 32 0.24093999 
794 112 32 40 0.23481539 
785 87 26 33 0.22640394 
980 126 18 23 0.22278002 
340 119 41 54 0.19033979 
787 98 31 41 0.17511135 
930 84 19 24 0.12732245 
973 183 18 22 0.12197006 
266 -1 33 32 0.10934633 
128 147 31 44 0.09342797 
488 139 38 51 0.087835595 
351 108 41 49 0.0856939 
910 287 19 28 0.08366017 
163 0 29 24 0.08111801 
827 140 29 39 0.07207432 
4 403 231 265 0.071844906 
626 57 31 50 0.065375485 
1003 313 18 24 0.060958937 
878 144 24 31 0.056336094 
939 296 23 30 0.05485122 
739 43 25 36 0.0523768 
902 70 15 18 0.052305557 
808 121 19 25 0.048815504 
3 489 23 29 0.04835441 
519 36 24 31 0.04660183 
453 194 43 55 0.045781396 
366 97 29 35 0.04576694 
539 34 25 33 0.044184215 
133 259 45 67 0.0431721 
725 31 37 58 0.042257942 
984 345 19 23 0.03809257 
556 327 41 56 0.03689895 
999 274 25 39 0.036131065 
646 261 36 42 0.03502394 
262 9 29 36 0.034841165 
474 103 39 45 0.033399526 
255 17 26 33 0.030519316 
940 156 16 20 0.03015596 
278 0 23 17 0.029707449 
554 95 27 35 0.028415961 
978 174 15 19 0.028305875 
912 82 18 24 0.02802857 
792 59 28 36 0.02714357 
478 86 28 37 0.026455276 
997 255 26 42 0.026366917 
596 27 39 51 0.026027303 
510 142 39 52 0.0257129 
653 36 54 74 0.025539745 
477 63 22 29 0.025437232 
420 27 29 37 0.025311153 
965 296 24 32 0.02501441 
919 337 39 50 0.024721522 
606 264 33 38 0.024248859 
569 84 29 37 0.024215834 
110 138 37 54 0.024150062 
803 129 38 52 0.023856621 
100 182 29 38 0.023644738 
546 89 17 22 0.023520067 
175 1 29 30 0.02314221 
948 292 23 31 0.022516526 
279 100 34 46 0.022388509 
859 152 37 49 0.022076266 
586 66 19 25 0.021993035 
350 149 48 65 0.02190748 
250 27 24 32 0.021592187 
554 228 42 55 0.021551955 
433 23 38 52 0.02145105 
919 291 24 29 0.020371456 
503 31 19 24 0.020317372 
