35_Basketball_playingbasketball_35_619
25
199 282 16 20 0.8808822 
609 282 14 18 0.78660876 
81 280 14 17 0.7473082 
575 261 15 26 0.6639116 
269 30 266 288 0.5511688 
780 284 15 18 0.17610447 
451 267 24 31 0.11394408 
813 228 13 16 0.08749846 
690 382 46 63 0.07116884 
576 266 23 30 0.07098701 
533 181 16 22 0.06073932 
720 -1 337 448 0.059714463 
784 290 14 17 0.058672808 
142 -57 360 469 0.046856586 
865 490 36 39 0.0454197 
346 -26 381 458 0.033470575 
99 624 43 55 0.032808315 
-31 -7 424 491 0.02810048 
704 316 20 31 0.026737621 
735 333 40 51 0.026348067 
711 313 24 30 0.024911396 
742 87 222 262 0.022653699 
669 275 14 19 0.020573262 
752 330 24 32 0.020484067 
528 194 12 15 0.020358836 
