35_Basketball_basketballgame_ball_35_689
1149
315 317 16 21 0.97850263 
479 115 13 17 0.9677645 
580 63 13 16 0.9505141 
616 132 12 16 0.94472796 
268 45 13 16 0.9351684 
436 24 10 12 0.92171913 
613 11 11 13 0.9180641 
524 207 12 15 0.9169845 
689 235 13 17 0.9153008 
665 225 14 18 0.89395076 
135 134 13 16 0.892182 
350 15 11 14 0.8887336 
575 93 12 15 0.88246185 
244 60 11 14 0.88128495 
419 199 14 17 0.8720216 
447 174 13 16 0.85924244 
518 3 10 13 0.85605896 
100 46 10 14 0.8534746 
118 69 12 15 0.85049945 
579 133 10 13 0.8461637 
95 153 12 13 0.84507734 
615 70 12 16 0.8446193 
517 62 12 15 0.8390773 
742 18 9 13 0.8317116 
21 123 11 13 0.82059455 
173 0 10 11 0.82033414 
229 2 11 12 0.8168223 
341 137 13 15 0.81613153 
698 19 12 15 0.81541187 
323 99 11 15 0.8140292 
173 111 13 16 0.80910236 
723 183 13 15 0.80435014 
60 70 9 11 0.8025648 
84 15 10 13 0.80100256 
652 201 13 17 0.7957829 
352 103 12 15 0.7889821 
409 142 13 15 0.77676225 
550 92 12 14 0.771689 
653 103 12 14 0.7560419 
292 68 13 15 0.7507609 
476 142 11 15 0.74899405 
420 173 13 16 0.7487253 
581 193 12 15 0.7429637 
144 19 10 13 0.7422807 
67 145 12 16 0.734593 
151 49 11 14 0.7320368 
726 144 11 14 0.72412866 
870 130 12 15 0.72342104 
29 144 12 15 0.69568646 
448 200 14 17 0.69527984 
487 190 11 15 0.69391567 
514 190 12 14 0.68461233 
392 189 13 16 0.68396723 
945 140 11 15 0.68028086 
238 122 13 17 0.6791022 
490 86 11 15 0.67812127 
927 167 11 16 0.67461306 
444 79 11 15 0.67156166 
394 79 9 13 0.670081 
909 97 14 16 0.6654711 
212 85 12 15 0.6619069 
413 108 12 14 0.6617696 
468 220 12 14 0.65502644 
300 10 11 14 0.6531275 
554 218 12 16 0.6326592 
552 195 11 15 0.6304916 
450 112 14 17 0.6111505 
938 71 10 13 0.5940094 
655 72 10 13 0.5933375 
19 93 9 12 0.5912798 
541 68 11 14 0.58226913 
382 136 13 17 0.58197504 
207 6 9 11 0.5733283 
182 151 13 16 0.5674307 
144 84 12 15 0.563191 
313 131 13 16 0.5468753 
390 49 11 13 0.54374313 
967 37 13 15 0.5425631 
188 30 10 13 0.5423472 
77 43 10 11 0.53713155 
436 141 12 15 0.53612643 
333 68 12 15 0.5329843 
370 13 12 15 0.52726763 
674 370 14 17 0.5228597 
486 54 10 13 0.5176028 
462 53 11 13 0.50179195 
699 173 12 15 0.49948624 
708 57 9 11 0.48915505 
143 78 11 14 0.48540315 
98 133 11 14 0.483655 
595 11 10 13 0.4791802 
497 35 11 14 0.4786987 
237 152 12 16 0.4770154 
36 64 11 14 0.47494468 
631 195 12 17 0.47400525 
309 39 12 15 0.47035605 
592 216 13 17 0.467254 
940 117 9 12 0.46473023 
960 189 11 14 0.45316687 
807 153 13 19 0.4514066 
690 577 16 20 0.4504912 
515 30 11 14 0.44432744 
337 176 17 20 0.44156936 
883 175 11 14 0.43905357 
47 126 11 14 0.43574375 
116 22 10 13 0.42816028 
555 159 11 14 0.41226375 
269 95 12 14 0.41131347 
841 140 10 13 0.39677897 
521 91 11 13 0.3906858 
49 38 9 12 0.3855786 
63 19 9 12 0.38275513 
202 116 11 15 0.37851667 
294 95 13 16 0.3783324 
647 43 11 13 0.37475118 
869 197 16 19 0.37017605 
575 116 11 14 0.36999667 
387 115 12 14 0.35581103 
671 38 12 16 0.35447124 
551 11 10 13 0.34974256 
988 144 11 13 0.34419397 
772 144 10 12 0.33990285 
422 88 11 13 0.33733562 
623 102 11 14 0.33445647 
395 23 11 12 0.3234124 
0 87 7 11 0.3206915 
543 43 11 14 0.31999508 
129 53 9 11 0.31789932 
933 39 10 13 0.3166451 
219 118 12 15 0.3084884 
661 170 12 15 0.30501604 
674 44 13 15 0.3049383 
75 127 10 13 0.30335283 
206 254 15 18 0.30125195 
507 158 12 14 0.29407635 
950 22 9 11 0.29010108 
507 141 13 15 0.28795287 
6 73 8 10 0.28329548 
576 39 12 15 0.28233027 
89 117 11 13 0.28140613 
676 23 9 11 0.28078684 
376 167 14 20 0.27346277 
462 23 12 13 0.27240857 
371 79 11 13 0.26469985 
606 257 15 17 0.26406074 
81 104 9 12 0.2631689 
983 108 10 13 0.256419 
606 38 10 12 0.25369218 
558 123 11 13 0.24997161 
271 160 14 18 0.24662389 
927 8 10 13 0.24648058 
394 6 13 14 0.24475689 
123 197 9 11 0.2394258 
4 15 9 12 0.23355737 
77 70 11 14 0.2213549 
596 167 9 12 0.21847971 
172 43 9 12 0.21727255 
896 134 9 12 0.21645673 
427 46 12 14 0.20495586 
288 61 13 16 0.20464732 
333 52 9 11 0.1934498 
802 86 12 15 0.19114318 
662 86 10 13 0.19014512 
431 149 12 14 0.1897387 
625 316 13 17 0.18507713 
301 162 15 18 0.184332 
405 121 12 15 0.18311909 
944 23 9 11 0.18293124 
55 95 10 13 0.18203792 
480 1 10 10 0.17618868 
680 78 10 12 0.1744558 
454 35 12 14 0.17306384 
115 117 13 16 0.1716214 
110 30 11 12 0.17121272 
269 67 10 13 0.16623726 
97 93 10 12 0.16593818 
470 44 12 16 0.16326235 
945 27 9 12 0.16117021 
408 15 11 15 0.15882723 
435 99 12 14 0.15628576 
599 94 11 12 0.15624933 
966 31 12 15 0.15531136 
504 164 13 14 0.15514217 
974 83 12 15 0.15503049 
478 4 9 12 0.15485254 
598 233 17 20 0.15478967 
512 104 10 12 0.15360294 
928 39 10 12 0.1535007 
455 386 14 21 0.15286621 
894 93 11 12 0.15229417 
652 13 11 14 0.15139565 
709 216 14 17 0.15016526 
55 3 10 13 0.14958994 
264 70 11 14 0.14637609 
576 125 12 16 0.14600046 
567 4 10 12 0.14413482 
633 191 14 16 0.14295001 
339 166 15 17 0.14247154 
457 54 10 12 0.14196819 
142 71 11 14 0.14165516 
926 86 10 12 0.14097586 
148 16 11 13 0.14031895 
557 189 11 14 0.1399737 
886 183 15 19 0.13899612 
718 243 12 16 0.13815416 
597 141 11 13 0.13776556 
598 228 14 16 0.13561948 
75 52 12 15 0.13550082 
440 117 10 12 0.13481644 
998 22 9 11 0.13426612 
104 5 9 12 0.13241123 
635 442 11 14 0.13130294 
824 65 10 12 0.13129514 
62 94 11 13 0.12812407 
598 30 11 13 0.12581857 
944 163 10 14 0.12523814 
1014 45 9 14 0.12500136 
608 156 10 13 0.12349342 
983 61 12 15 0.12325694 
367 34 13 16 0.12203162 
445 228 11 14 0.12059616 
519 114 12 14 0.11909515 
920 53 9 10 0.11840924 
894 80 7 9 0.11764446 
326 263 13 16 0.11712422 
85 109 10 12 0.1163876 
894 87 10 12 0.11577148 
14 38 9 12 0.11557284 
941 211 9 13 0.11519748 
327 10 12 15 0.114445254 
684 371 11 14 0.11426127 
724 221 11 15 0.113328226 
936 143 10 13 0.11321692 
937 111 10 12 0.11202758 
368 7 11 15 0.111053735 
614 38 10 12 0.110710986 
801 202 12 15 0.11041521 
957 280 8 10 0.110071205 
72 68 11 14 0.11005064 
428 223 11 15 0.10921569 
393 285 9 11 0.10785067 
534 14 10 12 0.10765272 
519 134 9 11 0.106524765 
333 7 12 14 0.10581949 
438 110 12 15 0.10497371 
769 190 9 11 0.10400292 
109 36 10 13 0.10385875 
879 85 8 10 0.10364062 
542 212 11 15 0.1035147 
2 19 9 14 0.10234225 
5 140 10 13 0.102324255 
540 49 13 16 0.10170479 
287 344 15 19 0.10169854 
1013 139 11 17 0.100849956 
438 195 13 17 0.10017325 
509 267 9 12 0.09970326 
951 88 10 13 0.09924182 
159 8 9 10 0.097539514 
487 183 13 17 0.095896386 
577 110 11 15 0.0950306 
654 5 12 14 0.094651245 
645 6 12 13 0.09429742 
717 158 11 14 0.09429687 
95 127 11 14 0.0940268 
276 111 13 17 0.09391732 
237 87 11 14 0.0934822 
653 248 15 21 0.093196064 
364 279 11 13 0.09193782 
17 89 10 12 0.09171748 
957 21 9 11 0.09116408 
68 92 9 13 0.089528576 
501 41 11 14 0.08873519 
517 146 13 17 0.08848275 
604 99 13 14 0.08820733 
888 79 8 9 0.08755354 
1006 104 13 16 0.08727893 
601 36 10 13 0.08692788 
406 43 11 14 0.086317256 
607 43 10 12 0.08618078 
73 60 11 13 0.08578445 
428 154 13 14 0.0857691 
973 101 13 16 0.0853869 
94 67 12 14 0.085156165 
28 753 16 16 0.08503478 
983 148 11 12 0.08496204 
432 107 11 13 0.08469529 
977 107 11 14 0.08448317 
612 156 11 13 0.084247224 
920 39 9 10 0.0841704 
551 302 12 15 0.08367726 
676 28 12 15 0.08318564 
622 29 11 12 0.08318012 
309 362 14 19 0.08290178 
959 38 11 15 0.08201074 
395 45 12 16 0.08197778 
696 196 12 15 0.081706256 
446 208 13 16 0.0807925 
909 119 10 13 0.08070015 
201 6 9 11 0.08040414 
582 199 12 16 0.080132805 
63 28 10 12 0.07949224 
702 76 13 15 0.07858397 
510 78 12 15 0.07825353 
271 144 22 25 0.07793475 
544 0 8 9 0.07759254 
904 56 8 10 0.077119164 
414 62 9 12 0.076987535 
592 28 10 13 0.07647669 
911 70 8 10 0.07626463 
104 1 8 8 0.076151155 
559 184 11 13 0.075910434 
135 62 10 13 0.07568962 
275 138 16 20 0.075659886 
95 100 10 12 0.075631335 
158 133 11 14 0.07494262 
403 163 12 16 0.07490551 
655 0 11 10 0.07479122 
648 69 11 14 0.07458339 
687 61 11 13 0.074397646 
112 91 11 14 0.074347585 
421 226 12 15 0.073070616 
723 213 11 14 0.073063545 
341 0 11 10 0.07278317 
407 190 11 13 0.072586104 
719 220 10 14 0.07251541 
159 0 8 8 0.0724511 
710 0 9 8 0.07232509 
605 31 11 14 0.072174706 
687 6 10 13 0.07207246 
561 1 8 9 0.07199502 
383 124 15 17 0.07151745 
397 215 14 18 0.071348414 
767 206 11 15 0.070171386 
473 1 9 10 0.06936584 
158 12 9 13 0.06933454 
283 131 11 14 0.06927164 
828 127 12 13 0.06904964 
633 46 10 14 0.068940386 
602 241 16 19 0.06882172 
136 1 9 9 0.06878292 
901 30 8 10 0.068722166 
357 61 11 14 0.06859424 
285 29 11 14 0.0684381 
424 157 11 14 0.068263724 
501 168 14 16 0.06800643 
2 78 9 13 0.0679929 
660 76 10 13 0.06774266 
731 148 9 12 0.06758017 
96 41 10 13 0.067537755 
904 61 10 13 0.067470476 
264 29 10 12 0.067184195 
742 -1 9 9 0.066959456 
430 94 11 14 0.06689491 
190 0 9 9 0.06681197 
137 4 10 12 0.06655935 
101 40 12 13 0.06609719 
144 103 11 14 0.06601173 
416 178 13 15 0.065625906 
104 30 10 12 0.065597385 
612 244 10 13 0.06522926 
385 45 12 16 0.065172486 
437 255 9 12 0.0649253 
310 28 12 16 0.06447472 
299 26 12 15 0.064308695 
671 149 11 13 0.06406692 
668 60 11 14 0.06378852 
985 5 10 11 0.063764006 
356 201 13 15 0.06365926 
637 247 12 14 0.063658826 
952 17 8 11 0.06295916 
544 181 11 13 0.06295518 
798 131 11 13 0.062882826 
367 18 11 13 0.06178685 
128 21 9 12 0.0617539 
558 4 9 13 0.061656177 
102 70 9 12 0.061320126 
0 27 7 13 0.06121928 
466 387 15 21 0.061085764 
405 100 13 17 0.06101741 
374 1 10 10 0.060573187 
336 252 11 14 0.06009162 
639 139 12 13 0.059756786 
548 130 11 14 0.059746675 
903 150 8 12 0.059604406 
637 12 9 13 0.059129156 
759 291 9 11 0.058613095 
550 125 11 14 0.0585963 
976 54 10 13 0.05782611 
359 180 13 17 0.057674214 
345 371 17 20 0.05759329 
431 59 11 12 0.057467304 
357 4 12 14 0.05703634 
46 33 9 12 0.05696419 
544 7 8 11 0.056740616 
429 37 11 13 0.056657 
158 102 12 15 0.056546174 
644 85 12 13 0.056274652 
485 3 9 11 0.05625119 
567 172 9 12 0.056017898 
359 54 9 11 0.055682827 
397 100 13 16 0.05550663 
486 170 13 16 0.055456784 
632 6 10 14 0.055386346 
882 82 7 9 0.05531881 
389 92 12 14 0.05514229 
639 6 10 13 0.05512994 
358 76 12 15 0.055066403 
472 15 9 11 0.054961864 
911 40 8 11 0.054651763 
769 221 11 15 0.05455509 
436 46 11 13 0.05399916 
986 102 12 16 0.05392569 
941 62 9 11 0.053896893 
110 44 11 14 0.05373555 
523 4 10 13 0.0537144 
117 16 10 12 0.053662274 
230 129 13 17 0.05353761 
646 0 10 11 0.053361718 
769 184 10 12 0.052748844 
911 63 8 10 0.052690145 
118 46 10 13 0.052590173 
707 172 12 15 0.052435264 
749 249 13 16 0.0524149 
625 202 12 17 0.05238346 
767 197 9 13 0.052334152 
645 117 10 12 0.052312154 
952 108 9 11 0.05224195 
13 31 9 12 0.052160442 
477 13 9 11 0.051816598 
453 137 13 17 0.051642865 
937 104 9 10 0.051618893 
467 21 11 13 0.05155422 
486 209 13 16 0.051303033 
365 95 10 13 0.051031347 
700 377 13 16 0.050992668 
1006 70 12 14 0.050724123 
663 119 11 14 0.05072259 
565 241 13 17 0.05070393 
490 194 12 15 0.050678503 
412 189 12 15 0.050442044 
55 62 10 12 0.050422564 
125 37 10 12 0.05030307 
366 69 13 16 0.050295748 
305 36 12 16 0.05000073 
967 227 10 12 0.049990363 
904 118 10 13 0.049862903 
436 52 11 13 0.04964879 
894 60 10 13 0.049594596 
256 74 13 16 0.049576256 
21 99 9 12 0.049343582 
411 285 9 10 0.049309414 
988 66 10 14 0.048954748 
773 155 10 12 0.048943117 
583 184 12 15 0.048875775 
42 31 9 11 0.048799913 
969 286 8 9 0.04835275 
1011 93 10 15 0.048300263 
893 54 8 10 0.048201002 
942 286 8 12 0.048163213 
876 181 19 24 0.048118643 
889 93 9 11 0.048102304 
413 123 12 15 0.0480568 
545 188 12 15 0.0477321 
269 113 15 18 0.047677454 
286 55 13 16 0.04754392 
343 90 11 14 0.04734087 
94 137 13 17 0.047291543 
310 22 11 14 0.047194134 
399 36 11 15 0.047058295 
896 339 11 13 0.04700363 
481 53 9 13 0.04695197 
616 165 10 13 0.046833634 
5 6 10 11 0.046784967 
112 15 9 12 0.04671279 
357 68 12 16 0.04666018 
557 58 11 14 0.046609387 
553 0 8 9 0.046540383 
231 116 16 19 0.0462682 
678 49 12 14 0.046055794 
332 257 12 17 0.045928407 
620 61 13 15 0.045754626 
698 585 15 19 0.045748517 
314 201 13 17 0.0456489 
944 91 10 13 0.045641113 
648 106 11 14 0.045596275 
993 21 9 11 0.045202464 
640 91 10 13 0.04511937 
983 92 11 13 0.04510316 
992 287 10 12 0.045086514 
514 1 10 11 0.04498002 
265 98 13 16 0.044935655 
543 126 12 15 0.044917855 
683 167 11 13 0.04479663 
917 69 9 11 0.044718765 
328 46 9 12 0.0445164 
234 4 12 14 0.044424348 
710 6 9 12 0.044095 
456 45 11 15 0.044011045 
417 90 11 14 0.04387004 
20 78 10 11 0.043645125 
940 36 11 14 0.043626416 
659 3 10 13 0.043601137 
998 285 10 12 0.043563806 
791 227 11 15 0.043495536 
928 90 9 13 0.04344543 
610 7 19 22 0.043372516 
334 154 14 18 0.043258797 
972 89 13 17 0.0432183 
910 104 11 13 0.04311623 
490 204 14 18 0.042967632 
874 126 13 16 0.042877052 
1007 30 9 11 0.042781148 
693 67 11 16 0.042746365 
670 191 13 16 0.04266915 
695 373 12 15 0.042509735 
373 124 10 15 0.042467996 
463 163 12 16 0.042459104 
158 67 11 14 0.042395387 
592 242 13 17 0.042390443 
760 199 8 12 0.04229837 
69 119 10 12 0.042151447 
413 225 14 18 0.041948665 
366 100 10 13 0.041846033 
463 171 13 16 0.04183982 
124 4 11 13 0.041824922 
367 0 10 11 0.041753042 
694 191 11 14 0.04173748 
830 94 10 14 0.04163848 
455 22 10 12 0.0415882 
523 145 13 17 0.04117028 
388 101 15 17 0.041092362 
216 19 11 14 0.0408516 
87 94 10 11 0.04082544 
648 18 13 15 0.04063091 
938 64 9 11 0.040516514 
56 12 10 13 0.040503077 
389 38 12 15 0.040341195 
536 8 9 10 0.040213715 
315 37 13 16 0.040211566 
406 -1 11 10 0.04007771 
565 206 10 13 0.0400243 
373 102 9 12 0.03999818 
515 182 14 17 0.039951514 
74 39 10 12 0.039939146 
468 179 11 15 0.039861016 
906 68 9 12 0.039701458 
944 17 9 10 0.0396529 
559 171 10 12 0.039515007 
552 118 11 14 0.039506197 
702 66 13 16 0.039499775 
669 68 12 15 0.03943819 
547 68 11 13 0.039430257 
597 21 11 13 0.039399114 
278 125 14 15 0.039384063 
598 88 11 13 0.03900997 
88 88 9 12 0.038953144 
126 0 10 10 0.038799465 
512 232 10 12 0.03876306 
137 69 10 12 0.038655072 
477 156 11 13 0.038614966 
118 130 13 15 0.038571514 
558 203 11 14 0.038541235 
549 248 15 18 0.03850448 
17 118 11 15 0.038444646 
726 294 8 11 0.03835446 
264 64 11 13 0.03825046 
87 122 12 15 0.038234662 
392 1 11 11 0.03803673 
788 151 11 13 0.0380109 
684 82 10 13 0.037992664 
494 171 11 14 0.03798201 
525 1 10 10 0.037919033 
999 27 11 12 0.03782613 
136 14 10 13 0.037776332 
592 20 11 14 0.037737727 
21 38 9 11 0.03772022 
183 53 10 11 0.037711963 
646 190 12 15 0.037550997 
34 142 12 14 0.037461318 
394 106 13 15 0.03742026 
411 114 13 15 0.037340343 
360 94 11 14 0.037263643 
397 93 12 15 0.03724957 
359 83 11 13 0.03722295 
405 171 12 16 0.03716515 
895 98 12 14 0.03712296 
818 68 9 12 0.037109155 
100 87 12 14 0.03706803 
396 280 9 12 0.03705741 
126 149 11 12 0.03701533 
442 139 14 17 0.036877804 
564 124 11 13 0.03684028 
981 56 11 13 0.03683692 
566 58 10 14 0.03673196 
453 221 11 13 0.036604233 
69 88 11 13 0.036553655 
590 258 12 16 0.036506776 
397 0 11 10 0.036395673 
333 183 15 17 0.03638555 
8 29 10 13 0.03627916 
579 98 11 15 0.036132544 
974 286 9 11 0.036125727 
192 5 10 12 0.0361008 
50 100 10 12 0.036051583 
120 0 11 11 0.03598612 
141 63 11 12 0.035915114 
551 60 11 15 0.035886295 
158 84 11 14 0.035835445 
962 67 13 15 0.03580763 
782 198 13 16 0.03577728 
355 19 11 14 0.0357235 
198 134 12 15 0.035661623 
69 101 9 11 0.035589606 
967 24 8 10 0.035568688 
165 86 11 14 0.035566207 
681 174 10 13 0.035507243 
434 19 17 21 0.035450183 
705 0 9 9 0.03527617 
952 38 10 13 0.035253245 
768 1 10 10 0.035202328 
446 104 13 16 0.03519828 
446 14 12 14 0.035143487 
307 13 11 13 0.035083532 
110 6 9 11 0.035075914 
55 88 10 11 0.03498185 
1008 1 9 9 0.034897007 
569 11 10 12 0.034875594 
168 3 11 12 0.034866508 
628 208 13 17 0.03486251 
627 106 11 14 0.034814745 
351 0 10 10 0.03479845 
444 20 11 14 0.034687005 
462 6 9 10 0.03458946 
615 31 10 12 0.034587726 
717 41 12 15 0.034521837 
1008 133 13 18 0.03448393 
221 14 10 12 0.0344834 
461 131 12 16 0.03446483 
424 151 11 13 0.03441499 
518 171 13 15 0.03439983 
413 245 11 14 0.034333356 
177 166 12 15 0.034327425 
253 54 10 13 0.03430137 
268 122 14 16 0.034285642 
572 172 12 14 0.034206 
536 131 11 14 0.034202646 
992 45 11 12 0.034166034 
102 23 9 11 0.03413317 
556 244 14 17 0.03409202 
622 96 11 13 0.034071412 
426 196 13 17 0.03403952 
213 0 11 11 0.03399219 
829 61 11 14 0.03392273 
894 47 8 10 0.033854563 
996 140 11 15 0.033689246 
81 11 17 21 0.033633523 
239 55 13 17 0.03356398 
438 226 13 17 0.03347491 
460 107 11 16 0.033457667 
145 45 10 13 0.033450276 
599 248 15 20 0.033433706 
615 100 11 14 0.033404 
543 207 11 14 0.033388928 
40 0 10 9 0.0333758 
385 95 10 12 0.033319585 
291 350 17 24 0.033317417 
511 23 9 12 0.03328056 
927 109 9 11 0.033260953 
437 61 10 12 0.033189286 
820 213 14 16 0.03316304 
656 166 13 16 0.03313311 
141 1 10 9 0.032978173 
630 21 11 14 0.03297782 
47 0 9 9 0.03288788 
302 110 12 15 0.032855056 
709 180 10 13 0.03284633 
656 178 12 16 0.032802917 
103 14 9 11 0.03247195 
940 121 12 14 0.03243666 
226 137 21 26 0.032352116 
169 -5 20 20 0.032306284 
605 282 11 14 0.032225594 
616 171 11 14 0.032198943 
215 16 10 12 0.032180935 
637 318 9 12 0.0321668 
109 150 9 12 0.03213541 
636 50 11 14 0.032130707 
262 108 14 17 0.032026954 
704 6 10 13 0.032019284 
433 274 10 14 0.031984266 
462 272 12 16 0.031957205 
645 92 13 15 0.031911407 
344 109 11 13 0.03189526 
506 172 14 15 0.0318893 
460 382 15 19 0.031884685 
441 122 11 14 0.031870287 
688 191 10 13 0.03182705 
229 53 13 16 0.03181997 
406 51 10 12 0.0318188 
282 146 16 19 0.03181796 
935 93 9 11 0.03179438 
346 162 16 20 0.031757385 
452 228 10 14 0.03154398 
660 277 10 11 0.03153095 
685 126 10 12 0.031513374 
103 75 10 13 0.03141577 
701 149 12 14 0.031409312 
598 59 11 13 0.03138195 
619 37 11 12 0.03137624 
593 172 11 13 0.03132223 
126 29 9 12 0.031319063 
958 75 11 13 0.031286526 
518 100 10 12 0.03124195 
511 235 14 16 0.031214241 
373 42 12 15 0.031122928 
628 219 14 17 0.031074282 
172 119 15 18 0.031065684 
403 212 14 17 0.031031214 
392 74 16 22 0.031019723 
292 139 14 18 0.03099622 
47 5 12 13 0.030948406 
351 62 11 13 0.030866552 
550 52 11 14 0.030859742 
736 0 11 10 0.030727342 
406 180 13 16 0.030667769 
921 78 8 11 0.030648038 
678 0 10 9 0.030588778 
64 117 10 13 0.030523874 
953 283 10 11 0.030506298 
191 140 12 16 0.030451078 
614 83 12 13 0.030450588 
699 200 12 15 0.030424643 
551 173 10 12 0.03037304 
925 53 9 11 0.030271282 
962 30 9 12 0.03023123 
935 65 17 23 0.030149365 
163 133 14 15 0.030113954 
886 117 10 12 0.030090205 
492 54 9 12 0.030071486 
927 44 10 12 0.03002714 
959 110 8 10 0.02999487 
61 87 12 14 0.029943746 
895 128 9 12 0.029910509 
447 36 11 14 0.029871186 
687 291 10 12 0.029865935 
57 65 17 22 0.029857535 
963 61 12 14 0.029855415 
976 59 11 14 0.029808225 
709 11 11 15 0.029769277 
400 123 12 15 0.02975723 
52 106 13 16 0.029754851 
464 16 9 11 0.029736372 
398 71 11 15 0.029681236 
546 194 12 15 0.029606434 
966 85 13 17 0.029567106 
704 144 10 11 0.029496916 
952 69 9 12 0.029487446 
221 76 13 14 0.029472014 
554 99 12 14 0.029428333 
383 60 11 14 0.029403875 
475 218 12 15 0.02939816 
661 363 10 13 0.029336674 
86 10 10 11 0.029297447 
1001 229 10 13 0.029266544 
633 200 14 19 0.029256677 
831 138 12 14 0.029234724 
700 70 20 24 0.029214427 
844 134 11 14 0.029213635 
339 3 12 16 0.029193657 
808 278 10 12 0.029165354 
327 275 13 16 0.029141009 
54 31 10 12 0.029101048 
754 295 9 11 0.029086785 
904 94 10 13 0.029065568 
571 5 12 13 0.02906289 
149 70 10 14 0.029017434 
414 43 10 14 0.028982107 
360 402 12 17 0.028945522 
372 68 13 15 0.028941607 
510 135 12 16 0.028909918 
141 159 14 19 0.028873421 
585 60 13 16 0.028828396 
977 198 9 12 0.028820746 
478 228 12 17 0.028786572 
936 135 9 13 0.028758943 
129 132 12 15 0.028706348 
123 117 13 15 0.028623367 
767 260 14 17 0.028572341 
447 385 16 22 0.028561234 
351 7 13 16 0.028521447 
580 21 12 14 0.028514689 
910 77 8 10 0.028455395 
768 109 11 13 0.028451411 
153 0 9 9 0.028412607 
328 179 13 17 0.028379409 
836 134 19 25 0.028377168 
623 220 12 16 0.02832209 
686 67 12 15 0.028207906 
537 62 11 14 0.02819473 
360 47 9 12 0.028186439 
120 37 9 12 0.028182907 
815 283 13 18 0.028120419 
208 155 10 12 0.028053083 
150 126 12 15 0.028051157 
978 77 12 15 0.028019594 
751 135 8 10 0.02801811 
565 29 12 14 0.028011052 
785 192 21 26 0.027991856 
199 1 9 9 0.027957872 
606 116 12 15 0.027945982 
1013 30 9 12 0.02792253 
1009 98 14 19 0.027896106 
614 64 13 15 0.027816657 
999 131 12 16 0.02774656 
451 30 19 23 0.027724067 
486 47 12 14 0.027718272 
966 53 10 12 0.027701281 
0 165 10 16 0.027596029 
329 61 12 16 0.027585076 
461 44 17 21 0.027564038 
640 66 13 16 0.027551496 
965 117 9 11 0.027429473 
759 5 11 11 0.027420964 
759 228 11 13 0.027417168 
446 70 10 13 0.027406774 
-104 278 534 461 0.027365077 
613 92 12 14 0.027340999 
428 123 11 16 0.027279373 
508 143 17 21 0.027267205 
652 95 13 16 0.027265675 
341 114 12 15 0.027248466 
536 0 9 9 0.02720681 
639 37 11 15 0.027142689 
719 225 13 17 0.027136048 
773 0 11 10 0.027057135 
232 22 11 14 0.027042279 
101 62 11 12 0.027013088 
57 21 10 11 0.026942967 
976 116 11 13 0.02693381 
274 100 12 14 0.026873633 
556 304 14 17 0.026872938 
263 23 10 13 0.026839515 
663 59 9 13 0.026820984 
0 47 7 12 0.026796445 
692 211 13 15 0.02679486 
998 290 14 15 0.02677494 
995 148 11 13 0.026769724 
677 70 11 15 0.026743617 
700 191 12 14 0.026731556 
935 157 10 14 0.026711099 
967 280 8 10 0.026627034 
110 110 12 15 0.026625171 
464 216 11 13 0.026591763 
646 182 12 14 0.026591564 
738 15 18 22 0.02654699 
338 69 12 16 0.026538305 
456 0 9 10 0.026527261 
518 166 11 13 0.026511837 
59 4 11 13 0.026405444 
120 201 11 14 0.026402386 
480 195 12 15 0.026310679 
191 12 11 13 0.026289897 
183 47 10 12 0.026289541 
609 76 12 14 0.026234074 
238 14 10 11 0.026203282 
510 241 14 17 0.026153833 
598 0 9 11 0.026100988 
639 108 11 14 0.026100386 
42 45 11 12 0.026067922 
121 51 9 13 0.025954705 
703 213 14 17 0.025945242 
1012 75 11 15 0.025894377 
668 215 14 16 0.025883235 
919 130 11 13 0.025877135 
605 195 12 15 0.025833756 
453 121 12 14 0.025825983 
69 14 9 12 0.02578564 
376 131 11 17 0.025781808 
482 111 13 15 0.025729218 
173 130 12 15 0.025705235 
718 135 11 14 0.025675789 
18 119 18 22 0.025655933 
415 68 10 13 0.025634091 
674 227 13 16 0.025617044 
267 73 12 15 0.025605917 
613 42 11 13 0.025562368 
717 71 12 15 0.025511589 
900 141 9 11 0.025501266 
298 353 20 27 0.025493108 
41 130 11 15 0.025482371 
978 150 11 12 0.025466433 
563 189 10 12 0.025448987 
160 138 12 14 0.025416162 
984 12 11 13 0.025398403 
452 103 13 17 0.02539475 
416 165 12 16 0.02538039 
903 155 12 16 0.025370287 
86 54 10 12 0.025364535 
351 202 12 15 0.025289653 
283 109 13 16 0.025256611 
515 0 18 22 0.025170043 
241 147 14 18 0.025155071 
938 22 8 10 0.02509601 
1013 126 10 14 0.025081169 
936 275 10 11 0.02506427 
581 29 11 13 0.025053423 
48 108 11 14 0.025035348 
962 194 11 14 0.025034662 
236 108 17 20 0.02501824 
513 65 12 15 0.025002064 
676 328 13 14 0.02497395 
226 0 18 20 0.024940269 
916 182 11 14 0.024915705 
605 106 13 15 0.024892068 
79 0 10 10 0.024890553 
582 3 11 14 0.024860147 
407 62 11 13 0.024822757 
710 45 12 14 0.024809983 
383 36 12 15 0.02480672 
795 194 19 25 0.024800189 
650 38 12 14 0.02474082 
243 106 15 19 0.024735441 
120 192 11 14 0.024669664 
679 180 11 13 0.02466388 
965 76 12 15 0.024620766 
439 0 10 10 0.024603417 
139 75 11 14 0.024486652 
716 107 11 14 0.024472235 
721 147 10 13 0.024385042 
564 182 11 14 0.024381246 
114 109 15 18 0.024376871 
339 144 14 18 0.024373231 
813 278 12 14 0.024372555 
421 123 13 16 0.024361711 
997 124 11 15 0.024355682 
526 101 9 12 0.024323625 
620 166 11 14 0.024320915 
350 35 11 14 0.024319708 
365 42 13 15 0.024312979 
638 18 11 14 0.02430781 
100 99 11 13 0.024296243 
621 54 12 13 0.024283005 
700 167 20 25 0.024242382 
443 131 14 18 0.024214538 
906 45 7 9 0.024196051 
990 15 10 12 0.024184337 
438 37 11 13 0.024183158 
957 86 10 15 0.024140334 
390 212 16 19 0.024123106 
743 77 12 15 0.02403452 
421 99 13 16 0.02402839 
92 111 9 12 0.023997111 
890 133 9 11 0.023974048 
351 68 11 15 0.023974042 
910 56 9 10 0.023942294 
524 178 11 15 0.023910932 
94 74 14 16 0.023904972 
431 115 11 14 0.023901362 
415 52 10 13 0.023899784 
109 50 11 15 0.023884542 
134 47 10 13 0.023822164 
551 153 17 23 0.023811968 
464 225 13 16 0.023773558 
184 25 17 22 0.023755506 
269 132 15 19 0.023716507 
16 77 9 12 0.023710605 
518 83 17 21 0.023688354 
747 14 10 13 0.023642221 
202 0 20 23 0.023635508 
589 182 10 12 0.023582358 
519 125 11 14 0.023521857 
16 88 16 21 0.023520764 
158 62 10 13 0.023517456 
640 1 10 11 0.023515321 
727 1 11 11 0.023491967 
764 287 9 12 0.02346683 
355 162 14 18 0.023464689 
966 111 9 11 0.02344453 
937 187 11 14 0.023439933 
45 53 10 13 0.023395516 
675 193 13 17 0.023394752 
889 60 8 12 0.023390587 
801 155 13 16 0.023386572 
380 6 13 15 0.023334157 
510 44 11 14 0.023311833 
887 125 11 14 0.023284046 
853 155 10 14 0.02326816 
912 175 9 12 0.023262402 
904 78 10 10 0.023254083 
346 17 12 15 0.023223931 
112 99 12 15 0.02319216 
888 73 7 9 0.023188677 
1006 85 14 17 0.02318599 
630 0 10 10 0.023177626 
652 140 12 14 0.02315899 
149 105 11 14 0.023117106 
591 150 11 13 0.023106327 
847 96 9 11 0.0230916 
222 133 13 17 0.023073282 
87 131 12 15 0.023071805 
430 132 13 17 0.023058953 
703 55 18 22 0.023048943 
607 173 10 12 0.023031604 
57 74 12 15 0.023014754 
523 109 13 16 0.023001328 
1003 294 12 14 0.022997353 
558 149 11 15 0.022963587 
366 268 13 16 0.022952715 
961 116 9 13 0.022948116 
698 333 9 11 0.022931118 
689 286 10 13 0.022925494 
930 143 10 13 0.022925159 
421 141 11 13 0.022894574 
103 115 11 15 0.022857616 
142 39 10 13 0.02284721 
464 245 10 12 0.02275728 
607 20 10 13 0.022748107 
192 136 10 12 0.022722322 
50 129 12 15 0.022704795 
293 35 11 13 0.02266629 
335 0 13 13 0.022665126 
431 16 12 14 0.022658864 
329 404 12 16 0.022588959 
294 116 13 17 0.022581989 
550 106 12 15 0.022560038 
692 61 11 13 0.02254729 
459 196 13 17 0.022530057 
503 229 9 13 0.022528324 
759 134 9 11 0.022511048 
449 52 9 12 0.022469953 
52 43 10 12 0.022454333 
851 131 11 14 0.022453053 
315 357 16 19 0.022431122 
431 70 11 14 0.022416698 
573 13 11 13 0.022398945 
685 180 12 14 0.022390451 
69 110 11 13 0.02233328 
417 78 10 13 0.02230166 
633 250 12 15 0.02228275 
671 50 12 15 0.022277296 
677 106 14 16 0.022275288 
638 147 13 15 0.022237815 
22 111 11 14 0.022231761 
903 111 9 11 0.02221467 
895 146 11 14 0.022203565 
456 6 9 11 0.02220208 
423 39 11 13 0.02217678 
278 61 11 14 0.022168728 
537 37 12 13 0.022140795 
151 40 11 14 0.022140622 
935 181 10 13 0.022138719 
406 7 11 12 0.022132177 
951 62 10 12 0.022126239 
45 137 12 15 0.022108236 
171 138 14 17 0.02204685 
991 116 10 12 0.022028811 
579 86 11 15 0.021970363 
958 62 12 14 0.021929683 
151 57 10 13 0.021898597 
992 124 10 15 0.02187094 
308 430 16 22 0.021846434 
548 257 16 18 0.021845631 
904 39 8 10 0.021834027 
436 270 10 14 0.021833606 
750 76 13 15 0.021788191 
917 64 9 10 0.021766689 
62 109 12 14 0.021720516 
478 163 12 16 0.021705482 
735 212 10 13 0.021688657 
589 156 11 13 0.021674758 
653 146 11 14 0.021672765 
879 93 9 11 0.021647438 
724 176 14 16 0.021591263 
1015 21 9 12 0.021559566 
438 70 11 14 0.021549495 
691 589 18 21 0.021506129 
575 30 12 15 0.021465313 
368 164 10 16 0.021458918 
1006 200 14 20 0.02139523 
889 86 9 12 0.02138525 
438 293 9 12 0.021381067 
856 54 9 12 0.021374151 
477 422 11 14 0.021360911 
707 587 12 17 0.02135714 
678 59 12 15 0.021343922 
767 138 18 23 0.021299431 
86 39 9 12 0.021297347 
477 212 12 16 0.021266151 
72 7 10 12 0.02125801 
547 300 10 14 0.021236984 
943 57 8 10 0.021221785 
646 208 14 17 0.02120624 
397 118 12 14 0.021204837 
628 357 10 13 0.021191394 
484 233 14 18 0.021161381 
600 257 13 18 0.02113099 
883 192 16 19 0.021091511 
85 112 19 24 0.021089477 
836 95 10 12 0.021064652 
989 1 11 10 0.021039344 
452 14 10 13 0.021022495 
255 20 10 13 0.021007827 
342 365 14 19 0.021004368 
590 44 11 13 0.02098402 
175 62 10 13 0.020971699 
180 142 14 17 0.020938855 
503 135 12 16 0.020885512 
399 169 12 16 0.020844745 
998 5 10 11 0.020827036 
422 207 12 16 0.020817986 
934 13 8 11 0.020780306 
364 51 12 13 0.020761535 
306 5 13 15 0.020747555 
545 101 11 13 0.020738484 
654 53 11 14 0.020694995 
96 29 10 12 0.020661896 
68 20 9 13 0.020661816 
1008 37 11 13 0.020617537 
752 5 11 12 0.020614494 
790 7 10 10 0.020600308 
848 126 11 13 0.0205731 
897 25 9 12 0.020534022 
111 1 8 9 0.0205176 
658 107 11 13 0.020510653 
559 141 11 13 0.02049584 
543 258 11 15 0.020481981 
155 76 13 16 0.020453557 
401 38 19 24 0.020450342 
948 145 11 13 0.020426918 
235 26 11 15 0.020383518 
976 281 9 11 0.020375898 
250 60 12 14 0.020316655 
895 116 10 12 0.020313108 
629 155 12 14 0.020309005 
275 50 13 15 0.020280767 
124 124 14 17 0.020261465 
607 316 10 13 0.020235874 
922 9 96 123 0.020196768 
221 141 15 22 0.020178288 
157 38 10 13 0.020165024 
398 62 10 12 0.02016079 
484 219 13 15 0.020141713 
64 124 10 13 0.020119816 
975 190 11 12 0.020108698 
389 169 11 15 0.020088095 
711 162 12 16 0.020083562 
989 132 13 17 0.020075798 
488 36 11 14 0.020066073 
606 53 11 15 0.0200502 
