35_Basketball_Basketball_35_449
524
490 243 24 28 0.9315043 
81 413 9 13 0.9039922 
782 448 7 11 0.67477536 
982 410 10 12 0.57291985 
291 391 7 10 0.41868052 
801 470 8 11 0.37426943 
374 423 9 11 0.36421308 
906 417 8 10 0.35488638 
836 452 9 11 0.3476469 
765 459 9 12 0.34194234 
857 397 10 13 0.33342546 
759 472 8 11 0.31168532 
76 441 14 17 0.3019689 
151 421 10 12 0.29337582 
261 455 7 9 0.2911819 
169 455 7 10 0.28114182 
909 421 8 10 0.26724705 
102 401 9 11 0.26693982 
110 384 7 9 0.26185578 
112 462 8 11 0.21826927 
852 438 8 10 0.21306217 
128 437 10 12 0.20027947 
740 471 9 11 0.19841923 
156 423 9 11 0.1935511 
183 446 8 10 0.19211912 
144 421 10 13 0.19127892 
890 425 7 10 0.18862821 
160 388 9 10 0.18067758 
631 448 7 9 0.18025169 
144 446 9 12 0.17763507 
176 445 9 11 0.17464276 
983 453 8 9 0.17385349 
495 497 8 10 0.16780916 
481 33 21 26 0.16517493 
173 454 8 11 0.15887898 
142 383 7 9 0.15349025 
53 445 10 12 0.1534445 
390 493 10 13 0.14850056 
241 447 8 10 0.1474727 
119 430 9 12 0.14482525 
18 422 9 11 0.14318438 
804 477 9 12 0.14000735 
25 399 8 10 0.13311489 
126 408 8 10 0.13115789 
125 422 8 11 0.1244769 
973 421 10 12 0.12420944 
98 431 8 10 0.123735376 
126 414 8 10 0.1224129 
431 495 8 10 0.11549574 
409 471 9 11 0.11543772 
956 456 9 11 0.114377536 
965 437 10 12 0.11401353 
678 477 9 12 0.11292686 
563 423 7 10 0.11220319 
144 452 8 10 0.110834405 
911 427 9 12 0.110650346 
111 405 8 10 0.110398285 
978 413 10 13 0.10732349 
800 465 9 11 0.10710318 
127 445 8 11 0.10690734 
177 441 8 10 0.106202275 
120 384 7 9 0.10520342 
128 431 10 13 0.09967739 
225 447 7 10 0.098762326 
69 428 9 11 0.09851264 
55 399 9 11 0.09826294 
255 433 8 9 0.097877085 
891 429 9 12 0.09763028 
774 494 9 11 0.09681192 
121 390 8 10 0.096234135 
223 462 7 9 0.09621295 
415 463 8 11 0.09090696 
835 449 8 11 0.089360856 
29 400 7 9 0.08812098 
777 472 8 9 0.08773785 
143 376 8 10 0.08692655 
823 478 10 12 0.08577275 
286 415 7 10 0.085755214 
57 439 9 12 0.08537768 
206 448 9 10 0.08431138 
50 451 12 14 0.08374223 
192 454 7 9 0.08288538 
200 408 7 9 0.08224412 
113 440 7 10 0.0821171 
799 493 8 10 0.081932 
97 400 9 10 0.08152508 
144 407 8 10 0.08145862 
118 464 8 11 0.08078003 
231 433 7 9 0.07970581 
425 495 8 11 0.079595834 
138 384 8 9 0.079557255 
150 445 8 11 0.07672739 
218 462 7 9 0.07662598 
15 384 8 9 0.0764813 
169 415 8 9 0.07496303 
912 445 9 12 0.07482709 
144 415 10 12 0.07479118 
635 470 6 9 0.072925806 
14 391 9 11 0.070453316 
150 441 9 11 0.06980995 
7 414 8 10 0.06964029 
25 456 9 10 0.069155455 
64 430 9 11 0.0677089 
545 495 7 10 0.06667558 
973 438 11 13 0.0664738 
432 455 10 12 0.06611526 
118 437 9 11 0.06588606 
957 461 8 11 0.065883696 
562 451 10 12 0.06563895 
736 474 10 12 0.06492455 
120 407 9 10 0.06434582 
111 445 8 10 0.06344437 
224 455 7 10 0.06341998 
685 475 11 13 0.062299624 
138 454 7 9 0.0622078 
430 159 20 32 0.061268657 
709 494 8 12 0.061178163 
30 454 9 10 0.060819145 
16 397 8 10 0.06072989 
312 486 8 11 0.060599435 
0 439 9 13 0.06035692 
671 398 13 17 0.060135614 
967 431 10 13 0.060029857 
105 456 9 11 0.05997144 
231 438 7 10 0.05960903 
0 382 7 10 0.059608467 
385 487 8 10 0.059398 
224 415 8 9 0.059222706 
250 432 8 9 0.058599483 
143 389 8 10 0.05850399 
96 423 9 11 0.058502458 
182 441 8 10 0.058183968 
967 417 10 12 0.05743344 
168 448 8 10 0.05730384 
298 407 7 10 0.05688564 
520 501 7 10 0.056432575 
615 504 9 11 0.056254733 
120 399 8 10 0.055840284 
776 477 8 10 0.055259768 
842 502 9 11 0.054934617 
806 463 8 11 0.054906044 
5 422 8 11 0.054753218 
272 392 6 9 0.05465867 
159 445 9 10 0.05460188 
185 452 8 11 0.054304972 
478 494 7 10 0.054109674 
25 404 9 11 0.05405701 
72 487 10 11 0.053597994 
302 405 8 12 0.053581096 
105 460 10 13 0.053350564 
96 436 9 11 0.05319929 
415 454 7 10 0.053125653 
207 408 7 9 0.05306337 
754 470 8 10 0.05285824 
616 471 7 10 0.052810345 
561 429 8 10 0.052637618 
215 423 8 11 0.05241496 
218 391 8 9 0.052361567 
269 424 8 10 0.05192851 
263 431 8 10 0.05175911 
23 416 9 10 0.051243387 
849 454 10 13 0.051174693 
78 449 13 15 0.051173884 
319 384 8 11 0.050922267 
158 427 9 11 0.050902106 
318 389 8 11 0.05072171 
161 454 8 10 0.050384518 
49 447 9 12 0.050315566 
972 430 10 11 0.05018356 
40 454 10 12 0.05003783 
191 438 7 10 0.049610734 
262 460 8 10 0.0495668 
62 445 10 13 0.049500953 
418 494 7 10 0.049302306 
456 493 8 11 0.049277775 
121 415 9 10 0.049061622 
83 438 11 14 0.048478466 
72 437 13 17 0.04812731 
623 479 6 8 0.047959756 
303 400 9 10 0.04792968 
514 486 7 10 0.047812764 
342 503 9 11 0.047692277 
781 470 8 11 0.046969797 
49 398 7 10 0.04694297 
168 430 9 10 0.046939366 
905 443 9 12 0.046848428 
676 375 11 14 0.046369698 
4 429 11 13 0.046277527 
992 436 11 13 0.04620117 
792 463 9 11 0.04619686 
887 486 10 12 0.046120547 
193 408 7 9 0.046051715 
144 400 8 10 0.045639083 
335 472 8 10 0.045604046 
120 446 8 10 0.04530865 
894 453 8 10 0.04505624 
303 385 7 9 0.045013398 
854 454 9 12 0.04492958 
168 473 7 9 0.0449246 
238 463 8 11 0.04481256 
90 486 10 12 0.044248447 
905 463 8 11 0.043964483 
767 488 9 11 0.04387057 
627 456 6 8 0.04380285 
775 488 10 12 0.043647524 
303 414 8 11 0.043581504 
256 449 8 10 0.043479167 
288 408 8 10 0.043458354 
594 431 6 9 0.042886578 
191 430 8 10 0.042817563 
854 444 8 12 0.042715356 
152 376 7 9 0.04262404 
632 464 7 10 0.042605244 
10 392 8 10 0.04255698 
617 477 6 8 0.042354487 
271 429 7 9 0.042336617 
217 456 7 9 0.04221373 
575 502 7 10 0.04216351 
879 414 8 9 0.042065136 
210 422 8 10 0.042040374 
753 463 8 10 0.04187476 
490 502 8 10 0.04180965 
854 460 8 10 0.04173107 
138 376 7 9 0.04048017 
151 453 7 9 0.040417556 
199 413 8 9 0.04025156 
103 438 8 10 0.040067848 
233 392 7 9 0.039960504 
201 447 9 11 0.039775405 
546 470 8 11 0.03949084 
84 409 10 12 0.0393512 
609 432 7 9 0.03934952 
135 401 8 9 0.039111197 
125 464 9 11 0.039054208 
142 426 10 12 0.039035432 
975 503 9 11 0.038927145 
882 468 9 13 0.03872931 
453 426 31 30 0.038604137 
512 480 7 10 0.038513105 
768 493 9 12 0.03847589 
338 501 9 11 0.038155694 
567 430 7 10 0.038034655 
630 453 8 10 0.03755529 
241 415 8 10 0.0374548 
136 423 8 11 0.03745298 
800 487 8 11 0.037328046 
329 462 8 10 0.037323125 
789 455 10 11 0.03709949 
585 455 7 10 0.037015136 
374 454 7 10 0.036965057 
184 407 8 10 0.036935363 
894 485 8 11 0.036917165 
191 423 8 11 0.036781054 
987 412 9 11 0.03675899 
16 426 11 14 0.036367796 
232 463 7 10 0.03622833 
842 508 8 11 0.036146756 
177 382 7 9 0.035997026 
857 511 9 12 0.035884026 
190 447 7 10 0.035738822 
209 415 8 9 0.035545107 
429 430 8 10 0.035478696 
329 476 10 12 0.035464484 
216 429 8 10 0.0353621 
105 446 8 10 0.035336453 
981 417 11 14 0.035312757 
975 443 11 14 0.035245754 
70 374 7 10 0.035106614 
793 470 9 11 0.035031877 
805 483 9 12 0.034931425 
22 384 8 9 0.034562103 
401 503 8 10 0.03437086 
673 477 10 12 0.034362476 
154 382 8 10 0.0343083 
1015 420 9 13 0.034222435 
863 451 9 12 0.034179214 
929 438 8 10 0.034079622 
193 400 7 9 0.034067947 
223 408 8 9 0.034007587 
886 492 10 12 0.033991702 
289 446 8 11 0.033855405 
314 391 8 9 0.033676814 
246 400 8 11 0.03362984 
678 461 9 11 0.033621684 
225 440 8 10 0.033571873 
138 500 11 13 0.033471853 
289 386 8 10 0.033283852 
407 476 9 10 0.033278413 
1 375 7 11 0.033278327 
17 376 7 9 0.03310046 
728 478 10 10 0.03309765 
199 462 7 9 0.032904923 
15 416 9 10 0.032890923 
829 478 10 12 0.032796744 
169 408 8 10 0.032707755 
1 388 7 11 0.03269088 
186 413 8 9 0.032678604 
312 479 10 13 0.032516178 
32 446 9 11 0.03228469 
175 430 8 10 0.032163296 
126 383 7 9 0.032142144 
145 440 9 12 0.032090988 
501 495 8 10 0.032079764 
731 411 11 13 0.032041293 
990 453 9 10 0.0319839 
401 480 8 9 0.031902462 
413 468 8 11 0.0318476 
766 477 7 10 0.031737756 
824 473 7 9 0.031689163 
479 487 8 10 0.031636227 
29 416 8 10 0.0315716 
128 400 7 9 0.0315542 
308 193 12 15 0.03152603 
397 487 9 11 0.031521205 
109 456 9 11 0.031456366 
168 422 9 10 0.03137159 
230 456 7 9 0.03130904 
66 424 10 12 0.031243248 
943 455 8 10 0.031155933 
684 355 13 15 0.031092322 
672 378 12 16 0.031014688 
850 432 9 12 0.030951966 
158 406 8 10 0.030734207 
319 397 8 10 0.030722199 
328 455 8 9 0.030552996 
88 492 11 14 0.030437157 
287 421 7 9 0.030371862 
78 409 18 22 0.030363536 
198 431 8 10 0.030316612 
514 494 8 11 0.030128865 
436 494 8 10 0.029838227 
313 385 9 10 0.029809533 
918 452 10 11 0.029516313 
609 454 6 8 0.029437235 
192 413 7 9 0.029197797 
164 390 8 10 0.02912199 
491 496 8 10 0.029003663 
29 438 10 13 0.028875614 
778 451 10 13 0.028781576 
199 438 9 11 0.028750455 
326 444 8 10 0.028749855 
600 486 8 10 0.02867844 
306 488 8 10 0.028570509 
640 455 8 10 0.028560378 
199 455 7 9 0.02852879 
94 485 11 13 0.028503468 
417 487 7 10 0.028463678 
1 491 14 18 0.028387094 
280 431 7 10 0.02833803 
199 382 7 9 0.028279742 
1 407 7 10 0.028240532 
861 510 8 11 0.028219117 
438 486 8 10 0.028198518 
208 400 6 9 0.028059257 
330 470 9 12 0.02805567 
39 391 8 9 0.028026355 
546 478 7 10 0.027962966 
320 408 8 9 0.027935147 
185 423 9 11 0.027869854 
176 400 8 11 0.027829804 
981 438 11 13 0.02770613 
76 486 9 12 0.027642475 
761 504 10 12 0.027578613 
101 422 9 11 0.027576268 
295 438 8 11 0.027537819 
514 500 8 11 0.027452046 
240 452 9 11 0.027442181 
817 496 9 11 0.027370514 
44 457 13 16 0.02734441 
320 436 11 13 0.027237372 
175 406 8 10 0.027197668 
886 477 9 13 0.027154425 
481 480 8 9 0.026822576 
242 399 8 11 0.026767096 
105 388 9 11 0.026758896 
175 461 7 9 0.026727263 
54 487 10 13 0.02668068 
511 468 8 10 0.026662156 
263 449 7 9 0.026607515 
390 462 9 11 0.026565768 
58 432 9 12 0.026524061 
432 527 10 11 0.026516888 
374 446 10 12 0.02645575 
217 398 8 10 0.026454424 
405 503 8 10 0.026390934 
378 405 9 11 0.026369905 
320 412 8 10 0.026358925 
391 456 9 10 0.02628438 
350 109 9 12 0.026275856 
224 430 7 10 0.026215574 
415 448 7 10 0.026106643 
23 391 8 9 0.026082685 
102 485 11 15 0.026065642 
518 496 8 10 0.026059883 
566 415 8 10 0.026056789 
39 398 8 9 0.026039597 
879 408 8 11 0.026017427 
872 406 9 11 0.02599233 
327 512 10 12 0.02589883 
44 447 20 24 0.025879275 
913 451 10 12 0.02584251 
66 375 7 10 0.025821956 
264 438 8 10 0.02580604 
192 463 8 9 0.025795497 
422 479 9 11 0.025783041 
724 485 11 13 0.025758166 
533 415 11 15 0.025661418 
551 502 8 10 0.025622496 
128 377 7 8 0.025551286 
485 445 11 12 0.025362577 
287 385 17 24 0.025211552 
430 469 10 11 0.025146393 
137 388 9 10 0.025129125 
383 406 8 10 0.025117785 
895 481 8 11 0.025102073 
517 487 7 10 0.02505979 
38 448 9 11 0.025044044 
935 438 8 10 0.02502409 
836 460 10 12 0.024997752 
425 446 8 10 0.02498395 
961 415 9 11 0.024859784 
415 424 8 10 0.024782103 
781 487 8 10 0.024735397 
55 392 7 10 0.024728043 
304 192 10 14 0.024660818 
257 383 8 10 0.024649723 
55 377 8 10 0.024630904 
648 462 8 11 0.02453983 
168 459 8 10 0.024525609 
989 445 11 13 0.024504203 
411 453 8 10 0.024441315 
6 375 7 10 0.024439864 
585 481 7 9 0.02443026 
967 493 9 11 0.024350392 
366 406 7 9 0.024098873 
541 527 10 11 0.024090055 
303 391 7 9 0.024043033 
561 438 9 10 0.023975063 
818 478 10 12 0.023918651 
641 489 8 9 0.023913642 
960 443 10 13 0.02390186 
380 104 15 20 0.023682661 
749 486 9 11 0.023674035 
214 416 7 9 0.023640478 
231 447 6 8 0.023618463 
3 413 8 12 0.023587573 
120 377 8 9 0.02353002 
158 376 9 9 0.023511797 
862 402 8 11 0.023412386 
422 406 8 10 0.023363855 
544 431 9 11 0.023326516 
705 488 8 10 0.023286745 
369 438 8 9 0.023238156 
882 423 7 10 0.02313266 
182 382 7 9 0.023091877 
818 485 9 11 0.02302719 
342 507 10 12 0.022937635 
909 439 9 12 0.022937132 
578 423 7 9 0.022930853 
8 383 7 9 0.022909414 
788 447 8 10 0.022743138 
464 502 7 9 0.022739468 
793 477 9 11 0.022691693 
63 477 12 13 0.022668466 
174 423 8 10 0.02237992 
893 493 8 12 0.022353904 
68 504 15 17 0.022338413 
151 407 8 10 0.022322938 
256 390 8 10 0.022263432 
294 386 8 10 0.022079833 
78 468 10 13 0.02199061 
271 396 7 10 0.021964228 
112 414 8 10 0.021841682 
385 500 9 11 0.021767339 
101 538 28 33 0.021657817 
135 463 9 11 0.021584392 
312 397 8 11 0.02148799 
339 126 16 19 0.021437429 
393 512 8 9 0.021382678 
540 532 12 14 0.02135305 
423 470 8 10 0.02128754 
608 449 7 9 0.021226624 
799 456 8 9 0.02119771 
885 464 10 11 0.021180194 
374 417 10 13 0.021160398 
894 447 8 11 0.02115197 
849 442 10 13 0.021092422 
114 431 9 11 0.021091513 
94 462 11 13 0.021074314 
326 415 9 10 0.020950133 
297 413 8 10 0.02094544 
143 462 9 11 0.020944934 
462 495 7 10 0.020920217 
735 450 11 15 0.020853015 
84 450 12 15 0.020847917 
288 440 8 10 0.020786906 
184 463 8 10 0.020749642 
752 477 10 11 0.020742323 
727 470 11 13 0.020717014 
583 485 7 9 0.020536458 
396 493 8 12 0.020522114 
367 398 7 11 0.020505203 
836 478 9 11 0.020501746 
680 471 10 14 0.020487912 
240 441 7 8 0.020455606 
889 447 9 12 0.020449126 
182 399 8 10 0.020448294 
481 512 7 8 0.020437235 
678 484 9 10 0.02041212 
641 511 8 9 0.020409564 
167 439 9 11 0.02040085 
294 395 9 12 0.020392833 
659 451 12 13 0.020390375 
240 390 8 10 0.020330027 
763 508 11 12 0.020316292 
325 438 9 13 0.020314306 
280 398 7 9 0.020311298 
135 415 8 10 0.020292396 
224 501 11 12 0.02026053 
216 449 7 9 0.02020375 
125 453 9 10 0.020190991 
765 471 8 10 0.020173784 
793 487 8 10 0.020094 
342 495 9 11 0.020018108 
