35_Basketball_playingbasketball_35_19
33
118 303 27 45 0.9917157 
518 248 39 34 0.73476636 
149 525 17 22 0.19159131 
577 358 30 34 0.15901604 
341 123 24 28 0.15288393 
70 310 21 39 0.08213252 
554 140 24 27 0.07252719 
538 253 29 36 0.069975995 
808 596 31 33 0.055105958 
405 149 14 17 0.05271009 
76 93 10 13 0.049767878 
750 121 23 28 0.03834217 
101 358 30 35 0.030370781 
898 72 21 26 0.02975915 
718 99 11 16 0.029753854 
147 515 18 22 0.027360482 
0 132 10 15 0.027324323 
94 119 10 13 0.027200015 
934 77 11 14 0.026720535 
349 97 12 16 0.025538756 
888 10 103 124 0.025465436 
142 521 17 22 0.024843208 
334 103 40 48 0.023542425 
628 83 14 17 0.02318974 
641 120 443 501 0.022649014 
412 141 12 14 0.02264406 
160 527 14 20 0.022349602 
44 46 380 488 0.022027692 
590 533 13 17 0.02125184 
293 311 50 58 0.021214187 
794 105 43 44 0.020627035 
670 160 14 17 0.02009336 
961 93 10 13 0.02002901 
