35_Basketball_Basketball_35_712
61
585 242 21 26 0.9721081 
103 227 20 26 0.9689433 
656 252 20 26 0.9585518 
298 236 19 25 0.955192 
40 248 19 23 0.9455116 
846 216 21 27 0.938099 
720 259 18 23 0.92964286 
959 253 19 23 0.92923176 
910 242 19 23 0.90851474 
788 234 15 20 0.889853 
528 257 17 22 0.86412734 
237 236 21 26 0.82244563 
368 237 20 27 0.8176566 
168 225 18 23 0.7809682 
433 252 15 19 0.5934815 
437 277 12 16 0.07970079 
211 128 15 16 0.075808086 
454 285 11 13 0.07433672 
431 261 15 20 0.06453191 
264 595 13 16 0.060107794 
548 299 13 17 0.051159173 
395 599 16 20 0.041876208 
454 -14 108 145 0.040826816 
451 298 12 14 0.03916802 
384 277 12 15 0.03765032 
447 292 14 16 0.035650246 
497 515 13 15 0.032979272 
600 282 13 15 0.031343203 
771 318 17 19 0.029355338 
504 212 12 17 0.028560525 
527 246 10 13 0.028467046 
444 276 12 15 0.025976835 
860 258 17 20 0.025352016 
918 284 11 13 0.025172692 
797 276 10 14 0.024844285 
533 280 13 17 0.024833273 
287 240 15 21 0.024548884 
111 92 440 482 0.024428459 
546 294 10 14 0.023986636 
323 600 15 18 0.02385704 
359 241 15 19 0.02364133 
761 70 10 13 0.023598092 
244 126 16 19 0.023526032 
372 232 13 17 0.023157008 
485 483 11 15 0.022684826 
798 270 12 15 0.022510014 
302 498 30 33 0.022411156 
485 308 12 16 0.021943612 
526 241 10 11 0.021938134 
448 284 12 15 0.021735763 
470 561 20 26 0.02154732 
867 253 14 17 0.021498244 
242 233 15 17 0.021305142 
511 192 9 12 0.021121219 
432 281 11 15 0.020955386 
520 239 9 11 0.020884426 
182 254 12 15 0.020750519 
573 599 14 17 0.020331807 
854 260 13 15 0.020272365 
421 285 10 12 0.02024085 
491 548 16 20 0.020074584 
