35_Basketball_basketballgame_ball_35_412
23
656 157 69 96 0.99829966 
856 204 62 97 0.99572694 
66 200 59 66 0.7821975 
101 207 258 305 0.7226699 
0 241 11 22 0.11091064 
547 304 16 21 0.10158161 
86 2 44 42 0.07627454 
822 466 56 55 0.070225954 
213 22 55 68 0.063053355 
620 296 45 52 0.058371548 
3 786 30 34 0.046593893 
411 750 61 74 0.04140845 
833 485 59 60 0.040929366 
538 299 29 35 0.03926501 
843 514 52 37 0.03771211 
1012 492 12 20 0.035959672 
147 174 54 58 0.028226491 
1007 728 15 26 0.026377302 
70 8 60 65 0.025268344 
77 304 512 522 0.025033375 
619 220 46 62 0.023798145 
71 172 66 74 0.022222878 
845 468 40 37 0.021926126 
