35_Basketball_basketballgame_ball_35_82
880
284 253 49 61 0.99611014 
438 192 46 60 0.994964 
770 407 22 27 0.98537594 
604 412 17 21 0.9849362 
141 228 13 17 0.9735493 
704 311 21 27 0.97171134 
650 405 19 26 0.9632271 
800 406 20 28 0.9582918 
110 370 16 19 0.9343102 
151 200 14 18 0.8998442 
28 206 13 16 0.89084554 
77 205 12 16 0.88096845 
33 374 15 19 0.87707686 
250 168 14 17 0.8276228 
113 211 14 18 0.82289994 
99 233 14 18 0.8216252 
48 176 12 16 0.801494 
756 275 13 17 0.7437224 
437 134 12 15 0.73356646 
10 287 14 19 0.72446436 
30 117 11 14 0.7198842 
192 156 12 16 0.7172258 
654 249 13 17 0.7122312 
648 320 14 19 0.708181 
494 118 11 13 0.69604015 
537 37 10 12 0.6897214 
518 87 15 19 0.6867931 
184 248 12 16 0.67937726 
746 153 14 19 0.6744728 
154 305 12 17 0.6706248 
798 208 13 17 0.66865015 
207 262 10 13 0.65418684 
741 327 14 17 0.65415716 
647 217 13 16 0.64790744 
48 221 13 16 0.6353564 
633 375 15 18 0.619892 
44 95 10 13 0.5983534 
174 228 12 15 0.58546704 
609 216 12 16 0.5775828 
34 141 14 16 0.55974376 
192 119 12 15 0.54847467 
495 97 13 16 0.5358511 
152 109 11 13 0.53083086 
53 367 13 18 0.5227721 
28 24 10 13 0.51243913 
391 138 12 16 0.5072374 
294 198 12 15 0.50169134 
629 148 12 15 0.5010302 
12 63 12 14 0.4986008 
765 222 12 14 0.49356684 
40 161 11 15 0.48389348 
162 43 10 12 0.46945396 
989 0 41 66 0.45576218 
639 195 13 17 0.45270038 
563 412 18 23 0.4473756 
614 172 12 15 0.44615677 
32 289 14 18 0.44592768 
65 110 11 15 0.4446739 
100 34 11 14 0.43233687 
166 102 10 12 0.4167111 
51 74 11 14 0.41420496 
708 187 16 18 0.4045449 
240 241 13 15 0.4014952 
618 398 13 16 0.39456296 
594 227 13 15 0.38868812 
637 237 13 15 0.38795704 
223 180 14 18 0.38740915 
106 298 13 17 0.38688782 
606 193 13 16 0.38544625 
55 44 13 15 0.38363647 
141 266 14 18 0.37939492 
514 179 15 19 0.37861916 
93 140 10 13 0.37180004 
115 165 12 14 0.3664012 
89 317 12 15 0.3652302 
340 520 22 25 0.345475 
439 153 12 17 0.3440799 
154 408 49 53 0.34112114 
753 122 12 14 0.3370373 
693 139 13 15 0.32738793 
733 306 14 16 0.32450214 
86 95 10 14 0.32226908 
220 149 11 14 0.3172924 
260 143 11 14 0.31572744 
171 275 13 16 0.3113771 
208 294 14 19 0.30516922 
91 210 13 16 0.3006093 
197 54 11 13 0.29940927 
125 106 10 13 0.2978105 
85 182 13 17 0.29521945 
343 223 11 14 0.29498795 
145 162 15 18 0.28625363 
685 141 11 14 0.28580847 
723 125 12 15 0.285565 
782 28 11 13 0.28232038 
268 5 11 14 0.2821658 
235 105 13 16 0.27575657 
397 102 11 14 0.27318877 
603 143 11 14 0.2725397 
706 256 13 16 0.27122232 
553 182 14 16 0.27067193 
689 219 12 16 0.26221392 
655 385 16 20 0.2621584 
685 117 11 14 0.2609064 
727 212 12 16 0.25801006 
291 204 15 19 0.25792265 
680 190 13 16 0.25182042 
676 320 16 19 0.24652568 
675 409 13 17 0.24580726 
246 191 10 12 0.24471451 
780 405 23 30 0.24107528 
77 403 11 15 0.2349296 
199 98 11 13 0.23486331 
0 141 9 14 0.23104271 
44 261 11 13 0.22450325 
108 78 12 14 0.22017424 
36 135 12 15 0.21888044 
735 144 10 13 0.21342406 
786 382 15 17 0.20848444 
102 333 10 15 0.20472255 
425 125 10 12 0.20469038 
238 120 14 17 0.20179267 
174 282 11 15 0.20076628 
141 45 9 11 0.19910745 
197 186 11 14 0.19824992 
270 165 11 14 0.19531988 
250 228 11 13 0.19498494 
102 258 15 19 0.194647 
742 271 10 12 0.19456244 
670 290 15 20 0.19169821 
37 325 13 16 0.18931468 
401 154 13 16 0.18926856 
737 114 11 14 0.18864642 
132 71 10 13 0.18788353 
121 143 9 12 0.18736643 
634 366 16 19 0.18694912 
183 3 9 10 0.1851117 
62 136 11 13 0.18431592 
629 213 12 15 0.1768599 
193 306 12 16 0.17404756 
29 73 12 15 0.17292684 
570 125 9 11 0.17289731 
224 66 13 15 0.17250332 
44 26 11 14 0.16560698 
5 132 12 15 0.16501002 
733 181 11 14 0.1575488 
223 22 10 13 0.15706559 
840 106 12 15 0.15588193 
725 100 11 14 0.15570034 
645 174 10 14 0.15500376 
204 139 11 14 0.1502797 
123 213 11 14 0.14971352 
750 39 10 12 0.14914457 
14 387 14 17 0.14849319 
672 153 12 15 0.14576522 
88 134 11 14 0.1439038 
678 374 17 21 0.14225663 
767 38 11 12 0.14108223 
778 360 15 17 0.14107871 
243 124 13 16 0.13975333 
803 275 11 15 0.13874398 
128 133 11 13 0.13835911 
571 172 12 15 0.13726445 
777 279 10 12 0.1372184 
68 162 14 18 0.13569966 
621 230 11 15 0.13456996 
102 148 11 13 0.13173188 
782 245 14 16 0.13126086 
103 118 9 12 0.12991358 
119 339 14 18 0.12987702 
208 86 9 11 0.12978001 
676 148 13 15 0.12896176 
768 134 12 15 0.12808196 
203 94 11 13 0.12688395 
88 73 12 15 0.1267932 
5 80 11 13 0.1256398 
843 226 14 20 0.124962054 
396 208 14 17 0.12403755 
404 119 10 13 0.12370087 
103 188 13 18 0.12365045 
590 21 12 15 0.12361305 
683 232 14 17 0.12311386 
10 193 14 18 0.12262404 
102 389 10 13 0.11908109 
469 116 10 12 0.11834989 
69 338 13 16 0.11653133 
605 128 10 11 0.11455565 
12 134 10 13 0.11227696 
80 125 9 12 0.11199737 
11 109 14 16 0.11026018 
157 165 13 17 0.109833285 
53 214 13 17 0.1081095 
550 128 9 10 0.106681615 
1 379 11 17 0.10556205 
150 326 9 11 0.10268571 
660 164 12 14 0.10183708 
604 244 15 19 0.101505786 
627 36 16 19 0.10075185 
224 271 10 13 0.10024505 
7 242 11 14 0.09990348 
55 3 12 14 0.099663064 
110 124 10 14 0.09842978 
124 141 11 13 0.09827429 
590 27 13 17 0.09762429 
158 337 14 17 0.09667339 
157 427 29 36 0.09648303 
148 140 14 17 0.09585087 
612 299 15 17 0.09505554 
631 297 13 15 0.09462677 
784 386 19 23 0.09445179 
782 92 14 15 0.09309858 
763 244 15 17 0.092684835 
93 75 11 14 0.091622815 
169 315 11 14 0.09154326 
121 283 10 14 0.091327675 
744 78 10 13 0.09106317 
489 117 11 13 0.09101023 
510 111 11 14 0.0906754 
44 2 12 15 0.090350285 
240 85 9 12 0.09010739 
174 337 14 17 0.089782506 
678 122 13 16 0.089435734 
691 176 12 17 0.0875161 
739 282 13 17 0.086943515 
590 15 11 14 0.0861694 
739 50 12 14 0.08616317 
741 225 13 16 0.08599745 
253 62 10 13 0.08512444 
3 187 14 19 0.08512195 
645 155 10 12 0.08492857 
718 214 12 15 0.08392041 
801 93 10 14 0.0831806 
688 172 11 15 0.0829332 
221 164 13 15 0.0827962 
647 343 14 18 0.08089751 
204 217 13 16 0.079291105 
662 141 11 14 0.07912999 
63 170 12 15 0.07614757 
601 132 9 11 0.076032214 
226 171 15 18 0.073255606 
610 332 16 19 0.07316547 
693 248 14 18 0.07225973 
116 53 9 11 0.0721932 
231 101 12 16 0.0716947 
604 239 13 14 0.0714697 
631 126 9 11 0.07145656 
63 105 11 13 0.071331546 
164 335 12 15 0.07102303 
637 306 13 16 0.07036065 
23 69 11 13 0.06973536 
68 104 10 12 0.069540545 
627 164 12 15 0.06945309 
248 60 11 14 0.069373414 
23 402 13 17 0.06924179 
263 68 10 14 0.06903986 
533 126 9 12 0.06857498 
642 544 13 17 0.067910574 
67 140 11 14 0.06779436 
143 140 12 15 0.06746688 
780 335 16 20 0.06733195 
720 103 10 12 0.06655823 
73 263 9 12 0.06630127 
7 159 10 14 0.065638594 
774 113 12 14 0.065342344 
652 393 21 25 0.06513296 
184 300 11 14 0.06494543 
84 193 14 19 0.06487299 
812 236 11 15 0.06441114 
123 188 15 18 0.063298665 
56 134 11 13 0.06303997 
223 94 11 15 0.06290306 
527 59 13 15 0.06282949 
666 406 19 24 0.06261124 
380 6 10 11 0.06254022 
145 12 8 11 0.06250905 
85 127 11 13 0.06242665 
143 52 9 11 0.061404716 
40 347 12 16 0.061273523 
262 196 13 16 0.06100144 
287 209 13 16 0.06091386 
797 335 15 21 0.060066454 
469 70 12 15 0.059074573 
676 130 14 16 0.05850479 
99 40 14 17 0.058186445 
54 125 11 13 0.057847805 
748 386 15 19 0.05773456 
86 243 11 14 0.0575652 
663 170 12 15 0.057525635 
104 122 11 15 0.057460863 
61 148 13 15 0.057191942 
725 281 12 15 0.05697669 
96 145 11 14 0.05670367 
460 155 14 16 0.056689568 
205 277 11 15 0.056285895 
134 261 15 19 0.056102112 
560 40 9 11 0.056044925 
643 222 15 19 0.05499638 
791 394 20 27 0.05497248 
148 332 12 14 0.05452748 
629 134 11 12 0.054173965 
591 179 12 16 0.05400622 
676 396 14 18 0.053938244 
28 179 14 16 0.053840823 
786 331 16 20 0.053652138 
209 125 11 13 0.053262565 
56 23 9 11 0.053211685 
582 404 14 18 0.052921094 
789 326 12 15 0.052152142 
459 98 12 14 0.052044258 
108 395 10 13 0.051131796 
189 203 14 16 0.05086537 
87 61 10 12 0.05040704 
196 236 14 17 0.05033624 
125 308 14 17 0.050092332 
455 153 13 17 0.04985182 
160 102 11 14 0.04975036 
684 133 14 17 0.04970092 
705 398 19 22 0.049659874 
36 339 14 17 0.049479783 
20 396 13 17 0.04943208 
465 38 10 14 0.049239725 
238 210 14 17 0.04913312 
115 186 17 19 0.049128402 
145 272 14 18 0.048987143 
636 149 12 16 0.04893552 
732 125 12 14 0.04883711 
177 115 10 13 0.048789307 
587 332 10 12 0.048645988 
915 635 41 37 0.048556454 
745 186 12 14 0.04847669 
670 315 16 22 0.04844593 
15 339 12 15 0.048386987 
206 205 11 14 0.048301555 
106 185 19 23 0.048233017 
625 157 11 13 0.0480702 
187 21 10 13 0.04787555 
0 228 7 13 0.047623783 
744 393 19 27 0.047602892 
97 332 10 14 0.046932116 
685 248 15 20 0.046787355 
58 209 14 19 0.046566408 
779 283 12 14 0.046543576 
726 236 10 12 0.04652838 
103 184 11 14 0.046389006 
812 188 11 15 0.046067774 
388 174 23 27 0.04604244 
14 281 18 26 0.045902055 
828 284 10 12 0.0458985 
1 128 9 13 0.045818705 
246 92 11 13 0.045597356 
93 124 12 13 0.045591336 
523 163 13 15 0.04554003 
13 102 10 12 0.045500692 
625 143 12 15 0.045310173 
71 301 9 15 0.04502378 
183 148 13 17 0.04487643 
614 325 21 26 0.044868026 
93 286 10 13 0.04473185 
98 386 10 14 0.04462304 
685 167 11 13 0.044599928 
487 159 9 11 0.0445761 
673 125 11 14 0.04437099 
2 372 18 27 0.044340327 
122 434 15 19 0.044117767 
75 307 12 15 0.044065498 
231 289 12 15 0.043939162 
240 190 11 14 0.043904897 
271 159 13 16 0.043774266 
596 234 13 16 0.043564707 
145 261 16 19 0.043531198 
623 128 10 11 0.04351268 
55 149 12 15 0.0435099 
489 98 12 15 0.04344428 
627 323 14 20 0.043231893 
79 181 13 17 0.04320934 
118 117 11 14 0.043022055 
549 249 15 20 0.04293271 
463 112 11 13 0.04279735 
711 210 13 17 0.04269157 
708 203 14 16 0.042419396 
76 262 10 12 0.042403106 
40 369 16 22 0.04228214 
245 87 10 13 0.042261377 
620 298 12 16 0.042244792 
152 29 10 12 0.042172205 
51 268 12 16 0.042067084 
166 325 11 12 0.042030226 
194 150 14 17 0.04186395 
132 192 12 17 0.041549116 
270 177 13 15 0.041418023 
727 96 11 13 0.041231725 
630 170 11 14 0.041205842 
111 130 10 14 0.040986404 
703 230 11 15 0.04088523 
30 338 13 18 0.040787674 
134 140 10 13 0.04074104 
60 23 10 11 0.04062687 
686 101 10 12 0.04061678 
230 147 14 16 0.040589307 
788 156 11 14 0.040576663 
111 47 10 12 0.040515393 
188 14 10 13 0.040451508 
789 150 9 12 0.040373515 
742 182 12 15 0.04019546 
636 360 12 15 0.04013777 
770 184 14 18 0.03995533 
410 193 12 16 0.03981084 
737 47 10 13 0.03980827 
239 249 14 16 0.039662804 
548 167 22 26 0.03951298 
391 378 44 54 0.039493248 
87 274 11 15 0.039467342 
90 186 14 19 0.039415196 
152 315 11 13 0.03935384 
703 146 12 13 0.039229795 
220 154 13 17 0.039188102 
686 111 12 15 0.03917677 
109 148 11 14 0.03914793 
773 243 12 16 0.039143503 
109 324 13 14 0.03910875 
227 387 16 22 0.038794775 
51 260 11 15 0.038612068 
621 166 11 14 0.038585804 
111 159 12 14 0.038538683 
149 339 13 17 0.038465027 
0 110 9 13 0.038464855 
527 159 9 11 0.038357463 
216 165 11 15 0.03832801 
90 323 12 15 0.038105257 
710 144 11 13 0.03809921 
248 67 12 14 0.03804286 
667 179 13 16 0.038027015 
668 215 15 18 0.03800006 
251 192 11 13 0.03798947 
691 116 12 14 0.037913833 
239 33 9 11 0.037899558 
765 238 13 16 0.037810322 
598 248 15 19 0.03777392 
558 216 14 19 0.037668463 
63 188 12 15 0.03754749 
159 326 9 11 0.03743831 
588 170 14 17 0.037142795 
70 148 11 14 0.03713286 
633 120 9 12 0.036982648 
1 292 10 15 0.036939774 
40 256 18 23 0.03674923 
208 402 17 21 0.036702562 
140 444 12 14 0.036614254 
148 135 13 15 0.036499918 
873 35 25 32 0.03649423 
722 194 14 17 0.03646923 
141 146 14 16 0.036339175 
40 24 10 13 0.036199477 
204 319 13 15 0.03614775 
4 21 9 12 0.036111657 
602 331 10 13 0.03608195 
678 247 15 20 0.036061674 
531 55 12 13 0.035607122 
514 115 12 14 0.035569277 
774 229 11 14 0.035532612 
251 84 12 14 0.035449922 
0 194 11 17 0.0353822 
716 143 12 14 0.03522601 
188 3 9 12 0.03509062 
381 411 30 37 0.03498491 
596 290 11 14 0.034920003 
393 97 19 23 0.03482651 
182 141 10 14 0.034595758 
517 166 14 18 0.034333624 
96 259 12 16 0.034260888 
7 114 14 15 0.034251556 
196 203 12 15 0.034248754 
150 121 13 15 0.0339624 
772 335 16 22 0.033916064 
699 134 12 16 0.033905085 
789 221 12 13 0.03365883 
668 266 14 16 0.03351753 
61 194 14 17 0.033477187 
545 126 9 13 0.03338686 
271 236 12 17 0.033268012 
132 107 11 12 0.033266228 
231 115 14 17 0.033251155 
133 126 11 14 0.03298308 
808 231 10 14 0.032982998 
749 270 14 18 0.032951854 
787 228 12 13 0.0329003 
608 180 11 15 0.032868218 
692 123 13 16 0.032847118 
148 8 10 12 0.032803826 
254 195 11 14 0.032769565 
767 244 21 24 0.03275555 
251 125 11 14 0.03261525 
767 115 11 14 0.032611195 
580 425 447 441 0.032485746 
127 56 8 11 0.032469466 
503 165 13 15 0.032405607 
11 126 12 14 0.032389566 
246 99 11 15 0.032349553 
709 109 11 14 0.03232745 
459 83 13 17 0.032264493 
391 106 14 17 0.03226201 
51 375 15 20 0.032162115 
654 85 11 12 0.03213141 
582 128 9 10 0.03211513 
79 349 11 15 0.032061115 
238 128 16 18 0.032046054 
12 55 14 16 0.032031674 
251 272 13 17 0.03190223 
610 400 17 22 0.03184122 
192 182 12 15 0.031810977 
215 379 27 36 0.031774756 
246 55 11 14 0.031743575 
725 303 14 18 0.031661954 
479 116 9 12 0.031590093 
78 253 10 14 0.03147347 
178 4 10 12 0.031469047 
154 145 14 17 0.031318456 
714 190 16 19 0.03126717 
212 85 9 11 0.03126594 
131 242 14 18 0.031251084 
564 165 12 16 0.031241747 
774 237 11 15 0.03120939 
26 267 13 19 0.031197269 
700 203 14 17 0.031094173 
732 93 10 13 0.031081706 
157 224 13 17 0.03107088 
719 120 12 15 0.030893018 
891 399 49 62 0.030754613 
392 186 24 29 0.030739335 
198 133 12 14 0.030713638 
621 193 12 16 0.030687641 
554 162 16 19 0.030666267 
180 282 12 16 0.030627163 
629 539 9 13 0.030550286 
725 2 11 13 0.030492263 
183 117 10 13 0.030474724 
124 334 11 15 0.030440336 
487 112 11 14 0.030391049 
757 205 12 14 0.03037845 
783 158 11 14 0.030373702 
643 191 12 16 0.030329319 
151 37 9 12 0.03031231 
781 228 13 15 0.030309256 
204 282 14 19 0.030293446 
402 366 26 34 0.030241607 
741 211 14 16 0.0301997 
214 80 9 12 0.030191988 
33 208 13 17 0.030078063 
92 274 12 15 0.030035019 
212 38 10 11 0.029974092 
178 419 30 37 0.029963512 
534 33 18 21 0.029950457 
749 83 12 15 0.029863069 
680 113 19 23 0.029829392 
746 221 13 15 0.029781828 
173 109 11 14 0.029762378 
107 332 14 18 0.029760962 
573 255 15 20 0.029519778 
96 421 12 15 0.029430302 
639 199 19 23 0.029407337 
70 120 12 15 0.029350977 
356 34 26 29 0.029232105 
76 340 10 13 0.029193211 
724 186 13 17 0.029178642 
261 170 12 15 0.02916202 
33 187 13 16 0.029077586 
21 37 12 13 0.029071301 
655 158 10 12 0.029055288 
78 355 14 20 0.028996896 
632 551 10 14 0.028977476 
639 250 13 16 0.028917084 
778 392 22 28 0.02887564 
25 19 17 22 0.028755568 
556 227 15 18 0.028704321 
613 127 10 12 0.028682413 
580 138 13 16 0.028667277 
88 85 10 13 0.02865195 
676 137 20 23 0.028638704 
652 172 12 15 0.028613942 
838 220 14 21 0.028567439 
216 19 11 14 0.02852118 
70 273 12 19 0.028484393 
548 163 16 19 0.02840352 
807 142 11 15 0.028374182 
86 310 14 16 0.028343936 
37 76 10 13 0.02833789 
676 308 15 19 0.028284403 
491 113 18 23 0.028274419 
88 291 10 12 0.028262861 
132 306 13 16 0.028255492 
72 398 13 17 0.028228248 
701 114 11 14 0.028179914 
669 187 14 16 0.028134387 
184 294 20 25 0.028112091 
786 85 13 15 0.028072393 
254 66 11 15 0.027951846 
128 61 9 11 0.02792734 
8 101 11 12 0.027911259 
124 278 10 14 0.027892543 
135 147 11 14 0.027837701 
97 118 10 12 0.02782191 
60 203 14 18 0.02774352 
562 405 16 20 0.027698271 
275 180 11 13 0.027673598 
168 227 12 15 0.027665846 
76 268 10 14 0.027618194 
778 108 14 16 0.027564391 
192 184 19 23 0.027479287 
550 212 14 17 0.027457219 
129 23 8 11 0.027409546 
484 201 15 21 0.027389245 
183 210 13 16 0.027353784 
74 157 14 18 0.027352883 
247 222 13 15 0.027284821 
229 29 10 13 0.027268248 
400 121 12 15 0.027237687 
240 90 13 15 0.027233444 
54 205 12 16 0.02721643 
205 147 12 15 0.027189897 
137 40 9 11 0.027156381 
631 84 12 15 0.027121266 
54 102 10 13 0.027099019 
582 164 14 17 0.027094506 
693 322 13 18 0.027056156 
189 194 14 17 0.027019892 
243 106 12 15 0.026941165 
16 42 11 13 0.026931414 
105 304 11 15 0.026890771 
757 109 10 12 0.026890222 
82 205 17 22 0.026824737 
595 264 15 19 0.026785176 
589 16 21 26 0.026776085 
100 414 11 16 0.026718704 
335 225 15 17 0.026718052 
47 274 12 16 0.026700918 
7 93 11 13 0.026654735 
713 182 15 17 0.026647212 
755 150 13 16 0.026644245 
693 273 13 16 0.026535425 
239 258 12 14 0.026518509 
206 6 11 13 0.026486242 
542 163 14 18 0.026381085 
4 171 15 18 0.02637263 
223 308 22 27 0.026345065 
779 237 14 18 0.026306251 
61 120 13 17 0.02625695 
69 178 13 17 0.026256008 
78 242 14 17 0.026236417 
252 74 12 16 0.026201103 
238 80 10 12 0.026180552 
174 39 9 11 0.02611667 
636 211 14 17 0.026104242 
559 396 13 19 0.026078226 
194 58 11 14 0.026063194 
57 363 14 18 0.026013095 
197 168 12 16 0.025992546 
158 123 11 13 0.025965374 
100 380 13 17 0.025964374 
45 140 10 13 0.025962342 
230 45 12 15 0.025949908 
389 114 12 16 0.025938751 
428 121 11 13 0.025926571 
238 53 10 13 0.025884777 
693 297 14 18 0.025880435 
528 130 12 15 0.025857454 
414 117 9 12 0.02581689 
448 52 12 15 0.025789475 
894 628 75 56 0.025788972 
420 179 11 15 0.025766758 
478 157 12 15 0.025765585 
818 92 13 16 0.025755975 
192 101 10 12 0.025734214 
566 206 13 15 0.025722804 
155 115 12 15 0.02572148 
110 59 13 14 0.025694476 
305 155 15 18 0.025677444 
726 76 9 13 0.025647782 
784 393 37 43 0.025618436 
680 164 10 13 0.025617568 
734 144 19 24 0.025611693 
631 382 14 18 0.025580946 
534 149 10 12 0.025492486 
208 39 9 11 0.025261216 
60 238 11 15 0.02522454 
554 256 16 19 0.025173394 
720 282 12 16 0.02517141 
197 212 14 16 0.02515531 
777 28 11 13 0.02513813 
101 73 18 22 0.025135292 
784 222 11 13 0.02509995 
234 284 16 19 0.02505971 
88 329 11 15 0.025059516 
668 543 11 14 0.025057409 
493 77 10 12 0.025046866 
639 176 13 16 0.024971746 
660 315 15 19 0.024919273 
200 49 10 13 0.024916343 
125 116 11 14 0.024883451 
413 166 12 16 0.024858557 
71 60 10 12 0.024858091 
799 281 12 14 0.024843115 
831 238 9 12 0.02482641 
706 235 13 16 0.024817823 
655 195 11 15 0.024705866 
38 169 12 16 0.024664138 
614 235 11 15 0.02459304 
735 107 19 23 0.02457319 
600 188 12 16 0.024554554 
202 53 10 12 0.024552798 
142 437 28 33 0.024552174 
181 46 12 14 0.024521312 
97 348 10 14 0.024515642 
636 406 21 28 0.024447571 
201 400 27 34 0.024444584 
493 109 13 16 0.024355942 
788 345 15 19 0.02431629 
615 160 10 12 0.024191318 
142 70 10 13 0.024141658 
111 338 12 17 0.024130268 
221 242 13 17 0.024087582 
63 333 13 17 0.024064917 
61 385 12 17 0.024035906 
677 181 14 17 0.024000969 
685 224 18 22 0.023959342 
253 246 10 11 0.02393972 
168 29 9 11 0.023908202 
758 323 11 15 0.023903767 
234 272 23 28 0.023852408 
273 222 9 12 0.023810074 
6 294 15 19 0.02380547 
191 19 90 125 0.023767324 
759 139 11 15 0.023746934 
298 208 14 17 0.023740675 
230 147 23 26 0.023723993 
624 57 23 26 0.023687452 
644 97 13 15 0.02367988 
124 235 12 18 0.02361677 
0 299 10 14 0.023605224 
175 141 10 13 0.023579674 
521 54 11 13 0.023579316 
41 90 17 21 0.023519723 
621 43 24 28 0.023499861 
0 443 7 12 0.0233563 
10 236 13 16 0.02335251 
204 256 18 23 0.023284364 
10 162 13 16 0.023282759 
510 171 17 21 0.023083963 
164 116 12 15 0.023076726 
574 167 12 16 0.023050375 
196 68 11 15 0.02304063 
216 243 12 17 0.022952538 
550 235 14 17 0.022952296 
80 12 10 13 0.022923876 
680 171 11 15 0.022904465 
30 273 23 29 0.022855014 
127 326 10 13 0.022853253 
46 262 20 27 0.022837726 
112 142 11 13 0.022823937 
545 132 10 13 0.022807406 
19 363 14 17 0.022748224 
514 55 102 119 0.022712996 
149 155 19 24 0.02270711 
360 449 23 29 0.022672014 
223 87 10 12 0.022662202 
838 241 12 16 0.02255861 
128 268 10 13 0.022523386 
21 332 11 16 0.022455184 
215 30 10 11 0.022429362 
226 274 14 16 0.022407822 
359 124 11 14 0.022403149 
21 379 13 18 0.022387078 
384 117 11 15 0.02230042 
0 181 13 19 0.0222379 
703 193 14 17 0.02222462 
529 63 16 19 0.02222262 
599 69 10 13 0.022221582 
174 302 10 13 0.022123434 
528 150 10 12 0.022120992 
54 636 12 13 0.022097332 
203 12 14 17 0.022070514 
133 63 10 12 0.022068182 
134 357 11 15 0.022053193 
389 557 12 17 0.02204402 
149 220 12 16 0.022042507 
144 340 12 14 0.022008775 
664 548 12 14 0.021994814 
129 28 8 11 0.021977568 
0 233 11 16 0.021965805 
57 117 10 14 0.021925127 
137 233 13 18 0.0218793 
784 148 10 12 0.021859124 
521 171 13 18 0.021851784 
611 188 13 17 0.021834828 
36 125 11 13 0.021812312 
756 85 11 14 0.021800859 
58 39 12 14 0.021798106 
278 221 12 13 0.021744672 
759 318 11 13 0.021733295 
136 447 27 31 0.021711351 
455 117 10 12 0.021682013 
594 164 14 17 0.021667307 
444 127 11 13 0.021666124 
115 122 12 15 0.02162702 
738 302 14 17 0.021602368 
17 61 12 14 0.021584164 
165 132 11 13 0.02155142 
45 377 12 19 0.021499148 
421 120 20 24 0.021496689 
733 218 13 17 0.021430941 
626 187 13 16 0.021404466 
180 220 13 16 0.021378813 
0 203 8 14 0.021352729 
210 211 12 17 0.021274073 
814 778 14 16 0.021250587 
116 260 11 15 0.021219421 
92 194 14 17 0.02121611 
231 209 13 18 0.021158407 
829 80 89 123 0.021155348 
829 785 31 30 0.021100733 
475 85 12 15 0.021099206 
676 265 13 16 0.021073485 
277 227 15 19 0.02105416 
53 82 11 13 0.021037582 
925 632 15 18 0.021029158 
162 320 21 25 0.021026399 
117 58 11 14 0.021021256 
175 44 9 12 0.020968135 
661 266 14 16 0.020889727 
204 181 12 15 0.02087196 
133 30 9 11 0.020827144 
573 120 9 12 0.020822084 
142 75 11 13 0.020816704 
1 15 9 13 0.020803226 
623 138 20 24 0.020779764 
81 98 11 15 0.020765899 
35 48 14 17 0.020703647 
262 83 11 14 0.02067037 
197 288 18 25 0.020651137 
52 10 13 15 0.020629663 
677 384 17 22 0.020623565 
748 204 14 16 0.020618554 
86 447 10 14 0.020615313 
592 50 12 15 0.02061491 
0 254 11 16 0.020603837 
60 155 13 16 0.020596547 
469 82 14 17 0.02058848 
142 122 11 14 0.02055792 
637 315 13 18 0.020548621 
662 135 11 13 0.0205273 
843 224 23 31 0.020517537 
393 159 23 25 0.020502541 
223 52 10 12 0.020474061 
578 253 16 19 0.020463508 
197 315 13 16 0.020408468 
575 42 12 15 0.020357125 
165 140 12 15 0.02033477 
414 175 13 18 0.020334395 
0 267 11 16 0.02033066 
126 261 11 15 0.020328442 
206 119 11 13 0.020316832 
385 139 13 17 0.020315465 
575 131 11 14 0.020300519 
679 287 20 26 0.02030018 
112 166 19 23 0.020285567 
55 236 11 15 0.020240474 
755 211 21 24 0.020233141 
616 405 20 25 0.020231936 
681 102 10 12 0.020230282 
488 76 10 12 0.020198854 
647 244 13 17 0.020184075 
149 105 18 22 0.02018342 
565 256 15 19 0.020180352 
278 126 13 17 0.020162478 
798 229 10 13 0.02014222 
273 171 13 17 0.020126188 
789 51 14 17 0.02009911 
766 78 11 12 0.0200991 
641 372 14 17 0.020058738 
102 223 12 15 0.02001519 
740 231 13 17 0.020005671 
