35_Basketball_Basketball_35_801
23
642 276 15 21 0.8624774 
922 252 16 21 0.32889125 
515 214 32 34 0.18447396 
509 311 47 60 0.11636858 
909 247 46 57 0.08160499 
563 325 54 60 0.079016335 
603 354 17 22 0.077868804 
840 496 206 204 0.07025863 
889 231 11 15 0.051441748 
309 94 9 10 0.04919505 
1012 323 10 16 0.03963334 
325 99 10 14 0.038338427 
320 102 10 13 0.03171188 
635 276 26 34 0.030335316 
592 344 29 34 0.029636344 
321 96 8 11 0.026650688 
519 321 13 18 0.026094027 
632 278 43 55 0.023640607 
312 104 10 12 0.023002895 
914 255 26 32 0.021988356 
148 195 42 47 0.021940853 
593 375 16 20 0.02077319 
920 238 67 77 0.02067754 
