35_Basketball_playingbasketball_35_248
64
492 922 31 39 0.9984957 
168 890 26 32 0.9887805 
154 956 29 39 0.9551376 
815 859 20 24 0.903871 
143 854 18 22 0.88690495 
652 859 18 22 0.7254397 
631 893 56 51 0.69434595 
392 828 35 40 0.67891186 
289 854 9 13 0.57453144 
531 1088 25 33 0.20459919 
623 908 46 45 0.17461637 
651 887 42 36 0.16859221 
503 374 114 137 0.1568317 
30 895 13 18 0.111469775 
487 800 9 11 0.09662984 
28 894 21 29 0.08656925 
909 838 18 21 0.0863999 
1012 715 11 16 0.06537385 
297 950 10 14 0.06051949 
755 1356 13 14 0.057572838 
648 865 15 19 0.045983024 
407 828 32 35 0.0443747 
446 770 16 19 0.042875253 
429 825 21 33 0.039936125 
305 836 10 12 0.038870465 
127 911 41 47 0.03813681 
503 773 26 34 0.037920702 
446 328 186 243 0.037633233 
131 843 12 15 0.036870234 
527 1079 41 56 0.03368353 
824 847 9 11 0.033658735 
510 793 14 19 0.032353554 
117 987 35 37 0.03226597 
750 1346 14 18 0.03058567 
363 154 31 28 0.03028421 
282 853 11 13 0.030010302 
494 798 10 13 0.029929962 
940 795 10 11 0.029682875 
398 809 12 14 0.028840192 
877 819 9 12 0.028540902 
292 856 10 13 0.028221825 
418 842 15 18 0.02818668 
905 812 9 11 0.028017582 
292 848 11 15 0.027887011 
403 831 16 20 0.027869383 
596 717 415 502 0.026879856 
173 790 12 13 0.026627531 
137 971 40 43 0.026573056 
151 850 16 24 0.026073433 
934 758 11 15 0.0251968 
9 807 7 10 0.024908183 
406 810 12 13 0.024648188 
136 856 15 21 0.024125518 
632 887 35 39 0.023439595 
896 845 23 25 0.023172736 
894 834 11 14 0.023111325 
114 909 15 24 0.023009388 
350 878 9 12 0.021363784 
145 938 41 47 0.021318251 
410 847 27 32 0.021048231 
134 824 10 12 0.02076028 
544 1096 16 21 0.020691836 
505 788 28 36 0.020451583 
657 906 37 41 0.020169014 
