35_Basketball_playingbasketball_35_377
19
564 648 54 74 0.9959877 
539 1123 27 31 0.0481609 
409 1232 9 13 0.045624733 
618 1103 26 33 0.04238157 
502 1101 29 39 0.033848744 
372 1243 9 12 0.031209076 
392 1232 8 11 0.027679142 
349 1246 10 11 0.02628814 
334 435 67 69 0.025646841 
211 1160 152 174 0.0253188 
483 267 48 47 0.024257954 
344 1239 8 11 0.02308448 
343 1245 10 12 0.022066979 
929 1033 91 131 0.021941096 
350 1239 9 10 0.02183042 
398 1238 9 11 0.021603476 
973 1090 15 16 0.021148022 
196 1302 35 38 0.021010058 
400 1215 8 11 0.020880423 
