35_Basketball_basketballgame_ball_35_50
104
949 271 31 40 0.99939597 
276 167 25 32 0.99875665 
411 207 23 29 0.99639434 
586 126 36 46 0.9913584 
209 271 42 58 0.9784418 
774 336 40 41 0.401654 
970 104 7 9 0.2295738 
943 103 6 9 0.14414495 
817 405 20 21 0.14113523 
997 110 8 9 0.13914037 
1006 75 12 15 0.12985745 
876 93 9 11 0.12787217 
1011 77 10 14 0.12260226 
871 112 7 10 0.12206011 
751 389 33 41 0.1141926 
958 120 7 9 0.09766677 
1000 74 10 14 0.09356371 
877 88 8 11 0.09312668 
845 83 10 12 0.08710214 
879 111 7 9 0.086362496 
929 116 9 11 0.08302578 
973 120 7 10 0.08290043 
771 68 10 13 0.082340576 
920 96 6 8 0.0788639 
889 94 8 11 0.0747215 
812 392 32 34 0.07393653 
583 63 29 39 0.071155 
848 54 9 11 0.06581737 
960 103 7 9 0.063692525 
970 109 8 10 0.059108604 
861 96 9 11 0.056456417 
836 96 10 11 0.054864164 
842 80 8 11 0.054548964 
928 104 8 9 0.054467276 
858 102 9 10 0.052631855 
854 111 9 11 0.051646855 
854 117 8 10 0.05070198 
877 102 8 10 0.050430916 
954 119 8 10 0.050156564 
888 112 9 10 0.049452055 
959 126 9 10 0.04816776 
927 96 8 9 0.046359144 
936 103 7 9 0.04476117 
839 85 10 12 0.04400426 
1000 67 21 27 0.043437544 
993 104 10 12 0.04320347 
973 104 8 10 0.04181085 
166 372 44 39 0.03670096 
190 293 27 34 0.03645871 
937 96 7 9 0.036335282 
953 111 7 9 0.03302738 
915 95 6 9 0.032503337 
833 88 8 10 0.032471195 
992 120 9 11 0.032316364 
889 102 8 10 0.031917565 
847 49 9 11 0.031569544 
833 58 11 15 0.03092992 
966 134 8 10 0.03071352 
898 444 10 14 0.030113593 
171 46 25 27 0.029722437 
911 112 8 11 0.029720522 
848 70 8 10 0.029619414 
888 89 8 9 0.028463503 
174 51 12 16 0.027603976 
403 192 11 13 0.027355144 
543 153 26 36 0.02731898 
687 72 8 10 0.026976353 
24 86 9 12 0.026972579 
864 117 8 10 0.026837602 
1 90 9 13 0.02642602 
245 276 29 42 0.026188409 
264 107 423 492 0.026140403 
990 124 9 11 0.0261293 
395 256 25 30 0.025850236 
849 60 9 12 0.025806613 
182 305 26 32 0.025277397 
984 127 8 9 0.02492272 
952 105 7 8 0.024356203 
976 259 28 33 0.024262564 
969 126 8 10 0.024005951 
906 111 7 10 0.023936076 
958 112 8 9 0.023906568 
832 69 9 12 0.023820505 
657 48 7 10 0.023726178 
961 134 9 10 0.023580898 
191 319 32 35 0.023512393 
944 109 8 10 0.023402523 
832 79 7 9 0.02333498 
1016 109 9 12 0.022330083 
1005 63 15 17 0.021881972 
1011 70 11 14 0.021761551 
904 78 7 10 0.020966724 
612 180 15 18 0.020964785 
836 55 10 13 0.020923588 
656 57 10 15 0.020855444 
798 384 34 36 0.020689245 
984 133 8 10 0.020679304 
400 205 23 31 0.020493116 
732 39 12 15 0.02045548 
686 77 8 11 0.020349847 
161 349 51 48 0.020252137 
931 111 10 11 0.020090021 
688 62 8 11 0.020079615 
261 207 25 33 0.020062966 
