35_Basketball_basketballgame_ball_35_153
18
83 2 120 152 0.99981767 
713 307 139 185 0.99922454 
412 232 167 215 0.99829835 
81 232 135 194 0.9975731 
189 1313 104 115 0.30084074 
786 -15 196 230 0.16072047 
899 425 29 36 0.10666597 
604 735 125 98 0.050025374 
869 19 159 213 0.033049323 
666 1228 215 227 0.028556027 
150 230 105 167 0.0282706 
708 -6 191 251 0.026645903 
388 1485 30 31 0.026192624 
815 13 133 129 0.024406563 
311 308 104 143 0.023112152 
392 772 47 57 0.021188766 
160 868 317 419 0.020776503 
625 27 154 189 0.020676205 
