35_Basketball_basketballgame_ball_35_681
44
457 32 89 118 0.9993326 
925 500 22 29 0.65638083 
962 449 18 21 0.23766962 
721 546 18 23 0.15773755 
938 463 16 20 0.15485574 
252 274 31 42 0.13701658 
213 252 24 29 0.11915677 
115 218 29 37 0.10044482 
240 315 33 40 0.09713988 
288 410 18 21 0.082370214 
1009 465 16 25 0.0811943 
994 508 18 24 0.065618776 
135 379 25 28 0.05049176 
273 353 28 32 0.046605676 
170 421 24 29 0.045292478 
950 447 40 51 0.04394398 
897 450 16 20 0.04249453 
480 -38 433 513 0.04213524 
-14 87 405 441 0.03689661 
123 170 375 432 0.03664626 
601 356 29 35 0.036542278 
84 373 18 22 0.03522515 
127 286 28 34 0.03408414 
138 393 18 22 0.03406451 
171 409 22 28 0.03240608 
941 455 23 28 0.031154854 
210 392 17 21 0.030774627 
132 398 20 28 0.030462705 
304 277 32 34 0.0298852 
708 416 55 68 0.0294779 
714 409 87 108 0.029276883 
718 368 31 44 0.02776391 
875 602 23 30 0.027192282 
989 498 18 25 0.026528567 
122 302 45 58 0.025021182 
713 529 14 17 0.024523726 
866 126 83 112 0.0237799 
113 362 17 20 0.023071755 
283 392 27 33 0.02214 
881 146 53 68 0.02147173 
785 422 97 123 0.021172326 
71 270 32 39 0.021113688 
0 577 19 38 0.020682773 
0 373 22 35 0.020086411 
