35_Basketball_playingbasketball_35_366
19
413 322 35 47 0.682777 
422 790 30 40 0.24530926 
505 751 24 30 0.19605494 
394 332 42 46 0.16574167 
390 348 33 41 0.15362656 
553 164 28 43 0.11342697 
536 177 45 50 0.048342843 
514 749 15 21 0.044533875 
429 789 17 22 0.04185412 
578 49 14 20 0.034944367 
718 123 10 12 0.033056095 
408 326 11 15 0.030767472 
571 40 25 32 0.027110057 
630 115 10 14 0.026301028 
703 134 8 9 0.025332704 
494 754 27 32 0.024563147 
722 3 15 17 0.021444194 
421 795 19 23 0.021005385 
613 109 15 18 0.020211756 
