35_Basketball_Basketball_35_457
943
609 137 42 54 0.8792788 
169 401 15 18 0.5434673 
247 390 9 12 0.5428686 
184 358 9 11 0.4679318 
408 336 7 9 0.4627825 
153 296 7 9 0.44610944 
164 420 13 17 0.4157213 
940 319 12 15 0.4109769 
19 275 14 16 0.40604854 
158 367 8 11 0.39008975 
211 401 14 15 0.3883628 
377 328 7 10 0.36590877 
127 269 8 10 0.3622321 
144 334 7 8 0.3492391 
41 350 10 13 0.34614474 
80 344 8 11 0.28903624 
62 431 11 15 0.27133065 
56 420 11 14 0.2639916 
87 359 8 10 0.25379214 
289 335 8 11 0.24850264 
264 303 9 11 0.24807116 
192 367 8 11 0.2410249 
359 319 8 9 0.22978346 
167 271 7 9 0.22585209 
206 386 9 13 0.22460194 
81 255 8 10 0.22237554 
49 378 11 14 0.216482 
127 381 10 13 0.21518345 
113 270 9 11 0.20920637 
280 288 8 9 0.2085604 
56 254 9 11 0.2005909 
109 397 9 12 0.19980638 
473 320 7 8 0.1964546 
113 334 8 10 0.19442277 
183 351 9 10 0.19373094 
69 271 8 11 0.19297929 
16 390 11 14 0.18776701 
119 406 13 16 0.18424338 
182 303 7 10 0.18292591 
58 259 9 12 0.17916386 
22 199 7 9 0.17837211 
167 389 11 12 0.17502725 
60 415 11 14 0.17385033 
71 398 14 16 0.17241743 
424 349 8 9 0.17211702 
239 312 7 10 0.17032516 
87 230 7 8 0.16978827 
5 410 14 17 0.16932133 
137 286 8 10 0.16809075 
80 308 8 9 0.16771275 
22 245 7 9 0.16727892 
207 334 7 11 0.16706009 
54 248 8 9 0.16604337 
128 369 7 10 0.16547273 
507 335 7 9 0.16327363 
31 260 8 11 0.16270645 
168 316 8 10 0.16043872 
184 364 10 12 0.1597536 
125 310 8 10 0.15734759 
465 368 7 9 0.15732275 
64 304 8 11 0.15562645 
127 374 9 10 0.15536012 
86 278 8 9 0.15459438 
521 328 7 9 0.15128757 
438 327 8 10 0.14961047 
885 361 9 11 0.14439102 
158 297 7 10 0.14263482 
48 247 8 9 0.14178039 
400 318 8 10 0.13562052 
337 310 7 9 0.13481344 
113 264 6 8 0.13427193 
0 350 6 11 0.1340328 
177 302 7 10 0.133639 
37 191 7 10 0.13351782 
25 215 8 10 0.13319315 
290 328 7 9 0.13250671 
0 283 7 13 0.13222738 
113 357 9 13 0.13179407 
79 206 8 9 0.12943833 
244 367 8 11 0.12787795 
96 288 7 10 0.12716278 
81 231 7 9 0.12628154 
122 302 7 9 0.12549537 
449 391 7 9 0.12547606 
159 342 8 11 0.124305345 
25 221 8 10 0.12358293 
254 327 8 10 0.12189333 
320 336 7 8 0.12155144 
200 264 7 8 0.121051975 
40 223 7 8 0.120646276 
415 288 7 9 0.12018271 
359 325 8 11 0.119607046 
320 303 8 9 0.1194273 
118 357 9 11 0.11881284 
38 311 9 12 0.118655235 
875 489 34 39 0.11634509 
40 344 10 12 0.116249494 
469 368 7 10 0.11617639 
272 360 7 9 0.11534787 
318 320 8 10 0.11516236 
124 409 12 14 0.11456154 
374 309 8 10 0.11428959 
122 254 7 9 0.11416742 
64 276 9 12 0.11387745 
233 312 8 10 0.11376049 
156 402 12 17 0.112578854 
257 374 9 11 0.1124235 
470 351 7 9 0.11193525 
2 198 8 11 0.11192454 
94 382 8 10 0.11123534 
112 224 7 9 0.11093324 
254 272 7 8 0.11091064 
283 374 7 10 0.110527374 
118 270 8 10 0.10934961 
37 365 10 11 0.10833749 
1 414 9 14 0.10818077 
126 295 8 9 0.107820414 
311 295 7 9 0.10718424 
152 350 8 9 0.105295725 
347 452 13 15 0.1049988 
160 426 13 16 0.10392378 
305 286 7 9 0.103796236 
174 382 9 11 0.1034587 
193 311 7 9 0.103327654 
142 280 8 10 0.102927744 
57 224 7 8 0.102680795 
487 312 7 8 0.10224458 
488 341 7 9 0.10198725 
48 215 7 8 0.10146274 
134 382 8 11 0.10099242 
96 271 8 10 0.1005755 
73 233 7 8 0.10047138 
327 303 6 8 0.10028441 
207 365 9 10 0.10019374 
63 224 6 8 0.10012406 
210 360 7 9 0.09949264 
17 192 7 9 0.09817643 
7 240 8 10 0.09766523 
927 203 28 27 0.097557336 
213 359 7 9 0.09735836 
132 413 10 13 0.09712248 
513 360 7 9 0.09697496 
182 297 7 9 0.09579368 
208 312 7 9 0.095742434 
49 208 7 9 0.09564093 
241 278 7 10 0.09535251 
113 229 6 9 0.0950614 
201 303 7 9 0.09452803 
136 294 7 10 0.09434639 
441 302 7 9 0.0937383 
455 391 7 10 0.093680315 
433 312 6 8 0.093608074 
0 334 7 11 0.09352822 
97 308 8 10 0.09295765 
160 336 8 11 0.09249335 
263 343 7 9 0.09245628 
39 255 9 10 0.09178906 
142 286 7 10 0.091645695 
126 400 10 12 0.09123081 
474 385 7 8 0.09089689 
98 264 7 9 0.09084444 
166 408 15 18 0.090826206 
370 287 7 9 0.090610944 
486 361 8 9 0.0896784 
263 279 7 9 0.08911777 
201 381 11 14 0.08886661 
434 328 8 9 0.08872906 
32 366 8 10 0.08860794 
482 359 8 9 0.08793961 
11 356 8 11 0.08731489 
1 279 8 13 0.08638239 
23 206 7 9 0.08622169 
35 316 10 12 0.08614234 
440 359 8 9 0.08588295 
70 382 9 11 0.08571974 
118 335 7 10 0.08465288 
446 287 8 8 0.08412721 
393 352 7 8 0.08408151 
319 326 7 9 0.08397988 
31 221 7 9 0.08385626 
199 374 8 10 0.08370236 
184 412 11 14 0.083541386 
434 391 7 10 0.08262317 
449 374 8 11 0.08251852 
438 391 7 10 0.08219504 
528 350 8 10 0.08189797 
337 304 7 9 0.08155372 
191 273 6 8 0.08131595 
38 327 8 9 0.08116179 
432 383 6 9 0.08024643 
312 341 7 9 0.0802243 
246 374 8 11 0.08010872 
79 201 7 9 0.079055436 
889 545 13 16 0.078622274 
424 318 6 8 0.07844896 
527 397 7 9 0.078411534 
177 296 7 9 0.07838299 
48 241 6 8 0.078306064 
230 293 8 11 0.078141324 
328 357 8 10 0.0779824 
57 214 6 8 0.07778734 
111 274 10 13 0.07769965 
215 312 7 10 0.077587105 
224 287 7 9 0.0773908 
498 352 6 8 0.077100344 
328 285 6 9 0.07705482 
447 303 6 7 0.077011496 
29 216 7 10 0.07648178 
442 298 6 8 0.07637381 
152 269 7 9 0.07615507 
377 367 7 9 0.075668715 
416 304 7 9 0.07564966 
441 321 6 8 0.0750587 
379 350 7 10 0.07494146 
375 304 7 10 0.07488654 
478 384 7 9 0.07427107 
81 248 8 9 0.074169524 
201 317 8 11 0.07369806 
368 343 8 10 0.07338143 
413 423 8 10 0.07320038 
21 396 10 13 0.07317712 
343 303 8 10 0.072923 
422 382 8 10 0.07266093 
128 225 7 8 0.07213974 
448 321 6 7 0.07189215 
145 295 8 11 0.071840614 
207 316 8 10 0.07178617 
490 399 7 8 0.071704075 
313 326 7 10 0.071692094 
28 278 10 13 0.071561694 
225 303 8 9 0.0715185 
30 283 10 13 0.07093338 
46 355 9 11 0.07078284 
74 207 6 9 0.07052595 
54 318 9 11 0.07023125 
217 279 7 9 0.06992844 
162 271 7 9 0.06972328 
423 312 6 9 0.06965544 
487 365 8 10 0.06957829 
87 272 7 10 0.0694583 
56 426 12 16 0.069307424 
497 328 6 8 0.069141276 
138 281 8 10 0.06889486 
313 337 6 8 0.068684585 
409 407 9 13 0.06837524 
417 310 8 9 0.06824978 
382 352 7 9 0.06797115 
247 319 7 9 0.067887135 
119 352 9 11 0.06781452 
422 375 8 10 0.0677596 
232 289 7 9 0.06689415 
239 273 7 8 0.06673296 
466 351 7 9 0.06666952 
145 301 8 9 0.066551976 
97 224 7 9 0.06653551 
88 287 9 10 0.06648314 
96 377 8 10 0.06639181 
8 223 7 10 0.06637394 
96 304 7 10 0.0663549 
328 336 6 8 0.066059045 
519 391 8 9 0.065544054 
64 209 7 8 0.06547075 
255 334 7 10 0.06523486 
112 341 8 11 0.06519874 
208 296 7 9 0.065014 
239 406 11 15 0.06483382 
257 256 7 8 0.06476804 
310 288 7 9 0.06457161 
184 309 7 9 0.06429396 
128 248 7 9 0.06422482 
169 385 10 12 0.063817024 
503 401 7 9 0.063518144 
432 295 6 8 0.06338647 
56 209 7 9 0.06334093 
355 319 7 9 0.06324613 
506 304 7 8 0.063140966 
916 311 14 17 0.062938966 
40 333 8 10 0.06268105 
417 350 7 10 0.0626654 
152 358 9 11 0.062526524 
352 311 7 9 0.062390085 
321 279 7 10 0.06237927 
80 292 7 11 0.062193476 
318 310 8 9 0.062148154 
5 276 9 13 0.062057283 
118 364 9 12 0.06196536 
479 303 7 8 0.061934486 
16 223 7 9 0.061398834 
270 309 7 9 0.06128468 
306 342 6 8 0.0611959 
293 335 7 10 0.061109472 
278 279 7 9 0.06096044 
322 351 7 10 0.06088947 
214 391 10 13 0.06088847 
121 390 9 11 0.060765207 
121 249 8 9 0.060621627 
0 254 6 12 0.060304478 
170 302 7 8 0.0601239 
199 287 6 9 0.059952844 
954 303 9 11 0.059115414 
376 295 7 8 0.0587822 
175 337 8 9 0.058720656 
498 319 5 7 0.058037914 
512 383 8 9 0.057999134 
374 288 7 8 0.057998616 
481 353 7 8 0.057801522 
218 430 9 12 0.057744425 
136 247 6 9 0.057741936 
39 231 7 9 0.05753849 
535 382 7 9 0.057170194 
398 351 7 8 0.057148404 
314 303 7 9 0.057146605 
455 335 7 9 0.057036333 
1011 444 10 14 0.056996487 
141 357 9 11 0.056919485 
112 350 8 11 0.056863364 
199 369 8 9 0.056652773 
56 396 9 12 0.05665193 
315 311 6 8 0.05656437 
230 412 10 13 0.056401387 
111 209 6 8 0.05627037 
433 332 9 10 0.056149617 
193 317 7 9 0.05614437 
239 303 7 9 0.055977695 
18 245 7 9 0.05587732 
474 303 7 8 0.055867806 
242 396 10 14 0.055854212 
110 414 12 14 0.055774845 
125 303 8 10 0.05562437 
45 343 8 11 0.0553638 
481 336 7 9 0.055339202 
201 296 6 9 0.05526474 
177 287 7 9 0.05518454 
215 317 7 9 0.05518067 
418 382 7 10 0.054923203 
82 225 6 8 0.054801002 
102 310 8 10 0.05467633 
273 272 8 9 0.054482725 
510 305 7 8 0.054392222 
422 390 7 9 0.054378375 
218 397 11 15 0.054142855 
177 374 9 12 0.053996574 
336 440 12 15 0.053836673 
382 367 7 9 0.0538213 
136 349 10 13 0.053527825 
118 399 11 12 0.053481687 
34 295 10 11 0.053444397 
46 311 8 10 0.053396136 
247 280 7 8 0.05326954 
181 371 10 12 0.053077985 
122 297 8 10 0.052908123 
256 280 7 8 0.052768644 
522 333 7 9 0.05263167 
224 310 9 10 0.05253285 
169 256 7 9 0.05247571 
260 379 9 12 0.052448332 
142 342 10 11 0.052375056 
422 304 6 8 0.05230441 
209 420 10 13 0.052231092 
457 342 7 10 0.052220102 
96 239 6 9 0.052008215 
240 350 7 9 0.051982623 
256 352 8 10 0.05188308 
110 405 11 14 0.05185864 
221 411 13 15 0.05171651 
126 253 8 9 0.051633578 
168 337 8 10 0.051494587 
191 277 6 9 0.05136319 
64 214 7 8 0.051087104 
73 349 8 10 0.051008612 
218 403 13 15 0.050958965 
77 392 11 12 0.050923996 
65 230 6 9 0.050873075 
200 269 8 9 0.0508352 
400 313 7 9 0.050630014 
994 328 8 10 0.05003202 
79 414 10 13 0.049813855 
42 216 7 9 0.049807265 
271 295 8 9 0.049760647 
473 389 8 10 0.049529497 
177 342 7 9 0.049522184 
212 383 9 11 0.049500685 
293 327 7 9 0.04902145 
230 358 9 11 0.048912138 
95 246 7 10 0.048787836 
113 329 8 10 0.04875157 
473 325 7 9 0.048539147 
381 374 7 10 0.048377037 
72 237 7 9 0.04825592 
92 387 11 13 0.048184443 
185 278 8 10 0.048047684 
129 229 8 10 0.048040338 
142 349 10 12 0.04786568 
337 366 8 11 0.04778186 
32 311 11 13 0.047749385 
753 220 42 37 0.047302205 
487 337 7 10 0.04700052 
456 305 6 7 0.046820775 
207 265 6 9 0.04681097 
528 344 8 10 0.04668069 
377 383 7 10 0.046677828 
87 304 8 10 0.046602305 
226 294 8 10 0.04653538 
371 304 7 9 0.046511576 
497 359 7 9 0.046498276 
471 344 7 8 0.04646971 
215 272 8 10 0.04646622 
131 405 11 15 0.046360325 
249 272 8 9 0.046343673 
70 304 8 11 0.046124175 
250 327 8 10 0.046090186 
449 327 7 10 0.04590853 
391 336 7 8 0.04588866 
369 311 7 9 0.045797627 
186 272 7 9 0.045659546 
190 346 7 9 0.04564542 
536 360 8 10 0.045385417 
264 273 6 8 0.04522842 
103 262 7 9 0.04510875 
326 352 8 10 0.04509265 
88 226 6 8 0.0450892 
210 409 15 18 0.045060635 
125 357 7 10 0.045037992 
136 240 6 8 0.045034226 
384 391 7 9 0.044818416 
183 345 8 10 0.044648338 
72 326 9 12 0.044322707 
506 340 8 10 0.044169288 
200 405 9 12 0.04412283 
503 376 7 9 0.04404381 
423 368 7 9 0.044003114 
15 168 7 9 0.043969214 
279 272 7 9 0.043566834 
247 384 9 11 0.043473996 
463 313 6 7 0.043323394 
393 319 7 9 0.043268166 
168 297 7 9 0.043208316 
463 343 7 9 0.04310435 
391 305 6 9 0.04287723 
72 332 9 11 0.04271739 
214 365 8 11 0.042639863 
32 231 8 10 0.042502664 
180 404 11 15 0.04226238 
416 343 7 10 0.042192277 
257 357 7 8 0.042006157 
326 281 7 9 0.041881792 
120 264 8 10 0.041641444 
505 311 7 9 0.041569494 
406 365 9 11 0.041517 
457 311 6 8 0.041389924 
82 359 9 12 0.041224465 
400 288 7 9 0.04117234 
439 384 7 9 0.04110674 
167 264 7 9 0.04106171 
152 288 6 9 0.041060492 
64 200 7 8 0.040999066 
62 391 10 12 0.040944934 
256 342 8 9 0.040911242 
232 344 8 9 0.040780194 
145 271 7 9 0.04069273 
430 350 7 9 0.040595528 
1 239 8 10 0.04046946 
405 320 8 9 0.04041935 
438 397 7 9 0.04039907 
225 366 8 11 0.04036422 
384 304 8 9 0.040337574 
479 319 6 9 0.04025538 
103 303 7 9 0.040168136 
160 254 7 9 0.040086456 
256 286 7 8 0.040078986 
947 324 9 12 0.040051777 
529 359 7 10 0.040007707 
517 385 8 9 0.03990524 
104 277 9 11 0.039830584 
554 350 10 12 0.039815307 
392 311 6 9 0.03979936 
126 316 10 13 0.03965531 
206 375 8 10 0.03962961 
193 305 7 9 0.039609954 
152 265 7 9 0.039561402 
541 359 8 11 0.03942826 
258 309 8 10 0.039380427 
360 314 8 10 0.03936542 
104 294 7 9 0.039224576 
71 215 7 9 0.039176255 
256 368 9 12 0.039155398 
161 313 7 8 0.039111614 
206 303 8 9 0.039040454 
234 273 7 8 0.039021157 
369 335 7 9 0.038946968 
57 311 8 10 0.038915653 
34 184 7 9 0.038900908 
510 341 7 9 0.03888361 
213 420 12 14 0.038834423 
539 470 23 27 0.038832296 
504 319 6 8 0.038616717 
111 214 7 8 0.038282096 
74 344 8 11 0.03824982 
247 351 8 10 0.03800916 
256 320 8 10 0.038005777 
24 404 10 14 0.037940554 
39 197 7 9 0.03792832 
173 428 13 15 0.037910875 
136 343 10 11 0.037903868 
274 278 7 9 0.037814833 
151 279 8 10 0.037719335 
66 184 7 9 0.037695963 
223 328 8 10 0.037644155 
139 335 7 9 0.037625916 
48 316 8 11 0.037557952 
206 327 10 12 0.03749281 
367 360 8 11 0.037297837 
359 366 7 10 0.037285034 
18 174 7 10 0.037106887 
215 327 8 11 0.037101645 
153 255 7 8 0.03707562 
321 298 8 9 0.03698527 
314 319 8 10 0.03693345 
489 327 7 9 0.03692239 
449 368 8 9 0.036922004 
102 288 8 10 0.03679974 
200 311 8 10 0.036772516 
1008 389 11 15 0.036712274 
441 352 7 9 0.036558785 
21 382 11 13 0.036254928 
158 398 19 24 0.036213867 
542 305 7 9 0.036122117 
447 383 7 8 0.036122024 
417 389 8 10 0.036026105 
120 373 9 11 0.035965577 
72 223 7 9 0.035921827 
455 373 7 10 0.035786588 
488 318 6 8 0.035734914 
160 287 7 10 0.035661764 
32 301 9 11 0.03561644 
377 358 8 10 0.03557477 
216 254 7 8 0.035566006 
281 256 6 8 0.035531726 
214 296 7 8 0.03550755 
278 359 8 10 0.03535569 
406 360 9 11 0.035320103 
57 229 8 9 0.03531479 
473 313 7 7 0.035084326 
366 445 15 17 0.03506864 
87 395 11 15 0.03503651 
80 237 8 10 0.03503114 
246 296 8 10 0.034993473 
284 289 8 9 0.034982264 
119 341 9 11 0.034946706 
358 376 7 8 0.034814738 
487 297 7 7 0.034769557 
38 301 8 10 0.03472665 
104 223 7 10 0.03470532 
133 318 9 12 0.034656484 
269 344 8 10 0.034638226 
288 270 7 9 0.034621462 
287 294 8 9 0.03455793 
85 260 8 10 0.034445453 
304 365 7 9 0.03442706 
401 305 7 9 0.034425534 
295 297 7 8 0.03442514 
473 337 7 9 0.034379713 
341 367 8 11 0.03431249 
450 334 7 9 0.03424657 
167 276 8 10 0.0342336 
262 368 10 12 0.03409485 
74 202 7 8 0.034027502 
174 241 7 8 0.03391883 
305 337 7 9 0.03386569 
248 256 7 8 0.033857495 
60 256 8 11 0.03384524 
287 393 8 10 0.03381511 
86 248 7 9 0.033663295 
189 349 9 11 0.033658855 
306 327 7 10 0.03363743 
487 302 6 7 0.03362793 
25 255 8 10 0.03355408 
17 291 10 13 0.033535913 
93 326 8 10 0.033518247 
456 369 7 9 0.03348065 
327 380 9 11 0.033477142 
926 396 9 10 0.033368584 
134 418 10 14 0.033356346 
232 350 7 8 0.03323882 
0 355 6 11 0.03317376 
126 341 9 11 0.033046797 
105 214 7 9 0.032939725 
62 396 12 15 0.032918405 
464 372 7 9 0.032913048 
297 279 9 11 0.032847855 
1008 335 8 10 0.032761503 
31 238 8 10 0.032708883 
521 398 8 10 0.03266792 
413 335 7 10 0.032664113 
7 397 11 13 0.032476254 
22 333 8 10 0.03247507 
87 389 10 12 0.032445896 
240 316 8 10 0.032400988 
135 254 8 9 0.03228089 
218 286 7 9 0.03227737 
356 422 10 12 0.03227654 
17 240 7 10 0.032272223 
18 205 8 10 0.0321911 
125 387 11 13 0.03215876 
112 318 7 10 0.03214714 
42 248 8 10 0.032111526 
153 345 9 11 0.032042105 
208 271 7 9 0.032022838 
381 327 8 10 0.031991772 
87 351 8 10 0.031930603 
84 414 10 13 0.03190672 
391 326 8 9 0.031778686 
496 400 7 9 0.031719927 
38 184 7 9 0.031692248 
88 238 7 9 0.031605527 
443 287 7 8 0.031537216 
269 365 9 11 0.031395957 
178 349 9 11 0.031354476 
170 239 7 8 0.031325873 
543 342 7 10 0.03129318 
536 397 7 11 0.031230807 
495 312 7 8 0.0312225 
368 264 7 8 0.031205254 
266 298 7 9 0.0312037 
440 344 7 9 0.031129275 
513 400 7 9 0.031105418 
383 296 7 8 0.031051677 
136 326 8 10 0.031006204 
558 352 10 15 0.030982021 
229 387 10 13 0.030904096 
56 284 8 11 0.030825738 
16 262 9 11 0.030772835 
336 287 6 9 0.030766148 
412 412 9 12 0.0307139 
424 336 7 9 0.030705918 
329 364 8 12 0.030690698 
883 542 25 29 0.030665522 
33 360 9 11 0.030665226 
409 304 7 9 0.030660486 
536 336 7 9 0.030428 
414 443 10 12 0.030403623 
520 313 6 8 0.03037415 
438 332 8 11 0.030288715 
240 295 8 10 0.030258035 
337 372 9 12 0.030204443 
465 287 7 8 0.03018839 
24 261 9 12 0.03015646 
359 332 8 10 0.030137042 
185 254 8 10 0.030061232 
337 281 7 8 0.029989835 
495 383 7 9 0.029972017 
47 223 7 9 0.029848939 
17 283 11 14 0.029827813 
263 350 7 10 0.029815242 
777 216 33 42 0.029799292 
466 359 8 9 0.02975365 
263 286 7 8 0.029742999 
520 318 7 9 0.029705908 
6 203 9 11 0.029701455 
454 328 7 9 0.029655585 
191 254 6 9 0.02964288 
384 311 8 9 0.029622404 
488 376 7 8 0.029603617 
410 288 8 9 0.029579422 
102 382 8 10 0.029538935 
24 174 7 9 0.029532004 
90 214 7 9 0.02946191 
463 398 7 9 0.029437017 
225 372 8 10 0.029371921 
214 373 9 11 0.02931645 
382 358 8 10 0.029310359 
513 328 6 8 0.029227944 
376 345 7 9 0.029113255 
122 382 9 13 0.029026836 
870 421 9 11 0.028998429 
69 410 13 15 0.028955508 
215 303 8 9 0.028946284 
152 400 12 15 0.028931027 
31 175 6 8 0.028913638 
49 184 7 8 0.028912527 
528 366 7 9 0.028843278 
327 296 6 9 0.028775321 
41 396 11 13 0.028770287 
16 228 8 10 0.028742412 
512 353 7 8 0.028728414 
447 359 7 9 0.028724076 
329 310 7 9 0.028692093 
342 309 8 10 0.02868564 
56 280 8 10 0.028685223 
134 263 7 10 0.028684849 
104 390 10 12 0.028652152 
247 285 8 9 0.028638685 
391 356 7 10 0.028622214 
37 278 8 11 0.028574541 
349 304 7 10 0.028489335 
240 285 8 10 0.028484648 
513 320 6 8 0.028461656 
103 200 7 8 0.028436499 
91 396 12 15 0.028381923 
84 343 8 11 0.028356245 
439 312 7 8 0.028348375 
25 169 7 9 0.02833846 
392 344 7 9 0.028331738 
463 392 8 10 0.028290948 
136 302 7 9 0.02822475 
502 352 8 9 0.02821199 
415 293 7 9 0.02815706 
81 272 9 10 0.028149497 
128 323 10 11 0.028148318 
112 257 8 9 0.02812894 
935 540 35 34 0.028079722 
135 310 8 10 0.027989522 
497 377 7 8 0.027894987 
222 391 10 12 0.02772515 
519 360 7 10 0.027724762 
471 372 7 9 0.027593395 
225 358 8 10 0.02755363 
157 360 9 11 0.027472181 
487 352 7 8 0.02742764 
0 310 9 12 0.027424987 
376 320 8 10 0.0274146 
401 344 6 9 0.02736214 
341 372 9 11 0.027348062 
150 290 17 23 0.027269032 
306 294 7 9 0.027173417 
164 387 21 27 0.027154027 
48 200 7 9 0.02713803 
105 208 8 9 0.027066428 
101 376 7 10 0.026936483 
456 319 6 8 0.026894353 
125 432 14 16 0.026873045 
1016 310 8 13 0.026759781 
271 350 7 10 0.026759407 
65 238 7 9 0.026749901 
153 231 7 8 0.026737275 
418 375 8 10 0.026644146 
1008 342 8 11 0.02664161 
0 341 7 14 0.026636738 
40 238 8 9 0.026618415 
159 248 7 9 0.02654994 
15 310 9 11 0.026543835 
1007 382 10 15 0.026487665 
251 389 11 13 0.026412234 
223 272 6 9 0.026391251 
469 358 8 9 0.026384858 
370 294 7 9 0.026360258 
239 261 6 9 0.026328629 
264 358 7 8 0.026322084 
343 263 7 9 0.026296342 
162 316 7 10 0.026273716 
234 279 8 9 0.026269337 
478 391 7 9 0.02625235 
31 208 7 9 0.02621695 
418 317 7 10 0.026209842 
210 277 7 9 0.0261963 
154 238 7 9 0.026140198 
368 365 7 10 0.025895484 
150 318 8 10 0.025860395 
431 346 7 8 0.025842179 
511 310 7 9 0.025821986 
384 344 7 9 0.025727225 
117 429 16 18 0.025683006 
64 190 8 9 0.025666414 
455 271 8 9 0.025623979 
644 70 49 59 0.025623878 
247 313 7 8 0.025599375 
95 174 8 10 0.025586035 
230 420 11 15 0.02557094 
126 337 8 9 0.025553295 
188 418 11 14 0.025549633 
465 318 6 9 0.02552071 
144 264 8 9 0.025518352 
33 196 8 10 0.025451962 
285 368 9 11 0.025355764 
447 296 6 8 0.025346566 
194 287 7 9 0.025274223 
385 319 7 10 0.025249245 
39 261 8 10 0.02524781 
47 334 8 10 0.025233626 
249 342 8 9 0.02522822 
481 311 6 8 0.025161501 
345 270 7 9 0.025156554 
360 360 9 11 0.025101257 
7 192 7 9 0.024918059 
426 297 7 8 0.024861338 
88 292 9 11 0.024802994 
353 278 7 9 0.024672305 
353 375 8 9 0.02460788 
495 390 7 9 0.024599696 
142 241 7 8 0.024563694 
345 287 7 9 0.024539644 
247 249 7 7 0.024504457 
921 391 10 12 0.024461636 
360 343 8 9 0.024449794 
494 344 7 8 0.024429794 
489 393 7 9 0.024403214 
215 264 7 9 0.024402149 
96 208 7 8 0.024345974 
334 335 7 9 0.024311641 
47 327 8 11 0.024264889 
0 245 8 11 0.024252057 
402 360 8 10 0.024244182 
528 374 8 9 0.02422005 
7 254 8 11 0.024219293 
203 383 19 24 0.024138402 
40 207 7 9 0.024124658 
429 423 9 11 0.024093796 
262 256 7 8 0.024058534 
296 302 8 9 0.024051022 
888 420 10 12 0.024039425 
39 371 14 16 0.024038652 
392 384 6 9 0.02402591 
526 334 7 9 0.023981195 
96 230 6 8 0.023974674 
42 269 8 11 0.023944834 
96 276 8 11 0.023904433 
201 325 10 13 0.023894323 
239 360 9 12 0.023883853 
16 217 7 9 0.02386819 
153 248 7 9 0.023865711 
320 271 7 9 0.023844471 
94 335 9 11 0.023802938 
351 287 7 9 0.023760233 
881 468 11 14 0.02374838 
88 207 7 9 0.02372005 
353 335 7 9 0.023719134 
889 491 18 21 0.02370837 
383 272 6 8 0.023690065 
943 364 9 12 0.023671748 
345 296 7 8 0.023618458 
432 272 7 8 0.023613133 
240 382 9 10 0.023519307 
503 328 7 8 0.023505587 
71 357 9 12 0.023500303 
339 256 7 8 0.023464154 
287 264 7 9 0.0234112 
48 252 8 10 0.02337647 
128 289 9 10 0.023362676 
334 360 8 10 0.02336231 
405 328 19 25 0.023359364 
71 309 8 9 0.023255417 
345 335 7 9 0.02317727 
62 404 14 15 0.023162138 
354 366 7 10 0.023149496 
72 286 10 12 0.0230418 
95 255 8 11 0.023022754 
96 215 7 9 0.02300913 
400 324 7 9 0.022893995 
153 370 10 12 0.02288866 
182 287 8 9 0.02287374 
10 216 7 9 0.022787955 
56 404 9 12 0.022712708 
682 344 241 258 0.022631869 
432 289 6 8 0.022619352 
424 407 8 10 0.022618733 
23 328 7 10 0.02260184 
531 384 7 9 0.022596449 
706 126 41 52 0.02247735 
71 185 7 8 0.022376247 
996 437 12 16 0.022362858 
525 327 7 9 0.022343917 
134 375 8 10 0.022332417 
440 365 8 9 0.022300187 
111 296 8 9 0.022299282 
167 287 7 10 0.022244427 
456 350 7 9 0.022221299 
328 328 7 9 0.022220345 
104 316 8 11 0.022216676 
335 329 7 9 0.022169834 
365 318 7 10 0.022164997 
93 424 14 18 0.022060826 
130 240 6 8 0.022042675 
949 334 10 13 0.022007467 
70 390 12 14 0.02200527 
505 383 8 9 0.02198409 
142 382 8 11 0.021971809 
392 287 7 9 0.021959087 
481 296 7 8 0.021955742 
295 373 9 12 0.021942258 
322 285 7 9 0.02193838 
536 376 7 10 0.02181848 
408 278 7 8 0.021785358 
135 225 6 8 0.021757845 
112 302 8 9 0.021750936 
46 368 11 12 0.021708116 
337 315 7 10 0.021706156 
496 288 7 8 0.021691317 
314 280 7 9 0.02166943 
535 342 7 10 0.02159813 
110 392 9 11 0.02159058 
79 214 7 9 0.021446956 
22 194 8 8 0.021424405 
183 262 8 9 0.021388086 
43 371 18 22 0.021381076 
150 326 8 11 0.021377848 
320 341 8 10 0.021351704 
301 280 8 10 0.021351613 
495 334 7 10 0.021343555 
243 391 9 12 0.021333775 
279 352 8 9 0.021325454 
153 361 19 23 0.021321682 
535 319 7 9 0.02131749 
287 421 9 11 0.021304624 
937 365 10 12 0.021249374 
55 242 8 8 0.021247363 
181 352 19 24 0.021234218 
56 411 19 23 0.021218723 
106 403 10 13 0.02116427 
81 191 6 7 0.021152366 
173 319 8 10 0.021121731 
674 460 17 20 0.02106921 
222 280 7 9 0.021016775 
8 390 11 14 0.021010907 
78 317 10 12 0.020955756 
408 272 7 8 0.020929359 
464 384 8 9 0.020886382 
23 410 10 15 0.020838076 
72 319 8 10 0.02082276 
16 183 8 10 0.020812413 
304 303 7 10 0.02080315 
6 309 9 11 0.020797914 
1003 439 21 27 0.020664958 
153 223 7 8 0.02064112 
225 334 8 10 0.020593107 
298 285 9 10 0.020588873 
261 389 10 11 0.020578654 
2 194 8 10 0.020536233 
430 376 8 10 0.020516254 
991 368 9 12 0.02046343 
407 327 7 9 0.020446748 
2 223 7 10 0.020442145 
72 263 8 10 0.020373827 
997 327 8 11 0.020267904 
360 273 8 9 0.020213101 
47 231 7 9 0.020150205 
416 327 7 9 0.0201452 
503 360 7 9 0.020125289 
409 351 8 10 0.020119516 
544 349 8 11 0.020115595 
160 327 8 10 0.020076564 
38 414 11 14 0.020053612 
375 279 6 9 0.020050751 
1004 383 21 29 0.020013873 
