35_Basketball_playingbasketball_35_195
265
460 392 15 18 0.9899233 
971 388 14 18 0.9684677 
580 382 16 22 0.92428446 
205 273 20 29 0.90539247 
303 403 9 12 0.8692195 
113 406 8 12 0.845761 
711 398 8 11 0.80316997 
135 415 9 11 0.71707416 
505 387 11 15 0.71435666 
1011 397 11 16 0.6853279 
51 399 11 14 0.6794044 
431 402 10 12 0.6350929 
738 398 8 11 0.63503593 
156 405 9 11 0.62772936 
537 403 11 12 0.5600557 
559 396 11 16 0.39744288 
361 403 10 12 0.3700085 
367 419 9 12 0.3441559 
153 402 8 11 0.2551979 
248 406 10 13 0.22297946 
782 389 10 12 0.20256466 
775 405 7 9 0.19292617 
994 233 24 37 0.17160955 
525 430 10 14 0.15913521 
345 400 8 9 0.15090445 
630 459 9 11 0.14580062 
405 412 9 11 0.14522628 
494 478 7 10 0.13314524 
435 404 10 12 0.1177446 
944 415 9 11 0.11483253 
672 487 9 11 0.11240608 
286 431 9 12 0.105232336 
944 422 11 14 0.10398594 
406 398 9 11 0.0991131 
837 223 34 39 0.09752612 
94 465 9 11 0.09704997 
1008 391 11 15 0.09696507 
666 392 8 10 0.09511626 
333 494 8 11 0.089979924 
94 408 9 11 0.087471284 
401 412 10 12 0.082481846 
0 423 7 11 0.08125016 
760 431 8 11 0.08116623 
405 438 8 10 0.07923511 
669 397 9 11 0.077888265 
653 485 8 10 0.07431361 
349 399 9 10 0.07407431 
434 497 7 10 0.07300157 
521 422 8 12 0.07224393 
158 411 10 11 0.06744279 
90 439 7 10 0.06711457 
656 406 8 11 0.065815754 
653 446 9 11 0.06467985 
710 394 9 10 0.06459718 
344 405 9 10 0.063876726 
340 430 10 11 0.061192255 
737 394 8 10 0.060921878 
742 404 7 10 0.05935321 
424 438 9 11 0.059065342 
491 478 7 9 0.058790747 
916 347 14 19 0.058540456 
352 494 10 12 0.055090267 
521 380 10 13 0.053991582 
589 371 13 17 0.053628918 
679 405 8 9 0.052766096 
741 393 8 10 0.051822536 
872 265 13 15 0.051021222 
655 441 7 9 0.050539814 
390 430 9 11 0.050348822 
391 424 8 10 0.049838126 
401 438 8 10 0.049291898 
198 636 15 20 0.04814784 
287 413 8 11 0.04772302 
0 374 9 14 0.04753953 
489 422 9 12 0.046571672 
408 431 9 10 0.046396054 
771 405 7 10 0.04552169 
661 471 7 10 0.04525107 
654 414 8 11 0.04524204 
94 445 9 11 0.045206886 
321 435 8 11 0.04459326 
413 429 8 10 0.043969113 
750 416 7 9 0.043663673 
414 407 8 10 0.043513484 
709 238 13 16 0.043481097 
634 478 7 9 0.043333545 
943 408 8 10 0.043197118 
522 435 9 12 0.0430123 
695 462 8 10 0.04273883 
307 399 9 12 0.041845724 
708 500 10 12 0.041774206 
497 497 9 10 0.04071973 
654 480 7 9 0.04014439 
52 413 12 13 0.04002086 
330 500 9 11 0.039901663 
599 445 8 10 0.039507065 
282 430 9 12 0.039141253 
485 495 8 10 0.038577173 
250 412 11 14 0.03850367 
343 413 9 10 0.03836454 
679 401 8 9 0.038355682 
524 459 11 16 0.038294885 
351 404 9 11 0.037501175 
134 408 10 12 0.036617607 
746 422 7 10 0.036414314 
196 280 25 28 0.03629422 
1000 403 10 13 0.036022794 
525 413 8 12 0.035825692 
648 421 9 11 0.0353055 
358 495 8 10 0.03525936 
6 493 9 12 0.035053037 
55 419 11 13 0.034698382 
71 465 12 15 0.034624733 
128 439 7 10 0.033982396 
407 392 10 12 0.033870634 
511 480 7 9 0.033849355 
581 374 16 21 0.03382845 
533 479 8 10 0.03353423 
558 335 7 8 0.033259604 
565 389 12 17 0.033198193 
335 489 7 10 0.032669432 
240 302 16 20 0.03263569 
625 406 8 11 0.03260803 
39 428 10 12 0.032595534 
90 413 9 11 0.032585595 
145 404 9 13 0.03224987 
341 436 9 11 0.03222521 
116 411 9 12 0.0322064 
49 392 10 13 0.03211972 
759 399 8 10 0.031839073 
640 437 9 11 0.031669613 
696 390 7 9 0.03148497 
759 435 8 12 0.031167025 
384 437 8 11 0.031152077 
727 428 9 11 0.031055724 
665 488 8 10 0.030974813 
725 477 8 10 0.030950714 
280 424 8 11 0.03090191 
22 406 10 12 0.03067595 
540 493 9 12 0.030630281 
768 400 7 10 0.03057422 
16 452 9 13 0.030479886 
765 377 8 9 0.03037623 
453 423 9 12 0.030296022 
166 421 9 12 0.030025896 
645 432 7 9 0.029949121 
391 438 8 10 0.029862454 
303 504 10 12 0.029601555 
687 478 8 10 0.029496558 
167 413 8 10 0.029486204 
431 444 8 11 0.029180143 
384 398 9 11 0.029093843 
52 597 25 29 0.02881736 
946 426 12 17 0.028705774 
401 391 8 11 0.028144028 
753 456 7 10 0.028063912 
648 438 7 10 0.027948318 
361 391 9 11 0.027661586 
263 414 9 11 0.02744973 
138 413 12 14 0.027392823 
541 418 10 13 0.027344894 
726 440 8 10 0.027282562 
133 399 11 13 0.027136602 
549 461 11 15 0.026782403 
785 431 8 10 0.026718782 
131 410 19 22 0.026648976 
524 388 11 14 0.026580136 
152 400 17 21 0.026574302 
622 472 8 10 0.026545763 
15 447 9 12 0.026383057 
129 404 9 12 0.026378097 
622 424 7 9 0.026316293 
750 422 7 9 0.026143955 
996 436 10 13 0.02609801 
567 328 8 9 0.026029067 
765 431 8 10 0.025982698 
359 501 8 11 0.025967387 
166 407 9 12 0.025964446 
617 424 8 10 0.025914267 
344 493 8 12 0.025876842 
427 399 8 11 0.02581418 
524 422 10 14 0.025802584 
357 399 19 23 0.02576037 
726 414 8 10 0.025721956 
361 421 10 13 0.02563792 
686 501 12 13 0.025577655 
481 479 7 9 0.025501302 
299 397 11 15 0.02519315 
1008 386 17 27 0.025189694 
401 383 7 10 0.025069926 
428 437 11 12 0.024927653 
566 380 13 17 0.024876468 
425 405 9 12 0.024653394 
703 415 8 10 0.02462404 
1014 467 11 17 0.024501903 
582 493 9 12 0.02435408 
402 398 9 11 0.02427564 
553 396 11 16 0.024204975 
553 430 8 12 0.024171922 
849 139 55 88 0.02416778 
534 399 18 21 0.02398242 
495 473 9 12 0.023767091 
70 478 9 11 0.023754416 
671 482 9 10 0.023653403 
335 405 8 10 0.023485688 
707 394 18 21 0.023453875 
672 404 9 10 0.023323685 
487 416 9 12 0.023311738 
656 465 8 9 0.023254627 
447 504 7 9 0.022983303 
661 403 10 13 0.02296582 
481 486 7 9 0.022955842 
781 413 9 11 0.022950776 
0 508 9 16 0.022873487 
656 401 9 10 0.022855226 
449 426 10 13 0.022759624 
327 448 7 8 0.022697732 
1 415 8 11 0.02255032 
299 399 18 23 0.022541111 
310 414 8 10 0.022462789 
361 411 11 13 0.022443173 
641 432 9 11 0.022400785 
337 401 7 10 0.022397459 
535 419 12 13 0.022170948 
144 431 10 13 0.022133823 
568 376 23 28 0.02211968 
110 400 17 23 0.022092387 
408 423 9 11 0.022081409 
214 272 19 29 0.021967987 
759 405 8 10 0.021940572 
455 495 8 10 0.021893283 
428 399 18 22 0.021827277 
769 447 8 10 0.021592796 
616 399 8 11 0.021556359 
754 471 7 9 0.021413429 
529 478 8 10 0.021412687 
66 477 8 11 0.021392275 
386 431 8 11 0.02138424 
21 453 12 15 0.021285554 
406 478 8 10 0.021234905 
6 487 10 12 0.021220531 
334 381 8 10 0.021154162 
-29 497 490 405 0.02113696 
422 412 10 11 0.021097612 
599 336 9 11 0.021084836 
350 393 10 12 0.021039847 
721 415 8 10 0.02090828 
477 431 10 12 0.020890092 
645 343 9 11 0.02073631 
687 406 8 9 0.020706058 
251 419 12 13 0.020604787 
758 391 8 10 0.020589108 
487 461 7 10 0.020582644 
399 421 9 11 0.020534966 
328 486 9 11 0.020505307 
343 488 8 10 0.020396197 
62 398 9 12 0.020348335 
402 488 7 9 0.020270735 
641 344 9 11 0.020261226 
679 388 9 11 0.020255547 
655 138 10 13 0.020208094 
376 382 8 11 0.020183155 
399 432 9 11 0.02015043 
6 462 8 12 0.020053996 
280 413 9 11 0.020014536 
