35_Basketball_Basketball_35_327
56
84 163 28 35 0.9996904 
790 170 30 39 0.9988784 
540 155 26 32 0.99840456 
738 156 22 29 0.99737394 
969 183 30 38 0.99720675 
23 176 24 31 0.99715024 
829 147 26 35 0.9967505 
765 146 27 36 0.99635726 
916 142 37 52 0.9908948 
409 230 52 78 0.99078965 
385 174 22 29 0.98976773 
596 162 22 27 0.9871336 
665 155 26 28 0.98454964 
465 179 21 27 0.97871953 
185 183 19 23 0.9763293 
249 168 21 27 0.97505105 
435 162 20 25 0.97329867 
324 185 18 23 0.9583213 
491 176 17 22 0.9522349 
981 159 25 29 0.94144136 
635 170 21 27 0.93560404 
567 162 16 24 0.1738637 
748 156 25 30 0.1591521 
2 234 14 17 0.14376971 
268 144 16 18 0.12729894 
417 226 32 54 0.11510532 
1012 176 11 17 0.10558938 
510 191 11 12 0.088397056 
531 187 13 19 0.08639185 
249 237 14 17 0.08140148 
1014 137 10 15 0.05842391 
707 177 16 21 0.056930233 
566 178 15 21 0.05451141 
525 181 14 19 0.051447127 
524 418 16 17 0.048937276 
622 228 20 29 0.047560304 
14 241 13 16 0.047376283 
254 250 12 16 0.04135174 
487 183 17 21 0.038970392 
466 173 17 21 0.035800785 
738 290 16 16 0.032479536 
491 164 22 26 0.031175124 
142 171 14 19 0.030311625 
245 240 21 25 0.026698327 
243 227 15 17 0.025779678 
302 173 11 15 0.024250034 
593 255 10 15 0.023551073 
265 142 12 15 0.023526294 
703 329 12 16 0.02326215 
277 177 13 16 0.021918895 
228 202 15 20 0.021897279 
219 253 11 14 0.021381661 
498 183 14 18 0.021153022 
418 162 15 20 0.020878678 
437 221 26 47 0.020575251 
199 163 13 17 0.020115785 
