35_Basketball_basketballgame_ball_35_998
128
684 64 47 66 0.99857414 
342 98 56 76 0.993252 
916 282 42 61 0.993234 
63 281 34 39 0.99156064 
42 390 40 50 0.99085337 
0 310 25 41 0.9865906 
34 201 36 46 0.98215944 
444 141 33 43 0.9697305 
354 317 36 52 0.96897227 
122 284 32 48 0.9425986 
866 300 32 47 0.7449728 
652 101 28 35 0.7391216 
587 50 28 37 0.5404364 
463 103 30 38 0.5256958 
374 105 44 59 0.46013227 
997 320 28 44 0.45222855 
395 110 36 46 0.44475788 
561 244 443 551 0.4406724 
840 221 28 36 0.32753196 
766 54 38 47 0.3119718 
325 407 28 41 0.29285762 
468 429 24 30 0.2845164 
8 426 31 37 0.27464464 
573 150 25 32 0.21735653 
987 271 29 34 0.19767347 
913 211 30 34 0.14489587 
435 527 14 18 0.14335382 
832 98 25 35 0.1349066 
818 331 30 38 0.13420899 
511 47 26 36 0.129997 
11 213 23 29 0.116207846 
857 272 18 22 0.103883244 
113 117 25 31 0.102118045 
880 288 36 52 0.09460077 
476 234 29 34 0.0912099 
405 11 29 36 0.089613415 
97 73 16 21 0.08931961 
642 479 30 49 0.086939216 
514 343 18 23 0.08455364 
597 19 24 30 0.073666036 
23 207 31 39 0.07187439 
191 135 31 36 0.0661551 
853 281 24 29 0.05967131 
1 257 13 23 0.059375513 
757 42 36 49 0.05849057 
119 164 45 63 0.056258973 
113 113 18 22 0.055393018 
663 88 40 57 0.05394692 
177 130 28 38 0.052686717 
932 14 27 31 0.051585294 
392 97 32 39 0.045637704 
722 442 19 21 0.045301132 
874 299 19 23 0.044266965 
882 269 27 34 0.043374248 
762 24 41 54 0.04279779 
373 314 30 43 0.041949496 
782 549 13 17 0.041799333 
257 156 38 46 0.04113369 
697 1 29 31 0.040713463 
437 555 27 32 0.040064327 
928 219 19 23 0.03980283 
1006 315 16 21 0.03948431 
392 587 27 32 0.03819357 
388 319 17 25 0.035857163 
893 288 14 19 0.03517805 
465 99 20 23 0.034637425 
891 281 23 30 0.03454302 
899 291 12 16 0.034467716 
324 317 37 53 0.032848727 
476 247 34 38 0.032624118 
468 92 29 35 0.032248538 
639 93 28 37 0.03216789 
820 342 18 24 0.0314843 
80 292 19 25 0.03142275 
122 367 19 22 0.03116955 
470 421 41 50 0.031103035 
85 101 14 18 0.030584637 
871 98 28 37 0.030232375 
688 7 31 36 0.029855061 
446 264 28 36 0.02976917 
218 363 476 451 0.029699264 
498 18 29 35 0.029496316 
440 133 26 33 0.02814636 
412 110 29 41 0.02713044 
708 0 17 15 0.0271086 
423 514 27 34 0.026980883 
426 47 28 36 0.026324762 
180 118 16 21 0.0256264 
986 300 25 33 0.025607267 
0 239 10 16 0.02545804 
503 351 12 14 0.025353335 
989 308 15 20 0.024752049 
4 409 26 35 0.024666946 
996 52 25 42 0.024508765 
776 70 43 53 0.024461966 
854 291 30 42 0.024334209 
106 365 34 46 0.023980672 
399 301 372 418 0.023877347 
977 286 26 39 0.02370682 
411 495 17 22 0.02286251 
866 275 40 53 0.022857612 
952 306 25 33 0.022481846 
18 443 19 24 0.022454772 
865 279 17 23 0.022451296 
846 268 25 31 0.022449298 
682 36 48 66 0.022434419 
630 87 25 33 0.022309668 
394 182 29 39 0.022211144 
819 290 28 35 0.022195382 
1007 348 15 23 0.021996476 
832 231 29 39 0.021600218 
76 145 16 20 0.02139751 
752 94 31 40 0.021298343 
469 225 29 32 0.021240512 
745 37 33 46 0.021204103 
396 436 23 30 0.021158813 
226 123 23 30 0.021066327 
998 259 13 15 0.020995278 
446 524 14 17 0.020884518 
776 95 29 43 0.020877985 
933 296 35 43 0.02084303 
510 333 12 15 0.020544726 
568 132 28 36 0.020496594 
462 437 26 34 0.020467376 
272 82 46 57 0.020457465 
829 427 31 32 0.020376947 
703 144 40 38 0.020236973 
502 34 31 39 0.020066949 
