35_Basketball_Basketball_35_458
21
491 29 47 64 0.99879444 
245 36 40 56 0.9911697 
743 27 40 57 0.98526025 
638 300 22 33 0.1573589 
163 137 32 39 0.12923968 
418 217 18 20 0.11425863 
588 220 24 27 0.10427054 
635 257 16 21 0.06683317 
644 291 15 21 0.037885457 
500 187 27 32 0.03628731 
642 282 15 17 0.03384689 
562 115 13 19 0.03331925 
177 131 31 38 0.031018663 
609 222 19 21 0.030546997 
414 203 28 35 0.03006622 
268 96 16 21 0.029659415 
597 217 25 27 0.026194513 
48 126 23 30 0.025188476 
516 230 23 29 0.024084052 
170 155 18 26 0.021178233 
450 233 425 530 0.020236643 
