35_Basketball_basketballgame_ball_35_192
50
561 608 126 149 0.9995974 
744 133 130 172 0.9995578 
153 492 37 48 0.89470834 
2 933 35 55 0.6433585 
424 602 48 65 0.28243843 
57 422 42 52 0.24705277 
73 1016 55 67 0.20630363 
71 773 110 112 0.20048992 
57 327 30 37 0.18337643 
220 594 85 112 0.16454946 
200 636 36 48 0.13069206 
933 1147 58 68 0.122515745 
0 270 22 35 0.1017903 
953 141 23 29 0.089828715 
33 568 38 44 0.07726136 
380 224 15 19 0.07592108 
1002 761 20 34 0.072912425 
104 747 104 112 0.07221361 
209 614 50 69 0.07092186 
222 479 90 99 0.067292996 
249 639 106 99 0.06367382 
131 934 31 38 0.061739996 
671 61 181 249 0.058964092 
345 198 15 19 0.058229394 
11 1129 42 82 0.048258655 
1005 674 18 37 0.04724658 
745 404 208 311 0.044721674 
344 206 24 31 0.044437505 
693 1129 111 113 0.040720396 
521 172 32 42 0.040261537 
233 145 58 72 0.04018029 
90 782 37 44 0.04017852 
322 318 47 63 0.037080795 
353 219 16 21 0.03469133 
338 513 56 89 0.034676842 
501 218 527 407 0.033111017 
-56 13 436 495 0.033075437 
524 1192 28 35 0.03153433 
56 76 212 295 0.031049356 
423 484 37 42 0.02707293 
149 752 77 84 0.025109999 
355 377 54 77 0.024082627 
87 759 67 89 0.023765355 
657 770 117 110 0.021357642 
342 328 15 21 0.021228628 
363 499 50 79 0.02118333 
967 741 24 34 0.020929007 
250 166 30 37 0.020831728 
105 809 16 20 0.020392345 
500 481 17 21 0.020025749 
