35_Basketball_basketballgame_ball_35_904
32
261 124 50 67 0.99510324 
445 121 61 57 0.97516555 
554 114 47 64 0.96565366 
323 111 51 58 0.7186273 
640 133 54 71 0.34818977 
535 125 44 52 0.13147987 
579 115 46 61 0.10564186 
677 307 17 16 0.07224928 
608 126 41 63 0.07001688 
428 89 93 96 0.06015332 
785 486 17 23 0.056848828 
674 116 58 64 0.05572485 
438 55 99 97 0.050659295 
461 36 71 65 0.040078424 
302 104 82 92 0.039513905 
218 121 46 68 0.0344258 
358 97 55 65 0.03354732 
396 211 46 56 0.032109637 
625 139 35 61 0.030716874 
129 147 43 61 0.029828696 
773 490 24 31 0.026165556 
238 121 52 71 0.02567808 
954 538 13 18 0.02445647 
647 325 33 36 0.024426203 
692 111 39 44 0.023992829 
577 419 16 18 0.023866411 
286 120 39 59 0.02356201 
656 315 35 34 0.021279573 
783 164 30 32 0.02103498 
213 47 62 54 0.021016097 
779 481 17 22 0.020356178 
397 95 63 74 0.020232994 
