35_Basketball_basketballgame_ball_35_662
163
757 1 28 35 0.9995764 
110 65 30 39 0.9993924 
116 112 31 38 0.99938214 
170 0 31 34 0.9992906 
288 133 30 39 0.9990736 
379 71 28 34 0.99891925 
307 96 33 38 0.99883777 
477 82 55 73 0.99871707 
795 123 58 70 0.99792945 
63 41 27 35 0.9977836 
709 82 31 38 0.99773693 
242 66 36 43 0.9975153 
363 139 31 37 0.9974681 
207 148 44 55 0.996992 
428 12 28 36 0.99679047 
597 51 49 61 0.99623364 
689 121 46 59 0.99479854 
555 33 28 35 0.9929102 
685 51 29 36 0.9854951 
804 41 31 34 0.9852174 
280 0 30 31 0.9831645 
38 114 24 31 0.9823867 
65 103 42 54 0.98225296 
732 125 42 54 0.9596996 
227 122 33 38 0.9531488 
659 3 29 33 0.9161724 
1 173 22 32 0.80784583 
849 143 24 38 0.76193935 
493 -1 24 21 0.5883691 
272 6 29 34 0.46937016 
770 54 30 33 0.41913104 
523 59 32 39 0.36554754 
863 142 30 40 0.36065894 
623 2 22 27 0.25728148 
-1 -2 17 25 0.20814897 
349 121 26 31 0.18049589 
58 83 25 31 0.17999639 
164 136 26 36 0.17969064 
669 123 46 58 0.16153784 
409 144 34 41 0.15088925 
196 94 25 28 0.14947532 
761 62 24 29 0.1423016 
356 130 28 35 0.13343303 
678 4 23 28 0.1325325 
581 0 23 24 0.12266656 
807 26 26 33 0.11921181 
396 189 25 37 0.10516664 
771 5 25 31 0.10280565 
840 75 38 50 0.1015727 
791 9 27 31 0.09214365 
435 90 28 40 0.090684734 
702 94 40 52 0.08560396 
278 21 28 31 0.084086776 
202 111 32 37 0.08388515 
65 0 21 20 0.083214514 
528 43 38 46 0.08077467 
751 68 22 27 0.073281184 
804 19 25 27 0.06795666 
654 119 41 60 0.06759805 
514 36 38 45 0.06748059 
785 1 24 29 0.06453663 
856 91 39 57 0.064089365 
853 70 31 35 0.06268383 
445 18 24 34 0.062320754 
22 65 27 36 0.06225453 
-1 85 11 21 0.06105512 
179 49 29 38 0.06092435 
530 1 31 30 0.060012955 
341 85 25 29 0.057816796 
816 25 16 19 0.05725574 
316 3 26 29 0.056345575 
865 65 20 20 0.05616353 
457 90 27 44 0.054717444 
2 267 26 36 0.053580377 
75 1 14 15 0.05126309 
701 9 16 20 0.050255653 
164 120 27 36 0.049735866 
339 3 17 20 0.04816628 
304 1 27 26 0.047809035 
264 41 22 29 0.047764864 
276 19 19 23 0.047082283 
212 118 35 37 0.04620369 
689 7 16 22 0.04557887 
650 60 23 31 0.04532011 
757 75 25 32 0.044512324 
538 8 17 20 0.044050243 
201 1 24 30 0.043818228 
330 142 24 31 0.043408666 
641 0 18 21 0.041330613 
810 2 17 17 0.041149728 
628 341 37 37 0.041064378 
268 15 19 24 0.04055882 
522 7 29 34 0.040539403 
635 5 26 29 0.0398342 
757 91 23 30 0.03980784 
862 109 42 64 0.039537307 
28 52 26 39 0.039236795 
54 112 33 39 0.039140143 
-3 170 37 50 0.03911378 
323 36 23 32 0.03746185 
285 110 22 26 0.037112247 
458 80 45 62 0.03704268 
875 150 27 39 0.03483527 
333 7 17 22 0.034827214 
887 313 22 38 0.034385238 
632 9 18 22 0.033759244 
321 -1 17 16 0.03349736 
291 116 32 42 0.032618172 
114 -1 19 14 0.03223543 
0 75 20 33 0.031777713 
786 15 19 23 0.03163872 
290 525 16 19 0.031455107 
381 50 15 18 0.030690793 
871 79 34 47 0.030370206 
543 0 21 20 0.030314999 
188 86 26 30 0.030295774 
290 14 27 34 0.02987079 
362 196 16 20 0.029824764 
681 29 24 29 0.029208496 
667 0 17 15 0.02856747 
232 142 33 44 0.028454443 
513 1 28 25 0.027956473 
210 0 27 30 0.027638528 
133 29 23 27 0.027334355 
460 19 14 21 0.02722489 
255 539 12 16 0.02705558 
119 561 13 17 0.026658172 
804 4 17 20 0.026440293 
277 34 26 31 0.026378572 
174 63 24 32 0.026319318 
339 114 27 34 0.0262934 
452 37 16 23 0.026189784 
622 11 27 35 0.026071943 
192 44 30 38 0.026038231 
225 -1 27 27 0.025856195 
393 168 41 52 0.024738634 
890 264 33 47 0.024310457 
670 11 24 32 0.024053162 
184 28 29 37 0.024047581 
38 63 26 35 0.02377809 
55 66 27 36 0.023777582 
82 525 15 16 0.023769539 
36 82 38 52 0.023750635 
357 297 52 65 0.02364803 
849 74 18 22 0.02355408 
472 52 25 30 0.023420323 
334 47 14 20 0.02283264 
930 0 30 30 0.022584269 
535 22 39 46 0.022568451 
858 0 17 19 0.02256838 
320 18 27 37 0.022363886 
790 47 29 36 0.021842001 
545 1 34 31 0.021586005 
747 137 39 48 0.021555636 
8 69 27 35 0.021422932 
639 61 25 37 0.02127441 
422 402 96 130 0.02101524 
349 104 25 32 0.020652141 
642 110 37 60 0.020622723 
382 102 25 30 0.020435043 
467 90 16 24 0.020410761 
904 540 29 32 0.0201935 
614 324 45 44 0.020051947 
