35_Basketball_basketballgame_ball_35_341
19
499 196 121 155 0.99994755 
659 42 125 153 0.9999243 
247 246 100 166 0.9992902 
964 0 65 72 0.21355858 
770 629 49 49 0.20808423 
295 1178 69 76 0.16847488 
480 975 63 50 0.08284223 
282 0 18 17 0.054121494 
293 1149 61 74 0.046732593 
294 1131 52 57 0.046203945 
1004 349 21 47 0.03028136 
760 635 36 33 0.029049795 
775 1083 31 33 0.027512066 
349 860 448 473 0.023253316 
597 705 94 126 0.023030505 
293 1138 32 36 0.02207586 
474 417 406 388 0.021366892 
633 630 16 16 0.020507062 
451 951 104 83 0.020029552 
