35_Basketball_Basketball_35_791
39
770 40 81 121 0.9981981 
62 263 11 13 0.09254454 
952 656 13 20 0.08690748 
570 299 10 12 0.07695163 
613 328 8 11 0.072487 
593 312 8 11 0.054967202 
1003 732 13 17 0.048370026 
986 737 14 15 0.04147795 
500 199 9 12 0.040702354 
627 322 10 15 0.040689114 
575 312 9 12 0.03661847 
77 283 10 13 0.03551603 
608 310 9 12 0.034141727 
94 275 10 12 0.03393419 
585 295 9 10 0.03355024 
687 211 75 138 0.029997056 
111 229 12 15 0.02813559 
229 404 15 17 0.028040064 
593 272 8 10 0.027729772 
567 339 10 14 0.027255824 
37 361 10 14 0.027098114 
556 362 14 16 0.026620833 
533 245 11 13 0.026422003 
548 341 10 14 0.02573544 
992 719 11 14 0.025504336 
618 287 9 11 0.025025254 
491 175 13 16 0.024969947 
544 284 9 12 0.024541914 
543 303 9 13 0.024181774 
149 229 10 12 0.023546362 
560 280 7 10 0.023296311 
261 236 14 17 0.02305397 
515 221 11 12 0.022948476 
90 238 13 14 0.022408314 
53 279 13 18 0.022310164 
574 272 9 11 0.021651667 
66 260 13 15 0.020681025 
126 563 11 12 0.02029493 
965 732 12 15 0.020022236 
