35_Basketball_playingbasketball_35_794
94
283 175 28 36 0.99886405 
511 135 30 38 0.99882823 
556 124 32 39 0.998381 
100 157 26 36 0.9972465 
751 85 42 56 0.9952459 
835 141 32 40 0.99243295 
425 177 19 24 0.9716723 
-3 162 25 51 0.96235013 
267 148 16 25 0.9367499 
184 162 20 29 0.91868645 
394 146 16 22 0.8111102 
325 163 17 21 0.76350826 
113 29 27 33 0.5068362 
440 203 18 24 0.4951424 
381 171 17 21 0.3211187 
380 193 20 28 0.30807546 
435 206 26 34 0.24219553 
244 180 19 31 0.20400266 
149 36 14 18 0.1404832 
206 256 65 124 0.10597619 
159 181 24 28 0.08873735 
504 207 34 43 0.08067497 
0 253 12 17 0.075571865 
400 463 13 15 0.06921253 
70 199 11 14 0.06297558 
136 29 26 31 0.061613504 
383 466 9 12 0.061535567 
367 396 11 15 0.060243007 
602 175 20 23 0.057646926 
142 139 11 16 0.05737642 
400 148 22 28 0.056485537 
264 142 13 21 0.054151963 
166 170 25 33 0.051582303 
385 155 23 27 0.049529232 
330 158 14 18 0.047985457 
395 193 14 21 0.047329996 
232 179 13 18 0.04521395 
67 214 24 34 0.043805104 
174 165 33 44 0.04148142 
375 177 23 27 0.040821422 
128 75 12 16 0.040062707 
246 174 12 16 0.03864199 
386 199 23 30 0.037667792 
149 172 24 32 0.03662681 
463 142 11 15 0.034567975 
856 356 24 31 0.034166392 
340 192 23 34 0.033682503 
120 33 34 36 0.033209797 
236 181 16 24 0.03271176 
496 237 40 49 0.03123179 
69 116 16 20 0.031185033 
68 200 15 22 0.031012462 
181 129 13 17 0.030320149 
130 68 26 33 0.030215608 
178 72 15 21 0.03004778 
564 161 28 32 0.028458923 
390 464 10 12 0.02818932 
0 247 22 25 0.027673997 
329 168 17 26 0.027112449 
241 110 10 11 0.027062861 
887 122 12 15 0.027037516 
836 185 26 44 0.026897818 
131 39 37 49 0.026893793 
565 218 34 43 0.026879907 
425 211 28 39 0.026856802 
264 153 25 33 0.026181709 
804 538 15 21 0.025316799 
711 176 23 40 0.025043363 
238 269 50 93 0.024507089 
377 165 13 17 0.024481868 
4 500 12 16 0.024389265 
371 188 17 24 0.023625962 
125 12 33 39 0.023404634 
386 187 15 21 0.022830013 
110 32 18 24 0.022438899 
904 144 10 13 0.022405233 
87 162 26 33 0.022194317 
334 151 11 14 0.022133797 
842 254 41 58 0.022090549 
135 130 12 16 0.021896936 
182 138 14 18 0.021896793 
377 225 17 22 0.021776123 
96 137 26 39 0.021604294 
1011 455 12 19 0.021462163 
340 149 12 15 0.021303609 
142 39 16 20 0.021249693 
430 222 31 42 0.021186795 
374 207 26 36 0.021185203 
231 219 37 57 0.02117551 
892 119 10 14 0.020993087 
238 174 13 19 0.02087991 
211 114 22 28 0.020837275 
101 121 20 26 0.020498702 
337 467 11 13 0.02002028 
