35_Basketball_playingbasketball_35_764
26
490 247 29 38 0.9981102 
303 189 30 37 0.93206114 
437 430 15 20 0.11637238 
106 100 31 35 0.10589803 
431 447 18 28 0.09633235 
291 192 27 34 0.09528359 
435 273 14 17 0.061403625 
134 86 28 37 0.058267977 
435 439 15 23 0.03985509 
610 436 17 20 0.03918759 
312 203 19 25 0.033679653 
453 235 12 14 0.03297658 
484 434 15 18 0.032203227 
940 359 15 17 0.027637618 
280 194 23 34 0.027463939 
433 433 13 20 0.026140612 
426 509 13 17 0.026057152 
432 426 12 18 0.025469344 
599 433 14 17 0.025105176 
460 234 12 15 0.024316125 
449 237 10 11 0.0233782 
591 363 14 17 0.022307605 
405 231 51 50 0.022225443 
434 268 24 27 0.020534597 
603 367 28 29 0.020448903 
448 412 11 14 0.020420475 
