35_Basketball_basketballgame_ball_35_216
687
370 169 19 23 0.75196195 
483 210 14 19 0.7399914 
45 448 9 11 0.40760517 
119 432 7 11 0.3611598 
709 407 7 10 0.34832755 
294 394 10 13 0.34405664 
640 422 7 8 0.3133019 
103 393 7 10 0.31014985 
2 365 7 11 0.23452835 
553 486 8 10 0.22651814 
1013 431 8 12 0.18888041 
94 376 7 9 0.18466882 
229 416 8 9 0.18440484 
984 415 7 8 0.1839143 
67 415 7 9 0.18309613 
786 480 7 10 0.18248746 
1010 436 8 11 0.16609713 
7 360 7 9 0.16355407 
73 375 7 9 0.15095387 
97 413 7 10 0.14028497 
47 383 6 8 0.13713436 
46 408 7 9 0.13283332 
375 430 8 11 0.1284124 
29 352 8 10 0.12679617 
65 407 7 10 0.12588851 
120 391 7 8 0.12580629 
215 441 6 9 0.12084218 
143 398 6 9 0.11726362 
718 488 9 10 0.11599496 
24 398 7 8 0.113128096 
341 355 11 13 0.11278107 
637 492 8 11 0.10936758 
31 382 7 9 0.10893803 
663 415 8 11 0.10555652 
6 364 7 11 0.10410449 
789 478 8 11 0.103396535 
984 422 7 8 0.09892882 
83 358 7 9 0.09516037 
49 337 6 8 0.094775915 
38 329 7 9 0.093965925 
193 416 7 9 0.09213614 
87 433 6 9 0.09212756 
240 391 7 9 0.09135111 
984 381 7 10 0.09072235 
231 374 7 9 0.090144254 
113 409 7 9 0.089665726 
1002 408 7 10 0.08776008 
58 400 7 9 0.08659069 
169 446 8 10 0.085209794 
319 455 6 9 0.08510573 
46 358 7 10 0.08339922 
887 342 8 10 0.08308928 
694 426 7 9 0.08218875 
69 351 8 10 0.08217095 
536 408 6 9 0.08213645 
129 437 8 9 0.08069546 
681 495 7 9 0.08033481 
1009 385 9 11 0.07865162 
355 407 6 8 0.07826821 
103 415 8 11 0.07779249 
415 464 6 8 0.07722764 
64 369 6 9 0.07713442 
878 385 7 8 0.07501773 
211 440 7 9 0.0742181 
42 359 7 9 0.073752835 
919 399 8 11 0.07313168 
193 422 7 8 0.07311348 
248 343 8 10 0.07306603 
55 336 7 9 0.07244695 
242 440 6 8 0.07081096 
864 480 7 9 0.07079784 
944 397 8 9 0.07074664 
10 391 7 9 0.070718214 
42 390 8 10 0.07017188 
557 484 8 10 0.07006493 
177 423 6 9 0.06971414 
14 303 8 10 0.06968013 
889 361 8 10 0.06884765 
82 432 7 8 0.06796119 
96 409 7 10 0.06746219 
867 414 7 9 0.067217596 
198 414 7 9 0.06713031 
488 -91 503 552 0.065812804 
175 383 8 10 0.065419905 
297 318 10 10 0.065342754 
66 420 7 9 0.06525363 
24 423 7 9 0.064976975 
43 383 6 8 0.064863585 
829 416 8 11 0.06400843 
968 415 7 9 0.06370874 
103 352 7 9 0.06344413 
546 487 9 11 0.063367024 
593 479 8 10 0.063313924 
863 485 8 10 0.0631155 
199 431 7 9 0.06226859 
9 337 7 10 0.062198635 
88 437 6 9 0.061938126 
634 490 8 10 0.060355164 
87 353 6 8 0.06028392 
23 263 7 9 0.060188238 
120 325 9 10 0.059611756 
552 505 10 11 0.05955638 
877 390 8 10 0.05949804 
33 287 6 8 0.059178926 
645 421 7 9 0.059125815 
65 373 6 9 0.059024643 
558 425 7 9 0.058729406 
974 400 7 10 0.058486108 
966 367 8 11 0.057977773 
23 415 8 11 0.05788239 
394 455 7 8 0.057567943 
25 393 7 10 0.05709922 
912 423 7 9 0.05643389 
550 462 8 10 0.056169268 
376 424 8 10 0.054545224 
157 431 8 10 0.05449405 
722 360 7 10 0.053896017 
71 422 6 9 0.05348619 
40 377 8 9 0.053346857 
1015 423 8 12 0.053235594 
99 391 8 10 0.052862037 
462 124 23 30 0.05280708 
136 448 8 10 0.052548707 
39 302 6 8 0.05247567 
35 328 6 9 0.052363496 
591 501 8 10 0.0523467 
663 420 8 10 0.05164063 
568 480 8 9 0.051452987 
1005 413 8 10 0.05113978 
79 376 7 9 0.050822686 
151 352 8 9 0.05057522 
114 343 7 9 0.050454535 
98 310 7 10 0.050134864 
97 352 7 8 0.04999154 
375 163 25 34 0.049854767 
1009 502 8 10 0.049799483 
216 376 7 9 0.049399678 
158 421 7 10 0.049296368 
70 408 7 9 0.048732642 
1001 326 8 10 0.048151344 
664 408 8 9 0.04762586 
854 382 7 10 0.047488473 
255 400 8 9 0.047472946 
240 367 8 9 0.047394216 
48 272 7 9 0.046864953 
32 377 6 9 0.04661784 
313 -64 388 506 0.046260532 
139 399 6 8 0.046226032 
410 465 7 8 0.045948815 
115 432 8 10 0.045886673 
118 343 6 8 0.04527106 
41 414 7 8 0.044847433 
814 479 7 10 0.04482591 
943 376 7 9 0.044789933 
442 471 6 8 0.04470022 
98 464 8 10 0.04461257 
854 375 7 9 0.04455014 
577 487 8 11 0.044472896 
560 447 8 10 0.04431568 
809 471 7 9 0.04424732 
9 385 8 10 0.044140305 
535 477 8 10 0.04405462 
358 406 7 9 0.043751728 
98 447 8 10 0.043266702 
134 432 7 9 0.04323841 
185 438 7 9 0.04316615 
968 422 7 9 0.04304169 
689 478 8 9 0.043014694 
678 438 8 10 0.0428589 
39 297 7 8 0.04268801 
574 400 9 10 0.042536482 
426 471 6 8 0.04251387 
543 478 8 11 0.04234866 
894 470 8 9 0.041790605 
278 415 8 10 0.041569088 
153 382 8 10 0.04156056 
471 472 8 10 0.04142986 
1000 421 9 10 0.04131857 
632 408 6 9 0.041316126 
39 334 8 10 0.04126481 
193 400 7 9 0.041096017 
799 438 7 9 0.04106043 
695 478 6 8 0.04102693 
200 352 7 9 0.040959552 
962 464 6 8 0.04095443 
1002 414 7 9 0.04094092 
934 480 7 9 0.040934928 
176 416 6 8 0.040858123 
106 421 7 9 0.04082438 
61 400 8 9 0.04069503 
143 358 7 9 0.040607397 
344 392 8 11 0.040515877 
529 487 8 11 0.04050136 
825 440 6 8 0.04046017 
885 479 8 11 0.040443197 
79 409 8 9 0.040414393 
641 399 7 8 0.040393375 
247 440 6 9 0.040363956 
158 416 7 10 0.04030754 
49 341 7 10 0.040168077 
122 456 7 10 0.040118452 
1015 443 8 12 0.04008011 
602 351 9 10 0.04004725 
369 415 8 10 0.040036473 
79 414 7 9 0.040022712 
392 448 7 10 0.03984514 
952 359 7 9 0.0397787 
240 385 7 9 0.039641038 
121 464 7 8 0.039617434 
570 398 8 10 0.039613653 
590 439 7 9 0.03954619 
120 385 7 9 0.03951034 
32 302 8 9 0.039328594 
14 384 7 10 0.03925994 
55 342 7 9 0.039045162 
176 344 7 9 0.039000694 
1008 319 8 10 0.038985852 
714 391 7 9 0.038967483 
478 127 13 21 0.03894001 
765 471 8 10 0.038858473 
814 455 7 10 0.038749676 
168 441 7 9 0.03873023 
14 336 7 9 0.038688444 
954 383 7 9 0.038472448 
166 329 7 9 0.03837916 
230 352 9 10 0.038182333 
73 336 7 8 0.038070697 
24 367 6 8 0.038060598 
905 480 7 9 0.037907206 
422 456 7 8 0.03788021 
486 477 8 11 0.037724305 
263 360 8 9 0.037701577 
631 374 8 9 0.03764498 
241 398 7 9 0.03760078 
127 454 8 10 0.037592396 
670 479 7 10 0.037516575 
478 495 7 8 0.03750138 
40 342 7 9 0.037486274 
767 486 7 9 0.037389193 
347 455 6 9 0.03737618 
778 480 7 9 0.037253346 
207 392 7 9 0.0372376 
398 455 8 9 0.03723194 
928 430 8 10 0.037215337 
177 429 6 9 0.0371201 
663 495 7 9 0.03693323 
944 495 7 9 0.03688814 
798 433 7 9 0.03673763 
582 471 7 10 0.03662907 
65 328 7 8 0.036549002 
82 353 8 9 0.036534414 
90 375 7 9 0.036453243 
1008 497 8 11 0.036445577 
352 455 7 9 0.036406755 
830 455 7 10 0.036367975 
930 480 7 9 0.036291167 
312 371 9 12 0.036264293 
154 422 8 10 0.036199816 
95 433 8 9 0.036052775 
911 480 6 8 0.03592316 
585 445 8 10 0.03585477 
116 437 7 10 0.035732105 
130 416 6 8 0.0356484 
446 381 9 11 0.03564625 
961 479 7 10 0.035447493 
937 375 7 9 0.035444923 
102 305 8 9 0.035429772 
285 311 8 9 0.035385072 
441 496 7 8 0.035362568 
731 510 7 10 0.03531119 
936 382 8 10 0.03530801 
209 376 6 9 0.035170563 
936 449 7 10 0.03503566 
142 448 7 9 0.03503366 
48 353 6 8 0.0349673 
398 463 7 8 0.03485568 
785 367 7 9 0.034820724 
610 494 8 11 0.034799546 
658 497 6 9 0.034759447 
15 270 7 9 0.034558576 
905 406 6 9 0.03449065 
294 430 11 13 0.034394052 
26 357 8 10 0.034232806 
32 343 7 9 0.034216203 
870 409 8 10 0.034141906 
41 396 8 10 0.03406363 
210 456 7 9 0.03404307 
614 399 7 9 0.03402636 
26 382 9 10 0.033968855 
102 439 7 9 0.033959135 
370 438 8 10 0.033954296 
842 446 8 10 0.03389677 
498 84 33 34 0.033836856 
343 472 7 8 0.033757962 
911 417 7 8 0.033756036 
159 389 7 9 0.03356642 
703 496 7 8 0.033537816 
177 454 7 9 0.033316348 
246 366 7 9 0.033275582 
863 438 8 10 0.03326546 
841 432 7 9 0.033204623 
623 504 9 10 0.03305559 
98 455 7 10 0.032994967 
337 350 11 14 0.03296505 
374 408 8 10 0.032808054 
373 414 9 10 0.032807015 
855 408 7 9 0.032746155 
554 423 8 10 0.032678135 
15 398 8 9 0.032635536 
865 409 8 10 0.03250988 
689 472 7 11 0.032493412 
386 447 7 9 0.032415386 
598 477 9 12 0.032414623 
1 336 7 10 0.032368354 
551 491 8 10 0.032326315 
517 165 16 19 0.032215845 
529 479 8 10 0.032146044 
997 455 9 10 0.032137368 
783 439 8 10 0.032074273 
143 326 8 10 0.03206134 
1005 408 8 10 0.03201231 
102 446 7 9 0.03189536 
871 438 7 10 0.031842496 
143 394 8 9 0.031785633 
360 456 7 9 0.031781726 
766 477 7 10 0.031752955 
225 392 6 9 0.03175222 
232 369 8 9 0.03172318 
559 408 7 8 0.03166823 
577 470 8 10 0.03165807 
158 384 7 10 0.031565968 
686 365 8 10 0.03154292 
747 439 7 9 0.031459022 
575 374 8 10 0.031441797 
895 383 7 10 0.031400338 
184 433 7 8 0.03125972 
198 409 8 9 0.031237762 
551 405 7 9 0.031111516 
97 358 7 9 0.030909546 
978 486 7 10 0.030781722 
175 389 8 10 0.03075534 
744 384 7 9 0.03067322 
17 423 7 9 0.030569313 
432 471 6 8 0.030513067 
368 463 6 8 0.030510569 
585 440 8 10 0.030407026 
374 436 8 10 0.030345643 
278 367 8 10 0.03031689 
696 503 7 9 0.030310819 
606 471 8 10 0.030251512 
575 422 7 9 0.030213386 
80 424 6 8 0.030208986 
249 348 9 11 0.030171959 
64 335 7 8 0.03011552 
405 449 8 9 0.03009331 
1002 321 8 9 0.029993346 
601 471 9 11 0.029954 
975 357 8 10 0.029946206 
977 471 7 9 0.029939841 
602 421 7 10 0.02988899 
47 377 8 9 0.029832685 
58 304 7 9 0.02968665 
657 502 7 10 0.029673992 
279 390 8 10 0.029634612 
839 486 7 9 0.029433807 
1014 501 7 11 0.029395623 
39 280 7 9 0.029340534 
193 408 7 9 0.029326128 
665 472 7 9 0.02928513 
336 417 7 9 0.029271107 
261 302 9 11 0.02921465 
485 452 8 11 0.02918245 
55 423 8 10 0.029089559 
645 416 8 11 0.02908022 
73 431 7 9 0.029049573 
223 457 6 8 0.029037539 
649 406 7 9 0.028909316 
54 382 8 9 0.02885428 
96 381 7 9 0.028820708 
870 335 7 9 0.02870031 
811 477 7 10 0.028615167 
38 311 8 10 0.02858979 
719 390 7 9 0.02858632 
974 405 8 10 0.028431768 
570 462 8 11 0.028410606 
25 375 8 9 0.028391121 
152 464 7 9 0.028287707 
34 334 7 9 0.028240206 
753 494 7 9 0.028218228 
41 365 9 10 0.028209928 
45 398 8 9 0.028192429 
863 432 8 10 0.028085211 
216 456 7 9 0.028021304 
880 358 7 10 0.028000401 
130 449 7 9 0.027996544 
367 390 7 9 0.027981142 
384 397 8 10 0.02785688 
576 480 8 9 0.027785812 
958 383 8 10 0.027736966 
982 478 9 11 0.027696963 
1 406 7 9 0.027687358 
601 416 8 10 0.027642312 
833 512 9 11 0.027609963 
281 359 7 8 0.027574144 
813 461 8 10 0.027546681 
50 318 8 10 0.027500149 
197 514 10 13 0.027474552 
984 409 7 10 0.027467957 
615 463 7 9 0.0274644 
400 449 8 9 0.027393647 
348 357 9 11 0.02735908 
447 470 6 9 0.027320158 
56 310 7 9 0.027285852 
601 464 7 9 0.027272569 
623 424 6 9 0.027266748 
272 352 8 9 0.02724699 
632 414 7 9 0.027237032 
486 448 9 11 0.0272157 
247 360 8 9 0.027160676 
254 350 8 9 0.027156755 
303 376 8 10 0.027096177 
881 513 8 10 0.0270605 
249 416 6 8 0.0270385 
1015 407 7 10 0.02700467 
998 448 9 10 0.026999217 
24 296 7 9 0.026960984 
574 455 7 9 0.026874905 
880 352 6 9 0.026861189 
82 438 7 8 0.026849344 
643 94 35 39 0.026846636 
232 391 7 8 0.026837667 
871 464 7 9 0.0268201 
90 415 7 9 0.02681424 
550 399 9 11 0.026807774 
101 455 8 11 0.026718307 
479 467 9 12 0.026683139 
723 422 7 9 0.026676228 
479 447 9 11 0.026662515 
959 335 8 9 0.026611404 
154 407 7 9 0.026606034 
698 496 6 9 0.026600778 
682 389 7 10 0.026447095 
409 469 7 8 0.026423827 
24 281 6 8 0.026402306 
73 381 7 9 0.026356673 
879 397 7 10 0.026311168 
870 478 8 10 0.026297525 
441 465 6 8 0.02629038 
670 400 7 9 0.026287625 
626 416 7 9 0.026256021 
557 508 9 12 0.026195593 
151 375 8 10 0.02619489 
111 392 8 9 0.026135186 
720 384 7 9 0.026116246 
168 366 8 9 0.026112437 
918 471 8 10 0.026086815 
79 381 7 9 0.026043305 
681 367 8 10 0.026014466 
78 335 7 9 0.025972757 
502 189 16 24 0.025935149 
152 470 7 9 0.025885679 
909 319 9 11 0.025880815 
144 352 7 10 0.025772471 
752 489 7 8 0.025737617 
1 340 8 11 0.02572794 
576 492 9 11 0.025724001 
863 513 8 10 0.025721755 
866 334 7 9 0.025719076 
671 485 7 10 0.025555687 
192 431 7 9 0.025521513 
465 480 7 9 0.02550033 
695 375 9 11 0.025462877 
65 446 7 10 0.025434589 
33 281 7 9 0.025398409 
576 448 7 9 0.025360307 
727 359 7 9 0.02534973 
904 400 7 9 0.025330665 
686 495 7 9 0.025286842 
889 408 7 10 0.025285203 
569 423 7 10 0.02521763 
321 278 17 20 0.025211692 
110 456 8 10 0.025144083 
117 414 8 9 0.025128737 
58 406 7 9 0.02511521 
344 431 6 9 0.025006564 
866 328 7 10 0.024975374 
352 431 7 9 0.024928255 
14 320 8 10 0.024928233 
266 415 6 9 0.02491687 
470 476 8 10 0.024749119 
460 373 11 12 0.024730226 
969 407 7 9 0.024695061 
194 470 8 10 0.02469407 
169 376 7 9 0.02467217 
545 400 7 9 0.02465274 
473 488 8 10 0.024558816 
647 400 7 8 0.024518074 
39 441 9 10 0.024510372 
858 487 8 10 0.024497902 
690 430 9 11 0.024495132 
793 432 8 9 0.024435334 
974 352 9 11 0.024381304 
976 416 7 9 0.024374148 
858 438 7 9 0.02433387 
789 484 8 10 0.024294494 
263 335 8 9 0.024290808 
581 487 8 9 0.024267627 
249 399 7 10 0.024253225 
474 493 8 10 0.024141805 
385 470 7 9 0.024127103 
1000 392 7 9 0.024125235 
872 471 7 9 0.024075508 
385 439 7 9 0.024066206 
306 407 8 10 0.024048774 
384 392 8 10 0.024023306 
869 485 9 11 0.024021607 
232 383 7 9 0.02400917 
272 335 8 10 0.023981258 
839 464 8 10 0.023939751 
682 20 415 522 0.023913471 
215 352 7 8 0.02388127 
110 422 8 9 0.023824403 
102 384 7 9 0.02382047 
453 500 8 12 0.023807919 
944 454 7 8 0.023783196 
484 199 21 28 0.02371659 
103 433 7 9 0.023714617 
137 393 7 9 0.023611037 
31 391 7 10 0.02358557 
810 462 8 10 0.023559377 
33 296 7 9 0.023555625 
832 497 7 8 0.02352911 
721 377 7 9 0.02347094 
970 400 8 9 0.023457382 
916 454 10 12 0.023437696 
545 456 8 11 0.023315148 
666 488 7 9 0.023278045 
857 432 8 10 0.023135765 
741 463 9 11 0.023123676 
966 479 7 10 0.023114974 
272 375 7 9 0.02309956 
590 431 9 10 0.023039024 
183 463 8 9 0.022999838 
1008 425 17 24 0.022948181 
737 464 8 10 0.02286921 
896 409 7 9 0.022764936 
902 441 7 9 0.022704696 
534 487 8 11 0.022687603 
115 426 18 23 0.022649195 
815 484 8 10 0.022619933 
906 423 7 9 0.022567503 
58 368 7 9 0.022537945 
969 328 7 10 0.022494007 
606 422 8 10 0.022474304 
176 349 7 9 0.02244786 
978 383 7 10 0.022436036 
991 416 7 8 0.022427522 
993 335 8 10 0.022425555 
934 464 7 9 0.022424124 
741 502 7 9 0.022423847 
903 485 8 9 0.02238782 
56 375 7 9 0.022372272 
383 361 8 10 0.022360992 
352 111 22 29 0.022360325 
694 473 7 9 0.022246208 
871 432 8 10 0.022241198 
910 344 7 8 0.022179093 
373 171 39 51 0.022173084 
585 431 8 9 0.02216536 
353 382 8 10 0.022149432 
762 439 7 9 0.022124575 
224 383 6 9 0.022098219 
11 309 8 10 0.022035733 
553 389 8 10 0.022007506 
255 328 8 10 0.021993726 
859 479 7 9 0.021990497 
263 399 7 9 0.02198638 
481 478 9 11 0.021975877 
873 398 8 9 0.021967934 
225 368 7 9 0.02196291 
977 318 7 9 0.021944353 
158 408 7 9 0.02194378 
233 470 8 10 0.021906013 
791 472 6 8 0.021886764 
112 414 8 10 0.021850102 
890 389 8 10 0.021831306 
122 367 7 9 0.021797962 
913 302 7 9 0.021740628 
543 406 7 9 0.021728363 
464 485 7 10 0.021727365 
810 448 6 8 0.021642849 
600 512 9 12 0.021624237 
48 294 8 9 0.02161857 
735 369 6 9 0.021615837 
173 449 8 9 0.021606904 
425 372 8 11 0.021602267 
241 360 7 9 0.02159062 
890 496 8 10 0.021585086 
225 397 8 10 0.021573313 
272 312 8 10 0.021514772 
738 503 7 9 0.021514589 
616 489 7 9 0.021508517 
367 152 27 34 0.021475941 
917 448 9 11 0.021461982 
919 479 7 9 0.02143365 
930 374 7 9 0.02142431 
891 471 7 10 0.021403363 
55 351 7 9 0.021385767 
535 392 7 10 0.021385157 
589 446 8 10 0.021356866 
881 483 8 11 0.021316288 
623 431 7 9 0.021299385 
63 303 8 10 0.02129417 
946 489 7 9 0.021291504 
687 384 8 9 0.021265602 
193 392 7 8 0.021264914 
353 424 7 9 0.021235768 
842 438 8 11 0.021224929 
105 358 6 9 0.021213833 
125 463 8 10 0.021181816 
888 337 8 9 0.021171072 
279 352 8 9 0.021159498 
393 463 6 8 0.021119257 
247 336 8 9 0.021115039 
857 494 8 10 0.021110231 
374 374 9 10 0.021096962 
635 422 7 9 0.021063061 
569 367 8 10 0.021030532 
671 510 7 9 0.021025786 
178 499 9 11 0.020989716 
881 336 6 9 0.020988792 
105 365 7 9 0.020988144 
281 383 8 10 0.020986067 
680 488 8 9 0.020984832 
590 510 9 12 0.020974293 
679 374 7 9 0.02097309 
441 478 9 10 0.020921288 
585 391 8 10 0.020919152 
288 487 8 11 0.020917729 
370 373 8 10 0.02091753 
569 456 8 9 0.020912103 
785 473 7 8 0.020907806 
385 465 7 9 0.02089393 
16 375 7 9 0.020870296 
392 414 7 9 0.02084316 
826 454 8 11 0.020816121 
609 489 7 10 0.020806491 
584 423 7 10 0.020797562 
217 381 7 9 0.02078805 
826 496 7 9 0.020766582 
49 424 8 10 0.02076499 
9 397 8 10 0.02075658 
297 486 8 11 0.020743657 
454 496 8 11 0.020732021 
855 414 7 9 0.020726437 
777 438 8 10 0.020708008 
87 367 7 9 0.020661566 
583 479 7 10 0.020648155 
273 368 7 10 0.020642934 
703 502 7 9 0.02062152 
340 343 12 14 0.02060703 
263 366 8 9 0.020565283 
153 437 8 9 0.020565117 
902 350 8 11 0.020565035 
1002 375 7 9 0.02055085 
666 477 8 11 0.020543143 
249 422 6 8 0.020507313 
519 486 8 10 0.02049763 
735 510 7 11 0.020475669 
515 471 7 9 0.020408789 
255 405 7 10 0.020377945 
613 492 9 11 0.020371256 
248 327 7 9 0.020348934 
886 447 7 9 0.02033144 
16 367 7 8 0.020330088 
57 256 8 10 0.020327881 
894 388 8 11 0.020295618 
497 495 7 9 0.020252269 
802 359 8 10 0.020210803 
225 340 7 9 0.020170512 
960 421 8 10 0.020146629 
49 289 7 9 0.02013931 
928 406 7 9 0.020100977 
343 416 8 10 0.020093042 
912 496 7 9 0.020083122 
138 359 7 9 0.020065619 
898 376 7 8 0.020018062 
