35_Basketball_playingbasketball_35_632
58
908 482 17 21 0.9577541 
126 442 20 25 0.8150626 
330 515 47 42 0.3750065 
721 486 14 17 0.3156 
449 324 40 41 0.30145973 
452 455 31 40 0.29695117 
961 129 24 30 0.1555228 
31 508 8 10 0.15033771 
478 355 26 28 0.14849535 
139 491 11 13 0.11749059 
849 94 25 30 0.0794458 
888 39 24 28 0.07858817 
29 662 10 13 0.07569911 
929 122 43 49 0.0716089 
38 510 9 12 0.06642991 
647 281 7 10 0.06351558 
963 142 24 32 0.050817717 
0 650 11 15 0.050728757 
137 448 16 21 0.048381012 
929 118 30 33 0.046274822 
323 537 30 35 0.04547949 
891 484 24 31 0.03996041 
109 166 14 16 0.038484883 
471 338 32 32 0.03466877 
586 278 7 10 0.033360563 
206 328 9 12 0.032860193 
939 136 45 52 0.03227806 
23 540 12 15 0.03090208 
303 686 13 15 0.030472362 
135 497 12 15 0.03031024 
37 505 8 10 0.029554015 
935 123 14 18 0.029398536 
942 173 50 62 0.027974185 
294 709 22 31 0.027714903 
238 351 11 13 0.027694805 
720 480 11 15 0.027476775 
862 36 43 48 0.027328787 
38 514 12 14 0.025926156 
182 478 11 14 0.024604114 
893 222 49 68 0.024062471 
641 279 8 10 0.02396743 
585 284 8 11 0.023951838 
451 339 53 47 0.023617584 
822 85 34 36 0.023169637 
30 515 11 13 0.021799218 
220 349 11 13 0.021745984 
945 225 50 63 0.021407893 
833 83 40 48 0.021319665 
876 204 79 110 0.02105839 
981 242 14 18 0.021002391 
896 246 30 43 0.02097685 
688 318 8 9 0.020853374 
631 278 8 11 0.020761676 
717 495 14 17 0.020632204 
870 486 13 16 0.020372111 
560 285 8 11 0.020291116 
709 502 45 54 0.020251341 
328 555 32 30 0.02020663 
