35_Basketball_Basketball_35_361
78
164 249 26 36 0.9992661 
698 116 26 33 0.99906546 
651 252 27 34 0.99864346 
908 129 33 42 0.9985506 
71 163 27 33 0.99847 
870 236 30 36 0.99835265 
596 121 25 31 0.9982987 
517 243 26 33 0.9979315 
405 247 24 32 0.99662566 
162 129 25 30 0.9961249 
478 117 24 33 0.99353045 
775 240 29 35 0.9932893 
301 251 23 32 0.99324906 
364 129 26 35 0.99300426 
263 126 25 31 0.98749834 
826 115 24 29 0.9493024 
759 245 31 36 0.22371416 
168 226 13 16 0.22087632 
2 210 11 17 0.14880067 
870 365 13 15 0.116627075 
274 244 15 20 0.10943643 
386 446 11 13 0.08377758 
189 249 14 20 0.07030695 
382 221 12 14 0.06700224 
454 444 14 16 0.058841903 
386 196 17 20 0.058369633 
99 165 17 21 0.056697726 
565 461 12 15 0.054245967 
311 252 25 34 0.04601983 
183 385 15 19 0.045893215 
649 384 10 11 0.045777097 
487 468 14 18 0.04356947 
501 444 11 13 0.043497257 
822 235 14 17 0.042679008 
583 440 10 11 0.042601 
748 413 11 11 0.041846156 
382 243 17 21 0.04111272 
766 427 14 17 0.04076787 
619 446 11 13 0.03759918 
275 220 13 17 0.035382636 
533 248 24 33 0.03531612 
386 121 12 17 0.03485171 
162 157 22 26 0.03470111 
964 297 15 19 0.03447889 
266 199 26 34 0.03330639 
719 396 12 15 0.03234257 
263 161 15 18 0.03123635 
527 187 27 32 0.03011672 
662 180 12 17 0.02922217 
26 208 16 20 0.02856747 
411 160 13 17 0.02855424 
163 168 18 21 0.028498523 
0 133 10 15 0.02842219 
831 388 10 13 0.027670057 
747 423 13 15 0.02743147 
729 421 12 15 0.027375014 
89 163 20 26 0.027202412 
172 243 26 34 0.027169205 
591 431 8 9 0.026927797 
45 170 15 18 0.024772769 
597 147 24 27 0.024200227 
268 230 23 32 0.024172265 
373 121 22 28 0.023610234 
744 407 10 12 0.023191513 
765 435 15 18 0.02309646 
317 226 16 20 0.022402225 
757 409 11 14 0.02233695 
896 124 28 39 0.02223529 
372 219 23 29 0.022151442 
840 406 9 12 0.021738246 
830 423 11 14 0.021725029 
261 238 23 29 0.021650605 
23 196 13 17 0.021635959 
363 196 17 20 0.021548295 
532 443 12 14 0.021532819 
372 245 15 18 0.020837456 
486 210 13 17 0.020697018 
266 214 25 35 0.020483274 
