35_Basketball_Basketball_35_185
73
293 436 59 64 0.9948602 
717 469 63 89 0.9764698 
607 720 21 28 0.9741381 
458 637 44 56 0.45120203 
598 766 11 15 0.16179898 
559 746 13 17 0.14452577 
593 748 12 14 0.11150283 
650 445 50 57 0.10325048 
631 763 14 16 0.08832852 
564 764 15 19 0.06645029 
591 742 12 15 0.066057414 
448 156 12 15 0.060535584 
527 699 14 19 0.05974638 
553 744 23 31 0.05914702 
992 734 9 12 0.052454703 
674 442 31 35 0.052050173 
592 72 450 421 0.051044893 
949 520 8 10 0.043097466 
692 465 111 129 0.041926347 
716 488 40 55 0.04163493 
-31 -21 416 485 0.039135054 
677 24 9 10 0.038840592 
420 722 25 32 0.036687482 
479 644 36 45 0.035814185 
629 739 13 16 0.034767892 
506 668 15 22 0.03387545 
678 0 8 9 0.03374795 
699 818 24 32 0.03338865 
705 8 9 9 0.032773685 
403 633 357 483 0.03230606 
497 654 24 38 0.031945687 
1002 623 8 10 0.030169623 
635 738 12 15 0.03001069 
427 730 15 18 0.029840935 
622 740 21 25 0.029029775 
375 760 10 11 0.027228354 
45 653 8 11 0.027190527 
945 524 9 10 0.027180355 
602 463 31 33 0.026961487 
656 28 9 12 0.026947817 
629 731 15 18 0.026939716 
589 743 20 24 0.026260085 
550 716 14 18 0.026017483 
584 660 11 15 0.025823472 
554 463 22 25 0.025795778 
694 15 8 9 0.02566994 
609 443 42 54 0.025164941 
452 153 425 453 0.024903625 
710 8 9 10 0.02465341 
634 749 13 15 0.023799464 
657 441 85 96 0.023671689 
22 696 8 10 0.023477575 
661 59 9 11 0.023411743 
595 756 14 17 0.023404714 
705 13 9 10 0.023246692 
157 605 9 11 0.022922 
960 536 8 9 0.022657642 
606 656 13 17 0.021563621 
688 24 8 9 0.02145908 
592 510 11 12 0.021413403 
583 737 13 17 0.021157894 
458 598 9 11 0.02059872 
709 12 10 11 0.020546798 
719 5 12 12 0.02034939 
21 732 10 12 0.020309437 
682 712 8 11 0.020300983 
655 495 32 34 0.02029689 
445 159 17 21 0.0202095 
728 478 34 43 0.020198228 
705 31 9 12 0.0201433 
974 510 7 10 0.020100681 
1000 704 8 11 0.020073786 
135 683 9 13 0.020003613 
