35_Basketball_Basketball_35_579
69
901 90 52 70 0.9964334 
733 296 47 56 0.9957675 
266 529 23 29 0.99439514 
410 341 24 31 0.99147063 
477 569 21 31 0.9859745 
81 96 25 32 0.9819828 
78 598 25 32 0.949216 
203 215 24 29 0.90352994 
510 79 25 31 0.13638324 
491 114 26 32 0.10932971 
704 248 32 33 0.07849355 
455 404 13 15 0.07563782 
848 140 51 65 0.06998813 
79 178 11 15 0.06811914 
203 184 17 19 0.06295575 
177 164 9 11 0.06216325 
481 97 40 53 0.060473636 
205 199 26 29 0.059950367 
106 167 8 10 0.058117393 
499 80 26 35 0.05778585 
456 456 9 11 0.054843526 
198 187 14 17 0.05458579 
67 604 24 32 0.04942415 
105 141 11 14 0.043406587 
64 612 13 19 0.04220333 
43 299 13 14 0.042118423 
104 652 12 15 0.04204651 
219 194 14 19 0.041988708 
126 182 11 15 0.039281417 
686 213 33 42 0.03892072 
191 190 10 14 0.03563138 
488 571 17 23 0.034522437 
103 600 11 14 0.0332978 
213 531 14 15 0.033045758 
109 149 9 11 0.03235004 
193 258 15 19 0.03142457 
696 224 42 47 0.031396892 
491 87 27 41 0.030844182 
44 603 10 11 0.030812476 
62 133 10 12 0.03070755 
43 621 11 14 0.029890984 
454 135 11 14 0.029849887 
326 550 8 10 0.02912288 
522 82 16 24 0.027840124 
57 133 10 12 0.026194416 
115 184 15 16 0.02489136 
455 149 10 13 0.02462131 
63 550 10 12 0.023652792 
177 147 10 11 0.023428954 
366 59 440 527 0.023203159 
494 85 15 22 0.023128696 
2 652 41 71 0.023111766 
467 546 12 14 0.022258554 
391 414 9 13 0.022074772 
132 182 11 14 0.022073247 
99 105 14 19 0.022035921 
180 225 15 18 0.021935452 
53 614 23 28 0.021908028 
220 531 12 13 0.021810759 
253 605 10 11 0.021805882 
175 229 13 17 0.021406598 
455 605 9 12 0.021316728 
550 546 11 14 0.02124181 
570 56 18 22 0.021205386 
438 485 11 15 0.021115419 
468 116 11 14 0.020919504 
153 231 10 12 0.020717727 
106 534 9 11 0.020673543 
246 467 10 13 0.020394633 
