35_Basketball_basketballgame_ball_35_309
41
778 65 172 227 0.9992112 
225 -1 69 73 0.9969747 
395 72 80 108 0.9963475 
132 55 65 106 0.9895014 
-9 516 75 156 0.87632805 
954 63 24 34 0.5383467 
987 93 21 26 0.38802513 
947 185 52 65 0.2562166 
936 47 41 54 0.12852554 
300 381 39 43 0.12009187 
682 68 25 32 0.118941285 
533 342 24 33 0.09863125 
914 5 24 29 0.08190182 
313 391 35 42 0.064738 
686 65 17 20 0.06391903 
700 117 27 36 0.063499995 
680 122 27 36 0.05975309 
997 4 26 34 0.059275415 
707 115 18 22 0.05005506 
985 1 27 28 0.046222676 
894 461 45 38 0.0458413 
84 98 64 92 0.042103417 
119 -5 55 52 0.04132357 
883 454 82 63 0.041172817 
922 157 86 115 0.040030517 
934 41 31 37 0.03968812 
422 272 38 59 0.036409676 
107 82 69 103 0.0364047 
174 58 56 81 0.033714894 
637 168 44 58 0.03228617 
186 34 58 75 0.03209188 
973 -2 45 43 0.031029418 
676 100 45 56 0.029461693 
678 133 17 24 0.02822002 
331 409 17 21 0.027850682 
982 2 19 20 0.02703344 
959 181 31 35 0.025293948 
670 -4 90 122 0.023454005 
506 636 21 26 0.022376778 
400 101 12 16 0.022309896 
-6 131 50 74 0.02157004 
