35_Basketball_basketballgame_ball_35_290
498
908 136 32 39 0.99887615 
641 120 32 45 0.9958112 
474 177 32 45 0.9919574 
410 257 40 44 0.98840815 
59 203 18 23 0.894285 
142 327 12 16 0.8930158 
4 315 12 16 0.8216507 
5 238 9 12 0.55034727 
535 231 24 35 0.53652424 
153 310 9 10 0.45617992 
428 360 13 18 0.4056341 
137 301 9 12 0.3833394 
9 269 9 10 0.38173097 
33 231 10 13 0.36060044 
32 267 9 11 0.34559122 
160 350 11 15 0.32673013 
52 284 9 12 0.30985358 
2 231 8 13 0.2396876 
46 195 8 10 0.23502888 
111 223 7 9 0.22973803 
158 230 8 10 0.21941698 
418 356 21 28 0.21016987 
5 225 8 11 0.20907865 
14 206 10 13 0.18629411 
216 323 10 15 0.18181868 
199 269 11 13 0.17048307 
37 222 12 15 0.1684373 
129 208 8 11 0.1631001 
22 207 8 11 0.15015727 
103 213 8 10 0.14298558 
13 198 9 11 0.14207444 
201 261 9 12 0.14093912 
161 295 8 10 0.13546798 
421 215 8 10 0.13451771 
124 285 8 12 0.13395654 
23 192 8 11 0.13008338 
207 335 8 11 0.12771039 
198 222 7 9 0.12661077 
127 212 8 11 0.12529282 
64 189 9 10 0.121196285 
58 238 8 11 0.11719149 
762 275 28 32 0.11653977 
113 230 7 9 0.11631847 
123 341 13 15 0.11628041 
222 198 8 9 0.11548012 
413 348 15 18 0.11121683 
42 192 8 10 0.110280216 
369 221 8 9 0.108866885 
159 303 9 12 0.10767786 
30 245 12 15 0.104875796 
30 173 9 11 0.104649395 
224 270 9 12 0.10264227 
559 190 13 16 0.10221659 
589 192 9 12 0.1019075 
35 264 10 12 0.09859984 
200 255 10 11 0.09651126 
55 157 8 9 0.093851194 
281 232 6 8 0.09135855 
60 373 14 18 0.09038915 
133 207 8 10 0.08862947 
461 317 14 16 0.084285766 
167 287 8 11 0.08384928 
437 209 9 11 0.08327532 
129 231 7 9 0.08051456 
122 276 9 12 0.07978439 
231 269 9 13 0.07975674 
8 181 8 10 0.07906655 
47 325 12 16 0.078489326 
65 183 8 11 0.077952564 
593 303 8 10 0.077369325 
248 239 8 10 0.07607608 
88 175 6 9 0.07565645 
112 240 9 11 0.074660726 
218 257 6 8 0.07392189 
169 308 8 10 0.07286126 
145 260 8 11 0.0728114 
253 215 8 10 0.07244077 
621 328 9 10 0.07235962 
129 188 7 10 0.0718538 
39 154 7 8 0.07113883 
175 247 7 9 0.0710432 
162 247 8 10 0.070660636 
88 197 8 10 0.070331685 
166 304 9 10 0.069990896 
80 191 7 10 0.069895685 
184 268 9 11 0.06906561 
215 279 8 10 0.06891037 
263 257 8 10 0.06889136 
280 217 7 8 0.06822532 
296 240 7 9 0.0679292 
144 255 9 12 0.06764527 
110 182 7 9 0.066785045 
7 192 8 10 0.06590629 
96 198 8 10 0.06568085 
120 240 8 10 0.06556276 
230 332 10 12 0.06513543 
232 256 7 8 0.0643396 
283 302 29 28 0.063705936 
183 240 7 9 0.06284162 
57 135 7 9 0.062424105 
407 357 24 31 0.062388472 
152 247 6 8 0.062223796 
450 219 14 17 0.062001795 
845 336 8 10 0.061496638 
397 282 49 49 0.061333094 
122 216 7 8 0.061087366 
269 287 12 15 0.060484435 
1 192 7 10 0.060187634 
222 292 7 10 0.059716344 
24 263 10 12 0.059627548 
451 215 11 13 0.059597883 
207 278 8 11 0.059537914 
102 209 8 10 0.059424035 
222 288 8 9 0.058749918 
202 239 7 9 0.05867805 
48 280 11 14 0.058213625 
284 407 34 39 0.05815204 
598 303 8 9 0.05796132 
23 151 7 9 0.05795978 
578 331 10 13 0.057861347 
646 288 10 10 0.05778968 
271 249 8 9 0.057568662 
33 168 7 10 0.057190634 
400 259 13 18 0.057086058 
607 311 7 9 0.05670219 
162 253 8 10 0.05667518 
217 285 8 10 0.056669906 
222 194 8 9 0.0566346 
17 192 8 10 0.056346625 
360 239 9 11 0.055914026 
124 291 10 14 0.05537961 
408 224 8 10 0.05513663 
70 176 7 10 0.054698277 
10 204 10 13 0.05455147 
39 169 7 9 0.054398946 
41 301 9 10 0.05423482 
14 287 9 10 0.05330416 
152 315 9 11 0.05314461 
190 254 7 10 0.05299577 
33 223 9 13 0.052822445 
287 239 7 9 0.052794296 
0 150 8 12 0.052573666 
865 336 9 12 0.052562196 
266 209 7 8 0.052538097 
119 232 7 8 0.051866874 
259 257 7 10 0.05061897 
619 350 10 12 0.050260067 
137 168 7 9 0.05019525 
54 191 9 10 0.049517382 
136 239 7 9 0.049279246 
38 173 8 10 0.049223673 
127 223 7 9 0.049051393 
215 348 10 13 0.048687767 
125 272 8 11 0.048116628 
823 329 9 11 0.047969077 
158 224 8 11 0.047871225 
167 246 7 10 0.047843758 
250 192 7 9 0.047837045 
127 169 7 8 0.047707092 
303 224 7 9 0.047308885 
186 255 8 10 0.047195535 
149 255 8 10 0.04712783 
106 221 8 10 0.04701212 
217 261 7 9 0.046847865 
206 239 7 9 0.046818353 
352 215 7 9 0.046682455 
224 256 6 8 0.046524502 
216 239 7 9 0.046243925 
152 239 7 10 0.04544842 
254 193 7 9 0.045433927 
120 207 7 10 0.045351196 
7 255 9 12 0.045291018 
31 214 8 12 0.04494082 
175 280 9 10 0.04444683 
207 233 7 8 0.0441892 
68 310 10 12 0.04404739 
119 345 12 15 0.043995958 
0 286 7 12 0.043968663 
31 192 8 10 0.043903362 
120 223 7 8 0.04366018 
112 198 8 10 0.043647546 
111 217 7 10 0.043418817 
894 446 11 16 0.043311276 
272 215 7 9 0.043124236 
62 213 12 16 0.042833354 
80 196 8 11 0.04278997 
111 260 9 11 0.0421059 
111 191 8 10 0.04180589 
159 238 8 9 0.041458298 
11 262 11 14 0.04107053 
21 335 10 12 0.041047856 
232 263 8 11 0.04085061 
158 278 8 10 0.040840484 
270 207 7 10 0.040798705 
48 128 6 9 0.04057047 
23 230 9 11 0.04005352 
407 207 7 9 0.039979644 
639 270 10 13 0.039900348 
107 182 6 9 0.039659247 
272 254 8 10 0.039533205 
248 286 8 10 0.039002236 
217 271 8 11 0.03893251 
137 246 8 9 0.038822457 
598 297 9 10 0.038728494 
31 180 9 10 0.03859152 
144 241 8 8 0.038581237 
134 232 7 9 0.038466845 
119 288 11 16 0.038296062 
353 238 9 11 0.038140085 
177 269 8 9 0.03807405 
104 231 7 9 0.03805229 
112 206 8 10 0.03793856 
201 247 8 9 0.037899006 
48 294 9 12 0.037375815 
53 292 10 13 0.03737442 
190 270 9 11 0.037261635 
406 356 14 19 0.037235565 
579 100 454 527 0.036955334 
128 239 7 10 0.03685569 
327 223 9 10 0.03671551 
398 224 7 10 0.036495898 
10 112 8 11 0.036342748 
176 241 8 9 0.036188535 
14 85 8 9 0.036056716 
136 253 8 12 0.03600122 
135 200 7 9 0.035808433 
304 193 7 10 0.03580547 
282 237 7 9 0.035599545 
399 257 25 33 0.035545986 
222 207 8 9 0.03547067 
224 329 11 15 0.03530958 
699 196 35 35 0.035229135 
23 223 8 10 0.035200186 
173 310 8 11 0.0351634 
24 144 7 9 0.03496329 
161 145 6 9 0.034928005 
436 390 11 13 0.034680884 
265 222 7 9 0.034508303 
102 199 7 10 0.03431755 
165 292 9 12 0.034083914 
439 220 10 12 0.034077097 
288 222 7 8 0.03397582 
228 327 11 13 0.033777583 
238 277 8 9 0.03371191 
64 316 11 13 0.033676963 
238 262 8 9 0.033676215 
337 239 7 9 0.033410538 
463 345 12 14 0.03340179 
365 238 8 11 0.0333808 
393 228 9 10 0.033290923 
830 210 10 13 0.033182867 
551 190 13 16 0.032677867 
951 131 12 16 0.032443453 
888 454 10 14 0.032349154 
130 256 8 9 0.032315694 
154 224 8 10 0.032206673 
392 223 8 10 0.03218798 
345 210 6 8 0.031995878 
779 257 14 16 0.03192605 
42 128 7 8 0.031919416 
121 167 7 9 0.0318956 
640 289 11 11 0.031867743 
191 249 7 9 0.03183245 
169 183 7 8 0.031687487 
14 255 9 12 0.03154758 
434 361 13 18 0.031533994 
224 275 8 12 0.0315046 
344 231 8 9 0.03128734 
183 216 7 9 0.031271063 
24 181 8 10 0.03124384 
45 301 9 11 0.031055689 
220 320 11 14 0.031035127 
231 238 6 9 0.030935775 
80 300 11 14 0.030888552 
829 332 9 11 0.030760854 
304 229 7 9 0.03060414 
192 284 9 12 0.030452332 
281 222 7 9 0.030353254 
183 277 8 10 0.03023897 
143 246 8 10 0.03017009 
430 354 21 28 0.030140664 
414 200 7 9 0.0301324 
641 317 8 10 0.0300871 
456 362 13 17 0.03002198 
885 258 16 17 0.029934779 
63 103 7 8 0.029883817 
373 216 8 10 0.029757367 
111 176 6 8 0.029751075 
297 216 7 8 0.029716931 
194 200 7 8 0.029713467 
97 384 10 12 0.029712213 
97 206 8 11 0.029632686 
49 253 9 12 0.029630072 
255 209 7 9 0.029606447 
297 192 8 10 0.02948061 
136 262 7 10 0.029477606 
32 127 7 10 0.029343562 
236 332 11 16 0.029303495 
41 135 7 8 0.029296264 
57 183 7 10 0.029161252 
297 223 8 9 0.029018335 
25 168 8 10 0.02885112 
264 192 8 9 0.028823951 
274 232 6 9 0.028778147 
176 191 8 9 0.02870384 
451 283 11 14 0.028655855 
766 230 14 17 0.028482078 
15 224 10 11 0.02842692 
615 311 9 10 0.028386239 
383 248 7 10 0.028361775 
421 210 8 9 0.028241582 
311 214 7 9 0.028224714 
28 207 9 11 0.028196942 
37 277 11 14 0.028190944 
346 213 8 10 0.028080216 
81 175 8 9 0.027875936 
168 241 7 9 0.027809832 
46 167 7 9 0.027721314 
540 78 14 16 0.027622325 
839 329 8 11 0.02760866 
17 159 7 9 0.027604256 
291 293 19 18 0.027576907 
192 182 7 9 0.027524367 
332 300 14 19 0.027428733 
192 276 9 12 0.027296118 
230 349 9 12 0.027270606 
29 196 8 10 0.027238812 
1 213 8 11 0.027159905 
194 217 8 9 0.027020605 
10 81 8 10 0.026978862 
447 238 11 14 0.02697878 
64 377 15 18 0.026960362 
161 288 8 11 0.02694046 
158 272 8 11 0.026873367 
568 319 9 12 0.026844887 
712 190 36 37 0.026827114 
421 218 11 12 0.026737649 
115 159 6 9 0.026700454 
358 216 7 9 0.026630573 
321 229 8 10 0.026599117 
168 264 8 9 0.02659646 
224 247 7 9 0.026523184 
193 232 8 9 0.026445841 
457 307 22 27 0.02643444 
199 232 8 9 0.02643344 
633 289 9 10 0.02635567 
593 335 9 11 0.026350359 
225 240 7 9 0.026348704 
287 208 7 8 0.026237447 
361 222 7 9 0.026229432 
105 177 7 9 0.026227562 
47 260 10 13 0.026224677 
104 238 8 10 0.026204946 
841 340 10 12 0.026081376 
104 255 9 11 0.026000071 
519 366 11 13 0.025999473 
139 172 8 10 0.025945438 
376 237 9 11 0.025916662 
158 317 9 11 0.025911737 
16 134 8 10 0.025877712 
0 230 16 24 0.025877316 
55 232 9 12 0.025816582 
198 183 7 9 0.025699656 
183 193 7 9 0.025609262 
556 237 12 16 0.025515687 
88 143 6 9 0.02550187 
9 286 8 12 0.025487026 
96 232 10 11 0.025481222 
321 225 8 9 0.025480134 
248 244 8 11 0.02541283 
130 201 7 9 0.025403732 
488 142 24 33 0.025380388 
457 349 28 32 0.025353657 
288 233 7 9 0.025351409 
243 239 7 10 0.02534888 
481 285 46 56 0.025342958 
547 54 12 14 0.025271297 
48 205 10 11 0.025244402 
818 328 8 11 0.025208903 
230 285 8 10 0.025201758 
308 289 15 19 0.025075903 
15 167 8 10 0.024946457 
66 176 8 10 0.024936706 
0 432 10 13 0.024875388 
15 230 10 12 0.024799129 
361 233 8 9 0.024721913 
48 134 7 8 0.024695862 
385 216 7 8 0.02463385 
69 181 8 11 0.02459392 
592 308 9 10 0.024584211 
392 253 9 13 0.024463695 
445 348 11 12 0.024275368 
386 223 7 9 0.024241306 
53 261 108 139 0.024217919 
383 252 9 12 0.024153717 
387 307 47 45 0.024115862 
13 175 8 10 0.02406371 
295 231 7 9 0.024045551 
219 322 21 26 0.024044657 
12 238 9 11 0.023980303 
568 390 9 11 0.023938153 
178 198 7 9 0.023922186 
71 190 9 11 0.023888037 
598 328 9 11 0.023754677 
573 294 10 13 0.023747047 
79 166 8 9 0.023732254 
280 200 7 8 0.023678126 
23 158 7 8 0.023674399 
242 175 6 8 0.0236259 
311 193 7 9 0.023607338 
201 335 10 12 0.023556044 
254 241 8 10 0.023505056 
155 348 11 15 0.023427222 
126 337 10 12 0.023362283 
206 216 8 9 0.023334147 
410 332 26 29 0.023209428 
24 128 7 9 0.023181966 
609 238 9 9 0.023101792 
546 235 15 22 0.02303132 
25 309 9 12 0.022855964 
996 480 17 18 0.022851536 
46 213 11 14 0.022634579 
242 246 7 10 0.022630008 
87 182 7 9 0.022598794 
216 167 7 9 0.022588784 
296 244 8 10 0.02255522 
585 76 9 11 0.02252585 
287 217 7 9 0.022509836 
281 207 7 9 0.022493089 
312 198 7 9 0.022442497 
460 367 14 18 0.022417033 
218 246 7 9 0.022402778 
390 276 12 18 0.022401484 
225 264 7 10 0.022294791 
473 164 10 12 0.022193674 
565 239 11 13 0.022150729 
2 241 9 14 0.022121076 
921 286 10 12 0.022020238 
532 225 18 24 0.022012243 
40 120 8 9 0.021942483 
79 292 12 15 0.021908738 
272 200 8 10 0.02189952 
328 215 7 8 0.021795383 
112 150 7 9 0.021790918 
221 348 10 13 0.021771794 
119 160 7 8 0.021750337 
343 239 7 9 0.021682348 
61 135 7 8 0.02165345 
346 191 7 9 0.021596448 
239 257 7 9 0.021536926 
69 234 13 17 0.021534808 
1014 199 8 12 0.021501495 
44 228 11 14 0.021368872 
13 277 9 12 0.021303281 
129 298 10 14 0.021288022 
166 317 9 11 0.021252906 
230 338 11 15 0.021234514 
129 -35 402 459 0.021179445 
70 300 11 14 0.021164225 
339 282 15 22 0.021127075 
320 214 7 8 0.021097274 
399 361 14 21 0.021077422 
208 302 9 11 0.021065993 
272 168 7 9 0.021050725 
63 276 10 13 0.021011174 
168 280 8 11 0.020983199 
63 270 10 13 0.020971112 
325 307 16 18 0.020964704 
246 232 8 10 0.020949956 
416 207 8 9 0.020878168 
39 207 10 11 0.02083101 
255 269 9 12 0.020821627 
143 222 8 10 0.020779284 
14 182 8 10 0.020760106 
322 300 28 29 0.020664323 
413 316 28 31 0.020650683 
405 366 16 23 0.020632032 
24 251 10 13 0.020601531 
433 213 10 12 0.020595511 
375 232 9 11 0.02058967 
134 190 7 9 0.020544063 
223 332 21 28 0.02053181 
30 232 18 23 0.020482546 
72 143 7 9 0.020434853 
145 144 7 9 0.020432621 
37 310 11 12 0.02041626 
198 200 7 9 0.020400966 
351 220 8 10 0.020357559 
607 285 9 10 0.020323606 
215 312 8 11 0.020223951 
56 242 12 14 0.020165896 
296 210 6 7 0.020126946 
176 223 7 9 0.020121293 
134 213 9 10 0.020115023 
232 232 8 10 0.020097388 
236 270 9 11 0.020065142 
168 207 7 9 0.020060945 
62 302 9 12 0.020025559 
