35_Basketball_playingbasketball_35_606
117
26 381 16 19 0.9744134 
381 191 23 29 0.7754986 
75 388 15 18 0.7504317 
186 206 28 29 0.70131963 
948 381 15 17 0.5771987 
1 407 13 21 0.46249002 
240 401 13 17 0.35165814 
444 55 425 547 0.33065936 
889 393 12 15 0.21374217 
878 382 8 12 0.16662174 
784 414 8 10 0.14425336 
748 360 19 22 0.13248427 
857 366 8 10 0.12745339 
837 406 10 11 0.12608153 
913 440 8 12 0.12354112 
654 424 11 14 0.123040445 
984 438 9 11 0.1181199 
199 202 19 27 0.10614895 
575 423 7 9 0.089966506 
851 430 7 9 0.08184901 
45 400 16 20 0.08029885 
45 421 15 18 0.07507963 
51 418 15 20 0.072229244 
798 399 7 10 0.07068983 
791 404 10 13 0.05564968 
263 423 8 9 0.050804436 
119 425 15 20 0.050767258 
3 397 14 18 0.050620947 
466 210 12 14 0.049282737 
330 365 28 43 0.048913572 
324 351 45 72 0.04884307 
180 209 21 22 0.04723679 
5 380 11 13 0.04611369 
652 455 10 12 0.045906287 
92 403 13 20 0.045399748 
797 404 8 11 0.04442107 
25 434 14 19 0.043814957 
871 396 8 12 0.043452032 
772 219 13 16 0.041269746 
199 439 8 10 0.04115579 
873 387 10 15 0.040017106 
695 421 8 10 0.039927352 
919 360 8 11 0.039760917 
878 377 8 11 0.03930793 
36 419 14 18 0.03801662 
789 412 9 12 0.03786458 
821 425 9 10 0.03692677 
989 437 11 12 0.036876287 
817 369 7 8 0.036744833 
996 438 9 12 0.03672736 
576 457 8 9 0.03624364 
915 436 12 14 0.035475757 
241 445 9 12 0.035132717 
847 366 8 9 0.03473429 
36 409 14 19 0.034109317 
553 446 8 10 0.03393293 
943 347 13 16 0.033748817 
873 375 8 12 0.033462215 
141 380 13 17 0.032991137 
37 402 15 18 0.032796636 
926 398 9 12 0.03257016 
80 391 16 20 0.03245546 
793 399 9 12 0.03208813 
86 444 10 13 0.031146724 
765 217 15 18 0.029316192 
850 425 8 11 0.02920517 
981 439 14 19 0.029185627 
222 421 10 12 0.029013643 
290 448 8 10 0.028910963 
829 391 8 11 0.028884405 
270 424 9 11 0.028717078 
51 408 16 20 0.028466243 
541 424 8 9 0.02793036 
401 471 10 12 0.027822722 
669 453 12 13 0.027688809 
115 458 39 40 0.026952231 
841 366 8 9 0.026907373 
927 365 9 14 0.026710523 
557 440 9 10 0.026658297 
784 408 10 13 0.026454756 
665 447 11 13 0.026397418 
83 401 16 20 0.026335634 
300 652 27 31 0.026229445 
163 235 13 17 0.025644993 
270 428 10 14 0.025588235 
126 423 28 32 0.025436243 
591 439 8 9 0.02522502 
854 438 8 10 0.02516398 
902 367 7 10 0.024963701 
255 430 9 12 0.02465936 
892 381 13 16 0.024589732 
132 381 16 22 0.02429266 
779 414 9 11 0.024070984 
27 428 14 18 0.024015756 
304 423 8 10 0.023916522 
553 440 8 11 0.02372916 
933 370 11 15 0.022994718 
660 249 41 43 0.022774184 
220 374 13 16 0.022598205 
870 366 8 11 0.022572912 
5 389 12 15 0.022516346 
20 490 12 16 0.022281539 
249 370 97 136 0.022035234 
653 431 13 16 0.021944277 
76 398 17 21 0.021938931 
876 381 17 24 0.0218787 
98 401 16 20 0.021755563 
832 404 11 13 0.021531701 
829 397 10 13 0.02104479 
894 186 15 16 0.020998858 
278 151 16 25 0.020874906 
933 379 12 17 0.02059289 
615 424 7 9 0.020501316 
236 269 12 16 0.020487282 
776 407 8 9 0.020356765 
884 382 13 14 0.020232944 
217 421 10 13 0.020070802 
