35_Basketball_playingbasketball_35_251
24
431 113 100 151 0.9979963 
168 932 23 29 0.16610083 
264 1199 24 31 0.08901727 
-26 -130 434 448 0.07622326 
274 939 18 20 0.05895002 
163 878 16 17 0.045414813 
-45 176 439 516 0.037219208 
114 878 13 15 0.031042518 
105 918 17 22 0.028542023 
127 281 25 27 0.026994843 
93 884 10 12 0.026394917 
446 597 9 10 0.026092315 
455 611 16 20 0.023822164 
363 276 30 35 0.023323452 
980 1060 11 15 0.022552658 
855 604 10 12 0.022436403 
775 1049 8 9 0.022145944 
807 1064 10 12 0.021233892 
857 19 17 20 0.021202153 
58 895 16 17 0.020983107 
27 933 16 20 0.020408375 
161 909 16 18 0.020312065 
913 0 27 28 0.020269154 
133 879 14 15 0.020060243 
