35_Basketball_playingbasketball_35_279
21
398 1004 189 129 0.9639419 
709 1247 217 221 0.12925582 
108 106 25 36 0.110832565 
66 91 24 39 0.100849956 
622 1083 407 461 0.0759874 
269 250 15 18 0.05841774 
132 68 42 71 0.05416686 
272 44 181 245 0.044645734 
258 486 170 247 0.04165635 
467 1045 158 129 0.041023042 
9 99 44 64 0.037473638 
114 69 39 62 0.035379577 
340 1025 198 186 0.031838916 
57 48 34 42 0.026993237 
99 88 44 57 0.026930198 
322 1192 439 433 0.02462149 
137 84 56 86 0.024072587 
146 961 23 38 0.023641752 
89 1092 463 431 0.022122756 
172 1 17 16 0.021181583 
158 4 15 16 0.02029543 
