35_Basketball_basketballgame_ball_35_858
73
775 497 86 68 0.9925476 
574 228 65 94 0.9914758 
4 16 135 149 0.8744099 
172 555 16 22 0.4211711 
64 566 19 22 0.3293957 
177 512 15 19 0.30394095 
305 601 17 20 0.29562157 
343 514 14 18 0.2860253 
289 469 16 20 0.2345864 
115 553 13 17 0.1756541 
41 597 18 22 0.13467394 
670 547 29 37 0.10155266 
404 472 13 16 0.09855791 
179 633 17 20 0.09086365 
489 639 15 21 0.07884754 
92 579 21 27 0.07793475 
388 618 13 16 0.07641808 
193 -125 411 516 0.076216295 
19 425 13 17 0.066147186 
257 444 14 19 0.066046186 
83 498 14 18 0.06602064 
67 535 18 21 0.06571776 
40 634 18 21 0.05909701 
122 630 16 21 0.057519455 
137 594 18 22 0.056795403 
666 552 15 21 0.05209457 
302 604 26 31 0.051523935 
254 423 9 12 0.049749568 
60 654 16 22 0.048025355 
376 454 10 12 0.0468094 
782 509 46 46 0.045746405 
464 486 10 12 0.045605738 
167 447 10 13 0.04471472 
7 634 20 34 0.04458774 
279 476 13 16 0.042976603 
30 438 13 17 0.040501792 
259 568 14 17 0.038210433 
121 554 14 19 0.03532776 
108 559 14 19 0.033430077 
288 605 39 50 0.033411767 
94 486 14 17 0.03265968 
99 570 16 21 0.032602582 
307 568 14 18 0.03220232 
349 557 15 19 0.031667057 
480 540 11 13 0.03138581 
74 492 16 20 0.030726817 
163 474 16 20 0.030617794 
662 552 25 33 0.030318763 
652 567 31 42 0.03025183 
63 573 25 30 0.029445404 
102 563 14 18 0.02939441 
19 466 12 17 0.029267425 
433 479 9 11 0.02914237 
677 558 31 37 0.029055828 
181 667 17 19 0.02803995 
569 257 36 57 0.027436227 
484 345 180 296 0.027289322 
292 450 13 16 0.02686275 
290 461 16 19 0.025898991 
344 452 11 13 0.025720337 
659 226 46 68 0.025390927 
179 485 17 21 0.025020124 
437 479 9 12 0.0240858 
283 477 17 20 0.023898773 
457 595 11 15 0.023317832 
61 559 16 20 0.023261482 
117 634 23 29 0.023126494 
311 469 13 17 0.022257652 
1 435 10 16 0.021144764 
-38 358 482 504 0.021043455 
3 608 25 32 0.020913463 
799 506 53 42 0.020816622 
343 460 13 17 0.020064011 
