35_Basketball_Basketball_35_549
24
725 372 46 56 0.99788576 
690 380 29 45 0.2621602 
363 278 37 48 0.08072099 
-76 -60 519 380 0.07178128 
448 232 32 36 0.060035616 
603 970 26 33 0.055848684 
649 389 26 43 0.04026066 
735 981 29 47 0.039266344 
248 673 41 44 0.038135514 
699 373 28 42 0.03641869 
618 174 108 118 0.035139162 
436 268 34 40 0.03284941 
363 300 35 44 0.028730528 
317 354 47 72 0.027254993 
739 924 15 20 0.02629513 
538 234 17 19 0.025977487 
354 355 28 30 0.0245279 
421 276 37 40 0.023959313 
441 246 44 50 0.023611102 
421 314 62 73 0.023487702 
462 230 29 34 0.023264756 
210 840 14 17 0.02256725 
979 -8 45 62 0.021210823 
868 914 16 18 0.020334695 
