35_Basketball_Basketball_35_393
28
181 27 258 215 0.911007 
757 164 43 64 0.5280595 
202 15 412 434 0.25615898 
783 94 49 58 0.19163023 
824 380 184 247 0.18304473 
-55 300 476 399 0.15300217 
533 677 13 17 0.088000886 
726 127 77 109 0.08480663 
271 170 400 400 0.08281935 
773 180 40 46 0.049412377 
794 197 31 37 0.048414025 
199 694 51 60 0.04739874 
813 98 37 43 0.03936318 
38 83 464 519 0.039044354 
782 97 27 42 0.03457931 
748 179 35 60 0.031851575 
56 615 23 32 0.031343214 
763 271 40 47 0.030412802 
781 266 51 75 0.028004717 
776 248 103 147 0.027163025 
140 354 366 479 0.02662146 
739 268 50 60 0.024907293 
579 684 28 32 0.024212465 
547 667 16 19 0.023581292 
690 93 92 135 0.02334466 
765 95 52 81 0.023031125 
701 109 187 235 0.022858378 
369 691 36 41 0.021520484 
