35_Basketball_playingbasketball_35_495
509
742 989 25 33 0.99871075 
737 1058 24 31 0.9986192 
172 1117 26 34 0.99847394 
339 749 66 82 0.9978871 
204 964 25 32 0.9968079 
826 823 61 72 0.9964216 
234 1155 23 31 0.9959998 
179 922 24 30 0.99503505 
818 657 17 21 0.98818946 
544 402 93 73 0.98449403 
989 694 15 21 0.982819 
845 606 13 18 0.9816321 
252 1104 25 29 0.97733235 
741 600 15 19 0.9749169 
670 984 21 30 0.9703573 
803 726 16 20 0.9701034 
263 771 21 28 0.9666527 
971 895 21 26 0.95998144 
14 780 69 71 0.95508915 
221 587 14 17 0.95498985 
902 816 22 27 0.95069075 
738 751 17 24 0.94857615 
244 704 19 23 0.94729435 
287 580 15 19 0.94614184 
728 812 19 25 0.94011354 
202 434 14 19 0.9337359 
793 757 17 20 0.9331689 
283 670 19 25 0.92625684 
771 857 18 24 0.9242682 
206 608 18 23 0.9242637 
919 672 15 20 0.92110336 
173 704 22 28 0.91989017 
115 25 79 69 0.914568 
168 567 16 20 0.9113862 
262 607 15 20 0.89762324 
951 829 16 22 0.8920807 
167 632 20 25 0.89203376 
710 622 16 21 0.8906969 
946 864 17 23 0.8888558 
676 823 19 24 0.887352 
225 741 22 28 0.88707227 
835 794 17 22 0.88128036 
935 696 15 20 0.88053805 
723 850 16 21 0.87509096 
109 627 18 23 0.869825 
690 691 15 21 0.86472154 
1010 899 14 23 0.84859496 
831 631 15 20 0.84514797 
861 765 17 20 0.84317434 
935 607 13 16 0.8322785 
347 472 17 21 0.82070196 
784 819 17 23 0.82056737 
994 609 13 16 0.8151916 
964 738 14 18 0.7822152 
106 576 16 20 0.7813171 
45 568 17 21 0.77152246 
285 741 20 26 0.7651453 
318 611 17 22 0.7628661 
983 637 13 17 0.75597817 
143 436 14 18 0.746996 
875 632 14 19 0.74264675 
942 793 17 21 0.7285329 
994 659 15 20 0.72655904 
231 639 19 23 0.7134643 
288 705 17 21 0.71313703 
791 646 13 18 0.71078247 
694 753 16 21 0.7088219 
974 843 16 20 0.70863193 
720 901 20 22 0.7028422 
933 729 17 20 0.6936838 
594 710 16 21 0.69010925 
290 451 14 19 0.6753108 
686 961 22 25 0.6699727 
303 633 17 21 0.6523065 
338 736 19 24 0.64699686 
870 659 16 21 0.61297363 
998 761 16 20 0.60492265 
867 729 18 21 0.59960437 
218 459 14 19 0.5852719 
727 661 14 18 0.5680984 
1004 1095 19 29 0.5624816 
946 631 14 19 0.5584728 
587 785 26 37 0.5572849 
135 672 17 23 0.53595376 
124 445 13 17 0.53052175 
883 689 13 17 0.49506283 
662 857 18 22 0.47521475 
864 704 15 19 0.47050425 
855 485 14 17 0.46775192 
764 894 22 27 0.4652825 
703 473 18 24 0.44711617 
734 790 15 19 0.44608435 
260 829 23 31 0.4367707 
656 803 19 22 0.42259222 
798 80 15 19 0.41747132 
607 64 17 21 0.4172612 
522 474 24 34 0.4089739 
54 449 12 15 0.38797402 
846 769 14 17 0.37828144 
681 440 15 20 0.37169203 
350 582 15 20 0.3525169 
347 718 17 21 0.33231524 
766 453 14 18 0.3296455 
753 828 12 16 0.3203095 
124 615 19 27 0.3123629 
894 678 13 16 0.31070304 
779 490 14 17 0.309256 
974 658 13 16 0.30013487 
1013 833 11 19 0.2962338 
698 794 14 18 0.29377195 
162 609 18 20 0.28085297 
793 706 14 17 0.2791468 
776 667 16 21 0.27635688 
41 624 22 27 0.27630934 
254 841 24 33 0.26820305 
762 968 21 26 0.2665744 
359 427 14 17 0.26543015 
700 724 14 18 0.26394722 
761 459 24 31 0.25433084 
246 853 22 28 0.24894139 
1005 1193 19 38 0.2484321 
86 475 13 17 0.23912054 
190 481 15 20 0.23840214 
520 151 15 20 0.23673807 
671 853 20 30 0.23346719 
99 618 23 29 0.21062799 
160 492 13 17 0.20916566 
970 845 25 31 0.20876768 
1007 445 13 18 0.19518454 
842 659 15 19 0.18296334 
905 851 23 31 0.1815992 
923 631 15 19 0.1696168 
239 740 21 29 0.15699132 
868 92 14 17 0.15369558 
747 661 13 17 0.15148608 
780 680 15 20 0.14948285 
226 787 17 21 0.14670679 
229 1133 23 28 0.14140713 
590 686 17 21 0.14103316 
983 738 14 18 0.1399421 
17 845 65 95 0.13754064 
948 576 13 17 0.13266908 
852 768 16 19 0.11140686 
996 737 14 17 0.10838257 
682 852 21 31 0.108210094 
835 76 12 16 0.10649454 
765 798 15 19 0.106124066 
679 173 14 18 0.10606311 
294 790 31 36 0.106054306 
172 839 15 21 0.105705395 
814 796 12 17 0.10395862 
988 880 15 20 0.10304285 
3 789 91 115 0.09950892 
1 443 16 23 0.097911395 
159 604 14 18 0.09636494 
563 749 29 33 0.0961487 
230 467 13 17 0.09572215 
852 504 14 20 0.09536966 
59 445 12 16 0.09265079 
52 629 16 21 0.09233314 
779 107 45 51 0.092267066 
943 574 13 16 0.092081405 
237 482 14 20 0.09198446 
710 1001 16 20 0.091198124 
901 771 17 20 0.0878584 
19 486 20 25 0.08761445 
741 867 15 18 0.087566465 
898 516 14 18 0.08615713 
511 461 40 54 0.08330566 
610 130 14 20 0.08222242 
702 656 15 19 0.080434814 
874 736 15 19 0.079810865 
667 144 13 19 0.07833175 
42 466 15 21 0.07685992 
229 625 23 28 0.07642033 
601 792 17 23 0.07436212 
162 1212 20 20 0.07410452 
724 997 15 21 0.07328907 
235 474 14 18 0.07296088 
741 899 15 20 0.072912395 
205 763 16 21 0.072081834 
877 786 15 17 0.071307145 
979 853 25 29 0.070858486 
83 843 26 34 0.07019429 
875 789 24 28 0.06979044 
664 0 29 31 0.06975246 
805 825 17 23 0.06858481 
159 595 14 18 0.068525806 
287 821 24 30 0.068075106 
45 461 14 18 0.067795776 
197 1125 23 28 0.06701705 
284 789 26 31 0.06662834 
202 1139 25 34 0.065988764 
34 616 17 21 0.065366015 
887 865 17 22 0.065210514 
165 615 22 25 0.06484991 
237 859 15 21 0.06455771 
226 1123 18 21 0.06410539 
187 825 15 19 0.06282971 
995 569 12 16 0.062128067 
129 450 14 17 0.061570868 
182 461 11 16 0.061070267 
349 457 24 29 0.060316086 
324 678 13 17 0.059625108 
889 766 21 26 0.05895351 
211 1100 16 19 0.05885893 
354 714 16 21 0.058437236 
258 695 19 25 0.057414826 
401 56 62 67 0.057061777 
373 458 16 22 0.056589134 
893 520 20 25 0.05493323 
865 712 16 19 0.053742073 
789 76 17 22 0.05249458 
825 774 11 14 0.052168835 
884 730 14 18 0.052055374 
157 920 41 50 0.05120009 
783 795 14 17 0.050785493 
728 793 13 16 0.05078266 
987 736 18 22 0.05057599 
226 461 13 17 0.05056666 
707 879 16 20 0.050438784 
299 797 40 54 0.05015179 
2 775 42 48 0.04881766 
884 761 16 21 0.048701704 
991 761 14 19 0.0482291 
61 439 11 13 0.048094902 
745 759 14 19 0.047270603 
879 772 22 29 0.046097666 
754 633 15 19 0.045894805 
134 523 14 17 0.045072418 
712 991 21 27 0.04499468 
630 163 14 17 0.04485353 
86 602 16 19 0.04483224 
652 484 16 23 0.044733535 
977 866 22 27 0.044432607 
228 824 15 21 0.04369902 
780 778 14 16 0.043573327 
1003 720 15 18 0.04288775 
245 1027 27 34 0.042787515 
764 707 15 17 0.042552773 
997 858 16 21 0.04203325 
889 810 27 35 0.042004067 
772 400 101 142 0.041997526 
210 768 16 22 0.04167374 
2 521 24 30 0.04166165 
49 451 13 16 0.041003447 
765 492 12 15 0.040950496 
127 387 12 14 0.040866345 
579 712 27 31 0.04032929 
275 484 16 20 0.04027087 
341 925 105 138 0.04002906 
838 705 16 22 0.039876204 
981 754 14 18 0.039593037 
971 722 16 19 0.039437845 
202 1066 26 30 0.039123263 
30 612 16 19 0.038745735 
116 488 11 13 0.03851404 
89 610 23 29 0.03836192 
814 744 15 19 0.03798474 
140 594 16 19 0.037880026 
368 640 16 20 0.03774364 
318 677 13 17 0.037736118 
342 728 21 25 0.037597436 
274 555 15 19 0.0375574 
728 800 23 27 0.0375115 
275 792 25 33 0.0373375 
246 746 21 27 0.037146572 
692 855 16 24 0.037069947 
978 651 14 18 0.03701377 
210 667 19 24 0.036879838 
671 723 24 31 0.03621288 
871 531 13 17 0.036053725 
180 895 19 22 0.036033295 
821 840 40 52 0.035976455 
320 797 25 34 0.03591263 
932 572 13 16 0.035767477 
-1 826 26 39 0.035547014 
842 765 12 16 0.03547755 
171 608 21 24 0.03525836 
706 818 15 20 0.03509168 
969 731 15 20 0.035005372 
63 418 13 16 0.034784507 
713 1082 28 33 0.03475778 
187 1094 17 20 0.034535527 
331 603 13 17 0.034514632 
-1 720 27 40 0.03430584 
338 739 30 36 0.034281224 
796 610 14 17 0.034205593 
244 801 22 28 0.03412154 
973 708 12 15 0.0340487 
685 744 22 28 0.03396854 
699 184 15 20 0.03390691 
942 586 13 15 0.03363342 
993 743 20 26 0.033631504 
114 618 18 24 0.03343497 
718 659 14 19 0.033373583 
883 627 13 18 0.03305367 
749 821 14 19 0.032976087 
844 1064 44 59 0.032944307 
958 832 19 24 0.032928485 
788 894 18 23 0.032761957 
693 724 20 28 0.032720488 
690 1065 34 39 0.0326643 
1007 596 12 15 0.03266239 
296 705 16 21 0.0326297 
609 792 17 23 0.032533642 
277 701 21 28 0.03234638 
947 760 17 23 0.03234063 
349 172 30 35 0.032228276 
895 602 12 15 0.031788733 
330 800 15 23 0.031670596 
745 606 14 19 0.031669557 
695 984 24 32 0.031506114 
678 834 23 33 0.031433836 
850 756 22 25 0.031370908 
78 450 14 17 0.031355064 
312 610 15 21 0.031338677 
883 747 15 20 0.031296268 
949 598 11 15 0.03127625 
766 959 27 32 0.03117689 
42 611 17 20 0.031166822 
691 83 15 19 0.031157989 
724 622 13 19 0.031152695 
47 792 42 49 0.03115229 
886 571 14 16 0.031061074 
874 812 29 39 0.031056182 
811 738 15 18 0.031052917 
736 658 18 22 0.030773636 
0 421 10 18 0.03060769 
55 437 12 14 0.03053449 
739 614 15 20 0.030514492 
433 62 61 65 0.030286208 
265 613 16 20 0.030244656 
740 799 14 19 0.030164594 
777 611 15 17 0.030113522 
842 794 23 30 0.03004644 
1010 990 15 27 0.029824916 
707 662 15 18 0.029798089 
898 706 15 19 0.029758994 
889 755 15 18 0.029699996 
443 478 15 22 0.029659407 
921 745 15 18 0.029508086 
915 119 13 17 0.029416785 
866 755 15 20 0.029366452 
988 632 14 17 0.02932576 
940 599 13 16 0.029318677 
755 658 12 17 0.028883269 
871 788 13 15 0.028581636 
876 624 13 17 0.028461836 
1014 962 11 17 0.028370028 
849 745 15 18 0.028354969 
264 692 16 21 0.028127246 
959 742 16 20 0.028120799 
300 538 14 18 0.028111491 
929 609 14 17 0.028079681 
959 734 15 19 0.027969431 
194 825 16 20 0.027911376 
145 726 17 20 0.027848888 
748 812 12 16 0.027848303 
149 568 14 19 0.02767319 
967 759 22 29 0.027383054 
937 723 23 27 0.027276047 
82 16 94 107 0.027215693 
188 460 12 17 0.02721113 
756 705 15 19 0.027195483 
611 821 16 23 0.027178397 
158 614 17 21 0.027038833 
853 723 13 18 0.02699522 
178 826 19 26 0.026871225 
533 713 28 44 0.026783 
974 826 23 28 0.02665075 
563 718 42 53 0.026634293 
992 875 15 19 0.026555633 
212 1141 27 35 0.026481327 
825 1005 43 50 0.026423432 
233 815 21 29 0.026341548 
622 107 13 16 0.02620362 
751 966 24 29 0.026067017 
288 748 24 31 0.025996666 
961 857 22 30 0.02582796 
212 523 17 21 0.02579932 
572 782 31 43 0.025714893 
50 611 16 19 0.02571186 
114 893 16 19 0.025699573 
746 977 36 45 0.025672054 
664 837 24 35 0.025661714 
747 49 23 32 0.025633464 
308 690 15 19 0.025589827 
539 795 49 61 0.025583336 
661 842 15 19 0.025580399 
885 795 26 34 0.025574272 
170 828 17 23 0.025537703 
47 145 15 19 0.025471212 
951 751 23 30 0.025432587 
963 768 17 22 0.025363753 
749 639 15 18 0.02533272 
924 738 14 18 0.025238683 
249 1115 26 31 0.025085637 
173 596 13 15 0.024996486 
956 628 13 19 0.024922736 
937 523 13 16 0.024916917 
96 11 66 60 0.024810322 
875 856 30 38 0.024705311 
354 478 17 20 0.024582842 
633 0 21 18 0.024509095 
308 661 22 26 0.024502067 
884 781 25 32 0.024499565 
4 637 15 21 0.024496032 
107 567 14 18 0.024460917 
842 770 22 26 0.0244554 
57 813 47 66 0.024269987 
914 1008 14 17 0.024259359 
892 700 14 18 0.024177814 
224 609 22 28 0.024162598 
226 1141 27 37 0.024150962 
257 858 18 24 0.024076736 
276 478 12 15 0.02406073 
876 743 15 21 0.024025092 
665 972 37 45 0.024008377 
793 126 20 23 0.023879778 
864 795 28 35 0.023859436 
201 770 22 28 0.023827348 
889 725 15 18 0.023826493 
814 690 14 17 0.023797395 
251 539 15 19 0.02373957 
704 728 14 18 0.023727141 
757 739 15 18 0.023686096 
883 704 15 19 0.023685912 
364 458 17 22 0.023442088 
578 411 48 41 0.023363117 
29 624 18 22 0.02334848 
795 665 16 19 0.02334453 
994 636 12 15 0.023323284 
680 78 24 29 0.023291979 
263 701 21 28 0.023234056 
795 638 13 17 0.023160098 
990 653 14 18 0.023109643 
881 525 22 27 0.023089036 
106 590 16 20 0.023068516 
262 791 24 32 0.022952722 
567 695 48 60 0.022737302 
977 757 21 28 0.02270496 
789 653 16 20 0.022697397 
828 713 15 19 0.022649227 
278 458 14 18 0.022626875 
789 525 15 18 0.022477066 
932 565 13 15 0.022471536 
932 777 14 19 0.022444757 
352 426 15 19 0.022354301 
196 839 23 29 0.02234488 
359 703 26 34 0.022295497 
688 440 16 21 0.022272443 
776 852 16 20 0.022160135 
232 1110 25 29 0.022031493 
932 628 12 17 0.021962347 
575 661 51 70 0.021947015 
879 695 15 19 0.0218937 
58 958 24 29 0.02188072 
218 1098 15 19 0.021866618 
891 101 14 16 0.021854168 
882 737 14 19 0.02183096 
782 587 14 17 0.021818629 
84 680 13 18 0.021803971 
986 865 17 20 0.021786882 
148 601 15 18 0.021742932 
220 768 16 21 0.02173196 
291 771 30 37 0.02171063 
973 864 17 22 0.021701073 
1002 611 12 17 0.021624977 
747 789 13 15 0.02153135 
310 120 147 129 0.021459019 
848 486 22 28 0.021425962 
780 570 15 18 0.021422653 
982 571 11 15 0.021418134 
836 780 22 27 0.021412598 
240 489 15 19 0.02134459 
226 733 18 21 0.021214921 
690 835 12 16 0.021174867 
873 724 17 21 0.021167722 
685 979 25 35 0.021143658 
905 767 22 28 0.021139104 
67 444 13 16 0.021094885 
733 620 14 18 0.021067832 
889 688 16 19 0.021055924 
604 608 46 62 0.021049697 
218 857 16 21 0.020966228 
589 680 28 37 0.020885954 
54 410 14 18 0.020863175 
745 794 14 18 0.02077206 
862 724 16 20 0.020767774 
707 752 13 19 0.02076404 
698 735 17 22 0.020748029 
199 853 22 30 0.020713046 
997 818 15 18 0.020490622 
198 867 25 31 0.020460531 
218 608 14 20 0.020436656 
748 803 13 17 0.020435695 
221 1086 12 14 0.020384487 
778 896 16 21 0.020340402 
119 623 21 27 0.020301849 
612 126 22 29 0.02029305 
902 731 14 19 0.020244518 
870 792 16 22 0.020215346 
699 810 16 20 0.020149358 
180 460 20 27 0.020096093 
655 857 17 21 0.020077936 
694 81 24 27 0.020045873 
320 782 53 65 0.02004492 
955 573 11 15 0.02000064 
