35_Basketball_basketballgame_ball_35_124
23
883 45 109 136 0.99991226 
175 46 122 169 0.9999013 
620 277 114 154 0.999889 
413 24 111 142 0.99984956 
598 45 123 163 0.99979776 
301 289 137 148 0.99974495 
526 27 47 72 0.11364843 
20 255 29 41 0.109932214 
220 728 61 66 0.106222 
317 1129 15 20 0.05961935 
975 185 42 54 0.04664965 
494 16 78 108 0.043281697 
906 418 109 129 0.03624124 
162 725 81 71 0.03465669 
929 218 61 72 0.032173436 
333 1166 13 18 0.030712547 
977 20 55 83 0.029680382 
975 245 27 44 0.024553368 
163 582 41 54 0.024084881 
351 1148 63 87 0.02221869 
0 468 380 438 0.021377197 
952 234 51 63 0.020497072 
334 1166 27 35 0.020317124 
