35_Basketball_playingbasketball_35_405
65
824 296 16 22 0.7480525 
356 316 13 18 0.26263332 
583 312 11 13 0.257965 
558 317 13 17 0.20032494 
549 308 10 14 0.1314304 
358 309 12 16 0.12681375 
349 319 13 18 0.11296997 
517 115 12 13 0.110480204 
580 318 15 19 0.11026819 
342 321 13 17 0.093982406 
563 322 13 16 0.08605229 
543 134 8 11 0.08251734 
334 315 15 19 0.07158393 
575 321 14 17 0.06313685 
499 184 18 20 0.062110983 
560 277 9 11 0.061788745 
566 293 8 12 0.057639517 
805 308 12 12 0.05355832 
550 315 12 16 0.053438727 
550 323 12 16 0.04963275 
559 144 8 11 0.04892077 
843 341 25 34 0.047503073 
574 271 9 11 0.047460675 
533 294 8 11 0.045651574 
833 304 14 18 0.043607123 
545 334 9 12 0.04328102 
811 305 15 17 0.040573977 
548 331 11 14 0.03720667 
361 323 13 15 0.035993546 
328 322 12 17 0.03574727 
828 361 27 29 0.034290172 
555 310 14 17 0.03266891 
492 271 10 11 0.031288855 
544 271 8 10 0.03021859 
530 287 8 10 0.029623676 
815 299 16 18 0.029523123 
567 271 9 12 0.02702567 
560 271 9 12 0.027010169 
502 310 8 11 0.026556116 
486 311 8 10 0.026489448 
545 314 11 16 0.02603201 
537 385 13 19 0.025509777 
544 303 12 15 0.025369119 
547 302 18 25 0.025283206 
895 222 168 280 0.024458779 
584 276 9 10 0.02423708 
835 293 14 19 0.024175443 
577 357 14 17 0.02385847 
589 278 9 10 0.02277367 
575 288 8 10 0.022746306 
749 245 11 12 0.022690224 
1008 482 13 21 0.022365047 
538 119 7 9 0.022047903 
568 167 9 11 0.022037238 
560 293 10 13 0.021850156 
565 276 10 12 0.021738207 
819 301 26 31 0.021618722 
470 221 11 13 0.021494111 
527 300 8 10 0.02136886 
547 339 13 16 0.021118911 
491 180 19 21 0.02098485 
511 265 8 10 0.020871866 
351 319 24 28 0.02061774 
558 308 21 27 0.020437 
543 277 9 11 0.020097163 
