35_Basketball_playingbasketball_35_449
40
340 157 97 123 0.9998276 
723 265 56 103 0.90123326 
197 479 110 160 0.16017261 
784 981 25 29 0.111590385 
619 1270 27 31 0.07933672 
3 1310 18 21 0.0558299 
489 1328 19 22 0.051669788 
358 949 378 502 0.04008346 
754 1316 16 17 0.03668117 
546 1300 16 18 0.035697687 
981 1312 9 11 0.03499309 
524 -1 20 19 0.034904394 
782 299 91 118 0.032334667 
741 285 91 118 0.031754524 
92 1308 16 18 0.03095946 
531 1323 14 15 0.029926466 
200 1102 29 34 0.028877752 
453 1301 12 14 0.028668433 
557 1300 16 19 0.027999021 
741 1305 17 17 0.027898561 
811 1301 12 14 0.027539555 
541 1325 12 15 0.026142333 
574 1319 12 15 0.025015796 
981 1317 10 12 0.02483368 
498 1301 16 17 0.02470826 
964 1304 12 14 0.024333777 
122 188 27 27 0.023905398 
770 1298 15 17 0.02383667 
992 1300 9 11 0.02354294 
435 1219 215 202 0.023382306 
630 1278 27 31 0.022764497 
919 1304 9 10 0.02211991 
212 844 28 31 0.021852333 
644 1290 14 17 0.021770922 
542 1331 14 16 0.02095883 
1006 1308 11 12 0.02081863 
654 1299 14 17 0.020666372 
747 1301 15 17 0.020361608 
747 1308 17 19 0.020281838 
281 179 99 127 0.020054726 
