35_Basketball_basketballgame_ball_35_80
100
493 97 99 117 0.9996859 
259 129 49 69 0.99926955 
35 114 35 44 0.9981552 
808 76 51 57 0.9975247 
294 12 38 49 0.99739635 
383 16 37 48 0.99100727 
166 2 40 49 0.99004924 
7 168 38 47 0.98648804 
893 70 43 56 0.9861058 
91 183 39 48 0.98595065 
906 378 36 46 0.9797498 
136 153 35 37 0.97251445 
164 230 40 51 0.96930707 
3 361 40 56 0.9481332 
65 209 43 54 0.9445059 
0 237 32 53 0.93059504 
349 142 32 41 0.5579642 
512 8 27 35 0.46293622 
437 203 29 38 0.3995065 
80 280 35 45 0.3515561 
359 109 48 54 0.32699594 
202 55 26 34 0.32457796 
700 199 15 20 0.2427171 
86 473 32 39 0.22979195 
181 176 32 53 0.22723338 
460 61 33 45 0.2154427 
520 4 20 25 0.17238238 
615 182 35 37 0.1448522 
53 175 29 38 0.14402318 
386 126 17 20 0.12604977 
195 285 38 51 0.124245554 
703 435 58 86 0.12339182 
99 486 23 30 0.10095226 
195 60 38 48 0.08622769 
65 455 47 58 0.08190239 
663 192 15 19 0.07650906 
694 205 27 37 0.071938545 
517 46 45 54 0.06889582 
378 118 27 34 0.0685567 
492 5 42 45 0.0676829 
527 18 29 36 0.06554897 
134 35 28 45 0.06485614 
667 268 34 41 0.061943635 
698 200 40 55 0.06069688 
162 417 44 55 0.06048136 
394 158 22 31 0.058138385 
13 112 24 31 0.05113269 
1001 452 25 46 0.0499695 
15 147 45 56 0.049639836 
546 45 32 36 0.049487717 
390 163 16 22 0.04789856 
400 166 43 53 0.045367703 
91 34 31 36 0.04362339 
609 194 43 47 0.041866787 
91 258 45 58 0.03889698 
485 3 28 34 0.03628648 
455 74 26 36 0.034314316 
512 13 50 60 0.03348566 
148 167 41 50 0.033283316 
79 225 39 49 0.033217832 
423 162 14 17 0.03293931 
224 529 398 540 0.032517616 
103 273 48 62 0.03106231 
190 616 15 17 0.030803895 
149 161 21 22 0.030369122 
39 132 32 40 0.02916803 
-1 202 46 62 0.0283819 
353 559 378 364 0.028327337 
414 175 47 56 0.028287277 
1004 315 21 35 0.027308017 
474 47 42 56 0.025404766 
510 57 29 37 0.025393074 
977 294 27 40 0.024944741 
537 24 17 21 0.024897888 
410 146 43 55 0.024877112 
560 49 17 22 0.02426545 
174 257 47 62 0.024066525 
388 104 43 52 0.024053486 
197 473 31 39 0.023995789 
433 192 45 64 0.023912981 
662 240 48 64 0.023889964 
8 155 27 37 0.023858493 
207 294 42 50 0.023780864 
92 247 34 40 0.02334585 
888 271 87 121 0.023224983 
419 156 25 30 0.0231075 
60 196 33 43 0.02310396 
91 287 35 48 0.02282789 
337 428 11 15 0.022798685 
185 476 29 34 0.022795552 
405 157 27 33 0.02273483 
136 283 42 57 0.021969464 
3 276 29 41 0.021408012 
389 169 24 38 0.02127886 
185 57 32 35 0.02062917 
916 351 26 33 0.020598087 
205 261 47 60 0.02045576 
674 212 48 58 0.020442465 
722 556 15 19 0.02036863 
579 533 38 36 0.020294707 
