35_Basketball_Basketball_35_529
39
376 179 27 35 0.99917126 
764 236 32 37 0.99867177 
504 158 36 44 0.9983234 
563 175 32 41 0.9981546 
640 175 29 39 0.9978661 
697 214 30 39 0.99523133 
266 209 30 40 0.9948088 
437 166 32 42 0.9943229 
390 148 15 18 0.21971281 
313 219 16 21 0.2153875 
336 168 16 19 0.11052969 
361 161 24 31 0.10620095 
324 155 14 17 0.08976728 
310 177 24 31 0.085445285 
327 173 22 29 0.054418355 
376 159 23 26 0.05189639 
325 145 17 20 0.051308475 
326 151 24 25 0.04706243 
665 17 346 484 0.034961842 
355 163 17 23 0.034790695 
372 156 16 19 0.030596772 
318 139 16 18 0.029110925 
653 177 29 38 0.028548012 
344 184 24 31 0.027700927 
338 176 16 21 0.027590921 
335 181 22 30 0.027554069 
388 156 22 28 0.027374052 
587 249 344 381 0.026811527 
319 208 25 30 0.025688233 
337 155 17 18 0.025659429 
320 183 24 31 0.024567407 
594 283 28 37 0.023809195 
626 202 15 21 0.022791779 
234 228 14 18 0.022342892 
664 296 192 231 0.02195304 
325 198 27 32 0.021463716 
229 235 13 18 0.02019369 
365 177 25 35 0.020122005 
385 266 10 15 0.020010253 
