35_Basketball_basketballgame_ball_35_393
174
415 301 13 17 0.93204314 
676 285 13 19 0.91469663 
856 283 16 21 0.90779257 
703 301 13 17 0.8816922 
22 330 9 13 0.69432545 
118 225 8 10 0.66197604 
64 269 8 10 0.5321394 
95 228 7 10 0.49931556 
165 291 11 15 0.4861313 
126 315 9 11 0.44481447 
781 289 14 16 0.41544724 
109 235 9 12 0.36534852 
710 292 13 16 0.34404805 
71 229 7 10 0.34215382 
109 333 8 11 0.34005645 
20 240 8 10 0.3165913 
2 327 9 15 0.3160136 
82 333 9 12 0.31439427 
13 271 10 10 0.30362552 
70 225 7 10 0.2992666 
79 280 8 10 0.2898908 
93 316 9 12 0.2694046 
14 301 10 12 0.24626 
51 334 8 11 0.24023655 
49 253 8 10 0.23877528 
111 231 9 11 0.23313698 
78 248 9 12 0.18954904 
79 285 9 11 0.18117782 
13 278 10 12 0.17648008 
86 329 8 10 0.15468642 
38 351 9 12 0.14234027 
17 243 10 13 0.133442 
71 350 9 11 0.13321418 
32 256 9 10 0.12826432 
45 280 8 10 0.1226574 
133 327 9 11 0.11918154 
686 388 8 11 0.11034507 
66 229 9 12 0.10524908 
400 304 10 12 0.103323 
430 352 9 11 0.09940306 
129 332 9 10 0.09802964 
79 291 9 10 0.0926674 
65 303 8 10 0.09241709 
807 316 11 15 0.090460524 
86 264 9 12 0.08736603 
71 237 9 10 0.08687736 
11 284 9 12 0.08686651 
41 297 8 11 0.082277164 
681 289 12 18 0.082044296 
783 310 19 27 0.08098837 
446 352 7 9 0.08094629 
69 264 8 10 0.07753881 
694 340 9 11 0.076093264 
21 361 11 13 0.07447537 
54 341 9 10 0.07185173 
9 302 10 12 0.07010495 
31 259 10 13 0.0673671 
89 302 8 11 0.066577375 
105 329 9 11 0.06584514 
137 286 9 11 0.06397975 
122 317 9 11 0.06316514 
47 328 9 11 0.06291807 
118 325 8 11 0.06278187 
657 292 11 14 0.0627104 
47 284 8 10 0.061498567 
64 237 8 10 0.061317533 
408 302 14 15 0.06073814 
682 383 9 12 0.060494848 
52 254 9 11 0.060467057 
373 220 12 13 0.06006769 
15 251 11 13 0.059967 
661 292 13 15 0.05879908 
73 245 10 12 0.058639307 
65 360 7 9 0.058015708 
94 344 9 10 0.05701812 
46 295 8 10 0.056407034 
439 340 7 10 0.055218626 
798 284 11 14 0.055032264 
57 293 8 10 0.053062674 
89 351 8 11 0.052343268 
57 311 8 10 0.051234923 
677 316 9 13 0.051109646 
80 264 9 11 0.050457835 
41 278 8 11 0.04782747 
778 290 21 28 0.047817826 
13 263 12 15 0.044886783 
811 316 14 17 0.044142142 
143 328 9 11 0.043683276 
63 309 7 10 0.04342556 
94 326 8 11 0.042929586 
440 351 8 11 0.040437516 
798 314 13 17 0.03884456 
156 309 10 12 0.038694706 
8 294 10 13 0.03866538 
1 358 7 11 0.03652555 
79 269 9 11 0.03644914 
93 349 9 12 0.035002124 
16 361 9 11 0.034834895 
675 309 10 13 0.03475919 
158 302 10 11 0.034660332 
47 320 9 10 0.03439091 
64 350 9 11 0.034300596 
63 344 8 11 0.034275793 
8 255 9 12 0.0342187 
407 326 10 12 0.033935074 
105 233 8 10 0.033764623 
41 327 8 10 0.033733666 
699 421 8 11 0.033705123 
903 131 9 12 0.033340696 
21 251 11 13 0.03333856 
8 307 9 11 0.032704163 
148 332 11 13 0.03229181 
161 288 12 15 0.03162601 
715 289 11 14 0.031524282 
804 285 12 14 0.031421576 
446 356 7 10 0.03069705 
93 374 10 13 0.030434387 
424 357 10 12 0.03000668 
63 295 8 10 0.029912135 
57 350 8 10 0.029340025 
152 292 9 11 0.028998366 
73 278 9 11 0.028443944 
89 239 8 11 0.027665209 
18 328 9 11 0.027564779 
94 236 9 12 0.027545096 
5 358 9 12 0.027452135 
44 299 10 12 0.027369134 
790 306 21 30 0.02722378 
71 357 8 10 0.02701113 
463 351 6 8 0.026729694 
38 255 8 10 0.025997726 
91 224 9 11 0.025912138 
64 275 8 11 0.025846832 
0 320 8 13 0.025571765 
110 340 9 11 0.025496822 
32 343 8 10 0.025316197 
63 244 9 11 0.025172053 
90 311 9 12 0.02516211 
133 318 9 12 0.024918243 
463 357 7 10 0.024844676 
105 361 8 10 0.024713833 
18 299 11 13 0.024592157 
126 342 9 11 0.024570806 
121 344 8 10 0.024566349 
648 19 9 12 0.024343165 
775 423 11 12 0.024288807 
678 341 9 11 0.02402734 
18 328 19 22 0.023977574 
79 367 9 10 0.023957161 
7 320 9 12 0.023904257 
54 316 9 12 0.0238261 
658 317 11 15 0.023560712 
38 344 8 9 0.02299988 
152 217 8 10 0.022985263 
62 366 7 9 0.02287354 
686 318 11 16 0.022752678 
772 333 11 13 0.022350049 
55 288 8 10 0.02227849 
40 367 7 10 0.022008246 
86 359 8 10 0.02193999 
56 360 8 10 0.021835888 
789 280 12 14 0.021534994 
23 261 11 14 0.021492677 
422 366 9 11 0.021203058 
93 302 9 10 0.021009944 
562 280 7 10 0.021000313 
59 268 9 11 0.020903775 
95 334 8 10 0.020703549 
135 261 8 11 0.02047703 
21 268 10 13 0.020403799 
720 335 7 10 0.020370904 
104 366 8 9 0.020202467 
14 307 10 11 0.020128746 
686 404 8 9 0.020001747 
