35_Basketball_playingbasketball_35_431
19
446 148 47 62 0.94221735 
144 121 27 39 0.84546703 
470 46 68 82 0.8148384 
797 99 28 35 0.2652228 
348 416 15 22 0.06827789 
436 57 53 67 0.05645698 
834 115 17 22 0.05335846 
496 55 83 102 0.04518926 
355 417 14 21 0.04157967 
342 416 14 21 0.033185393 
390 491 28 35 0.031401105 
540 66 50 74 0.029470198 
379 471 42 48 0.027158469 
378 487 27 35 0.026755255 
444 439 31 32 0.026289836 
785 93 28 32 0.025787868 
438 63 31 42 0.02356466 
530 510 25 39 0.021710621 
479 25 165 217 0.020015847 
