35_Basketball_basketballgame_ball_35_256
67
226 69 57 71 0.9982741 
935 357 43 54 0.99453294 
526 56 65 91 0.99451786 
869 329 41 49 0.9910864 
356 152 36 47 0.9893379 
887 375 38 47 0.98923033 
762 351 47 60 0.986214 
463 159 55 68 0.9824325 
922 121 31 39 0.9794012 
951 51 32 41 0.9756166 
984 342 36 51 0.9644619 
956 166 42 50 0.883003 
778 114 32 41 0.87213737 
361 60 39 48 0.82390594 
737 152 36 41 0.7521528 
853 195 30 38 0.6023582 
425 21 28 34 0.5970842 
975 509 25 32 0.5901489 
723 245 39 47 0.5281187 
282 134 30 46 0.50927323 
756 326 41 48 0.47299048 
842 168 33 40 0.46904272 
437 105 39 52 0.25977895 
884 504 28 31 0.24004227 
916 5 31 36 0.17174283 
674 103 27 34 0.1696141 
1004 540 19 29 0.11147715 
875 348 43 55 0.10301477 
916 458 35 40 0.09695755 
894 502 32 38 0.0899089 
160 147 41 54 0.08809002 
545 14 36 47 0.087600425 
682 269 30 45 0.078744315 
243 116 47 60 0.070974335 
477 535 54 57 0.059888966 
233 139 41 53 0.05826416 
532 31 54 79 0.05723389 
418 29 37 47 0.056990825 
741 138 31 38 0.050866492 
393 255 31 41 0.049046453 
665 37 24 30 0.047451105 
548 229 92 118 0.04377866 
895 411 31 36 0.042675618 
998 542 17 22 0.04244412 
702 199 33 47 0.040715184 
875 592 39 52 0.038873926 
328 123 31 39 0.03865612 
668 110 39 51 0.038256288 
787 365 31 38 0.037803993 
1011 495 13 22 0.03735935 
986 527 26 33 0.035581723 
507 101 39 49 0.031320337 
123 679 19 20 0.031301092 
976 522 26 34 0.031271275 
261 137 35 43 0.03091366 
995 457 28 38 0.028916894 
-2 313 38 70 0.028705789 
117 664 28 39 0.027315991 
592 82 14 20 0.026410028 
664 2 27 29 0.02482727 
750 334 26 42 0.02396818 
315 182 39 56 0.02234657 
864 192 20 26 0.022316862 
773 262 48 60 0.022187881 
920 108 30 36 0.021631293 
865 432 43 51 0.020102773 
768 46 39 47 0.020074958 
