35_Basketball_playingbasketball_35_78
41
423 456 72 98 0.99376774 
636 473 71 95 0.9859196 
152 296 91 78 0.9822649 
575 748 76 89 0.97442853 
203 571 76 82 0.7418149 
271 849 51 64 0.29270673 
333 1174 458 474 0.27969432 
126 1018 118 95 0.1471856 
173 554 75 94 0.0942324 
340 1173 125 147 0.08899276 
405 994 24 32 0.06658099 
323 566 32 43 0.049451277 
285 859 55 73 0.046685595 
288 834 51 60 0.04606744 
157 314 111 108 0.0455792 
577 258 65 81 0.044883694 
366 861 241 350 0.04062991 
925 1079 46 46 0.038471572 
164 956 193 222 0.037839804 
241 394 42 39 0.035557084 
120 266 203 191 0.032596614 
226 892 223 233 0.030701332 
194 1097 398 465 0.029569266 
275 853 97 111 0.029337179 
430 810 323 470 0.027688187 
271 883 61 74 0.027661573 
56 590 124 163 0.025984894 
233 1014 126 128 0.025062626 
119 1030 72 65 0.024481414 
253 1053 118 154 0.02378222 
193 1061 40 40 0.023596626 
500 871 207 286 0.02342136 
449 937 409 581 0.022685034 
189 357 119 101 0.022560446 
249 868 59 63 0.022370417 
497 567 45 59 0.022202568 
118 307 61 76 0.021992495 
699 503 27 41 0.021106005 
269 572 63 58 0.020923197 
307 851 40 49 0.020790756 
947 1077 47 50 0.02078215 
