3_Riot_Riot_3_184
89
966 173 32 37 0.99594146 
915 154 35 46 0.99310654 
752 164 22 28 0.9671687 
692 170 21 28 0.88481843 
729 174 17 23 0.857318 
65 48 52 72 0.7806053 
205 80 39 53 0.557957 
481 291 51 41 0.37470883 
430 115 74 119 0.17903768 
663 243 13 17 0.16863789 
2 152 53 63 0.14761384 
587 228 17 21 0.14286663 
912 492 16 18 0.12054676 
679 209 17 21 0.113095425 
243 211 13 20 0.11299649 
26 221 36 57 0.11158549 
699 166 14 17 0.10523774 
183 149 27 32 0.09567285 
13 177 49 67 0.08488619 
140 123 14 20 0.084340535 
692 395 13 16 0.08075855 
573 540 31 33 0.0744837 
607 235 13 15 0.06934214 
362 514 25 29 0.06433658 
778 176 16 22 0.058541663 
188 242 26 28 0.05657729 
312 66 373 443 0.053165577 
172 136 44 52 0.05173061 
141 376 17 24 0.04761409 
537 176 50 59 0.04492656 
593 390 26 28 0.044240344 
600 320 15 18 0.04384515 
116 156 43 46 0.043614518 
651 223 15 20 0.043496493 
405 127 72 90 0.042023547 
964 153 16 18 0.040571865 
735 171 18 23 0.039753664 
769 163 15 22 0.03958433 
610 244 14 15 0.037769902 
712 226 13 18 0.036877923 
20 304 41 45 0.03619656 
193 192 24 35 0.03546729 
607 254 26 30 0.033735164 
923 162 44 49 0.032828026 
304 89 11 13 0.032661323 
237 186 13 16 0.03161748 
188 258 23 26 0.03110008 
26 288 30 37 0.030340465 
344 155 186 276 0.029501626 
315 571 16 18 0.029490927 
461 134 54 86 0.029317906 
130 238 28 33 0.028854292 
799 137 31 39 0.028817737 
596 401 16 20 0.028717782 
562 166 49 59 0.028337948 
767 166 24 31 0.028113445 
656 244 11 14 0.027758973 
611 193 13 16 0.027279794 
602 396 14 17 0.027215635 
765 419 18 20 0.027204605 
474 265 48 48 0.026591824 
6 238 51 73 0.0265272 
593 161 40 52 0.026271561 
998 185 14 21 0.02624127 
893 133 46 64 0.025626732 
204 195 15 22 0.02520174 
228 281 17 20 0.024873434 
218 139 23 33 0.024825333 
782 566 40 42 0.024337398 
34 207 26 46 0.023853797 
33 304 21 25 0.023519257 
607 186 13 17 0.023167413 
605 241 24 28 0.023006557 
130 182 19 22 0.022778118 
602 230 21 24 0.022544332 
43 175 42 57 0.022511415 
138 250 15 17 0.022230728 
188 146 17 21 0.022177 
233 201 22 31 0.021733886 
594 472 25 40 0.021529552 
595 221 15 18 0.021471048 
930 258 51 49 0.021419505 
571 272 416 513 0.021246882 
686 175 17 22 0.020831777 
251 211 13 19 0.020831097 
180 152 19 21 0.020718442 
216 233 27 28 0.02058745 
21 128 50 60 0.020534007 
124 196 26 28 0.020411137 
