3_Riot_Riot_3_790
108
206 275 26 32 0.9969959 
812 269 19 23 0.9853895 
785 250 17 23 0.97914267 
928 272 15 19 0.9401466 
244 253 18 23 0.93785065 
484 261 10 15 0.8723571 
986 275 16 19 0.8602535 
259 239 16 20 0.7297143 
429 272 15 17 0.6888032 
217 250 17 20 0.6719617 
325 260 15 19 0.63320017 
348 418 41 40 0.5738056 
284 286 18 21 0.4853055 
515 264 14 17 0.37811384 
431 289 12 14 0.2774783 
509 281 16 21 0.20826194 
853 263 15 19 0.19188868 
984 252 22 28 0.1541264 
448 286 11 15 0.14941515 
835 264 15 20 0.1445622 
243 351 15 21 0.12703665 
400 286 10 13 0.122499086 
843 262 17 21 0.118775144 
510 300 16 20 0.10909101 
424 496 36 58 0.10770192 
406 286 9 12 0.08891998 
962 309 14 18 0.086374514 
531 282 12 16 0.08502483 
824 265 19 25 0.08223741 
310 291 12 19 0.07667965 
204 257 17 20 0.076546304 
513 253 11 13 0.067498885 
428 278 19 24 0.06745887 
1012 252 11 18 0.0651252 
984 255 13 16 0.060318723 
984 319 25 27 0.060044225 
425 275 12 15 0.058809564 
775 245 12 15 0.058058914 
434 340 12 16 0.055327993 
709 269 8 10 0.053341363 
585 264 10 12 0.051832236 
413 291 10 14 0.048955493 
616 264 10 12 0.04700094 
380 260 14 18 0.045913644 
521 278 21 26 0.045476466 
993 250 17 21 0.045441873 
764 261 15 18 0.043760482 
861 298 12 15 0.043573067 
391 285 8 12 0.043046545 
479 255 12 15 0.04297868 
451 290 11 15 0.04098243 
982 270 14 20 0.040954974 
544 270 10 12 0.040691797 
385 285 9 12 0.03989226 
518 248 10 12 0.037519135 
372 259 16 20 0.037466835 
776 253 20 26 0.03657602 
914 282 16 19 0.03654845 
1001 248 20 26 0.035558052 
246 346 24 30 0.035375517 
538 333 12 17 0.03491327 
384 279 10 12 0.034395542 
226 256 15 18 0.034010813 
536 327 12 14 0.031987257 
878 308 12 16 0.0302724 
550 269 10 13 0.029958587 
956 333 13 16 0.028920898 
569 512 24 31 0.02848343 
434 333 14 16 0.027979288 
236 272 22 30 0.027620198 
727 278 9 11 0.027388323 
368 422 37 49 0.027376352 
940 297 16 19 0.027061732 
433 347 11 13 0.027047837 
139 330 31 36 0.02678917 
512 273 17 21 0.026643539 
181 326 24 30 0.025782239 
513 287 17 21 0.0257147 
751 261 11 15 0.025709558 
502 270 11 15 0.024917027 
601 239 10 13 0.02483533 
999 281 21 28 0.024834396 
218 275 23 31 0.02450442 
793 221 10 14 0.024485901 
918 289 14 18 0.024341952 
523 267 12 14 0.024261206 
258 271 14 21 0.024234636 
126 363 11 15 0.024206033 
815 307 15 18 0.02418084 
477 277 14 18 0.024104098 
491 260 11 14 0.023107642 
947 294 13 17 0.022826344 
619 266 11 12 0.022788264 
894 270 12 15 0.022670642 
534 270 11 14 0.022566998 
402 255 15 19 0.022487095 
430 263 13 15 0.022402542 
410 616 18 19 0.022233095 
270 290 14 18 0.022218455 
502 275 14 20 0.021997344 
492 283 14 21 0.021542927 
1005 323 13 17 0.020897102 
992 281 16 17 0.020890823 
470 299 11 13 0.020749502 
407 290 11 14 0.020701772 
251 279 15 22 0.02054464 
501 261 11 14 0.020401329 
333 310 13 17 0.020301633 
