3_Riot_Riot_3_958
120
135 3 29 34 0.99969006 
234 9 29 37 0.9992749 
52 22 29 35 0.9985598 
372 33 24 31 0.9967159 
568 112 53 64 0.9954508 
520 45 27 34 0.9936062 
108 30 28 35 0.9902991 
14 9 35 44 0.9867329 
923 75 24 31 0.9844312 
865 20 35 42 0.9835014 
69 3 27 32 0.9792433 
401 23 37 51 0.97449434 
665 56 22 26 0.95859945 
775 39 29 36 0.95621115 
709 30 23 31 0.9483216 
336 36 21 28 0.9296068 
314 38 17 24 0.8936648 
951 58 26 35 0.8611312 
207 27 23 27 0.8332922 
497 33 20 25 0.8184187 
176 28 21 29 0.6063498 
307 0 15 18 0.4135317 
971 18 16 21 0.36478856 
823 44 26 31 0.2955799 
288 37 17 21 0.27815473 
962 57 26 31 0.27589467 
459 34 20 33 0.23993818 
870 61 24 30 0.21530457 
606 45 16 20 0.19938622 
771 46 17 24 0.18493977 
186 21 16 19 0.17400749 
395 20 27 36 0.17136544 
486 48 14 19 0.16839541 
771 119 27 35 0.16785324 
-3 24 14 24 0.14856502 
588 118 57 69 0.13375533 
187 46 16 21 0.12259398 
489 38 22 29 0.0981108 
191 26 22 29 0.09744571 
960 14 22 27 0.094698876 
297 115 24 26 0.08190621 
502 37 26 34 0.08133902 
2 15 25 35 0.073182985 
300 31 19 26 0.0714619 
579 51 18 21 0.065174654 
965 17 28 35 0.06321063 
756 63 24 33 0.06262993 
716 14 27 32 0.055672407 
306 24 20 29 0.05491285 
977 21 16 21 0.054682333 
637 56 11 13 0.05403005 
757 66 16 18 0.051018286 
1013 51 10 16 0.049671724 
646 62 11 14 0.048233524 
357 121 48 50 0.048000704 
307 5 20 26 0.047129307 
937 62 27 35 0.046540517 
383 27 36 49 0.04624317 
559 81 43 59 0.046229 
259 2 16 19 0.04584543 
904 56 41 55 0.045220315 
108 0 22 24 0.04469846 
464 277 25 34 0.043430947 
861 31 42 57 0.043186042 
629 56 23 26 0.040200833 
739 0 14 12 0.040098898 
475 42 19 27 0.039301574 
955 35 37 47 0.03817577 
227 0 15 13 0.035822004 
812 1 24 25 0.03368931 
702 247 102 128 0.03353126 
564 -1 17 17 0.0328347 
765 47 28 39 0.03220877 
573 54 17 23 0.031627696 
675 210 56 72 0.030459806 
422 33 30 34 0.030112008 
196 -1 16 15 0.030033685 
654 64 13 18 0.030019538 
280 68 11 15 0.029769458 
748 7 22 26 0.028910337 
1000 59 23 33 0.028787494 
764 54 16 23 0.028575586 
612 46 23 27 0.028514067 
954 51 17 24 0.027802529 
729 0 22 18 0.02721213 
740 8 14 18 0.026498493 
675 49 23 29 0.026275868 
975 59 16 20 0.026107686 
482 262 31 36 0.025748188 
841 28 39 52 0.025646972 
312 0 14 13 0.02554916 
1004 49 20 30 0.024751592 
750 54 10 14 0.024671309 
610 39 14 17 0.024650985 
322 0 22 24 0.024555413 
283 66 24 27 0.024325585 
263 382 198 258 0.023971867 
782 46 33 39 0.023816075 
641 0 25 29 0.023290062 
330 516 73 72 0.023256673 
438 40 26 34 0.022969617 
638 58 23 28 0.02251504 
718 3 29 28 0.022371542 
495 43 23 33 0.022195496 
474 283 14 21 0.022060217 
476 271 28 35 0.021949105 
744 81 29 38 0.021833109 
955 3 23 28 0.021428145 
962 6 14 16 0.021372247 
701 37 24 33 0.02136157 
-104 6 436 465 0.021221843 
749 57 23 30 0.021205137 
644 55 10 13 0.021145845 
874 42 43 58 0.021010632 
262 64 17 20 0.020822119 
502 323 42 40 0.020688785 
557 69 29 49 0.020437382 
700 24 24 32 0.02043558 
485 247 37 35 0.020418555 
825 59 22 24 0.020302624 
