3_Riot_Riot_3_137
513
921 347 58 70 0.99950373 
331 387 55 65 0.99901927 
108 410 37 46 0.9984377 
62 386 36 44 0.99211836 
924 315 27 31 0.9904254 
269 363 41 49 0.9858015 
972 322 27 34 0.98111194 
666 362 43 53 0.9766508 
402 337 28 38 0.973651 
487 323 41 54 0.9508387 
894 324 27 31 0.8526886 
778 312 22 29 0.8173712 
790 296 12 16 0.7718583 
762 287 9 11 0.6472023 
812 294 10 13 0.49538863 
671 300 14 17 0.43567666 
751 306 10 13 0.43535 
788 314 20 29 0.389432 
175 295 9 11 0.38790262 
388 341 12 16 0.35968807 
350 328 16 20 0.34296414 
528 308 11 16 0.34276846 
734 314 14 16 0.33427593 
546 307 14 18 0.32732016 
338 324 10 14 0.32385173 
29 359 14 19 0.29025158 
607 292 9 11 0.24416582 
150 334 9 11 0.21534881 
189 316 9 11 0.21150342 
394 334 25 34 0.20992987 
876 381 18 22 0.2056251 
231 296 7 10 0.20507441 
974 284 10 12 0.19858198 
1012 297 10 17 0.1917936 
198 351 22 27 0.18097915 
845 289 14 21 0.1786255 
22 328 11 13 0.1769582 
565 323 23 28 0.17168403 
391 327 11 14 0.17163213 
951 286 10 12 0.16913714 
728 285 8 10 0.16025373 
201 288 7 10 0.16011448 
886 329 32 42 0.15981597 
567 302 12 15 0.15857144 
741 309 10 14 0.15687482 
992 276 9 12 0.15600657 
461 310 15 19 0.15421984 
806 275 9 12 0.15410058 
0 411 11 19 0.15383683 
391 332 12 17 0.15338731 
829 272 7 10 0.15161903 
628 311 17 22 0.14892094 
132 411 33 40 0.14799775 
194 354 16 20 0.14536153 
893 298 13 17 0.14111774 
20 358 15 20 0.13710451 
686 366 41 46 0.13702407 
756 354 15 22 0.1365196 
182 289 7 9 0.13586017 
262 333 12 14 0.124519214 
168 323 10 13 0.12387708 
233 302 8 10 0.12292376 
647 356 40 49 0.119881086 
757 340 22 28 0.11390549 
171 297 8 10 0.113787204 
139 296 7 10 0.11188861 
248 294 7 10 0.110916846 
64 303 7 10 0.10762407 
964 309 12 16 0.10644081 
840 290 12 16 0.10399568 
903 308 36 45 0.10367389 
341 330 13 17 0.102090016 
948 279 9 11 0.10188284 
202 364 25 27 0.10073549 
202 338 24 29 0.10066379 
333 368 25 33 0.097862035 
720 323 11 13 0.09697598 
663 293 9 11 0.09563285 
102 336 9 11 0.09534759 
181 292 9 12 0.09491074 
344 343 23 27 0.09378052 
906 272 9 11 0.09242737 
783 279 8 11 0.09018612 
663 332 14 16 0.08993592 
877 339 31 42 0.08960605 
584 293 10 12 0.08890455 
585 289 7 10 0.087843336 
812 335 15 22 0.08574347 
374 336 8 12 0.08459481 
553 279 8 10 0.083962075 
145 334 8 11 0.0828062 
186 311 9 12 0.08123185 
790 230 7 10 0.080734186 
783 298 13 16 0.080206566 
589 331 14 21 0.08013722 
268 331 13 14 0.07837241 
181 380 14 19 0.07748135 
583 300 10 13 0.07677962 
437 305 11 15 0.07516934 
152 310 9 11 0.07450058 
827 323 17 21 0.073936515 
734 285 7 10 0.073828995 
334 377 14 19 0.07293122 
109 302 7 11 0.07276645 
725 315 14 17 0.072372444 
55 297 7 9 0.07135727 
385 338 22 27 0.07089811 
133 339 9 11 0.070833914 
95 339 13 15 0.070343845 
79 304 8 10 0.07019744 
911 293 13 15 0.069960766 
885 335 14 19 0.06943774 
53 350 9 11 0.069274046 
66 309 9 11 0.06849234 
832 375 41 50 0.0683322 
705 316 11 14 0.068247415 
589 288 8 11 0.06763253 
47 309 7 9 0.06761328 
71 287 6 9 0.066898204 
773 309 16 20 0.0658917 
821 320 15 21 0.06559925 
743 302 11 14 0.06490924 
749 293 11 13 0.06479288 
8 304 8 10 0.064731896 
756 302 11 14 0.064014964 
686 178 11 14 0.06388658 
121 310 9 11 0.063747056 
223 287 7 10 0.062351324 
999 271 9 12 0.061727762 
801 276 10 12 0.061656483 
5 358 11 13 0.061615393 
734 254 11 14 0.061505273 
987 362 40 61 0.06113931 
147 414 30 42 0.060737256 
374 317 9 13 0.060597394 
744 294 10 12 0.060402863 
457 301 23 32 0.060398214 
567 338 24 26 0.060328722 
233 308 9 10 0.057683047 
580 338 16 20 0.05755016 
232 319 11 14 0.057174485 
792 255 7 8 0.056901067 
106 309 9 10 0.056890786 
564 301 23 27 0.05680851 
162 418 30 46 0.056759883 
771 344 17 22 0.056662492 
223 256 6 8 0.056470685 
890 272 7 9 0.056362104 
428 306 14 16 0.05619981 
623 309 13 18 0.055933833 
227 295 7 10 0.05505075 
197 347 16 21 0.055004567 
905 301 25 32 0.05499576 
821 288 9 11 0.054548595 
803 333 16 22 0.05388223 
15 311 9 10 0.053604186 
55 327 9 11 0.053373083 
41 305 7 9 0.053235136 
338 319 18 25 0.053224802 
615 301 9 12 0.053013533 
413 294 8 10 0.052813653 
201 292 7 11 0.05249344 
996 276 11 13 0.051688552 
120 303 8 10 0.05118266 
-1 400 20 31 0.051149443 
142 319 8 10 0.050920144 
397 316 15 17 0.050436217 
560 296 8 11 0.04992702 
871 272 8 10 0.04981399 
955 287 11 13 0.04961881 
750 333 22 27 0.04958217 
159 303 8 11 0.04930631 
57 301 7 10 0.04902993 
767 280 8 11 0.048502825 
340 356 24 32 0.048339214 
826 276 9 11 0.0480818 
519 306 13 17 0.047369763 
257 333 10 14 0.047344394 
644 354 27 34 0.04718063 
340 319 10 13 0.047173154 
144 327 8 10 0.04696932 
817 263 7 9 0.04667282 
141 300 8 10 0.046538696 
261 329 20 23 0.04622686 
575 295 10 12 0.046069406 
933 287 11 14 0.045862705 
207 310 10 12 0.045774918 
968 279 10 12 0.045560475 
104 317 9 11 0.045472123 
119 294 7 10 0.045388207 
777 271 8 9 0.045324285 
256 326 9 12 0.045015212 
23 312 8 10 0.044566628 
564 335 18 22 0.04452386 
50 296 8 10 0.04409271 
64 296 7 9 0.044072177 
218 279 7 9 0.04407149 
847 273 8 9 0.044047795 
158 287 8 10 0.043724403 
205 288 8 10 0.043661762 
612 340 14 18 0.043531634 
168 349 10 13 0.043447286 
120 289 6 8 0.043430965 
719 244 8 11 0.04306194 
589 300 8 11 0.04291039 
136 311 8 10 0.042733632 
804 351 17 21 0.042637758 
154 294 7 10 0.042474873 
237 351 8 11 0.04228879 
735 303 12 14 0.04219442 
817 344 16 20 0.042086713 
659 335 23 25 0.042008165 
922 321 47 60 0.04182132 
110 296 8 10 0.04164268 
612 294 10 13 0.041392695 
35 358 13 16 0.041241832 
894 295 23 28 0.041064415 
351 319 11 12 0.041001182 
560 301 10 13 0.040981766 
975 290 11 14 0.040780537 
317 310 8 10 0.040602136 
653 342 28 35 0.04060009 
847 277 9 12 0.040522568 
744 271 8 10 0.040341683 
96 336 10 11 0.039704237 
725 332 12 14 0.039609045 
108 341 10 13 0.0395921 
867 365 37 52 0.039581627 
393 323 16 18 0.039557453 
751 271 8 10 0.03937454 
764 289 10 14 0.039277468 
1005 272 9 10 0.03917849 
967 320 43 57 0.039089948 
961 272 8 10 0.039080083 
571 316 17 22 0.038563196 
774 302 11 14 0.03851587 
353 336 16 19 0.038468238 
807 340 22 28 0.038410887 
288 334 12 13 0.038016096 
105 296 8 10 0.03792679 
574 278 8 9 0.037506036 
208 294 8 11 0.037447065 
925 291 14 16 0.037436515 
262 317 10 12 0.03732738 
188 321 12 15 0.03730519 
567 297 9 11 0.03709839 
915 298 15 18 0.03698684 
53 331 10 13 0.036658533 
549 303 19 27 0.03636854 
183 332 11 15 0.03633785 
281 295 8 10 0.036094677 
197 364 17 22 0.03601661 
804 394 25 38 0.03589187 
48 304 7 10 0.035841376 
819 291 9 12 0.035802525 
287 307 10 12 0.035669204 
154 303 8 11 0.035541013 
257 312 8 11 0.035428103 
80 295 7 9 0.035334554 
72 304 8 11 0.035246596 
752 352 25 37 0.035128303 
1 303 7 11 0.035053343 
850 291 23 26 0.034873243 
312 309 9 12 0.034829523 
855 275 9 11 0.034804262 
32 312 7 10 0.03450455 
801 322 16 21 0.034271054 
266 303 8 9 0.03425419 
723 285 8 11 0.034229998 
156 332 9 12 0.03417736 
1006 293 17 27 0.03414284 
287 338 16 19 0.034051895 
1 116 23 31 0.03400768 
57 319 8 10 0.03396139 
821 328 24 30 0.033918988 
63 317 10 11 0.033765882 
883 344 16 23 0.033691023 
187 366 21 28 0.033676546 
171 319 10 13 0.03363969 
157 347 12 14 0.03361261 
665 300 11 15 0.03350176 
282 301 9 12 0.033450104 
547 321 13 17 0.033297524 
719 329 13 16 0.033159483 
213 296 8 10 0.03294972 
337 312 9 10 0.032813534 
275 332 10 13 0.03268813 
646 357 15 21 0.032539435 
79 351 9 11 0.032346543 
202 301 8 10 0.032222725 
71 295 7 8 0.03219657 
558 307 11 16 0.03214947 
158 308 8 11 0.03213937 
20 351 12 15 0.031843603 
704 322 12 14 0.03177577 
149 339 12 16 0.03144408 
223 317 9 11 0.03131714 
257 317 9 12 0.031199286 
391 319 11 14 0.031147785 
101 343 12 16 0.031083027 
18 326 10 12 0.031046908 
270 303 7 10 0.031008264 
236 303 9 11 0.030977935 
660 321 22 25 0.030896626 
721 239 8 11 0.030885436 
558 353 14 18 0.030858014 
110 327 9 11 0.030815044 
46 342 12 15 0.030752687 
841 278 9 11 0.030669706 
48 334 11 12 0.030619817 
9 309 7 10 0.030427605 
367 339 11 14 0.030412992 
440 295 10 14 0.030356264 
808 288 10 12 0.030148638 
222 311 9 12 0.030127244 
759 271 8 10 0.03012567 
854 376 29 35 0.030022884 
1015 271 9 12 0.030001044 
711 267 10 12 0.029957283 
537 292 9 11 0.02989506 
4 352 21 26 0.029887483 
158 295 8 10 0.029825537 
797 286 10 13 0.02981359 
944 283 10 13 0.02968194 
217 271 8 10 0.029661374 
209 350 19 25 0.029609919 
121 316 10 12 0.029606171 
143 347 11 14 0.029582681 
910 286 13 16 0.029573712 
815 289 10 13 0.02928468 
144 341 10 13 0.029246256 
129 337 9 11 0.029232586 
262 346 12 15 0.029189207 
737 348 28 40 0.0291515 
123 356 14 17 0.029123489 
567 288 7 9 0.028928583 
0 309 7 10 0.02881505 
758 282 18 22 0.02878672 
632 355 27 34 0.028748319 
704 263 10 13 0.028747046 
751 252 9 11 0.028708277 
817 166 9 10 0.028699992 
958 301 14 17 0.028629296 
961 276 10 12 0.028613122 
852 312 14 18 0.02857782 
671 278 8 9 0.02851056 
215 261 7 10 0.028486583 
326 302 8 11 0.028485775 
760 280 9 12 0.028409185 
311 303 8 11 0.028362233 
804 464 45 50 0.028248854 
898 329 42 52 0.028226847 
774 294 9 12 0.027911803 
578 288 7 10 0.027867084 
352 312 9 10 0.027718104 
64 342 9 11 0.027675165 
773 286 9 11 0.027620545 
53 344 10 12 0.027604539 
236 334 10 13 0.027601877 
808 290 17 21 0.027503666 
527 341 23 29 0.027492952 
960 314 13 17 0.027490756 
126 304 8 10 0.027463788 
851 286 14 19 0.02744594 
558 273 7 9 0.027424777 
14 303 7 10 0.027369164 
70 349 11 12 0.027268382 
753 287 10 12 0.027254093 
208 300 9 12 0.02719811 
366 333 11 14 0.027097946 
664 324 12 15 0.027082076 
272 285 8 10 0.027065435 
581 306 11 13 0.027053686 
998 299 13 16 0.026939664 
178 280 7 9 0.026842345 
430 301 21 26 0.026734198 
82 278 8 10 0.026708812 
750 345 17 22 0.026578633 
192 288 7 9 0.02646257 
992 281 12 14 0.026420882 
749 463 47 49 0.026338458 
736 305 18 24 0.026272386 
341 331 22 25 0.02606324 
557 278 7 10 0.026018303 
718 310 12 15 0.02592173 
40 310 8 9 0.02587532 
466 312 25 34 0.025749253 
241 287 7 9 0.025715144 
887 303 14 18 0.02571191 
443 299 22 31 0.025695024 
12 426 17 20 0.025582194 
193 294 7 10 0.025546268 
936 268 9 12 0.02544382 
776 277 9 12 0.02540718 
884 298 24 30 0.025271658 
898 293 14 17 0.025245829 
709 322 12 15 0.025078418 
46 354 12 14 0.024984015 
480 286 10 12 0.024950242 
762 347 24 30 0.024842745 
863 271 8 10 0.024772936 
119 332 10 12 0.024691058 
55 310 8 10 0.024499374 
255 348 11 13 0.024471553 
883 310 27 35 0.024412207 
285 301 11 14 0.02438583 
159 327 9 11 0.024347514 
858 304 16 20 0.024343805 
247 300 8 10 0.024241673 
735 248 9 11 0.024102136 
776 247 8 10 0.024095682 
559 286 7 10 0.024037864 
198 339 17 20 0.024033625 
999 295 10 13 0.023934795 
296 296 8 11 0.023932494 
33 304 7 9 0.02384396 
103 327 10 11 0.02384041 
205 335 12 14 0.023805024 
270 279 9 11 0.023750192 
616 307 11 14 0.023738213 
877 349 17 25 0.02371251 
175 308 9 11 0.023649802 
532 304 11 16 0.02356042 
79 389 29 37 0.023533903 
232 277 7 9 0.023512399 
869 352 28 40 0.023498464 
871 276 10 12 0.02349779 
560 330 13 19 0.02346669 
544 312 22 28 0.023421578 
39 318 8 10 0.023313772 
144 426 21 26 0.02331117 
214 310 9 13 0.023120679 
791 237 7 10 0.023080816 
720 278 9 12 0.023072261 
614 342 26 29 0.022875518 
786 224 8 11 0.022828748 
247 289 8 10 0.022773193 
531 337 15 20 0.022767272 
1005 277 10 12 0.022652617 
833 326 18 22 0.02264385 
446 291 12 17 0.022615125 
88 339 11 14 0.022599647 
698 193 97 119 0.022590473 
168 343 10 13 0.022492638 
975 271 8 10 0.022430731 
816 257 8 11 0.022393832 
896 281 21 26 0.02238225 
889 231 7 10 0.022352103 
398 302 10 11 0.022325382 
16 316 9 10 0.022305425 
984 272 8 10 0.022183333 
984 276 9 12 0.022164706 
108 334 10 12 0.022158591 
310 315 12 15 0.022134768 
8 316 9 11 0.022098403 
467 302 13 18 0.022089092 
359 302 7 10 0.022049738 
752 278 9 11 0.022049101 
176 270 8 10 0.02204317 
979 285 10 13 0.022026325 
766 302 12 14 0.021935638 
812 307 15 18 0.021925015 
706 312 19 23 0.02183086 
635 308 14 20 0.02179034 
690 279 8 10 0.021718018 
218 256 7 9 0.021677721 
316 317 10 13 0.021581572 
69 342 11 13 0.0215807 
621 327 27 33 0.021551672 
131 355 12 16 0.021518927 
441 286 22 32 0.02149092 
814 316 13 18 0.021470277 
45 385 15 19 0.021457817 
85 370 15 18 0.021427693 
330 349 25 35 0.02139073 
154 287 7 10 0.021369612 
842 272 7 10 0.021338226 
69 317 8 11 0.021320669 
621 301 11 14 0.021303577 
144 312 7 10 0.021266496 
61 326 9 11 0.021230694 
443 300 12 17 0.021201149 
80 288 8 9 0.021182582 
305 316 10 14 0.0211391 
719 303 10 12 0.021131543 
702 308 13 18 0.021106701 
907 316 16 20 0.02108867 
694 279 8 10 0.021088254 
309 322 13 18 0.021061467 
341 310 9 11 0.020965476 
747 303 18 23 0.020927094 
709 310 11 15 0.020864101 
804 305 15 19 0.020847209 
966 271 8 10 0.02083188 
571 350 18 20 0.020815054 
138 324 9 12 0.020808764 
223 272 7 10 0.02067635 
981 12 28 34 0.020652806 
381 342 42 47 0.02063716 
117 360 15 20 0.020614177 
623 285 9 12 0.020601934 
675 296 22 26 0.020597465 
786 254 7 9 0.020501612 
609 298 10 13 0.020460412 
595 323 13 18 0.020404138 
358 310 9 10 0.02037983 
741 254 9 12 0.020259688 
725 239 8 10 0.020247502 
743 289 9 11 0.020237725 
576 322 17 20 0.02023771 
721 345 27 36 0.020210443 
135 288 7 10 0.02020547 
12 346 40 48 0.020079097 
