3_Riot_Riot_3_415
92
842 415 26 37 0.9853336 
389 266 25 30 0.9156489 
654 244 14 24 0.88493735 
516 266 21 29 0.8783512 
798 238 16 25 0.87193257 
711 235 20 28 0.8695419 
136 207 23 27 0.8457247 
308 278 24 31 0.75264674 
291 238 23 32 0.7492534 
979 362 16 22 0.63789433 
442 226 20 29 0.56447 
901 218 25 33 0.49627167 
747 269 15 19 0.353809 
657 303 16 23 0.25644276 
367 291 22 27 0.23640199 
228 274 23 28 0.20802404 
276 189 16 23 0.205219 
555 261 14 19 0.19017418 
245 327 28 37 0.17718318 
702 316 26 40 0.16773905 
894 231 24 35 0.11212276 
915 421 35 28 0.112019435 
909 214 15 21 0.11073111 
508 250 27 36 0.097248204 
708 329 15 22 0.09487673 
982 373 28 28 0.08965387 
355 272 17 21 0.08526288 
840 262 12 14 0.076733306 
1004 286 17 23 0.0570789 
263 294 24 32 0.055516914 
965 377 53 47 0.05487343 
165 319 64 55 0.053910214 
702 279 18 22 0.052971255 
361 280 20 27 0.051613614 
982 360 25 28 0.047325615 
277 233 22 31 0.047136083 
612 313 20 28 0.046657592 
609 349 8 11 0.046388295 
279 183 13 17 0.046158426 
297 251 28 33 0.046119854 
947 390 73 57 0.044733994 
901 403 119 88 0.043720122 
305 337 14 21 0.043606307 
870 393 15 19 0.04169313 
806 239 18 21 0.039624475 
374 279 24 30 0.039605908 
666 313 15 20 0.03835325 
561 282 18 20 0.03694785 
625 404 11 13 0.036784098 
553 266 26 29 0.03672692 
864 298 11 14 0.036668 
290 264 27 32 0.03503328 
335 320 23 28 0.03470482 
758 432 17 22 0.03409512 
236 277 27 35 0.032715976 
398 254 25 33 0.032530148 
561 259 16 22 0.032123167 
748 316 40 50 0.03175659 
740 258 23 28 0.030775635 
510 264 17 27 0.030345544 
1005 278 13 17 0.029884811 
999 281 15 20 0.029774746 
351 298 26 29 0.029264646 
508 255 16 24 0.029246463 
433 278 26 39 0.028342012 
139 200 16 20 0.028055057 
888 242 23 32 0.027332332 
210 268 13 18 0.027264616 
692 324 28 38 0.026902098 
869 508 27 30 0.026083158 
306 258 28 35 0.025983786 
893 248 29 36 0.02584001 
712 321 28 40 0.025514375 
850 308 14 15 0.0249792 
753 304 27 28 0.024568813 
223 280 16 20 0.02419775 
1011 389 12 19 0.024096115 
256 340 19 25 0.023544585 
340 307 25 27 0.023260508 
149 284 14 17 0.02299561 
758 421 30 33 0.02267229 
997 385 23 30 0.022594698 
724 339 23 33 0.022486549 
703 297 24 31 0.02248578 
873 391 25 28 0.022204097 
155 253 18 19 0.022051843 
992 384 19 21 0.021809582 
389 260 16 23 0.021139367 
195 327 52 53 0.020983951 
325 359 17 20 0.020944137 
838 374 201 229 0.020807076 
884 322 13 17 0.02073938 
