3_Riot_Riot_3_393
123
442 130 38 44 0.9953478 
788 154 14 18 0.9875694 
727 178 12 15 0.930124 
222 131 18 20 0.8458184 
342 152 12 16 0.7453555 
125 143 13 16 0.739127 
661 218 21 28 0.7212013 
541 120 25 27 0.6795604 
853 176 10 13 0.4064402 
169 158 8 12 0.40192363 
92 127 16 20 0.17655125 
557 120 24 31 0.15886267 
672 159 10 13 0.15675214 
193 149 8 10 0.13784644 
573 140 42 54 0.13007316 
631 133 29 39 0.117078915 
814 166 9 12 0.10735538 
735 203 11 14 0.10433028 
84 123 19 21 0.101745665 
837 189 12 15 0.10097737 
223 106 12 15 0.09864229 
389 195 45 55 0.09109277 
42 123 16 21 0.09066126 
848 199 23 27 0.0863618 
787 189 22 29 0.08575551 
337 124 16 20 0.08391909 
775 196 11 14 0.0758285 
765 203 11 13 0.075672366 
121 122 14 17 0.0688691 
565 116 37 48 0.064880304 
758 117 9 13 0.05883855 
147 114 14 18 0.05805629 
474 215 23 28 0.05546488 
732 220 12 17 0.054197192 
89 307 20 28 0.05156557 
569 152 28 38 0.04703833 
844 188 13 16 0.043592528 
181 158 11 14 0.039084326 
662 109 14 17 0.037979685 
781 181 11 14 0.03789451 
846 195 15 18 0.03748239 
784 135 9 12 0.037311792 
740 240 13 18 0.03726201 
839 184 11 13 0.036283966 
750 246 12 16 0.035291523 
132 202 11 14 0.035204105 
657 287 27 39 0.034419764 
237 211 11 14 0.03429475 
774 203 10 13 0.034022722 
192 155 10 13 0.03298817 
122 133 16 19 0.0329731 
733 210 12 17 0.032791916 
78 129 17 18 0.03180908 
491 267 12 17 0.031358093 
596 150 36 38 0.031243663 
33 125 11 15 0.031081017 
809 165 11 14 0.03084394 
840 204 13 15 0.030527133 
824 207 8 10 0.030234238 
200 108 11 13 0.030231213 
197 158 10 12 0.029565435 
155 115 11 15 0.029466555 
118 153 14 17 0.029305026 
738 227 12 17 0.029172942 
207 139 11 15 0.029110655 
820 166 10 14 0.028212266 
123 149 15 19 0.028050242 
868 212 11 13 0.02785577 
611 136 43 52 0.02770318 
583 151 55 66 0.027569342 
761 198 11 15 0.02727399 
227 104 10 12 0.027062064 
101 135 12 17 0.02694536 
859 195 14 20 0.026939927 
609 494 48 51 0.026735263 
115 176 14 18 0.02658047 
151 215 9 11 0.026047012 
581 131 31 38 0.025870236 
708 229 14 17 0.025326587 
777 250 11 13 0.02530521 
621 144 16 21 0.024851993 
184 109 11 13 0.02471913 
806 215 9 12 0.024541473 
780 194 13 17 0.024209693 
109 147 11 15 0.0239702 
831 196 11 13 0.023929458 
307 203 15 20 0.02382586 
768 174 10 14 0.023766484 
621 132 27 33 0.0236799 
800 220 9 11 0.023569154 
0 111 7 13 0.02355067 
326 122 15 20 0.023441033 
814 141 96 122 0.023345059 
771 190 20 25 0.023182182 
124 215 13 15 0.022911415 
859 207 13 18 0.02275572 
775 180 11 14 0.022684414 
0 115 9 16 0.02268283 
853 188 12 16 0.022570197 
238 164 15 17 0.022562303 
739 198 11 15 0.022515623 
674 307 12 17 0.022507302 
654 210 34 47 0.021921713 
140 109 16 21 0.021886934 
828 205 10 13 0.021795137 
129 170 14 19 0.021771828 
125 166 13 16 0.021535179 
87 162 15 21 0.021449188 
726 201 14 17 0.021283245 
297 236 25 32 0.021185404 
870 221 12 13 0.020946328 
428 128 30 39 0.020851549 
323 301 17 22 0.020837039 
730 199 19 24 0.020811494 
777 192 24 30 0.020766877 
249 197 9 13 0.020596856 
334 134 21 27 0.020579193 
108 140 11 14 0.02040537 
239 160 11 13 0.02036938 
817 207 9 11 0.020152077 
641 148 18 25 0.020099383 
195 142 12 15 0.020083861 
483 254 22 33 0.020034378 
