3_Riot_Riot_3_322
27
258 6 117 144 0.9988152 
365 881 31 39 0.44130585 
519 693 387 419 0.2840446 
499 678 231 289 0.25565857 
639 407 47 57 0.24397355 
349 478 346 463 0.12361683 
992 37 33 74 0.122233935 
387 -4 94 118 0.102606 
50 1037 263 311 0.088916026 
521 511 328 449 0.079377145 
622 450 41 43 0.07034446 
14 929 421 490 0.050280295 
336 -1 111 138 0.046821907 
22 701 12 16 0.04598321 
639 790 222 275 0.041846406 
1005 737 14 21 0.029681798 
489 966 29 42 0.029041916 
746 933 67 76 0.02789619 
421 -2 105 133 0.027000079 
465 51 100 132 0.024344727 
685 992 37 46 0.023963835 
665 1175 193 252 0.02390055 
-20 633 370 474 0.020882227 
654 389 323 466 0.020691836 
-3 463 56 113 0.020625867 
628 430 39 48 0.020592054 
782 330 57 63 0.020415762 
