3_Riot_Riot_3_199
866
980 332 27 41 0.99516135 
83 157 19 23 0.97282946 
923 194 13 18 0.9694034 
894 189 15 20 0.9574771 
957 181 15 17 0.94962484 
92 91 12 15 0.93486017 
771 182 12 17 0.92903084 
331 180 17 20 0.92491007 
846 175 12 17 0.9190885 
854 204 14 18 0.91357964 
196 235 20 26 0.901074 
818 188 14 19 0.88599616 
530 186 14 18 0.8541504 
397 195 17 22 0.83426005 
115 122 12 16 0.8252188 
429 317 26 37 0.8222168 
755 173 12 16 0.8199289 
854 253 20 29 0.81909883 
1012 188 12 19 0.77308923 
875 193 11 15 0.7167639 
69 291 34 59 0.69365436 
390 109 10 12 0.6785266 
824 168 11 13 0.67825806 
981 159 10 11 0.62169576 
607 172 12 14 0.61814886 
536 142 9 12 0.6169271 
484 278 22 26 0.59861666 
477 147 12 15 0.5898962 
62 111 12 15 0.58068365 
780 225 17 22 0.55392724 
715 180 12 15 0.52741104 
374 109 10 13 0.5119977 
583 405 41 40 0.51064146 
364 146 11 15 0.5028992 
85 124 10 14 0.5012038 
413 158 12 16 0.48880625 
225 173 11 13 0.4831271 
715 174 11 14 0.4655799 
839 220 14 18 0.46220303 
661 172 12 17 0.4498939 
584 158 11 13 0.4407228 
277 149 9 12 0.43755025 
636 163 10 13 0.42411652 
374 158 12 15 0.4021858 
721 135 8 10 0.39848322 
970 193 18 23 0.39262882 
123 282 23 32 0.39081925 
898 221 13 16 0.38553235 
181 113 9 11 0.37695977 
612 140 10 12 0.3737258 
390 155 13 15 0.3678455 
979 193 15 19 0.36120725 
118 82 10 13 0.3491197 
957 157 8 10 0.34598002 
470 149 11 14 0.30428168 
440 178 15 19 0.30332753 
334 116 11 14 0.30141386 
909 157 9 12 0.30037087 
726 187 10 13 0.2995932 
296 83 9 11 0.29048374 
557 142 8 10 0.28881887 
791 172 14 17 0.27504897 
199 141 10 13 0.27363673 
242 126 9 10 0.27360356 
310 102 8 11 0.26692376 
135 76 9 11 0.26382276 
988 196 12 16 0.2520275 
527 140 10 12 0.25085145 
677 163 10 13 0.24790116 
372 177 14 20 0.23610945 
614 155 9 12 0.23523949 
858 229 11 16 0.23058558 
449 148 9 12 0.2304496 
1000 166 9 11 0.2252379 
584 142 8 10 0.2243075 
256 150 10 13 0.22064638 
150 84 11 15 0.21750303 
633 135 9 13 0.21575911 
687 171 10 12 0.21352091 
334 111 10 13 0.21124415 
791 167 10 11 0.20509179 
425 270 21 27 0.2044172 
847 158 9 11 0.1950261 
717 168 10 12 0.19316068 
909 174 12 15 0.19236614 
276 72 8 10 0.19024085 
292 101 12 15 0.1895974 
489 117 8 11 0.18938653 
869 143 11 13 0.18860415 
278 119 9 13 0.18391094 
200 178 13 18 0.18367964 
145 85 10 12 0.18278968 
929 173 10 13 0.18261229 
239 118 9 11 0.18186948 
308 176 11 16 0.17988814 
735 129 7 9 0.17419411 
354 221 12 15 0.16942038 
263 88 9 11 0.16749763 
569 132 10 12 0.1669316 
273 142 10 13 0.16379958 
797 132 9 11 0.16099177 
32 270 28 41 0.15981942 
299 218 13 16 0.1569709 
446 134 9 10 0.15690202 
808 144 8 10 0.1532265 
390 160 16 19 0.15303949 
224 167 11 14 0.15140891 
933 175 10 12 0.14589678 
591 136 7 9 0.14418499 
797 198 13 16 0.14392988 
212 183 14 19 0.14246744 
494 112 7 9 0.1414547 
570 127 8 11 0.14094889 
429 156 13 16 0.1360687 
829 173 11 12 0.13604595 
149 110 10 12 0.13585684 
811 223 14 21 0.1356265 
668 175 11 14 0.13359162 
1000 160 9 11 0.13167319 
464 102 7 9 0.13144524 
569 416 44 40 0.1306172 
740 201 12 14 0.12956768 
138 71 8 11 0.1293211 
816 171 9 12 0.1283613 
490 112 7 9 0.12794703 
807 174 9 12 0.12688398 
982 175 10 12 0.12487824 
406 160 14 17 0.1233628 
216 102 8 11 0.12332288 
751 151 8 11 0.12072171 
158 176 14 17 0.11935073 
608 136 9 12 0.11924108 
537 211 17 22 0.11642115 
705 117 10 11 0.11639408 
793 126 9 11 0.11559414 
448 128 8 10 0.114534706 
159 108 10 12 0.11425911 
743 149 9 12 0.11409508 
735 160 9 11 0.113999635 
886 167 9 13 0.11380801 
157 102 11 14 0.112062864 
913 275 15 17 0.110672355 
127 79 8 10 0.10992902 
909 166 10 11 0.10986917 
866 147 10 12 0.10938107 
598 156 8 11 0.10734073 
113 80 11 12 0.10402064 
991 210 12 15 0.10318772 
552 314 25 41 0.10283528 
500 342 31 48 0.102502204 
271 111 8 11 0.1017166 
374 114 12 14 0.10169238 
600 173 10 13 0.101295315 
319 116 8 11 0.0987717 
577 165 10 12 0.09870486 
721 128 8 9 0.09858424 
607 340 30 35 0.09844242 
543 163 10 13 0.09837371 
446 143 10 11 0.09658937 
317 146 13 16 0.096339814 
277 76 8 10 0.095060766 
592 375 47 55 0.09469176 
296 150 10 13 0.09457014 
429 102 8 10 0.094362885 
820 220 13 18 0.0941541 
205 143 11 13 0.09375669 
272 77 8 11 0.093375616 
272 117 9 12 0.09251433 
101 197 21 28 0.092514284 
727 163 10 12 0.091266796 
725 134 8 10 0.09044749 
648 150 10 12 0.09013672 
542 315 24 38 0.08926959 
160 117 10 13 0.08724128 
902 242 13 16 0.0866461 
695 168 8 12 0.08621109 
193 101 10 12 0.085592784 
584 151 12 14 0.085539944 
405 118 10 12 0.08467534 
534 136 10 13 0.084422365 
792 161 8 11 0.084418625 
720 138 10 12 0.084301524 
59 102 13 17 0.08414737 
786 167 9 10 0.08407237 
255 128 8 11 0.083938904 
703 152 8 11 0.08360931 
654 135 9 11 0.083242916 
493 117 9 11 0.08311653 
254 71 8 11 0.08308862 
383 109 10 13 0.08293032 
303 102 10 12 0.08236535 
779 183 11 14 0.08167411 
441 136 7 10 0.081566356 
374 132 10 14 0.081364945 
709 112 8 10 0.081325725 
263 179 13 15 0.08057597 
877 222 12 15 0.08053838 
616 502 31 36 0.08034031 
254 111 8 11 0.08018513 
649 136 8 10 0.08005337 
671 158 11 14 0.07996683 
368 153 13 17 0.07993113 
727 128 7 9 0.078443445 
358 121 13 15 0.0783978 
438 140 10 12 0.07818705 
751 134 9 10 0.07798558 
394 155 16 18 0.07767371 
649 141 8 11 0.07679708 
432 140 11 13 0.07669082 
550 179 12 16 0.076506086 
573 128 9 10 0.07624733 
631 158 13 16 0.075845376 
132 110 11 13 0.07555698 
256 132 9 11 0.075492196 
894 168 9 11 0.07517524 
832 180 12 14 0.074347734 
952 151 9 11 0.074293986 
352 115 11 14 0.07395278 
483 148 10 14 0.07371276 
260 155 12 14 0.07357463 
174 260 23 32 0.07328943 
648 119 8 11 0.07308561 
296 106 11 14 0.072895415 
750 128 7 10 0.07288091 
198 128 9 11 0.07268042 
142 78 10 11 0.07258576 
934 141 9 13 0.072117575 
810 168 10 12 0.07204116 
320 111 8 11 0.07152762 
595 353 47 51 0.07142731 
652 148 12 15 0.07127229 
32 95 10 12 0.071033046 
199 134 10 13 0.07100593 
881 166 10 13 0.070887424 
204 165 12 16 0.070714295 
289 97 9 11 0.070711575 
356 111 10 13 0.07052258 
519 311 39 54 0.070481695 
398 117 10 12 0.070463836 
614 168 11 14 0.070230484 
948 204 13 16 0.0699605 
987 181 11 14 0.069699295 
649 125 8 10 0.0696834 
925 237 16 19 0.06916268 
77 126 14 18 0.06894218 
637 139 9 11 0.06839985 
279 111 8 10 0.068206884 
732 186 11 13 0.06770403 
951 171 11 13 0.067481026 
179 247 25 33 0.06747311 
202 172 13 18 0.067418694 
463 98 6 8 0.06710164 
722 112 7 10 0.06682035 
843 224 15 17 0.0655228 
846 168 9 13 0.0649331 
552 137 9 11 0.06471958 
519 208 14 20 0.06342563 
586 136 8 10 0.063148424 
46 85 8 11 0.06296188 
849 153 8 10 0.06270278 
374 124 10 14 0.062444873 
69 127 16 19 0.06214374 
826 190 12 15 0.06159328 
886 227 13 15 0.06131442 
589 163 10 13 0.06121748 
503 119 7 10 0.061183885 
395 110 10 12 0.061176848 
405 149 13 17 0.060978755 
653 142 10 12 0.0606659 
34 272 46 61 0.060615692 
619 172 10 13 0.060511116 
536 127 8 10 0.06033494 
296 215 11 15 0.06026497 
239 113 8 11 0.059735026 
576 140 8 11 0.05950916 
414 268 23 31 0.059472054 
522 139 9 12 0.05930643 
151 195 15 20 0.059245903 
929 179 11 15 0.059164107 
340 118 10 14 0.058717523 
450 103 7 9 0.058679897 
744 145 8 10 0.058625296 
504 136 9 12 0.05852758 
558 148 9 12 0.058301475 
805 195 11 14 0.058246944 
192 126 9 11 0.057395235 
211 148 10 12 0.05704659 
590 141 8 10 0.056870215 
501 149 11 13 0.056532428 
260 134 9 11 0.05641112 
127 116 10 13 0.05636058 
419 156 12 17 0.05630432 
225 68 7 10 0.055970553 
562 217 16 25 0.055676147 
128 140 12 15 0.05557713 
422 132 9 11 0.055563334 
255 116 8 10 0.055543087 
818 233 15 19 0.05546188 
539 146 11 13 0.055336844 
483 166 13 17 0.05518101 
262 200 16 22 0.055165596 
852 159 10 11 0.055159375 
916 175 9 12 0.054858644 
853 151 8 10 0.05458434 
545 288 27 33 0.054456964 
70 85 11 14 0.05439569 
983 154 10 12 0.054317713 
465 151 11 15 0.054184753 
527 112 8 9 0.054069277 
568 157 9 12 0.05400662 
535 166 11 13 0.053897496 
863 260 17 23 0.053787824 
431 150 11 15 0.053291567 
206 111 9 11 0.052797895 
235 117 8 11 0.05275404 
580 169 13 15 0.05267482 
118 194 13 19 0.05254842 
134 263 25 33 0.052507464 
152 101 10 14 0.05187393 
221 125 8 10 0.051758878 
624 118 7 9 0.05158384 
695 141 9 11 0.051345345 
250 70 7 10 0.051048324 
808 190 10 14 0.051000144 
533 171 12 15 0.050960027 
845 209 14 18 0.05089796 
558 137 8 10 0.050872512 
156 91 9 12 0.05082109 
147 145 13 15 0.050715834 
744 129 7 9 0.050707724 
559 166 11 14 0.050524097 
761 116 7 10 0.05038698 
176 127 9 12 0.050343126 
852 164 13 14 0.050145965 
841 174 11 15 0.050056115 
328 110 10 12 0.049882572 
527 117 7 10 0.049800854 
462 133 9 12 0.049694754 
752 142 8 11 0.04950627 
155 200 17 22 0.049426917 
805 180 10 13 0.04941894 
67 115 12 14 0.049190387 
656 162 11 14 0.04916885 
189 378 39 60 0.048702084 
761 111 7 11 0.04857968 
994 203 13 17 0.04846171 
907 280 18 20 0.048273887 
25 55 7 10 0.04817399 
408 110 8 11 0.048091795 
976 164 9 13 0.048075236 
485 142 10 12 0.04796014 
507 139 11 14 0.047913026 
136 65 9 11 0.047784537 
223 169 17 21 0.047660302 
943 209 14 17 0.04760026 
52 302 43 56 0.04746614 
786 125 8 10 0.047436904 
496 150 11 13 0.047242727 
464 127 8 10 0.047120634 
618 341 17 22 0.047105882 
662 151 9 13 0.046896517 
311 162 12 17 0.04688651 
686 204 11 16 0.04667039 
722 118 8 10 0.04660093 
496 134 9 11 0.04618872 
550 124 9 11 0.045921795 
678 182 10 12 0.045846917 
549 160 9 11 0.04563503 
705 124 9 11 0.04557781 
900 215 12 15 0.04557573 
929 169 8 10 0.045469657 
90 125 10 14 0.045217674 
409 103 8 11 0.045115735 
509 134 10 13 0.045085218 
725 141 10 12 0.045033943 
99 92 11 14 0.044895913 
312 107 9 12 0.044872686 
231 96 7 10 0.04485742 
816 184 11 15 0.04473669 
61 95 10 13 0.04468492 
942 173 10 13 0.044659108 
205 127 10 12 0.044642564 
293 207 9 12 0.04453208 
621 166 10 13 0.044462096 
215 96 8 10 0.04436853 
558 210 15 19 0.044262305 
609 150 9 13 0.044045273 
575 159 10 13 0.044004127 
686 151 9 11 0.04369068 
752 155 9 11 0.04367991 
58 77 8 11 0.043672208 
414 111 8 9 0.043554276 
125 84 9 11 0.04338788 
190 119 9 11 0.043174677 
464 142 10 14 0.04308109 
61 79 9 11 0.043019593 
330 324 32 44 0.042940225 
758 141 8 10 0.04273902 
429 219 11 18 0.04271192 
246 119 8 11 0.042413607 
688 142 8 11 0.04241053 
521 117 8 10 0.042372975 
992 165 10 11 0.042181876 
429 224 23 31 0.042175863 
265 116 8 10 0.041995987 
136 84 9 11 0.041724283 
758 157 10 11 0.04170943 
158 123 11 13 0.041702416 
599 134 9 11 0.041417684 
791 189 10 12 0.041216645 
249 149 10 14 0.041197352 
982 317 29 35 0.041105933 
662 135 8 10 0.041017957 
908 241 13 18 0.04090932 
958 201 14 18 0.04076787 
796 167 9 12 0.040664352 
91 200 23 27 0.040638432 
164 109 8 12 0.040127948 
225 64 7 10 0.04012444 
752 168 10 14 0.040081955 
252 332 40 57 0.039933074 
201 110 8 10 0.039911103 
943 143 9 12 0.039890792 
765 177 10 12 0.039825097 
624 113 7 9 0.03946932 
798 190 10 13 0.03944017 
271 104 8 10 0.0394375 
900 139 11 13 0.039375335 
132 145 11 15 0.039318595 
344 219 11 17 0.03917049 
864 157 9 12 0.03916175 
350 288 27 32 0.039158065 
499 155 11 13 0.0391551 
334 304 40 53 0.038865987 
133 124 11 13 0.03886456 
244 132 10 12 0.038829003 
192 95 10 12 0.038714234 
784 171 12 16 0.0386669 
711 127 7 9 0.038569856 
380 156 12 16 0.03853302 
871 220 12 16 0.038410764 
455 133 10 12 0.038369134 
883 243 13 16 0.03821986 
433 126 8 10 0.038185768 
186 263 16 22 0.038054116 
124 124 11 14 0.03797142 
433 264 23 33 0.0379162 
299 79 10 12 0.03789919 
758 152 8 10 0.03788508 
686 159 9 11 0.037863925 
737 112 7 8 0.037772834 
295 225 12 16 0.037683643 
57 96 9 11 0.03768308 
64 85 9 12 0.037644736 
791 120 9 10 0.037587397 
210 102 8 10 0.037236147 
205 189 15 20 0.037212785 
900 184 14 17 0.03720998 
545 262 22 29 0.037078533 
741 182 10 12 0.03707809 
934 167 8 10 0.03704926 
295 134 10 12 0.037014335 
958 238 11 15 0.03697646 
511 117 7 10 0.03676047 
573 213 9 13 0.036746573 
785 161 8 10 0.03674216 
495 125 9 11 0.03670614 
904 152 11 13 0.036663674 
366 123 12 14 0.03663586 
268 85 9 11 0.036394596 
582 127 8 10 0.03637623 
830 160 9 11 0.036327206 
523 204 23 29 0.03625826 
380 174 11 17 0.036207292 
988 174 11 13 0.03610403 
679 188 11 13 0.035407245 
465 120 8 9 0.035349265 
773 178 10 13 0.03512982 
216 173 12 15 0.03499194 
687 119 7 9 0.034987327 
644 156 10 15 0.03496597 
436 186 23 32 0.03491488 
421 179 13 17 0.034872234 
741 156 9 12 0.0346218 
48 62 8 9 0.034609824 
254 104 8 10 0.034609172 
567 151 9 12 0.034602825 
165 267 24 29 0.034589782 
577 188 11 15 0.0344982 
735 142 9 11 0.034476083 
945 148 8 11 0.034436885 
747 198 11 14 0.03424119 
274 123 9 12 0.034234382 
791 194 14 18 0.034168027 
797 159 8 11 0.034147635 
311 131 9 11 0.03414173 
568 400 37 41 0.034082502 
648 192 9 12 0.034043632 
598 167 9 12 0.03403935 
644 212 9 12 0.034000542 
660 164 12 17 0.033796024 
280 103 8 11 0.033732824 
906 172 11 14 0.03366644 
272 136 10 12 0.033585962 
860 246 14 20 0.03351576 
940 179 10 14 0.0335012 
886 277 12 16 0.033475272 
143 79 20 26 0.03339408 
521 112 8 10 0.033341374 
614 188 12 14 0.033283 
448 109 8 11 0.03328122 
655 203 9 12 0.033272065 
206 117 9 10 0.03322088 
576 182 10 14 0.033212688 
435 238 16 20 0.033178393 
248 110 9 10 0.033095922 
58 114 11 14 0.03305088 
347 154 13 16 0.033031154 
386 105 19 23 0.03294504 
84 202 17 20 0.032882266 
356 215 14 17 0.03288214 
655 176 12 15 0.032779917 
317 221 24 32 0.032719538 
694 126 8 10 0.032702714 
470 126 9 11 0.032694645 
260 207 23 31 0.032592434 
379 162 12 17 0.03256017 
466 146 20 24 0.032494485 
678 170 11 15 0.032460783 
592 171 11 14 0.032321017 
624 126 7 10 0.032320242 
566 164 10 14 0.032317035 
554 474 46 47 0.032305803 
257 87 8 11 0.032195274 
877 212 12 15 0.03212073 
540 135 10 12 0.032094512 
49 101 8 13 0.032025795 
740 186 12 15 0.03201777 
366 210 13 17 0.03199775 
858 199 14 18 0.031955242 
292 234 16 20 0.03195406 
193 178 12 18 0.031602893 
24 325 46 56 0.031572312 
454 119 8 10 0.03149215 
821 164 17 21 0.031382486 
436 158 11 14 0.03136027 
302 131 10 13 0.031335518 
254 173 11 13 0.03129132 
216 120 8 11 0.031246271 
183 132 10 13 0.031234229 
968 228 11 13 0.031065986 
277 176 13 17 0.03102529 
438 324 29 37 0.031018691 
208 234 16 23 0.03101086 
57 71 8 11 0.031003932 
466 181 21 28 0.030901548 
13 72 9 12 0.030871505 
437 198 25 33 0.030836709 
110 49 8 10 0.03061616 
175 195 13 17 0.030587655 
799 143 9 11 0.03055019 
430 177 14 19 0.030479262 
788 222 20 26 0.030423494 
161 64 8 11 0.030406341 
567 120 8 10 0.030238168 
696 151 9 11 0.030175323 
777 212 22 30 0.030142907 
190 131 12 14 0.030010406 
543 127 9 10 0.029938962 
488 122 10 13 0.029765794 
828 219 14 18 0.029748876 
956 165 11 14 0.029720914 
962 176 15 17 0.029540708 
449 119 8 11 0.02938013 
248 104 8 10 0.029311568 
76 86 11 14 0.029204804 
158 149 9 12 0.029190179 
101 188 15 19 0.029147336 
611 176 13 14 0.029142227 
973 323 27 35 0.029074533 
867 203 13 17 0.029052315 
558 172 11 14 0.029042043 
404 122 12 14 0.0289811 
351 219 20 25 0.028937628 
877 234 15 17 0.028929293 
702 173 9 11 0.028868154 
560 112 8 10 0.028842056 
798 256 15 18 0.028840749 
511 174 11 15 0.028809566 
600 128 8 10 0.028737042 
592 180 11 14 0.028688947 
622 157 10 13 0.02868733 
959 189 19 24 0.028651372 
559 157 10 13 0.028647242 
394 166 16 18 0.02864029 
792 141 9 11 0.02863988 
54 125 10 14 0.028595632 
876 291 14 19 0.028594505 
482 209 22 29 0.02857917 
512 113 7 10 0.028551903 
929 199 15 17 0.028539583 
193 141 10 14 0.028524177 
526 294 42 54 0.028513955 
869 226 13 16 0.028233739 
183 104 8 11 0.028218437 
800 148 8 10 0.028188195 
865 134 9 11 0.028139018 
635 552 16 20 0.028084243 
313 148 11 15 0.028028846 
383 114 12 15 0.027986025 
264 100 10 12 0.02796358 
669 152 8 11 0.027944127 
869 156 10 12 0.02794203 
306 219 13 17 0.027901785 
483 154 12 14 0.027895575 
288 203 12 18 0.027828101 
453 142 10 12 0.027819043 
151 178 16 17 0.027812252 
786 109 9 11 0.02772124 
993 321 17 22 0.027676327 
686 112 7 8 0.027645797 
156 142 11 14 0.027564762 
901 284 15 19 0.027563788 
144 113 12 15 0.027532563 
301 243 14 16 0.02752212 
906 194 13 16 0.027499944 
296 73 9 10 0.027453294 
368 117 11 14 0.027410729 
300 213 21 28 0.027388286 
894 241 13 17 0.027301544 
494 105 7 9 0.027280716 
934 136 9 11 0.027208695 
378 181 14 21 0.027166663 
862 173 9 13 0.027165035 
841 167 9 11 0.027140953 
297 174 11 14 0.026941733 
776 220 14 20 0.02681715 
626 518 17 22 0.026754625 
540 171 12 16 0.026734479 
813 144 8 10 0.026716013 
445 183 23 29 0.026500437 
446 154 11 15 0.026470983 
307 245 12 15 0.026459472 
892 260 12 16 0.026450152 
286 165 9 12 0.026448077 
709 150 9 12 0.026384233 
190 110 9 11 0.026275886 
365 250 24 29 0.026269019 
164 185 12 17 0.026224097 
495 140 10 13 0.02612475 
743 167 9 11 0.026112562 
39 261 26 36 0.026078591 
736 104 7 9 0.026038557 
85 138 12 17 0.025992138 
388 122 13 15 0.02598927 
263 71 8 10 0.025971051 
862 189 12 14 0.025960546 
976 172 11 14 0.025922682 
965 430 17 20 0.02587085 
438 148 10 14 0.025833325 
248 86 8 10 0.025787115 
552 296 33 45 0.02576279 
508 148 10 12 0.025739916 
293 142 11 13 0.025720464 
165 102 9 14 0.025701115 
313 116 10 13 0.025682947 
268 172 13 18 0.02565243 
653 191 10 12 0.025532408 
367 133 13 16 0.025532259 
488 135 9 11 0.025531333 
871 166 9 12 0.025466982 
46 77 8 12 0.025456524 
64 130 13 16 0.025395606 
424 109 8 11 0.025367586 
632 150 9 12 0.025351457 
967 149 9 12 0.025332596 
117 194 21 30 0.025304317 
765 164 10 12 0.025289446 
265 79 9 11 0.025265919 
330 113 19 23 0.025248986 
719 160 10 12 0.025224164 
877 181 12 13 0.025220646 
433 136 8 11 0.02519583 
365 137 19 25 0.025132021 
166 64 9 11 0.02511083 
915 313 17 24 0.025056342 
267 196 22 30 0.025051083 
701 166 9 12 0.02502986 
441 127 7 10 0.025013573 
233 113 9 11 0.02498892 
253 209 16 21 0.024967782 
286 141 10 12 0.024921823 
855 144 8 10 0.024891684 
840 159 9 12 0.024886256 
641 118 8 10 0.024868403 
839 195 10 13 0.024826208 
648 103 8 11 0.024813892 
862 182 9 12 0.024746804 
822 144 9 10 0.024727255 
681 150 9 12 0.024643602 
539 180 12 18 0.024482781 
647 110 9 11 0.024469102 
261 142 11 14 0.024449404 
972 181 12 16 0.024439694 
713 134 8 10 0.024433203 
285 148 10 14 0.024320846 
9 94 9 13 0.024302555 
373 212 11 15 0.024273854 
548 192 12 16 0.024259623 
896 159 8 11 0.024230069 
257 48 8 9 0.024153177 
245 257 24 29 0.024136862 
98 156 14 18 0.024092633 
397 143 15 17 0.024053128 
155 185 16 19 0.023946043 
222 102 8 10 0.023931654 
563 320 31 36 0.023902504 
325 86 9 11 0.023880493 
743 111 7 8 0.023872878 
229 218 14 18 0.023860482 
454 127 8 10 0.02385769 
524 203 14 18 0.023831027 
277 133 11 14 0.023805358 
621 150 10 13 0.023801947 
863 165 9 12 0.023761306 
149 263 25 33 0.023751054 
315 154 14 17 0.02374103 
584 96 8 10 0.023566477 
641 111 8 10 0.023550274 
680 119 8 10 0.023542764 
200 61 8 10 0.023541719 
632 181 11 13 0.023531225 
302 95 10 13 0.023526642 
66 232 16 21 0.023526207 
527 126 8 10 0.023520816 
825 162 9 11 0.023505587 
737 118 7 9 0.02349585 
774 134 8 9 0.023440331 
640 152 8 11 0.023437945 
744 133 8 10 0.023393735 
542 209 20 28 0.023358926 
478 216 15 20 0.023294427 
428 240 26 32 0.023176698 
184 261 27 36 0.02315419 
632 171 11 12 0.02310689 
350 179 12 16 0.023096982 
606 111 7 10 0.023073576 
54 63 8 9 0.023004908 
787 211 14 19 0.022991562 
431 209 21 32 0.022988817 
365 174 15 21 0.02298808 
1004 171 10 13 0.022987539 
807 127 8 11 0.02297509 
252 179 13 17 0.02296538 
680 143 8 10 0.022963256 
317 103 10 13 0.022946239 
482 118 8 10 0.022858538 
773 230 23 30 0.022836024 
769 129 8 10 0.022799162 
724 172 11 14 0.022786848 
267 265 15 21 0.022740494 
765 111 8 10 0.02273612 
167 147 9 12 0.022720551 
144 102 10 14 0.02269911 
342 162 13 16 0.022678716 
475 271 34 44 0.02265135 
1005 209 14 17 0.022635685 
940 217 14 17 0.022615843 
960 142 8 10 0.022534879 
327 121 13 17 0.02244811 
988 240 14 18 0.02243394 
330 227 15 18 0.022433592 
262 164 13 17 0.022418955 
978 153 18 22 0.02241362 
478 135 10 12 0.022390889 
210 96 7 10 0.02237072 
560 118 8 10 0.02236547 
654 127 8 9 0.022330375 
406 131 12 14 0.022307612 
474 169 22 25 0.022284234 
452 200 14 20 0.022246024 
712 37 7 10 0.022147477 
516 193 21 27 0.022147357 
873 256 18 23 0.022112535 
427 179 24 29 0.022071144 
847 198 11 14 0.022060743 
579 322 43 54 0.022014845 
278 64 8 10 0.0219822 
529 167 11 14 0.021963408 
239 343 42 60 0.02196012 
600 412 22 26 0.021952432 
854 188 11 14 0.02191306 
929 134 8 11 0.02190442 
773 178 18 24 0.021881526 
196 156 13 16 0.021879032 
774 128 8 9 0.021866228 
676 3 12 13 0.021842103 
230 241 14 19 0.021825777 
717 129 19 24 0.021823833 
854 230 20 25 0.02181533 
968 165 11 13 0.021746969 
60 228 16 21 0.021725 
584 100 7 10 0.021723138 
382 251 22 31 0.021719424 
751 16 9 11 0.021677114 
485 202 16 21 0.021627618 
241 63 8 10 0.021626417 
853 219 13 18 0.021604404 
531 138 18 23 0.02159604 
61 71 8 11 0.021577468 
622 140 10 13 0.021556199 
624 134 9 12 0.021537859 
175 103 9 11 0.021506913 
459 221 16 21 0.021479174 
192 148 11 14 0.021471368 
536 156 12 15 0.021452192 
414 104 7 9 0.021448486 
696 156 9 12 0.021437889 
565 225 25 36 0.021420473 
283 180 11 14 0.02140538 
876 200 13 18 0.021393612 
172 170 12 18 0.021312758 
581 153 19 22 0.02130582 
700 195 13 17 0.021299157 
109 92 10 13 0.021284752 
952 237 12 15 0.021269547 
325 91 10 13 0.021260694 
322 232 23 30 0.021258492 
919 191 13 17 0.021204121 
514 211 21 30 0.021198036 
228 211 13 18 0.021177871 
711 31 7 10 0.02116601 
883 325 17 24 0.021070417 
977 152 9 12 0.021048378 
244 185 16 19 0.02104004 
694 136 10 11 0.021019157 
547 322 40 51 0.021008288 
772 188 14 20 0.021000631 
433 121 7 10 0.020986147 
461 184 15 19 0.020976625 
291 78 20 23 0.020971486 
47 108 9 13 0.02089273 
422 210 14 20 0.02077932 
552 146 10 13 0.02077364 
369 104 10 12 0.020728694 
422 173 12 15 0.020716952 
599 141 8 11 0.020677298 
761 103 7 10 0.020671139 
117 206 15 21 0.020637717 
854 245 13 19 0.02059627 
250 77 8 10 0.020458832 
62 112 20 24 0.020433284 
538 191 15 18 0.020427186 
743 173 10 12 0.020420378 
20 213 11 13 0.0204058 
914 255 17 22 0.02037178 
444 199 15 21 0.020304913 
96 211 24 28 0.020295348 
876 143 8 11 0.020218357 
116 110 13 16 0.020180978 
931 230 15 17 0.02010219 
952 152 18 23 0.020096827 
237 252 22 31 0.020071814 
870 127 9 10 0.02007146 
150 71 9 11 0.020058982 
621 190 9 11 0.020055097 
