3_Riot_Riot_3_166
124
581 641 390 470 0.51690984 
37 272 86 112 0.47519237 
643 76 15 20 0.3568739 
857 158 32 41 0.2764532 
639 413 388 520 0.25659522 
477 222 352 450 0.24197043 
649 127 33 43 0.21725917 
695 456 105 138 0.15476689 
594 152 46 65 0.14919095 
643 11 29 33 0.13257782 
373 75 32 46 0.12244251 
178 133 29 31 0.12188261 
923 368 105 139 0.1027317 
435 15 382 450 0.09997609 
453 344 42 53 0.09432575 
186 112 35 38 0.08831981 
0 378 42 85 0.076088555 
750 759 118 122 0.07543633 
259 248 387 495 0.070894085 
129 70 25 31 0.070192166 
595 51 25 37 0.06815665 
662 753 241 262 0.06578955 
680 754 100 121 0.062593944 
585 121 53 74 0.060974907 
691 287 324 399 0.06058226 
880 340 113 144 0.056975696 
563 30 47 57 0.055728517 
729 762 57 78 0.05540039 
567 859 170 149 0.054156423 
-1 119 20 38 0.051455423 
126 145 399 502 0.050635774 
557 51 25 37 0.050604515 
793 827 120 144 0.0484474 
402 615 413 526 0.046434674 
628 125 48 65 0.045631357 
658 3 30 35 0.045422498 
221 245 56 52 0.04514119 
999 195 23 34 0.043524962 
21 590 104 149 0.042785466 
905 79 49 59 0.04260826 
330 63 44 55 0.042387895 
727 735 98 120 0.042152315 
62 573 87 117 0.04207586 
964 919 45 79 0.041398723 
490 21 25 32 0.041354388 
95 158 25 29 0.04127798 
579 104 48 59 0.038933113 
268 65 24 34 0.038649376 
790 197 23 29 0.037188757 
0 339 30 50 0.036985442 
647 142 93 96 0.036638472 
589 92 88 107 0.035562105 
803 229 31 34 0.035365354 
69 236 26 34 0.034944113 
386 66 17 20 0.034392625 
865 169 43 52 0.034316618 
203 220 114 115 0.034252543 
194 116 19 20 0.034125026 
373 61 115 119 0.033193864 
30 193 24 28 0.032973666 
383 387 375 455 0.032877915 
1001 129 20 36 0.032495677 
728 22 25 28 0.031948548 
308 152 45 60 0.031133192 
272 86 30 39 0.03084991 
334 54 16 22 0.03073157 
11 301 85 119 0.03047981 
634 112 15 22 0.030050248 
580 139 77 102 0.029776132 
547 116 16 21 0.02894678 
661 614 245 293 0.028328195 
613 148 50 71 0.027973965 
73 186 19 24 0.027685234 
606 110 55 65 0.02762222 
553 104 46 60 0.027610384 
456 738 38 39 0.027505772 
870 833 58 71 0.02737948 
277 195 34 39 0.027111914 
525 490 351 408 0.027048312 
674 69 31 44 0.026488913 
942 39 40 48 0.026231667 
899 617 106 161 0.02622338 
638 60 27 33 0.025939452 
594 28 109 138 0.025794351 
572 105 32 38 0.025478002 
693 29 26 30 0.025417693 
419 76 32 32 0.025396945 
167 86 60 60 0.025348948 
891 695 29 45 0.02476762 
542 126 55 68 0.024397882 
832 883 98 119 0.02434023 
620 61 46 58 0.024185115 
234 230 53 52 0.024146277 
612 108 27 36 0.024076995 
518 768 263 253 0.024000484 
158 81 99 99 0.023860626 
230 147 36 35 0.023712687 
428 83 18 19 0.023654351 
2 345 53 84 0.023619773 
768 192 42 47 0.023399634 
168 141 29 29 0.023179546 
690 -74 355 447 0.022786928 
333 54 28 41 0.02267229 
540 32 46 59 0.022586957 
757 761 61 76 0.022103233 
555 100 12 15 0.022054642 
357 76 34 48 0.021972295 
875 184 47 56 0.02193937 
796 799 70 78 0.021775404 
212 256 37 40 0.02134203 
942 61 30 36 0.021278797 
672 0 30 36 0.021227371 
568 141 57 74 0.021151086 
631 83 103 116 0.020964675 
45 139 33 36 0.020928089 
721 450 69 85 0.020804957 
600 367 42 41 0.02078212 
727 786 38 63 0.020767046 
205 41 13 14 0.02073292 
927 66 51 64 0.020409355 
988 59 29 40 0.020337403 
849 821 37 52 0.020328252 
19 212 23 30 0.02018299 
71 723 200 249 0.020103423 
