3_Riot_Riot_3_186
29
209 27 66 76 0.9893357 
386 50 43 51 0.9884566 
790 142 17 21 0.71588457 
544 41 39 53 0.5873263 
611 -1 38 26 0.3407133 
167 158 14 20 0.26628175 
217 321 53 62 0.14325105 
332 25 42 50 0.113134794 
355 19 31 41 0.08645607 
757 116 13 16 0.070457704 
404 0 28 24 0.06562519 
627 50 94 110 0.06052638 
315 99 43 54 0.057264864 
664 54 91 122 0.04723662 
315 40 51 60 0.04070783 
349 1 36 36 0.039768502 
393 313 90 106 0.039601743 
784 144 15 21 0.038195834 
349 46 41 51 0.037328124 
553 22 49 60 0.037127655 
758 108 23 31 0.03153348 
335 235 51 56 0.026962731 
609 -1 59 60 0.026091043 
500 190 27 35 0.024107946 
746 95 48 64 0.023111094 
657 88 31 35 0.022852538 
568 12 53 59 0.022747576 
699 101 91 114 0.022234065 
577 20 31 35 0.020935751 
