3_Riot_Riot_3_1037
87
678 138 32 42 0.999226 
603 182 26 33 0.9990388 
971 208 34 43 0.99824214 
59 499 48 61 0.9981376 
299 155 33 43 0.9973984 
771 175 29 34 0.99559313 
677 413 42 54 0.993749 
716 152 28 33 0.97645843 
1 688 87 100 0.9738893 
287 453 30 40 0.54633254 
77 165 70 61 0.51553357 
516 187 64 90 0.34673485 
87 170 41 39 0.21645997 
272 440 31 44 0.21384928 
97 182 68 67 0.16666362 
299 443 25 37 0.15704294 
326 440 13 18 0.09893095 
54 147 112 97 0.09029761 
316 442 14 19 0.08437378 
275 441 15 23 0.07952814 
450 439 38 49 0.06474489 
727 404 43 59 0.059823163 
412 489 13 17 0.05619086 
967 154 36 39 0.056025203 
192 503 38 43 0.05529426 
684 184 21 28 0.054831102 
446 452 13 16 0.052102946 
509 998 27 26 0.051524695 
803 572 50 59 0.049496382 
34 118 165 170 0.047239494 
475 129 13 17 0.0463897 
643 583 17 21 0.046084225 
372 464 14 16 0.0453194 
291 437 15 20 0.043610185 
702 766 163 239 0.042981368 
286 434 29 36 0.041866753 
210 560 65 79 0.041417837 
441 451 27 36 0.04019199 
983 907 13 17 0.040161494 
307 437 17 23 0.039881848 
409 485 12 14 0.038494207 
466 426 11 14 0.0370245 
35 419 12 15 0.03677847 
706 269 18 22 0.03671374 
217 499 63 52 0.03576605 
917 890 32 36 0.035395455 
696 410 40 55 0.034856256 
343 901 130 121 0.034385826 
978 946 27 38 0.03305606 
421 460 8 10 0.03284983 
310 440 22 31 0.032611 
954 207 16 20 0.032537334 
460 166 10 12 0.032397132 
434 444 10 13 0.0299954 
381 467 13 17 0.0297851 
461 173 10 13 0.029465387 
913 845 44 44 0.029084736 
894 1006 15 15 0.028030286 
2 709 32 42 0.026834486 
46 716 37 47 0.026616037 
385 352 376 456 0.0258946 
444 460 15 20 0.02539347 
968 471 12 13 0.02478413 
367 456 23 27 0.024742225 
407 456 8 11 0.024420079 
301 813 54 74 0.024400298 
305 462 16 21 0.024346594 
67 863 31 30 0.023581281 
197 518 63 68 0.023557456 
524 599 15 18 0.023440331 
407 138 12 16 0.023287147 
452 140 15 18 0.022447456 
388 472 10 14 0.022377823 
325 447 12 18 0.02196808 
422 139 12 14 0.021784382 
762 594 31 55 0.02173585 
989 924 13 18 0.021669198 
721 170 30 34 0.02105511 
928 901 27 36 0.020995995 
967 954 31 39 0.020788752 
346 243 14 21 0.020782344 
413 140 10 14 0.020467645 
302 426 28 38 0.020430908 
408 480 9 11 0.020270366 
453 179 12 15 0.020228582 
436 155 21 29 0.02017369 
978 928 26 38 0.020126155 
