3_Riot_Riot_3_521
31
871 177 138 177 0.9997392 
548 183 123 149 0.99950767 
268 194 64 80 0.9990766 
156 229 68 79 0.9973425 
48 229 70 82 0.9883343 
380 240 78 103 0.98809063 
484 317 52 67 0.42684427 
724 548 112 116 0.24916668 
509 332 38 45 0.19600311 
600 233 130 143 0.084343106 
714 482 114 132 0.066976205 
460 490 16 22 0.064150974 
703 442 102 128 0.062184993 
814 555 57 79 0.054441158 
780 547 83 113 0.05123291 
546 471 51 65 0.049828798 
73 258 48 51 0.048408285 
725 481 66 74 0.04725598 
469 289 51 75 0.039810695 
563 406 29 39 0.035849053 
670 394 170 256 0.032307968 
1013 46 8 12 0.031625733 
478 506 11 15 0.02702941 
467 494 16 21 0.02557356 
455 572 33 42 0.024502283 
376 603 13 17 0.02362064 
605 418 13 17 0.023154022 
100 214 54 69 0.022954607 
1011 636 14 24 0.021327397 
317 174 47 64 0.02123802 
22 597 12 16 0.020232672 
