7_Cheering_Cheering_7_373
65
783 852 134 188 0.99962115 
390 865 145 205 0.99767345 
62 966 152 242 0.99634486 
496 308 31 32 0.12002609 
317 374 15 19 0.11649376 
336 1335 48 67 0.08299268 
257 376 17 20 0.079209775 
599 1262 21 30 0.06933938 
763 1402 17 24 0.062178556 
347 347 15 18 0.055497017 
401 1384 26 31 0.04627616 
855 1399 61 79 0.043141734 
374 333 14 18 0.04176056 
364 411 19 21 0.033706117 
333 371 11 15 0.033223845 
786 1368 18 23 0.03281117 
804 1321 22 29 0.03189906 
396 1260 44 54 0.030594893 
342 363 13 16 0.030509826 
320 1313 47 68 0.029987097 
998 1372 22 36 0.029915087 
299 1267 26 33 0.029319104 
356 364 14 17 0.028640648 
455 1356 31 43 0.028516622 
796 1275 45 57 0.028130466 
337 412 16 20 0.027703056 
348 361 16 19 0.027655307 
830 502 46 57 0.02652176 
550 391 26 33 0.02649241 
706 1286 27 33 0.026479125 
619 1347 19 22 0.026468897 
668 1300 13 17 0.025954835 
109 467 31 33 0.02570292 
715 1370 13 18 0.025321925 
683 1369 14 17 0.02530834 
802 439 24 30 0.024922494 
253 382 17 20 0.024860924 
676 1286 24 33 0.024330212 
656 1311 23 29 0.024118168 
316 377 360 466 0.02374189 
585 1311 38 46 0.023652798 
720 1272 29 35 0.023610724 
800 518 52 59 0.023502741 
654 1277 41 49 0.023169842 
793 1374 16 21 0.022670647 
324 366 15 17 0.022204032 
647 1315 23 31 0.022024509 
402 1289 48 60 0.021888984 
203 530 18 20 0.021376222 
681 1447 20 22 0.021279724 
564 1327 39 43 0.021226496 
940 347 28 34 0.021086514 
693 1329 41 53 0.020996537 
332 399 24 31 0.020940766 
545 1332 41 44 0.020852191 
412 363 26 31 0.020716354 
416 1385 18 24 0.020658374 
339 1431 16 18 0.020649074 
392 325 12 17 0.020621032 
705 1443 23 29 0.020219594 
796 1299 16 21 0.020165622 
333 380 12 15 0.020142363 
855 317 210 239 0.020096518 
681 1375 24 30 0.020090956 
635 1316 23 31 0.020065488 
