7_Cheering_Cheering_7_345
250
451 155 26 40 0.9919195 
229 376 23 32 0.9863819 
550 351 27 31 0.9851149 
253 371 23 29 0.9763849 
2 311 20 31 0.93582946 
803 395 25 34 0.8723538 
581 391 25 30 0.8386394 
601 191 27 35 0.8207036 
856 359 23 31 0.8100101 
355 402 23 28 0.78847724 
265 394 22 28 0.78720754 
238 373 23 31 0.7423133 
458 391 23 31 0.7191758 
877 378 17 21 0.6382751 
755 376 26 30 0.5737345 
903 358 24 30 0.46724382 
87 380 24 26 0.413501 
210 413 15 18 0.39360836 
863 353 20 27 0.30869505 
870 348 16 20 0.27661225 
331 419 21 34 0.27319723 
467 386 25 37 0.22393274 
201 385 18 22 0.21859175 
915 333 12 16 0.20370233 
860 406 20 26 0.20183647 
339 386 13 21 0.1985829 
290 414 18 24 0.19175564 
146 408 23 31 0.18261343 
883 375 23 29 0.17761664 
866 369 24 30 0.1740754 
541 346 25 33 0.16968162 
27 369 15 19 0.15898658 
19 371 25 28 0.14771134 
185 372 16 20 0.13808818 
979 425 32 43 0.11812954 
974 304 14 20 0.11735093 
754 386 31 39 0.11614195 
480 394 30 39 0.11227556 
159 408 21 30 0.101578265 
194 377 20 25 0.10044811 
889 368 25 30 0.099997506 
947 314 14 20 0.098538496 
433 156 34 41 0.09142944 
448 138 25 42 0.089954175 
200 397 24 29 0.089908704 
453 392 39 48 0.08742608 
683 235 14 23 0.08706131 
788 397 30 35 0.08520997 
40 427 28 28 0.08519231 
924 353 12 19 0.08482724 
915 357 14 20 0.082592085 
102 420 38 41 0.079708956 
587 72 30 36 0.07684723 
7 478 13 20 0.064638205 
186 401 15 20 0.06422493 
25 365 13 15 0.0618086 
403 191 26 36 0.061405912 
43 418 18 20 0.06077366 
940 299 13 17 0.059835203 
779 363 13 16 0.059720855 
642 315 17 18 0.059578512 
612 322 14 17 0.058047064 
979 275 12 16 0.05797206 
357 398 16 20 0.057309348 
912 328 10 12 0.05666976 
475 75 34 47 0.055596597 
92 374 17 20 0.05446659 
82 379 41 43 0.054090746 
890 390 17 23 0.053826787 
54 394 14 18 0.05363281 
170 410 15 24 0.053002022 
176 404 22 32 0.051990412 
815 397 17 24 0.05169341 
460 133 12 19 0.051127456 
690 431 15 18 0.05095198 
339 370 14 19 0.050136276 
326 56 42 53 0.049991738 
435 170 16 22 0.048957605 
332 367 16 20 0.047675963 
534 501 10 12 0.046607476 
768 383 18 22 0.04636102 
525 366 14 19 0.04533795 
261 382 23 31 0.045305613 
587 379 24 32 0.04476154 
311 653 8 9 0.04449725 
98 436 33 32 0.044206366 
685 436 13 16 0.04371158 
27 393 12 16 0.043031413 
16 384 26 31 0.042689428 
437 386 26 37 0.041674186 
173 380 11 16 0.041420676 
185 368 11 14 0.040530436 
719 383 41 57 0.040514372 
196 493 28 33 0.039954178 
35 377 13 19 0.039686814 
350 407 17 21 0.039237972 
148 424 16 21 0.038810037 
593 86 28 35 0.038215887 
362 414 15 19 0.037804693 
165 364 12 14 0.03760529 
775 395 29 36 0.03746797 
941 305 14 20 0.03724548 
990 318 13 17 0.037062448 
674 429 29 32 0.037033867 
571 336 13 18 0.03675571 
44 382 12 16 0.036640592 
237 433 18 25 0.036414564 
186 394 40 47 0.036393717 
348 392 15 22 0.03600935 
333 377 17 24 0.035964537 
749 406 24 35 0.03586473 
175 372 10 14 0.035666585 
458 139 26 45 0.035611365 
197 435 17 23 0.035530847 
158 424 25 35 0.035245776 
750 421 13 23 0.034801543 
799 445 28 33 0.034464214 
13 384 16 21 0.03424881 
108 376 14 19 0.03408606 
478 490 12 17 0.03313469 
315 482 14 17 0.032668162 
173 402 14 23 0.032564405 
611 455 25 34 0.032233145 
395 376 24 32 0.032125697 
941 347 15 19 0.031882543 
643 416 14 19 0.031680778 
443 395 29 37 0.03164823 
810 388 18 24 0.031611808 
780 369 15 20 0.03140015 
284 411 18 22 0.031380717 
957 306 15 23 0.030932922 
165 384 15 19 0.030718084 
168 415 21 35 0.030674092 
965 304 15 24 0.030603483 
338 432 28 39 0.030249441 
15 364 12 14 0.02979576 
201 480 45 58 0.02972796 
26 379 22 27 0.029723946 
133 487 18 23 0.029532004 
181 395 15 23 0.029423136 
592 372 16 18 0.02936727 
836 418 18 21 0.029249165 
967 376 24 36 0.029145766 
993 324 13 16 0.029110832 
533 349 16 23 0.029012185 
403 400 16 23 0.028847212 
146 430 23 31 0.028584467 
901 415 23 30 0.02833663 
437 181 29 34 0.02831994 
734 377 41 52 0.028087867 
195 373 13 17 0.028016295 
828 419 16 20 0.027893579 
340 397 15 22 0.027659284 
668 441 33 39 0.027601834 
329 364 11 15 0.02759459 
326 389 24 27 0.027575748 
216 410 15 19 0.02733817 
907 349 16 19 0.027069291 
0 468 10 20 0.02692755 
305 417 24 32 0.026745105 
814 675 15 18 0.026521966 
84 389 20 24 0.026516698 
811 672 24 29 0.026516479 
978 378 16 22 0.026402734 
790 343 11 13 0.026300604 
157 361 14 16 0.026242103 
171 391 21 29 0.026169151 
876 358 13 19 0.02616777 
901 349 14 17 0.026062869 
164 370 15 17 0.025905604 
1012 606 12 20 0.02584877 
754 494 10 12 0.025837632 
867 396 25 31 0.025754862 
925 416 27 36 0.025654461 
762 398 18 23 0.0256378 
951 363 23 36 0.025635993 
501 393 25 33 0.025587557 
895 363 16 19 0.025571164 
173 366 9 14 0.02530552 
798 387 15 20 0.025253046 
749 395 14 22 0.025184797 
444 245 17 22 0.02511789 
197 410 14 18 0.025037412 
388 526 10 13 0.024988435 
810 406 26 32 0.024568837 
938 387 16 19 0.024549112 
172 427 23 36 0.02437462 
898 393 17 21 0.024102714 
651 317 16 21 0.02401179 
316 419 25 32 0.023969704 
658 320 15 21 0.023662016 
325 63 27 32 0.023640022 
406 398 24 30 0.023622418 
823 404 23 28 0.02342159 
423 164 31 35 0.023375783 
510 359 27 33 0.023339711 
442 385 16 24 0.023325913 
689 233 17 23 0.023306489 
778 552 15 16 0.023175813 
152 362 12 16 0.02307548 
356 498 19 20 0.02300884 
720 532 13 15 0.022993015 
49 400 17 20 0.022812327 
807 413 39 45 0.022750981 
161 389 23 31 0.022732392 
374 476 10 13 0.022455556 
939 380 25 30 0.0224075 
453 135 16 25 0.022406826 
512 525 11 14 0.022397852 
311 404 12 15 0.022309545 
876 388 17 23 0.022253616 
779 415 15 20 0.022222146 
244 402 14 19 0.022219904 
271 404 20 24 0.022143202 
589 154 12 16 0.022016045 
156 385 16 19 0.022004602 
167 376 21 26 0.021995176 
826 422 26 30 0.02190553 
445 377 39 49 0.021903675 
136 396 23 32 0.021896815 
349 465 14 17 0.021855138 
475 379 16 22 0.021793997 
160 533 32 39 0.021754812 
88 420 29 30 0.021562798 
276 415 25 32 0.021543147 
142 413 16 24 0.021464096 
133 392 14 19 0.021389639 
463 366 28 35 0.02117804 
906 401 16 21 0.021111058 
345 378 15 19 0.021085136 
282 401 15 19 0.021038154 
957 385 31 45 0.021002151 
43 438 18 20 0.020948872 
339 80 30 33 0.02092076 
603 188 18 23 0.020848637 
340 403 22 34 0.020788603 
685 52 104 121 0.020742461 
5 376 17 23 0.020640003 
280 685 11 12 0.020540563 
796 693 15 18 0.020273615 
343 400 36 47 0.020244956 
451 201 15 22 0.020220332 
0 444 8 17 0.020196922 
531 362 13 18 0.020187557 
855 409 16 22 0.020178977 
533 677 45 52 0.020156732 
934 403 37 49 0.020102415 
154 403 18 25 0.020097068 
693 232 26 29 0.020080177 
920 498 45 56 0.02003311 
