7_Cheering_Cheering_7_313
65
162 123 47 61 0.9939997 
346 160 37 53 0.993936 
25 111 34 50 0.99342465 
651 153 35 47 0.99329245 
232 147 38 48 0.9920759 
950 187 41 61 0.97650415 
746 139 39 55 0.9532971 
967 150 39 55 0.8408359 
846 2 27 23 0.21107197 
880 109 18 23 0.19401954 
865 0 26 23 0.147329 
599 257 64 88 0.14094266 
618 148 25 40 0.12929268 
467 239 41 68 0.12099205 
103 111 23 33 0.10772266 
218 156 30 39 0.09182241 
975 140 26 38 0.08291995 
909 187 31 47 0.066976145 
334 0 23 16 0.064928636 
-2 316 38 81 0.05944542 
42 0 17 14 0.054890472 
108 155 30 40 0.051444076 
312 299 66 74 0.05100539 
198 0 10 8 0.048311148 
880 3 15 18 0.047626358 
943 156 52 66 0.04518343 
621 246 51 67 0.044445235 
873 17 16 20 0.04353842 
590 217 14 18 0.042379633 
204 157 30 38 0.040717755 
377 165 28 39 0.040636655 
565 269 63 94 0.03985545 
586 212 26 31 0.038193826 
913 148 41 56 0.03815242 
789 130 27 39 0.036020823 
115 72 28 32 0.034485996 
870 122 13 19 0.03321532 
741 447 42 60 0.032378886 
876 117 17 22 0.031667173 
844 0 20 16 0.030919319 
889 183 39 57 0.029855436 
213 162 17 25 0.028368436 
79 1 36 28 0.02830733 
338 6 63 65 0.028249556 
986 139 17 25 0.027510777 
866 166 27 40 0.026819156 
829 524 27 27 0.026675913 
-1 91 24 43 0.026458697 
144 112 49 62 0.025754193 
707 145 31 46 0.02572166 
802 127 15 21 0.025116652 
616 165 23 35 0.02495528 
899 582 29 36 0.024949787 
721 164 27 42 0.024069117 
380 309 11 14 0.022100002 
803 475 254 232 0.021751463 
4 11 31 38 0.021444278 
882 176 25 38 0.021351425 
20 27 14 18 0.021289637 
9 46 25 33 0.02087939 
705 293 35 33 0.020488445 
125 223 35 36 0.020459685 
182 135 40 55 0.020341322 
918 206 32 43 0.020288272 
-3 321 67 121 0.020255547 
