7_Cheering_Cheering_7_536
91
329 306 26 33 0.9810433 
515 333 39 63 0.94865197 
246 232 26 31 0.8969921 
333 259 27 33 0.8714938 
206 224 26 33 0.85129905 
931 290 41 44 0.79610324 
1 217 29 41 0.68785495 
0 343 19 32 0.67811567 
214 261 31 34 0.60387486 
176 255 28 32 0.59131646 
625 245 64 79 0.5363046 
999 239 24 41 0.5150639 
895 243 29 33 0.47578737 
98 240 28 30 0.42060834 
254 310 28 39 0.3953767 
134 247 29 35 0.3591905 
876 265 26 32 0.30022222 
315 229 24 28 0.24443546 
645 260 39 47 0.19701 
848 281 31 39 0.18984143 
-2 276 25 33 0.16982636 
507 256 41 48 0.16874458 
726 281 64 102 0.16848312 
43 216 30 33 0.14493239 
135 233 27 32 0.12523487 
126 332 27 30 0.11485906 
199 235 37 47 0.11312107 
266 253 24 28 0.09006847 
460 272 25 28 0.08498472 
356 239 22 26 0.08035099 
400 243 25 28 0.073091194 
603 248 54 68 0.069101214 
997 396 26 37 0.06787875 
433 248 26 29 0.056932133 
895 258 47 55 0.053922653 
1013 346 12 19 0.052454278 
190 245 30 36 0.050670397 
345 247 25 31 0.049122613 
974 475 42 55 0.046916373 
880 244 46 52 0.04689299 
87 355 28 34 0.04656714 
17 207 40 52 0.045625772 
525 268 31 37 0.0448668 
49 228 32 35 0.043235365 
598 282 34 45 0.04317243 
862 43 168 259 0.04266389 
23 294 25 31 0.039557632 
271 577 46 53 0.035803262 
995 415 32 42 0.035272792 
680 256 84 106 0.035240453 
315 222 19 22 0.034592472 
325 250 28 34 0.03384681 
828 125 11 13 0.033234123 
8 284 28 37 0.032379266 
33 224 33 36 0.030702839 
581 328 38 60 0.028484916 
852 265 43 51 0.02819529 
188 538 45 56 0.027462056 
121 307 41 45 0.026419118 
180 632 12 14 0.026348874 
531 335 46 68 0.026347574 
825 120 9 12 0.026194403 
62 237 28 32 0.025354113 
413 247 27 31 0.025033567 
372 270 26 28 0.025004227 
652 237 85 105 0.024763752 
364 241 26 30 0.024719212 
205 647 9 11 0.024686137 
513 488 36 45 0.024082294 
609 252 26 34 0.023967331 
120 285 43 49 0.023960613 
129 330 41 47 0.022827128 
565 338 42 65 0.022795668 
564 256 26 33 0.022529006 
258 261 27 33 0.022151727 
729 225 37 41 0.021878267 
589 295 32 41 0.02182194 
248 274 44 56 0.021802215 
79 315 26 31 0.021647636 
382 244 27 29 0.021548446 
232 264 29 35 0.021026209 
718 286 105 152 0.02096113 
143 288 43 48 0.020923542 
539 279 28 33 0.020922873 
77 280 28 33 0.0207681 
501 268 30 34 0.02067734 
553 488 32 42 0.020672169 
81 391 131 162 0.020568484 
119 249 30 34 0.020377332 
605 185 99 134 0.02026018 
189 535 22 35 0.020155216 
