7_Cheering_Cheering_7_404
39
473 211 31 34 0.9990208 
304 352 37 43 0.9977512 
584 339 40 49 0.9837769 
131 469 22 27 0.9114693 
719 461 23 27 0.8759178 
784 108 145 170 0.557082 
481 607 79 66 0.2684662 
393 619 38 34 0.18480204 
507 612 44 39 0.099723645 
405 616 66 53 0.088138625 
598 634 42 64 0.084452085 
753 648 9 13 0.07833083 
39 154 99 122 0.06561014 
127 478 22 30 0.040796302 
432 614 78 66 0.03952672 
344 561 49 61 0.039122894 
427 511 15 22 0.037135843 
469 581 65 67 0.035518628 
294 683 22 29 0.034364488 
385 626 31 33 0.033300437 
709 452 39 51 0.03311203 
424 565 109 102 0.03246847 
656 299 44 64 0.030687975 
285 701 12 17 0.029959299 
614 623 39 67 0.02967285 
530 620 36 34 0.029588304 
622 607 15 24 0.028741421 
421 492 28 46 0.027938273 
467 554 17 22 0.024170142 
267 315 43 57 0.023674497 
36 459 13 18 0.022890111 
288 655 31 38 0.02183383 
740 712 45 55 0.02152757 
439 552 32 38 0.021525364 
515 601 93 102 0.021350797 
163 405 27 33 0.020899216 
288 328 47 58 0.020881385 
299 674 24 29 0.020862881 
311 715 14 17 0.020132164 
