7_Cheering_Cheering_7_687
113
571 80 53 76 0.9985904 
818 211 35 43 0.9979232 
677 378 18 24 0.79386806 
73 493 8 11 0.14851002 
224 462 10 12 0.13553865 
44 445 11 13 0.11786374 
20 479 10 13 0.10886596 
894 445 14 19 0.100557715 
778 310 27 35 0.095739335 
852 186 26 28 0.09245218 
812 442 28 30 0.09037884 
552 88 21 40 0.08161563 
814 455 32 30 0.08156029 
510 93 42 54 0.07996321 
791 469 13 15 0.07496968 
186 522 12 15 0.07417254 
47 489 9 10 0.07151938 
203 474 11 15 0.06991914 
189 464 10 12 0.065419175 
228 437 10 13 0.059592668 
157 456 9 12 0.057694923 
22 504 8 10 0.057417467 
753 446 10 13 0.054845516 
928 520 12 16 0.05444324 
96 425 10 11 0.05326954 
101 462 9 12 0.0520809 
93 487 10 12 0.04880974 
495 75 40 63 0.04727065 
199 428 9 12 0.046368692 
538 90 30 52 0.04588746 
56 463 9 11 0.044165548 
133 453 9 12 0.0440946 
83 469 10 13 0.043539476 
64 504 9 11 0.04213775 
78 428 9 10 0.041863568 
61 430 8 11 0.041373506 
153 459 10 13 0.04005117 
216 414 9 11 0.03988338 
31 463 8 10 0.039670106 
31 494 9 12 0.039362125 
31 470 10 11 0.03832164 
77 487 9 12 0.037488252 
703 333 22 31 0.037187085 
53 518 10 13 0.03710585 
80 477 10 11 0.035925724 
132 272 10 12 0.03520485 
776 327 17 23 0.033605985 
16 504 10 12 0.033071347 
711 498 13 16 0.032496206 
89 487 10 13 0.032171145 
23 509 10 12 0.032143492 
136 475 12 15 0.031807207 
70 445 9 11 0.030598054 
6 480 9 11 0.030374574 
295 453 9 10 0.029428482 
41 440 9 11 0.029372776 
487 64 29 51 0.029189842 
298 492 9 11 0.02899922 
93 310 13 17 0.027794993 
30 455 9 10 0.02767945 
39 476 8 10 0.027289663 
24 454 9 11 0.027283728 
630 232 40 47 0.02716748 
718 356 13 19 0.026765756 
88 414 9 10 0.026537176 
25 462 9 10 0.025714193 
124 502 10 12 0.025647651 
986 504 26 32 0.02507557 
152 487 10 13 0.025041627 
117 472 9 12 0.024787795 
85 464 8 10 0.02471682 
62 438 9 11 0.024606578 
8 446 9 11 0.024550749 
239 526 9 11 0.024489397 
220 414 10 11 0.024404736 
0 485 8 12 0.02433326 
103 501 11 15 0.024187889 
214 430 9 12 0.024095127 
81 465 8 9 0.02406801 
6 495 8 12 0.02402558 
191 487 11 13 0.024002343 
205 447 11 14 0.023814932 
818 467 19 21 0.023606293 
6 485 9 12 0.023578644 
537 477 31 33 0.023275778 
317 455 9 11 0.023229077 
63 456 8 11 0.022875521 
200 451 11 13 0.022424573 
756 449 15 20 0.02236411 
87 503 9 11 0.022271655 
31 447 9 10 0.02189658 
182 510 9 10 0.021860309 
996 514 13 16 0.021833088 
661 501 16 21 0.021769267 
752 365 26 31 0.021634148 
529 38 19 22 0.021615263 
112 471 10 12 0.021469785 
56 438 9 11 0.021436943 
220 301 10 13 0.021408897 
142 485 10 12 0.021376958 
168 437 9 11 0.021130804 
730 110 12 14 0.020858651 
55 469 9 12 0.02059871 
144 503 10 12 0.02056659 
1 461 8 12 0.020503115 
178 510 8 12 0.020405672 
23 449 9 9 0.0203794 
0 493 9 14 0.020335713 
61 461 9 11 0.020240681 
232 416 9 11 0.020235019 
190 424 9 11 0.020112965 
30 475 10 12 0.02010962 
230 433 10 11 0.020104669 
