7_Cheering_Cheering_7_57
132
33 161 38 51 0.99522203 
431 338 45 56 0.9937092 
0 305 46 56 0.98785746 
129 298 48 53 0.9869984 
553 346 45 51 0.9844774 
669 315 34 40 0.9800862 
797 285 46 52 0.9683528 
331 312 40 47 0.91321504 
746 339 43 50 0.8909798 
351 205 14 17 0.7431146 
602 180 17 22 0.66205305 
885 298 33 51 0.48540577 
105 325 34 41 0.39592344 
677 257 23 31 0.31350735 
953 370 34 53 0.23658659 
1000 337 27 61 0.23274674 
89 159 26 33 0.21616171 
388 224 32 40 0.20978135 
491 337 40 51 0.19946992 
880 122 36 45 0.19859934 
514 251 13 16 0.19309382 
493 711 30 42 0.15164675 
577 241 8 10 0.11796414 
540 227 15 18 0.11241694 
300 238 16 22 0.11236345 
542 221 11 14 0.107913464 
688 204 11 15 0.098405235 
880 210 49 73 0.09785429 
690 198 11 14 0.0930683 
582 239 8 11 0.0901173 
486 236 13 15 0.087090224 
72 83 17 18 0.086341 
537 708 27 41 0.08059284 
575 244 8 11 0.078682624 
964 382 34 46 0.077293254 
734 151 46 47 0.07684738 
269 213 12 14 0.07212516 
907 107 13 16 0.07151248 
351 201 24 28 0.069381684 
361 203 14 18 0.06937792 
968 744 27 34 0.06784994 
701 249 16 20 0.06718538 
534 231 16 20 0.0639259 
227 322 53 58 0.060187716 
583 244 8 11 0.05985166 
492 242 11 14 0.05744291 
611 351 39 53 0.05165773 
470 334 44 57 0.051369213 
326 214 9 12 0.051306468 
277 222 12 15 0.04915277 
981 210 24 28 0.048064765 
326 226 12 16 0.046288375 
382 237 29 35 0.045145977 
302 221 8 10 0.04447701 
700 268 25 30 0.042776484 
510 703 50 71 0.04170177 
269 219 13 15 0.041292388 
149 265 27 32 0.04075497 
688 201 20 27 0.04035997 
275 211 12 16 0.03879075 
539 240 15 17 0.038649384 
567 262 23 28 0.0386306 
569 247 10 11 0.038257267 
886 104 44 52 0.037781604 
690 248 23 31 0.03708146 
737 171 43 47 0.035958204 
723 463 50 48 0.03567761 
357 289 17 19 0.035522424 
791 279 28 38 0.035458528 
209 310 49 59 0.035246838 
332 224 13 16 0.034847897 
546 225 13 17 0.034682367 
504 326 36 48 0.034667395 
588 381 26 33 0.034572653 
606 227 14 20 0.03423227 
628 237 11 16 0.034122057 
507 247 21 27 0.033879932 
117 309 40 48 0.033330202 
68 80 28 34 0.033225585 
709 196 10 13 0.032966483 
305 246 17 22 0.032826297 
906 101 12 16 0.032568913 
402 231 28 43 0.03254533 
337 290 46 59 0.031337105 
666 357 30 39 0.031161232 
107 75 25 35 0.03103752 
535 222 13 16 0.030983273 
617 241 19 29 0.030960247 
479 312 42 55 0.030764947 
692 216 25 34 0.030477004 
486 237 21 28 0.030252809 
740 202 30 40 0.029193694 
521 251 13 15 0.028829757 
936 376 33 47 0.02843477 
705 192 9 11 0.028203914 
380 254 25 33 0.028077886 
399 304 37 50 0.02719513 
684 264 28 36 0.026678644 
655 737 30 31 0.026545746 
339 218 13 16 0.026355572 
902 104 22 27 0.025395771 
737 270 32 37 0.024917768 
757 188 39 38 0.024519138 
277 196 9 11 0.024223998 
587 245 10 15 0.02377937 
567 251 11 13 0.02373769 
297 220 11 13 0.023688855 
115 75 14 19 0.02368755 
538 216 21 24 0.023632253 
984 213 11 17 0.023626154 
401 226 20 24 0.02342788 
704 257 19 22 0.023316508 
715 221 13 16 0.023151727 
247 313 51 57 0.022945087 
698 208 15 18 0.02273234 
134 230 31 32 0.022651399 
1006 336 15 23 0.022571795 
486 701 53 71 0.022508351 
265 208 21 25 0.022194296 
350 281 27 31 0.022131886 
1003 419 15 21 0.02180338 
700 238 24 26 0.021790152 
581 249 13 19 0.021536604 
303 230 11 15 0.021488426 
668 264 25 34 0.021304406 
269 225 16 18 0.020932974 
388 231 19 25 0.020903619 
81 88 15 18 0.020826027 
577 263 17 22 0.020710086 
146 232 17 20 0.020441802 
704 221 25 29 0.020343317 
264 337 37 37 0.020067701 
