7_Cheering_Cheering_7_655
153
383 767 243 351 0.9998305 
43 1353 13 17 0.29029378 
103 1285 14 17 0.28582788 
29 1333 14 18 0.24448128 
868 1369 13 16 0.22773504 
933 1496 15 19 0.19569828 
66 1299 13 16 0.18396989 
12 1346 13 18 0.169907 
27 1296 14 17 0.16442513 
994 1433 13 18 0.1340163 
977 1307 10 14 0.13342799 
451 633 61 72 0.13197319 
920 1228 10 14 0.13107069 
960 1366 13 16 0.1201041 
990 1304 11 12 0.11671126 
982 1279 12 16 0.11544397 
924 1386 13 15 0.11527784 
936 1491 16 19 0.10305696 
82 1494 14 19 0.09957851 
919 1332 12 15 0.09801693 
990 1260 10 12 0.09239449 
957 1417 16 19 0.08900226 
987 1230 11 13 0.085875876 
883 1309 11 14 0.08443272 
934 1512 16 20 0.08174064 
934 1419 12 16 0.08155246 
-2 1066 58 99 0.07714839 
119 1388 14 18 0.07684992 
877 1399 14 16 0.07572274 
24 11 24 29 0.07371134 
970 1445 21 28 0.07242409 
934 1377 12 16 0.0702983 
951 1269 10 13 0.0697753 
920 1475 13 16 0.06793888 
108 1280 14 17 0.06439181 
963 1411 16 20 0.06374295 
55 1308 14 16 0.06292589 
952 1297 11 15 0.062124543 
440 583 102 136 0.061719373 
830 1391 12 14 0.060546163 
93 1346 16 21 0.06025931 
919 1307 10 12 0.059843313 
75 1414 15 20 0.058974158 
0 1455 14 23 0.05864826 
413 519 185 271 0.058445867 
860 1402 12 16 0.055578876 
843 1310 11 14 0.05552852 
23 1417 13 17 0.054075327 
545 43 15 19 0.053270042 
896 1264 8 10 0.05189586 
168 1375 13 16 0.05141523 
903 1355 11 14 0.050188743 
467 466 199 257 0.049342107 
942 1334 12 15 0.048719626 
984 1234 12 13 0.048707426 
949 1228 11 13 0.04832904 
0 1299 10 15 0.048172057 
20 1337 15 18 0.048099987 
143 1287 12 14 0.04721821 
935 1121 10 12 0.046343 
955 1462 15 18 0.04513305 
1007 1333 14 17 0.044725414 
6 1367 16 21 0.044575393 
982 1304 13 15 0.044405505 
545 20 62 66 0.043706108 
843 1330 13 17 0.04198289 
925 1393 14 16 0.041714083 
883 1489 16 20 0.041370586 
63 1295 13 15 0.04048595 
919 1444 13 16 0.039888423 
885 1315 12 14 0.039116178 
32 1483 22 28 0.03873179 
988 1373 11 14 0.036527768 
957 1275 10 13 0.03643772 
939 1373 11 16 0.036385037 
987 1280 13 16 0.036062203 
-1 1387 9 16 0.035909906 
872 1394 14 19 0.035649195 
36 1436 15 18 0.034692522 
133 1375 16 20 0.034279324 
985 1260 10 12 0.034163352 
76 1503 16 18 0.03376527 
583 392 131 102 0.033728767 
855 1404 12 15 0.032972384 
551 34 29 34 0.0323395 
952 1265 9 11 0.031708818 
44 1285 12 15 0.0314078 
49 1346 13 17 0.030988887 
93 1338 14 18 0.030757781 
159 1353 15 18 0.030729638 
103 1279 12 16 0.03071046 
667 1042 45 63 0.030528387 
876 1234 12 14 0.030328836 
1006 1374 15 20 0.029974012 
996 1516 17 19 0.029848091 
178 1480 62 61 0.029376745 
912 1332 13 15 0.02912237 
955 1374 16 19 0.028583528 
18 1506 15 18 0.028377496 
138 1485 17 20 0.028318668 
974 1347 13 16 0.027894404 
904 1428 11 15 0.027630255 
344 1045 403 494 0.027026964 
981 1346 14 18 0.026966758 
959 934 12 16 0.02673658 
19 1402 15 19 0.026449401 
127 1349 13 18 0.026392436 
988 1347 13 17 0.025989685 
92 1321 13 16 0.025798414 
813 1318 11 13 0.0257521 
879 1498 14 19 0.025625035 
835 1388 11 15 0.025374118 
977 1279 11 14 0.025339143 
921 1382 12 15 0.02524361 
120 1457 16 22 0.024896342 
994 1478 22 32 0.024858588 
1000 1223 11 13 0.024733707 
819 1372 12 16 0.024692189 
20 1324 14 17 0.024220003 
986 1393 14 18 0.02401322 
526 0 127 142 0.023331199 
933 1331 14 17 0.023291849 
38 1278 11 14 0.023267044 
901 1510 11 14 0.023102928 
138 1371 15 19 0.023020677 
876 1452 14 17 0.022965185 
879 1486 12 15 0.022950163 
93 1332 12 17 0.02287811 
945 1470 24 29 0.022479178 
134 1396 12 15 0.022312913 
892 1318 11 14 0.02215863 
133 1324 13 17 0.02203739 
145 79 117 167 0.021889238 
877 1346 14 17 0.02186739 
887 1478 13 16 0.021772295 
935 1339 12 14 0.021674315 
880 1304 11 15 0.021423552 
1012 1220 10 15 0.021382924 
141 1317 12 16 0.02136812 
930 1322 14 17 0.021325862 
951 1372 13 16 0.021256398 
720 150 207 267 0.021184132 
55 1286 11 14 0.02106583 
899 1516 13 14 0.020985957 
85 1488 14 17 0.020972552 
974 1254 11 14 0.020809835 
926 1412 14 18 0.020806747 
16 1395 14 16 0.020622147 
989 1518 15 17 0.020514227 
948 1437 13 16 0.02048008 
987 1493 17 22 0.020346664 
18 1407 21 26 0.020230377 
880 1310 22 27 0.02009496 
