7_Cheering_Cheering_7_386
212
763 291 33 41 0.98671144 
210 547 49 55 0.98075783 
765 434 33 42 0.9680682 
800 511 45 78 0.8648124 
53 506 53 84 0.8301119 
391 401 15 19 0.6943169 
286 401 17 21 0.66477495 
220 427 16 21 0.43118352 
301 431 25 28 0.379376 
795 483 49 72 0.27430427 
663 440 27 33 0.26135793 
909 376 28 32 0.25294837 
355 430 18 24 0.22700089 
411 404 13 19 0.20083003 
80 327 96 133 0.1826172 
415 439 20 27 0.17967106 
558 467 37 47 0.1739742 
217 456 27 33 0.1596419 
331 454 23 29 0.14671686 
42 512 83 126 0.11989359 
984 344 28 31 0.11309816 
885 550 47 67 0.10367855 
871 380 26 30 0.09957819 
306 407 16 20 0.09501804 
813 391 25 32 0.094665125 
884 396 22 29 0.09212838 
396 379 11 14 0.08444171 
971 342 26 35 0.08399273 
384 401 14 19 0.083112754 
682 332 18 24 0.08017218 
329 395 15 19 0.07993878 
894 397 24 31 0.07855636 
228 422 24 27 0.07814815 
0 483 43 67 0.07771686 
341 454 23 30 0.075814866 
679 397 48 64 0.07516178 
566 489 114 150 0.075109646 
475 389 13 16 0.074281186 
32 354 83 118 0.072461605 
993 370 23 30 0.07115613 
10 383 15 19 0.07020809 
357 393 17 19 0.069747634 
243 375 14 19 0.066852145 
188 401 13 16 0.06489159 
812 404 30 38 0.06391158 
363 386 15 19 0.06374644 
41 537 35 49 0.06319037 
533 409 14 18 0.061956216 
434 424 16 21 0.0617095 
875 350 18 21 0.06148165 
461 435 18 23 0.061477676 
365 356 13 14 0.06093364 
333 553 60 70 0.05974286 
10 526 126 217 0.058264 
155 356 14 17 0.05566624 
413 399 12 16 0.055622324 
1014 402 9 16 0.053386744 
525 424 15 19 0.052402988 
445 393 14 17 0.05187405 
71 370 57 83 0.05004655 
762 410 52 67 0.04983037 
496 362 12 13 0.049825616 
965 408 14 18 0.049018193 
546 451 29 34 0.048270725 
366 379 15 18 0.048177566 
154 704 60 60 0.045061596 
432 452 23 34 0.04371273 
437 415 13 15 0.043361917 
363 405 15 18 0.042117834 
907 390 18 23 0.04148929 
356 446 27 31 0.041104786 
581 394 17 22 0.0410683 
487 532 32 51 0.041007824 
824 383 25 31 0.040299628 
16 493 50 75 0.039840635 
884 383 25 31 0.038825892 
249 469 27 33 0.037956696 
371 435 16 20 0.03778097 
39 403 50 81 0.03766797 
303 414 26 29 0.037345894 
899 366 13 15 0.037175525 
565 420 15 19 0.036257666 
170 -13 427 492 0.035743263 
850 536 79 95 0.035200138 
400 442 27 31 0.033586193 
570 392 25 32 0.033314414 
529 417 16 21 0.033076003 
469 392 23 30 0.032866877 
991 353 27 35 0.03282724 
381 530 52 63 0.03275583 
424 428 21 28 0.032673746 
906 398 17 25 0.032537684 
768 338 37 38 0.032180864 
482 386 14 17 0.031217162 
315 568 55 61 0.031134255 
257 426 16 22 0.031124972 
5 378 22 31 0.031048749 
701 341 12 16 0.030920502 
543 391 10 14 0.030904818 
215 430 28 35 0.030523382 
64 445 24 37 0.029994046 
453 438 22 30 0.029873122 
204 539 78 89 0.02958157 
413 385 10 11 0.029564831 
285 392 44 55 0.029350312 
398 526 38 43 0.029316172 
860 434 28 35 0.029235415 
444 379 16 18 0.028986817 
397 386 13 16 0.028649617 
789 487 30 44 0.028575981 
441 453 27 36 0.02844577 
511 363 13 15 0.02839992 
371 383 15 19 0.028263217 
184 428 28 38 0.028197315 
346 370 15 19 0.028023759 
874 400 24 30 0.028001474 
425 334 10 12 0.027532052 
558 369 15 21 0.027477074 
407 387 11 14 0.027476411 
484 375 12 15 0.02745145 
518 423 26 31 0.027254663 
937 407 23 28 0.026993012 
139 346 59 91 0.02688139 
491 400 17 23 0.026713442 
317 403 14 19 0.02660644 
3 477 31 38 0.026381025 
490 381 24 29 0.026191667 
392 375 11 14 0.026159104 
201 424 27 35 0.026124058 
672 401 26 33 0.026051573 
594 425 17 20 0.025968023 
377 380 14 16 0.025962481 
16 417 53 82 0.025927868 
865 391 26 34 0.025876125 
361 540 58 72 0.025652906 
93 394 98 140 0.025489252 
524 405 23 30 0.025330909 
673 431 28 36 0.025298227 
363 416 16 19 0.024771791 
975 358 30 37 0.02477142 
708 403 51 75 0.024499355 
619 401 27 32 0.02441624 
858 412 28 33 0.024397025 
1003 398 21 33 0.02416119 
868 437 16 20 0.024129614 
872 418 16 20 0.02382856 
902 386 15 19 0.023689074 
690 397 29 41 0.023665084 
539 352 14 19 0.02346353 
819 524 77 94 0.023347486 
621 333 14 15 0.023216676 
828 412 25 32 0.023195941 
362 457 30 35 0.023162246 
435 425 24 32 0.023007052 
681 395 24 33 0.022999534 
1000 414 22 39 0.022989668 
374 394 13 16 0.022942979 
581 370 13 17 0.022928948 
754 345 31 37 0.022861063 
418 390 12 14 0.022828948 
427 19 387 451 0.022820136 
479 381 12 17 0.02262613 
769 446 51 74 0.022544175 
999 310 20 28 0.022514392 
316 444 40 51 0.022500359 
293 418 44 57 0.022437006 
357 420 14 18 0.022412105 
118 454 50 71 0.022336643 
480 394 24 31 0.022321478 
674 382 77 109 0.02222306 
581 474 39 43 0.022040999 
306 437 29 34 0.022016786 
501 386 16 19 0.021975016 
458 389 23 29 0.021967456 
-8 181 89 159 0.02196745 
369 409 15 19 0.02195975 
123 468 14 19 0.021955995 
469 407 14 19 0.021846555 
478 382 23 28 0.0218144 
857 381 28 32 0.021810627 
957 339 14 18 0.02181036 
848 391 26 33 0.021759516 
819 403 42 52 0.021653574 
563 365 13 17 0.021582311 
68 387 17 20 0.02151082 
237 461 30 35 0.021484664 
989 429 27 46 0.021465544 
950 322 38 51 0.021383109 
533 400 22 31 0.021243019 
962 332 22 32 0.021125982 
-2 361 87 126 0.021065304 
846 415 32 42 0.021020466 
387 386 23 26 0.021010784 
374 381 22 27 0.021010542 
456 452 25 32 0.021000277 
510 489 29 37 0.02099227 
541 355 24 33 0.020938413 
537 335 10 12 0.020924358 
370 354 14 16 0.020918276 
892 386 14 19 0.020879244 
281 584 52 64 0.020824423 
477 372 12 16 0.020640383 
542 402 24 30 0.020450864 
526 507 91 129 0.020432571 
378 459 31 33 0.020413589 
378 387 13 16 0.02031599 
377 440 15 19 0.020292936 
589 426 164 228 0.020226901 
475 405 16 22 0.020113993 
384 322 11 13 0.020097503 
317 404 23 29 0.020068277 
424 447 17 23 0.020001937 
