7_Cheering_Cheering_7_195
92
457 470 52 59 0.997717 
188 593 61 59 0.9229592 
230 924 75 57 0.83296406 
337 526 37 50 0.5172189 
288 514 56 67 0.5154219 
676 615 54 59 0.42699128 
429 971 65 71 0.4104107 
626 807 35 37 0.38493147 
238 894 73 57 0.37305966 
589 876 43 56 0.26429498 
601 484 57 73 0.1815965 
555 473 31 41 0.16722432 
413 509 42 52 0.15121609 
683 789 28 30 0.09766849 
270 366 26 33 0.08642846 
823 489 27 30 0.085946865 
639 805 23 25 0.08215228 
571 879 42 52 0.07594234 
353 781 29 36 0.07264152 
733 740 48 51 0.070475616 
514 503 48 61 0.068075605 
156 593 28 39 0.0619029 
789 106 29 38 0.061121766 
591 1040 46 58 0.05937655 
744 806 24 32 0.059337303 
387 523 44 56 0.058489654 
257 493 92 107 0.057572477 
176 764 55 62 0.05640229 
270 540 29 38 0.05616664 
269 867 61 59 0.055311922 
126 477 28 34 0.05495591 
597 864 28 43 0.054458085 
288 848 52 63 0.054236446 
614 464 53 62 0.050191615 
229 911 97 124 0.048816822 
846 911 25 31 0.040350635 
806 864 26 30 0.039371528 
598 894 54 60 0.034224074 
264 912 59 69 0.034099497 
714 750 47 52 0.033790007 
435 970 41 43 0.03369894 
951 157 27 33 0.033047743 
965 203 29 37 0.032712944 
536 48 30 39 0.031468574 
173 582 53 59 0.031441975 
596 712 23 36 0.031387653 
140 279 26 30 0.03134633 
298 872 53 57 0.031082638 
608 800 44 53 0.030866517 
595 852 56 69 0.030827576 
97 394 27 32 0.030380806 
191 903 61 54 0.030263668 
602 708 13 17 0.029739477 
618 502 56 66 0.029473951 
241 917 49 44 0.028541582 
563 892 33 40 0.027981414 
219 580 51 56 0.02789213 
682 774 26 33 0.027563212 
893 2 30 29 0.026656417 
691 763 52 56 0.026540697 
560 482 48 62 0.02637424 
239 569 46 58 0.026033191 
614 812 52 61 0.025903318 
178 337 26 32 0.025744203 
681 778 46 52 0.025176736 
205 110 29 36 0.023691662 
324 746 32 34 0.023674818 
599 498 36 47 0.023520717 
748 807 14 17 0.02329507 
948 799 27 30 0.02319873 
369 516 44 57 0.0230421 
44 321 29 35 0.022765191 
520 910 27 39 0.022230113 
715 778 52 63 0.02219093 
222 871 76 59 0.022095593 
337 755 20 21 0.022069786 
38 454 26 33 0.022042943 
594 734 31 40 0.022029156 
317 529 43 59 0.021996701 
161 767 43 40 0.021747082 
291 837 31 53 0.021721013 
631 802 15 20 0.021563401 
278 102 28 34 0.021528935 
827 1093 32 35 0.020937871 
545 950 48 57 0.020925168 
184 923 53 54 0.020853471 
140 827 42 38 0.020821938 
609 1392 28 32 0.020658983 
596 784 44 55 0.020550545 
601 471 38 52 0.020421665 
784 743 33 37 0.020389872 
596 809 28 41 0.020015389 
