7_Cheering_Cheering_7_692
20
492 538 76 83 0.9948543 
264 570 73 98 0.98146695 
619 757 14 16 0.14107436 
596 742 10 12 0.096964516 
565 738 11 13 0.074216135 
712 212 149 184 0.03984731 
145 474 33 47 0.03630274 
542 735 9 10 0.033003382 
541 532 52 62 0.031376388 
502 1033 149 235 0.030825598 
383 86 14 19 0.028721586 
335 1200 43 49 0.02748931 
983 917 51 74 0.02736847 
616 752 13 16 0.027038438 
696 759 214 248 0.025965713 
245 577 29 45 0.025793897 
419 508 14 18 0.024871964 
393 186 129 171 0.022071915 
609 758 9 12 0.021786535 
591 741 19 24 0.020437358 
