7_Cheering_Cheering_7_835
18
345 182 306 405 0.9987104 
368 1123 506 405 0.80678535 
412 833 352 510 0.6481919 
20 407 381 514 0.3108452 
715 724 209 325 0.20044394 
-3 46 101 177 0.071048506 
388 767 249 408 0.06190899 
-42 1071 382 490 0.057106502 
585 790 334 498 0.046407703 
103 278 367 478 0.032669093 
675 682 349 489 0.0319499 
62 431 63 94 0.028257543 
403 1148 279 284 0.025774378 
188 70 317 454 0.025125246 
631 -50 367 475 0.024171963 
46 386 112 139 0.021866515 
26 5 209 259 0.021144172 
115 1064 395 531 0.021114457 
