7_Cheering_Cheering_7_413
88
428 362 32 40 0.9992669 
927 380 58 73 0.99919444 
485 428 58 87 0.9986966 
270 339 27 39 0.99777716 
735 362 30 36 0.9974929 
542 347 32 41 0.99737144 
843 376 37 44 0.99658257 
728 451 84 103 0.9959453 
618 370 37 49 0.99269485 
168 335 22 31 0.9922071 
343 414 42 57 0.98962045 
37 334 22 27 0.9866195 
382 339 16 19 0.9830199 
45 386 32 36 0.98155105 
68 331 21 26 0.9716144 
250 333 13 19 0.9449274 
750 385 42 52 0.9431271 
319 348 22 28 0.92274386 
155 380 32 55 0.91173714 
203 332 12 17 0.87189424 
353 283 11 15 0.8492769 
6 342 25 32 0.7057805 
496 391 35 36 0.5979326 
992 371 32 46 0.57364935 
339 330 23 27 0.56735224 
228 435 30 33 0.23604216 
961 368 50 62 0.13166904 
246 502 50 67 0.12505876 
4 339 17 21 0.12495618 
740 370 39 48 0.12493582 
42 371 16 19 0.11487949 
509 383 33 37 0.0971218 
204 360 15 20 0.08471084 
0 462 13 20 0.06774163 
1008 382 15 26 0.065822825 
154 371 23 35 0.062443614 
442 472 42 54 0.061460994 
238 373 20 27 0.05686482 
296 452 51 55 0.05429009 
1 341 12 16 0.052493922 
0 491 12 18 0.050091837 
27 390 13 18 0.046306517 
219 430 47 54 0.04223176 
37 374 25 31 0.04187979 
768 383 31 39 0.040053423 
168 382 39 51 0.039609738 
315 360 23 32 0.03734689 
-1 454 22 32 0.03528141 
316 339 16 20 0.03430939 
498 388 21 26 0.033755835 
177 335 24 29 0.03359299 
641 85 11 12 0.03354178 
629 87 10 11 0.033429213 
19 347 24 31 0.032456126 
488 350 13 17 0.03164811 
326 433 46 54 0.031388987 
353 334 17 22 0.031160744 
18 338 17 22 0.030651886 
334 331 18 22 0.029834844 
30 335 18 24 0.028610095 
694 132 9 12 0.027654493 
321 341 19 22 0.02717693 
464 438 50 70 0.026761513 
24 385 24 31 0.026610985 
29 377 13 17 0.026603676 
686 85 14 15 0.02581751 
35 364 44 52 0.02482595 
667 123 56 77 0.024565693 
244 365 14 19 0.024403464 
210 357 15 18 0.024052847 
703 429 31 39 0.023899233 
651 374 26 36 0.023697698 
479 393 45 59 0.023234315 
195 368 23 29 0.023095114 
647 198 9 11 0.022830341 
196 350 20 25 0.022802964 
0 361 10 19 0.022623358 
184 402 33 38 0.022204522 
230 357 11 15 0.022196995 
22 333 13 16 0.022113342 
405 346 13 17 0.02158913 
484 390 29 38 0.021482812 
631 136 9 11 0.020927249 
385 351 24 31 0.0208511 
659 65 14 17 0.020786911 
355 370 17 22 0.0206946 
745 356 28 32 0.020349376 
186 382 29 40 0.020188237 
