50_Celebration_Or_Party_birthdayparty_50_196
52
182 327 341 451 0.9990159 
183 1077 72 76 0.44413504 
89 1602 124 115 0.34601903 
143 190 57 68 0.11942424 
285 1756 10 11 0.11220415 
92 1600 38 44 0.10275799 
1006 587 13 17 0.08353615 
759 1538 10 13 0.07813303 
111 1587 174 186 0.07040749 
318 1653 95 109 0.063278295 
835 1553 16 21 0.062004242 
266 1082 47 61 0.061765496 
787 1043 87 96 0.0603032 
834 603 14 17 0.06019082 
157 1091 96 114 0.055900753 
975 587 15 19 0.049468435 
911 1546 53 75 0.048340403 
122 1812 76 64 0.04694024 
169 1175 10 13 0.045401286 
131 1067 53 88 0.04359825 
1012 591 13 18 0.041555382 
936 584 13 18 0.036610104 
75 447 470 525 0.035533067 
974 569 14 17 0.034154702 
175 1610 183 196 0.033342432 
807 2123 11 12 0.031957332 
95 1611 65 72 0.0305093 
110 1316 117 152 0.028611068 
224 1080 60 65 0.026718184 
261 1673 117 124 0.026425961 
305 1033 62 82 0.02625997 
642 1222 40 55 0.025589975 
115 179 63 81 0.025343822 
608 1111 7 8 0.024905223 
165 1166 23 31 0.024856517 
908 576 15 18 0.02465149 
915 577 15 18 0.023976611 
963 571 15 18 0.023742398 
171 1178 13 15 0.023507208 
148 97 420 460 0.023325467 
623 1118 9 12 0.0231803 
907 1579 48 66 0.022491813 
925 577 15 19 0.022226749 
704 1143 59 64 0.021900034 
622 1124 8 11 0.02188093 
146 1793 102 103 0.021666367 
764 1553 17 21 0.02140257 
648 1100 8 11 0.02127095 
828 1554 27 36 0.021189619 
971 579 17 20 0.020929985 
275 1751 28 32 0.020817753 
692 86 22 28 0.020534834 
