50_Celebration_Or_Party_birthdayparty_50_75
142
177 599 31 36 0.99907553 
117 605 28 33 0.9979709 
237 454 31 38 0.9975163 
238 384 32 38 0.99489033 
58 459 28 33 0.99342316 
407 201 89 105 0.99054784 
116 383 27 32 0.9857654 
182 386 28 34 0.9751023 
157 473 17 21 0.94191474 
666 126 22 28 0.9226006 
765 471 188 209 0.91937506 
61 389 15 17 0.77875954 
177 471 23 28 0.6863495 
54 529 30 32 0.39158958 
54 599 37 47 0.32486662 
9 129 43 62 0.13739488 
957 399 10 13 0.12874311 
394 534 30 33 0.1196548 
411 460 14 15 0.11084246 
585 391 18 20 0.10374253 
171 480 25 31 0.09873639 
853 502 134 154 0.0892166 
125 470 23 29 0.08047986 
541 470 9 13 0.07708477 
953 399 10 11 0.07510251 
943 428 11 13 0.073252566 
595 203 16 19 0.07272344 
785 413 11 13 0.06508422 
492 413 9 12 0.06497755 
143 489 18 20 0.06274504 
763 435 13 17 0.062348768 
965 398 10 13 0.055224955 
131 475 27 32 0.054523144 
807 381 9 13 0.05426425 
762 425 15 18 0.053257674 
541 463 9 11 0.051916003 
492 611 29 35 0.050667472 
642 183 34 37 0.049850088 
128 317 463 481 0.047734536 
595 387 14 16 0.04766119 
20 441 422 435 0.047110103 
559 461 12 17 0.04659354 
329 519 28 32 0.044877514 
611 465 43 56 0.04421769 
301 475 17 19 0.044183694 
965 485 33 37 0.043486785 
693 452 11 17 0.042651143 
599 383 11 14 0.042511057 
907 401 14 18 0.040522143 
835 385 24 31 0.04051109 
822 399 10 12 0.040238477 
928 392 9 11 0.039779034 
590 474 11 14 0.039150313 
895 366 9 11 0.038395736 
872 364 9 12 0.03832352 
471 460 24 34 0.038221564 
541 392 9 11 0.03741476 
701 437 10 12 0.03708713 
913 507 102 118 0.036838368 
1005 404 12 13 0.036821038 
542 396 10 11 0.036211744 
323 345 48 64 0.036188275 
471 496 25 27 0.035901535 
571 237 48 52 0.035610646 
597 468 12 15 0.034615006 
745 611 11 13 0.034348805 
975 383 9 12 0.0343015 
575 425 12 15 0.0339703 
495 429 12 15 0.033870768 
279 524 28 30 0.033414677 
426 521 29 39 0.03302191 
805 405 163 189 0.031978898 
557 456 22 30 0.0307197 
499 667 28 34 0.030560082 
382 513 50 55 0.03026284 
899 458 18 22 0.029848188 
142 536 32 36 0.02901887 
1000 398 11 13 0.02890103 
48 747 20 19 0.028706022 
982 398 13 14 0.028648384 
537 396 11 12 0.028483674 
405 454 23 26 0.028272444 
352 410 12 15 0.028209124 
951 392 8 10 0.027573206 
604 468 9 13 0.027245162 
510 423 10 13 0.026911844 
695 162 13 16 0.02684202 
794 520 16 18 0.026794847 
944 382 10 13 0.026744932 
912 366 10 13 0.026706306 
885 354 14 19 0.026583167 
895 372 10 12 0.02627839 
937 427 12 15 0.026266616 
873 391 113 135 0.025955567 
567 454 25 32 0.025752328 
369 410 20 21 0.025612988 
724 417 12 17 0.025518635 
975 405 11 14 0.025145547 
719 522 15 18 0.025108222 
302 413 14 16 0.025067719 
701 381 211 262 0.0248669 
685 452 19 27 0.024635775 
502 423 11 15 0.024561824 
149 478 18 22 0.024102105 
989 390 10 13 0.024045616 
471 58 362 479 0.024014752 
432 444 33 40 0.023402017 
983 390 10 12 0.023386864 
598 463 11 13 0.023291426 
41 737 33 30 0.023253327 
758 523 14 16 0.02321679 
508 612 27 39 0.022909587 
936 470 60 66 0.022828948 
966 388 11 13 0.022800649 
351 395 48 61 0.0227601 
918 397 10 13 0.022721374 
163 487 16 20 0.0226336 
618 471 28 34 0.02262745 
505 400 10 12 0.022452349 
392 442 43 50 0.022322346 
844 399 13 18 0.02225012 
395 490 30 33 0.022085598 
173 379 26 32 0.022026315 
316 548 11 15 0.021899125 
694 163 27 30 0.021711351 
143 507 13 16 0.021544544 
932 391 11 12 0.021479035 
974 398 11 14 0.021086214 
158 486 14 17 0.02103881 
938 395 24 30 0.021031063 
974 412 12 13 0.02098067 
648 163 12 13 0.020828895 
784 372 13 16 0.020737162 
669 137 27 34 0.020732323 
181 504 15 18 0.020698141 
944 389 9 11 0.020552615 
184 380 21 24 0.020282775 
2 142 43 83 0.020262847 
728 581 10 13 0.020252874 
274 528 18 19 0.020221155 
594 381 23 28 0.02020548 
154 478 39 47 0.020007439 
