50_Celebration_Or_Party_birthdayparty_50_396
31
711 817 104 129 0.9998504 
190 116 126 167 0.9988317 
165 837 145 207 0.99528813 
760 1041 80 90 0.99272 
166 809 28 37 0.79863137 
731 86 96 122 0.57860243 
915 354 101 150 0.13113272 
692 97 97 118 0.12741904 
355 940 88 128 0.11895318 
739 1007 32 34 0.10204348 
155 820 26 33 0.07239578 
508 1099 127 159 0.057570122 
563 391 112 141 0.050691295 
470 984 44 51 0.04816776 
723 1046 16 21 0.038194124 
563 854 20 29 0.034226667 
547 1115 35 38 0.032434102 
743 40 36 38 0.028496377 
836 276 222 195 0.02797724 
259 109 112 146 0.027012452 
674 120 65 90 0.026839621 
857 1077 51 76 0.026684579 
170 825 20 25 0.02645607 
686 66 178 232 0.026139166 
558 844 13 17 0.026105111 
157 47 387 458 0.025678432 
410 951 86 109 0.025590386 
141 820 24 36 0.025016457 
721 1044 26 33 0.024198445 
588 395 66 72 0.023098858 
544 1107 57 71 0.02201452 
