50_Celebration_Or_Party_birthdayparty_50_374
27
590 286 67 82 0.99687046 
730 307 67 88 0.9963642 
433 335 59 70 0.99559104 
264 315 64 92 0.99541926 
129 340 78 89 0.977544 
879 127 87 108 0.85761416 
284 30 59 65 0.05520423 
861 635 14 18 0.054687306 
910 581 13 16 0.046498246 
483 653 46 36 0.04064672 
884 172 11 15 0.03781837 
94 312 30 56 0.032978985 
325 310 44 62 0.03228914 
-3 381 44 65 0.030800149 
898 517 31 36 0.030510783 
567 267 49 63 0.02982157 
933 573 13 18 0.029392608 
875 590 14 15 0.026261238 
424 310 56 74 0.024902381 
874 165 27 35 0.024221107 
749 601 42 54 0.023344276 
402 311 35 48 0.021845235 
557 254 14 18 0.021284968 
857 88 91 122 0.020699974 
390 328 43 58 0.02042574 
491 610 58 52 0.020365711 
878 615 27 32 0.020178854 
