50_Celebration_Or_Party_birthdayparty_50_464
23
277 419 132 156 0.99992895 
316 105 361 434 0.21191949 
541 428 14 18 0.19223529 
545 475 14 18 0.18177907 
138 428 16 18 0.10638353 
478 54 433 490 0.08459494 
-54 158 423 498 0.049511395 
567 512 13 19 0.049210217 
142 380 16 20 0.048528932 
567 446 13 17 0.047108583 
545 720 48 53 0.04670969 
482 386 15 21 0.03783089 
124 625 50 66 0.034240633 
843 162 41 51 0.032761738 
486 410 17 21 0.031844195 
184 13 370 502 0.030967101 
167 491 17 20 0.029283684 
496 478 17 19 0.029258091 
183 419 15 20 0.027134053 
155 540 15 18 0.023038412 
639 160 262 305 0.022984134 
339 334 34 33 0.0218225 
519 523 17 20 0.021342777 
