50_Celebration_Or_Party_birthdayparty_50_43
46
521 256 36 45 0.9993936 
625 405 45 57 0.9991265 
640 255 37 43 0.99896955 
582 41 37 45 0.9985209 
461 96 35 43 0.99815387 
754 242 37 47 0.9981188 
395 261 39 48 0.9971228 
205 267 46 56 0.996626 
484 444 46 55 0.9958379 
715 95 35 43 0.9949886 
772 414 44 52 0.9920359 
298 112 40 49 0.9898449 
353 418 44 51 0.9890463 
202 75 39 47 0.97398925 
209 156 20 22 0.6091582 
625 546 19 23 0.60505205 
793 546 20 24 0.5839309 
733 568 15 20 0.24901684 
464 175 11 13 0.24564773 
394 316 26 29 0.20200883 
322 328 26 34 0.06786969 
195 387 22 25 0.05834673 
518 185 12 14 0.05569489 
361 495 24 28 0.043526214 
536 444 39 52 0.043029882 
645 217 18 23 0.037577037 
715 155 13 17 0.035602566 
682 432 23 31 0.034729846 
762 202 28 32 0.034378726 
537 126 9 13 0.03214671 
327 75 15 18 0.030652976 
526 421 35 37 0.030144764 
663 131 15 18 0.029855596 
182 465 110 134 0.028808985 
704 515 14 18 0.02773254 
520 309 23 26 0.027685609 
523 187 13 15 0.026406456 
488 215 10 13 0.026356062 
664 506 18 21 0.025067357 
733 558 16 20 0.024360346 
679 598 10 12 0.023074964 
695 538 11 14 0.021515202 
154 202 9 13 0.021166379 
421 393 494 576 0.02094482 
152 147 12 16 0.020638835 
708 539 21 30 0.02063633 
