50_Celebration_Or_Party_houseparty_50_326
18
66 307 105 138 0.99994636 
826 326 113 148 0.99993443 
354 312 45 55 0.9929322 
76 670 41 49 0.25653145 
268 515 373 466 0.12185919 
438 454 26 33 0.10767337 
-80 288 441 566 0.08802542 
444 456 15 20 0.039736103 
291 341 28 35 0.027768781 
2 516 36 78 0.027323706 
820 761 221 265 0.026725153 
693 13 8 11 0.026428083 
734 15 10 12 0.025474498 
313 424 61 68 0.023689538 
496 363 13 16 0.021536384 
646 376 31 33 0.02146462 
643 435 50 63 0.020924728 
304 586 15 20 0.020275576 
