50_Celebration_Or_Party_houseparty_50_173
57
763 235 32 35 0.9980222 
322 421 27 32 0.9918936 
409 276 25 30 0.9907611 
711 300 24 28 0.9295877 
578 165 47 57 0.5733919 
255 226 16 20 0.32618403 
859 293 16 21 0.25964028 
342 453 16 21 0.23101972 
278 466 32 45 0.20072235 
374 366 16 22 0.16552621 
367 226 425 500 0.15747644 
245 222 44 54 0.14435305 
296 448 32 44 0.11222501 
765 327 11 13 0.11144121 
874 333 18 23 0.09770144 
707 349 13 16 0.08857175 
405 401 15 20 0.08370078 
763 229 15 23 0.07147506 
941 505 12 17 0.060314696 
410 369 10 15 0.057446774 
835 102 193 292 0.05389157 
176 427 16 19 0.05124089 
222 465 12 16 0.05046957 
376 405 10 14 0.04418237 
437 261 16 18 0.04181084 
990 461 15 19 0.040862516 
428 261 21 27 0.0366647 
504 348 26 29 0.036042836 
768 377 13 17 0.035304837 
395 279 38 47 0.034764122 
999 413 13 17 0.034378998 
670 404 12 16 0.033516876 
385 646 31 33 0.03191054 
707 338 16 18 0.030036394 
714 330 17 19 0.028894227 
740 322 13 17 0.028236985 
320 415 43 57 0.027971106 
732 348 13 17 0.026679363 
717 328 25 31 0.026415061 
990 238 15 23 0.026088027 
750 324 12 15 0.025967017 
329 431 27 35 0.025480656 
305 447 17 23 0.02483464 
757 330 13 15 0.024621418 
773 353 14 17 0.023913711 
248 204 29 28 0.023275234 
304 433 32 44 0.023142073 
750 374 12 15 0.022750266 
716 347 13 17 0.022283891 
734 323 13 19 0.022075964 
766 340 12 16 0.021891942 
178 421 25 32 0.021722494 
705 344 22 27 0.021692622 
771 342 13 16 0.020720528 
399 278 18 23 0.020603502 
469 227 14 16 0.020465286 
377 296 40 51 0.020391352 
