50_Celebration_Or_Party_houseparty_50_735
18
187 53 389 494 0.99976283 
26 605 368 496 0.16376834 
668 465 119 98 0.13897756 
902 887 113 120 0.09711798 
931 905 66 72 0.086715005 
677 633 46 49 0.080384254 
781 740 120 136 0.041506186 
931 907 36 41 0.036677316 
136 871 160 154 0.034245484 
99 79 288 449 0.032838333 
965 950 38 43 0.0306984 
640 424 198 222 0.030472046 
669 460 78 66 0.030158985 
332 -56 423 528 0.0298267 
649 675 69 102 0.028529815 
335 1046 471 497 0.020475764 
654 617 93 112 0.020221014 
793 747 182 250 0.02017612 
