50_Celebration_Or_Party_birthdayparty_50_283
74
247 372 54 72 0.9990102 
811 180 35 42 0.9979797 
595 309 36 44 0.9978947 
121 458 54 74 0.9978946 
17 462 69 108 0.99574786 
439 270 26 37 0.99361974 
888 295 28 39 0.99092406 
362 354 37 53 0.9908574 
654 168 40 49 0.9787982 
774 482 54 62 0.9458844 
459 314 23 26 0.94186217 
466 353 30 41 0.8905089 
771 332 39 54 0.81488883 
861 455 61 96 0.41024646 
125 105 42 79 0.28619385 
845 439 62 73 0.22569469 
185 115 38 58 0.18290778 
748 296 17 24 0.16063525 
768 463 33 49 0.15564613 
851 233 23 31 0.10389055 
387 241 17 19 0.08131449 
723 302 21 28 0.06958898 
332 468 30 32 0.05973907 
742 481 68 71 0.058969796 
482 258 18 22 0.055226978 
423 247 11 13 0.052779395 
147 480 33 48 0.048445947 
456 190 21 31 0.0481201 
764 329 28 40 0.046968535 
679 526 53 76 0.044408206 
725 232 19 29 0.04333833 
446 353 28 37 0.038435385 
342 243 13 16 0.034916732 
619 188 24 28 0.034281503 
267 253 12 17 0.03215003 
164 127 50 72 0.031841327 
861 231 11 15 0.031155845 
272 400 32 46 0.030933952 
33 203 11 14 0.030731177 
449 129 16 19 0.030312102 
789 239 23 27 0.030145328 
866 425 60 72 0.029741844 
467 195 24 30 0.02936186 
427 276 28 37 0.029329702 
327 238 12 14 0.029120145 
295 236 11 14 0.028787903 
929 359 22 29 0.028737431 
454 199 13 19 0.027736563 
735 301 24 26 0.026775097 
831 426 61 60 0.026736736 
301 238 11 15 0.026452098 
366 218 15 20 0.026089111 
483 183 16 23 0.025374047 
474 185 22 29 0.024825979 
650 322 16 20 0.024194617 
775 430 62 70 0.023715788 
322 245 10 12 0.023261907 
729 312 26 26 0.022771703 
462 208 12 16 0.022606937 
598 462 13 17 0.022368208 
270 358 27 43 0.022357179 
428 251 12 16 0.022315316 
485 211 12 17 0.022144316 
1014 36 11 17 0.02155798 
367 244 10 13 0.021367503 
449 302 36 46 0.021255367 
468 210 25 31 0.020927107 
175 114 65 109 0.020866279 
796 417 56 59 0.020731045 
852 463 39 59 0.020523887 
297 324 10 12 0.02030997 
988 282 14 17 0.02009846 
1008 270 11 15 0.020088864 
283 419 25 37 0.020022392 
