50_Celebration_Or_Party_birthdayparty_50_18
79
232 375 26 33 0.99757963 
847 376 28 34 0.9969981 
334 365 24 30 0.9918516 
134 404 25 35 0.9895975 
612 343 22 30 0.9824239 
806 347 22 27 0.97677773 
764 400 19 31 0.9687335 
641 337 20 27 0.9617132 
544 352 21 26 0.94752324 
718 334 19 26 0.9431591 
664 397 20 31 0.78455836 
468 356 16 23 0.5324595 
928 378 18 21 0.3981831 
395 369 17 24 0.28504217 
379 372 15 18 0.27688408 
812 370 26 30 0.27357966 
531 440 17 18 0.2633714 
630 335 23 30 0.17395464 
681 411 15 18 0.16404735 
456 348 23 30 0.15642186 
675 406 16 21 0.12088032 
636 262 17 22 0.10489448 
462 369 23 29 0.088706136 
121 410 40 44 0.083423376 
380 283 28 35 0.07239938 
538 427 27 32 0.07153185 
702 289 16 19 0.07039491 
866 364 14 19 0.065681696 
557 336 15 19 0.061509095 
397 212 13 18 0.06149131 
534 203 13 15 0.059481416 
276 502 14 18 0.057122383 
318 501 18 21 0.048229583 
799 335 36 44 0.041555423 
779 312 25 29 0.040460385 
623 41 12 15 0.03904747 
794 372 14 18 0.038841642 
285 456 28 32 0.036227077 
955 340 11 15 0.03550079 
770 303 39 47 0.035020586 
235 362 27 35 0.03452767 
529 203 25 31 0.033954334 
877 365 12 16 0.033814237 
919 368 22 28 0.03325784 
274 497 25 27 0.032974213 
596 230 28 31 0.032704 
775 408 18 21 0.0303863 
498 382 16 22 0.030233264 
533 391 13 18 0.0301346 
550 425 25 32 0.030053772 
778 303 17 20 0.029735787 
518 434 28 31 0.029397257 
303 494 25 28 0.029060619 
538 213 28 32 0.028655583 
291 500 26 31 0.027895221 
803 426 16 18 0.027794529 
612 301 27 32 0.02775182 
534 463 14 19 0.027482873 
512 417 25 33 0.025885405 
572 204 28 28 0.025797047 
940 333 27 32 0.024771605 
549 368 27 32 0.024088962 
338 358 18 23 0.02392716 
805 360 27 33 0.023849657 
474 348 14 23 0.023589505 
918 361 12 17 0.022469984 
635 390 19 21 0.022339651 
754 405 23 29 0.022199651 
278 462 15 23 0.022053378 
547 341 22 29 0.021726204 
539 376 25 31 0.02172604 
763 412 28 29 0.021199169 
215 411 14 19 0.021167722 
523 475 14 17 0.021136338 
562 332 15 19 0.02064085 
500 449 16 20 0.020305393 
965 342 11 13 0.020291524 
417 422 37 46 0.020235859 
386 196 13 16 0.020072507 
