50_Celebration_Or_Party_houseparty_50_323
19
676 170 78 96 0.9981177 
550 154 75 95 0.9975926 
618 493 68 64 0.24001753 
892 -2 114 201 0.21711603 
601 462 61 58 0.07793708 
403 293 131 128 0.052641872 
1006 141 14 25 0.051549397 
134 330 400 421 0.049863625 
843 456 182 293 0.04833901 
476 304 78 83 0.04266513 
349 294 127 120 0.04008084 
634 476 60 58 0.035050247 
324 324 248 247 0.023920082 
1004 119 20 38 0.023223713 
594 359 333 431 0.02313049 
276 304 416 370 0.022604657 
1008 120 13 21 0.021996127 
1007 130 13 22 0.021332353 
578 478 70 63 0.020777367 
