50_Celebration_Or_Party_houseparty_50_19
73
522 397 35 47 0.9979061 
653 444 29 44 0.97856903 
132 374 45 56 0.9715575 
454 423 19 27 0.93778974 
866 428 39 51 0.9349125 
210 415 33 54 0.7179439 
404 433 23 35 0.6817348 
768 430 22 29 0.6154865 
709 481 18 22 0.25193858 
75 1 448 477 0.20912808 
747 492 13 17 0.1678338 
29 76 89 145 0.1547729 
778 436 19 23 0.14117073 
598 352 21 26 0.12203632 
386 430 35 46 0.11712886 
265 478 14 16 0.10282473 
620 379 16 18 0.09965002 
151 373 33 44 0.09651291 
662 463 27 43 0.089390926 
545 458 30 39 0.07785148 
414 424 26 40 0.075253315 
623 357 10 12 0.07309077 
671 278 21 30 0.07292455 
677 487 15 23 0.060013533 
703 482 15 18 0.059113123 
121 85 255 334 0.05432646 
396 435 19 26 0.052960016 
114 261 16 19 0.051039554 
647 352 10 13 0.041922633 
115 288 32 39 0.04132995 
379 437 27 33 0.040169016 
693 469 9 13 0.03996186 
591 368 13 19 0.039283525 
473 426 24 31 0.03847388 
592 360 22 26 0.037350334 
62 330 16 21 0.03277212 
158 387 34 52 0.032756854 
448 350 18 21 0.031961076 
144 399 36 54 0.03177195 
679 350 10 12 0.031552896 
660 358 12 15 0.030980168 
753 509 9 13 0.030875312 
172 375 16 22 0.029650856 
654 333 9 11 0.029311594 
610 361 15 19 0.027122634 
639 349 10 13 0.026899593 
723 352 11 11 0.026691996 
745 487 12 15 0.026565557 
702 294 11 15 0.026564732 
411 463 14 19 0.026303029 
721 483 12 17 0.026149984 
683 289 13 18 0.025716616 
630 349 10 14 0.025625305 
612 350 12 16 0.025317805 
79 184 197 262 0.024302768 
463 378 30 34 0.024257546 
687 468 11 15 0.024056194 
693 479 22 28 0.023896748 
166 375 29 39 0.023550963 
228 425 26 38 0.023407625 
695 483 12 17 0.022623122 
108 367 29 44 0.02240687 
422 419 28 36 0.022243906 
636 341 10 13 0.021908125 
467 428 18 25 0.021837926 
668 308 10 13 0.021810817 
581 360 13 18 0.021797681 
766 445 25 33 0.021660868 
683 484 15 22 0.021608286 
121 374 33 47 0.021035647 
653 479 26 38 0.020321036 
750 490 22 29 0.02023343 
664 309 9 13 0.020232199 
