50_Celebration_Or_Party_houseparty_50_432
271
627 827 32 38 0.99945563 
565 827 32 39 0.9993247 
336 286 29 40 0.99896824 
721 840 35 46 0.99876297 
717 38 56 78 0.9985569 
401 601 25 33 0.99807847 
512 842 35 43 0.9978259 
312 59 26 38 0.9970837 
629 75 37 48 0.9967348 
694 272 23 31 0.99504685 
471 318 23 34 0.9946438 
312 613 26 32 0.9946103 
617 280 21 27 0.9932661 
252 614 24 33 0.98905957 
416 64 25 34 0.98826575 
539 289 22 32 0.9755332 
148 565 14 17 0.9739681 
569 88 20 31 0.97036284 
393 319 17 23 0.9669116 
373 55 21 28 0.9537266 
887 351 10 12 0.949105 
497 71 38 55 0.9345449 
478 598 25 34 0.8974623 
443 73 23 30 0.8188771 
253 319 18 25 0.80638844 
349 73 21 29 0.76994854 
142 850 13 17 0.6180114 
118 572 12 13 0.4563494 
835 325 14 20 0.45014992 
493 62 13 17 0.4419011 
198 560 15 18 0.40499648 
396 862 11 15 0.38091284 
474 587 24 29 0.3321236 
407 863 12 14 0.31851047 
293 870 15 21 0.3154811 
299 842 12 17 0.29493862 
433 69 24 34 0.28158802 
186 563 16 18 0.27172756 
456 846 26 32 0.2662082 
820 308 11 13 0.2411299 
160 96 7 11 0.24010178 
985 321 11 14 0.23988822 
106 99 8 10 0.23978204 
144 603 9 12 0.20219754 
624 599 8 10 0.19774278 
346 867 9 13 0.1935225 
181 97 8 10 0.16680141 
955 392 15 17 0.14451985 
295 838 12 16 0.13689734 
1 570 11 17 0.11255332 
11 821 15 18 0.10855244 
128 101 8 10 0.106470704 
319 43 24 38 0.105994344 
101 117 9 11 0.09990852 
323 57 23 36 0.097719684 
653 608 7 9 0.09545458 
340 65 23 33 0.09246882 
492 59 22 32 0.0887732 
455 78 28 30 0.087946095 
468 593 16 19 0.07826348 
980 353 12 15 0.076106556 
219 833 14 18 0.07500902 
269 861 12 17 0.072614 
980 343 10 12 0.06796577 
178 563 9 14 0.067515224 
387 629 14 18 0.06683258 
86 112 7 9 0.06572774 
437 860 10 12 0.0650631 
477 62 13 18 0.064062856 
825 321 22 27 0.06366876 
260 859 16 24 0.06291571 
485 61 17 24 0.061991088 
147 599 9 12 0.05973211 
493 601 24 35 0.05953346 
470 76 39 51 0.05924935 
740 597 9 12 0.058585122 
183 559 11 16 0.05811426 
671 607 8 10 0.058085296 
446 852 23 29 0.0566204 
731 667 18 22 0.05616894 
431 856 10 12 0.055692118 
366 861 12 16 0.05284029 
827 310 12 14 0.052489202 
829 317 16 19 0.051037904 
739 605 8 11 0.050922956 
474 82 16 20 0.05066184 
243 298 13 17 0.04929261 
116 374 12 13 0.048987724 
339 59 17 23 0.04891295 
22 801 13 19 0.048557144 
354 68 15 23 0.046877075 
481 320 25 30 0.04629866 
652 612 9 11 0.045984384 
976 347 13 16 0.04564473 
722 684 14 18 0.044124115 
812 895 14 17 0.043915406 
328 870 10 12 0.04339659 
422 693 11 14 0.043202687 
220 618 15 20 0.043048214 
135 597 9 12 0.042562637 
103 113 8 10 0.042363923 
328 920 10 11 0.041721083 
277 847 14 20 0.04157228 
526 295 24 29 0.041152343 
87 374 11 11 0.04108868 
375 859 10 14 0.040894184 
51 874 15 23 0.040670957 
446 860 12 15 0.04044753 
1009 115 10 15 0.040300507 
166 580 10 12 0.040132027 
135 566 10 13 0.03983974 
525 457 234 269 0.039538406 
381 884 12 14 0.039391264 
375 869 11 14 0.039150424 
179 100 8 10 0.039002996 
310 854 11 15 0.038498268 
624 594 8 10 0.03811556 
951 375 9 11 0.03793657 
343 885 13 17 0.037857134 
768 620 132 181 0.037827916 
530 325 15 18 0.037801474 
28 803 12 19 0.037070613 
95 84 8 11 0.036713533 
36 102 9 13 0.036632847 
298 837 20 28 0.036403097 
114 579 10 14 0.035656735 
216 870 12 16 0.035365265 
982 133 10 13 0.035276834 
666 592 7 9 0.03524016 
380 876 11 13 0.03439487 
261 880 14 19 0.034099247 
275 863 13 20 0.03383864 
332 41 14 21 0.033584595 
165 571 11 14 0.033563927 
821 312 14 18 0.033310283 
230 51 15 20 0.033290066 
123 568 11 13 0.033261687 
349 88 23 31 0.033033185 
819 304 10 12 0.0325802 
133 591 9 12 0.032462824 
381 869 12 15 0.031947028 
719 603 11 14 0.031923458 
642 623 8 10 0.031676147 
927 113 9 11 0.031618834 
11 791 22 29 0.031609207 
359 862 12 14 0.031323526 
143 917 64 58 0.031290974 
697 609 8 9 0.031218598 
183 87 7 10 0.031202111 
18 825 13 16 0.031136585 
449 372 10 14 0.031073248 
173 588 13 17 0.031042226 
54 86 10 11 0.031015543 
207 374 11 12 0.030799704 
239 305 11 15 0.030783795 
830 398 43 59 0.030522097 
709 693 12 15 0.030347606 
154 570 13 15 0.02994439 
182 551 10 13 0.029914673 
389 860 20 23 0.029865623 
946 113 7 9 0.029523028 
284 841 21 27 0.029183336 
970 371 10 14 0.028883103 
94 918 27 30 0.028817652 
615 599 8 10 0.028736526 
574 311 9 12 0.028623711 
606 351 9 11 0.02861185 
401 860 19 22 0.028384846 
830 103 8 11 0.02827462 
171 916 25 30 0.028212711 
294 845 14 20 0.028055016 
609 593 8 10 0.028050352 
153 118 7 10 0.028025659 
151 928 31 37 0.027814263 
610 598 8 10 0.027522895 
165 593 14 18 0.027434204 
934 113 8 11 0.0274202 
114 568 19 22 0.027388355 
268 839 24 31 0.027258335 
39 829 11 13 0.027118951 
203 95 14 17 0.027003894 
332 876 10 14 0.02696024 
976 335 10 12 0.026914872 
6 806 24 31 0.026885638 
166 94 8 10 0.026791578 
294 832 12 16 0.026782608 
972 119 11 13 0.026755372 
950 111 8 10 0.026722101 
-1 564 18 30 0.026707016 
96 113 8 10 0.026685445 
168 89 8 10 0.026547128 
616 593 6 8 0.026504394 
213 319 10 12 0.026002632 
418 571 17 21 0.025813567 
669 612 10 12 0.025721084 
434 577 18 23 0.025437946 
314 859 12 16 0.025307624 
478 583 15 19 0.025161631 
304 852 21 28 0.024992025 
182 376 9 10 0.024941325 
383 681 13 19 0.024891343 
969 117 10 11 0.024855224 
545 97 25 32 0.024729079 
683 724 25 34 0.024664907 
601 376 11 14 0.024655819 
233 327 8 11 0.024399169 
332 916 10 12 0.024396982 
717 689 14 17 0.024396785 
183 80 8 10 0.024368033 
157 931 18 19 0.02420663 
1012 39 10 14 0.024089905 
600 340 10 12 0.024079284 
235 891 13 16 0.024069907 
464 66 24 28 0.024000183 
160 920 25 31 0.023989126 
209 323 11 13 0.0239652 
599 356 9 12 0.023866285 
742 615 8 10 0.02382388 
333 871 9 12 0.023755323 
292 323 26 33 0.023704011 
125 578 10 13 0.023585428 
430 854 23 27 0.023532076 
375 665 11 14 0.023210336 
275 874 13 17 0.023205768 
1013 121 10 15 0.023190055 
937 391 11 15 0.023085242 
66 374 9 11 0.022934848 
333 910 10 13 0.022851573 
136 118 9 11 0.022783719 
576 92 22 31 0.022670124 
446 349 10 15 0.022660544 
85 95 9 11 0.02258458 
176 79 7 9 0.022456413 
136 854 15 20 0.022365447 
790 292 10 14 0.022278536 
343 872 13 16 0.02215067 
273 868 20 28 0.02213165 
640 616 8 11 0.021998769 
142 318 11 12 0.021904636 
664 597 7 10 0.02186945 
555 95 26 31 0.021841256 
289 854 23 30 0.021810899 
969 342 10 15 0.021779627 
33 373 10 12 0.02168727 
608 369 9 11 0.021624159 
741 591 10 13 0.021519266 
268 873 14 20 0.021509467 
921 112 9 11 0.021476576 
198 364 10 12 0.02147227 
188 577 14 16 0.021450108 
229 54 22 31 0.021435115 
384 52 17 22 0.021377426 
744 623 9 11 0.021348141 
404 417 11 14 0.021060295 
996 346 14 17 0.02104034 
120 95 8 10 0.02101383 
171 54 15 18 0.020999504 
214 297 14 18 0.020840185 
434 917 9 11 0.020821905 
462 596 23 29 0.020818183 
382 860 12 15 0.02077047 
176 87 7 10 0.020646805 
81 374 9 12 0.020640574 
726 673 15 18 0.02058545 
983 332 9 12 0.020565653 
727 615 8 11 0.020485425 
271 888 12 16 0.020421674 
427 572 18 21 0.02036083 
270 853 14 18 0.020337407 
505 127 22 28 0.020263787 
757 596 10 12 0.020215582 
