IMG_E0301
13
553 776 532 597 710.92847 958.2267 954.03015 963.16925 838.58356 1083.5137 721.4834 1205.1818 928.0151 1208.8126 0.99999046 
-74 1468 520 627 41.87363 1664.3766 195.98914 1648.625 75.92937 1788.6898 71.27231 1932.9968 198.60654 1921.3308 0.21787643 
968 1436 671 642 1155.0201 1614.1532 1367.0544 1571.4039 1262.9293 1724.0806 1223.2013 1900.2843 1400.1786 1867.3921 0.08856049 
572 1048 493 544 750.765 1221.1307 926.0466 1247.6733 833.0771 1354.9473 736.00604 1443.5585 876.5175 1466.3829 0.08680767 
567 591 409 511 706.91565 839.72864 839.83746 836.7105 778.234 959.42285 720.86346 1004.0574 833.26697 1002.3021 0.04249361 
919 1655 449 582 1012.7721 1824.4166 1204.2827 1816.5608 1085.2678 1942.937 1031.9312 2083.393 1190.7891 2077.056 0.038556825 
430 1167 403 514 556.69556 1361.1556 683.70544 1349.521 626.4026 1490.6405 590.9084 1573.8861 689.268 1563.8577 0.025432974 
452 1512 102 135 479.13663 1568.2035 497.38333 1570.5435 471.29962 1599.519 480.87225 1615.2683 491.97992 1616.7908 0.02405692 
914 15 494 487 1098.075 201.21507 1240.1138 181.48367 1188.8441 297.53574 1133.4509 373.3753 1244.9042 357.6289 0.024056036 
476 977 106 191 496.6278 1066.367 528.81287 1059.4227 506.7771 1093.7643 504.63498 1130.2738 529.3919 1123.9614 0.022979865 
324 1943 51 60 347.35092 1971.2434 352.5337 1971.5635 351.58353 1976.2683 351.21542 1981.4277 354.8361 1981.8516 0.022682646 
109 1717 465 537 293.3874 1931.4727 417.4856 1919.8766 373.08292 2037.3141 318.34988 2127.3474 418.2574 2120.91 0.020870218 
929 1381 361 497 1041.6732 1577.7687 1141.805 1589.1249 1067.4132 1678.3295 1038.6227 1754.6036 1112.1321 1766.1989 0.020811185 
