42_Car_Racing_Nascar_42_650
113
380 157 36 42 0.9955206 
688 191 20 27 0.9456413 
109 132 37 61 0.9240803 
909 174 14 21 0.8937535 
780 142 19 26 0.73808944 
654 217 12 16 0.70724565 
7 171 33 40 0.499583 
983 191 10 16 0.4305778 
768 206 12 16 0.39592403 
750 205 10 14 0.32816216 
628 221 13 17 0.21688513 
221 172 10 13 0.18182586 
234 198 15 17 0.16795464 
180 188 14 19 0.15291141 
790 212 11 12 0.1499518 
288 168 12 18 0.13840044 
636 228 13 17 0.13817674 
420 519 14 18 0.13726974 
987 191 11 13 0.12490817 
78 147 25 40 0.11045316 
832 175 10 13 0.10367181 
406 132 31 48 0.10172854 
919 209 13 19 0.08067943 
628 205 23 28 0.07848149 
835 204 13 17 0.07517053 
172 185 24 30 0.0701117 
968 1 55 51 0.0653524 
977 189 12 16 0.06219131 
851 203 12 15 0.06000994 
611 227 13 15 0.058920387 
566 225 13 16 0.05642608 
593 231 9 12 0.054821346 
4 186 14 20 0.053664416 
74 134 25 40 0.049005967 
186 192 13 18 0.046109848 
997 190 10 13 0.045267332 
237 180 11 12 0.045037206 
765 144 27 33 0.04498073 
160 214 26 35 0.04427074 
632 218 17 19 0.043593325 
1 178 22 35 0.04160575 
726 129 15 22 0.041115124 
1 174 11 17 0.0394744 
229 128 13 18 0.03856803 
230 175 10 13 0.038114794 
840 230 12 14 0.037793107 
643 227 14 19 0.036825933 
596 236 9 12 0.035907447 
232 179 11 13 0.03578324 
682 234 15 20 0.035758104 
609 221 13 15 0.035738137 
776 140 14 21 0.03539066 
286 232 465 528 0.035015494 
199 196 10 13 0.03452734 
902 208 9 11 0.033281766 
609 217 21 26 0.03292314 
361 214 25 31 0.03259164 
278 223 16 18 0.03152483 
563 194 12 16 0.03139716 
834 178 12 16 0.03085882 
898 171 20 29 0.030838734 
159 186 29 34 0.03054976 
596 162 11 14 0.030321475 
1007 300 12 18 0.029812362 
780 186 11 15 0.029407844 
710 230 12 17 0.028981041 
236 205 15 21 0.028744202 
235 188 16 20 0.028388215 
482 82 43 45 0.028285488 
263 155 39 49 0.028120078 
414 430 12 17 0.02727525 
757 203 12 17 0.02696258 
0 190 12 20 0.026526965 
151 203 30 37 0.026317783 
217 167 11 14 0.02626219 
572 222 14 16 0.025870956 
230 207 14 18 0.0248892 
36 422 13 17 0.024708556 
202 210 14 16 0.024666399 
483 509 12 14 0.024546478 
756 129 15 19 0.024519576 
784 210 13 16 0.024451647 
623 214 13 17 0.024157744 
623 198 12 15 0.024154486 
174 197 16 22 0.023965918 
603 413 18 21 0.023810124 
730 126 13 17 0.023688484 
797 191 14 18 0.023589022 
236 131 12 17 0.023302581 
781 134 14 20 0.023249298 
596 189 12 15 0.023224756 
795 210 12 17 0.023196211 
983 191 18 24 0.023134898 
642 210 20 24 0.022817135 
897 207 9 11 0.022189412 
822 202 10 15 0.022049084 
787 207 22 31 0.022038419 
790 197 21 29 0.021767877 
790 145 18 23 0.021656068 
173 201 27 33 0.0216129 
239 322 43 55 0.021481248 
238 170 44 50 0.021463025 
223 213 11 13 0.02101474 
804 229 11 13 0.020778997 
556 189 14 19 0.020769248 
592 222 10 13 0.020727213 
12 183 17 23 0.020687228 
913 180 17 22 0.020493202 
241 202 15 19 0.020425323 
750 130 13 17 0.02040393 
757 121 23 29 0.020333836 
590 163 12 14 0.020234156 
304 274 14 16 0.020059094 
