42_Car_Racing_Nascar_42_661
53
819 255 31 41 0.9992747 
172 292 26 28 0.15368901 
170 206 16 20 0.12211309 
206 179 31 39 0.11907682 
129 212 11 13 0.107456 
690 406 35 41 0.103210464 
807 376 16 20 0.09992685 
778 10 13 17 0.089410454 
622 135 79 106 0.06904095 
174 184 48 56 0.06796709 
247 -53 414 475 0.058957253 
948 359 30 31 0.05680961 
657 146 53 75 0.050912395 
92 293 11 16 0.049717695 
893 350 33 41 0.049338263 
623 322 15 17 0.04811661 
171 197 29 34 0.047599673 
665 525 59 74 0.044363003 
86 83 13 17 0.03982581 
145 12 14 16 0.037887488 
90 248 23 29 0.036977947 
642 357 51 52 0.036243565 
532 416 32 34 0.034190554 
384 268 9 10 0.033482898 
145 3 15 17 0.03336931 
130 291 13 19 0.033284232 
968 367 30 26 0.033044863 
874 384 32 43 0.032049615 
619 -22 421 491 0.031160567 
93 79 10 13 0.03107439 
875 366 103 115 0.029997872 
145 36 9 13 0.029620312 
475 179 103 129 0.028368372 
400 60 210 299 0.028167697 
710 155 84 120 0.02778636 
145 255 9 13 0.027745837 
80 84 12 17 0.027620621 
502 61 11 14 0.02759127 
116 203 11 13 0.026194816 
214 285 13 17 0.025805954 
231 305 405 505 0.023840195 
163 278 41 49 0.023558477 
780 452 15 18 0.023420587 
155 197 10 14 0.02314735 
772 4 22 27 0.022546262 
707 144 57 75 0.02238144 
382 181 331 432 0.022285514 
561 329 11 14 0.02165224 
60 122 14 17 0.021570161 
172 -6 93 103 0.02147465 
170 2 17 18 0.021354793 
148 80 15 18 0.020457381 
155 201 14 18 0.020366019 
