42_Car_Racing_Nascar_42_922
180
531 61 94 113 0.99932194 
249 189 53 80 0.99885535 
348 115 84 103 0.9961904 
856 153 48 84 0.8490614 
127 238 11 15 0.40382367 
76 183 10 13 0.38409483 
873 165 52 84 0.32655132 
8 166 7 9 0.28819153 
941 130 45 63 0.26514125 
30 207 8 11 0.2365745 
96 192 9 11 0.22258624 
21 191 9 11 0.15986814 
41 241 12 16 0.1262366 
71 153 7 8 0.1262023 
78 134 7 9 0.12133927 
38 198 8 11 0.11968705 
16 227 10 12 0.11480015 
48 184 8 10 0.10479553 
0 188 8 12 0.10153347 
23 157 7 9 0.10126729 
707 341 15 18 0.10112716 
108 236 11 16 0.097832814 
174 177 8 9 0.096333966 
96 168 8 10 0.09441624 
0 215 9 12 0.09382026 
64 192 7 10 0.089464106 
49 205 8 10 0.08847978 
97 136 7 9 0.08659868 
31 167 8 10 0.086503364 
835 161 47 69 0.083746485 
74 133 8 10 0.07646932 
132 243 11 13 0.074447304 
21 224 9 11 0.07391329 
55 190 7 8 0.07327947 
754 244 46 62 0.07230495 
101 191 8 10 0.07182587 
172 227 11 13 0.07121134 
91 243 22 28 0.070335306 
5 118 9 11 0.0687992 
111 185 8 9 0.06878053 
991 256 14 17 0.06761998 
118 201 9 11 0.0657831 
157 168 7 10 0.0642047 
29 212 8 11 0.06313033 
88 159 8 9 0.06266509 
57 160 8 9 0.061436247 
100 240 15 24 0.060834795 
16 195 10 12 0.06071975 
895 179 59 85 0.059996154 
75 120 6 8 0.055857267 
94 151 8 9 0.05520857 
127 233 9 12 0.054155458 
54 206 8 10 0.052949917 
22 195 9 12 0.0521948 
54 185 7 9 0.051778737 
46 175 8 10 0.05158702 
40 174 8 10 0.051525272 
3 166 7 10 0.051460076 
15 174 8 10 0.051408418 
18 153 7 9 0.051252354 
16 214 8 11 0.049830902 
145 215 8 10 0.04829103 
33 135 7 9 0.048274558 
63 197 9 10 0.04790481 
39 150 8 9 0.04650393 
105 185 8 10 0.044775262 
78 128 7 10 0.044398103 
15 135 10 11 0.044356123 
183 165 8 10 0.043994598 
0 150 7 10 0.04289739 
72 199 9 10 0.04279222 
137 145 7 10 0.042769436 
32 199 9 11 0.042462207 
49 189 8 10 0.041948326 
46 150 7 9 0.041902088 
88 191 9 11 0.04147731 
128 184 6 9 0.04127008 
119 228 10 12 0.0411513 
40 193 6 8 0.041084573 
19 158 7 9 0.040615216 
55 232 9 13 0.040567372 
63 144 7 9 0.040067416 
103 168 7 10 0.040025458 
14 167 7 9 0.039399844 
17 184 8 10 0.039168045 
8 111 9 11 0.03825212 
6 190 7 11 0.037807632 
765 266 13 18 0.03763581 
64 151 7 9 0.03740125 
112 277 12 15 0.0371615 
152 151 7 9 0.03666817 
100 197 8 11 0.03591955 
15 208 9 10 0.035637382 
114 201 9 11 0.035029434 
95 142 8 10 0.034872845 
56 128 7 9 0.034734 
145 233 8 10 0.034005694 
145 144 6 9 0.033884708 
4 214 9 12 0.03381803 
144 183 8 10 0.033683557 
105 150 7 9 0.033671577 
110 148 8 10 0.03363416 
89 152 8 10 0.033182677 
674 323 16 19 0.033067312 
21 183 10 11 0.032618698 
150 216 7 8 0.032547962 
1 207 8 12 0.032310847 
6 184 7 10 0.03182351 
159 223 8 10 0.03146222 
157 173 7 10 0.0312373 
142 246 9 12 0.031147717 
119 168 8 9 0.03074979 
679 304 11 13 0.030646238 
145 209 7 9 0.030527303 
105 143 8 10 0.03033839 
150 237 8 10 0.030327223 
31 173 9 10 0.030133223 
23 175 8 10 0.030098444 
0 159 7 10 0.029873785 
75 337 58 96 0.029217923 
674 309 25 26 0.029157741 
9 238 8 11 0.02883745 
123 235 18 23 0.028589856 
111 230 10 15 0.028406644 
39 203 8 11 0.028274337 
178 198 7 10 0.028241694 
51 241 12 17 0.028218161 
759 266 12 17 0.028103543 
120 159 9 10 0.027888738 
0 198 7 10 0.027887411 
58 144 7 9 0.027656797 
40 224 10 11 0.027655404 
902 103 55 59 0.027489519 
46 236 20 27 0.027486434 
8 198 8 10 0.027407218 
751 261 29 40 0.027119268 
47 133 8 10 0.026982998 
89 166 8 11 0.026702987 
812 177 32 50 0.026495093 
74 128 7 10 0.026218295 
201 174 9 10 0.026202744 
71 177 11 12 0.026033092 
113 174 8 9 0.025883459 
84 183 9 11 0.025847763 
9 143 7 9 0.025443986 
177 192 9 11 0.025185538 
75 199 11 11 0.025182063 
106 159 7 9 0.025164073 
190 167 7 10 0.024881287 
120 152 7 9 0.024754066 
81 249 26 29 0.024729636 
144 189 8 10 0.024665436 
119 234 13 19 0.024571203 
47 168 7 8 0.02415637 
120 135 7 9 0.023962358 
7 171 9 12 0.023933018 
129 217 6 9 0.023748746 
39 145 7 9 0.023568757 
97 130 7 8 0.023485767 
66 183 7 10 0.022643358 
676 307 15 17 0.022423713 
63 166 7 9 0.02238922 
65 175 8 10 0.022358319 
90 143 7 9 0.022294542 
26 166 7 10 0.0221741 
167 237 11 12 0.022093296 
46 231 10 13 0.022075983 
150 145 7 8 0.022034777 
160 151 8 10 0.022026738 
176 205 8 9 0.02184989 
6 207 8 10 0.021779492 
119 173 7 9 0.02145182 
43 182 8 10 0.021189554 
671 329 12 16 0.021162368 
166 158 8 10 0.021040067 
1 145 7 10 0.020865284 
964 235 14 17 0.020738125 
47 145 7 8 0.020598827 
89 196 10 11 0.020315025 
7 221 9 12 0.020275433 
