42_Car_Racing_Nascar_42_462
72
969 303 34 44 0.9971021 
718 337 32 37 0.96354353 
761 708 24 27 0.52795625 
165 202 16 20 0.32694685 
140 206 12 14 0.10592087 
227 493 17 24 0.10320135 
311 161 204 265 0.10044906 
109 231 11 14 0.09694798 
374 441 29 36 0.082325496 
274 379 16 22 0.07907406 
171 374 18 21 0.07558144 
275 372 11 14 0.074789114 
229 273 14 18 0.06653071 
758 108 30 36 0.06463048 
212 56 348 449 0.062073022 
180 233 15 18 0.050419435 
420 370 14 17 0.0477538 
61 445 12 16 0.046655223 
134 210 16 20 0.046500847 
272 195 12 17 0.04640595 
171 238 26 31 0.043377314 
209 303 10 12 0.04244982 
242 249 14 20 0.041625068 
897 579 13 17 0.04069072 
189 335 13 17 0.040509388 
131 225 15 19 0.038285207 
272 366 12 16 0.037712015 
241 163 11 13 0.037649352 
172 201 13 17 0.036203183 
122 234 26 31 0.032973863 
283 400 24 28 0.032198574 
234 269 14 16 0.03201901 
148 308 11 14 0.031744048 
124 250 14 17 0.031518295 
168 372 13 17 0.031374373 
216 199 8 11 0.03127338 
338 351 16 21 0.030894842 
255 198 9 11 0.030683687 
130 241 14 18 0.030534204 
4 39 401 490 0.029546984 
146 205 12 14 0.02861182 
238 255 14 18 0.028602937 
721 331 21 25 0.028493917 
227 376 16 21 0.02773272 
130 233 15 18 0.027686602 
445 458 19 23 0.026668778 
226 267 24 29 0.026586987 
324 292 425 497 0.026501194 
533 430 12 16 0.026143346 
359 357 25 31 0.02613874 
420 398 17 20 0.024305979 
260 377 23 31 0.023993973 
96 468 10 14 0.023735961 
513 434 25 29 0.023556251 
956 400 46 64 0.023462394 
214 203 10 13 0.023119066 
115 447 13 18 0.023023348 
160 330 16 20 0.022814417 
178 227 25 30 0.022126554 
140 199 22 27 0.021804467 
743 706 24 28 0.021223279 
329 789 9 11 0.021176884 
117 244 26 30 0.020556873 
159 206 16 20 0.020546317 
368 389 10 12 0.020535877 
322 344 28 31 0.020477472 
275 190 14 19 0.020309087 
253 270 9 13 0.02030864 
237 184 13 15 0.020265173 
216 617 32 32 0.020254973 
556 397 52 58 0.020127675 
248 359 10 14 0.020073824 
