42_Car_Racing_Car_Racing_42_743
68
604 84 24 31 0.98890394 
374 437 82 123 0.27734548 
696 113 12 15 0.17955418 
750 101 9 11 0.14575656 
652 100 17 21 0.14560357 
95 116 13 14 0.14238036 
808 102 10 13 0.11035622 
548 125 15 22 0.08188127 
670 146 12 18 0.07917091 
979 112 14 20 0.07694509 
776 105 9 10 0.07546415 
86 131 13 16 0.07435659 
758 111 10 12 0.07344666 
751 108 9 12 0.064605124 
846 306 16 21 0.06337296 
667 118 12 15 0.05849832 
757 101 9 13 0.05703784 
746 96 9 11 0.0550924 
103 156 11 13 0.05237075 
108 157 14 16 0.04688545 
70 183 32 37 0.046449337 
713 141 10 13 0.04507058 
55 136 9 12 0.045062166 
159 141 11 14 0.04469115 
91 119 16 20 0.044146467 
187 205 141 151 0.04043938 
974 114 23 34 0.03911089 
806 107 10 14 0.037884172 
495 121 14 16 0.03765949 
958 113 33 41 0.036829777 
89 223 10 13 0.036752462 
99 119 15 18 0.036350098 
916 388 96 151 0.036309883 
837 306 14 19 0.03609509 
84 197 12 14 0.03556202 
590 115 25 32 0.034831274 
123 119 15 18 0.034795478 
178 176 33 43 0.032246634 
648 103 14 20 0.032228053 
83 126 24 27 0.03191042 
985 111 15 19 0.03097684 
692 205 20 27 0.030705519 
595 143 16 22 0.030431543 
102 152 24 29 0.029975329 
566 92 22 26 0.029468345 
15 142 9 12 0.029049452 
21 161 16 19 0.026219923 
593 134 29 37 0.026173247 
95 154 12 15 0.025788374 
90 147 28 35 0.024999416 
184 182 18 22 0.024852687 
886 108 11 15 0.024383754 
689 114 12 15 0.02393778 
809 96 10 13 0.023700558 
663 121 13 15 0.0228911 
945 130 32 37 0.0228517 
793 156 8 11 0.02279015 
125 1 14 12 0.021895355 
577 96 15 19 0.021886157 
591 115 15 20 0.021541992 
751 114 10 13 0.02127872 
756 96 9 12 0.020575471 
800 109 12 16 0.020548115 
660 110 21 26 0.020538192 
85 166 29 37 0.02052173 
663 142 21 29 0.020474052 
403 29 14 18 0.020318154 
768 103 9 12 0.020044055 
