42_Car_Racing_Car_Racing_42_1045
29
641 284 135 165 0.99986446 
393 253 157 218 0.99792826 
968 371 13 17 0.5070206 
777 187 41 60 0.4915845 
933 382 12 18 0.20955321 
924 381 21 28 0.12282227 
956 390 16 20 0.07660288 
931 -6 41 35 0.06915587 
792 176 28 52 0.057879966 
882 0 15 15 0.05238458 
759 201 63 88 0.051981676 
960 381 20 27 0.05108547 
974 748 10 12 0.040585853 
1007 388 15 19 0.04048545 
452 48 13 15 0.03905607 
928 561 94 168 0.03495348 
423 48 24 26 0.034624856 
915 372 27 32 0.03325789 
886 398 12 16 0.03247266 
932 385 23 29 0.027128804 
965 386 25 30 0.025617793 
880 -2 24 24 0.024367798 
990 396 11 14 0.022794573 
909 382 52 48 0.022549838 
999 390 11 15 0.02185978 
979 415 23 34 0.021769239 
945 388 26 30 0.021075217 
958 430 10 13 0.020803858 
591 48 45 38 0.020222325 
