42_Car_Racing_Nascar_42_828
32
459 85 49 61 0.99896777 
325 70 55 70 0.998502 
537 78 49 60 0.9967257 
757 122 26 30 0.53640866 
175 117 20 32 0.2302931 
737 63 86 116 0.06379409 
683 71 12 15 0.061854653 
272 152 9 12 0.058554653 
756 110 42 58 0.052846707 
800 213 17 20 0.046119813 
299 39 10 13 0.04250502 
222 173 10 12 0.0413456 
231 171 12 15 0.03893313 
985 245 16 21 0.037750807 
431 440 126 129 0.030730095 
913 300 30 33 0.030527003 
734 184 11 13 0.029494666 
208 119 10 15 0.027184807 
171 109 36 48 0.026628396 
304 241 50 58 0.025175016 
485 219 96 108 0.02455146 
922 299 17 18 0.024296774 
697 77 14 17 0.023795396 
183 121 17 23 0.023539647 
747 213 46 63 0.02293074 
247 194 10 13 0.02157494 
167 127 29 39 0.021569628 
175 108 13 19 0.021241672 
197 130 14 19 0.020791635 
835 462 30 30 0.02068149 
793 211 28 33 0.020243736 
217 172 10 15 0.02012774 
