42_Car_Racing_Nascar_42_911
23
502 121 275 355 0.9959377 
995 612 27 37 0.30717796 
363 434 58 101 0.2917432 
912 553 27 31 0.25951552 
457 517 39 43 0.19657394 
225 46 222 239 0.09843354 
572 571 43 53 0.05960777 
91 60 436 467 0.050092384 
991 599 23 34 0.040249363 
354 43 350 402 0.031022696 
396 360 88 114 0.028715795 
566 649 52 54 0.027874734 
373 384 91 127 0.026218256 
607 661 46 61 0.026066905 
558 557 78 96 0.024372289 
806 171 29 41 0.024256509 
286 183 240 283 0.02357388 
439 523 43 56 0.020835802 
631 622 33 46 0.020755142 
996 528 23 37 0.020672662 
965 544 25 30 0.020221297 
990 613 17 27 0.020174405 
828 612 35 39 0.020139154 
