42_Car_Racing_Nascar_42_823
157
412 231 18 28 0.86632603 
191 282 10 13 0.83464724 
990 221 17 21 0.7709781 
896 236 16 19 0.64581954 
253 256 10 12 0.6413189 
338 252 13 15 0.5463851 
276 255 14 17 0.38991156 
124 264 11 13 0.38151056 
715 299 12 15 0.36811462 
359 206 10 12 0.34901422 
328 247 21 26 0.27581808 
177 312 11 14 0.24441081 
663 238 8 11 0.18339138 
371 257 13 17 0.17070878 
191 302 11 14 0.15772912 
295 266 12 16 0.15761995 
142 284 15 18 0.14174433 
540 165 10 14 0.13041365 
663 300 10 11 0.12587558 
212 215 33 39 0.12067057 
205 231 11 14 0.117273904 
0 275 11 20 0.11711355 
181 335 17 20 0.11631304 
197 301 9 14 0.11454938 
850 244 9 12 0.112723984 
282 259 14 18 0.107642666 
459 243 12 16 0.10372996 
482 111 402 457 0.100306526 
330 276 17 20 0.09840214 
664 233 8 11 0.09442793 
356 272 15 20 0.09153459 
371 223 9 11 0.08042764 
149 279 10 14 0.07237248 
145 262 8 10 0.06888806 
408 227 14 24 0.06742192 
299 273 14 16 0.062442377 
204 302 11 14 0.06127182 
347 252 11 14 0.060246512 
394 261 14 18 0.058676027 
89 309 26 26 0.058327165 
295 253 10 14 0.05705818 
216 260 10 12 0.05675864 
999 283 13 16 0.056599364 
135 284 12 15 0.056299824 
221 260 10 12 0.056167003 
332 265 16 20 0.05406828 
702 294 9 13 0.05290686 
556 297 13 16 0.052217923 
318 236 9 13 0.050155953 
208 254 8 11 0.0491781 
703 308 10 11 0.048819702 
223 278 8 12 0.047813173 
149 262 9 10 0.047376167 
697 303 9 10 0.04622643 
176 337 13 17 0.04573911 
120 259 20 24 0.045278322 
370 263 15 21 0.045144275 
189 238 8 11 0.045067877 
220 318 12 15 0.044994995 
176 317 24 29 0.042810548 
464 200 10 13 0.042389646 
319 228 11 15 0.04225997 
634 241 7 8 0.04194236 
220 226 16 20 0.04175174 
42 181 10 12 0.041289236 
176 309 20 24 0.0412041 
959 339 25 27 0.041100718 
221 333 10 13 0.039543543 
754 280 7 9 0.039407346 
319 245 10 13 0.03937831 
217 285 9 13 0.03763783 
228 231 14 17 0.037627432 
685 310 9 11 0.037515257 
467 171 16 21 0.037423406 
215 255 9 12 0.037093874 
202 235 9 13 0.036796905 
272 258 20 24 0.03620342 
718 223 10 12 0.035766415 
697 224 9 11 0.035423797 
187 278 18 22 0.03542052 
852 241 11 13 0.03377623 
667 231 10 13 0.033279017 
128 283 10 14 0.032327652 
257 259 14 17 0.03210934 
686 223 8 11 0.03168951 
634 245 8 10 0.031301852 
326 247 12 16 0.030898448 
320 223 10 13 0.030763155 
492 310 11 15 0.030494016 
657 301 9 11 0.030430932 
204 227 22 28 0.030295618 
415 282 22 32 0.030132176 
319 250 13 17 0.0295422 
656 245 8 10 0.029375942 
253 248 20 25 0.029360665 
221 283 10 14 0.029090649 
486 197 12 15 0.029032208 
201 365 12 14 0.029012676 
686 304 8 11 0.028813757 
710 358 13 15 0.028791511 
185 229 8 10 0.028549401 
956 247 11 13 0.028545601 
529 217 225 266 0.02777267 
621 253 8 10 0.027626343 
177 223 9 12 0.02740734 
233 228 14 16 0.02739488 
617 252 8 11 0.02709183 
885 365 11 15 0.02693661 
495 155 9 12 0.026578153 
299 261 12 16 0.026546303 
351 267 13 17 0.02649353 
214 311 20 27 0.026388949 
467 197 13 15 0.025852917 
494 193 13 16 0.025722627 
608 252 7 10 0.025094535 
329 281 25 29 0.024723884 
190 289 12 17 0.024633342 
156 284 10 13 0.02439182 
300 253 10 14 0.023937993 
681 229 9 12 0.023851976 
184 292 11 15 0.023726992 
372 248 13 16 0.023525747 
358 228 11 13 0.02342836 
667 295 10 12 0.023230724 
485 170 15 22 0.02294825 
967 245 11 13 0.022847088 
183 301 13 16 0.022807147 
600 309 11 15 0.022563754 
479 204 10 13 0.022518223 
198 323 11 15 0.022363149 
359 235 9 12 0.022323828 
222 345 15 21 0.02225737 
288 248 20 27 0.021847665 
454 246 15 19 0.021793904 
187 310 14 19 0.021730056 
362 287 15 19 0.02163783 
214 234 13 16 0.021367757 
131 267 12 14 0.021323446 
347 274 22 28 0.021272117 
225 231 28 33 0.020996641 
60 227 14 17 0.020959867 
105 314 14 16 0.02095023 
968 272 10 13 0.020916525 
689 346 250 216 0.020818697 
1003 202 20 29 0.0207782 
360 223 9 13 0.020766417 
686 230 8 11 0.020704195 
355 204 9 13 0.020613413 
682 224 9 11 0.020354647 
182 259 11 13 0.020350581 
100 231 9 11 0.020323388 
348 295 13 18 0.020240182 
127 277 10 13 0.020225644 
170 311 10 14 0.020217905 
487 314 13 17 0.020175682 
542 190 10 14 0.020165162 
220 241 14 15 0.020162005 
