42_Car_Racing_Nascar_42_468
24
599 14 173 214 0.9987919 
663 648 155 117 0.72676075 
618 627 146 167 0.12086122 
701 668 92 74 0.08811103 
633 406 91 107 0.08292072 
635 543 210 275 0.05970725 
-2 35 88 158 0.048575103 
431 398 363 463 0.04720172 
591 641 102 132 0.039869323 
534 522 32 37 0.03961754 
666 482 40 50 0.0375435 
436 538 139 128 0.03623555 
520 505 53 69 0.0311702 
602 380 87 118 0.030373465 
676 452 61 79 0.030235957 
542 365 45 48 0.028428748 
337 540 195 213 0.02735504 
630 757 10 13 0.025032405 
545 533 17 22 0.024549702 
496 518 103 117 0.023919715 
180 55 29 34 0.023063224 
363 377 28 30 0.020288281 
187 45 31 35 0.02012366 
608 391 55 71 0.020072488 
