42_Car_Racing_Car_Racing_42_602
123
37 163 12 18 0.66893405 
957 228 18 20 0.65485585 
119 166 11 13 0.63020396 
236 175 11 15 0.32430378 
709 127 25 31 0.3178766 
657 129 19 22 0.2484185 
134 176 9 11 0.14492033 
968 174 11 14 0.13702938 
771 140 16 23 0.12441896 
543 128 19 21 0.12051318 
30 167 14 19 0.11257813 
482 124 26 32 0.10018517 
81 175 10 13 0.095018424 
951 226 14 18 0.09478326 
221 411 98 116 0.09243974 
781 179 12 15 0.091712564 
774 179 13 17 0.09165712 
999 235 11 15 0.088786915 
1012 217 11 17 0.0854455 
814 175 11 15 0.081672706 
603 129 19 21 0.08144968 
902 181 10 11 0.08080162 
70 162 10 15 0.07624767 
908 175 9 10 0.07523678 
61 164 11 16 0.073165886 
54 165 12 16 0.07312712 
34 164 22 28 0.071356155 
847 172 10 12 0.06664914 
897 181 8 11 0.06641322 
657 165 18 20 0.06639974 
191 175 8 10 0.06290739 
933 167 9 12 0.061840594 
95 173 10 13 0.056460127 
253 182 10 12 0.05566424 
720 134 17 21 0.055022687 
96 167 8 12 0.05294628 
123 170 12 14 0.04868011 
222 174 10 12 0.04860381 
788 180 11 14 0.048007764 
904 168 8 10 0.047476176 
1007 203 13 15 0.04731026 
254 203 12 17 0.046985317 
823 166 11 12 0.046735622 
974 190 12 14 0.045622572 
217 176 9 10 0.045587167 
252 197 12 15 0.044719536 
87 155 11 15 0.04417682 
116 161 19 22 0.04338705 
988 24 36 61 0.0426973 
820 178 11 14 0.041850798 
878 183 8 10 0.041337248 
100 172 11 14 0.040470503 
839 171 11 14 0.0395134 
597 162 25 29 0.039335493 
201 213 9 12 0.038991336 
252 187 11 15 0.038939558 
318 182 9 11 0.038588516 
776 140 23 34 0.038191326 
153 173 9 12 0.037103932 
1008 212 13 17 0.036626924 
157 174 12 14 0.035129536 
113 105 15 19 0.034992915 
873 198 8 12 0.034597315 
22 172 14 17 0.033327837 
43 159 14 17 0.032702234 
4 201 28 34 0.032639675 
100 167 10 12 0.032566313 
216 180 10 12 0.03252072 
184 172 9 10 0.032003697 
77 163 10 14 0.031167436 
481 146 27 37 0.030958537 
43 166 22 24 0.030910393 
158 179 13 15 0.0303384 
191 180 9 11 0.030024366 
809 175 10 13 0.029941045 
142 166 9 13 0.02988993 
886 191 10 12 0.02924109 
141 173 9 12 0.02904964 
952 194 12 16 0.028563369 
878 190 10 11 0.028471306 
959 174 10 14 0.028378138 
112 149 11 15 0.027615333 
1003 221 18 27 0.027313773 
989 226 14 18 0.027076323 
907 179 11 12 0.026590502 
828 165 11 14 0.026388396 
886 196 11 14 0.026268698 
991 233 12 17 0.026201874 
919 165 10 12 0.025955345 
784 185 11 14 0.0258676 
920 173 8 10 0.025749829 
888 175 10 12 0.025708966 
878 197 10 12 0.02556386 
726 169 11 15 0.025473645 
21 265 11 15 0.025454357 
160 205 11 15 0.025383329 
684 122 13 15 0.025235076 
5 187 27 30 0.024855431 
923 263 13 15 0.02444455 
788 154 11 17 0.024000306 
176 182 8 11 0.023990836 
253 254 10 13 0.023765432 
80 170 18 23 0.023593627 
968 226 15 20 0.023529585 
126 98 14 16 0.023025574 
894 176 9 12 0.022683173 
862 167 10 11 0.022337383 
164 175 10 12 0.022124354 
165 228 11 12 0.022037588 
149 118 9 10 0.021958169 
13 267 14 17 0.021561308 
851 174 10 12 0.021514118 
957 213 14 16 0.021486728 
790 163 9 13 0.021465583 
933 304 11 15 0.021403955 
955 189 12 15 0.021137178 
540 159 29 31 0.021011999 
312 181 10 13 0.02081793 
863 199 9 12 0.020679954 
964 170 19 23 0.020611202 
877 204 11 14 0.020431168 
24 164 12 16 0.020243078 
885 203 13 16 0.020009601 
