32_Worker_Laborer_Worker_Laborer_32_529
40
481 268 78 103 0.99470574 
935 554 21 27 0.4925536 
60 911 496 540 0.42006186 
976 649 9 11 0.18083404 
995 552 18 22 0.14205928 
452 987 326 493 0.10100317 
995 637 24 31 0.08450987 
797 636 11 14 0.08264978 
196 392 17 20 0.060672894 
998 643 14 17 0.05243563 
140 584 16 20 0.051997874 
330 711 54 72 0.047209267 
191 634 39 45 0.046794787 
864 650 12 15 0.038280364 
62 670 9 11 0.037085988 
914 563 12 15 0.03698233 
978 651 11 13 0.035724252 
912 558 12 15 0.034751013 
894 645 10 12 0.033451762 
935 576 13 17 0.033391215 
913 695 10 13 0.03257293 
3 698 31 38 0.031714495 
1001 559 18 23 0.03163603 
1013 767 10 16 0.031331506 
958 550 16 20 0.030481325 
39 658 46 61 0.029326249 
54 632 9 12 0.028999938 
894 621 12 14 0.025042688 
826 685 9 12 0.024716165 
184 752 23 32 0.024273342 
886 710 11 14 0.023321025 
924 579 12 16 0.023196595 
917 699 9 12 0.023163276 
238 1256 409 487 0.022896923 
588 49 119 182 0.021642093 
353 761 422 538 0.021524943 
227 699 13 16 0.020806706 
957 701 8 11 0.02061572 
932 569 22 27 0.020402515 
855 701 11 15 0.020163259 
