32_Worker_Laborer_Worker_Laborer_32_786
18
468 529 186 236 0.9994351 
541 1925 96 115 0.13774079 
836 163 18 23 0.095440775 
467 1901 114 127 0.08547462 
878 71 23 33 0.080814205 
701 1227 176 280 0.072702385 
978 92 27 34 0.05225751 
971 2014 16 20 0.044205688 
939 2014 46 61 0.03956231 
875 60 41 53 0.038310986 
600 1048 343 524 0.03446568 
884 1939 126 142 0.031887215 
604 1577 14 16 0.030170495 
952 2039 31 39 0.025206255 
89 1538 80 115 0.022399154 
610 32 16 20 0.022189554 
331 267 12 15 0.021635456 
48 1458 166 244 0.021202795 
