32_Worker_Laborer_Worker_Laborer_32_462
23
455 198 67 82 0.9846373 
125 432 114 108 0.089970365 
110 377 202 207 0.066376515 
890 238 14 17 0.04705699 
453 205 43 52 0.0411508 
538 154 50 64 0.035685834 
857 160 9 10 0.0306886 
213 3 17 21 0.02934049 
107 427 67 79 0.026541563 
862 157 9 11 0.026460787 
23 250 16 17 0.02625713 
15 261 10 13 0.02508814 
485 192 59 78 0.02492975 
541 123 32 36 0.024853807 
84 316 31 31 0.024323681 
518 0 50 59 0.02419871 
925 166 12 14 0.02304846 
313 96 17 22 0.022221891 
623 39 13 17 0.021733897 
598 86 12 15 0.021421252 
340 371 15 15 0.020464597 
989 5 10 12 0.020411352 
517 157 50 70 0.020382088 
