32_Worker_Laborer_Worker_Laborer_32_134
28
471 361 92 109 0.99832326 
851 810 31 36 0.22214195 
224 162 27 37 0.122576304 
612 1461 31 43 0.08617553 
992 1438 30 38 0.07693173 
614 1159 28 34 0.055426612 
461 62 194 274 0.05079263 
313 150 26 33 0.046911065 
858 1472 34 38 0.03960106 
183 614 437 550 0.03826624 
1 0 51 50 0.03808525 
-20 642 466 436 0.03594535 
482 684 446 495 0.034063354 
567 463 370 508 0.03294844 
52 1480 39 43 0.029688308 
0 1489 28 40 0.02834596 
581 1505 30 33 0.026063796 
953 83 29 36 0.025242772 
624 1455 18 23 0.025059225 
819 302 188 240 0.024907816 
727 1316 12 14 0.023584476 
28 1494 27 35 0.022588 
356 171 46 59 0.022366568 
282 169 27 33 0.022290047 
731 1310 12 13 0.022109712 
344 98 44 62 0.021786664 
968 1429 45 53 0.021671481 
719 370 124 163 0.020273816 
