32_Worker_Laborer_Worker_Laborer_32_595
130
397 183 39 43 0.9717571 
910 400 27 32 0.61979353 
338 124 24 27 0.60485053 
500 346 17 19 0.31940866 
928 277 25 30 0.3117811 
612 358 29 31 0.2665165 
207 142 22 29 0.2280164 
217 144 22 28 0.22081006 
834 455 24 30 0.16628815 
486 329 13 17 0.13154274 
825 391 13 19 0.12683067 
348 342 17 21 0.12658158 
964 508 23 30 0.12356323 
439 350 12 14 0.12086614 
227 138 18 24 0.10930866 
987 469 17 23 0.10778322 
424 123 10 13 0.104557894 
865 469 18 25 0.10454927 
886 418 22 26 0.09911919 
934 357 33 35 0.09633106 
829 368 16 21 0.09364068 
902 387 15 18 0.08396342 
918 280 26 32 0.0782728 
943 436 29 32 0.07739344 
1006 440 14 19 0.076794416 
737 219 73 74 0.07507979 
382 140 13 15 0.074717015 
328 355 16 18 0.06609354 
960 514 14 18 0.063902766 
309 292 12 17 0.06291793 
908 359 16 20 0.060348753 
893 461 16 19 0.0601143 
887 313 32 40 0.055744305 
418 332 23 27 0.05567903 
999 507 11 13 0.0537876 
378 379 18 22 0.053133637 
625 354 35 35 0.05157141 
195 134 21 34 0.051194444 
929 403 16 21 0.051059432 
941 482 23 24 0.048691943 
354 128 17 22 0.048164003 
581 425 30 28 0.048139505 
828 428 14 20 0.04624422 
894 410 24 31 0.04554698 
240 551 9 10 0.042224407 
315 298 13 15 0.042100824 
232 184 35 39 0.040914934 
393 170 17 23 0.040246908 
427 121 11 13 0.03940334 
884 330 42 49 0.03913268 
567 338 29 29 0.038054638 
501 335 15 19 0.03795154 
235 171 29 32 0.037347175 
875 417 23 30 0.037221782 
948 314 25 28 0.036641993 
146 189 32 32 0.036503226 
912 451 23 30 0.035659652 
312 371 16 19 0.03538943 
541 396 31 33 0.035217553 
510 233 14 18 0.034557093 
85 550 11 14 0.034489132 
557 313 17 19 0.034218818 
913 361 22 30 0.033746723 
837 222 28 45 0.033164404 
996 321 25 30 0.03252201 
845 411 45 48 0.03238229 
914 316 29 34 0.032182276 
148 189 16 19 0.03193232 
403 108 11 14 0.0316115 
292 173 11 14 0.031575534 
900 348 26 33 0.03155082 
900 389 24 31 0.031464282 
923 359 26 33 0.030736055 
859 154 14 17 0.030611092 
1013 180 9 14 0.02977782 
425 669 9 11 0.028765632 
363 379 14 18 0.02869429 
789 228 57 71 0.028149674 
414 125 12 15 0.027871964 
288 171 11 15 0.027722282 
545 330 15 18 0.027427781 
860 491 17 19 0.027029702 
367 375 10 12 0.02646208 
899 376 23 28 0.026434874 
680 323 38 38 0.026243161 
925 508 14 16 0.026201326 
395 168 27 35 0.0260184 
907 299 33 40 0.025792388 
573 306 16 18 0.025695294 
852 419 27 30 0.0247003 
407 125 10 14 0.023978759 
992 541 11 13 0.02396315 
856 329 35 41 0.023945615 
383 294 13 15 0.023717804 
232 160 24 31 0.023663716 
277 171 12 15 0.023218425 
658 334 17 18 0.02313805 
782 455 14 18 0.022887362 
823 373 21 27 0.022854278 
723 401 18 22 0.022814795 
438 -86 410 458 0.022760948 
308 323 15 18 0.022703074 
835 319 45 57 0.022590676 
153 519 8 10 0.022552548 
904 285 26 31 0.022521311 
926 485 28 27 0.02246838 
1000 417 21 32 0.022378115 
160 471 8 10 0.022192368 
997 184 11 13 0.021816105 
851 492 14 18 0.021791978 
359 385 12 14 0.021762678 
783 25 26 30 0.021651281 
493 363 16 18 0.021632211 
763 158 32 36 0.02142819 
301 273 12 15 0.021425689 
902 522 15 19 0.021369366 
117 503 9 10 0.021206675 
185 495 10 11 0.021093525 
758 172 13 14 0.020972578 
207 607 9 10 0.020678686 
381 150 15 19 0.020631148 
240 543 8 10 0.020340396 
780 378 11 15 0.020324359 
840 451 17 20 0.020291155 
1006 307 18 22 0.020278381 
1012 424 12 20 0.02018171 
303 334 21 27 0.020107154 
1003 506 15 17 0.020056784 
764 169 15 19 0.020019641 
332 117 38 45 0.02000394 
