32_Worker_Laborer_Worker_Laborer_32_1038
50
433 211 98 111 0.9964418 
630 985 180 230 0.09875124 
314 0 20 14 0.096877575 
260 283 18 21 0.08649607 
476 90 15 20 0.08515836 
361 42 18 23 0.07917844 
452 826 36 34 0.07513246 
501 0 39 28 0.07022924 
412 868 33 34 0.07019416 
540 202 74 74 0.05759667 
353 74 24 32 0.054941744 
506 216 71 75 0.049046047 
339 320 19 23 0.046798456 
430 213 44 54 0.04675022 
1 889 15 22 0.04452636 
246 305 29 35 0.04204734 
612 107 13 18 0.04113913 
651 105 13 17 0.03917185 
310 28 14 16 0.03680363 
567 202 35 32 0.035597466 
646 100 12 14 0.034261856 
963 322 28 31 0.0335588 
315 322 18 21 0.031986825 
555 184 61 62 0.030270468 
475 189 127 116 0.030175475 
17 968 23 32 0.029818155 
354 1 16 18 0.029654423 
560 114 33 41 0.029294029 
350 39 24 30 0.029111262 
337 30 42 57 0.027622731 
559 225 69 68 0.027321046 
639 109 12 14 0.02653534 
79 874 14 19 0.026287124 
961 1208 30 35 0.026013566 
482 89 17 23 0.024695015 
428 182 67 93 0.02433233 
366 68 24 34 0.024291655 
872 276 15 18 0.023832545 
651 114 17 21 0.022900367 
340 5 14 15 0.022695513 
323 291 17 20 0.022613788 
645 115 15 17 0.021723023 
331 3 15 15 0.02152397 
74 854 29 43 0.021266669 
635 124 13 17 0.02102164 
681 1088 25 35 0.020878928 
641 102 22 26 0.02050545 
332 33 24 31 0.02036758 
529 209 119 106 0.020249706 
968 283 11 12 0.020142393 
