32_Worker_Laborer_Worker_Laborer_32_658
18
617 436 19 21 0.9551967 
489 405 17 22 0.9352383 
552 417 17 21 0.9008081 
679 445 18 21 0.8643658 
845 252 8 12 0.09649496 
467 416 14 17 0.075695224 
531 441 12 16 0.06419046 
671 496 8 12 0.031139048 
544 417 15 20 0.031058691 
520 439 20 23 0.028924821 
515 446 16 19 0.02659633 
550 428 17 21 0.025714155 
845 258 10 14 0.025519533 
461 464 16 20 0.02450713 
840 247 10 13 0.0226056 
580 492 13 15 0.022064323 
840 252 11 15 0.021195399 
677 454 15 19 0.020209033 
