32_Worker_Laborer_Worker_Laborer_32_944
53
420 352 99 112 0.9993344 
663 936 34 42 0.39892554 
471 985 13 16 0.28344274 
55 678 25 31 0.18271269 
218 144 28 37 0.0647964 
629 294 409 531 0.0491445 
615 755 46 66 0.04492307 
133 689 17 20 0.040387277 
423 939 10 12 0.039832085 
879 625 102 135 0.03931822 
419 932 13 15 0.039317288 
365 798 14 16 0.038312793 
41 996 14 15 0.03433575 
458 965 9 12 0.033369817 
465 986 12 15 0.033344854 
718 794 54 73 0.03315352 
556 955 12 16 0.032016527 
836 698 49 66 0.03161698 
551 462 15 18 0.031493664 
429 941 11 12 0.031299338 
524 999 13 14 0.030283576 
423 993 12 15 0.029990248 
235 966 12 13 0.029919697 
27 996 15 15 0.029627668 
593 798 10 13 0.029056797 
698 662 30 32 0.02902807 
99 699 16 19 0.028826047 
49 981 12 13 0.02873649 
193 249 17 20 0.028598454 
236 982 12 13 0.02812585 
484 878 11 13 0.026846774 
457 960 9 11 0.025980959 
552 863 10 12 0.025596457 
173 996 12 14 0.025448315 
410 760 25 31 0.025401622 
526 991 12 12 0.025323048 
428 991 11 14 0.02490542 
437 990 11 14 0.024631767 
451 986 13 16 0.024184564 
631 458 10 13 0.023939062 
580 437 11 14 0.02320315 
231 183 78 107 0.02303208 
309 962 11 13 0.022844648 
526 973 9 12 0.022438532 
678 676 12 15 0.021967934 
203 3 18 19 0.02191976 
652 779 11 17 0.021322869 
410 998 14 15 0.021321224 
461 943 10 12 0.020977331 
12 969 16 22 0.020904103 
388 770 14 19 0.020839138 
423 983 10 11 0.02064299 
0 738 10 19 0.020285958 
