32_Worker_Laborer_Worker_Laborer_32_110
56
696 40 97 112 0.9994361 
489 327 43 46 0.988846 
456 15 18 23 0.7656756 
205 138 13 15 0.4369742 
171 241 17 22 0.29814652 
201 127 20 24 0.12749475 
270 149 11 15 0.11577117 
362 4 25 29 0.10414502 
210 131 13 17 0.096683845 
105 244 48 43 0.07251237 
291 183 31 33 0.064844124 
255 133 11 14 0.06292424 
192 105 11 14 0.060432393 
104 109 44 50 0.05711781 
197 101 13 16 0.05176068 
149 107 11 13 0.05132652 
107 94 24 27 0.045799922 
156 158 14 17 0.04461182 
318 173 35 41 0.04413891 
303 183 46 49 0.042239185 
274 145 15 21 0.040354405 
266 169 13 20 0.03870974 
266 145 21 32 0.037661035 
301 134 14 16 0.034868483 
54 125 11 12 0.034498103 
212 172 14 16 0.033831477 
163 158 12 14 0.033575036 
359 10 15 18 0.03318353 
520 30 10 14 0.032952257 
275 152 44 53 0.031264875 
31 147 11 12 0.03111994 
45 185 12 14 0.030337434 
180 237 13 17 0.028927108 
39 166 11 13 0.028310645 
219 133 11 14 0.02830366 
272 160 21 33 0.0253188 
148 162 17 19 0.02506463 
159 234 27 33 0.024793258 
106 193 18 20 0.024776215 
296 141 12 14 0.024579708 
68 195 14 17 0.024460074 
212 173 45 48 0.023941813 
263 153 13 17 0.02367462 
168 227 25 31 0.02280025 
95 195 30 30 0.022409016 
101 125 12 13 0.022274293 
179 146 12 15 0.021913232 
54 94 12 14 0.02181119 
14 172 9 13 0.021593714 
206 164 14 16 0.02067667 
131 118 14 16 0.020620415 
182 228 13 15 0.020571535 
218 174 28 28 0.020462098 
165 233 43 53 0.020442465 
282 171 26 36 0.02023602 
276 142 25 31 0.020038137 
