32_Worker_Laborer_Worker_Laborer_32_400
30
697 180 46 53 0.98911077 
785 405 25 33 0.072210535 
864 634 10 14 0.066745296 
630 415 26 44 0.052991055 
605 46 43 56 0.04778918 
437 366 28 37 0.047492318 
737 204 28 37 0.041776825 
455 343 45 56 0.041307192 
888 611 11 13 0.039333053 
657 70 32 37 0.039129436 
889 297 34 38 0.03763164 
814 430 13 18 0.034346905 
463 345 29 34 0.033813037 
118 418 60 65 0.032898832 
790 1 48 60 0.030590342 
851 642 12 16 0.030277021 
867 631 11 13 0.026853899 
855 638 10 14 0.026176287 
31 487 135 195 0.024936974 
342 506 16 18 0.024726622 
919 283 10 13 0.023952227 
800 439 11 14 0.0227266 
22 399 234 286 0.022515442 
1012 382 10 15 0.022072108 
218 625 26 30 0.021305708 
219 71 44 66 0.021214426 
544 4 89 105 0.020777967 
817 614 10 12 0.020545756 
716 547 22 27 0.020514064 
470 566 12 15 0.020263935 
