32_Worker_Laborer_Worker_Laborer_32_723
51
300 83 56 69 0.99857557 
431 146 58 93 0.9703388 
0 196 44 95 0.9586801 
788 61 38 64 0.95462364 
947 157 46 78 0.8062866 
169 3 60 45 0.763149 
496 187 46 71 0.3828601 
107 274 43 49 0.16545175 
472 163 56 82 0.09866366 
650 166 31 42 0.094638474 
82 94 27 33 0.0839126 
890 173 47 64 0.07370884 
813 89 42 48 0.07299758 
520 203 41 60 0.07204 
547 235 35 36 0.07008721 
582 243 57 60 0.05907742 
673 181 59 70 0.057851896 
773 113 15 23 0.05130902 
657 177 47 59 0.049601518 
0 152 13 20 0.0465961 
756 100 30 37 0.045895625 
137 260 69 54 0.044751216 
534 227 37 41 0.044315904 
633 245 71 60 0.04411752 
568 252 50 58 0.03999554 
102 88 10 12 0.039992973 
0 93 10 14 0.03941301 
0 138 14 20 0.038674135 
765 73 44 60 0.03806493 
157 181 48 57 0.034736127 
99 88 24 34 0.033017356 
854 178 57 73 0.031752896 
941 155 34 54 0.031084264 
642 214 68 71 0.030220253 
925 163 43 67 0.029837502 
179 263 59 61 0.029360358 
1 115 8 12 0.029170768 
641 162 27 38 0.028275162 
107 248 58 49 0.02813703 
620 222 64 72 0.027031101 
638 174 35 51 0.026861427 
655 4 47 46 0.02399012 
623 204 11 15 0.023906225 
562 242 21 23 0.023004262 
908 183 32 43 0.022141084 
215 262 54 60 0.022038871 
32 295 38 43 0.022015207 
610 202 50 67 0.021746289 
158 210 36 46 0.020852635 
888 167 75 105 0.02053361 
342 276 51 48 0.020420142 
