32_Worker_Laborer_Worker_Laborer_32_566
111
670 367 50 67 0.9972664 
30 251 10 12 0.13894878 
70 250 13 14 0.10915937 
949 319 42 50 0.10539973 
20 252 13 14 0.07497525 
635 149 16 19 0.066778384 
537 223 9 12 0.066 
632 134 11 13 0.06285471 
50 254 12 14 0.06081344 
200 631 8 10 0.060130075 
168 628 8 10 0.05528156 
54 470 8 9 0.05496837 
630 140 11 12 0.053379107 
665 157 11 13 0.05316918 
106 457 7 8 0.052815408 
625 141 9 11 0.05183726 
199 655 10 11 0.05086966 
56 485 7 10 0.047552384 
54 464 8 10 0.044467635 
826 276 22 28 0.043978285 
835 18 17 20 0.043376397 
50 463 7 9 0.04193543 
30 495 8 10 0.041879427 
541 247 8 11 0.041554064 
88 237 9 11 0.041219003 
143 142 9 11 0.040281184 
90 221 9 11 0.039312366 
200 649 9 10 0.03887909 
217 630 7 9 0.03814578 
956 339 29 36 0.03798231 
901 188 12 16 0.037637882 
600 142 12 13 0.037315976 
298 120 355 441 0.037129305 
49 260 10 14 0.035776883 
831 589 11 15 0.035141937 
614 109 9 11 0.03461828 
33 465 7 8 0.03387911 
620 124 9 11 0.033565924 
974 329 45 57 0.033502966 
933 302 30 38 0.03314761 
787 571 12 16 0.032776013 
63 471 7 10 0.032474514 
206 648 7 10 0.032473143 
610 109 8 11 0.031959694 
643 547 105 105 0.031950045 
439 310 8 11 0.03190013 
775 536 8 10 0.031546958 
175 631 8 9 0.030753894 
64 247 11 13 0.030297931 
798 398 9 11 0.03013584 
657 125 10 12 0.02997463 
823 548 38 55 0.029904822 
37 277 12 14 0.029827632 
801 469 8 10 0.029752497 
794 526 9 12 0.029478468 
792 557 12 14 0.029301398 
802 553 41 56 0.02908832 
51 269 11 13 0.028963424 
5 253 11 15 0.028825114 
840 587 10 15 0.028447662 
55 481 7 8 0.028350031 
635 139 15 16 0.027245888 
193 638 8 9 0.026513373 
861 343 48 62 0.026425593 
783 535 8 11 0.02634668 
429 259 9 12 0.026315223 
21 239 10 11 0.02620624 
217 625 7 9 0.026134033 
194 632 8 10 0.026025414 
586 246 8 11 0.025807375 
37 246 10 13 0.0256918 
633 129 9 11 0.025574492 
493 304 9 11 0.025283128 
511 343 8 10 0.02499627 
53 279 10 12 0.024965335 
398 369 9 11 0.024926377 
222 639 8 10 0.024879245 
796 562 12 15 0.02483861 
613 141 10 12 0.024814876 
905 230 15 20 0.024634067 
185 655 9 12 0.02460811 
783 565 22 29 0.02399031 
954 337 49 63 0.023813006 
935 362 47 68 0.023531893 
590 150 9 12 0.023164764 
616 119 10 12 0.023069682 
891 268 25 28 0.022941548 
787 358 13 15 0.02291895 
558 359 8 9 0.022780333 
543 302 8 11 0.022655327 
799 421 8 10 0.02231012 
65 480 7 8 0.022218587 
46 277 11 14 0.02210981 
628 156 23 27 0.022098484 
379 236 14 18 0.022038635 
192 656 9 12 0.02190155 
17 246 11 13 0.02179581 
15 271 9 12 0.021566028 
641 118 10 10 0.02149309 
744 537 10 12 0.02134974 
623 135 10 12 0.021249358 
788 539 42 56 0.02095111 
954 305 33 39 0.020924145 
953 329 22 27 0.020888243 
90 457 8 9 0.020846127 
780 632 15 19 0.020823978 
784 380 10 13 0.020495169 
784 325 11 14 0.020460254 
605 134 11 13 0.02044829 
62 224 8 10 0.020168552 
712 75 12 14 0.020046799 
