32_Worker_Laborer_Worker_Laborer_32_932
39
811 797 66 85 0.99626213 
957 780 54 69 0.99535453 
685 776 50 63 0.9947411 
520 807 54 76 0.99440837 
114 786 50 64 0.99107975 
276 90 80 112 0.9906668 
365 824 52 72 0.9860497 
279 851 71 104 0.9844177 
245 793 51 63 0.86554885 
655 931 50 68 0.7685934 
383 777 33 41 0.70050466 
861 783 45 61 0.6798618 
840 790 53 68 0.5519718 
81 848 46 56 0.22057745 
69 869 60 61 0.15117672 
565 765 37 60 0.07110837 
374 778 28 33 0.061828535 
315 841 68 95 0.051471703 
-3 957 77 141 0.048587244 
749 878 50 65 0.04544303 
259 832 58 77 0.04370057 
697 922 46 62 0.03643141 
243 815 56 76 0.03253097 
62 901 90 113 0.027814236 
485 1000 49 59 0.027466768 
546 786 43 71 0.027270779 
1 841 19 32 0.025193483 
221 792 43 60 0.024075992 
362 801 47 62 0.023041472 
749 260 242 292 0.02292974 
442 893 44 57 0.022527967 
398 789 19 26 0.022449924 
184 794 40 56 0.022377588 
12 917 100 130 0.022122014 
140 878 34 44 0.02205993 
422 1019 46 64 0.021613637 
638 789 387 452 0.020921202 
160 788 43 61 0.020391595 
315 1032 23 31 0.020233165 
