17_Ceremony_Ceremony_17_220
240
580 290 12 16 0.9541121 
447 366 10 13 0.71901494 
901 392 13 17 0.542799 
552 377 14 17 0.5149682 
349 341 8 12 0.48647663 
484 299 11 15 0.4738669 
379 304 9 12 0.45426688 
400 371 11 15 0.4240834 
273 385 17 24 0.40319607 
459 389 23 28 0.39089617 
432 373 9 12 0.38549745 
383 337 8 10 0.36509922 
161 383 11 14 0.348585 
336 367 9 11 0.3246024 
482 340 14 15 0.3212851 
526 381 11 16 0.30070615 
540 355 12 16 0.29940596 
324 337 13 18 0.25055587 
464 354 10 14 0.21097213 
213 379 9 13 0.18870659 
645 280 9 13 0.17185135 
401 333 9 11 0.16698228 
135 375 9 11 0.13547693 
271 382 13 18 0.11571199 
53 370 14 20 0.115151785 
956 396 10 12 0.11209462 
652 286 9 13 0.11112486 
460 378 14 19 0.10818769 
376 377 10 12 0.1056998 
107 389 14 16 0.10511418 
647 292 11 14 0.099782735 
41 372 22 28 0.09724855 
424 388 9 14 0.09317704 
330 401 17 21 0.091958195 
417 367 11 14 0.089537755 
428 389 10 15 0.08678638 
80 365 9 11 0.0851864 
44 385 15 21 0.08130669 
380 396 16 20 0.081049554 
28 358 11 14 0.07821775 
405 333 9 11 0.07760943 
384 320 8 9 0.07683046 
301 389 15 18 0.07668934 
309 386 12 18 0.075227454 
367 386 11 17 0.07385725 
324 385 15 19 0.07354531 
340 371 12 15 0.07312333 
526 373 11 15 0.07291921 
55 367 11 14 0.06926677 
430 341 7 11 0.069023676 
104 372 12 14 0.06820691 
507 387 14 17 0.066515066 
553 384 15 17 0.064820126 
339 400 16 22 0.0647143 
60 365 10 13 0.06467424 
356 370 14 17 0.06427323 
115 387 13 17 0.06400548 
454 373 11 14 0.06312421 
519 387 11 15 0.062282458 
92 386 11 15 0.06217746 
277 374 14 18 0.061728958 
427 311 8 11 0.061174065 
636 261 9 13 0.058484137 
600 284 10 12 0.05840922 
425 317 8 11 0.057554018 
853 436 9 11 0.05678749 
917 397 11 13 0.0565049 
535 352 11 14 0.056099758 
63 358 9 11 0.056068808 
318 384 13 19 0.056007456 
629 196 12 13 0.054896668 
421 356 10 13 0.052848786 
404 379 11 15 0.052687895 
95 374 10 14 0.052360125 
254 376 8 11 0.0514654 
109 402 12 14 0.051373083 
386 342 10 13 0.051138703 
392 319 8 10 0.049898718 
395 312 8 9 0.048746947 
232 380 8 12 0.048654214 
88 380 13 18 0.048570782 
126 381 10 11 0.047935028 
468 310 10 13 0.047208365 
573 384 10 14 0.047086794 
423 382 9 12 0.047025688 
348 369 15 19 0.046268687 
413 390 12 14 0.04610706 
180 372 9 12 0.044096835 
245 364 10 12 0.044011407 
326 393 14 20 0.043793883 
438 372 9 12 0.043472536 
423 349 10 13 0.043367796 
119 381 10 15 0.04331696 
280 378 16 21 0.04307763 
271 388 44 45 0.04240261 
399 360 10 12 0.042296823 
872 407 9 11 0.042139124 
600 391 10 14 0.042062398 
490 79 16 21 0.0418119 
466 378 16 22 0.04173807 
330 385 17 22 0.041703667 
430 348 9 13 0.041380007 
372 385 12 19 0.041024964 
999 336 8 10 0.03924452 
504 382 11 15 0.038839255 
416 350 9 10 0.038756665 
373 394 15 20 0.037658494 
718 208 13 15 0.037514802 
365 372 9 14 0.03750987 
204 323 11 14 0.03727288 
467 350 12 14 0.036672145 
197 380 13 15 0.036576703 
845 691 11 12 0.03640714 
469 372 13 18 0.036316562 
430 335 8 11 0.035961006 
428 315 9 12 0.03472945 
184 420 12 14 0.03463004 
59 375 14 21 0.034405176 
279 392 16 20 0.03415139 
406 387 12 15 0.033713665 
107 380 15 18 0.03315694 
424 334 10 12 0.03309639 
347 402 13 18 0.032640968 
93 413 11 13 0.032368757 
625 197 10 12 0.032342825 
390 347 8 11 0.031647556 
269 397 15 22 0.031630684 
95 366 9 11 0.031496342 
68 378 13 19 0.03137624 
197 491 15 17 0.031218786 
379 386 16 20 0.031186996 
420 372 11 14 0.03084815 
837 431 9 11 0.030696075 
165 376 12 14 0.030620325 
546 355 11 14 0.030586567 
340 360 11 12 0.030464863 
85 365 9 11 0.030449493 
481 305 10 14 0.029585829 
196 371 12 15 0.029217342 
416 344 8 10 0.029029824 
224 380 9 13 0.028954959 
379 340 10 12 0.02887943 
103 393 15 17 0.028823052 
346 337 10 12 0.028517995 
418 320 8 10 0.028419767 
568 385 11 15 0.028154913 
457 376 11 17 0.02811446 
103 414 9 11 0.028012507 
71 357 8 10 0.028002203 
645 298 13 16 0.027812703 
638 269 8 11 0.027781568 
441 367 10 13 0.02758976 
463 332 8 11 0.027582755 
212 384 12 16 0.027498843 
309 340 9 12 0.02740863 
261 397 27 35 0.027302431 
365 318 8 11 0.02728069 
330 334 10 13 0.027192412 
474 371 13 17 0.027167467 
350 346 9 12 0.027058555 
298 400 17 18 0.026872326 
100 378 16 18 0.026810905 
210 375 10 13 0.026808336 
249 374 10 13 0.02652832 
575 203 12 14 0.025967585 
780 414 10 13 0.025891824 
129 376 9 11 0.025867702 
305 335 9 12 0.025763094 
677 272 8 11 0.025641052 
176 367 11 14 0.025554787 
132 463 11 13 0.02554276 
480 336 12 14 0.02550635 
430 377 11 14 0.02526222 
564 427 12 15 0.025236113 
590 302 9 11 0.025191063 
13 383 24 27 0.025116825 
886 690 13 13 0.025107747 
463 295 7 9 0.02487534 
478 316 10 13 0.02486682 
320 333 14 17 0.024818681 
444 362 18 22 0.024655411 
3 391 14 20 0.024585595 
186 497 29 33 0.024573488 
527 366 10 14 0.024536334 
88 374 10 14 0.024401939 
391 326 9 11 0.024267519 
600 351 9 12 0.024266835 
281 275 226 207 0.02394257 
389 388 12 17 0.02386183 
41 372 13 18 0.023753854 
888 436 9 12 0.02343991 
295 394 13 15 0.02337736 
998 341 8 10 0.023301717 
415 334 8 11 0.023174785 
591 307 10 13 0.022883924 
329 207 10 13 0.022845792 
674 278 7 10 0.022791438 
653 198 9 11 0.022647617 
576 298 12 15 0.022587864 
401 352 8 9 0.022485139 
356 386 16 18 0.022468494 
224 373 9 13 0.02243916 
374 375 19 25 0.022411495 
47 368 12 16 0.022300987 
76 409 24 31 0.022183035 
375 298 17 22 0.022156525 
575 315 11 14 0.02193198 
583 325 12 14 0.02191489 
341 377 14 19 0.021884715 
367 293 10 12 0.021736939 
545 434 14 17 0.021609567 
332 366 19 25 0.021537319 
72 363 9 12 0.021469157 
309 629 29 34 0.021432087 
454 96 14 17 0.021333473 
107 368 12 13 0.02124129 
648 198 9 11 0.021136682 
573 419 10 13 0.021048604 
464 316 8 11 0.020968135 
191 493 13 15 0.020940062 
457 392 14 21 0.020921133 
581 310 11 12 0.02086527 
487 322 10 14 0.02086399 
26 368 52 64 0.020852199 
24 353 19 24 0.020826146 
320 344 13 15 0.020764457 
546 319 9 10 0.020574559 
550 391 15 18 0.02055084 
398 383 13 18 0.02054025 
544 91 12 15 0.020493392 
167 396 10 12 0.02045891 
909 401 12 14 0.020417888 
189 404 13 16 0.020367594 
325 328 10 13 0.020365613 
517 394 14 16 0.020316383 
396 371 18 24 0.020182192 
420 208 15 20 0.020087752 
408 343 7 11 0.02007691 
108 411 12 14 0.02005184 
529 276 10 14 0.02004593 
