17_Ceremony_Ceremony_17_46
69
107 122 18 23 0.90367305 
266 143 16 24 0.8991495 
65 132 17 21 0.463575 
749 243 9 12 0.19197509 
889 363 11 14 0.13060673 
817 307 10 13 0.11116057 
681 136 8 10 0.0901993 
109 199 10 13 0.08056428 
454 145 8 9 0.0789335 
703 167 8 11 0.07095014 
695 152 8 9 0.064266756 
473 144 9 11 0.06215991 
270 149 19 24 0.061665155 
462 128 9 11 0.057709724 
357 277 10 13 0.056342177 
710 128 7 9 0.05239975 
487 152 7 9 0.047019232 
73 179 17 17 0.04680665 
698 133 8 10 0.0437477 
704 135 8 9 0.042952657 
719 158 9 10 0.040574964 
225 368 8 11 0.03879684 
471 149 8 10 0.037231438 
227 373 11 13 0.036352806 
229 368 8 10 0.03563692 
701 160 8 10 0.035450622 
422 152 8 10 0.034978256 
457 128 9 11 0.03464014 
425 143 7 9 0.033996668 
477 143 8 10 0.032559223 
713 151 7 9 0.03203056 
762 269 14 17 0.03194038 
466 152 7 9 0.030822095 
72 130 15 20 0.030745368 
710 133 7 10 0.030402433 
710 169 8 10 0.029304622 
776 256 9 12 0.028782362 
296 304 9 11 0.028661635 
680 153 9 10 0.028577683 
685 173 9 11 0.02818087 
662 142 9 11 0.027075538 
687 169 7 10 0.027066302 
705 128 8 10 0.026048658 
809 309 10 14 0.02604344 
1013 477 9 15 0.025699265 
-37 -30 426 489 0.025497817 
727 158 7 11 0.024867471 
449 150 8 10 0.024792355 
433 143 8 9 0.02463605 
685 140 7 10 0.024508199 
437 143 8 10 0.02442759 
687 153 8 10 0.024251554 
448 128 8 10 0.023965918 
909 344 9 10 0.023847522 
439 135 8 10 0.023841437 
487 157 8 11 0.023708737 
718 144 8 9 0.022366133 
469 126 9 11 0.022325795 
426 137 7 10 0.02195716 
729 153 7 10 0.021817239 
53 134 29 31 0.021775473 
891 366 14 18 0.021773983 
929 334 10 12 0.021752443 
705 140 8 10 0.02159337 
438 158 8 10 0.020675724 
718 152 8 10 0.020664152 
59 125 19 21 0.020536937 
64 179 34 37 0.020447023 
217 366 8 10 0.020370249 
