17_Ceremony_Ceremony_17_1009
24
180 191 103 121 0.99908113 
345 221 15 20 0.77387697 
517 29 243 324 0.25264904 
348 52 216 264 0.16782919 
157 -31 434 447 0.14524485 
819 141 200 309 0.13741226 
507 351 52 72 0.08717695 
441 79 154 190 0.07944753 
311 211 12 14 0.07842318 
486 -3 469 453 0.061669663 
536 164 32 39 0.049154952 
918 311 103 175 0.046659205 
335 236 60 66 0.04498921 
334 242 37 40 0.034180682 
508 32 167 200 0.030355925 
769 42 245 287 0.028943578 
381 249 30 35 0.027808873 
338 224 25 33 0.027474655 
32 83 119 132 0.02621442 
361 231 54 57 0.025765033 
907 233 138 201 0.025368245 
387 236 16 16 0.024987545 
268 602 30 29 0.02384777 
366 5 347 429 0.022104383 
