17_Ceremony_Ceremony_17_1007
53
702 461 176 247 0.999038 
225 378 186 222 0.99867696 
486 1013 386 515 0.3745617 
313 188 26 29 0.16932195 
732 1108 31 36 0.1363697 
635 870 16 19 0.13282453 
692 1129 36 35 0.12869734 
808 1245 50 61 0.09897652 
547 11 435 548 0.08534491 
979 623 13 18 0.08509634 
471 1254 49 63 0.05534273 
646 798 27 35 0.051085267 
636 823 24 33 0.050044384 
860 1445 15 18 0.04677868 
664 1186 38 39 0.046312895 
992 635 14 19 0.0458539 
979 542 15 20 0.03959867 
-7 801 403 535 0.038792692 
392 750 10 12 0.03440943 
986 623 19 25 0.031904504 
701 813 13 16 0.031705253 
987 683 31 44 0.03158804 
-2 1219 18 39 0.03129948 
143 545 444 567 0.030649768 
940 668 16 22 0.030493567 
925 597 13 15 0.029789865 
120 877 15 15 0.02770664 
422 751 11 12 0.026994605 
160 462 56 72 0.02670826 
641 812 28 34 0.02670523 
598 1476 15 20 0.02669523 
862 975 32 36 0.026497083 
835 941 30 35 0.02639858 
996 628 13 18 0.025983956 
510 716 38 62 0.02563574 
459 108 49 33 0.025383841 
752 1288 95 112 0.025104081 
589 1508 24 27 0.025033584 
716 1199 204 244 0.024927456 
983 709 27 35 0.024600372 
994 719 15 22 0.023758452 
333 174 17 23 0.023757888 
987 568 14 18 0.023394993 
810 1333 13 16 0.022830363 
439 754 12 16 0.022768129 
709 897 14 16 0.022665616 
189 412 133 164 0.022364223 
391 139 32 38 0.022297159 
789 1234 84 107 0.021860773 
813 1241 33 41 0.021458106 
826 -12 207 368 0.02064061 
1007 648 14 19 0.02042132 
808 1513 16 16 0.020185938 
