17_Ceremony_Ceremony_17_368
28
590 113 86 109 0.9962495 
715 232 67 82 0.99551815 
352 151 76 101 0.99291587 
434 159 24 29 0.9901155 
137 13 20 27 0.96321625 
290 621 9 11 0.0925738 
165 484 11 12 0.06070631 
176 64 22 30 0.05299754 
428 154 39 50 0.04143643 
185 45 11 14 0.03953112 
209 146 11 12 0.03920098 
775 229 35 42 0.03871211 
332 619 12 15 0.035513096 
195 132 10 14 0.034877263 
286 106 15 19 0.03454656 
413 103 11 14 0.033412963 
179 58 17 21 0.03227812 
418 180 15 22 0.032223724 
425 164 26 34 0.031408716 
445 97 14 18 0.028374119 
175 188 13 17 0.025045633 
915 197 17 22 0.024686081 
118 494 16 17 0.024656098 
182 51 15 19 0.024542043 
391 149 53 70 0.024112782 
247 645 11 14 0.022223942 
489 190 29 35 0.021023624 
128 15 14 22 0.0200024 
