17_Ceremony_Ceremony_17_418
432
715 169 25 29 0.99432915 
88 135 26 32 0.9904792 
659 125 17 22 0.9865584 
251 107 19 23 0.9684226 
508 114 23 27 0.95483977 
586 131 16 19 0.9515182 
787 193 25 30 0.95075476 
557 178 25 34 0.94814664 
971 224 15 18 0.944906 
627 133 16 20 0.94435084 
147 166 22 27 0.9427505 
468 124 17 21 0.94069815 
763 130 17 20 0.9245426 
170 112 17 21 0.9211423 
205 123 21 26 0.91421574 
869 141 13 17 0.8316097 
702 127 17 22 0.7953151 
28 152 29 34 0.7881397 
927 249 23 35 0.7733125 
696 154 17 21 0.7292933 
118 89 10 13 0.7257424 
278 138 15 19 0.7135249 
949 198 16 19 0.7108569 
983 154 13 15 0.6939041 
62 94 11 15 0.6859722 
684 133 15 19 0.68579733 
364 126 16 20 0.6791663 
13 120 22 28 0.672424 
490 162 46 58 0.6723345 
983 126 12 14 0.63654625 
785 286 28 38 0.58316743 
941 132 10 13 0.5745889 
1006 152 10 12 0.56386536 
969 250 24 41 0.5584237 
566 126 12 16 0.5433367 
354 152 18 22 0.5235609 
381 116 16 18 0.5156253 
860 109 11 14 0.48324013 
133 141 11 15 0.46052986 
127 68 10 13 0.45093971 
317 117 16 19 0.4334344 
299 146 18 23 0.42673868 
788 147 15 18 0.40902045 
933 169 13 17 0.40250924 
995 206 14 17 0.38360897 
747 222 27 38 0.3736377 
81 201 39 58 0.36368743 
967 127 11 12 0.3175733 
956 216 13 16 0.30063164 
341 156 15 18 0.2847154 
810 150 22 30 0.2789328 
582 104 11 14 0.2511921 
67 94 13 16 0.24933262 
416 126 23 27 0.22736865 
292 105 13 16 0.22308168 
689 128 20 25 0.2082263 
260 218 16 24 0.19693507 
934 158 13 16 0.193033 
298 81 14 17 0.19191685 
709 114 16 19 0.17671198 
304 140 19 24 0.17461322 
278 167 16 19 0.17196578 
906 132 9 12 0.16636598 
710 243 26 33 0.16628948 
238 157 13 18 0.16594167 
939 126 10 13 0.1546217 
893 129 8 10 0.15305963 
159 135 11 14 0.14591387 
455 137 26 31 0.14543962 
170 144 14 18 0.14446491 
113 116 11 14 0.1443801 
151 96 10 12 0.14186558 
480 99 11 14 0.13920374 
73 77 12 14 0.13630553 
297 152 12 16 0.13504921 
934 261 30 37 0.13270736 
207 97 15 17 0.12595025 
653 155 11 14 0.11311513 
720 239 26 35 0.110292636 
1013 205 10 16 0.1016335 
42 152 25 34 0.09816777 
276 233 364 466 0.09743736 
983 206 13 16 0.09665715 
968 151 10 12 0.09175499 
960 327 27 41 0.09133279 
312 116 14 17 0.09069042 
276 184 15 18 0.09018564 
1013 173 8 11 0.0888858 
854 163 13 17 0.08800795 
378 136 15 19 0.08553165 
117 199 16 22 0.08519544 
92 83 13 16 0.08213531 
536 82 375 455 0.081646085 
733 230 28 36 0.079055764 
943 138 9 12 0.079032056 
462 127 26 32 0.07811637 
516 161 44 55 0.077470616 
963 174 10 13 0.07744968 
456 107 11 15 0.07723739 
1001 174 10 14 0.07661 
957 142 11 13 0.073030226 
989 120 11 15 0.07276601 
334 93 11 15 0.07159038 
407 102 12 15 0.071414106 
460 103 10 14 0.07002222 
452 144 17 18 0.06869802 
188 125 14 16 0.06825133 
301 180 12 16 0.06811524 
17 138 34 43 0.06592963 
1003 204 13 17 0.0655123 
890 132 9 11 0.06523278 
752 137 13 18 0.06512104 
184 85 11 14 0.06472189 
570 128 14 18 0.06433604 
292 137 20 25 0.06425531 
699 142 22 26 0.064034306 
808 160 14 19 0.063417785 
981 172 10 12 0.062984645 
875 165 13 16 0.06280826 
419 144 17 21 0.062028106 
307 187 15 20 0.061865687 
818 148 17 23 0.061507165 
928 171 13 17 0.061451294 
555 150 22 27 0.061365914 
298 495 116 130 0.05983709 
509 86 10 13 0.059594918 
348 158 16 20 0.058739632 
336 155 13 16 0.058222253 
565 149 15 19 0.057872348 
959 149 10 13 0.05683698 
556 139 11 15 0.056669664 
140 191 21 30 0.05612015 
533 123 15 18 0.0559752 
170 249 17 21 0.05582284 
1004 179 11 14 0.055654645 
581 154 16 20 0.055525616 
823 139 12 15 0.055114917 
392 94 11 12 0.055034235 
965 163 11 14 0.054680336 
487 157 27 36 0.054509904 
80 64 9 12 0.052688796 
205 108 17 19 0.052461673 
174 171 11 15 0.052461185 
1002 167 9 12 0.052369826 
581 77 16 20 0.051960196 
75 97 12 15 0.051587276 
979 250 17 25 0.051463977 
339 164 16 21 0.051179163 
949 210 16 19 0.051056057 
504 87 11 14 0.05056817 
850 142 15 22 0.048943736 
76 141 16 20 0.047894966 
974 126 10 13 0.047323883 
197 80 14 18 0.046964116 
336 291 225 268 0.046857487 
70 83 14 16 0.046396624 
978 259 25 34 0.046046928 
333 169 15 20 0.04583736 
497 145 34 38 0.04575379 
371 138 21 28 0.045484025 
520 91 11 13 0.045368183 
124 91 10 13 0.045046184 
702 155 23 28 0.04487924 
538 100 10 13 0.044494163 
153 194 13 18 0.04432696 
277 173 20 25 0.04423466 
976 165 10 12 0.044169772 
146 179 22 31 0.04329559 
990 198 12 15 0.042523827 
376 91 10 13 0.042384125 
582 146 14 17 0.041557074 
548 159 16 23 0.041361157 
455 93 9 12 0.04135886 
395 137 14 17 0.041266758 
780 203 29 34 0.04107803 
824 135 10 12 0.04098306 
335 87 10 12 0.040761508 
811 166 16 20 0.0405512 
104 70 9 11 0.040351555 
99 83 11 15 0.04011409 
479 147 26 35 0.039564323 
781 137 20 26 0.03930696 
484 96 11 13 0.039172463 
963 180 11 12 0.03916074 
7 9 96 117 0.039053284 
965 203 12 15 0.03900843 
62 103 14 19 0.03877471 
569 150 24 32 0.03872969 
467 138 27 34 0.038530726 
127 143 14 19 0.03818556 
649 178 15 17 0.038040888 
327 148 11 17 0.037922062 
178 248 16 22 0.03718497 
52 164 16 23 0.037068352 
448 140 15 18 0.037045315 
1002 156 10 12 0.037044328 
736 98 13 16 0.036894288 
230 117 11 16 0.036585353 
851 134 12 16 0.036568508 
67 146 16 20 0.036364857 
243 130 17 20 0.036221653 
753 240 19 27 0.03621536 
145 99 10 15 0.03615094 
332 178 13 17 0.03606572 
772 204 15 20 0.03596823 
383 134 22 26 0.035833105 
57 92 19 25 0.03567938 
258 132 13 17 0.03567581 
486 139 26 33 0.035621397 
951 156 10 12 0.035540808 
213 148 11 14 0.03550945 
117 112 11 14 0.035455305 
329 93 11 14 0.03544434 
920 151 8 10 0.035293616 
473 96 9 12 0.035198227 
443 101 12 15 0.03506555 
136 86 9 11 0.03487543 
594 152 14 19 0.03477849 
813 141 11 14 0.03450632 
157 142 20 25 0.03448444 
856 112 12 16 0.03446492 
60 147 16 21 0.034441892 
77 69 12 14 0.034429926 
265 215 22 30 0.034407035 
271 131 15 20 0.034167863 
960 133 10 12 0.03381698 
995 263 15 22 0.03350287 
798 135 10 13 0.033484798 
645 132 12 16 0.033058744 
585 159 17 21 0.033043604 
919 173 11 14 0.032964233 
318 47 9 12 0.032794584 
295 178 13 17 0.032741264 
1006 186 11 13 0.032668315 
1014 125 9 12 0.032481015 
1003 146 19 22 0.032373253 
339 98 14 17 0.03228893 
491 130 14 17 0.03220911 
849 127 8 11 0.03220572 
595 136 14 18 0.032079276 
991 174 9 11 0.032070614 
499 115 41 48 0.031894114 
284 157 13 17 0.031861342 
963 213 14 17 0.031825896 
562 168 25 33 0.031783 
1 265 34 49 0.03152997 
188 118 12 16 0.03140551 
444 144 28 30 0.03131932 
453 112 13 16 0.031240217 
84 68 9 13 0.031110324 
76 80 13 17 0.031094376 
1014 166 10 14 0.030775562 
750 145 14 19 0.030314872 
770 127 14 17 0.03023928 
122 67 11 15 0.03016472 
894 171 11 14 0.030104471 
5 121 16 22 0.030090649 
950 257 27 34 0.02987478 
315 128 15 20 0.029852051 
783 303 16 22 0.029819936 
227 198 14 16 0.029705456 
126 74 10 13 0.029704576 
571 147 15 18 0.02967084 
964 257 19 27 0.029403187 
132 135 19 24 0.029319856 
807 136 10 13 0.029282898 
312 144 16 20 0.029203184 
559 130 13 18 0.029063914 
794 140 13 19 0.02900402 
942 121 10 12 0.028995851 
151 66 15 18 0.028828608 
997 133 11 13 0.028720124 
975 157 10 13 0.028646193 
120 78 11 13 0.02858239 
362 134 18 21 0.02845066 
111 63 9 13 0.028342267 
269 159 21 27 0.028328734 
147 156 19 21 0.028173713 
214 211 23 25 0.028059714 
760 228 30 36 0.02800508 
380 92 11 14 0.0279858 
116 122 10 13 0.027978607 
988 244 15 20 0.027619636 
1010 155 12 15 0.027600462 
784 151 14 18 0.027592799 
753 128 21 26 0.02759008 
448 93 10 13 0.02753622 
579 90 17 21 0.027428646 
999 100 10 12 0.02739747 
321 109 15 19 0.027321838 
973 149 10 15 0.027296409 
107 189 39 51 0.027222613 
278 54 10 13 0.02720272 
988 238 12 14 0.026992302 
446 114 13 17 0.026939504 
788 163 13 16 0.026939465 
887 189 11 15 0.026934773 
780 132 12 16 0.026879206 
86 79 12 16 0.026757892 
742 280 28 35 0.02666139 
115 83 18 22 0.026633874 
707 122 20 24 0.026604187 
938 126 18 23 0.026587203 
312 68 9 13 0.02657541 
1010 149 11 14 0.026477985 
138 133 12 16 0.026459398 
156 70 17 20 0.026295658 
332 150 13 17 0.026235322 
178 139 14 18 0.026215548 
477 106 13 15 0.026135612 
990 248 24 35 0.025905972 
476 95 19 23 0.025893012 
347 100 15 17 0.02578284 
939 149 12 15 0.025688251 
825 146 16 21 0.025640346 
414 151 14 19 0.025633652 
101 202 29 40 0.02561758 
492 153 18 23 0.025607774 
62 123 15 19 0.025532555 
581 166 17 23 0.02551763 
794 151 14 18 0.025373727 
133 92 11 14 0.025353806 
106 63 10 14 0.025224974 
6 111 41 51 0.025218304 
858 167 15 19 0.025135223 
820 184 15 18 0.025120819 
807 147 13 18 0.024855364 
299 88 15 19 0.024795296 
298 178 22 27 0.024772793 
485 166 13 21 0.024718614 
974 191 9 11 0.024675151 
335 80 9 11 0.024566619 
141 84 11 12 0.024486238 
960 166 11 14 0.024413774 
164 170 13 17 0.024338573 
508 157 33 40 0.024237601 
770 241 17 21 0.024234138 
853 98 21 26 0.024226282 
143 78 10 13 0.024182934 
448 88 9 10 0.02393739 
739 93 11 14 0.023899367 
1008 124 9 11 0.023874447 
794 210 24 34 0.023807947 
955 223 16 18 0.023795143 
981 163 12 14 0.023768613 
918 202 12 16 0.023741448 
238 97 13 17 0.023713991 
934 197 10 13 0.02371187 
492 124 11 16 0.023587547 
955 191 12 14 0.023586245 
278 59 11 15 0.023486815 
1012 178 10 13 0.023438592 
178 120 14 18 0.023381215 
815 178 15 18 0.023349483 
524 85 10 12 0.023318341 
461 114 20 25 0.023311362 
254 147 14 16 0.023309093 
313 51 11 13 0.02329888 
251 135 17 19 0.02326015 
405 133 12 15 0.023248134 
540 107 11 13 0.023107395 
157 110 11 14 0.022996357 
587 106 11 14 0.022987798 
123 154 14 19 0.02295634 
269 53 10 13 0.022908896 
146 93 20 24 0.022858953 
852 125 11 14 0.022713905 
301 99 12 16 0.02270567 
414 136 16 19 0.02264457 
495 130 28 33 0.022629326 
676 145 16 21 0.022548843 
420 169 33 39 0.022468403 
973 216 14 16 0.022409871 
87 116 24 28 0.022371149 
474 160 25 32 0.022339731 
445 106 13 17 0.02233273 
861 218 15 17 0.022287278 
1007 119 9 12 0.022279397 
494 93 10 12 0.022235278 
394 69 10 12 0.022216573 
749 259 28 33 0.022198796 
573 140 13 17 0.022156963 
317 69 9 12 0.02209787 
24 121 15 22 0.022040779 
301 159 13 17 0.021936763 
951 141 9 12 0.021904262 
1015 140 10 14 0.021889964 
455 103 20 25 0.021874215 
634 126 15 17 0.0218473 
77 191 30 40 0.02171626 
968 325 19 23 0.021615783 
479 87 9 11 0.021573013 
611 130 14 18 0.02149703 
313 178 15 21 0.021484066 
582 139 24 26 0.021449108 
603 130 15 19 0.021349626 
216 127 16 19 0.02126938 
520 81 9 12 0.021243814 
354 139 24 30 0.02117587 
902 187 14 15 0.021152219 
294 186 14 18 0.0210825 
301 208 15 19 0.021061037 
790 135 11 15 0.021057554 
1016 130 10 14 0.021036547 
286 55 11 14 0.021026812 
476 147 74 96 0.020994788 
993 180 10 12 0.020926166 
59 137 16 22 0.020900631 
325 98 14 17 0.02084268 
911 150 9 11 0.020775039 
990 190 11 13 0.020747371 
366 429 40 50 0.020703634 
772 130 22 27 0.020678932 
1005 263 15 22 0.020617498 
70 89 21 24 0.020575723 
976 291 31 39 0.02052401 
456 88 9 11 0.02047821 
140 164 20 24 0.020411892 
964 141 13 15 0.020385973 
496 87 10 12 0.02038077 
466 141 45 53 0.020355787 
249 169 20 27 0.020304827 
307 133 16 19 0.020296473 
121 62 20 24 0.02026951 
274 125 21 25 0.020230232 
908 184 10 12 0.020197362 
496 474 39 28 0.020157522 
641 125 21 28 0.020156093 
605 45 99 116 0.020104906 
884 168 15 18 0.020078627 
937 140 10 13 0.02003294 
167 203 11 15 0.020009097 
