17_Ceremony_Ceremony_17_1005
52
324 235 192 280 0.9997731 
861 185 55 68 0.9987178 
676 193 55 62 0.9980014 
785 178 55 73 0.9968407 
548 145 52 63 0.99660623 
911 1683 30 41 0.9666913 
827 116 50 61 0.94284385 
961 185 58 72 0.7924238 
437 104 28 35 0.6190087 
912 484 67 71 0.44704294 
475 96 25 32 0.3335912 
848 1669 48 57 0.21448104 
924 206 42 58 0.1983378 
0 262 32 43 0.17106155 
200 513 414 527 0.12759218 
946 203 56 67 0.06369789 
883 481 67 64 0.059574246 
813 147 55 69 0.046143774 
64 795 459 460 0.037290562 
931 471 82 112 0.03668202 
705 1258 12 16 0.036638558 
844 150 58 75 0.036332488 
848 124 50 58 0.036269058 
1000 258 22 33 0.035138473 
992 332 26 33 0.035018332 
627 11 73 61 0.033141147 
618 1123 27 36 0.032154664 
904 1699 12 16 0.031807613 
695 1164 11 14 0.031771798 
482 93 17 22 0.03158529 
826 196 34 50 0.03149985 
890 132 45 53 0.03085945 
718 1230 11 15 0.02953308 
451 102 25 33 0.027860703 
0 278 28 47 0.026933186 
148 516 133 136 0.026451204 
88 870 197 243 0.026296007 
662 522 15 23 0.026251229 
710 1166 11 13 0.026064485 
628 1131 45 63 0.025228936 
654 917 12 15 0.024487875 
938 513 41 44 0.024079816 
643 1208 14 19 0.023729917 
429 1239 415 540 0.023674168 
806 1257 13 16 0.022562591 
611 21 65 70 0.022540055 
119 949 108 139 0.022225816 
759 103 28 39 0.022051476 
512 60 10 15 0.02201169 
468 108 34 39 0.02172932 
614 1158 53 76 0.020595029 
777 106 24 34 0.020514417 
