17_Ceremony_Ceremony_17_803
162
322 23 99 135 0.99961156 
942 173 26 32 0.9987514 
646 89 87 111 0.9969599 
92 140 24 30 0.99180824 
573 139 14 18 0.9819056 
597 123 14 18 0.9616056 
627 108 12 17 0.95751095 
492 131 13 17 0.93973076 
527 115 14 18 0.9231732 
605 142 21 27 0.9048513 
632 151 18 25 0.90147007 
-4 69 112 240 0.8755303 
506 117 11 14 0.8508595 
149 124 14 19 0.8488435 
441 115 14 19 0.81087977 
123 125 17 21 0.77503484 
173 142 17 23 0.7033005 
568 117 12 14 0.6726394 
558 132 11 14 0.49376485 
541 157 15 22 0.38820803 
163 106 12 15 0.34788108 
418 114 13 18 0.322193 
114 142 14 21 0.2863938 
205 109 8 10 0.2851119 
239 125 13 17 0.25809395 
161 71 8 10 0.24789394 
159 249 59 113 0.22869565 
208 130 11 15 0.194164 
221 116 10 12 0.1784643 
525 203 16 18 0.17054252 
212 127 11 15 0.1569141 
480 121 10 14 0.14841683 
621 147 20 27 0.14629076 
215 94 9 12 0.13262783 
196 132 12 17 0.11563916 
222 132 9 11 0.110622756 
91 111 11 15 0.100717306 
151 232 109 157 0.08948253 
484 120 9 12 0.087445945 
20 390 31 39 0.083454706 
105 143 17 23 0.08336739 
485 124 13 16 0.080961026 
186 75 8 10 0.060826253 
446 165 10 12 0.060241807 
507 156 12 16 0.058168337 
536 146 13 17 0.057741005 
510 135 10 13 0.057339605 
437 257 16 21 0.056729533 
509 151 10 13 0.05623437 
550 78 8 11 0.055504892 
223 113 10 11 0.054803487 
203 105 9 11 0.053919014 
478 157 10 14 0.052995097 
534 142 11 13 0.05257216 
524 163 14 16 0.049838573 
85 109 13 18 0.04877926 
633 132 12 15 0.04811095 
43 118 155 249 0.047994714 
577 134 15 18 0.04720238 
240 119 13 15 0.04664459 
497 281 13 16 0.045859117 
479 152 9 12 0.045745376 
534 154 16 22 0.04435315 
555 261 10 13 0.044330318 
540 149 13 17 0.043855455 
220 123 12 17 0.04293845 
12 365 41 50 0.041980002 
229 105 8 10 0.04157305 
461 165 10 12 0.04108444 
508 198 11 16 0.038248964 
581 120 11 13 0.038230628 
149 133 15 20 0.037700515 
110 122 14 17 0.036780052 
198 118 11 13 0.036220413 
583 124 12 15 0.03586195 
576 255 11 14 0.03557432 
228 110 9 11 0.035445 
504 202 13 17 0.03521276 
571 122 13 16 0.035054117 
173 134 12 16 0.034688868 
600 253 12 15 0.034238923 
575 159 11 15 0.0340968 
463 120 10 12 0.03342575 
429 112 18 23 0.033119872 
175 61 8 11 0.032639515 
467 124 12 15 0.032487433 
144 130 14 18 0.032401226 
510 237 9 12 0.03232169 
218 113 9 10 0.03209531 
492 237 11 14 0.031674363 
202 126 19 24 0.031206172 
107 105 13 15 0.030877667 
635 137 14 19 0.030535176 
160 74 10 13 0.030409561 
561 118 10 13 0.030085716 
555 156 11 16 0.029752454 
103 123 13 15 0.02972213 
448 184 8 11 0.029202776 
240 120 21 27 0.028935967 
592 133 36 51 0.028603647 
215 112 20 26 0.028551277 
5 24 95 166 0.02847324 
141 137 13 17 0.02801082 
552 111 9 13 0.02792339 
539 201 13 18 0.027856776 
551 148 12 16 0.027805403 
530 197 16 20 0.027343309 
558 112 10 12 0.02705514 
207 117 10 13 0.026793461 
484 272 16 22 0.026633896 
456 165 10 13 0.026443854 
519 203 12 17 0.026376417 
544 69 8 12 0.026334353 
480 271 11 15 0.026190987 
102 108 13 14 0.026020614 
504 229 10 14 0.025872488 
193 137 11 14 0.025837885 
430 233 11 16 0.02565154 
636 128 13 17 0.025627283 
423 196 10 14 0.025567649 
132 120 12 14 0.025410026 
184 174 10 14 0.025199262 
845 -4 73 88 0.024871433 
200 102 18 24 0.024612704 
175 56 7 10 0.024480382 
523 124 10 13 0.024404341 
216 150 10 12 0.024402399 
445 197 11 14 0.02439341 
191 62 8 10 0.024170903 
591 202 14 18 0.023775265 
883 253 17 20 0.023690784 
189 72 8 11 0.023631794 
245 112 10 12 0.023609526 
441 165 11 13 0.02353443 
540 116 11 14 0.023221977 
155 118 12 15 0.022740904 
581 11 101 135 0.022671117 
439 235 11 15 0.02237219 
526 220 12 15 0.0222302 
454 123 11 15 0.02222245 
197 149 10 13 0.021710206 
504 152 9 12 0.021603318 
440 222 9 11 0.021554278 
555 127 19 24 0.021499075 
184 62 8 10 0.021249052 
491 209 14 19 0.021230038 
168 93 9 12 0.021212066 
567 197 12 15 0.021159178 
109 129 20 25 0.020996934 
480 205 12 14 0.02094339 
211 93 9 11 0.020875093 
638 120 24 39 0.020819636 
189 148 12 15 0.020761432 
534 135 9 11 0.020640213 
524 177 16 18 0.020614032 
498 132 12 16 0.020608027 
470 119 11 13 0.020557819 
472 112 9 10 0.020445814 
527 131 10 14 0.02043975 
530 207 16 18 0.020300739 
524 169 15 18 0.020253591 
540 315 11 15 0.020024044 
