17_Ceremony_Ceremony_17_470
40
940 271 54 67 0.99828666 
481 252 48 60 0.99807537 
353 172 51 71 0.99646866 
680 290 24 33 0.99464405 
78 254 43 53 0.99298555 
229 225 39 47 0.9906816 
725 211 49 59 0.9906048 
584 287 41 51 0.88505864 
642 291 24 34 0.624239 
183 271 26 28 0.37391472 
713 268 32 45 0.24870208 
140 270 15 19 0.22919416 
209 292 41 56 0.16872807 
10 288 27 35 0.12934466 
752 211 43 49 0.119010255 
0 290 20 32 0.10093683 
989 305 16 22 0.072586134 
13 268 27 29 0.05306387 
183 327 27 34 0.0475604 
887 364 13 16 0.04683347 
15 276 32 37 0.04446007 
193 321 26 36 0.042638186 
169 324 28 39 0.03976168 
195 279 41 48 0.03604663 
800 323 60 79 0.031011334 
15 269 14 18 0.030351456 
195 273 28 31 0.028498303 
694 275 35 48 0.027974699 
768 311 107 122 0.02755239 
803 33 32 43 0.02620338 
600 277 44 52 0.024753436 
6 593 111 173 0.023626484 
133 256 21 27 0.023587463 
893 347 14 17 0.023554575 
201 305 31 41 0.02268977 
325 273 47 52 0.022658844 
49 418 58 51 0.021406643 
176 274 23 32 0.02083982 
644 306 18 23 0.020547079 
908 362 25 30 0.020069605 
