17_Ceremony_Ceremony_17_592
131
163 252 31 38 0.98670864 
5 371 16 20 0.97218174 
60 308 17 22 0.9715251 
300 285 15 18 0.9657719 
508 287 15 19 0.9589304 
697 183 27 43 0.78927356 
790 340 12 14 0.46566984 
551 303 12 16 0.43312338 
195 338 18 20 0.42339918 
651 292 17 19 0.36656025 
594 285 15 17 0.3651861 
592 319 11 14 0.27178204 
31 408 14 20 0.21051507 
193 344 22 27 0.17788853 
784 338 11 15 0.17126398 
60 331 32 34 0.16858438 
267 341 14 18 0.16221507 
850 124 34 45 0.14111197 
545 308 13 17 0.13969482 
371 178 46 59 0.11344189 
571 318 12 15 0.11155996 
401 286 17 20 0.09517796 
544 280 7 10 0.08913336 
280 288 9 11 0.0866064 
248 308 12 16 0.083897814 
557 323 10 12 0.07879284 
249 314 16 20 0.07294975 
601 286 12 15 0.07214376 
551 313 12 15 0.07037703 
279 329 13 18 0.066117875 
207 309 13 17 0.06405879 
556 318 9 13 0.06054075 
0 387 12 18 0.058837835 
222 326 12 15 0.052965384 
557 278 8 11 0.051345393 
239 309 10 14 0.0508878 
414 433 21 29 0.050504863 
452 290 16 18 0.05022478 
687 197 32 41 0.050052848 
85 342 16 22 0.04983467 
536 329 10 12 0.04801214 
67 332 16 18 0.047963455 
343 211 13 16 0.046399344 
248 323 13 16 0.04619201 
275 336 15 20 0.04472781 
552 278 9 11 0.04248139 
557 264 9 11 0.042468257 
482 194 14 19 0.041908484 
554 270 9 11 0.041073278 
3 422 17 21 0.03928175 
336 356 13 16 0.038592 
254 352 14 19 0.038161684 
596 255 10 11 0.038052626 
455 316 10 13 0.037650995 
501 227 12 15 0.036887247 
846 136 25 40 0.036258943 
260 404 10 12 0.034674946 
784 357 10 13 0.033285137 
151 254 25 34 0.032976817 
793 345 13 14 0.032057427 
551 297 11 14 0.03145058 
77 330 28 33 0.03129291 
250 330 14 18 0.030954098 
212 328 15 19 0.030381517 
528 183 8 10 0.030333715 
533 225 10 12 0.030132443 
768 351 9 11 0.0291184 
260 350 15 20 0.029050069 
73 336 18 22 0.028903453 
396 451 14 16 0.028839173 
36 369 27 34 0.028562943 
613 343 9 12 0.028500393 
528 272 9 11 0.027600097 
403 275 24 28 0.027487932 
373 169 32 44 0.027198588 
291 330 12 15 0.027190685 
539 331 11 15 0.026404444 
266 352 14 19 0.02629023 
726 331 13 16 0.026183931 
553 331 23 29 0.026107436 
227 325 13 15 0.025906384 
777 341 11 14 0.025629438 
324 77 12 13 0.025501916 
271 414 8 10 0.02549886 
283 324 16 20 0.02518967 
591 280 12 15 0.025144698 
510 313 13 17 0.024796268 
184 256 18 24 0.024639752 
671 266 47 69 0.02441598 
269 332 16 19 0.024272213 
341 205 21 28 0.024256146 
156 350 16 19 0.024120726 
257 330 23 29 0.024093548 
91 331 14 17 0.02409275 
339 349 13 16 0.023739759 
200 323 23 26 0.023550544 
752 365 9 13 0.023403613 
708 349 9 11 0.023316355 
63 323 50 53 0.023209332 
761 374 8 9 0.023099236 
856 135 42 45 0.023031468 
533 271 10 12 0.022941504 
285 286 12 14 0.022925647 
253 319 22 29 0.022847487 
233 310 10 13 0.0225445 
418 264 24 29 0.02248529 
795 336 12 14 0.02242106 
580 342 9 13 0.022163374 
238 302 11 15 0.022155248 
568 270 8 11 0.021867428 
453 293 23 30 0.021659318 
120 391 27 31 0.021275371 
557 283 10 13 0.021274522 
677 190 30 34 0.021127045 
91 350 14 19 0.021121949 
34 416 14 17 0.021113658 
475 306 15 19 0.020981485 
45 310 49 51 0.020769937 
584 291 11 14 0.020689178 
0 338 12 18 0.02068458 
102 319 12 15 0.020589134 
270 408 10 12 0.020552337 
452 267 15 18 0.020523489 
534 260 9 11 0.020502388 
278 357 12 15 0.020352753 
716 378 14 19 0.020283705 
547 320 23 26 0.020266812 
483 306 13 16 0.020140966 
596 294 15 18 0.020106114 
386 252 17 20 0.020098004 
84 332 16 21 0.020070184 
