17_Ceremony_Ceremony_17_444
21
314 227 364 504 0.99983597 
228 521 536 497 0.18426798 
775 1382 11 14 0.13812217 
734 1358 8 10 0.057372354 
903 23 89 115 0.047099058 
10 974 98 140 0.044568066 
46 982 114 148 0.039706912 
799 1400 7 11 0.035836123 
751 1437 12 15 0.035320733 
551 1482 52 53 0.027986629 
724 1440 11 13 0.027468564 
782 1348 9 11 0.02681119 
768 1334 8 11 0.026628396 
1 54 396 481 0.023827879 
75 662 604 492 0.022363117 
793 1406 10 11 0.022237057 
213 233 298 463 0.022028115 
470 1482 58 55 0.021715974 
791 1342 9 12 0.021708222 
784 1414 8 11 0.021511856 
461 1501 33 34 0.021308832 
