17_Ceremony_Ceremony_17_944
315
839 455 13 19 0.92840725 
813 459 11 16 0.85600746 
472 428 10 14 0.7558278 
172 471 10 13 0.7401332 
953 550 27 42 0.71253407 
869 600 31 48 0.67492783 
229 460 13 16 0.6635479 
515 423 12 15 0.6386065 
873 518 19 29 0.54742545 
197 470 9 12 0.43412837 
152 469 10 12 0.39396116 
759 455 11 14 0.37514904 
10 547 14 19 0.33410785 
0 526 17 23 0.3278733 
707 537 24 31 0.27536914 
277 477 10 15 0.2745819 
638 447 15 19 0.2693487 
269 487 15 21 0.2370334 
262 475 11 13 0.23536742 
159 523 14 17 0.22874136 
208 507 12 15 0.19160217 
311 507 13 16 0.18473227 
157 469 9 11 0.1820909 
145 463 8 11 0.15343495 
2 515 14 18 0.14581913 
198 476 10 12 0.13973778 
192 522 19 21 0.13832018 
144 468 9 11 0.1366998 
274 481 14 21 0.13203615 
541 429 9 12 0.13199206 
259 515 15 19 0.13046148 
220 487 13 15 0.12837827 
158 541 13 15 0.12721242 
176 507 11 12 0.1245676 
711 457 13 17 0.12443755 
146 457 7 9 0.12255159 
18 530 16 19 0.11887981 
125 579 17 21 0.11183652 
222 546 17 21 0.111166924 
9 525 19 26 0.110060975 
489 436 10 11 0.10639669 
495 416 7 9 0.10635344 
344 531 12 15 0.10572336 
493 434 10 12 0.09994186 
843 529 15 21 0.09908169 
541 391 8 11 0.09473238 
212 502 11 15 0.093207106 
191 537 15 19 0.0928749 
131 505 12 16 0.08976764 
271 477 11 15 0.0878955 
224 465 12 15 0.085228086 
160 492 11 14 0.083663754 
180 503 10 13 0.08070267 
275 546 13 18 0.07540548 
878 588 33 51 0.073149435 
274 538 14 19 0.07272789 
151 464 8 11 0.07269645 
256 526 16 22 0.068656065 
193 474 11 13 0.06819464 
84 545 26 31 0.06750694 
167 464 7 10 0.066546395 
137 471 8 10 0.066404924 
540 396 9 12 0.064997725 
164 519 13 16 0.064529836 
557 470 9 11 0.064289674 
269 471 11 13 0.06345189 
634 552 8 11 0.06297727 
526 407 7 10 0.062787436 
234 547 16 20 0.062365282 
205 484 9 12 0.062130842 
552 448 9 11 0.060975883 
489 320 10 12 0.060091514 
790 484 12 15 0.058280133 
238 469 10 13 0.057639264 
691 463 14 18 0.05718948 
885 609 32 50 0.057137292 
125 552 15 20 0.056486577 
144 487 9 12 0.056296356 
615 491 9 15 0.055607297 
175 485 9 11 0.055404995 
230 518 11 15 0.055185053 
554 395 11 14 0.05447836 
504 407 9 12 0.053641766 
242 537 16 21 0.053377174 
172 523 10 14 0.053289045 
160 465 8 11 0.052942537 
240 477 10 12 0.052358776 
245 474 10 13 0.052065082 
193 464 8 10 0.051975127 
241 549 15 21 0.051842347 
93 541 27 28 0.051786 
476 423 10 13 0.05061402 
580 468 9 12 0.050352495 
687 481 11 16 0.050308164 
150 562 21 27 0.049923357 
180 546 11 16 0.0498079 
150 522 13 17 0.049691424 
553 429 11 14 0.049464703 
269 530 15 20 0.048977997 
490 389 10 13 0.04838151 
753 458 12 16 0.04787233 
199 465 7 10 0.047473367 
537 423 9 12 0.04706607 
543 435 8 11 0.046861555 
254 509 13 16 0.045993913 
195 543 15 18 0.04546961 
174 547 14 17 0.045255214 
216 490 12 15 0.04514666 
286 502 12 16 0.044349596 
200 482 11 13 0.04398449 
450 414 9 11 0.043369073 
699 528 27 31 0.043350995 
495 421 8 10 0.043262027 
454 431 8 10 0.041890085 
827 539 13 19 0.04118363 
150 545 12 17 0.040954135 
223 476 11 13 0.0407974 
315 563 13 15 0.040703192 
525 421 9 12 0.040699173 
316 492 13 15 0.04025 
258 477 9 12 0.04002685 
165 499 11 14 0.03947267 
465 415 8 11 0.0389044 
880 525 17 23 0.038747575 
487 447 11 13 0.03844751 
263 483 13 17 0.038069624 
677 514 14 20 0.037686445 
526 412 10 12 0.037593693 
351 540 10 14 0.036350466 
251 500 13 17 0.036294468 
291 507 12 14 0.036269456 
789 492 13 16 0.03619187 
740 477 11 14 0.036137782 
145 490 11 16 0.036135457 
292 521 14 20 0.03602979 
680 498 12 17 0.03581357 
238 530 15 18 0.035446998 
222 554 23 24 0.035444543 
636 587 11 14 0.034680758 
735 482 12 16 0.03444504 
205 538 14 19 0.034444414 
189 491 11 14 0.03431923 
235 516 11 15 0.03430505 
217 461 9 12 0.034222893 
93 532 16 19 0.03403344 
765 447 10 12 0.033737842 
168 507 11 14 0.03366635 
490 414 8 12 0.033611197 
577 486 8 11 0.03360229 
311 558 12 14 0.0334654 
820 676 36 30 0.033411834 
128 480 9 12 0.033406306 
133 478 9 11 0.033272285 
505 389 8 10 0.033236653 
517 415 12 15 0.033220578 
61 538 15 21 0.032691192 
255 483 11 15 0.03264472 
492 397 9 12 0.032402538 
439 503 8 10 0.032277465 
99 525 15 17 0.032222725 
977 581 49 69 0.032081276 
4 535 15 21 0.031941283 
502 327 9 12 0.03173899 
237 483 11 14 0.031613234 
645 541 12 17 0.031563435 
822 545 12 19 0.03152598 
258 471 9 11 0.031470634 
953 545 19 30 0.03145781 
637 550 10 13 0.031390127 
358 543 10 12 0.031291634 
190 485 11 14 0.031138875 
503 423 8 11 0.031098913 
501 430 8 11 0.030996764 
383 536 10 13 0.030910254 
760 448 10 13 0.030868663 
505 384 9 11 0.030669294 
193 456 8 9 0.030602103 
222 507 12 16 0.03056442 
158 554 13 19 0.030508824 
788 604 16 22 0.03049365 
107 524 16 19 0.03039046 
731 514 18 22 0.030356938 
115 530 15 16 0.030194782 
223 515 12 15 0.03012191 
266 520 16 22 0.029985348 
700 460 12 16 0.029842911 
876 576 28 37 0.029631244 
577 464 9 11 0.029532572 
882 515 16 22 0.029462881 
193 465 18 23 0.029057872 
374 599 11 12 0.028977005 
837 534 16 20 0.028953657 
130 459 8 12 0.028953006 
784 592 10 13 0.02871779 
752 469 10 14 0.028713912 
763 465 13 15 0.028403277 
284 527 15 21 0.028273722 
615 478 19 31 0.027936744 
315 570 13 15 0.027890902 
805 483 10 13 0.027764535 
448 405 9 10 0.027757378 
288 597 11 14 0.02769255 
169 467 17 21 0.0276199 
260 473 20 25 0.027472373 
512 415 9 12 0.027412832 
129 571 24 30 0.027337106 
225 457 10 13 0.027123807 
789 479 11 13 0.026849728 
637 556 10 13 0.026745752 
6 547 24 31 0.026513672 
158 486 19 25 0.02645345 
750 476 11 13 0.026365163 
595 491 10 12 0.026316201 
655 553 11 15 0.026252583 
537 405 8 11 0.026186185 
159 476 9 11 0.026099898 
448 433 8 9 0.02607152 
463 407 9 11 0.025959445 
444 462 9 12 0.025940543 
828 528 20 28 0.025802309 
270 508 11 16 0.025776662 
136 462 8 11 0.0257549 
710 464 13 16 0.025488885 
774 461 10 13 0.025456397 
284 513 20 26 0.025293186 
159 554 22 26 0.025171563 
577 439 7 9 0.025014656 
526 400 8 11 0.024958165 
493 445 10 12 0.024902504 
86 559 23 32 0.024872761 
392 564 10 16 0.024734275 
117 546 13 17 0.024718428 
317 483 13 16 0.024580894 
819 541 21 29 0.024502717 
233 558 18 20 0.024488743 
509 407 9 11 0.024458233 
93 518 13 15 0.024373911 
86 534 13 16 0.02431316 
873 608 19 29 0.024207644 
546 446 8 12 0.024194872 
122 524 15 18 0.024168093 
314 512 13 15 0.024151945 
448 437 7 9 0.02395109 
140 532 15 17 0.023908336 
511 384 8 11 0.023837622 
886 509 13 17 0.023771934 
140 539 16 20 0.023766108 
992 482 24 42 0.023659669 
468 424 18 22 0.023514362 
445 398 9 12 0.023474362 
214 545 14 20 0.023454165 
303 508 11 15 0.023390519 
256 461 8 11 0.023373928 
691 482 14 18 0.02322548 
352 549 10 12 0.023198092 
852 484 14 16 0.023114085 
18 547 14 17 0.023061434 
837 524 16 21 0.022961564 
92 573 17 21 0.022955714 
494 406 9 11 0.022923265 
119 562 24 31 0.022841886 
292 561 14 17 0.022840343 
148 487 19 26 0.022839991 
86 540 16 20 0.022824485 
523 428 10 13 0.022678822 
229 509 12 16 0.022663422 
962 555 35 38 0.022476945 
132 565 39 47 0.022426246 
819 465 13 14 0.022409964 
214 494 20 25 0.022330645 
165 485 10 13 0.022270033 
502 333 9 12 0.02227001 
733 491 13 20 0.02217433 
154 571 24 30 0.02212938 
206 512 12 16 0.022049803 
687 486 21 29 0.02199427 
439 449 9 11 0.02197436 
182 540 12 18 0.021899885 
797 483 13 14 0.021831622 
236 524 13 17 0.021770567 
705 450 12 16 0.0217654 
489 384 9 12 0.02169115 
174 491 10 14 0.021680554 
883 593 16 24 0.021640593 
670 519 16 21 0.021479355 
226 526 23 28 0.021461401 
543 384 8 10 0.02145959 
134 455 9 12 0.021439971 
258 535 16 21 0.021436142 
296 511 20 27 0.021429062 
228 490 12 16 0.021426093 
127 491 11 16 0.021399632 
278 523 12 20 0.021394629 
488 422 9 11 0.021382397 
215 478 9 11 0.021315238 
466 422 10 12 0.021203458 
102 531 23 24 0.020970682 
142 477 10 12 0.020969 
553 422 10 13 0.020949185 
807 556 13 16 0.020934695 
277 497 12 17 0.020889327 
888 574 28 32 0.020766266 
701 515 16 17 0.020731231 
478 437 9 13 0.020725874 
314 500 13 16 0.02071769 
174 466 9 11 0.020573338 
292 549 11 14 0.020531345 
216 469 9 12 0.020452078 
678 494 20 26 0.020451374 
953 557 15 25 0.02043909 
212 513 12 15 0.02031887 
-1 596 28 36 0.020282814 
554 414 9 11 0.020279527 
315 579 13 15 0.020098949 
687 469 20 26 0.020026235 
