17_Ceremony_Ceremony_17_271
202
731 370 21 30 0.9490092 
604 375 15 22 0.6802021 
568 382 20 27 0.42953584 
513 387 22 27 0.29532143 
585 380 13 17 0.2746541 
225 604 45 52 0.18575914 
513 437 23 28 0.18366724 
100 520 45 60 0.13845094 
297 383 8 11 0.12632367 
172 548 28 39 0.12094613 
281 383 8 10 0.115840085 
377 573 32 38 0.11080615 
270 391 9 13 0.108005226 
218 421 14 18 0.103627406 
298 375 8 11 0.0960358 
577 382 16 21 0.0957362 
251 391 17 20 0.094710834 
260 392 13 19 0.093496986 
448 576 42 51 0.083550505 
163 631 107 129 0.079148926 
641 383 9 12 0.07177483 
185 599 30 56 0.068716586 
221 415 23 28 0.06823567 
297 387 9 12 0.06744011 
704 384 8 12 0.06368224 
470 566 29 39 0.062430684 
622 379 11 13 0.061785527 
597 423 17 20 0.061563972 
575 352 10 12 0.06005911 
239 327 9 12 0.059639536 
500 366 17 20 0.058796216 
751 466 24 27 0.05538335 
878 417 13 15 0.054722104 
711 383 10 12 0.054395366 
716 388 11 14 0.05421533 
433 576 37 49 0.05334712 
90 300 15 20 0.052535083 
623 389 13 16 0.05159019 
516 381 16 22 0.051402014 
692 375 9 11 0.050460763 
281 387 9 13 0.05016281 
222 335 9 11 0.048616525 
545 363 10 14 0.048559565 
246 389 15 19 0.04748173 
312 383 8 11 0.045755703 
487 243 12 16 0.0456306 
604 369 13 18 0.045391493 
218 413 13 16 0.044527672 
297 369 7 9 0.044076227 
642 373 9 11 0.043827713 
491 245 14 16 0.04252421 
282 366 7 10 0.04236153 
791 394 11 13 0.04202687 
483 377 13 17 0.041505225 
679 368 7 11 0.040484246 
742 420 15 19 0.04029137 
271 374 8 11 0.040166892 
750 473 13 15 0.039365686 
115 330 16 18 0.03907304 
302 368 7 9 0.038955096 
710 387 12 14 0.038929213 
640 388 10 12 0.03817507 
230 405 12 15 0.03799814 
719 396 12 14 0.037532616 
551 428 12 17 0.037488684 
212 349 12 14 0.037395902 
458 251 15 18 0.037223563 
301 388 10 12 0.037159253 
680 373 7 11 0.03714247 
707 403 12 15 0.036934063 
562 365 9 12 0.036706477 
696 390 9 11 0.035903323 
773 390 11 15 0.035823096 
627 373 9 13 0.035395876 
746 469 11 15 0.035013676 
245 373 11 12 0.03492524 
255 383 11 14 0.03490835 
230 396 10 14 0.034873072 
319 367 9 10 0.034742594 
712 376 8 11 0.034440838 
55 448 12 14 0.034035467 
224 389 10 13 0.03389426 
271 444 13 16 0.033672843 
716 380 12 15 0.03335982 
675 389 353 498 0.03334457 
110 317 24 28 0.033011407 
749 405 13 15 0.032876875 
748 453 13 14 0.032873865 
657 368 8 9 0.03244678 
119 519 29 41 0.032117777 
334 403 10 13 0.032103788 
721 404 10 13 0.031800445 
566 382 13 19 0.031742968 
742 335 10 12 0.0317342 
119 501 10 11 0.0315702 
610 653 49 72 0.031263046 
222 407 12 14 0.030921359 
603 393 14 18 0.030800804 
561 356 11 13 0.030574402 
873 435 9 12 0.030290844 
642 368 8 11 0.030057393 
344 384 8 10 0.029682366 
498 377 16 19 0.02962612 
682 382 8 11 0.029423118 
678 391 10 12 0.02934867 
301 383 9 11 0.02924248 
237 381 13 16 0.028992748 
108 314 18 21 0.028869918 
775 419 10 13 0.02875229 
285 367 8 9 0.028711611 
608 381 17 21 0.028332654 
752 344 11 13 0.027911348 
329 391 8 10 0.027856624 
570 328 8 10 0.02782152 
462 227 16 18 0.027606407 
278 344 9 11 0.027275883 
756 450 13 14 0.027177224 
234 325 10 13 0.02717595 
500 437 27 32 0.027074378 
490 378 16 18 0.026870286 
268 441 24 27 0.026775207 
712 673 48 66 0.026754105 
245 381 13 17 0.026691807 
278 394 11 15 0.02661704 
575 374 12 17 0.02660576 
245 400 16 18 0.026489096 
179 567 33 37 0.026271062 
142 613 53 72 0.026161637 
549 285 9 11 0.025915748 
891 446 13 15 0.025873374 
245 326 9 11 0.025733132 
580 374 15 19 0.02565672 
459 246 13 15 0.025422806 
766 431 12 15 0.025384497 
334 389 9 10 0.025272971 
87 541 55 67 0.025100958 
264 367 8 11 0.025083141 
720 344 8 9 0.025081918 
69 463 12 15 0.02501764 
185 555 28 31 0.024616923 
234 411 17 20 0.024578854 
523 381 14 19 0.024534628 
110 712 113 121 0.024522632 
230 389 10 14 0.024467867 
317 320 8 11 0.024399322 
567 257 9 10 0.024286192 
327 374 8 11 0.024224004 
479 243 12 17 0.024216285 
486 349 15 17 0.024012232 
485 570 13 20 0.023960719 
90 493 75 104 0.023909839 
110 382 10 12 0.023897637 
385 380 9 12 0.023749804 
209 348 10 14 0.023614923 
294 328 8 10 0.023602031 
345 390 8 10 0.023481479 
263 373 10 12 0.023456398 
563 349 13 16 0.023446985 
311 389 9 11 0.023289312 
313 367 8 10 0.023077969 
547 380 11 14 0.022935012 
334 383 9 12 0.022934018 
566 343 10 11 0.022548703 
754 348 12 14 0.02251093 
352 312 8 10 0.022462767 
788 428 14 16 0.02242219 
744 412 13 16 0.022178292 
559 271 10 12 0.022108546 
260 381 10 14 0.022058675 
209 614 69 82 0.021953393 
451 245 25 28 0.021916892 
445 252 13 14 0.021914858 
329 337 7 8 0.021911899 
762 469 14 17 0.021736337 
190 417 11 15 0.02172065 
791 515 11 14 0.02169746 
823 350 10 12 0.021672191 
560 381 12 16 0.021625185 
744 458 12 16 0.021584155 
815 390 10 12 0.021440232 
258 420 17 19 0.021384725 
330 381 9 12 0.021172713 
487 241 22 27 0.021165079 
645 389 10 13 0.021129569 
245 344 9 10 0.021083217 
759 525 11 14 0.021023907 
712 328 9 12 0.02100477 
773 451 12 15 0.020980537 
344 398 11 12 0.020951794 
767 451 12 14 0.020714948 
173 51 394 501 0.02070719 
401 572 35 50 0.020705426 
704 375 8 11 0.020684242 
827 380 11 13 0.020645969 
362 574 31 38 0.020473896 
686 380 10 12 0.020457586 
263 390 19 24 0.02044612 
231 332 9 12 0.020425256 
725 418 10 14 0.02041026 
772 405 11 13 0.020215977 
665 381 10 13 0.020165952 
603 447 18 19 0.020076305 
