56_Voter_peoplevoting_56_122
201
560 79 33 46 0.97275203 
935 74 38 62 0.9677212 
419 137 26 32 0.96485484 
687 48 41 62 0.96449375 
440 39 24 34 0.947924 
82 66 35 44 0.9448368 
904 31 35 54 0.92164904 
532 14 26 31 0.8804059 
836 58 38 51 0.87853 
210 36 23 28 0.868229 
484 5 23 28 0.83947 
963 12 34 42 0.81054544 
486 14 26 35 0.7975993 
251 10 21 31 0.7415678 
602 3 28 34 0.738926 
298 17 19 26 0.72047395 
705 5 38 40 0.65163547 
141 39 26 38 0.5766773 
771 21 35 53 0.5726799 
402 92 17 22 0.53502214 
201 20 22 28 0.5207249 
694 359 101 87 0.48998028 
32 26 22 33 0.46532407 
153 24 27 34 0.44497764 
403 10 21 31 0.364363 
75 18 15 20 0.354624 
146 52 32 45 0.3155286 
103 396 93 169 0.27716807 
349 25 26 34 0.25885436 
147 17 23 29 0.2539839 
259 14 24 32 0.24881911 
614 53 30 47 0.21701284 
437 1 16 20 0.21023643 
909 186 47 55 0.19484527 
403 5 13 17 0.17802714 
180 0 15 13 0.1720987 
281 109 52 60 0.17032087 
797 9 28 37 0.16582249 
785 3 29 39 0.15886194 
607 13 32 36 0.15206645 
438 34 16 21 0.14956513 
723 370 107 101 0.13060658 
229 65 29 46 0.11834512 
192 20 21 27 0.11644562 
717 349 181 205 0.106663324 
20 22 26 35 0.1057086 
811 108 31 47 0.10321327 
240 122 30 47 0.101933 
901 84 23 34 0.099995375 
373 11 22 30 0.099178694 
244 11 19 25 0.094849326 
287 55 43 53 0.094435364 
0 451 137 183 0.09334228 
653 393 36 49 0.0923171 
74 22 22 28 0.09111786 
919 46 48 67 0.089409485 
154 9 26 28 0.08864427 
54 1 12 11 0.08782487 
664 380 54 61 0.08778467 
680 365 63 66 0.08686999 
111 25 22 30 0.08650138 
757 25 31 51 0.08234621 
663 0 26 34 0.081978425 
869 264 24 27 0.07853179 
269 124 43 45 0.075962804 
305 58 27 36 0.07518312 
107 0 14 14 0.074628316 
891 40 28 47 0.0710878 
613 32 29 38 0.07080722 
42 32 14 22 0.063345805 
82 20 15 19 0.059932876 
475 0 24 29 0.059013437 
173 0 17 17 0.05785404 
476 120 15 17 0.057457246 
308 107 45 58 0.055891365 
556 66 26 41 0.05565787 
459 0 18 21 0.05429135 
704 44 50 67 0.05160055 
562 1 27 33 0.049023416 
383 8 23 32 0.04859271 
584 85 32 43 0.048284423 
241 62 29 45 0.047554605 
795 378 184 234 0.046993624 
269 70 51 62 0.04683125 
493 108 25 30 0.046806265 
264 23 28 33 0.04662798 
613 1 31 33 0.04508959 
61 18 15 21 0.045078482 
356 15 27 35 0.04434074 
139 34 16 21 0.04394312 
143 7 23 28 0.043925826 
308 2 23 32 0.043905538 
809 15 20 25 0.04327914 
255 79 33 47 0.043180704 
370 120 26 30 0.039634403 
346 10 26 30 0.03949025 
11 31 25 32 0.039489653 
77 49 30 36 0.03891425 
645 362 59 62 0.038184505 
9 15 26 33 0.03769558 
896 164 49 61 0.03718674 
415 69 15 18 0.036838338 
739 36 39 59 0.03661207 
3 43 12 18 0.03578114 
34 20 16 24 0.035474174 
598 14 15 24 0.034818955 
162 2 18 19 0.034497567 
178 20 23 29 0.034075417 
415 123 26 37 0.03390835 
480 130 39 46 0.033850335 
545 6 28 35 0.033592973 
739 421 36 38 0.03348406 
67 30 28 33 0.033318426 
440 491 48 50 0.033291154 
199 32 25 34 0.033272024 
899 183 80 86 0.033034835 
931 16 41 55 0.03295059 
18 12 15 17 0.03290103 
91 19 15 19 0.032821193 
417 123 17 22 0.03236517 
100 26 25 30 0.03216062 
661 3 17 21 0.03215986 
49 32 15 21 0.03194623 
1004 23 20 32 0.031873815 
165 6 26 27 0.031389505 
441 7 17 19 0.031364206 
45 416 131 191 0.031184481 
105 74 26 36 0.03101997 
400 23 22 31 0.03061439 
411 17 21 28 0.030393073 
58 0 14 13 0.030183297 
786 -1 21 26 0.029824208 
476 116 25 30 0.029354088 
494 29 21 25 0.02928347 
856 45 40 56 0.028312303 
594 389 32 45 0.027973428 
682 11 44 59 0.027798884 
223 40 17 23 0.02778498 
677 60 30 45 0.027585372 
274 12 16 21 0.027530385 
48 0 12 11 0.027513616 
120 27 17 23 0.027093112 
58 6 22 26 0.026905632 
220 10 14 18 0.026884764 
967 11 23 26 0.02687705 
3 27 22 34 0.026861062 
309 49 18 21 0.026740387 
156 62 32 42 0.026388323 
219 78 30 43 0.025809621 
430 41 23 30 0.0257046 
414 152 14 18 0.025462609 
107 19 16 21 0.025298793 
208 14 23 29 0.024912672 
835 42 30 49 0.024906836 
903 190 29 40 0.024743065 
281 12 23 29 0.02455343 
98 57 27 38 0.024504628 
162 16 27 31 0.02442059 
36 36 24 34 0.024306726 
112 2 14 16 0.02388689 
397 39 14 20 0.023836428 
86 2 16 16 0.02349468 
698 373 35 43 0.023305424 
724 5 33 34 0.023241479 
259 5 17 22 0.022673137 
321 -1 23 31 0.022658817 
66 116 61 60 0.022614604 
637 418 39 41 0.022588663 
673 31 42 64 0.022404961 
83 25 27 32 0.022217974 
329 101 32 50 0.0222118 
983 117 32 38 0.022118919 
188 114 34 44 0.02183198 
198 89 27 35 0.021662243 
392 42 13 17 0.021637762 
247 104 43 62 0.021599356 
678 0 40 44 0.021592181 
130 33 23 34 0.021564556 
409 148 28 35 0.02140968 
478 26 26 35 0.021400502 
879 52 29 46 0.02133962 
167 30 19 24 0.021265667 
92 0 16 14 0.02119737 
333 1 24 28 0.021099338 
495 114 16 18 0.020978928 
602 18 20 28 0.020923391 
372 31 15 21 0.020866087 
489 119 28 33 0.020815874 
330 6 16 22 0.020762242 
975 85 39 57 0.02074925 
152 49 19 25 0.020736301 
260 95 34 49 0.02070998 
399 162 51 55 0.020648707 
90 -2 26 24 0.020518366 
298 78 49 63 0.020435216 
585 3 23 33 0.020259092 
223 124 33 46 0.020225236 
313 47 26 34 0.020157559 
871 241 16 20 0.02010615 
12 2 28 27 0.020066103 
603 54 28 43 0.020030549 
