56_Voter_peoplevoting_56_21
76
799 252 23 27 0.5989943 
682 292 99 107 0.3906318 
325 246 13 18 0.38767248 
657 316 34 46 0.38465193 
610 345 24 38 0.34988132 
213 269 60 89 0.22284408 
492 284 59 79 0.19722287 
810 248 14 21 0.17089297 
321 267 27 33 0.155082 
284 285 43 56 0.13641383 
671 306 58 66 0.13353872 
330 363 31 36 0.11961154 
787 256 26 29 0.10232408 
292 274 15 19 0.08096033 
329 247 15 19 0.07949888 
685 290 15 19 0.076763175 
305 281 43 59 0.0701716 
865 314 44 53 0.06670085 
744 504 107 135 0.063845 
672 309 32 38 0.06100675 
574 476 105 120 0.060330912 
263 284 43 65 0.057142057 
312 254 43 52 0.05670668 
133 312 17 21 0.05395513 
468 290 53 74 0.04973217 
597 506 65 76 0.047729347 
861 454 25 31 0.047575362 
318 279 27 37 0.046965055 
672 296 26 31 0.046345517 
778 265 27 30 0.042396102 
694 308 32 35 0.039427068 
315 290 16 21 0.03732653 
906 379 49 60 0.036947206 
247 296 30 47 0.036181975 
131 299 29 34 0.035629004 
322 305 17 24 0.033622097 
301 267 24 30 0.03343814 
279 281 31 44 0.031679723 
324 251 25 33 0.03130037 
95 302 400 503 0.03044504 
364 118 45 57 0.029782584 
288 276 22 30 0.029569253 
729 283 62 67 0.029498255 
598 331 40 62 0.029273495 
594 333 25 33 0.029203197 
502 239 65 63 0.02907823 
327 243 9 12 0.028910277 
258 291 16 22 0.028008573 
600 330 16 21 0.02787489 
821 281 16 20 0.026583433 
774 531 111 135 0.026503911 
277 305 31 38 0.02645252 
879 319 28 31 0.026250131 
747 284 36 34 0.026015723 
92 250 12 16 0.02583432 
136 281 48 57 0.025584536 
331 255 15 18 0.025496904 
639 107 12 16 0.024109814 
578 315 47 75 0.02342544 
258 288 25 37 0.023416052 
330 267 17 20 0.02281423 
789 242 25 31 0.022765446 
336 248 16 20 0.022601496 
245 384 47 61 0.022541158 
863 345 35 38 0.02234136 
171 247 89 107 0.02219842 
896 436 46 63 0.021944046 
662 257 15 21 0.02118543 
655 244 40 52 0.02106002 
876 451 30 39 0.020983316 
677 292 18 21 0.020843148 
652 261 26 35 0.020805676 
382 182 47 58 0.020694159 
798 243 15 19 0.020298976 
409 318 27 40 0.020229498 
767 273 28 31 0.020059904 
