56_Voter_peoplevoting_56_459
42
243 90 32 48 0.99829775 
742 89 37 49 0.995116 
354 75 28 46 0.9934848 
864 89 31 43 0.9504933 
496 81 18 35 0.54966193 
86 43 21 40 0.5076104 
971 157 15 18 0.46398187 
634 97 35 35 0.29252237 
272 167 40 45 0.17573117 
323 97 29 36 0.11727356 
389 151 37 38 0.09852637 
121 36 26 40 0.07408223 
757 373 10 13 0.06880162 
884 200 33 29 0.06335801 
820 140 14 15 0.05235187 
769 388 9 12 0.047156874 
993 111 9 11 0.046804298 
369 141 28 37 0.04349718 
859 70 27 49 0.04093953 
333 91 36 37 0.036955215 
49 269 10 13 0.0356824 
805 208 13 15 0.03222026 
740 357 10 13 0.032188915 
761 414 11 13 0.031420954 
965 150 15 17 0.031121131 
830 173 12 16 0.030375147 
159 252 8 11 0.030051682 
376 147 35 38 0.02999739 
744 316 9 11 0.029686783 
279 208 29 30 0.029556155 
779 136 18 21 0.02846569 
367 122 31 41 0.028310198 
760 334 9 11 0.02721478 
179 175 24 31 0.026042538 
833 170 17 21 0.024668531 
846 163 14 19 0.024140323 
544 478 28 28 0.023779292 
809 134 25 29 0.022799151 
628 89 27 37 0.021610662 
895 103 30 33 0.020630404 
803 189 25 29 0.02048249 
273 188 31 36 0.02017238 
