56_Voter_peoplevoting_56_344
109
979 70 15 20 0.9934481 
177 80 19 23 0.98708504 
209 75 19 24 0.98209375 
800 91 15 20 0.9817842 
462 85 17 22 0.9815367 
94 55 20 25 0.9681359 
310 54 18 24 0.94843006 
701 66 19 25 0.943698 
553 77 17 22 0.9265312 
381 84 18 23 0.9128705 
891 82 15 17 0.8562733 
346 75 15 18 0.7888403 
62 82 15 19 0.7614644 
644 62 14 18 0.52021706 
911 83 11 14 0.46902576 
299 105 18 21 0.42452747 
277 63 17 21 0.2518559 
53 55 12 14 0.20487253 
601 566 28 29 0.16860293 
185 105 17 19 0.13274843 
917 78 13 17 0.11093171 
776 78 12 16 0.09966383 
269 63 17 22 0.09639551 
861 86 9 12 0.08229636 
883 83 12 15 0.073972255 
377 512 26 31 0.06946206 
54 71 21 26 0.067479745 
441 54 16 19 0.06416031 
460 52 22 25 0.062489737 
49 61 18 22 0.06231055 
562 77 11 16 0.06223955 
649 64 23 26 0.06107762 
402 549 22 26 0.060823437 
120 106 12 16 0.058288977 
357 98 15 18 0.05827237 
366 94 11 16 0.05768736 
923 76 12 17 0.0575836 
237 101 11 15 0.052850444 
442 540 21 26 0.05125594 
900 79 12 16 0.050172832 
451 116 13 14 0.050085347 
1014 84 9 14 0.049048718 
459 548 13 16 0.048375756 
16 106 12 17 0.047099676 
911 119 9 10 0.045579825 
497 56 14 17 0.04502201 
615 570 17 20 0.04265851 
86 99 15 17 0.04100752 
472 117 26 30 0.040309627 
917 89 11 13 0.039094362 
483 118 15 17 0.03887107 
282 69 16 20 0.036936007 
903 119 10 11 0.03627983 
546 136 9 11 0.036033284 
592 579 11 16 0.035137203 
543 77 14 17 0.03472844 
344 78 21 26 0.0346465 
456 63 24 30 0.034327757 
86 22 10 12 0.03422001 
28 107 12 16 0.033607326 
907 76 18 23 0.032581892 
274 84 15 19 0.03178474 
887 586 28 29 0.03165569 
511 86 11 14 0.031573545 
856 84 11 15 0.031464368 
525 119 12 13 0.031129777 
469 550 13 15 0.031087209 
596 573 17 22 0.030827494 
0 109 12 18 0.03059795 
451 53 21 26 0.030509338 
801 73 8 11 0.030058684 
195 101 12 17 0.029966125 
114 80 16 19 0.029885365 
656 61 17 19 0.0296033 
919 118 10 10 0.029018227 
501 573 10 11 0.028814802 
451 543 22 26 0.028359301 
935 122 8 11 0.028313905 
519 92 12 16 0.027990522 
494 400 12 13 0.027524317 
465 47 12 13 0.02720592 
929 119 9 11 0.026219789 
436 541 16 19 0.026041642 
26 48 17 21 0.025616636 
847 75 11 13 0.025381595 
6 99 12 18 0.02533887 
500 587 17 20 0.025295582 
855 91 10 13 0.025008582 
702 22 23 28 0.024964588 
486 98 14 20 0.024803948 
319 100 12 16 0.024096003 
496 573 10 12 0.023966022 
420 583 14 16 0.023572132 
572 91 12 17 0.023561416 
877 576 27 30 0.023461992 
161 37 11 14 0.02346031 
1 248 9 13 0.023445666 
535 81 14 19 0.023430929 
475 105 14 17 0.022983667 
514 568 28 29 0.022865323 
501 94 20 26 0.022468593 
19 216 10 13 0.022025513 
886 85 14 17 0.02166587 
637 53 14 19 0.02129555 
345 -31 348 423 0.021280956 
421 334 9 10 0.020970486 
902 124 10 11 0.020765068 
837 110 10 12 0.020094724 
278 55 13 15 0.020004485 
