56_Voter_peoplevoting_56_350
700
39 362 33 54 0.92861897 
344 400 23 40 0.92280066 
491 360 39 39 0.83471704 
332 118 9 12 0.83348715 
645 345 25 37 0.80179316 
304 106 9 12 0.73227376 
827 266 14 15 0.7104774 
6 323 36 47 0.7066886 
206 93 9 11 0.6840672 
526 182 8 11 0.6332778 
198 73 10 14 0.60123926 
520 313 20 32 0.5868552 
856 259 14 17 0.5634755 
746 234 11 14 0.5565094 
765 204 10 12 0.5339552 
284 113 9 12 0.5304042 
436 148 9 12 0.5170612 
391 385 21 28 0.5069964 
671 210 12 16 0.49798292 
12 331 46 63 0.4886448 
564 168 9 11 0.43784112 
924 244 11 14 0.42294928 
541 191 9 11 0.4225588 
112 61 7 10 0.42157397 
257 108 9 11 0.41376755 
722 200 13 18 0.41313666 
742 207 10 13 0.38061908 
561 326 23 39 0.3769465 
823 305 22 28 0.37377134 
393 136 9 12 0.37134352 
530 561 35 44 0.37066385 
434 127 8 11 0.36677155 
13 38 8 11 0.3548067 
646 197 11 14 0.3535014 
721 354 22 27 0.3520891 
609 190 9 10 0.34049195 
466 150 9 11 0.3381094 
348 133 11 13 0.31505963 
796 234 11 15 0.3144063 
544 166 11 13 0.3134856 
745 351 22 28 0.3013023 
793 216 8 11 0.30035377 
696 222 13 15 0.29908192 
562 189 9 12 0.29442322 
410 498 28 31 0.27920517 
581 167 9 11 0.27824903 
577 173 9 13 0.2756409 
900 244 13 15 0.26887763 
606 167 8 10 0.26624805 
180 72 8 11 0.26059702 
512 165 9 10 0.2597793 
418 391 19 30 0.24049506 
308 104 9 13 0.23519766 
230 400 27 47 0.22701147 
80 46 9 10 0.22600985 
527 160 7 9 0.21924086 
853 291 12 16 0.21551931 
227 101 8 11 0.2143227 
513 160 9 10 0.21319154 
464 141 9 12 0.20698796 
831 236 13 14 0.20656295 
824 239 10 12 0.20408648 
326 94 8 10 0.20270233 
734 218 10 13 0.1915404 
595 218 17 25 0.1896973 
134 46 8 10 0.18802248 
331 405 28 37 0.18773644 
735 353 23 26 0.18733518 
385 113 7 9 0.1860375 
265 69 8 10 0.18125403 
528 311 17 28 0.1809253 
405 120 7 10 0.17947567 
847 240 10 11 0.17742412 
103 40 9 11 0.17394713 
633 196 9 11 0.17231059 
765 287 15 18 0.16623683 
980 310 28 37 0.16622832 
750 222 10 14 0.16114183 
497 155 8 11 0.15946355 
665 189 9 11 0.1543288 
464 136 9 11 0.15298587 
304 83 10 12 0.15173697 
726 192 12 14 0.14769465 
224 95 8 11 0.14762075 
185 433 25 46 0.14734472 
396 139 9 12 0.1453408 
474 45 9 11 0.14365254 
796 286 13 15 0.14248793 
767 222 12 15 0.14159462 
836 242 13 14 0.13608898 
869 301 11 14 0.13543348 
73 39 7 10 0.13506208 
708 200 15 19 0.12893768 
512 338 45 52 0.1280127 
677 203 11 15 0.123632945 
354 110 8 10 0.12045953 
152 32 8 10 0.11641188 
726 210 12 17 0.11583993 
773 226 12 15 0.1155637 
853 238 8 10 0.11379114 
182 30 7 9 0.11299921 
289 78 7 10 0.112188146 
142 57 9 11 0.112181835 
519 144 8 10 0.1117597 
135 21 8 9 0.11075707 
826 301 16 20 0.11052106 
505 127 8 11 0.110297754 
726 167 9 11 0.10943269 
264 88 8 9 0.10818399 
794 315 14 17 0.10795392 
478 118 7 9 0.10744898 
608 196 8 12 0.107156605 
670 182 8 11 0.10683214 
640 197 11 13 0.10649352 
327 90 7 9 0.10580165 
270 71 8 10 0.10503324 
747 302 17 21 0.100911885 
517 158 8 10 0.10087899 
528 333 46 51 0.10022364 
609 159 9 11 0.09868046 
526 144 8 11 0.09687203 
374 109 7 10 0.096231125 
781 229 8 11 0.09588595 
798 242 12 15 0.09585505 
374 134 8 11 0.0950081 
821 274 16 18 0.09385389 
181 76 9 12 0.09325107 
354 104 7 8 0.092983946 
709 356 22 33 0.09202893 
216 87 8 11 0.09077486 
815 315 15 20 0.09027968 
54 40 8 10 0.08761336 
527 132 9 11 0.08635435 
756 344 21 30 0.0862826 
820 317 18 21 0.08514636 
775 211 9 12 0.084952675 
526 177 9 12 0.08384864 
88 64 9 11 0.082190186 
417 109 11 13 0.08147722 
862 300 11 15 0.08130818 
55 45 8 9 0.081235126 
334 113 8 12 0.081146434 
592 247 10 13 0.08084166 
514 143 8 11 0.080348656 
77 40 9 11 0.08006663 
740 304 17 21 0.0795047 
306 403 29 35 0.07940101 
489 128 7 9 0.07912303 
514 150 10 11 0.07750491 
666 184 9 11 0.07742356 
528 110 7 9 0.07574206 
177 39 7 9 0.07562918 
514 322 30 44 0.074925885 
547 222 16 21 0.07485392 
591 157 8 10 0.07475748 
32 39 7 9 0.07469241 
370 104 7 10 0.0741835 
995 314 17 24 0.07368606 
64 32 8 10 0.07361785 
598 181 8 10 0.07361355 
844 337 13 17 0.07279041 
57 8 7 9 0.07252752 
925 223 44 58 0.07161593 
402 124 9 11 0.07140191 
730 219 10 12 0.07089101 
757 222 10 13 0.07089058 
703 197 14 18 0.07077746 
89 21 8 10 0.06997623 
593 182 9 10 0.06990838 
151 36 8 11 0.069640845 
408 142 9 11 0.06960586 
652 355 33 38 0.06933052 
73 63 7 10 0.06854955 
374 86 7 9 0.06812036 
896 263 25 32 0.06800108 
345 128 9 11 0.066781014 
424 504 17 22 0.0666593 
182 46 8 9 0.06647334 
352 116 9 11 0.066412464 
194 37 7 9 0.06635587 
743 174 10 12 0.06613404 
221 88 8 10 0.06550917 
805 230 10 12 0.06545248 
169 15 9 11 0.06389053 
963 299 46 64 0.06328528 
436 155 11 14 0.061923858 
431 163 11 13 0.061887506 
797 221 10 12 0.061533954 
571 326 16 28 0.061515413 
192 33 7 10 0.061444853 
25 31 9 11 0.06144177 
825 314 25 31 0.06077444 
907 310 15 20 0.059749335 
84 48 8 9 0.059712775 
61 8 7 9 0.059395432 
584 161 8 9 0.059144255 
695 160 8 10 0.05909353 
223 40 7 9 0.059085682 
293 79 8 11 0.05903659 
830 326 22 29 0.058975216 
109 46 8 10 0.05872626 
187 417 28 44 0.05857205 
79 54 8 9 0.058569793 
259 105 10 12 0.05849648 
437 187 9 12 0.058368966 
437 130 9 12 0.057143368 
178 31 7 10 0.056166425 
850 287 42 55 0.05556824 
699 211 16 19 0.055379234 
600 176 8 10 0.055326372 
605 172 9 10 0.05523364 
839 301 24 33 0.054153673 
882 260 17 22 0.054064743 
93 448 46 60 0.05401906 
433 145 10 11 0.05380655 
404 393 24 29 0.053691667 
417 116 9 12 0.053584803 
607 185 9 11 0.05347411 
434 119 7 10 0.05327488 
102 24 8 10 0.052849907 
657 292 27 36 0.052747652 
609 626 28 41 0.052377705 
208 38 6 8 0.052339856 
128 22 8 11 0.05203658 
471 157 8 11 0.051452085 
511 170 10 13 0.051237963 
392 87 7 9 0.051125687 
241 71 8 10 0.051067576 
182 61 9 11 0.050885316 
704 160 8 10 0.05068643 
144 79 8 10 0.050405882 
845 299 13 18 0.050105795 
472 127 8 10 0.050073754 
612 267 22 33 0.04971027 
737 208 18 23 0.04941026 
384 412 19 30 0.049193356 
417 104 9 11 0.048948225 
902 258 15 20 0.04889906 
143 23 7 8 0.048749447 
434 111 8 10 0.048712447 
120 8 8 10 0.04851404 
500 152 8 11 0.048464768 
546 323 30 41 0.048361294 
662 160 7 9 0.048220158 
526 52 8 11 0.04806954 
32 45 9 10 0.048015703 
447 38 9 11 0.047726244 
689 159 9 11 0.04770833 
199 38 8 9 0.047601305 
152 24 7 9 0.04753661 
658 160 8 11 0.047467962 
88 54 7 9 0.047411412 
322 89 7 9 0.047260128 
168 443 45 56 0.04722166 
901 277 16 19 0.04674221 
280 103 9 10 0.04668649 
767 209 10 14 0.046666905 
788 342 24 32 0.046536822 
335 88 7 9 0.04614223 
615 125 8 11 0.046129618 
502 157 7 10 0.046098284 
579 212 16 23 0.045983713 
369 133 8 10 0.04592353 
531 357 31 43 0.04581428 
559 194 12 15 0.045726012 
464 153 9 12 0.04570193 
833 305 17 24 0.045699187 
704 191 10 12 0.045246746 
405 502 20 24 0.045073383 
376 149 8 10 0.044932198 
136 54 9 11 0.044870544 
456 152 8 9 0.044757076 
193 87 6 9 0.044305343 
279 78 8 10 0.044076595 
407 167 8 11 0.04389919 
656 165 8 10 0.043757703 
584 143 8 9 0.043572478 
98 37 9 12 0.043456387 
836 299 13 18 0.043444123 
910 310 24 27 0.04320772 
742 217 13 17 0.04297318 
217 532 62 67 0.042756516 
438 461 11 16 0.042503305 
183 55 8 11 0.042338606 
390 112 7 10 0.04229246 
855 233 9 11 0.042235695 
423 127 7 9 0.04220313 
127 54 8 11 0.042174052 
642 203 9 12 0.041969314 
648 210 10 13 0.041965276 
922 313 15 19 0.041736808 
680 167 8 10 0.041720945 
370 86 7 10 0.041611943 
555 141 8 11 0.0416114 
775 235 10 13 0.041555833 
584 211 22 31 0.041531943 
329 113 8 12 0.041452732 
74 56 7 9 0.04140891 
519 175 9 11 0.040984876 
695 215 13 16 0.04084898 
199 86 9 11 0.040709823 
846 293 21 30 0.04058118 
921 236 21 27 0.0405795 
200 416 46 55 0.04053292 
512 323 16 19 0.0404509 
241 56 6 8 0.040329743 
342 71 7 9 0.040241547 
288 73 8 10 0.03983267 
629 180 10 13 0.039821606 
665 195 10 14 0.03981336 
164 417 47 56 0.039636567 
137 69 8 10 0.039633922 
779 206 11 13 0.03963249 
510 134 7 10 0.0394297 
142 84 9 11 0.039315194 
789 308 13 18 0.039190743 
816 238 10 11 0.038933974 
375 128 8 10 0.03882151 
109 41 7 9 0.0387628 
358 127 9 11 0.038687702 
759 212 11 13 0.038676955 
463 128 8 10 0.03856841 
696 164 8 10 0.03853053 
778 301 15 20 0.038481046 
564 195 13 19 0.03826455 
473 181 9 11 0.03820089 
374 81 7 9 0.038151342 
542 184 10 12 0.038087912 
388 395 17 26 0.03794062 
493 183 9 13 0.037722748 
709 159 9 11 0.037450247 
357 116 9 11 0.037421715 
143 71 8 9 0.037338678 
489 157 8 10 0.03733249 
568 200 11 18 0.037248816 
368 128 8 11 0.037216406 
120 24 9 11 0.037200984 
735 205 12 17 0.037189607 
338 71 7 8 0.0371883 
818 328 27 32 0.03713981 
780 223 10 12 0.03711273 
891 248 23 27 0.037077624 
74 45 8 10 0.037044927 
318 63 7 8 0.036961287 
374 105 7 9 0.036929633 
726 172 9 11 0.03691873 
682 198 12 15 0.03690189 
669 199 11 14 0.036815397 
86 7 9 10 0.036792155 
792 240 12 16 0.036773942 
278 73 8 9 0.036568895 
9 32 8 10 0.036548212 
269 85 9 11 0.03647924 
159 55 8 10 0.036433354 
152 63 8 10 0.03640713 
285 94 10 11 0.03610534 
181 39 9 10 0.03610237 
64 37 7 10 0.03610015 
49 8 7 9 0.03603643 
329 72 6 8 0.03586097 
82 7 7 8 0.035724334 
515 112 7 8 0.035576075 
107 61 7 10 0.035284102 
519 111 7 9 0.035227746 
710 166 8 10 0.035175506 
488 152 7 10 0.0351342 
804 244 12 16 0.035080064 
709 209 13 17 0.034960393 
534 160 8 9 0.03489705 
742 240 13 16 0.034831308 
-1 373 29 49 0.034830112 
493 608 39 49 0.034732178 
195 71 10 12 0.034688465 
249 110 9 11 0.034635082 
174 13 9 12 0.034557458 
704 165 8 10 0.034443542 
790 316 22 27 0.03443761 
93 62 8 11 0.034151755 
813 229 10 12 0.03413886 
169 87 8 11 0.034112964 
861 255 22 25 0.034036905 
449 118 8 9 0.033940025 
730 350 18 23 0.033912938 
565 181 11 14 0.033874422 
771 344 14 19 0.033741392 
412 404 17 23 0.033617627 
88 15 9 11 0.03361689 
359 79 8 10 0.03356983 
318 41 7 8 0.033457782 
672 177 8 11 0.033347577 
495 164 9 12 0.03326529 
127 61 8 11 0.033162694 
396 172 10 13 0.033072755 
560 162 17 23 0.033046238 
96 30 9 12 0.03267702 
78 63 8 10 0.03262317 
501 47 10 12 0.032573994 
545 207 24 32 0.03253987 
375 142 8 11 0.032529138 
245 72 8 11 0.03249795 
288 84 9 11 0.03242556 
181 402 27 48 0.032358963 
698 363 24 33 0.032229185 
184 85 8 10 0.032138657 
309 80 8 11 0.03209523 
610 153 7 10 0.032085657 
264 15 8 10 0.032041863 
501 322 27 33 0.03188553 
365 169 8 9 0.03182354 
876 251 45 55 0.03179392 
853 129 17 22 0.031628404 
415 167 8 11 0.03162501 
311 55 7 9 0.031608637 
478 134 8 10 0.031442583 
872 254 10 12 0.031425815 
314 40 7 9 0.03136785 
718 208 12 16 0.031319726 
302 103 17 22 0.0312563 
505 122 7 8 0.03119254 
490 551 26 38 0.031168815 
105 56 7 9 0.03104931 
708 218 13 16 0.031004507 
477 40 9 11 0.030961974 
727 184 10 13 0.030685702 
669 303 15 20 0.030632656 
13 43 9 11 0.03054916 
548 172 9 12 0.03050888 
119 55 8 11 0.03046148 
800 249 11 15 0.030343136 
125 85 8 12 0.030269569 
592 152 7 10 0.03004362 
336 95 7 9 0.030029198 
17 374 34 41 0.030000629 
905 249 16 19 0.029815188 
455 156 9 11 0.029680507 
656 344 19 31 0.02962605 
908 302 13 18 0.029618874 
792 208 11 14 0.029420339 
216 92 8 11 0.029413914 
112 8 8 10 0.029372478 
165 62 8 11 0.029253535 
678 173 9 11 0.029249432 
407 147 10 12 0.029092636 
509 359 39 45 0.029074492 
135 412 58 54 0.029074276 
50 39 8 10 0.029023338 
520 188 10 11 0.028963935 
353 86 7 9 0.028767822 
886 247 12 14 0.028676944 
431 143 18 23 0.028579852 
174 88 9 11 0.028547773 
532 316 27 40 0.0285465 
571 337 26 31 0.028521193 
149 3 234 250 0.028501201 
875 297 12 16 0.028483788 
806 250 12 16 0.028480442 
755 288 21 24 0.02846656 
845 265 15 18 0.0284444 
240 62 7 10 0.028412454 
691 369 17 22 0.028386623 
417 95 8 9 0.028218372 
457 127 8 10 0.02817994 
559 184 20 25 0.028096447 
103 7 8 10 0.028077 
247 55 8 10 0.02807207 
552 199 10 12 0.02790516 
470 133 8 11 0.027884496 
129 16 8 9 0.027807996 
478 158 9 12 0.027718015 
614 153 7 9 0.02769311 
158 30 8 10 0.027647834 
781 311 20 26 0.027600905 
297 108 9 12 0.027598679 
314 62 7 9 0.027590174 
285 103 9 11 0.027561558 
733 256 16 21 0.02752327 
271 77 9 11 0.027516028 
78 32 8 10 0.027409004 
390 117 7 9 0.027400384 
600 152 8 9 0.027302261 
217 40 6 8 0.027276864 
764 305 16 21 0.02715338 
731 308 25 29 0.027135935 
39 40 7 9 0.027093658 
591 190 9 11 0.02704016 
319 46 8 10 0.027038971 
894 305 25 31 0.027012197 
883 252 16 17 0.02696315 
159 61 9 12 0.026945228 
488 132 7 10 0.026857084 
398 168 9 12 0.026848767 
62 48 8 10 0.026832331 
538 194 10 13 0.02672643 
901 288 15 18 0.026675507 
342 96 8 9 0.026663408 
101 30 9 11 0.026659353 
214 30 7 10 0.026579274 
278 124 9 11 0.02655413 
469 371 29 35 0.026431046 
199 48 8 9 0.026383338 
397 23 9 11 0.026258882 
799 279 12 15 0.026184766 
120 13 8 10 0.026146261 
763 295 17 21 0.02614554 
125 79 9 11 0.026139349 
571 201 23 29 0.02613829 
601 602 36 44 0.026056278 
899 302 42 50 0.026031377 
432 182 11 15 0.025914038 
479 142 8 11 0.025763132 
24 23 8 11 0.025752172 
650 203 11 15 0.025724992 
730 294 25 30 0.025698707 
460 379 29 37 0.025674488 
159 47 8 9 0.025661383 
636 316 12 15 0.0256604 
298 103 9 11 0.025625776 
619 262 16 24 0.02561933 
203 76 9 12 0.02560932 
773 199 21 24 0.02558609 
903 301 12 17 0.025541194 
223 423 31 40 0.02550815 
96 7 8 11 0.025479298 
239 112 9 10 0.025439192 
167 68 8 10 0.025338618 
94 56 8 9 0.025258092 
782 343 15 20 0.025243342 
748 214 10 14 0.025217284 
813 156 13 18 0.025084784 
477 356 25 36 0.025076488 
553 136 8 11 0.025048267 
99 418 63 64 0.025039002 
571 196 15 19 0.025021879 
804 314 16 19 0.025018169 
680 363 25 31 0.024903787 
378 218 466 461 0.02489529 
228 97 8 11 0.024886608 
181 13 9 12 0.024863847 
422 31 9 12 0.024692101 
117 61 8 11 0.024691649 
833 260 13 17 0.024598978 
280 94 10 12 0.024561271 
1005 309 12 15 0.024459247 
423 165 9 12 0.024426969 
640 160 7 9 0.024379035 
50 45 8 10 0.024361858 
231 48 7 8 0.02434739 
890 259 16 19 0.024297588 
295 72 7 10 0.024295107 
256 63 7 9 0.024277769 
536 579 34 44 0.024223555 
556 201 13 19 0.024213264 
159 24 6 8 0.024211925 
294 85 8 10 0.024200458 
258 70 8 10 0.024129003 
806 224 10 13 0.024128573 
160 14 8 11 0.024124766 
416 88 8 10 0.023993311 
593 135 7 9 0.023967523 
96 23 7 10 0.023933781 
460 405 28 32 0.023933746 
578 348 27 29 0.023923166 
871 238 10 12 0.02389569 
869 265 14 19 0.023890475 
198 55 8 9 0.023886172 
318 110 9 12 0.023829281 
329 111 17 23 0.02379054 
259 87 8 10 0.023763828 
489 167 9 11 0.02375947 
280 107 16 22 0.023692574 
0 28 7 11 0.023692312 
455 392 28 34 0.023688225 
71 32 7 10 0.023669291 
360 62 7 11 0.023665408 
688 221 11 14 0.023663562 
576 161 19 24 0.023630721 
550 161 8 10 0.02360479 
782 235 11 15 0.02358585 
78 96 8 11 0.02357749 
789 359 28 33 0.023562552 
249 117 10 11 0.02355415 
877 270 16 20 0.023539014 
455 119 8 10 0.023517512 
865 295 21 26 0.023502184 
860 231 10 11 0.023494596 
310 24 8 9 0.023474509 
537 311 17 25 0.023471376 
38 462 41 55 0.023447812 
835 334 24 31 0.023439014 
73 85 8 9 0.0234381 
391 148 9 11 0.023424864 
687 165 9 10 0.023406219 
550 112 8 8 0.02332208 
477 340 95 81 0.023316637 
823 233 21 23 0.023241881 
546 266 15 19 0.023213798 
401 386 18 22 0.023144484 
183 94 8 10 0.023143414 
573 119 8 10 0.023126712 
543 218 15 21 0.023074253 
761 199 18 23 0.02287532 
139 94 13 15 0.022817655 
589 235 13 16 0.022739565 
528 231 9 12 0.022702327 
861 312 14 20 0.022671435 
497 52 9 11 0.022650613 
822 293 14 19 0.022586297 
880 269 28 31 0.022573445 
665 204 12 16 0.022564948 
233 55 7 8 0.022555131 
644 262 22 28 0.022286166 
249 103 9 11 0.022278666 
521 176 19 24 0.02227587 
145 31 7 10 0.022262031 
738 252 13 17 0.02215352 
637 355 29 39 0.022114879 
663 363 32 36 0.022110896 
879 283 47 56 0.022097178 
753 118 100 110 0.02199326 
600 198 9 11 0.02198847 
269 65 8 9 0.02197613 
48 13 8 10 0.021873197 
581 196 11 14 0.021845719 
399 149 9 10 0.021833597 
303 71 8 10 0.021832092 
151 69 8 11 0.021831783 
845 283 15 19 0.021814575 
303 62 8 10 0.021775521 
663 164 8 10 0.021710938 
731 190 10 13 0.021693574 
318 100 11 13 0.021640545 
204 72 9 11 0.021628486 
368 116 9 11 0.021617182 
15 33 9 11 0.021606011 
125 6 10 12 0.021596717 
539 377 17 21 0.021569801 
594 250 12 16 0.021549914 
680 189 11 14 0.021544125 
855 295 20 26 0.021513628 
103 103 7 9 0.021512222 
505 166 8 11 0.02149006 
996 315 24 39 0.021468513 
812 299 15 18 0.021462994 
417 125 8 10 0.021460442 
201 87 19 24 0.021450695 
481 151 7 9 0.021433141 
641 192 19 23 0.02143209 
876 280 16 19 0.021430833 
152 8 9 10 0.02140031 
802 235 13 15 0.021373944 
329 122 10 12 0.021332791 
55 31 9 13 0.02131555 
796 340 29 37 0.02125326 
876 290 14 17 0.02122892 
607 143 7 9 0.021220537 
343 128 19 23 0.021196373 
423 174 8 11 0.021169217 
353 80 8 10 0.021125322 
137 62 9 11 0.021097029 
175 8 9 11 0.021086993 
754 131 9 12 0.02107072 
319 70 8 10 0.021043563 
30 1 9 8 0.021040078 
672 201 17 23 0.021024946 
217 46 8 10 0.021015137 
486 378 34 37 0.021014055 
611 126 7 10 0.0210021 
774 200 10 13 0.020970523 
247 95 8 10 0.0209493 
545 597 26 32 0.020941831 
147 38 8 10 0.020916007 
181 25 8 10 0.02091564 
447 127 8 11 0.020898186 
343 111 8 10 0.020889208 
96 102 8 10 0.020879807 
477 127 9 10 0.020870494 
120 48 8 10 0.020861598 
551 55 8 10 0.020810137 
314 411 31 35 0.020802733 
296 62 7 9 0.020742752 
782 282 12 16 0.020736706 
804 277 11 13 0.020672433 
175 93 8 10 0.02067113 
425 390 24 34 0.020636918 
894 277 16 20 0.020620177 
391 402 23 32 0.020523224 
828 251 15 17 0.02047082 
217 55 8 10 0.020463822 
248 47 8 10 0.020416524 
761 200 11 13 0.020408345 
242 75 8 11 0.0203765 
640 182 9 12 0.020305838 
845 312 24 32 0.020249294 
407 136 9 10 0.020244531 
384 104 8 10 0.020228053 
655 327 26 35 0.020227054 
497 422 25 36 0.020160351 
480 113 7 10 0.020147791 
111 13 8 10 0.020145705 
235 420 18 29 0.020056939 
