56_Voter_peoplevoting_56_1046
26
428 432 115 153 0.9999304 
446 311 50 67 0.22232918 
585 581 237 233 0.08720104 
792 366 12 15 0.06677105 
799 339 12 13 0.05774863 
449 299 38 50 0.051352456 
976 384 20 28 0.045908798 
60 1469 27 34 0.045007907 
-25 593 401 440 0.04162512 
330 321 46 55 0.04025852 
550 9 112 126 0.038481977 
326 1067 420 525 0.03793039 
597 18 66 71 0.032178134 
873 398 9 11 0.031946823 
714 206 212 279 0.031417713 
125 961 37 41 0.028523644 
673 0 38 33 0.028443439 
851 1206 27 31 0.028147565 
85 637 231 194 0.026131738 
740 619 243 226 0.025388047 
133 344 14 17 0.025229728 
998 367 27 33 0.024905488 
881 372 11 13 0.02320982 
906 459 22 24 0.023078596 
40 345 14 18 0.022502057 
885 370 13 15 0.021599155 
