56_Voter_peoplevoting_56_558
629
645 278 55 77 0.99873585 
397 253 45 88 0.98539007 
835 277 20 26 0.9215663 
893 426 10 12 0.4875311 
984 87 7 10 0.3228499 
597 423 8 11 0.31160244 
-2 178 377 473 0.25037995 
902 352 9 11 0.19009672 
849 125 7 10 0.18103866 
216 351 7 10 0.17868169 
617 150 9 10 0.171869 
941 105 9 10 0.17176463 
46 408 8 11 0.15329476 
241 352 7 10 0.1395297 
250 335 8 9 0.13689314 
15 408 8 11 0.13595948 
1005 102 7 10 0.13297918 
887 413 8 10 0.13134716 
921 400 7 9 0.12978072 
623 414 8 9 0.1264255 
960 111 8 11 0.12412303 
277 139 10 11 0.11926561 
949 71 9 11 0.119021565 
525 459 11 14 0.1183318 
627 136 8 10 0.11766401 
1004 95 8 10 0.115548134 
896 295 9 12 0.11554323 
618 368 7 9 0.115447275 
518 439 8 11 0.11499376 
936 419 8 11 0.11496719 
585 414 8 10 0.114533424 
913 416 8 11 0.112896174 
977 113 8 9 0.11104225 
519 385 7 9 0.110846855 
518 407 8 11 0.10965769 
518 413 8 10 0.10925485 
375 -47 411 479 0.10880339 
368 141 9 11 0.10576699 
1015 291 7 14 0.1055372 
882 335 7 10 0.105021164 
850 122 7 10 0.09758082 
209 343 7 10 0.096589185 
936 125 7 10 0.096387655 
471 408 10 13 0.094781294 
601 151 7 9 0.09429426 
694 151 8 11 0.09349631 
890 392 6 8 0.09330975 
1001 112 7 9 0.09260128 
967 87 7 9 0.092202626 
622 142 9 11 0.08828711 
317 140 9 11 0.086689286 
585 143 7 9 0.086315125 
48 398 7 10 0.08620851 
279 309 7 10 0.08567077 
249 327 8 9 0.08539689 
886 357 7 9 0.08485411 
169 344 7 8 0.08461822 
112 408 7 8 0.083757766 
918 373 7 9 0.08349274 
838 111 8 10 0.08135332 
952 389 7 9 0.07927639 
230 319 7 10 0.07858821 
949 87 8 10 0.07829814 
958 116 9 11 0.07814544 
919 318 7 9 0.07764455 
488 376 8 10 0.07705685 
490 421 7 10 0.07694542 
927 385 7 9 0.07615918 
1005 111 8 9 0.07469644 
921 405 7 9 0.07423992 
894 398 7 9 0.0741617 
962 383 7 8 0.0737402 
976 116 8 10 0.07363082 
903 319 6 10 0.073338 
391 129 7 9 0.0732826 
297 143 8 10 0.07296056 
904 326 6 8 0.07278117 
1001 119 7 10 0.07243624 
519 400 7 8 0.07116633 
833 112 7 9 0.07091262 
950 136 9 11 0.07053177 
942 302 8 9 0.069334626 
407 136 7 9 0.06886465 
593 376 8 10 0.0682944 
528 424 8 10 0.068134725 
951 369 7 8 0.067916706 
266 326 9 11 0.06720139 
854 119 8 12 0.06671792 
34 370 6 8 0.066592425 
486 392 9 11 0.06652889 
64 366 8 10 0.06590645 
960 336 7 9 0.065772556 
991 78 7 9 0.06521621 
47 393 7 9 0.064898044 
569 401 7 9 0.06382832 
696 136 7 9 0.063591085 
194 128 14 18 0.06345375 
560 154 7 9 0.063319325 
1002 89 8 10 0.06300048 
674 149 9 11 0.062567875 
381 184 386 456 0.062372517 
272 321 7 10 0.061915055 
598 134 6 9 0.061197832 
293 292 8 11 0.061086584 
879 111 8 10 0.060095593 
591 428 8 11 0.060071707 
910 335 7 10 0.05996515 
839 80 7 9 0.059547294 
928 136 7 9 0.059488587 
951 385 7 9 0.059423186 
218 369 7 9 0.05939269 
889 408 8 12 0.059334945 
914 374 8 9 0.059251677 
961 104 8 9 0.058713835 
39 369 6 8 0.057916995 
392 150 7 10 0.05774951 
584 359 6 9 0.057573304 
96 372 7 10 0.057332374 
16 397 7 10 0.05721074 
374 136 8 9 0.057060815 
201 376 7 9 0.056982983 
569 144 6 8 0.05691597 
117 400 7 9 0.05689703 
618 145 7 9 0.056870848 
937 106 9 12 0.05643056 
295 149 8 10 0.055743862 
578 345 6 7 0.055669934 
608 143 6 8 0.055632353 
679 -60 384 459 0.05553314 
423 110 7 9 0.055457186 
885 375 8 10 0.05540154 
880 304 7 9 0.055241767 
904 94 8 10 0.0550713 
117 367 7 10 0.054511588 
600 382 8 9 0.053995114 
618 412 7 10 0.05368892 
514 383 7 10 0.053321276 
160 383 7 9 0.053309064 
946 70 8 9 0.052982338 
623 350 7 9 0.052827213 
618 350 7 9 0.052813344 
609 137 7 9 0.05255028 
960 376 7 9 0.052144248 
967 57 7 9 0.05177662 
234 375 7 9 0.051592037 
982 112 7 9 0.051440727 
416 104 7 8 0.051069375 
930 335 7 9 0.050965104 
327 247 25 42 0.05087995 
214 336 7 9 0.050578654 
881 310 7 9 0.050405145 
192 358 7 9 0.050349142 
553 329 7 9 0.050133646 
25 382 6 8 0.050032765 
885 352 8 10 0.04957313 
148 407 9 11 0.04949295 
695 143 8 10 0.049255308 
999 125 8 11 0.049218163 
638 150 9 11 0.049068335 
885 319 8 10 0.04903945 
568 413 8 10 0.04901296 
578 153 8 10 0.04870975 
678 142 9 12 0.048430283 
191 335 6 9 0.048396397 
104 392 6 8 0.048026733 
520 390 7 8 0.047786597 
575 400 8 10 0.047722954 
590 144 8 9 0.047462396 
977 375 8 9 0.04728564 
594 129 8 10 0.047017097 
936 367 7 9 0.046794713 
970 79 7 9 0.046402484 
634 384 8 10 0.046353538 
814 109 6 10 0.046053004 
984 62 7 9 0.045703895 
127 359 7 9 0.04547215 
296 309 9 11 0.045440942 
881 340 7 11 0.045302007 
23 376 7 9 0.045196295 
232 304 6 9 0.045078035 
223 367 8 9 0.044958785 
568 326 7 8 0.044907678 
766 120 7 9 0.044821154 
944 367 8 10 0.044780303 
230 342 7 9 0.044612795 
57 384 6 8 0.044465724 
210 349 7 9 0.044458464 
920 96 8 11 0.04442821 
310 113 7 8 0.044401318 
80 408 7 9 0.044393517 
984 104 7 9 0.044202972 
874 113 7 9 0.044145755 
216 326 7 9 0.04413984 
554 346 6 8 0.04375074 
471 367 6 9 0.043741476 
814 104 7 10 0.043508235 
41 374 7 9 0.04345435 
551 145 6 8 0.043442756 
58 366 7 9 0.043393917 
881 352 8 10 0.043382756 
477 408 8 11 0.043368764 
946 65 6 8 0.043069787 
10 398 6 8 0.043001562 
865 135 7 9 0.04259351 
231 336 7 8 0.042539224 
966 111 7 10 0.042528782 
929 413 8 11 0.042273093 
313 136 9 12 0.04218506 
881 439 9 10 0.041981813 
936 340 7 10 0.04195842 
983 92 8 10 0.04195216 
224 359 8 9 0.041859925 
816 125 6 9 0.041806396 
673 127 7 9 0.041688014 
501 460 16 17 0.041679192 
837 341 8 10 0.041592527 
765 320 11 15 0.041587662 
494 416 7 10 0.04133069 
218 373 7 10 0.041081205 
250 340 8 10 0.04105281 
606 152 8 10 0.040956102 
210 397 7 9 0.040940553 
898 320 7 9 0.040939122 
934 286 7 9 0.04078866 
577 134 7 9 0.04053361 
946 383 7 9 0.040438574 
781 332 10 13 0.040164202 
766 127 7 8 0.04001092 
511 375 7 9 0.0399408 
23 360 6 8 0.039760146 
297 119 7 9 0.039692678 
872 128 8 10 0.03936002 
919 301 8 10 0.039326586 
577 129 6 8 0.039269455 
582 151 7 10 0.039241474 
918 416 8 10 0.03914997 
912 113 8 10 0.03912788 
560 345 6 8 0.038949832 
626 128 7 10 0.038830783 
991 105 7 8 0.038809966 
184 382 8 10 0.038788397 
216 356 7 9 0.038719226 
873 406 8 11 0.038624305 
745 318 9 12 0.03851338 
671 173 10 12 0.03838615 
537 337 7 9 0.03828228 
929 286 8 9 0.03824658 
679 136 7 9 0.038236797 
609 172 9 12 0.038231187 
881 327 8 10 0.037848815 
926 80 7 10 0.03769542 
870 97 7 10 0.037613418 
762 119 7 9 0.037554875 
934 336 7 10 0.037467092 
794 113 6 8 0.037239686 
328 120 7 8 0.037226863 
562 129 7 8 0.03722078 
352 112 6 7 0.0369667 
9 369 6 9 0.036926035 
0 390 7 10 0.036886103 
88 342 7 9 0.03678633 
104 375 7 9 0.03648456 
511 343 7 9 0.036451504 
253 342 8 10 0.03633133 
567 129 6 8 0.03628601 
944 340 7 10 0.03610623 
886 381 7 9 0.03610332 
134 397 8 9 0.03593908 
689 157 11 13 0.03593281 
605 157 9 10 0.035825133 
407 118 7 9 0.035703912 
966 94 8 10 0.03559494 
520 421 8 11 0.03558338 
544 342 6 9 0.035379637 
280 126 8 10 0.035337865 
8 392 7 9 0.035330895 
545 149 8 10 0.03526481 
488 359 7 9 0.0352639 
1007 48 8 10 0.035191715 
879 399 7 10 0.03495527 
144 368 7 9 0.034917712 
962 95 9 10 0.034908578 
629 128 8 11 0.034905575 
598 346 7 8 0.034877595 
591 334 7 9 0.034832086 
992 73 7 8 0.034349624 
241 319 6 9 0.034252338 
378 120 6 8 0.03417426 
905 334 8 10 0.03413224 
894 393 7 9 0.03408299 
213 398 7 10 0.03406797 
929 64 7 9 0.03400982 
103 359 7 8 0.0339615 
1008 79 7 9 0.033733334 
885 326 8 10 0.033732157 
507 344 6 8 0.033700496 
537 352 6 9 0.033679716 
303 137 7 10 0.033586774 
104 351 6 9 0.033564035 
872 117 7 10 0.03349813 
216 320 6 9 0.033255693 
99 393 6 9 0.033202615 
560 360 6 7 0.03310937 
968 117 8 10 0.03308293 
495 305 7 8 0.032920152 
914 368 7 10 0.032901302 
570 383 8 10 0.03285209 
383 118 7 10 0.032661382 
301 141 8 11 0.03265251 
248 128 10 11 0.032591835 
911 341 7 9 0.032562472 
951 327 7 9 0.032490194 
992 111 6 8 0.03243805 
904 86 9 11 0.032356948 
536 360 6 8 0.03226966 
110 345 7 8 0.03214384 
697 129 7 8 0.03205345 
10 407 8 12 0.03203353 
582 136 6 8 0.031838357 
950 426 9 10 0.031788245 
408 112 7 9 0.03171456 
209 393 7 10 0.03164819 
904 365 7 9 0.03150977 
614 393 8 9 0.03132388 
966 103 7 9 0.03125891 
117 406 7 9 0.031210583 
961 342 7 8 0.031122746 
537 368 6 7 0.031065382 
214 391 7 10 0.031064074 
226 320 7 9 0.030985376 
192 -49 416 467 0.030939944 
135 375 7 9 0.030764818 
601 409 8 9 0.030682197 
872 79 7 9 0.03066154 
502 415 7 9 0.030613929 
520 360 6 8 0.030581553 
89 368 6 8 0.030578913 
482 396 9 12 0.030459896 
759 323 11 14 0.030284062 
899 326 7 9 0.030283958 
777 120 7 9 0.030235328 
871 391 7 8 0.030131243 
231 311 7 9 0.030121572 
168 350 7 8 0.030073093 
633 157 8 10 0.03003095 
359 122 7 9 0.030025104 
302 125 8 9 0.029995149 
889 295 9 11 0.029969977 
894 104 8 10 0.029901128 
190 377 7 10 0.029833 
298 136 7 10 0.029807853 
950 77 9 11 0.02971345 
466 405 11 14 0.029657636 
86 384 7 8 0.029625515 
797 119 7 9 0.029599523 
161 360 6 9 0.029558953 
462 335 7 9 0.029556688 
402 120 6 8 0.029524533 
344 111 7 8 0.029508563 
205 375 8 10 0.029456103 
910 350 7 10 0.029442254 
514 400 7 9 0.029421924 
214 343 7 9 0.02941149 
150 344 7 9 0.029336775 
900 300 8 12 0.02930165 
889 423 11 13 0.029271644 
889 104 7 10 0.029262168 
792 154 8 9 0.029138742 
582 104 6 9 0.029085819 
943 359 6 8 0.028957572 
893 434 11 13 0.028951632 
926 407 7 10 0.02884863 
903 408 7 9 0.028825661 
191 398 8 10 0.028717197 
816 120 6 9 0.028665764 
582 157 8 10 0.02859806 
927 142 8 10 0.028576009 
567 151 8 10 0.028499944 
423 105 6 9 0.028473597 
110 391 7 9 0.028424522 
209 336 7 8 0.02830006 
975 127 8 10 0.02818156 
186 376 7 10 0.028171696 
601 144 6 8 0.028163726 
544 368 6 8 0.02815152 
592 149 8 10 0.028053759 
944 374 8 9 0.028024739 
40 359 6 8 0.027964817 
639 145 7 9 0.027960204 
952 374 7 9 0.027913162 
530 367 6 8 0.027856532 
535 320 7 9 0.027810475 
521 343 6 9 0.027746083 
741 126 8 9 0.027691137 
322 111 7 9 0.027656648 
367 121 7 8 0.027579924 
638 366 8 10 0.027473195 
542 192 9 11 0.027397174 
144 375 7 8 0.027392186 
685 183 11 12 0.02733528 
974 77 7 10 0.027200267 
614 136 6 9 0.027191663 
70 376 7 9 0.02717682 
590 414 9 11 0.027141077 
890 397 8 10 0.027113428 
265 295 7 10 0.026983773 
1005 118 8 11 0.026950818 
582 345 7 8 0.026899107 
567 321 8 9 0.026891768 
202 380 7 10 0.026754888 
505 295 8 10 0.026731146 
606 384 7 9 0.026634082 
722 119 8 10 0.026610041 
569 406 8 10 0.02654782 
598 416 10 13 0.026536226 
231 367 7 8 0.026526706 
80 359 7 8 0.026499663 
319 126 7 9 0.026489338 
879 78 7 10 0.026485326 
929 359 7 9 0.026460424 
993 120 7 9 0.02643142 
399 128 7 8 0.026397258 
954 400 8 9 0.026283171 
190 343 7 8 0.026186744 
264 150 9 12 0.026138546 
561 136 7 8 0.0260881 
718 135 7 10 0.026017634 
538 383 7 9 0.026004633 
352 143 7 9 0.025908532 
930 367 7 9 0.025898779 
936 358 7 9 0.025870418 
513 336 7 8 0.02586097 
983 117 7 9 0.025857097 
528 375 7 9 0.025829753 
18 368 6 9 0.025806613 
986 80 7 10 0.025795946 
23 391 8 9 0.02578788 
153 336 6 8 0.025782384 
175 336 6 8 0.025781713 
975 73 7 9 0.02576834 
601 157 9 11 0.025509907 
695 232 395 422 0.02529055 
609 391 8 10 0.025273912 
833 336 8 11 0.0250581 
511 129 7 8 0.025033992 
615 127 6 9 0.025026452 
865 145 8 9 0.024956472 
520 335 6 9 0.024942214 
984 57 7 9 0.024924899 
534 143 6 8 0.02490728 
913 318 8 10 0.024893994 
232 392 8 10 0.024886245 
623 345 7 9 0.024822116 
23 367 7 10 0.024727698 
866 96 7 9 0.024703398 
82 367 7 8 0.024648484 
975 135 8 9 0.024637625 
911 382 7 9 0.024627792 
246 133 11 15 0.024600202 
880 295 7 10 0.02448564 
950 66 7 8 0.02443906 
885 312 8 9 0.024424238 
622 372 7 10 0.02440096 
994 127 8 9 0.024358708 
46 376 7 8 0.024335396 
245 350 9 11 0.024298487 
848 375 9 9 0.024094863 
899 334 7 9 0.02409261 
856 146 8 9 0.024027491 
520 367 6 7 0.024004886 
617 372 8 9 0.023949571 
201 366 7 9 0.023897298 
912 286 7 9 0.023862803 
831 117 8 10 0.023797037 
519 327 6 8 0.023717117 
590 409 8 9 0.023708899 
1008 71 7 8 0.02367903 
895 376 7 9 0.02363898 
200 329 6 8 0.023608556 
855 112 7 9 0.023598557 
408 141 7 10 0.023590308 
128 476 35 30 0.023531904 
215 304 6 8 0.023525855 
67 374 7 9 0.023477893 
703 127 7 9 0.02347682 
513 359 6 8 0.023359133 
231 325 7 9 0.023293208 
578 424 7 9 0.02329205 
192 353 6 8 0.023284657 
902 312 7 9 0.023264559 
647 368 7 10 0.02324161 
481 368 6 8 0.023240773 
7 385 7 9 0.023188509 
768 95 7 8 0.023178317 
544 351 6 8 0.023121973 
216 406 8 11 0.023112433 
929 119 8 10 0.023102824 
751 151 8 11 0.023057105 
489 312 7 9 0.023036567 
478 120 8 10 0.02302313 
967 377 7 9 0.023009796 
113 362 6 7 0.02299053 
505 375 8 9 0.022979965 
929 328 6 8 0.022939827 
279 317 9 10 0.022861835 
519 144 7 8 0.022850266 
384 127 8 11 0.0228202 
839 117 8 10 0.022789879 
399 104 7 8 0.022760848 
386 151 7 9 0.02275663 
287 150 9 10 0.022711629 
595 345 6 8 0.022699863 
303 121 7 9 0.022653544 
712 149 7 10 0.02264447 
361 105 7 8 0.02259258 
935 383 8 9 0.022535298 
958 398 7 10 0.022516498 
136 369 6 8 0.022464236 
352 121 8 9 0.022456352 
49 352 7 9 0.022450136 
761 316 12 15 0.022446046 
961 312 8 9 0.022441829 
546 304 7 9 0.022431472 
953 286 7 8 0.02242339 
942 352 7 9 0.022380035 
638 103 8 11 0.022322087 
304 104 8 10 0.02231257 
151 399 8 10 0.022309918 
376 622 56 51 0.022296313 
307 111 7 9 0.022271518 
208 361 7 9 0.022234458 
230 360 8 9 0.0222189 
1001 49 7 9 0.022156535 
905 343 8 9 0.022141771 
214 422 7 9 0.022137718 
264 302 7 9 0.022126693 
545 360 6 8 0.022091394 
679 127 7 9 0.022038532 
286 127 7 9 0.022016509 
288 112 8 10 0.02200572 
504 406 8 10 0.021996504 
320 120 7 9 0.021917282 
879 129 7 9 0.021912439 
487 336 7 9 0.021900391 
529 350 6 8 0.021899348 
240 336 7 9 0.02189481 
536 173 12 14 0.021888658 
253 328 7 9 0.021725934 
312 300 11 13 0.02170796 
279 119 8 10 0.021694666 
552 150 7 9 0.021694342 
314 127 7 9 0.021686591 
131 374 7 9 0.021661649 
863 119 7 10 0.021608235 
367 110 6 9 0.021452973 
939 302 7 9 0.021420274 
584 422 8 11 0.021397946 
160 328 6 8 0.021395568 
581 129 7 8 0.021365058 
543 389 7 8 0.021338306 
399 143 7 9 0.021334833 
922 391 7 10 0.021302542 
920 85 8 10 0.021259049 
608 398 8 10 0.021247203 
713 143 8 10 0.021244457 
969 328 7 9 0.021228105 
273 126 9 10 0.021206874 
144 382 7 9 0.021159416 
558 424 8 9 0.021147104 
275 309 8 11 0.021146506 
562 398 8 10 0.02113097 
636 335 9 11 0.021129148 
882 381 8 10 0.021107879 
222 375 8 9 0.021102978 
354 137 7 9 0.021096468 
594 351 7 8 0.02108676 
359 136 7 10 0.021029608 
535 407 7 10 0.020987948 
192 329 7 9 0.02098476 
121 335 7 9 0.020876007 
950 93 8 10 0.02085596 
966 366 8 9 0.020839762 
560 143 7 9 0.020809524 
849 71 6 8 0.02079642 
30 385 7 9 0.020767378 
846 365 9 11 0.0206858 
494 360 7 9 0.020671478 
402 135 7 9 0.020658353 
200 393 7 9 0.020644888 
767 134 7 10 0.020644529 
391 96 7 9 0.02062878 
18 383 7 8 0.020609142 
233 349 7 10 0.020606937 
537 375 7 8 0.020604698 
517 460 13 15 0.020593638 
246 320 7 9 0.02058447 
960 317 8 9 0.020468269 
89 401 6 8 0.020443598 
992 366 7 9 0.020442968 
935 327 7 9 0.0204369 
714 136 8 10 0.02042612 
947 135 8 10 0.020412296 
782 120 6 9 0.020402795 
530 361 6 8 0.020402707 
183 367 7 8 0.02039605 
704 120 7 8 0.020360706 
486 341 7 10 0.020285947 
185 360 6 8 0.020269705 
630 141 9 11 0.020248022 
616 154 10 12 0.020223886 
129 391 8 10 0.020210491 
589 438 8 12 0.020206923 
543 384 7 9 0.020186238 
494 377 7 10 0.020164486 
919 296 8 10 0.02016126 
441 161 7 9 0.02015788 
943 400 7 8 0.020151993 
313 149 8 11 0.020124387 
625 422 8 10 0.020122854 
439 165 7 10 0.020116782 
417 111 8 9 0.020109223 
473 327 7 10 0.020106642 
506 350 7 10 0.020101953 
519 320 6 9 0.020097483 
687 126 7 10 0.02009692 
623 392 8 9 0.020096742 
833 97 6 8 0.020039158 
574 405 8 10 0.020038482 
633 389 8 10 0.020024722 
