56_Voter_peoplevoting_56_528
87
622 131 31 40 0.99715483 
458 185 37 45 0.98882324 
905 240 54 62 0.9878593 
485 27 14 21 0.98313487 
517 149 35 42 0.9821321 
179 64 16 26 0.9744766 
319 60 19 25 0.9564222 
533 245 45 36 0.93149346 
419 47 15 24 0.9274728 
261 66 16 24 0.81902546 
915 72 18 22 0.6941386 
782 41 15 21 0.650879 
785 125 21 24 0.6172443 
690 89 19 26 0.583725 
612 61 16 23 0.5028572 
893 63 16 21 0.42871287 
935 91 15 21 0.42786786 
656 75 25 30 0.33853734 
47 64 20 31 0.27371264 
797 398 26 33 0.20655313 
83 68 19 31 0.20476575 
441 43 15 18 0.18170254 
836 115 14 19 0.1620669 
776 43 12 17 0.11612746 
777 111 24 32 0.11285635 
837 105 15 20 0.112855315 
697 85 17 26 0.108313315 
843 101 14 18 0.10446131 
524 236 31 45 0.08735837 
602 230 23 27 0.07373606 
761 46 9 12 0.06983056 
891 66 24 34 0.06268171 
456 29 13 16 0.060753737 
770 106 18 25 0.059000317 
698 93 24 33 0.056713328 
939 92 20 27 0.05530298 
851 101 10 14 0.054663148 
673 29 16 22 0.0544133 
947 84 16 20 0.05405815 
766 45 11 14 0.053746365 
844 388 101 124 0.04685799 
679 88 23 34 0.045981076 
438 25 13 15 0.045927763 
479 48 13 17 0.045683842 
770 85 21 33 0.04373799 
390 57 15 18 0.04253357 
622 55 20 30 0.04071891 
395 53 14 17 0.037463102 
347 57 17 20 0.037082464 
426 44 14 20 0.033357285 
940 50 12 15 0.032308303 
659 84 25 35 0.03223961 
539 54 14 17 0.03186388 
51 2 29 32 0.03132511 
247 67 14 17 0.031011796 
980 97 26 28 0.030665472 
407 50 15 20 0.029981747 
557 58 13 19 0.029835237 
342 105 14 18 0.029223941 
653 76 18 21 0.028989555 
33 54 24 31 0.027523786 
832 107 12 18 0.027421853 
549 51 13 18 0.026051356 
919 69 24 31 0.025911853 
796 389 43 53 0.025075307 
977 104 18 21 0.024716567 
994 94 19 26 0.024704948 
979 70 39 58 0.024088996 
893 62 38 48 0.024009667 
329 58 17 22 0.02331851 
908 66 19 24 0.023313586 
908 60 14 19 0.023201117 
915 62 16 20 0.022656176 
918 156 105 142 0.022550587 
635 52 14 19 0.022351554 
671 17 22 29 0.022179114 
940 85 16 21 0.021759702 
363 52 13 17 0.021578461 
618 67 16 23 0.021483984 
543 28 10 12 0.021322303 
479 20 15 20 0.021299297 
772 75 14 18 0.021178592 
364 29 12 16 0.021003805 
788 134 24 32 0.020786604 
793 454 55 67 0.020710025 
273 73 15 19 0.020646906 
923 60 14 18 0.020134296 
