56_Voter_peoplevoting_56_118
41
282 93 91 118 0.9997327 
361 13 79 99 0.99067104 
107 7 60 62 0.96614945 
568 130 53 79 0.71314913 
668 67 40 50 0.4551939 
450 -1 46 69 0.44746748 
697 120 42 60 0.4207758 
658 84 64 86 0.37081987 
574 96 56 84 0.35233024 
586 245 112 101 0.18910821 
227 455 61 75 0.12431494 
72 417 109 102 0.08928229 
109 122 43 62 0.08719368 
813 -3 58 49 0.08425075 
589 82 89 112 0.07639899 
988 338 35 69 0.06681682 
525 223 187 220 0.05522737 
554 99 52 92 0.050119184 
423 -10 69 103 0.05004081 
435 154 323 403 0.041138686 
587 136 60 88 0.040865265 
247 441 86 101 0.039106417 
801 9 54 59 0.037411623 
943 424 86 158 0.037290376 
793 29 49 60 0.03566823 
843 -4 67 55 0.031730182 
525 21 33 39 0.03153499 
211 464 98 109 0.028285816 
911 14 117 181 0.027268648 
3 310 201 216 0.026997209 
404 6 56 82 0.026505413 
468 14 52 72 0.0263429 
108 118 76 99 0.02390517 
88 408 200 185 0.022864753 
304 58 88 116 0.02199718 
506 20 48 62 0.021857843 
36 383 124 109 0.0217045 
543 61 104 135 0.021283656 
42 431 37 38 0.020866785 
635 241 65 72 0.020297302 
513 15 32 42 0.020069556 
