56_Voter_peoplevoting_56_110
43
90 321 50 63 0.99928147 
202 311 35 49 0.9937736 
417 250 27 35 0.7724908 
892 327 20 22 0.7526593 
810 260 15 20 0.62202656 
165 237 16 19 0.43952426 
486 279 9 10 0.172469 
434 253 24 30 0.12325455 
415 240 16 26 0.12178217 
430 395 45 73 0.096383564 
886 322 17 22 0.07148728 
818 258 14 21 0.06669959 
828 380 11 14 0.05219525 
548 523 36 38 0.050872866 
853 285 14 18 0.046367306 
487 273 9 11 0.04518785 
885 331 29 31 0.044865362 
780 259 14 20 0.04469565 
494 284 8 10 0.042883806 
481 273 9 12 0.038737047 
404 413 61 88 0.038249202 
492 280 9 11 0.037695274 
884 334 17 20 0.036418233 
808 262 26 31 0.035420958 
428 363 49 68 0.034471337 
806 255 16 20 0.031695627 
671 476 113 168 0.031058304 
228 268 11 13 0.029719038 
904 327 15 20 0.02883909 
869 386 13 14 0.028528145 
822 250 23 31 0.027867807 
891 368 15 16 0.027704623 
939 370 11 14 0.026454229 
877 339 14 18 0.025411865 
516 524 36 28 0.02368823 
415 254 16 24 0.023410555 
492 271 9 12 0.02165129 
872 348 10 13 0.021072311 
85 486 11 12 0.020536693 
921 365 15 17 0.020431263 
401 417 104 139 0.020214943 
161 262 10 13 0.020067468 
212 302 27 41 0.020056432 
