56_Voter_peoplevoting_56_902
19
700 191 160 215 0.99662554 
589 234 93 146 0.6667691 
2 153 62 117 0.42785725 
171 109 247 305 0.23334892 
111 147 107 169 0.22661988 
19 149 98 139 0.13753504 
118 187 65 99 0.13422945 
41 45 323 416 0.11899776 
300 197 29 37 0.10068101 
83 64 172 285 0.08113855 
616 -27 466 515 0.0459429 
55 158 107 147 0.045540813 
468 182 32 42 0.04428197 
197 9 385 466 0.039533753 
291 186 31 39 0.039219968 
567 172 21 30 0.034517474 
33 133 61 99 0.02459725 
916 464 95 142 0.022867765 
532 199 166 251 0.0219277 
