56_Voter_peoplevoting_56_339
44
540 146 34 44 0.9977301 
657 231 26 35 0.99684864 
336 311 14 21 0.5594323 
908 272 41 58 0.13321362 
322 43 28 35 0.10818035 
107 427 12 15 0.10562077 
184 503 8 11 0.06903383 
165 500 10 12 0.062293667 
100 501 11 14 0.060523145 
403 164 37 51 0.059680056 
399 203 16 19 0.055567715 
973 321 11 16 0.048469655 
780 392 24 28 0.045083717 
12 494 15 17 0.044698194 
105 423 11 14 0.04294935 
61 496 10 13 0.04258413 
78 492 18 18 0.038456883 
988 308 12 15 0.0359159 
118 437 11 14 0.035871144 
982 309 13 17 0.03583559 
487 157 13 15 0.03436579 
97 454 11 14 0.033744924 
102 422 21 26 0.031942096 
343 281 12 15 0.031572238 
85 423 11 14 0.030983768 
386 295 22 30 0.030723747 
56 498 11 13 0.029554116 
175 502 8 10 0.02801731 
357 304 12 16 0.027952883 
8 494 11 14 0.027467584 
386 289 16 21 0.027185565 
561 269 50 55 0.023225931 
558 273 16 18 0.02302564 
923 287 18 26 0.02264628 
408 136 10 11 0.022464622 
1005 539 10 13 0.022175984 
676 219 14 20 0.022109393 
111 501 9 9 0.02207882 
153 473 8 10 0.022022916 
931 275 25 42 0.022020226 
83 422 22 27 0.021732992 
558 399 12 14 0.021043835 
625 307 28 33 0.021043794 
666 217 26 38 0.020340346 
