56_Voter_peoplevoting_56_441
858
218 252 93 141 0.9959371 
989 607 13 17 0.9098906 
900 558 13 17 0.81481063 
978 648 15 20 0.7931469 
834 429 10 12 0.7031299 
901 484 14 16 0.6456048 
854 531 12 17 0.6373278 
720 499 10 13 0.5803908 
773 556 9 12 0.56554437 
835 510 11 15 0.5387449 
791 500 12 14 0.47356206 
828 376 10 12 0.45565596 
492 535 58 64 0.45295742 
621 472 9 12 0.44274172 
873 595 14 18 0.43784046 
987 674 23 31 0.41381353 
821 351 7 10 0.40356296 
819 590 13 15 0.39968094 
741 548 11 13 0.39755136 
909 428 11 15 0.3954523 
972 512 12 16 0.39505407 
815 408 9 11 0.38320795 
686 334 11 13 0.35548952 
795 529 12 16 0.33553308 
964 494 11 14 0.33142215 
843 406 11 15 0.3297791 
961 543 11 15 0.29774582 
924 565 11 13 0.28652206 
883 486 9 12 0.2615712 
734 416 8 10 0.25931385 
964 380 10 13 0.25495505 
952 395 8 11 0.25156498 
712 531 11 13 0.24172865 
822 469 9 10 0.23330829 
950 438 10 14 0.23150647 
1015 380 8 13 0.23107964 
929 523 9 11 0.22904369 
778 327 8 10 0.2286204 
942 358 8 11 0.22479194 
725 526 11 14 0.2215564 
757 513 9 11 0.22037819 
814 510 9 11 0.21693705 
717 530 13 15 0.20497674 
673 358 9 11 0.20415872 
986 577 13 15 0.19194101 
584 476 12 13 0.1906083 
690 470 9 12 0.18379197 
799 390 8 11 0.18160668 
440 369 7 9 0.18042965 
759 367 9 12 0.17921638 
1014 494 8 12 0.17920738 
700 544 9 12 0.1789581 
793 477 9 11 0.17858794 
733 565 10 12 0.17813353 
760 472 9 12 0.17788443 
1008 526 12 16 0.17777652 
630 437 8 9 0.1772194 
985 539 11 13 0.17513569 
460 358 9 12 0.1680468 
790 459 8 11 0.16158235 
1001 590 11 13 0.1609502 
761 371 9 11 0.1565059 
840 391 9 11 0.15578987 
720 454 9 12 0.1556944 
912 534 11 14 0.15058252 
868 240 9 11 0.15022117 
972 398 10 14 0.14790347 
746 399 7 10 0.14380461 
758 414 8 10 0.14257002 
677 461 8 10 0.1379918 
736 490 9 12 0.13648432 
907 487 13 16 0.13369803 
847 351 8 10 0.13286959 
332 324 10 12 0.13252273 
999 437 10 13 0.13249938 
806 431 7 11 0.13195656 
800 336 9 11 0.1311708 
982 407 9 11 0.13065663 
953 312 7 9 0.12960668 
784 419 8 11 0.12611586 
777 368 7 10 0.12426614 
704 557 9 12 0.1232166 
354 383 15 19 0.11998278 
749 551 8 10 0.118781775 
754 457 7 9 0.11875417 
914 400 9 12 0.1176054 
25 372 52 61 0.117046595 
725 476 9 11 0.115587875 
760 406 8 10 0.11504476 
791 550 10 13 0.1150212 
799 304 8 10 0.113851935 
791 473 9 11 0.11328712 
991 366 8 11 0.11196234 
799 472 8 10 0.1109969 
998 445 9 13 0.10961838 
841 398 8 10 0.10922272 
951 423 10 13 0.10859368 
909 469 10 12 0.10800624 
726 405 9 10 0.10673943 
961 375 9 13 0.1062795 
901 590 13 15 0.105842166 
958 388 10 14 0.10562236 
657 473 9 12 0.104708865 
993 446 10 14 0.103803135 
820 489 14 17 0.10307247 
738 544 10 13 0.10257633 
915 577 14 18 0.10249107 
924 502 10 14 0.10204952 
792 375 8 9 0.0993984 
894 508 11 13 0.09900797 
684 487 10 12 0.098741084 
789 405 8 11 0.09781419 
866 390 9 12 0.09771582 
745 464 8 10 0.09757407 
994 352 7 9 0.097356565 
823 392 8 10 0.09730724 
768 552 12 14 0.097200975 
723 495 10 12 0.09509562 
862 359 9 12 0.09376658 
694 523 9 12 0.09350653 
855 598 10 13 0.09271027 
694 359 8 10 0.09225905 
991 431 8 10 0.09142194 
757 456 7 9 0.090225555 
946 444 11 14 0.09021211 
932 519 10 13 0.09018731 
821 334 8 10 0.089930385 
871 344 9 11 0.08898078 
626 437 8 10 0.08846205 
840 342 8 10 0.088308096 
832 536 11 13 0.08820884 
808 375 8 11 0.08759787 
824 296 8 10 0.08616459 
706 351 7 9 0.085652664 
796 496 10 13 0.08533921 
999 317 9 11 0.08521509 
1014 319 8 11 0.08513694 
681 334 10 12 0.08449909 
937 352 8 10 0.08443831 
993 406 9 13 0.084122136 
865 351 8 9 0.08408792 
676 469 11 14 0.08380063 
807 380 10 12 0.08375263 
721 406 8 10 0.083300315 
831 464 8 10 0.08227159 
858 524 13 16 0.0822501 
863 334 8 10 0.081100166 
809 408 9 11 0.08109477 
1006 388 9 12 0.08091991 
880 308 11 13 0.080649234 
288 254 7 10 0.07960124 
863 327 8 11 0.07919614 
740 487 10 12 0.07890021 
801 431 8 11 0.0787954 
783 390 7 8 0.077500954 
962 366 8 10 0.07749762 
775 454 8 11 0.0774484 
985 358 8 10 0.076967575 
884 490 10 14 0.076697 
704 399 8 10 0.0764926 
814 376 8 11 0.07632343 
818 344 7 9 0.07629557 
760 401 8 9 0.07620015 
805 588 12 14 0.07607805 
681 489 10 14 0.07546635 
785 457 8 11 0.07520156 
1006 534 12 16 0.07498752 
751 461 9 11 0.07401109 
841 303 7 9 0.07364284 
447 345 7 9 0.07324131 
744 476 9 11 0.07271036 
758 384 8 10 0.07259697 
992 357 9 11 0.07207711 
814 429 9 10 0.0718697 
793 309 8 10 0.07178976 
780 555 11 13 0.07162701 
704 405 7 9 0.07153181 
1014 413 8 12 0.07135462 
724 399 10 12 0.07125001 
663 446 7 9 0.07099724 
991 335 7 10 0.06925132 
1009 383 8 12 0.069054306 
417 229 9 11 0.06899813 
899 530 13 19 0.068647206 
997 358 10 12 0.068534434 
807 461 9 11 0.06852848 
956 440 9 11 0.06834233 
800 369 7 10 0.06786902 
959 358 9 11 0.06778384 
978 311 7 10 0.06774964 
813 248 8 10 0.06773207 
976 461 8 11 0.067702085 
800 352 9 11 0.06745647 
722 449 7 9 0.067440726 
808 412 8 12 0.06743907 
712 336 8 9 0.06699215 
504 350 8 11 0.06697743 
744 470 8 10 0.06662191 
926 589 12 15 0.065408394 
921 269 9 11 0.06538328 
761 556 10 12 0.06537357 
992 490 11 15 0.064989395 
711 312 8 9 0.06462282 
763 295 7 9 0.064293765 
805 351 8 10 0.06379669 
305 103 399 472 0.063644625 
769 525 9 12 0.0631086 
996 511 9 12 0.062987246 
783 476 9 11 0.062778786 
999 432 8 11 0.0627193 
975 281 7 9 0.06267921 
705 345 7 9 0.06237592 
793 368 7 10 0.062166296 
745 359 7 8 0.06200418 
785 384 7 9 0.061636 
711 358 7 9 0.060872044 
875 579 14 18 0.060357466 
775 342 8 10 0.060242683 
878 348 8 11 0.0600051 
903 423 10 14 0.05977959 
820 407 8 11 0.059415333 
718 415 7 9 0.059164688 
719 359 7 9 0.05891901 
990 478 10 13 0.05877927 
822 356 8 10 0.05850751 
953 270 9 11 0.05848508 
775 403 9 11 0.058475103 
753 360 7 8 0.058140967 
880 262 10 12 0.058100168 
782 343 7 9 0.058057487 
862 409 9 11 0.05787737 
1014 407 8 11 0.05784367 
850 445 9 12 0.057279013 
977 326 9 10 0.05726429 
985 335 7 9 0.05668786 
703 564 12 15 0.056681205 
783 400 9 11 0.05640988 
695 319 9 10 0.05629684 
1014 367 8 12 0.05627518 
789 421 8 10 0.056199588 
916 537 11 14 0.05619577 
712 485 8 11 0.055467807 
890 516 9 12 0.055421658 
902 414 9 12 0.0548578 
810 247 7 9 0.05462393 
832 320 10 13 0.054418035 
776 416 8 11 0.054119002 
753 326 8 10 0.054059766 
749 400 8 10 0.05393009 
434 367 7 9 0.05363596 
902 405 9 11 0.053468283 
806 325 8 10 0.052972134 
953 351 8 11 0.052734178 
744 376 7 9 0.051997498 
951 357 8 11 0.05190241 
766 368 8 10 0.05178453 
941 546 11 14 0.051777553 
942 352 8 10 0.051736742 
958 422 10 13 0.051427443 
799 373 8 10 0.05127665 
955 670 12 17 0.050984174 
957 352 8 11 0.050961252 
1004 437 11 14 0.050518103 
720 478 9 12 0.050372995 
966 413 9 11 0.050333664 
776 333 8 12 0.050294522 
977 319 8 10 0.05027421 
704 304 8 10 0.05006897 
614 447 9 10 0.04997435 
777 478 8 11 0.049593788 
800 384 9 11 0.04951974 
755 366 8 10 0.049340162 
796 484 9 11 0.049201842 
985 365 9 11 0.049167313 
841 337 7 9 0.049144 
734 313 7 9 0.048898652 
974 344 7 9 0.048664764 
1008 493 11 15 0.04857918 
946 423 9 13 0.04853069 
982 326 7 10 0.048517734 
857 380 9 11 0.04824134 
639 429 8 10 0.048093017 
663 442 7 8 0.048065793 
839 366 8 11 0.04792974 
776 351 7 9 0.047617897 
677 456 8 10 0.047605857 
646 463 8 9 0.047520813 
784 500 12 15 0.04728638 
905 563 13 15 0.04692973 
993 437 9 12 0.046877887 
886 481 9 12 0.046800274 
990 484 11 15 0.046450976 
1001 280 9 11 0.046386052 
880 303 10 12 0.046320014 
989 269 9 10 0.04602645 
724 454 9 11 0.045905616 
775 359 8 9 0.045863062 
821 344 8 9 0.04582039 
799 280 7 9 0.045758948 
939 604 14 16 0.045657415 
807 632 13 17 0.045571443 
842 351 7 10 0.045332924 
838 324 8 11 0.04529841 
814 500 11 14 0.04528716 
995 319 7 10 0.04522088 
981 310 8 10 0.04521465 
915 484 13 16 0.045165926 
688 518 10 14 0.045137238 
970 281 8 10 0.04508337 
786 404 8 11 0.04502572 
977 508 13 17 0.044844024 
802 413 9 12 0.04484145 
957 310 8 10 0.04461113 
498 287 7 10 0.044582028 
673 455 8 11 0.044538278 
722 473 8 9 0.044283077 
768 336 8 10 0.044131216 
367 361 7 10 0.04398774 
945 450 11 14 0.04379432 
966 489 11 13 0.043763917 
1008 519 11 15 0.043740574 
845 398 9 12 0.043668855 
918 421 9 13 0.043619312 
904 267 9 11 0.043597594 
1015 309 8 11 0.043506537 
729 312 8 10 0.043170013 
758 461 8 11 0.04298045 
362 366 8 9 0.042898785 
905 477 14 17 0.04276887 
824 248 7 9 0.042496808 
765 477 8 10 0.042485934 
728 560 9 12 0.04247696 
727 377 7 8 0.042470757 
854 444 10 13 0.042296823 
951 335 7 10 0.042281836 
744 448 8 9 0.042236768 
806 302 8 11 0.04219072 
818 263 7 10 0.042108204 
999 468 11 14 0.04189357 
1006 279 8 10 0.041708887 
799 455 8 10 0.041546818 
816 485 11 14 0.041394558 
716 319 8 10 0.041318256 
816 463 9 11 0.04125639 
813 514 11 14 0.0411405 
761 319 8 9 0.040803682 
969 403 11 14 0.040764507 
728 328 7 9 0.0407224 
912 574 12 16 0.040596403 
991 342 8 10 0.040530633 
609 457 9 10 0.040392634 
898 246 8 10 0.04032043 
767 400 8 10 0.040206943 
774 486 9 11 0.04020597 
1006 470 9 12 0.040190496 
945 342 8 10 0.03998215 
1000 312 9 10 0.039924193 
854 407 10 13 0.039922994 
596 312 8 10 0.03990511 
1004 597 12 14 0.039820522 
797 287 8 10 0.039751574 
758 328 7 9 0.039724898 
769 453 8 10 0.039672416 
830 468 9 11 0.03964888 
993 515 11 13 0.039487313 
857 336 8 10 0.03918755 
794 318 9 11 0.039085533 
726 381 8 9 0.03892497 
425 280 6 8 0.03892375 
911 268 9 11 0.038858797 
846 356 9 12 0.038770553 
753 514 10 12 0.03876961 
930 595 15 16 0.03874321 
805 341 8 10 0.03866722 
1014 498 9 14 0.03866139 
982 389 10 13 0.038557235 
1000 389 9 12 0.038555868 
927 325 10 11 0.038484406 
838 383 9 11 0.038467567 
917 492 11 14 0.038369805 
688 368 8 9 0.038346723 
441 344 7 9 0.038311925 
758 360 7 9 0.03827159 
1013 228 9 14 0.038259454 
929 350 8 11 0.038202863 
734 408 7 9 0.038089514 
906 584 15 18 0.0380139 
407 318 7 10 0.03797085 
754 384 8 10 0.037813377 
770 342 8 9 0.03775937 
912 375 10 12 0.03758895 
759 551 9 11 0.03753706 
847 271 8 10 0.03742595 
480 360 8 9 0.03737702 
400 233 7 9 0.0373298 
759 335 7 9 0.037293438 
488 345 6 8 0.037121087 
989 289 8 9 0.037105612 
845 365 10 12 0.03692441 
658 440 7 10 0.036693797 
1006 398 8 11 0.036692273 
790 400 8 10 0.03667659 
940 380 12 15 0.036658265 
713 415 8 9 0.036620498 
917 415 10 13 0.036585364 
445 368 7 9 0.036566723 
656 447 7 9 0.036366813 
808 493 11 14 0.03619291 
710 352 8 10 0.03604742 
757 486 11 13 0.036027536 
815 424 8 10 0.035982464 
916 469 11 14 0.03594687 
369 279 7 9 0.03589695 
821 264 8 9 0.035867088 
753 335 7 9 0.035864025 
377 273 7 10 0.035785113 
960 342 8 9 0.035762098 
745 320 7 8 0.0356669 
863 497 9 11 0.035583414 
769 486 9 11 0.035548043 
862 382 9 10 0.035515703 
746 403 8 11 0.035476767 
801 408 8 11 0.03544472 
965 386 11 14 0.03537125 
932 492 10 13 0.03515925 
506 345 6 9 0.035081293 
694 340 9 10 0.035022147 
824 329 7 10 0.034983847 
1015 461 9 13 0.03462308 
881 480 9 13 0.034550507 
703 454 8 10 0.03452481 
890 370 14 18 0.03447777 
817 479 10 13 0.03442946 
719 483 9 12 0.034381635 
975 262 8 10 0.034252845 
973 501 12 16 0.034167334 
718 327 8 9 0.03411009 
679 365 8 10 0.034108948 
734 318 7 9 0.03409947 
696 383 7 9 0.033991348 
919 561 19 24 0.033848397 
847 336 7 10 0.033803776 
873 334 8 10 0.03376506 
862 321 8 10 0.033760376 
976 626 11 15 0.03371677 
458 363 7 10 0.03369062 
842 272 8 10 0.033675972 
480 311 6 8 0.033607855 
789 591 47 56 0.033605002 
1016 358 8 12 0.03355669 
834 455 9 12 0.033543736 
831 503 11 14 0.03340963 
990 372 9 11 0.033338863 
1013 324 9 12 0.0333093 
712 317 9 11 0.033119455 
702 463 8 10 0.03306152 
711 293 10 11 0.03282814 
370 230 8 11 0.03280926 
719 335 7 9 0.032719746 
968 459 9 12 0.032606468 
919 525 10 12 0.032601323 
1001 532 13 16 0.032519687 
799 396 7 10 0.032517854 
885 268 9 11 0.03250245 
1007 312 8 10 0.032468703 
757 389 9 11 0.032438427 
718 295 9 11 0.03239118 
442 350 7 9 0.032315988 
761 312 7 9 0.03223246 
1008 318 8 10 0.032226566 
880 255 9 11 0.032137264 
752 304 7 9 0.032102928 
1008 366 9 11 0.03182567 
983 462 9 12 0.031800125 
854 343 7 10 0.03173443 
720 521 9 11 0.031733572 
896 239 9 11 0.031656675 
983 279 7 9 0.03165438 
919 505 12 15 0.031651244 
801 589 26 32 0.031650454 
735 334 9 11 0.031583574 
847 343 8 10 0.031478982 
917 366 9 11 0.031462945 
992 470 9 11 0.031283308 
726 486 9 12 0.031272616 
984 436 9 12 0.031266738 
990 600 11 15 0.031265408 
730 318 7 9 0.031229343 
701 520 10 13 0.031187097 
750 406 8 10 0.0311735 
860 375 10 12 0.031164708 
806 456 9 10 0.031151643 
656 453 9 11 0.031148447 
668 198 22 30 0.03109896 
881 417 9 12 0.031057764 
457 312 6 8 0.031035256 
447 349 7 9 0.031020274 
948 605 11 15 0.030937692 
461 353 7 8 0.030937111 
734 560 10 11 0.030824969 
928 341 9 12 0.030775947 
480 345 7 9 0.030741036 
1015 419 9 13 0.030732967 
815 252 7 10 0.03066143 
918 475 12 16 0.03061743 
997 410 11 14 0.030574698 
433 343 7 9 0.0305474 
831 368 9 11 0.030433217 
672 353 8 11 0.030404935 
345 233 8 9 0.030402629 
401 320 7 10 0.030316457 
794 336 7 9 0.030130422 
966 360 8 10 0.030128524 
744 327 8 9 0.030126102 
705 309 8 10 0.0299844 
812 588 22 27 0.02986101 
775 310 8 10 0.029834008 
647 254 9 12 0.029794974 
986 342 7 9 0.029779814 
697 374 8 10 0.029779376 
975 240 8 9 0.029671224 
968 319 7 9 0.02964328 
767 520 9 11 0.02959259 
941 520 10 13 0.029518437 
897 428 10 13 0.029488426 
781 542 10 13 0.029467667 
414 343 7 9 0.029465783 
824 309 8 10 0.029458854 
502 287 8 9 0.02924671 
991 389 11 13 0.029230447 
839 359 8 10 0.029203048 
1007 414 10 13 0.029156378 
857 362 10 13 0.029127885 
815 367 9 11 0.028992945 
985 431 8 11 0.028968396 
653 481 11 15 0.028942274 
682 406 8 10 0.028938862 
1013 468 10 14 0.028821794 
730 422 8 11 0.02879112 
818 391 8 11 0.028644258 
842 277 8 10 0.02860969 
881 268 9 11 0.028540608 
782 368 8 9 0.028537622 
935 375 9 12 0.028536966 
840 309 9 10 0.02853405 
997 583 12 15 0.028515931 
885 255 9 10 0.028515857 
1005 529 19 26 0.028372867 
929 563 12 15 0.028328508 
481 351 7 8 0.02831079 
911 528 10 13 0.028309336 
824 370 17 23 0.028222729 
896 590 12 14 0.028211102 
955 650 12 18 0.028171273 
473 289 7 9 0.027935702 
709 287 9 11 0.02783833 
968 312 7 9 0.027799906 
896 352 8 10 0.027781697 
694 465 10 12 0.02777018 
929 373 8 11 0.027734239 
675 220 13 15 0.02769556 
704 367 7 10 0.027669432 
375 247 7 10 0.027593173 
652 218 29 35 0.02757288 
1015 488 9 14 0.027559942 
765 319 7 9 0.027505346 
797 308 8 10 0.027474308 
753 342 8 10 0.027447037 
613 453 9 12 0.027442971 
383 272 7 10 0.027371442 
808 501 10 12 0.02727305 
973 605 10 12 0.027159616 
481 547 35 44 0.02702867 
833 359 8 10 0.027005645 
984 352 7 10 0.026973298 
725 449 7 9 0.026965752 
776 543 9 12 0.02683595 
826 491 12 16 0.026801916 
871 328 10 12 0.026790677 
899 506 11 14 0.026755322 
154 271 124 115 0.026734432 
496 262 7 9 0.026723603 
806 423 8 10 0.026721867 
981 319 8 10 0.026693149 
744 295 8 9 0.026641302 
791 382 7 9 0.026556134 
854 350 8 10 0.026520565 
919 392 8 9 0.026490025 
522 352 7 9 0.02647933 
710 390 8 11 0.026457446 
786 240 6 9 0.026410637 
612 461 13 15 0.026400063 
335 238 7 10 0.026394127 
896 479 12 15 0.026378352 
758 350 7 9 0.026346559 
736 367 7 8 0.026335318 
614 466 18 23 0.026283726 
409 359 8 10 0.026259495 
777 389 7 9 0.026224341 
805 356 8 11 0.026141865 
832 424 16 22 0.026134128 
781 332 8 11 0.026120564 
721 375 7 10 0.026047254 
783 495 11 13 0.026030488 
769 359 8 9 0.026021264 
943 573 11 14 0.026007568 
681 516 10 14 0.025990738 
1013 385 10 14 0.02598189 
408 287 7 9 0.025980284 
431 360 8 9 0.025950281 
687 439 9 11 0.025932737 
1005 629 19 31 0.025850646 
969 349 9 11 0.025846094 
913 413 10 13 0.025810197 
487 305 8 9 0.025762001 
688 383 7 9 0.02575385 
400 345 8 9 0.025740486 
125 299 427 423 0.025699316 
919 558 12 14 0.025698625 
442 311 7 9 0.025686406 
384 248 7 9 0.025621211 
719 537 12 14 0.025619986 
465 239 8 10 0.025572818 
703 447 8 10 0.025571896 
829 545 11 16 0.02553666 
743 335 8 10 0.025452485 
721 366 8 9 0.025437078 
735 328 7 9 0.025395164 
1001 384 9 11 0.025343435 
592 305 8 9 0.025332335 
732 532 10 13 0.0252601 
871 471 8 10 0.025259782 
913 365 9 11 0.02524153 
831 387 10 12 0.025215788 
725 271 8 10 0.025215479 
862 270 8 9 0.02520329 
867 343 7 10 0.025150182 
974 367 8 10 0.025143765 
967 302 7 9 0.025114879 
293 254 7 10 0.02506682 
737 544 18 22 0.025039567 
989 293 8 10 0.025021072 
792 539 12 15 0.025014283 
896 421 10 13 0.024994092 
935 312 7 9 0.024890553 
944 404 10 14 0.024857223 
971 492 11 15 0.02478308 
784 375 8 9 0.024733884 
1001 262 9 11 0.024710087 
775 384 8 10 0.024691947 
712 408 7 9 0.024678228 
686 399 8 10 0.024647906 
831 414 10 12 0.024625482 
974 349 8 10 0.024604276 
416 238 8 10 0.024600314 
650 452 8 11 0.024598902 
802 422 8 10 0.024597678 
705 534 9 12 0.024594178 
974 392 9 12 0.024576921 
991 424 9 11 0.024550674 
816 327 8 10 0.024502788 
343 254 8 10 0.024461623 
997 498 10 14 0.024457162 
880 248 9 10 0.024418116 
425 352 8 9 0.02441137 
688 464 9 12 0.024372786 
793 431 7 10 0.024365045 
519 230 9 11 0.024352828 
480 364 9 12 0.024309982 
703 525 9 13 0.024264084 
777 460 8 11 0.024260819 
791 351 9 10 0.024185238 
751 470 9 11 0.024181318 
445 373 7 9 0.024159705 
753 279 7 9 0.024139803 
510 344 7 10 0.024106462 
822 269 9 10 0.024025071 
879 315 9 11 0.024023728 
864 252 10 12 0.023984851 
432 280 7 8 0.02398345 
698 406 7 9 0.023982216 
886 416 10 13 0.023957888 
1009 374 10 12 0.023918903 
990 585 12 16 0.023907535 
959 337 7 9 0.02389993 
693 326 10 12 0.023898866 
917 463 10 12 0.023883559 
708 558 10 13 0.023835327 
986 270 8 11 0.023811586 
835 522 12 15 0.023810854 
750 554 10 13 0.02379263 
463 313 6 8 0.023772724 
688 414 7 9 0.023730276 
857 438 10 13 0.023723884 
1015 454 9 12 0.023722816 
522 304 6 9 0.023715738 
639 461 9 11 0.023714222 
912 392 9 11 0.023666902 
969 327 7 9 0.023662986 
17 352 80 104 0.02364945 
944 387 11 14 0.02363951 
726 392 7 9 0.0236044 
672 416 7 9 0.023573339 
951 611 11 15 0.023572184 
335 247 8 10 0.023558505 
975 598 9 12 0.023529971 
673 432 7 9 0.023529088 
794 293 8 9 0.023506293 
967 438 8 10 0.023490194 
422 226 8 10 0.023432849 
793 281 8 9 0.023391977 
950 412 10 12 0.023379387 
433 337 7 9 0.023378162 
282 253 9 12 0.023377579 
696 495 9 12 0.023346137 
457 351 8 9 0.02334471 
760 288 8 9 0.023340298 
897 400 10 12 0.023316965 
737 469 8 11 0.023270566 
407 239 7 9 0.023223244 
854 424 9 11 0.023143226 
717 313 8 8 0.023126971 
791 492 19 22 0.023121338 
833 342 8 10 0.023099273 
448 312 6 9 0.023080273 
945 319 7 9 0.023044003 
927 332 12 14 0.023009196 
807 320 9 11 0.022996683 
409 344 8 10 0.022936597 
320 260 9 11 0.022902973 
741 500 11 12 0.022895098 
994 670 16 23 0.022859422 
864 591 19 24 0.022856705 
708 583 14 16 0.02284856 
661 453 10 13 0.022833938 
752 374 8 10 0.02281177 
692 474 11 13 0.022803266 
592 264 8 10 0.022793364 
806 367 7 10 0.022784816 
776 304 7 9 0.02267042 
970 645 19 28 0.022656182 
360 311 7 9 0.02262009 
479 207 9 11 0.022619309 
960 460 11 13 0.022607015 
702 374 7 10 0.022560257 
855 463 8 10 0.022506977 
999 526 12 15 0.02242944 
935 343 8 10 0.022355668 
919 274 11 12 0.0223434 
336 270 9 12 0.022302296 
856 391 9 11 0.022283418 
883 596 12 16 0.02226554 
823 445 9 13 0.022235142 
766 312 8 10 0.022141885 
545 336 6 9 0.022124799 
895 489 12 16 0.022110438 
969 343 8 10 0.022038305 
393 232 8 10 0.022016484 
847 439 9 12 0.022013245 
999 323 9 11 0.0220116 
650 448 8 10 0.021974865 
680 512 9 12 0.02197192 
720 526 19 23 0.021969259 
770 351 7 9 0.021935506 
783 350 7 9 0.02191241 
825 279 8 10 0.021895254 
951 487 9 13 0.021887463 
696 366 8 10 0.021877388 
896 332 9 12 0.021859296 
681 400 8 10 0.021850066 
809 310 8 9 0.021849204 
864 470 8 11 0.021810066 
941 596 14 18 0.021742709 
996 584 19 23 0.02172259 
671 465 18 23 0.021700231 
553 321 8 10 0.02169259 
1000 399 9 12 0.021649182 
729 287 8 9 0.021599432 
295 247 7 9 0.021593006 
377 342 8 11 0.021591969 
986 294 8 10 0.021507775 
837 374 9 11 0.021483002 
877 328 8 11 0.021471059 
696 534 9 12 0.021438533 
843 581 11 15 0.021412399 
959 407 9 12 0.021386664 
864 421 9 11 0.021373145 
657 384 8 10 0.021368446 
961 295 7 10 0.021330122 
1013 278 8 11 0.021302596 
637 453 9 13 0.021287505 
995 485 13 16 0.021275802 
765 560 14 15 0.02125179 
448 286 6 8 0.021177685 
567 312 8 10 0.021167366 
424 239 7 10 0.02112886 
489 232 8 10 0.02111696 
1006 404 9 13 0.021108214 
999 342 9 10 0.021086589 
947 312 7 9 0.021079607 
585 478 17 19 0.021070713 
850 246 8 10 0.021047514 
736 464 8 10 0.021019595 
921 334 9 11 0.021018744 
711 366 7 9 0.021017568 
928 531 11 13 0.020968895 
496 256 7 10 0.020928118 
880 374 10 12 0.020915134 
738 564 12 15 0.0209141 
840 231 8 10 0.0209064 
782 485 10 11 0.020895353 
672 438 8 10 0.020887055 
861 594 13 17 0.02087484 
998 475 12 14 0.020856218 
1006 342 8 9 0.02084737 
663 375 8 10 0.020843225 
961 494 17 23 0.020818114 
949 574 11 13 0.02079178 
997 432 18 24 0.020764712 
674 333 11 13 0.020755693 
859 326 8 11 0.020709515 
805 470 8 11 0.020701075 
825 594 12 16 0.020698922 
808 297 7 9 0.02068829 
417 280 6 8 0.020669084 
960 488 10 14 0.020668818 
417 286 7 8 0.020657022 
797 604 13 17 0.020612199 
931 498 11 15 0.0205778 
745 288 8 9 0.02054714 
353 341 8 10 0.020534761 
493 519 87 110 0.020524327 
695 312 8 10 0.020495629 
945 335 8 11 0.020494336 
974 358 9 11 0.020466948 
369 238 7 10 0.020461624 
935 546 13 17 0.020442175 
710 280 9 10 0.020423148 
377 295 7 10 0.02041329 
772 551 20 23 0.020395607 
1007 514 20 27 0.020385869 
847 231 7 9 0.020379024 
824 369 9 11 0.020375224 
381 348 9 11 0.020374723 
793 325 8 10 0.020364879 
1008 325 10 11 0.020347724 
920 304 8 10 0.020275054 
383 294 7 10 0.020266555 
726 460 9 11 0.020262614 
400 238 8 9 0.020261731 
530 310 6 8 0.020223714 
929 357 7 10 0.020217406 
376 303 7 9 0.020187661 
336 263 7 9 0.020124264 
801 326 8 9 0.020102017 
950 405 11 14 0.020071583 
960 304 7 9 0.020065196 
846 303 7 10 0.02002668 
