56_Voter_peoplevoting_56_781
146
365 197 61 72 0.99589914 
289 108 40 52 0.97500813 
652 156 24 32 0.9671862 
364 83 56 72 0.934269 
777 128 23 29 0.91674095 
677 102 26 35 0.8348203 
105 78 51 64 0.8170214 
644 119 26 33 0.79593605 
750 113 21 29 0.74879885 
831 131 14 17 0.61920655 
598 138 22 27 0.49190202 
814 136 16 21 0.4538834 
949 136 18 21 0.35263926 
994 121 15 21 0.30676454 
607 314 14 20 0.2705538 
878 113 15 17 0.22620061 
456 218 46 78 0.1799606 
893 120 14 19 0.1667961 
236 427 32 43 0.16125584 
756 84 14 18 0.15397029 
676 119 16 24 0.1515789 
875 122 16 20 0.1410576 
340 72 28 36 0.14022595 
435 128 24 31 0.13745698 
218 129 32 37 0.13249764 
853 116 13 17 0.12436848 
788 129 21 28 0.10812431 
648 141 27 35 0.092498526 
279 165 25 32 0.09106775 
349 75 47 59 0.08705413 
845 167 15 21 0.085138485 
688 109 24 32 0.08188066 
595 134 17 22 0.07705102 
761 121 23 29 0.07347619 
319 117 30 38 0.06990014 
317 58 14 16 0.06986341 
427 111 42 54 0.06717965 
890 78 9 12 0.06601085 
810 99 14 19 0.060775917 
898 116 14 18 0.059896756 
573 151 21 30 0.05872719 
1007 93 11 14 0.057708506 
882 117 19 25 0.057071704 
704 68 12 15 0.056643736 
472 257 31 51 0.054055206 
655 131 19 23 0.053407665 
1001 122 15 21 0.052306723 
621 229 14 19 0.051632594 
740 134 15 21 0.050260037 
823 130 19 25 0.0500189 
749 124 16 23 0.04844241 
910 111 11 15 0.04726912 
128 81 56 68 0.046844106 
943 129 15 21 0.046117507 
355 67 28 45 0.044299167 
469 214 27 46 0.043223746 
199 125 49 60 0.04271161 
845 129 12 18 0.04245768 
942 103 16 21 0.04108863 
804 129 19 26 0.040277075 
572 229 17 25 0.040218566 
871 128 15 17 0.04015684 
751 76 14 18 0.040075544 
25 199 112 149 0.039718572 
669 79 11 13 0.039468776 
834 154 24 33 0.039162 
666 123 21 27 0.038712617 
852 127 16 22 0.03867798 
232 84 48 55 0.038339812 
394 191 50 66 0.038189027 
605 199 14 19 0.0375964 
603 176 16 22 0.036796227 
410 72 46 61 0.036277823 
356 76 17 27 0.03625948 
917 176 12 15 0.036252577 
604 235 24 35 0.03542923 
644 107 16 22 0.035101984 
751 129 20 28 0.034704708 
381 36 14 20 0.03453055 
869 78 9 11 0.03449601 
345 69 19 23 0.034393277 
178 93 35 41 0.034170054 
577 224 22 30 0.03370827 
888 83 11 13 0.03350155 
440 204 51 70 0.03292275 
836 168 16 21 0.03250515 
493 120 29 33 0.03244645 
750 143 14 20 0.032338243 
943 75 10 13 0.031754863 
940 111 14 20 0.031061191 
685 57 12 15 0.030103968 
398 109 53 65 0.030091582 
617 229 24 30 0.029973665 
260 99 23 31 0.029708218 
60 120 42 57 0.028463276 
574 124 13 17 0.028082518 
340 89 28 46 0.02798606 
756 99 17 21 0.027859038 
646 157 19 25 0.027799346 
552 466 11 16 0.027656605 
261 94 43 55 0.027312849 
735 68 13 19 0.026990075 
290 100 28 38 0.02692492 
524 279 14 18 0.026816107 
243 98 31 33 0.02678842 
872 115 14 17 0.026728291 
928 178 11 15 0.0262492 
1012 123 12 19 0.026097542 
985 116 20 28 0.02600022 
760 87 16 19 0.025952116 
892 110 14 19 0.025921678 
771 162 16 20 0.025605751 
918 152 10 13 0.025514418 
964 187 10 13 0.025309706 
857 123 14 18 0.025176313 
843 100 12 16 0.025165092 
217 106 32 40 0.02503156 
702 11 10 12 0.025014017 
960 183 9 14 0.024972199 
250 77 24 26 0.024539346 
665 77 10 12 0.024287034 
594 215 42 58 0.024172252 
758 39 10 13 0.023601389 
661 164 21 27 0.023457563 
877 103 14 17 0.023440598 
318 77 27 33 0.023161698 
424 68 25 40 0.023126937 
331 127 16 23 0.022965368 
586 104 14 16 0.022947052 
639 119 18 25 0.022801466 
739 71 14 20 0.02279878 
960 138 15 19 0.022749381 
935 127 14 21 0.022729682 
276 175 51 69 0.022707554 
918 156 13 19 0.0226914 
598 169 16 21 0.022657258 
497 124 40 48 0.02228774 
748 70 13 16 0.022195293 
331 79 29 39 0.02186625 
182 94 54 58 0.021774039 
839 96 11 14 0.021388283 
281 76 15 18 0.021118697 
145 62 86 102 0.0202978 
305 84 45 55 0.020029852 
670 96 24 31 0.020020813 
808 140 23 29 0.020019129 
