56_Voter_peoplevoting_56_874
259
972 255 44 65 0.9951114 
139 353 24 30 0.98864263 
667 252 26 31 0.9873116 
595 333 28 32 0.98655987 
686 445 83 145 0.9844125 
13 298 18 22 0.9751927 
153 392 27 34 0.96883225 
477 367 61 70 0.9650984 
90 340 24 30 0.9646306 
358 279 13 17 0.94797146 
66 282 13 18 0.9439356 
566 298 24 29 0.9414621 
234 394 44 50 0.93423134 
38 336 20 26 0.9273814 
771 291 51 73 0.9094008 
191 256 14 18 0.8995391 
367 252 13 17 0.8940631 
512 276 19 25 0.8854522 
156 283 16 23 0.8585429 
404 272 14 17 0.8310002 
111 298 14 17 0.74244636 
336 252 14 19 0.716393 
514 212 15 17 0.655829 
452 371 82 111 0.6112144 
422 250 9 13 0.5742426 
968 223 31 40 0.5505723 
407 245 10 14 0.52141553 
275 273 16 20 0.44912168 
530 310 22 26 0.42797303 
455 289 17 20 0.40640774 
960 396 69 122 0.38653928 
171 311 15 19 0.36963204 
455 244 12 16 0.32954898 
415 250 11 14 0.29753783 
270 252 14 18 0.25163975 
454 250 15 19 0.24174024 
598 215 11 14 0.23997048 
5 275 16 19 0.23069406 
672 190 10 12 0.22425467 
429 227 10 13 0.21245079 
398 224 10 12 0.21138294 
544 311 21 29 0.20909461 
284 272 14 19 0.18079875 
221 319 15 19 0.17200352 
384 341 31 53 0.17051286 
486 239 10 12 0.17047405 
910 424 18 24 0.16169502 
332 231 10 12 0.15143225 
464 226 10 13 0.14458331 
318 253 12 16 0.1426058 
397 254 12 15 0.14075106 
554 317 18 26 0.13949186 
511 217 12 16 0.13747422 
466 206 8 10 0.12616454 
608 340 17 23 0.12057466 
657 183 7 10 0.11504863 
165 357 11 16 0.11289426 
478 220 9 11 0.11276978 
275 245 12 15 0.11177875 
293 243 13 16 0.11028115 
448 215 11 13 0.109782316 
726 111 16 19 0.108786516 
135 290 13 15 0.10617479 
888 291 33 54 0.102875255 
496 215 8 11 0.101138316 
220 257 13 15 0.09743707 
126 439 30 40 0.095955856 
506 229 10 13 0.0946804 
550 199 9 10 0.094516315 
745 158 9 11 0.091274075 
159 429 33 44 0.08407344 
312 267 11 14 0.08077537 
832 445 21 32 0.076436676 
84 574 55 67 0.07567398 
631 196 10 12 0.07263054 
374 228 12 15 0.07185541 
573 172 9 11 0.07083675 
287 238 14 17 0.07057376 
189 243 20 25 0.069544055 
473 214 8 12 0.06889397 
97 319 17 21 0.068875454 
233 268 12 15 0.06718566 
299 251 11 14 0.0670835 
637 193 8 10 0.06579298 
432 276 10 15 0.064698026 
966 225 44 66 0.06294121 
522 376 45 58 0.06292367 
657 187 9 12 0.05993313 
722 134 9 12 0.058967542 
762 72 16 20 0.056746483 
310 352 40 60 0.05575382 
577 205 9 10 0.054414332 
318 377 28 42 0.054087996 
491 361 41 44 0.052809797 
663 189 9 12 0.05193224 
867 442 17 21 0.051626995 
115 265 13 17 0.051219143 
625 176 8 10 0.051052094 
173 259 10 13 0.04977577 
7 289 19 25 0.049355425 
318 247 10 14 0.048425842 
401 237 13 16 0.047957145 
235 261 12 14 0.047689635 
610 367 22 27 0.04682301 
536 201 9 11 0.046329387 
344 221 11 13 0.044542205 
581 207 8 9 0.044409197 
452 353 62 71 0.04427169 
985 218 17 22 0.04362395 
680 125 10 13 0.043447454 
672 167 9 11 0.04341017 
153 354 16 21 0.043401778 
152 228 10 13 0.042871773 
393 347 42 65 0.042560767 
656 176 7 10 0.042558458 
437 281 12 17 0.041856483 
390 228 11 13 0.041057862 
393 223 9 12 0.04103791 
160 288 19 28 0.040577628 
673 185 9 12 0.04051292 
229 252 12 15 0.040441968 
139 143 33 37 0.04010854 
244 237 10 12 0.039941322 
485 231 10 12 0.039912183 
742 282 55 68 0.03986734 
222 246 10 13 0.03923582 
504 234 12 16 0.038450304 
593 199 8 11 0.038091745 
424 206 10 11 0.03790239 
544 199 9 12 0.037689753 
425 224 10 13 0.03652205 
131 385 16 25 0.035803255 
140 387 25 33 0.035780217 
467 253 11 14 0.035770543 
214 268 12 14 0.035409346 
170 300 17 22 0.03536334 
236 253 12 14 0.03489411 
679 255 17 22 0.03476094 
220 265 12 15 0.034370817 
127 293 10 14 0.03428575 
751 126 10 13 0.03428045 
161 388 17 24 0.03424653 
766 125 10 13 0.034227934 
505 223 10 13 0.03391795 
330 342 48 69 0.033561386 
481 229 9 12 0.033352885 
630 175 8 10 0.032656092 
960 209 30 44 0.03256842 
593 211 20 24 0.032517508 
663 257 19 21 0.032413445 
204 278 10 13 0.032412693 
423 211 11 14 0.032321684 
471 221 9 12 0.031863593 
726 102 13 15 0.031799942 
699 409 60 82 0.031681303 
430 214 9 11 0.031445783 
200 225 9 12 0.031418722 
963 271 33 51 0.03105335 
444 284 12 16 0.03084207 
420 381 70 97 0.030712295 
502 242 14 20 0.030497195 
593 212 12 15 0.030434784 
672 172 8 11 0.030112505 
724 280 45 59 0.030058201 
660 183 8 10 0.029402249 
338 246 16 19 0.029397044 
742 113 10 14 0.02908047 
687 176 9 11 0.028688854 
327 226 20 24 0.028625201 
693 496 106 137 0.028522236 
423 235 12 15 0.028459301 
407 207 8 9 0.028451558 
189 316 9 13 0.028400816 
108 261 16 19 0.028322536 
178 308 14 19 0.028298732 
771 104 15 17 0.028233923 
388 236 12 15 0.028127676 
139 410 45 55 0.028126867 
74 372 17 19 0.028027883 
264 245 13 16 0.027853576 
277 237 14 17 0.027705027 
52 436 28 34 0.027608944 
189 310 9 12 0.027282134 
446 228 12 14 0.02704539 
335 232 22 28 0.02694964 
255 390 38 49 0.026413996 
336 222 22 26 0.026260886 
521 211 13 16 0.025913892 
638 175 8 9 0.025842596 
447 236 13 16 0.025745615 
625 182 8 11 0.025720319 
592 206 9 11 0.0256368 
509 367 41 50 0.02560969 
856 429 28 34 0.025506042 
728 158 6 9 0.025260894 
392 257 12 15 0.025035542 
291 245 20 24 0.024839927 
349 215 10 12 0.02483504 
685 120 9 11 0.024727765 
348 242 14 18 0.02468251 
597 199 9 11 0.024578758 
955 226 32 44 0.024487307 
390 270 13 16 0.024332738 
560 325 16 21 0.023968115 
548 326 25 28 0.023961179 
623 189 9 12 0.023867961 
217 253 21 24 0.023828162 
194 235 15 19 0.023813915 
74 282 13 17 0.023674509 
597 207 10 13 0.023492573 
99 307 15 18 0.02330291 
647 198 8 10 0.023280993 
145 400 28 38 0.02324312 
157 351 21 27 0.023186414 
559 300 16 20 0.023107238 
459 238 11 14 0.022940569 
908 2 14 16 0.022786817 
724 281 26 40 0.02267667 
618 190 8 11 0.022653215 
324 251 13 18 0.022603437 
511 209 13 15 0.022504339 
403 241 18 22 0.02248009 
597 225 12 16 0.022357954 
334 261 13 17 0.022331795 
516 310 29 36 0.022280565 
569 169 8 11 0.022177672 
153 277 13 17 0.022059087 
368 228 12 15 0.021927552 
686 100 10 14 0.02192656 
299 236 15 18 0.021896308 
382 234 12 16 0.021872243 
103 298 15 18 0.021729924 
439 215 9 11 0.021719264 
593 189 9 10 0.02171761 
286 250 12 15 0.021646366 
557 199 8 10 0.021511147 
231 265 20 26 0.021465868 
760 131 9 11 0.02141936 
470 284 12 17 0.021275265 
843 443 15 20 0.021255316 
141 361 28 38 0.021166207 
593 183 9 11 0.021043628 
270 239 13 16 0.020926293 
217 253 11 14 0.020762471 
156 223 9 12 0.020693967 
671 204 12 13 0.020534202 
186 284 13 16 0.02036905 
77 306 16 19 0.02036807 
450 292 26 30 0.020327011 
617 198 9 10 0.020311259 
289 268 15 20 0.020281356 
241 232 9 12 0.020280333 
429 271 19 26 0.020251503 
428 244 10 14 0.020228779 
364 264 15 21 0.020224677 
325 242 14 19 0.020188846 
523 314 40 46 0.020104824 
655 199 8 10 0.020082295 
398 215 9 11 0.020045862 
