56_Voter_peoplevoting_56_370
47
210 572 128 152 0.99973387 
276 359 88 128 0.99835134 
390 280 36 45 0.99569964 
446 336 50 63 0.99013805 
75 609 38 50 0.49636355 
437 662 58 69 0.48601723 
755 367 60 73 0.44686326 
205 367 34 48 0.3711648 
503 242 34 37 0.14482315 
985 120 31 39 0.14130987 
990 149 26 34 0.10123447 
492 605 39 40 0.06071229 
485 844 31 28 0.059561774 
192 364 32 49 0.058907147 
47 584 77 97 0.058437344 
476 847 57 56 0.05781522 
538 619 18 22 0.054610454 
468 673 32 43 0.04606178 
46 243 30 39 0.045639917 
535 621 393 518 0.04411406 
524 273 24 30 0.043184526 
549 338 43 55 0.04265863 
188 343 74 102 0.042042412 
7 588 87 143 0.03950954 
645 702 35 33 0.037877914 
599 926 477 385 0.037523463 
351 460 420 439 0.037019253 
988 115 17 19 0.03648005 
-9 930 386 416 0.03402214 
630 197 12 19 0.033875305 
328 453 26 33 0.03302908 
1002 158 18 24 0.032244362 
265 636 370 449 0.032199718 
513 253 32 36 0.029442582 
954 168 17 20 0.02653901 
556 316 49 65 0.026225675 
398 768 215 265 0.024834974 
83 592 41 50 0.024785819 
515 606 44 46 0.024737392 
631 397 33 42 0.024562014 
450 667 87 104 0.023495829 
708 134 33 38 0.023184253 
245 1114 163 152 0.022842377 
995 110 13 16 0.022611953 
638 705 52 50 0.021817463 
441 482 98 121 0.021227013 
565 671 36 42 0.020506281 
