44_Aerobics_Aerobics_44_742
29
163 194 27 36 0.99936956 
775 256 27 36 0.9985714 
270 242 32 40 0.9981173 
461 134 37 50 0.9928946 
594 262 22 28 0.96673757 
702 241 29 34 0.9561416 
676 254 47 55 0.23237227 
706 228 24 30 0.15491182 
308 245 29 35 0.08161962 
570 242 15 18 0.073877685 
709 221 16 18 0.06410737 
700 234 20 23 0.040655684 
343 245 26 37 0.035358958 
37 199 10 13 0.0330268 
348 237 14 17 0.03263055 
369 243 19 24 0.03136507 
674 276 36 38 0.031246634 
341 225 16 21 0.026849408 
310 244 17 19 0.024456527 
343 216 19 20 0.023815185 
577 252 47 54 0.02341273 
312 256 50 66 0.023066537 
187 234 16 20 0.022831088 
235 287 42 53 0.022061009 
729 294 45 54 0.022005463 
342 241 17 20 0.021548111 
652 236 17 19 0.020988153 
722 255 16 20 0.020912929 
147 221 14 18 0.020566847 
