44_Aerobics_Aerobics_44_433
37
134 326 81 115 0.9987953 
657 266 79 109 0.9957908 
469 271 45 57 0.99567115 
168 200 24 41 0.99219716 
974 182 22 27 0.75571233 
720 226 26 33 0.27955857 
973 158 11 14 0.10265925 
590 228 25 32 0.098215215 
984 149 12 14 0.09687765 
243 157 11 14 0.08926348 
1000 157 11 14 0.08908272 
140 224 25 33 0.06783579 
148 213 28 39 0.06685399 
807 85 8 11 0.0639315 
798 108 15 21 0.060037125 
974 151 11 13 0.058629185 
1003 152 17 20 0.055280775 
982 154 12 15 0.048007123 
802 208 33 40 0.04796227 
919 111 11 16 0.040900245 
988 153 12 16 0.04026917 
-1 0 42 56 0.03973441 
583 236 42 53 0.037935268 
797 183 15 17 0.037707385 
142 227 14 20 0.036593676 
699 223 53 68 0.032053195 
803 104 21 27 0.027672445 
239 149 14 17 0.02687367 
1013 226 12 17 0.026401253 
664 95 10 13 0.026362274 
727 44 9 11 0.025608465 
982 150 21 25 0.022071717 
594 178 13 16 0.021979967 
684 237 65 92 0.021912016 
549 443 16 17 0.021627229 
695 38 12 15 0.020048527 
761 143 9 11 0.020005278 
