44_Aerobics_Aerobics_44_443
40
378 261 102 144 0.9999001 
242 830 54 54 0.46016446 
548 1131 106 129 0.43313363 
824 1019 209 325 0.33234835 
462 1150 42 58 0.32790238 
429 205 58 68 0.32483461 
4 202 38 51 0.14694479 
841 352 196 299 0.1468662 
32 500 33 46 0.09719529 
46 384 100 114 0.06330146 
34 277 117 123 0.057091568 
-19 279 192 267 0.05282178 
761 348 382 408 0.0508933 
747 981 145 199 0.04893812 
58 307 73 71 0.046980232 
407 219 90 112 0.046860814 
0 524 25 46 0.04041124 
928 881 72 70 0.038352933 
-9 181 70 111 0.036809444 
-57 844 423 490 0.035477452 
899 850 110 126 0.03355516 
-77 107 360 520 0.03297369 
39 543 50 59 0.032370053 
4 506 40 59 0.031753894 
842 756 179 284 0.030117674 
101 543 46 57 0.027799204 
25 207 33 37 0.027530821 
13 445 56 67 0.026436318 
782 593 43 39 0.026020823 
23 514 49 61 0.02514961 
-1 457 22 35 0.024925295 
5 445 90 116 0.024111416 
17 194 48 67 0.023200877 
584 1143 63 85 0.023048634 
20 483 31 41 0.022158114 
10 259 51 63 0.02188502 
42 209 26 30 0.021756902 
0 516 9 15 0.021674026 
675 809 320 439 0.021464886 
520 1117 38 42 0.020419195 
