44_Aerobics_Aerobics_44_936
19
538 435 63 75 0.9993026 
438 415 68 81 0.9989384 
389 825 72 97 0.99692446 
283 519 77 97 0.99290764 
538 831 77 103 0.9865414 
729 409 75 93 0.9675326 
114 505 13 17 0.055292055 
151 452 14 19 0.04222534 
126 560 43 60 0.03715894 
194 528 47 72 0.034118537 
229 482 53 77 0.033547834 
107 491 37 51 0.031685196 
343 848 49 74 0.030900415 
698 885 346 527 0.02819512 
156 455 15 23 0.025703179 
108 508 23 32 0.025269985 
217 512 53 73 0.024487337 
547 1059 15 16 0.023972351 
253 505 58 80 0.022824211 
