44_Aerobics_Aerobics_44_629
22
349 258 57 70 0.99906224 
552 259 52 67 0.99875176 
828 245 47 61 0.99654156 
712 282 53 68 0.9964037 
323 94 39 53 0.986782 
265 75 17 19 0.13909312 
94 661 37 43 0.08641244 
764 298 34 51 0.06566444 
664 316 36 55 0.06139186 
825 627 56 70 0.05250177 
797 605 60 69 0.036205027 
282 83 13 17 0.034477364 
269 78 22 26 0.032157674 
658 643 15 18 0.03061028 
413 108 25 34 0.030305749 
669 624 17 19 0.028702173 
656 644 27 35 0.027631776 
790 578 103 123 0.026623933 
792 609 39 49 0.023741527 
119 154 369 449 0.02307535 
733 622 24 31 0.021387612 
741 282 44 61 0.020535816 
