44_Aerobics_Aerobics_44_167
60
894 486 134 187 0.999617 
885 322 57 79 0.99816006 
682 268 23 29 0.99806076 
272 309 69 94 0.9975701 
611 307 26 32 0.994618 
374 281 32 44 0.9946162 
844 232 18 23 0.9914552 
958 261 14 18 0.991256 
176 278 24 29 0.98623174 
791 274 36 48 0.9861718 
926 244 21 29 0.98433083 
724 261 19 23 0.9520082 
748 245 14 18 0.928194 
573 245 17 20 0.9025252 
1004 266 17 22 0.89673567 
768 270 23 35 0.85355246 
875 259 16 19 0.684812 
376 264 19 23 0.67416465 
907 279 17 19 0.3101548 
373 269 26 35 0.27052385 
903 282 26 30 0.17873442 
993 220 9 11 0.16337797 
828 257 15 20 0.13287672 
595 105 24 29 0.115502745 
720 126 28 33 0.09819127 
703 130 26 32 0.093913354 
990 261 12 17 0.07596679 
979 235 12 15 0.07533741 
1010 261 13 21 0.06882453 
869 268 23 30 0.056314897 
953 285 16 22 0.055742096 
984 316 31 42 0.055146743 
1012 300 12 17 0.050906263 
752 274 27 36 0.050734267 
528 351 9 12 0.049463503 
189 373 30 34 0.04825791 
820 263 21 29 0.04717496 
868 282 15 20 0.046681255 
568 343 11 13 0.04645714 
206 296 17 21 0.042668834 
616 411 29 30 0.042558573 
997 262 15 20 0.036158245 
601 177 29 36 0.035075586 
571 352 15 17 0.03481332 
893 294 33 36 0.030142497 
555 111 26 33 0.028823406 
743 278 23 32 0.026660476 
1000 618 25 41 0.025284473 
886 286 28 31 0.025197973 
964 269 14 20 0.025024543 
913 293 18 23 0.024901297 
563 345 24 28 0.024733849 
769 268 15 21 0.024389574 
736 251 21 26 0.022875981 
603 111 25 32 0.022086104 
628 135 17 21 0.020992074 
692 143 28 34 0.020847503 
890 289 16 20 0.02056816 
803 269 26 35 0.02029159 
984 261 12 15 0.020159086 
