44_Aerobics_Aerobics_44_246
90
273 606 58 74 0.9994791 
660 641 59 70 0.99934965 
776 641 57 74 0.9991954 
792 1027 35 43 0.9974451 
242 1180 22 29 0.9827586 
544 174 41 51 0.90483874 
10 1203 13 17 0.7741887 
102 1204 14 19 0.7535952 
881 150 10 13 0.5810563 
380 195 12 16 0.44005412 
484 1151 34 58 0.34888425 
635 199 14 17 0.34382808 
677 177 18 22 0.3078214 
317 1219 12 15 0.29500785 
765 148 15 20 0.276867 
323 212 15 19 0.2739595 
340 221 15 20 0.23073179 
185 1211 11 15 0.21375656 
930 224 25 30 0.1760701 
332 219 17 20 0.15600958 
830 154 12 16 0.13955824 
109 65 66 89 0.13722897 
171 1199 13 17 0.12530354 
77 36 35 47 0.12420963 
78 1211 9 13 0.1137008 
402 1207 10 14 0.10567754 
188 1218 12 15 0.09474443 
87 1211 11 14 0.07268975 
313 154 12 15 0.07013638 
386 196 12 15 0.065634474 
691 187 13 18 0.06249438 
94 1208 14 18 0.062454246 
51 1 30 29 0.058450278 
307 1190 14 16 0.053352654 
867 235 13 18 0.048417024 
74 1207 9 13 0.048077513 
184 7 122 117 0.043157786 
51 18 51 60 0.040566448 
773 1386 115 117 0.040477 
418 1163 40 53 0.04035205 
806 195 14 17 0.039837673 
332 167 28 37 0.03951715 
774 164 14 20 0.03936595 
388 201 13 17 0.038042527 
155 680 34 47 0.037897747 
92 26 195 252 0.03303082 
341 201 13 17 0.032634046 
314 1216 11 13 0.032566946 
12 1215 13 15 0.032368828 
813 198 10 14 0.032264136 
405 212 14 18 0.031819742 
825 156 12 16 0.03178675 
405 172 30 37 0.03137296 
246 1178 14 19 0.031042304 
17 1270 9 11 0.030565253 
96 42 56 66 0.029574906 
275 1209 15 20 0.02828274 
41 1 51 52 0.027725378 
339 210 15 20 0.02742638 
450 1152 23 40 0.027254015 
683 188 17 22 0.02671933 
93 1229 10 13 0.02625195 
276 252 27 27 0.025911836 
172 1208 15 19 0.025481317 
465 1159 42 57 0.025415123 
84 64 116 152 0.024517007 
58 41 34 45 0.02439031 
436 1159 32 42 0.024381133 
803 188 14 18 0.024340853 
333 1198 16 21 0.02414839 
395 217 23 33 0.024117485 
381 1191 22 31 0.024003312 
220 1190 15 21 0.023855573 
304 166 10 13 0.023295857 
771 169 22 31 0.023044864 
93 1220 12 15 0.022803184 
113 0 19 18 0.022685057 
36 1238 11 15 0.022612661 
1 225 42 65 0.021897316 
395 203 12 18 0.02163011 
670 181 17 23 0.021546986 
61 1214 10 14 0.02151158 
377 200 12 18 0.021282779 
43 15 86 96 0.02127295 
765 154 21 29 0.021052018 
958 747 22 33 0.021003293 
63 1251 13 15 0.020575013 
100 33 18 22 0.020483876 
7 1215 11 15 0.020369876 
87 26 29 40 0.020241557 
