44_Aerobics_Aerobics_44_96
27
964 333 38 48 0.9657289 
515 348 18 22 0.9633572 
608 311 34 38 0.7605471 
167 102 46 77 0.40149534 
186 135 24 35 0.19152689 
385 381 108 122 0.15876377 
611 320 20 24 0.116239205 
453 376 26 35 0.09951056 
439 437 52 58 0.07491601 
405 379 64 70 0.060926467 
432 367 51 57 0.053858172 
355 456 15 20 0.04969561 
497 342 43 54 0.043446977 
417 377 31 34 0.041509315 
499 316 47 56 0.03558933 
499 370 12 17 0.033773318 
463 358 51 58 0.03163674 
891 399 25 41 0.028716002 
414 418 66 72 0.027555633 
520 312 31 34 0.02744922 
461 381 32 40 0.025091298 
532 328 13 17 0.023625305 
939 320 34 40 0.023372095 
945 328 40 52 0.021909146 
878 192 23 31 0.02139498 
553 304 40 52 0.021143699 
534 323 30 38 0.020929663 
