44_Aerobics_Aerobics_44_585
43
820 209 35 47 0.9958372 
530 185 28 39 0.98101693 
180 206 27 39 0.97511315 
594 171 24 32 0.80027676 
309 151 27 32 0.6452723 
283 193 36 54 0.53134763 
243 142 29 34 0.19625343 
295 154 25 31 0.10580298 
84 395 204 296 0.100181244 
344 163 23 32 0.095506676 
285 156 22 30 0.090306595 
525 195 37 51 0.07295248 
251 150 29 42 0.050455235 
929 224 28 33 0.049697388 
323 153 29 34 0.04917079 
124 166 21 27 0.041970484 
693 239 15 18 0.038321897 
339 152 22 32 0.03753701 
342 148 16 20 0.037307702 
238 235 40 53 0.036038592 
170 197 14 20 0.03528199 
102 168 11 13 0.032532968 
330 155 39 48 0.031361245 
270 216 35 48 0.0309761 
285 185 26 39 0.029753415 
626 185 28 37 0.029728854 
271 152 28 39 0.028896974 
243 229 26 33 0.028435098 
393 362 237 332 0.028298525 
183 181 13 16 0.028017528 
315 177 29 33 0.027070973 
589 175 19 24 0.025879167 
188 179 15 19 0.0257985 
292 168 46 62 0.025310893 
253 211 30 36 0.024465991 
171 199 24 35 0.024039684 
421 180 35 53 0.022744482 
664 136 45 60 0.022661092 
42 268 12 15 0.022100229 
264 204 31 42 0.021761931 
285 167 27 36 0.021714592 
269 242 28 39 0.021610098 
269 177 39 55 0.020935133 
