44_Aerobics_Aerobics_44_216
64
727 64 24 35 0.9871895 
150 382 22 32 0.8845601 
794 79 15 19 0.87714124 
338 252 29 37 0.81368476 
588 138 31 34 0.65273607 
235 392 13 16 0.6072386 
201 378 21 31 0.2594199 
581 135 24 34 0.25422674 
81 474 15 19 0.16143695 
753 16 101 90 0.12410893 
161 392 22 28 0.11114006 
836 18 17 21 0.10583528 
734 75 29 35 0.092771694 
827 21 27 38 0.091484375 
575 13 431 517 0.089506894 
165 398 26 30 0.0798198 
767 61 10 14 0.07683473 
388 208 474 447 0.06930079 
212 380 22 29 0.06674101 
227 411 12 17 0.060794443 
75 465 23 33 0.057717998 
325 340 14 14 0.056593765 
772 37 58 62 0.056366287 
717 54 43 54 0.055468433 
355 220 29 41 0.047552567 
333 239 25 43 0.047392398 
315 363 12 15 0.047335245 
727 60 15 24 0.04697449 
179 432 43 53 0.045999173 
232 396 23 30 0.043420855 
796 43 44 45 0.042480353 
345 243 42 43 0.03706475 
411 187 18 24 0.036706567 
759 64 23 30 0.03538445 
263 145 395 468 0.035316832 
566 165 22 31 0.031580497 
8 253 351 434 0.03155842 
218 392 15 20 0.029846113 
364 221 44 49 0.029672006 
0 337 19 28 0.028518746 
242 409 17 22 0.027435081 
792 65 26 29 0.027332831 
2 373 31 39 0.027073743 
365 242 45 47 0.026681133 
221 405 22 28 0.02652052 
195 367 23 33 0.026439495 
678 131 15 20 0.026276609 
256 358 30 34 0.02627189 
58 450 43 53 0.025713833 
241 394 12 16 0.02556238 
13 337 31 36 0.023726411 
373 204 33 38 0.023675423 
576 147 29 36 0.023341354 
400 192 29 33 0.023265427 
192 380 21 29 0.023009937 
177 427 27 37 0.022995172 
38 456 55 68 0.022922698 
170 410 28 35 0.022094663 
650 123 15 20 0.021664029 
196 363 17 22 0.021327708 
204 497 218 238 0.021150636 
323 332 25 29 0.020851558 
827 42 191 255 0.020529887 
235 415 17 21 0.020049723 
