44_Aerobics_Aerobics_44_127
36
782 253 39 54 0.9023462 
92 271 32 52 0.0526214 
249 296 14 18 0.052567154 
236 370 14 19 0.052178264 
1006 366 12 17 0.041106872 
645 393 32 31 0.0399829 
665 210 17 20 0.036955744 
701 428 37 36 0.03430429 
1002 370 10 13 0.033913005 
662 387 33 31 0.033866394 
718 244 31 40 0.032860056 
492 308 14 18 0.03278482 
540 305 15 19 0.03267141 
708 209 25 28 0.031331364 
667 218 18 20 0.031218098 
953 49 52 61 0.031081984 
279 316 10 14 0.030328933 
246 331 14 20 0.03006869 
681 181 23 31 0.029990487 
291 314 14 17 0.027506817 
533 307 12 18 0.0264451 
762 195 26 35 0.025521174 
612 293 24 32 0.02387171 
499 307 14 18 0.023870379 
645 392 18 22 0.023619669 
798 245 49 68 0.022818571 
477 383 32 36 0.022568356 
716 267 15 18 0.0224012 
141 169 11 15 0.021549257 
478 317 9 13 0.021443084 
318 310 11 15 0.021415228 
669 183 42 53 0.021366956 
615 293 12 16 0.020546652 
942 366 10 10 0.020349966 
223 230 11 15 0.020184021 
279 310 11 14 0.02007728 
