44_Aerobics_Aerobics_44_3
42
570 132 26 38 0.8341608 
706 153 23 34 0.4960326 
396 170 22 34 0.38310218 
164 167 30 36 0.3783931 
409 169 21 28 0.18572545 
576 99 13 19 0.14470865 
325 189 27 39 0.09975438 
803 130 30 38 0.09773093 
418 165 15 20 0.08094589 
436 128 10 13 0.072451785 
583 140 28 30 0.066716984 
467 180 14 21 0.0638838 
727 154 27 34 0.05955503 
676 78 37 51 0.050005592 
382 169 29 44 0.03926213 
332 198 16 23 0.03919052 
325 184 13 18 0.038326964 
317 179 25 36 0.035580344 
327 296 28 36 0.035567828 
554 135 35 46 0.032728635 
593 144 26 32 0.030633952 
740 159 23 34 0.029006056 
485 187 20 27 0.028249614 
330 187 13 19 0.027034964 
457 168 22 33 0.026830258 
469 183 21 28 0.026689371 
454 139 12 18 0.026634045 
622 150 11 15 0.026437776 
691 152 31 39 0.025829833 
213 174 18 33 0.025760321 
475 178 15 19 0.024837092 
573 142 45 61 0.02410379 
611 288 463 403 0.024034431 
390 184 11 18 0.0233952 
686 274 44 44 0.023156693 
323 163 11 14 0.023021184 
153 164 27 37 0.02270546 
309 186 24 37 0.02225059 
744 155 18 23 0.021338506 
784 124 43 48 0.021130687 
760 369 28 39 0.021053202 
327 126 11 14 0.020218106 
