44_Aerobics_Aerobics_44_329
39
325 71 16 21 0.90149826 
685 326 16 23 0.71011364 
946 257 15 23 0.35967824 
873 294 15 20 0.26849177 
68 36 124 178 0.1277439 
839 275 12 15 0.1053516 
516 286 18 22 0.10051073 
678 251 12 18 0.08934276 
502 503 34 35 0.07871964 
505 480 37 47 0.06911517 
83 406 28 31 0.064112686 
805 336 15 22 0.059637185 
821 262 10 15 0.059216067 
811 338 51 62 0.05212528 
951 263 18 22 0.05203193 
876 355 17 20 0.041030798 
332 320 18 22 0.03969266 
807 325 22 30 0.03647826 
365 101 11 13 0.031306665 
505 288 39 60 0.03075756 
513 290 24 34 0.030568885 
160 363 11 15 0.030415017 
800 331 12 20 0.0303009 
795 319 81 105 0.028181847 
83 369 27 32 0.028037222 
85 383 26 30 0.028004304 
189 393 13 16 0.026240304 
809 343 17 20 0.026104048 
374 103 9 12 0.025436569 
689 328 22 26 0.024335919 
818 328 16 19 0.02250643 
318 337 14 20 0.022471366 
83 393 43 52 0.021765307 
510 287 15 22 0.021438826 
83 403 16 19 0.021044292 
518 279 13 18 0.021022912 
98 402 14 19 0.021018246 
288 151 10 13 0.020776669 
814 348 32 39 0.020520417 
