44_Aerobics_Aerobics_44_194
156
460 138 12 15 0.8492479 
732 84 14 16 0.3878894 
603 184 405 408 0.3770554 
643 154 15 21 0.32539335 
584 136 17 21 0.31774068 
846 195 15 18 0.29144895 
695 93 10 13 0.27111077 
672 160 10 12 0.17047518 
641 97 13 18 0.1551639 
705 179 16 20 0.13734488 
580 143 17 21 0.13346002 
703 78 14 17 0.13100068 
670 82 15 17 0.12552157 
530 155 23 27 0.122701876 
192 267 38 37 0.12108827 
776 156 12 16 0.11610655 
696 159 12 14 0.114068694 
668 190 20 21 0.10874088 
604 136 13 17 0.10598447 
793 83 12 15 0.10412051 
943 144 10 12 0.10224169 
578 326 31 31 0.09737384 
637 148 16 19 0.0892521 
753 79 9 11 0.08358 
398 158 12 15 0.08108933 
797 149 10 14 0.07952407 
573 149 15 18 0.073571645 
765 52 10 13 0.07174913 
571 244 17 19 0.06794922 
801 143 9 11 0.06637309 
677 142 12 15 0.060461108 
760 62 10 12 0.060337264 
464 139 14 19 0.058562446 
368 239 502 433 0.057715625 
421 155 13 18 0.05504399 
676 161 12 15 0.05306993 
760 148 11 13 0.052251257 
430 315 12 14 0.051163882 
806 150 10 13 0.05050762 
179 257 35 46 0.05021026 
658 250 17 21 0.048722368 
440 214 15 17 0.048572257 
594 136 16 19 0.04715288 
868 193 30 30 0.046940655 
698 89 14 17 0.046860557 
405 156 11 14 0.04594779 
415 156 11 14 0.045788914 
710 89 12 15 0.04542593 
691 237 18 23 0.045197997 
716 92 12 15 0.0433185 
667 170 13 17 0.042687237 
388 109 11 14 0.041795447 
780 151 11 13 0.04174357 
621 176 14 17 0.04141688 
650 218 16 20 0.04111084 
460 152 17 21 0.040915072 
763 143 10 13 0.038449317 
464 148 23 29 0.038262237 
640 124 12 14 0.037910927 
749 55 10 12 0.03732822 
630 148 14 17 0.036417205 
636 140 16 16 0.03624315 
577 381 38 41 0.035977054 
474 146 16 20 0.035872202 
791 153 12 15 0.035827063 
587 260 15 17 0.035505474 
626 178 15 17 0.03477402 
420 131 12 15 0.034456242 
763 59 12 14 0.03397201 
700 137 12 16 0.03347117 
759 68 12 14 0.03293916 
699 98 11 14 0.032679264 
791 144 10 12 0.03194584 
581 177 14 17 0.031665422 
575 306 13 17 0.031258695 
808 154 10 13 0.030661952 
448 154 12 16 0.030324828 
613 148 12 15 0.030285243 
773 79 10 12 0.030130392 
588 173 15 18 0.03007198 
633 155 25 32 0.03000443 
728 80 11 14 0.029834686 
756 77 12 13 0.0286409 
453 153 15 19 0.028484896 
625 266 26 29 0.028379284 
726 87 14 18 0.028312592 
766 225 18 20 0.028273014 
756 84 10 13 0.028260859 
743 175 20 21 0.028075635 
694 143 22 27 0.028021587 
759 154 14 17 0.027771577 
367 131 22 28 0.02761962 
447 141 11 15 0.027411668 
224 289 33 36 0.027228106 
769 219 16 17 0.027117709 
637 168 15 21 0.026988331 
482 155 12 16 0.02694718 
737 235 16 18 0.026783086 
780 296 164 129 0.02675685 
773 171 14 15 0.026412435 
671 138 14 18 0.026395896 
661 176 25 29 0.026299058 
600 236 26 29 0.026249265 
762 47 10 12 0.026246257 
765 77 13 15 0.026245909 
614 173 14 18 0.026195548 
686 163 12 14 0.026138183 
661 157 12 15 0.026028505 
736 173 12 15 0.025919937 
638 136 23 27 0.02590145 
814 158 10 12 0.025759207 
831 198 12 15 0.025609959 
567 149 12 17 0.02555748 
789 122 14 17 0.025493847 
848 181 10 13 0.025317717 
368 161 13 17 0.024974497 
598 126 12 15 0.024800126 
667 179 14 17 0.024663236 
855 189 23 27 0.02449364 
0 130 10 18 0.024064241 
788 178 15 17 0.023849022 
549 242 15 20 0.02382758 
368 108 10 14 0.023766825 
510 231 14 17 0.02367419 
696 133 12 15 0.023630386 
686 409 26 38 0.023500877 
667 160 20 25 0.023326587 
864 149 11 14 0.022782383 
647 160 25 28 0.022636902 
663 164 12 16 0.022312585 
440 351 49 45 0.022267189 
654 213 24 28 0.022152444 
824 181 12 14 0.022024808 
638 130 15 18 0.022014959 
622 149 13 16 0.021949155 
610 138 11 16 0.021819975 
870 190 16 19 0.02180666 
812 151 10 14 0.021799859 
652 244 19 22 0.021404315 
690 91 10 14 0.021397145 
694 181 12 16 0.021391485 
582 331 18 20 0.021385217 
691 156 22 25 0.021379212 
703 82 20 25 0.021360474 
936 147 10 13 0.021225536 
804 169 12 15 0.021203548 
716 183 15 18 0.02117115 
798 166 13 14 0.021058029 
503 309 12 14 0.020884488 
630 141 13 16 0.020642437 
852 175 10 12 0.02043964 
569 257 16 17 0.020288568 
508 185 26 33 0.02017699 
687 84 10 15 0.020154724 
783 143 9 11 0.020106765 
653 228 25 33 0.020071827 
