44_Aerobics_Aerobics_44_809
28
177 250 32 42 0.9990067 
490 209 37 43 0.99253666 
831 193 35 41 0.80106723 
157 213 183 246 0.3028694 
27 337 27 31 0.14748324 
486 172 170 273 0.083209224 
143 317 28 35 0.068364054 
868 522 12 14 0.06376731 
807 176 162 267 0.048659198 
29 235 28 32 0.048200674 
64 691 9 12 0.045753386 
786 552 15 18 0.039924253 
807 194 53 61 0.031237574 
21 340 41 48 0.030223181 
999 639 9 10 0.029527755 
856 621 9 12 0.029122412 
840 617 9 12 0.026755743 
515 174 108 153 0.023576638 
541 270 13 15 0.023419596 
199 263 116 153 0.02289153 
847 617 10 12 0.02276346 
876 516 12 14 0.022557018 
0 173 33 54 0.022417722 
905 640 8 11 0.0217102 
829 210 39 41 0.021675114 
180 353 16 18 0.021464096 
138 695 8 9 0.020999582 
519 212 25 33 0.02090297 
