44_Aerobics_Aerobics_44_339
28
133 40 59 75 0.9997911 
514 138 32 43 0.9997626 
811 50 49 68 0.99933606 
363 138 42 52 0.9948455 
665 167 25 34 0.9926248 
255 162 26 35 0.9548018 
11 205 16 21 0.21321245 
205 145 52 63 0.095570676 
238 153 44 59 0.05236667 
456 251 18 22 0.052340537 
614 193 24 34 0.05229539 
712 300 26 28 0.048878558 
396 169 23 31 0.04029216 
67 203 14 18 0.039954647 
3 195 24 37 0.03227484 
601 186 29 37 0.026143147 
715 225 29 37 0.026114246 
679 211 47 58 0.025922801 
714 311 16 19 0.025255758 
699 227 27 38 0.025028417 
59 194 45 53 0.023501573 
700 246 18 23 0.023074562 
214 133 76 104 0.022135077 
567 204 24 28 0.021703139 
208 177 50 72 0.021508077 
946 374 13 17 0.021356162 
893 156 31 38 0.021002622 
262 160 14 18 0.02008176 
